,datetime,open,high,low,close,volume,oi,vwap,best_bid,best_offer
0,2021-06-01 09:15:00,-1.0,-1.0,-1.0,-1.0,-1,-1,-1.0,-1.0,-1.0
1,2021-06-01 09:16:00,-1.0,-1.0,-1.0,-1.0,-1,-1,-1.0,-1.0,-1.0
2,2021-06-01 09:17:00,-1.0,-1.0,-1.0,-1.0,-1,-1,-1.0,-1.0,-1.0
3,2021-06-01 09:18:00,-1.0,-1.0,-1.0,-1.0,-1,-1,-1.0,-1.0,-1.0
4,2021-06-01 09:19:00,-1.0,-1.0,-1.0,-1.0,-1,-1,-1.0,-1.0,-1.0
5,2021-06-01 09:20:00,-1.0,-1.0,-1.0,-1.0,-1,-1,-1.0,-1.0,-1.0
6,2021-06-01 09:21:00,-1.0,-1.0,-1.0,-1.0,-1,-1,-1.0,-1.0,-1.0
7,2021-06-01 09:22:00,-1.0,-1.0,-1.0,-1.0,-1,-1,-1.0,-1.0,-1.0
8,2021-06-01 09:23:00,-1.0,-1.0,-1.0,-1.0,-1,-1,-1.0,-1.0,-1.0
9,2021-06-01 09:24:00,-1.0,-1.0,-1.0,-1.0,-1,-1,-1.0,-1.0,-1.0
10,2021-06-01 09:25:00,-1.0,-1.0,-1.0,-1.0,-1,-1,-1.0,-1.0,-1.0
11,2021-06-01 09:26:00,-1.0,-1.0,-1.0,-1.0,-1,-1,-1.0,-1.0,-1.0
12,2021-06-01 09:27:00,-1.0,-1.0,-1.0,-1.0,-1,-1,-1.0,-1.0,-1.0
13,2021-06-01 09:28:00,-1.0,-1.0,-1.0,-1.0,-1,-1,-1.0,-1.0,-1.0
14,2021-06-01 09:29:00,-1.0,-1.0,-1.0,-1.0,-1,-1,-1.0,-1.0,-1.0
15,2021-06-01 09:30:00,-1.0,-1.0,-1.0,-1.0,-1,-1,-1.0,-1.0,-1.0
16,2021-06-01 09:31:00,-1.0,-1.0,-1.0,-1.0,-1,-1,-1.0,-1.0,-1.0
17,2021-06-01 09:32:00,-1.0,-1.0,-1.0,-1.0,-1,-1,-1.0,-1.0,-1.0
18,2021-06-01 09:33:00,-1.0,-1.0,-1.0,-1.0,-1,-1,-1.0,-1.0,-1.0
19,2021-06-01 09:34:00,-1.0,-1.0,-1.0,-1.0,-1,-1,-1.0,-1.0,-1.0
20,2021-06-01 09:35:00,-1.0,-1.0,-1.0,-1.0,-1,-1,-1.0,-1.0,-1.0
21,2021-06-01 09:36:00,90.1,90.1,90.1,90.1,50,0,90.1,90.1,112.0
22,2021-06-01 09:37:00,90.1,90.1,90.1,90.1,50,0,90.1,90.1,112.0
23,2021-06-01 09:38:00,90.1,90.1,90.1,90.1,50,0,90.1,90.1,112.0
24,2021-06-01 09:39:00,90.1,90.1,90.1,90.1,50,0,90.1,90.1,112.0
25,2021-06-01 09:40:00,90.1,90.1,90.1,90.1,50,0,90.1,90.1,112.0
26,2021-06-01 09:41:00,90.1,90.1,90.1,90.1,50,0,90.1,90.1,112.0
27,2021-06-01 09:42:00,90.1,90.1,90.1,90.1,50,0,90.1,90.1,112.0
28,2021-06-01 09:43:00,90.1,90.1,90.1,90.1,50,0,90.1,90.1,112.0
29,2021-06-01 09:44:00,90.1,90.1,90.1,90.1,50,0,90.1,90.1,112.0
30,2021-06-01 09:45:00,90.1,90.1,90.1,90.1,50,0,90.1,90.1,112.0
31,2021-06-01 09:46:00,90.1,90.1,90.1,90.1,50,0,90.1,90.1,112.0
32,2021-06-01 09:47:00,90.1,90.1,90.1,90.1,50,0,90.1,90.1,112.0
33,2021-06-01 09:48:00,90.1,90.1,90.1,90.1,50,0,90.1,90.1,112.0
34,2021-06-01 09:49:00,90.1,90.1,90.1,90.1,50,0,90.1,90.1,112.0
35,2021-06-01 09:50:00,90.1,90.1,90.1,90.1,50,0,90.1,90.1,112.0
36,2021-06-01 09:51:00,112.0,112.0,112.0,112.0,25,0,97.4,90.2,119.8
37,2021-06-01 09:52:00,112.0,112.0,112.0,112.0,25,0,97.4,90.2,119.8
38,2021-06-01 09:53:00,112.0,112.0,112.0,112.0,25,0,97.4,90.2,119.8
39,2021-06-01 09:54:00,112.0,112.0,112.0,112.0,25,0,97.4,90.2,119.8
40,2021-06-01 09:55:00,112.0,112.0,112.0,112.0,25,0,97.4,90.2,119.8
41,2021-06-01 09:56:00,112.0,112.0,112.0,112.0,25,0,97.4,90.2,119.8
42,2021-06-01 09:57:00,112.0,112.0,112.0,112.0,25,0,97.4,90.2,119.8
43,2021-06-01 09:58:00,112.0,112.0,112.0,112.0,25,0,97.4,90.2,119.8
44,2021-06-01 09:59:00,112.0,112.0,112.0,112.0,25,0,97.4,90.2,119.8
45,2021-06-01 10:00:00,112.0,112.0,112.0,112.0,25,0,97.4,90.2,119.8
46,2021-06-01 10:01:00,112.0,112.0,112.0,112.0,25,0,97.4,90.2,119.8
47,2021-06-01 10:02:00,112.0,112.0,112.0,112.0,25,0,97.4,90.2,119.8
48,2021-06-01 10:03:00,112.0,112.0,112.0,112.0,25,0,97.4,90.2,119.8
49,2021-06-01 10:04:00,112.0,112.0,112.0,112.0,25,0,97.4,90.2,119.8
50,2021-06-01 10:05:00,112.0,112.0,112.0,112.0,25,0,97.4,90.2,119.8
51,2021-06-01 10:06:00,112.0,112.0,112.0,112.0,25,0,97.4,90.2,119.8
52,2021-06-01 10:07:00,135.05,135.05,135.05,135.05,100,0,117.5,97.4,130.6
53,2021-06-01 10:08:00,135.05,135.05,135.05,135.05,100,0,117.5,97.4,130.6
54,2021-06-01 10:09:00,135.05,135.05,135.05,135.05,100,0,117.5,97.4,130.6
55,2021-06-01 10:10:00,135.05,135.05,135.05,135.05,100,0,117.5,97.4,130.6
56,2021-06-01 10:11:00,135.05,135.05,135.05,135.05,100,0,117.5,97.4,130.6
57,2021-06-01 10:12:00,135.05,135.05,135.05,135.05,100,0,117.5,97.4,130.6
58,2021-06-01 10:13:00,135.05,135.05,135.05,135.05,100,0,117.5,97.4,130.6
59,2021-06-01 10:14:00,135.05,135.05,135.05,135.05,100,0,117.5,97.4,130.6
60,2021-06-01 10:15:00,135.05,135.05,135.05,135.05,100,0,117.5,97.4,130.6
61,2021-06-01 10:16:00,135.05,135.05,135.05,135.05,100,0,117.5,97.4,130.6
62,2021-06-01 10:17:00,135.05,135.05,135.05,135.05,100,0,117.5,97.4,130.6
63,2021-06-01 10:18:00,135.05,135.05,135.05,135.05,100,0,117.5,97.4,130.6
64,2021-06-01 10:19:00,135.05,135.05,135.05,135.05,100,0,117.5,97.4,130.6
65,2021-06-01 10:20:00,137.0,137.0,137.0,137.0,25,175,119.93,125.25,149.95
66,2021-06-01 10:21:00,137.0,137.0,137.0,137.0,25,175,119.93,125.25,149.95
67,2021-06-01 10:22:00,137.0,137.0,137.0,137.0,25,175,119.93,125.25,149.95
68,2021-06-01 10:23:00,137.0,137.0,137.0,137.0,25,175,119.93,125.25,149.95
69,2021-06-01 10:24:00,137.0,137.0,137.0,137.0,25,175,119.93,125.25,149.95
70,2021-06-01 10:25:00,137.0,137.0,137.0,137.0,25,175,119.93,125.25,149.95
71,2021-06-01 10:26:00,137.0,137.0,137.0,137.0,25,175,119.93,125.25,149.95
72,2021-06-01 10:27:00,137.0,137.0,137.0,137.0,25,175,119.93,125.25,149.95
73,2021-06-01 10:28:00,137.0,137.0,137.0,137.0,25,175,119.93,125.25,149.95
74,2021-06-01 10:29:00,137.0,137.0,137.0,137.0,25,175,119.93,125.25,149.95
75,2021-06-01 10:30:00,137.0,137.0,137.0,137.0,25,175,119.93,125.25,149.95
76,2021-06-01 10:31:00,137.0,137.0,137.0,137.0,25,175,119.93,125.25,149.95
77,2021-06-01 10:32:00,137.0,137.0,137.0,137.0,25,175,119.93,125.25,149.95
78,2021-06-01 10:33:00,137.0,137.0,137.0,137.0,25,175,119.93,125.25,149.95
79,2021-06-01 10:34:00,137.0,137.0,137.0,137.0,25,175,119.93,125.25,149.95
80,2021-06-01 10:35:00,137.0,137.0,137.0,137.0,25,175,119.93,125.25,149.95
81,2021-06-01 10:36:00,137.0,137.0,137.0,137.0,25,175,119.93,125.25,149.95
82,2021-06-01 10:37:00,137.0,137.0,137.0,137.0,25,175,119.93,125.25,149.95
83,2021-06-01 10:38:00,137.0,137.0,137.0,137.0,25,175,119.93,125.25,149.95
84,2021-06-01 10:39:00,137.0,137.0,137.0,137.0,25,175,119.93,125.25,149.95
85,2021-06-01 10:40:00,137.0,137.0,137.0,137.0,25,175,119.93,125.25,149.95
86,2021-06-01 10:41:00,137.0,137.0,137.0,137.0,25,175,119.93,125.25,149.95
87,2021-06-01 10:42:00,137.0,137.0,137.0,137.0,25,175,119.93,125.25,149.95
88,2021-06-01 10:43:00,137.0,137.0,137.0,137.0,25,175,119.93,125.25,149.95
89,2021-06-01 10:44:00,137.0,137.0,137.0,137.0,25,175,119.93,125.25,149.95
90,2021-06-01 10:45:00,137.0,137.0,137.0,137.0,25,175,119.93,125.25,149.95
91,2021-06-01 10:46:00,137.0,137.0,137.0,137.0,25,175,119.93,125.25,149.95
92,2021-06-01 10:47:00,137.0,137.0,137.0,137.0,25,175,119.93,125.25,149.95
93,2021-06-01 10:48:00,137.0,137.0,137.0,137.0,25,175,119.93,125.25,149.95
94,2021-06-01 10:49:00,137.0,137.0,137.0,137.0,25,175,119.93,125.25,149.95
95,2021-06-01 10:50:00,137.0,137.0,137.0,137.0,25,175,119.93,125.25,149.95
96,2021-06-01 10:51:00,137.0,137.0,137.0,137.0,25,175,119.93,125.25,149.95
97,2021-06-01 10:52:00,137.0,137.0,137.0,137.0,25,175,119.93,125.25,149.95
98,2021-06-01 10:53:00,137.0,137.0,137.0,137.0,25,175,119.93,125.25,149.95
99,2021-06-01 10:54:00,137.0,137.0,137.0,137.0,25,175,119.93,125.25,149.95
100,2021-06-01 10:55:00,137.0,137.0,137.0,137.0,25,175,119.93,125.25,149.95
101,2021-06-01 10:56:00,137.0,137.0,137.0,137.0,25,175,119.93,125.25,149.95
102,2021-06-01 10:57:00,137.0,137.0,137.0,137.0,25,175,119.93,125.25,149.95
103,2021-06-01 10:58:00,137.0,137.0,137.0,137.0,25,175,119.93,125.25,149.95
104,2021-06-01 10:59:00,137.0,137.0,137.0,137.0,25,175,119.93,125.25,149.95
105,2021-06-01 11:00:00,137.0,137.0,137.0,137.0,25,175,119.93,125.25,149.95
106,2021-06-01 11:01:00,137.0,137.0,137.0,137.0,25,175,119.93,125.25,149.95
107,2021-06-01 11:02:00,137.0,137.0,137.0,137.0,25,175,119.93,125.25,149.95
108,2021-06-01 11:03:00,137.0,137.0,137.0,137.0,25,175,119.93,125.25,149.95
109,2021-06-01 11:04:00,137.0,137.0,137.0,137.0,25,175,119.93,125.25,149.95
110,2021-06-01 11:05:00,137.0,137.0,137.0,137.0,25,175,119.93,125.25,149.95
111,2021-06-01 11:06:00,137.0,137.0,137.0,137.0,25,175,119.93,125.25,149.95
112,2021-06-01 11:07:00,137.0,137.0,137.0,137.0,25,175,119.93,125.25,149.95
113,2021-06-01 11:08:00,137.0,137.0,137.0,137.0,25,175,119.93,125.25,149.95
114,2021-06-01 11:09:00,137.0,137.0,137.0,137.0,25,175,119.93,125.25,149.95
115,2021-06-01 11:10:00,137.0,137.0,137.0,137.0,25,175,119.93,125.25,149.95
116,2021-06-01 11:11:00,137.0,137.0,137.0,137.0,25,175,119.93,125.25,149.95
117,2021-06-01 11:12:00,137.0,137.0,137.0,137.0,25,175,119.93,125.25,149.95
118,2021-06-01 11:13:00,137.0,137.0,137.0,137.0,25,175,119.93,125.25,149.95
119,2021-06-01 11:14:00,137.0,137.0,137.0,137.0,25,175,119.93,125.25,149.95
120,2021-06-01 11:15:00,137.0,137.0,137.0,137.0,25,175,119.93,125.25,149.95
121,2021-06-01 11:16:00,137.0,137.0,137.0,137.0,25,175,119.93,125.25,149.95
122,2021-06-01 11:17:00,137.0,137.0,137.0,137.0,25,175,119.93,125.25,149.95
123,2021-06-01 11:18:00,137.0,137.0,137.0,137.0,25,175,119.93,125.25,149.95
124,2021-06-01 11:19:00,137.0,137.0,137.0,137.0,25,175,119.93,125.25,149.95
125,2021-06-01 11:20:00,137.0,137.0,137.0,137.0,25,175,119.93,125.25,149.95
126,2021-06-01 11:21:00,137.0,137.0,137.0,137.0,25,175,119.93,125.25,149.95
127,2021-06-01 11:22:00,137.0,137.0,137.0,137.0,25,175,119.93,125.25,149.95
128,2021-06-01 11:23:00,137.0,137.0,137.0,137.0,25,175,119.93,125.25,149.95
129,2021-06-01 11:24:00,137.0,137.0,137.0,137.0,25,175,119.93,125.25,149.95
130,2021-06-01 11:25:00,137.0,137.0,137.0,137.0,25,175,119.93,125.25,149.95
131,2021-06-01 11:26:00,137.0,137.0,137.0,137.0,25,175,119.93,125.25,149.95
132,2021-06-01 11:27:00,137.0,137.0,137.0,137.0,25,175,119.93,125.25,149.95
133,2021-06-01 11:28:00,137.0,137.0,137.0,137.0,25,175,119.93,125.25,149.95
134,2021-06-01 11:29:00,137.0,137.0,137.0,137.0,25,175,119.93,125.25,149.95
135,2021-06-01 11:30:00,137.0,137.0,137.0,137.0,25,175,119.93,125.25,149.95
136,2021-06-01 11:31:00,137.0,137.0,137.0,137.0,25,175,119.93,125.25,149.95
137,2021-06-01 11:32:00,137.0,137.0,137.0,137.0,25,175,119.93,125.25,149.95
138,2021-06-01 11:33:00,137.0,137.0,137.0,137.0,25,175,119.93,125.25,149.95
139,2021-06-01 11:34:00,137.0,137.0,137.0,137.0,25,175,119.93,125.25,149.95
140,2021-06-01 11:35:00,137.0,137.0,137.0,137.0,25,175,119.93,125.25,149.95
141,2021-06-01 11:36:00,137.0,137.0,137.0,137.0,25,175,119.93,125.25,149.95
142,2021-06-01 11:37:00,137.0,137.0,137.0,137.0,25,175,119.93,125.25,149.95
143,2021-06-01 11:38:00,137.0,137.0,137.0,137.0,25,175,119.93,125.25,149.95
144,2021-06-01 11:39:00,137.0,137.0,137.0,137.0,25,175,119.93,125.25,149.95
145,2021-06-01 11:40:00,137.0,137.0,137.0,137.0,25,175,119.93,125.25,149.95
146,2021-06-01 11:41:00,137.0,137.0,137.0,137.0,25,175,119.93,125.25,149.95
147,2021-06-01 11:42:00,137.0,137.0,137.0,137.0,25,175,119.93,125.25,149.95
148,2021-06-01 11:43:00,137.0,137.0,137.0,137.0,25,175,119.93,125.25,149.95
149,2021-06-01 11:44:00,137.0,137.0,137.0,137.0,25,175,119.93,125.25,149.95
150,2021-06-01 11:45:00,137.0,137.0,137.0,137.0,25,175,119.93,125.25,149.95
151,2021-06-01 11:46:00,137.0,137.0,137.0,137.0,25,175,119.93,125.25,149.95
152,2021-06-01 11:47:00,137.0,137.0,137.0,137.0,25,175,119.93,125.25,149.95
153,2021-06-01 11:48:00,137.0,137.0,137.0,137.0,25,175,119.93,125.25,149.95
154,2021-06-01 11:49:00,137.0,137.0,137.0,137.0,25,175,119.93,125.25,149.95
155,2021-06-01 11:50:00,137.0,137.0,137.0,137.0,25,175,119.93,125.25,149.95
156,2021-06-01 11:51:00,137.0,137.0,137.0,137.0,25,175,119.93,125.25,149.95
157,2021-06-01 11:52:00,137.0,137.0,137.0,137.0,25,175,119.93,125.25,149.95
158,2021-06-01 11:53:00,137.0,137.0,137.0,137.0,25,175,119.93,125.25,149.95
159,2021-06-01 11:54:00,137.0,137.0,137.0,137.0,25,175,119.93,125.25,149.95
160,2021-06-01 11:55:00,137.0,137.0,137.0,137.0,25,175,119.93,125.25,149.95
161,2021-06-01 11:56:00,137.0,137.0,137.0,137.0,25,175,119.93,125.25,149.95
162,2021-06-01 11:57:00,137.0,137.0,137.0,137.0,25,175,119.93,125.25,149.95
163,2021-06-01 11:58:00,137.0,137.0,137.0,137.0,25,175,119.93,125.25,149.95
164,2021-06-01 11:59:00,137.0,137.0,137.0,137.0,25,175,119.93,125.25,149.95
165,2021-06-01 12:00:00,137.0,137.0,137.0,137.0,25,175,119.93,125.25,149.95
166,2021-06-01 12:01:00,137.0,137.0,137.0,137.0,25,175,119.93,125.25,149.95
167,2021-06-01 12:02:00,137.0,137.0,137.0,137.0,25,175,119.93,125.25,149.95
168,2021-06-01 12:03:00,137.0,137.0,137.0,137.0,25,175,119.93,125.25,149.95
169,2021-06-01 12:04:00,137.0,137.0,137.0,137.0,25,175,119.93,125.25,149.95
170,2021-06-01 12:05:00,137.0,137.0,137.0,137.0,25,175,119.93,125.25,149.95
171,2021-06-01 12:06:00,137.0,137.0,137.0,137.0,25,175,119.93,125.25,149.95
172,2021-06-01 12:07:00,137.0,137.0,137.0,137.0,25,175,119.93,125.25,149.95
173,2021-06-01 12:08:00,137.0,137.0,137.0,137.0,25,175,119.93,125.25,149.95
174,2021-06-01 12:09:00,137.0,137.0,137.0,137.0,25,175,119.93,125.25,149.95
175,2021-06-01 12:10:00,137.0,137.0,137.0,137.0,25,175,119.93,125.25,149.95
176,2021-06-01 12:11:00,137.0,137.0,137.0,137.0,25,175,119.93,125.25,149.95
177,2021-06-01 12:12:00,137.0,137.0,137.0,137.0,25,175,119.93,125.25,149.95
178,2021-06-01 12:13:00,137.0,137.0,137.0,137.0,25,175,119.93,125.25,149.95
179,2021-06-01 12:14:00,137.0,137.0,137.0,137.0,25,175,119.93,125.25,149.95
180,2021-06-01 12:15:00,137.0,137.0,137.0,137.0,25,175,119.93,125.25,149.95
181,2021-06-01 12:16:00,137.0,137.0,137.0,137.0,25,175,119.93,125.25,149.95
182,2021-06-01 12:17:00,137.0,137.0,137.0,137.0,25,175,119.93,125.25,149.95
183,2021-06-01 12:18:00,137.0,137.0,137.0,137.0,25,175,119.93,125.25,149.95
184,2021-06-01 12:19:00,137.0,137.0,137.0,137.0,25,175,119.93,125.25,149.95
185,2021-06-01 12:20:00,137.0,137.0,137.0,137.0,25,175,119.93,125.25,149.95
186,2021-06-01 12:21:00,137.0,137.0,137.0,137.0,25,175,119.93,125.25,149.95
187,2021-06-01 12:22:00,137.0,137.0,137.0,137.0,25,175,119.93,125.25,149.95
188,2021-06-01 12:23:00,137.0,137.0,137.0,137.0,25,175,119.93,125.25,149.95
189,2021-06-01 12:24:00,137.0,137.0,137.0,137.0,25,175,119.93,125.25,149.95
190,2021-06-01 12:25:00,137.0,137.0,137.0,137.0,25,175,119.93,125.25,149.95
191,2021-06-01 12:26:00,137.0,137.0,137.0,137.0,25,175,119.93,125.25,149.95
192,2021-06-01 12:27:00,137.0,137.0,137.0,137.0,25,175,119.93,125.25,149.95
193,2021-06-01 12:28:00,137.0,137.0,137.0,137.0,25,175,119.93,125.25,149.95
194,2021-06-01 12:29:00,137.0,137.0,137.0,137.0,25,175,119.93,125.25,149.95
195,2021-06-01 12:30:00,137.0,137.0,137.0,137.0,25,175,119.93,125.25,149.95
196,2021-06-01 12:31:00,133.75,133.75,133.75,133.75,25,175,121.47,128.15,134.05
197,2021-06-01 12:32:00,133.75,133.75,133.75,133.75,25,175,121.47,128.15,134.05
198,2021-06-01 12:33:00,133.75,133.75,133.75,133.75,25,175,121.47,128.15,134.05
199,2021-06-01 12:34:00,133.75,133.75,133.75,133.75,25,175,121.47,128.15,134.05
200,2021-06-01 12:35:00,133.75,133.75,133.75,133.75,25,175,121.47,128.15,134.05
201,2021-06-01 12:36:00,133.75,133.75,133.75,133.75,25,175,121.47,128.15,134.05
202,2021-06-01 12:37:00,133.75,133.75,133.75,133.75,25,175,121.47,128.15,134.05
203,2021-06-01 12:38:00,133.75,133.75,133.75,133.75,25,175,121.47,128.15,134.05
204,2021-06-01 12:39:00,133.75,133.75,133.75,133.75,25,175,121.47,128.15,134.05
205,2021-06-01 12:40:00,133.75,133.75,133.75,133.75,25,200,122.7,108.4,134.05
206,2021-06-01 12:41:00,133.75,133.75,133.75,133.75,25,200,122.7,108.4,134.05
207,2021-06-01 12:42:00,133.75,133.75,133.75,133.75,25,200,122.7,108.4,134.05
208,2021-06-01 12:43:00,114.0,114.0,114.0,114.0,25,225,121.9,124.05,128.7
209,2021-06-01 12:44:00,114.7,114.7,114.7,114.7,25,225,121.3,114.1,128.6
210,2021-06-01 12:45:00,114.7,114.7,114.7,114.7,25,225,121.3,114.1,128.6
211,2021-06-01 12:46:00,114.7,114.7,114.7,114.7,25,225,121.3,114.1,128.6
212,2021-06-01 12:47:00,114.7,114.7,114.7,114.7,25,225,121.3,114.1,128.6
213,2021-06-01 12:48:00,114.7,114.7,114.7,114.7,25,225,121.3,114.1,128.6
214,2021-06-01 12:49:00,114.7,114.7,114.7,114.7,25,225,121.3,114.1,128.6
215,2021-06-01 12:50:00,114.7,114.7,114.7,114.7,25,225,121.3,114.1,128.6
216,2021-06-01 12:51:00,114.7,114.7,114.7,114.7,25,225,121.3,114.1,128.6
217,2021-06-01 12:52:00,120.6,120.6,120.6,120.6,25,200,121.25,110.7,125.95
218,2021-06-01 12:53:00,120.6,120.6,120.6,120.6,25,200,121.25,110.7,125.95
219,2021-06-01 12:54:00,120.6,120.6,120.6,120.6,25,200,121.25,110.7,125.95
220,2021-06-01 12:55:00,120.6,120.6,120.6,120.6,25,200,121.25,110.7,125.95
221,2021-06-01 12:56:00,120.6,120.6,120.6,120.6,25,200,121.25,110.7,125.95
222,2021-06-01 12:57:00,120.6,120.6,120.6,120.6,25,200,121.25,110.7,125.95
223,2021-06-01 12:58:00,120.6,120.6,120.6,120.6,25,200,121.25,110.7,125.95
224,2021-06-01 12:59:00,120.6,120.6,120.6,120.6,25,200,121.25,110.7,125.95
225,2021-06-01 13:00:00,120.6,120.6,120.6,120.6,25,200,121.25,110.7,125.95
226,2021-06-01 13:01:00,120.6,120.6,120.6,120.6,25,200,121.25,110.7,125.95
227,2021-06-01 13:02:00,120.6,120.6,120.6,120.6,25,200,121.25,110.7,125.95
228,2021-06-01 13:03:00,120.6,120.6,120.6,120.6,25,200,121.25,110.7,125.95
229,2021-06-01 13:04:00,120.6,120.6,120.6,120.6,25,200,121.25,110.7,125.95
230,2021-06-01 13:05:00,120.6,120.6,120.6,120.6,25,200,121.25,110.7,125.95
231,2021-06-01 13:06:00,120.6,120.6,120.6,120.6,25,200,121.25,110.7,125.95
232,2021-06-01 13:07:00,120.6,120.6,120.6,120.6,25,200,121.25,110.7,125.95
233,2021-06-01 13:08:00,120.6,120.6,120.6,120.6,25,200,121.25,110.7,125.95
234,2021-06-01 13:09:00,120.6,120.6,120.6,120.6,25,200,121.25,110.7,125.95
235,2021-06-01 13:10:00,120.6,120.6,120.6,120.6,25,200,121.25,110.7,125.95
236,2021-06-01 13:11:00,120.6,120.6,120.6,120.6,25,200,121.25,110.7,125.95
237,2021-06-01 13:12:00,120.6,120.6,120.6,120.6,25,200,121.25,110.7,125.95
238,2021-06-01 13:13:00,120.6,120.6,120.6,120.6,25,200,121.25,110.7,125.95
239,2021-06-01 13:14:00,120.6,120.6,120.6,120.6,25,200,121.25,110.7,125.95
240,2021-06-01 13:15:00,120.6,120.6,120.6,120.6,25,200,121.25,110.7,125.95
241,2021-06-01 13:16:00,120.6,120.6,120.6,120.6,25,200,121.25,110.7,125.95
242,2021-06-01 13:17:00,120.6,120.6,120.6,120.6,25,200,121.25,110.7,125.95
243,2021-06-01 13:18:00,120.6,120.6,120.6,120.6,25,200,121.25,110.7,125.95
244,2021-06-01 13:19:00,120.6,120.6,120.6,120.6,25,200,121.25,110.7,125.95
245,2021-06-01 13:20:00,120.6,120.6,120.6,120.6,25,200,121.25,110.7,125.95
246,2021-06-01 13:21:00,120.6,120.6,120.6,120.6,25,200,121.25,110.7,125.95
247,2021-06-01 13:22:00,120.6,120.6,120.6,120.6,25,200,121.25,110.7,125.95
248,2021-06-01 13:23:00,120.6,120.6,120.6,120.6,25,200,121.25,110.7,125.95
249,2021-06-01 13:24:00,120.6,120.6,120.6,120.6,25,200,121.25,110.7,125.95
250,2021-06-01 13:25:00,120.6,120.6,120.6,120.6,25,200,121.25,110.7,125.95
251,2021-06-01 13:26:00,120.6,120.6,120.6,120.6,25,200,121.25,110.7,125.95
252,2021-06-01 13:27:00,120.6,120.6,120.6,120.6,25,200,121.25,110.7,125.95
253,2021-06-01 13:28:00,120.6,120.6,120.6,120.6,25,200,121.25,110.7,125.95
254,2021-06-01 13:29:00,110.0,110.0,110.0,110.0,25,225,120.45,100.9,121.85
255,2021-06-01 13:30:00,110.0,110.0,110.0,110.0,25,225,120.45,100.9,121.85
256,2021-06-01 13:31:00,110.0,110.0,110.0,110.0,25,225,120.45,100.9,121.85
257,2021-06-01 13:32:00,110.0,110.0,110.0,110.0,25,225,120.45,100.9,121.85
258,2021-06-01 13:33:00,110.0,110.0,110.0,110.0,25,225,120.45,100.9,121.85
259,2021-06-01 13:34:00,110.0,110.0,110.0,110.0,25,225,120.45,100.9,121.85
260,2021-06-01 13:35:00,110.0,110.0,110.0,110.0,25,225,120.45,100.9,121.85
261,2021-06-01 13:36:00,110.0,110.0,110.0,110.0,25,225,120.45,100.9,121.85
262,2021-06-01 13:37:00,110.0,110.0,110.0,110.0,25,225,120.45,100.9,121.85
263,2021-06-01 13:38:00,110.0,110.0,110.0,110.0,25,225,120.45,100.9,121.85
264,2021-06-01 13:39:00,110.0,110.0,110.0,110.0,25,225,120.45,100.9,121.85
265,2021-06-01 13:40:00,110.0,110.0,110.0,110.0,25,225,120.45,100.9,121.85
266,2021-06-01 13:41:00,110.0,110.0,110.0,110.0,25,225,120.45,100.9,121.85
267,2021-06-01 13:42:00,101.3,101.3,101.3,101.3,25,225,119.17,100.9,118.7
268,2021-06-01 13:43:00,101.3,101.3,101.3,101.3,25,225,119.17,100.9,118.7
269,2021-06-01 13:44:00,101.3,101.3,101.3,101.3,25,225,119.17,100.9,118.7
270,2021-06-01 13:45:00,101.3,101.3,101.3,101.3,25,225,119.17,100.9,118.7
271,2021-06-01 13:46:00,101.3,101.3,101.3,101.3,25,225,119.17,100.9,118.7
272,2021-06-01 13:47:00,101.3,101.3,101.3,101.3,25,225,119.17,100.9,118.7
273,2021-06-01 13:48:00,109.0,109.0,109.0,109.0,25,225,118.53,99.1,117.2
274,2021-06-01 13:49:00,109.0,109.0,109.0,109.0,25,225,118.53,99.1,117.2
275,2021-06-01 13:50:00,109.0,109.0,109.0,109.0,25,225,118.53,99.1,117.2
276,2021-06-01 13:51:00,109.0,109.0,109.0,109.0,25,250,117.97,98.4,115.9
277,2021-06-01 13:52:00,109.0,109.0,109.0,109.0,25,250,117.97,98.4,115.9
278,2021-06-01 13:53:00,109.0,109.0,109.0,109.0,25,250,117.97,98.4,115.9
279,2021-06-01 13:54:00,109.0,109.0,109.0,109.0,25,250,117.97,98.4,115.9
280,2021-06-01 13:55:00,109.0,109.0,109.0,109.0,25,250,117.97,98.4,115.9
281,2021-06-01 13:56:00,109.0,109.0,109.0,109.0,25,250,117.97,98.4,115.9
282,2021-06-01 13:57:00,109.0,109.0,109.0,109.0,25,250,117.97,98.4,115.9
283,2021-06-01 13:58:00,109.0,109.0,109.0,109.0,25,250,117.97,98.4,115.9
284,2021-06-01 13:59:00,109.0,109.0,109.0,109.0,25,250,117.97,98.4,115.9
285,2021-06-01 14:00:00,109.0,109.0,109.0,109.0,25,250,117.97,98.4,115.9
286,2021-06-01 14:01:00,109.0,109.0,109.0,109.0,25,250,117.97,98.4,115.9
287,2021-06-01 14:02:00,109.0,109.0,109.0,109.0,25,250,117.97,98.4,115.9
288,2021-06-01 14:03:00,109.0,109.0,109.0,109.0,25,250,117.97,98.4,115.9
289,2021-06-01 14:04:00,109.0,109.0,109.0,109.0,25,250,117.97,98.4,115.9
290,2021-06-01 14:05:00,128.0,128.0,128.0,128.0,25,0,118.53,116.65,129.15
291,2021-06-01 14:06:00,128.0,128.0,128.0,128.0,25,0,118.53,116.65,129.15
292,2021-06-01 14:07:00,128.0,128.0,128.0,128.0,25,0,118.53,116.65,129.15
293,2021-06-01 14:08:00,128.0,128.0,128.0,128.0,25,0,118.53,116.65,129.15
294,2021-06-01 14:09:00,128.0,128.0,128.0,128.0,25,0,118.53,116.65,129.15
295,2021-06-01 14:10:00,128.0,128.0,128.0,128.0,25,0,118.53,116.65,129.15
296,2021-06-01 14:11:00,128.0,128.0,128.0,128.0,25,0,118.53,116.65,129.15
297,2021-06-01 14:12:00,128.0,128.0,128.0,128.0,25,0,118.53,116.65,129.15
298,2021-06-01 14:13:00,128.0,128.0,128.0,128.0,25,0,118.53,116.65,129.15
299,2021-06-01 14:14:00,128.0,128.0,128.0,128.0,25,0,118.53,116.65,129.15
300,2021-06-01 14:15:00,128.0,128.0,128.0,128.0,25,0,118.53,116.65,129.15
301,2021-06-01 14:16:00,128.0,128.0,128.0,128.0,25,0,118.53,116.65,129.15
302,2021-06-01 14:17:00,128.0,128.0,128.0,128.0,25,0,118.53,116.65,129.15
303,2021-06-01 14:18:00,128.0,128.0,128.0,128.0,25,0,118.53,116.65,129.15
304,2021-06-01 14:19:00,128.0,128.0,128.0,128.0,25,275,119.03,108.7,147.85
305,2021-06-01 14:20:00,128.0,128.0,128.0,128.0,25,275,119.03,108.7,147.85
306,2021-06-01 14:21:00,128.0,128.0,128.0,128.0,25,275,119.03,108.7,147.85
307,2021-06-01 14:22:00,128.0,128.0,128.0,128.0,25,275,119.03,108.7,147.85
308,2021-06-01 14:23:00,128.0,128.0,128.0,128.0,25,275,119.03,108.7,147.85
309,2021-06-01 14:24:00,125.65,125.65,125.65,125.65,25,300,119.36,107.3,153.8
310,2021-06-01 14:25:00,125.65,125.65,125.65,125.65,25,300,119.36,107.3,153.8
311,2021-06-01 14:26:00,125.65,125.65,125.65,125.65,25,300,119.36,107.3,153.8
312,2021-06-01 14:27:00,125.65,125.65,125.65,125.65,25,300,119.36,107.3,153.8
313,2021-06-01 14:28:00,118.2,118.2,118.2,118.2,25,325,119.3,107.3,143.1
314,2021-06-01 14:29:00,118.2,118.2,118.2,118.2,25,325,119.3,107.3,143.1
315,2021-06-01 14:30:00,118.2,118.2,118.2,118.2,25,325,119.3,107.3,143.1
316,2021-06-01 14:31:00,118.2,118.2,118.2,118.2,25,325,119.3,107.3,143.1
317,2021-06-01 14:32:00,118.2,118.2,118.2,118.2,25,325,119.3,107.3,143.1
318,2021-06-01 14:33:00,118.2,118.2,118.2,118.2,25,325,119.3,107.3,143.1
319,2021-06-01 14:34:00,118.2,118.2,118.2,118.2,25,325,119.3,107.3,143.1
320,2021-06-01 14:35:00,118.2,118.2,118.2,118.2,25,325,119.3,107.3,143.1
321,2021-06-01 14:36:00,118.2,118.2,118.2,118.2,25,325,119.3,107.3,143.1
322,2021-06-01 14:37:00,118.2,118.2,118.2,118.2,25,325,119.3,107.3,143.1
323,2021-06-01 14:38:00,118.2,118.2,118.2,118.2,25,325,119.3,107.3,143.1
324,2021-06-01 14:39:00,118.2,118.2,118.2,118.2,25,325,119.25,108.95,155.4
325,2021-06-01 14:40:00,118.2,118.2,118.2,118.2,25,325,119.25,108.95,155.4
326,2021-06-01 14:41:00,118.2,118.2,118.2,118.2,25,325,119.25,108.95,155.4
327,2021-06-01 14:42:00,118.2,118.2,118.2,118.2,25,325,119.25,108.95,155.4
328,2021-06-01 14:43:00,118.2,118.2,118.2,118.2,25,325,119.25,108.95,155.4
329,2021-06-01 14:44:00,118.2,118.2,118.2,118.2,25,325,119.25,108.95,155.4
330,2021-06-01 14:45:00,118.2,118.2,118.2,118.2,25,325,119.25,108.95,155.4
331,2021-06-01 14:46:00,118.2,118.2,118.2,118.2,25,325,119.25,108.95,155.4
332,2021-06-01 14:47:00,118.2,118.2,118.2,118.2,25,325,119.25,108.95,155.4
333,2021-06-01 14:48:00,118.2,118.2,118.2,118.2,25,325,119.25,108.95,155.4
334,2021-06-01 14:49:00,118.2,118.2,118.2,118.2,25,325,119.25,108.95,155.4
335,2021-06-01 14:50:00,118.2,118.2,118.2,118.2,25,325,119.25,108.95,155.4
336,2021-06-01 14:51:00,118.2,118.2,118.2,118.2,25,325,119.25,108.95,155.4
337,2021-06-01 14:52:00,118.2,118.2,118.2,118.2,25,325,119.25,108.95,155.4
338,2021-06-01 14:53:00,118.2,118.2,118.2,118.2,25,325,119.25,108.95,155.4
339,2021-06-01 14:54:00,118.2,118.2,118.2,118.2,25,325,119.25,108.95,155.4
340,2021-06-01 14:55:00,118.2,118.2,118.2,118.2,25,325,119.25,108.95,155.4
341,2021-06-01 14:56:00,118.2,118.2,118.2,118.2,25,325,119.25,108.95,155.4
342,2021-06-01 14:57:00,118.2,118.2,118.2,118.2,25,325,119.25,108.95,155.4
343,2021-06-01 14:58:00,118.2,118.2,118.2,118.2,25,325,119.25,108.95,155.4
344,2021-06-01 14:59:00,118.2,118.2,118.2,118.2,25,325,119.25,108.95,155.4
345,2021-06-01 15:00:00,118.2,118.2,118.2,118.2,25,325,119.25,108.95,155.4
346,2021-06-01 15:01:00,118.2,118.2,118.2,118.2,25,325,119.25,108.95,155.4
347,2021-06-01 15:02:00,118.2,118.2,118.2,118.2,25,325,119.25,108.95,155.4
348,2021-06-01 15:03:00,118.2,118.2,118.2,118.2,25,325,119.25,108.95,155.4
349,2021-06-01 15:04:00,118.2,118.2,118.2,118.2,25,325,119.25,108.95,155.4
350,2021-06-01 15:05:00,118.2,118.2,118.2,118.2,25,325,119.25,108.95,155.4
351,2021-06-01 15:06:00,118.2,118.2,118.2,118.2,25,325,119.25,108.95,155.4
352,2021-06-01 15:07:00,118.2,118.2,118.2,118.2,25,325,119.25,108.95,155.4
353,2021-06-01 15:08:00,118.2,118.2,118.2,118.2,25,325,119.25,108.95,155.4
354,2021-06-01 15:09:00,118.2,118.2,118.2,118.2,25,325,119.25,108.95,155.4
355,2021-06-01 15:10:00,118.2,118.2,118.2,118.2,25,325,119.25,108.95,155.4
356,2021-06-01 15:11:00,117.0,117.0,117.0,117.0,25,325,119.15,109.5,140.6
357,2021-06-01 15:12:00,117.0,117.0,117.0,117.0,25,325,119.15,109.5,140.6
358,2021-06-01 15:13:00,117.0,117.0,117.0,117.0,25,325,119.15,109.5,140.6
359,2021-06-01 15:14:00,117.0,117.0,117.0,117.0,25,325,119.15,109.5,140.6
360,2021-06-01 15:15:00,117.0,117.0,117.0,117.0,25,325,119.15,109.5,140.6
361,2021-06-01 15:16:00,117.0,117.0,117.0,117.0,25,325,119.15,109.5,140.6
362,2021-06-01 15:17:00,117.0,117.0,117.0,117.0,25,325,119.15,109.5,140.6
363,2021-06-01 15:18:00,117.0,117.0,117.0,117.0,25,350,119.06,105.9,117.45
364,2021-06-01 15:19:00,117.0,117.0,117.0,117.0,25,350,119.06,105.9,117.45
365,2021-06-01 15:20:00,117.0,117.0,117.0,117.0,25,350,119.06,105.9,117.45
366,2021-06-01 15:21:00,117.0,117.0,117.0,117.0,25,350,119.06,105.9,117.45
367,2021-06-01 15:22:00,117.0,117.0,117.0,117.0,25,350,119.06,105.9,117.45
368,2021-06-01 15:23:00,117.0,117.0,117.0,117.0,25,350,119.06,105.9,117.45
369,2021-06-01 15:24:00,117.0,117.0,117.0,117.0,25,350,119.06,105.9,117.45
370,2021-06-01 15:25:00,117.0,117.0,117.0,117.0,25,350,119.06,105.9,117.45
371,2021-06-01 15:26:00,110.0,110.0,110.0,110.0,75,375,118.06,106.5,117.35
372,2021-06-01 15:27:00,110.0,110.0,110.0,110.0,75,375,118.06,106.5,117.35
373,2021-06-01 15:28:00,110.0,110.0,110.0,110.0,75,375,118.06,106.5,117.35
374,2021-06-01 15:29:00,110.0,110.0,110.0,110.0,75,375,118.06,106.5,117.35
375,2021-06-01 15:30:00,110.0,110.0,110.0,110.0,75,375,118.06,106.5,117.35
376,2021-06-02 09:15:00,110.0,110.0,110.0,110.0,75,375,118.06,106.5,117.35
377,2021-06-02 09:16:00,110.0,110.0,110.0,110.0,75,375,118.06,106.5,117.35
378,2021-06-02 09:17:00,110.0,110.0,110.0,110.0,75,375,118.06,106.5,117.35
379,2021-06-02 09:18:00,110.0,110.0,110.0,110.0,75,375,118.06,106.5,117.35
380,2021-06-02 09:19:00,110.0,110.0,110.0,110.0,75,375,118.06,106.5,117.35
381,2021-06-02 09:20:00,110.0,110.0,110.0,110.0,75,375,118.06,106.5,117.35
382,2021-06-02 09:21:00,110.0,110.0,110.0,110.0,75,375,118.06,106.5,117.35
383,2021-06-02 09:22:00,110.0,110.0,110.0,110.0,75,375,118.06,106.5,117.35
384,2021-06-02 09:23:00,110.0,110.0,110.0,110.0,75,375,118.06,106.5,117.35
385,2021-06-02 09:24:00,110.0,110.0,110.0,110.0,75,375,118.06,106.5,117.35
386,2021-06-02 09:25:00,110.0,110.0,110.0,110.0,75,375,118.06,106.5,117.35
387,2021-06-02 09:26:00,110.0,110.0,110.0,110.0,75,375,118.06,106.5,117.35
388,2021-06-02 09:27:00,110.0,110.0,110.0,110.0,75,375,118.06,106.5,117.35
389,2021-06-02 09:28:00,110.0,110.0,110.0,110.0,75,375,118.06,106.5,117.35
390,2021-06-02 09:29:00,110.0,110.0,110.0,110.0,75,375,118.06,106.5,117.35
391,2021-06-02 09:30:00,110.0,110.0,110.0,110.0,75,375,118.06,106.5,117.35
392,2021-06-02 09:31:00,110.0,110.0,110.0,110.0,75,375,118.06,106.5,117.35
393,2021-06-02 09:32:00,110.0,110.0,110.0,110.0,75,375,118.06,106.5,117.35
394,2021-06-02 09:33:00,110.0,110.0,110.0,110.0,75,375,118.06,106.5,117.35
395,2021-06-02 09:34:00,110.0,110.0,110.0,110.0,75,375,118.06,106.5,117.35
396,2021-06-02 09:35:00,110.0,110.0,110.0,110.0,75,375,118.06,106.5,117.35
397,2021-06-02 09:36:00,110.0,110.0,110.0,110.0,75,375,118.06,106.5,117.35
398,2021-06-02 09:37:00,110.0,110.0,110.0,110.0,75,375,118.06,106.5,117.35
399,2021-06-02 09:38:00,110.0,110.0,110.0,110.0,75,375,118.06,106.5,117.35
400,2021-06-02 09:39:00,110.0,110.0,110.0,110.0,75,375,118.06,106.5,117.35
401,2021-06-02 09:40:00,110.0,110.0,110.0,110.0,75,375,118.06,106.5,117.35
402,2021-06-02 09:41:00,110.0,110.0,110.0,110.0,75,375,118.06,106.5,117.35
403,2021-06-02 09:42:00,110.0,110.0,110.0,110.0,75,375,118.06,106.5,117.35
404,2021-06-02 09:43:00,110.0,110.0,110.0,110.0,75,375,118.06,106.5,117.35
405,2021-06-02 09:44:00,110.0,110.0,110.0,110.0,75,375,118.06,106.5,117.35
406,2021-06-02 09:45:00,130.0,130.0,130.0,130.0,25,450,130.0,104.05,155.45
407,2021-06-02 09:46:00,130.0,130.0,130.0,130.0,25,450,130.0,104.05,155.45
408,2021-06-02 09:47:00,130.0,130.0,130.0,130.0,25,450,130.0,104.05,155.45
409,2021-06-02 09:48:00,130.0,130.0,130.0,130.0,25,450,130.0,104.05,155.45
410,2021-06-02 09:49:00,130.0,130.0,130.0,130.0,25,450,130.0,104.05,155.45
411,2021-06-02 09:50:00,130.0,130.0,130.0,130.0,25,450,130.0,104.05,155.45
412,2021-06-02 09:51:00,130.0,130.0,130.0,130.0,25,450,130.0,104.05,155.45
413,2021-06-02 09:52:00,130.0,130.0,130.0,130.0,25,450,130.0,104.05,155.45
414,2021-06-02 09:53:00,130.0,130.0,130.0,130.0,25,450,130.0,104.05,155.45
415,2021-06-02 09:54:00,130.0,130.0,130.0,130.0,25,450,130.0,104.05,155.45
416,2021-06-02 09:55:00,130.0,130.0,130.0,130.0,25,450,130.0,104.05,155.45
417,2021-06-02 09:56:00,130.0,130.0,130.0,130.0,25,450,130.0,104.05,155.45
418,2021-06-02 09:57:00,130.0,130.0,130.0,130.0,25,450,130.0,104.05,155.45
419,2021-06-02 09:58:00,130.0,130.0,130.0,130.0,25,450,130.0,104.05,155.45
420,2021-06-02 09:59:00,130.0,130.0,130.0,130.0,25,450,130.0,104.05,155.45
421,2021-06-02 10:00:00,130.0,130.0,130.0,130.0,25,450,130.0,104.05,155.45
422,2021-06-02 10:01:00,130.0,130.0,130.0,130.0,25,450,130.0,104.05,155.45
423,2021-06-02 10:02:00,130.0,130.0,130.0,130.0,25,450,130.0,104.05,155.45
424,2021-06-02 10:03:00,130.0,130.0,130.0,130.0,25,450,130.0,104.05,155.45
425,2021-06-02 10:04:00,130.0,130.0,130.0,130.0,25,450,130.0,104.05,155.45
426,2021-06-02 10:05:00,130.0,130.0,130.0,130.0,25,450,130.0,104.05,155.45
427,2021-06-02 10:06:00,130.0,130.0,130.0,130.0,25,450,130.0,104.05,155.45
428,2021-06-02 10:07:00,130.0,130.0,130.0,130.0,25,450,130.0,104.05,155.45
429,2021-06-02 10:08:00,130.0,130.0,130.0,130.0,25,450,130.0,104.05,155.45
430,2021-06-02 10:09:00,130.0,130.0,130.0,130.0,25,450,130.0,104.05,155.45
431,2021-06-02 10:10:00,119.1,119.1,119.1,119.1,25,450,124.55,113.45,129.0
432,2021-06-02 10:11:00,119.1,119.1,119.1,119.1,25,450,124.55,113.45,129.0
433,2021-06-02 10:12:00,119.1,119.1,119.1,119.1,25,450,124.55,113.45,129.0
434,2021-06-02 10:13:00,119.1,119.1,119.1,119.1,25,450,124.55,113.45,129.0
435,2021-06-02 10:14:00,119.1,119.1,119.1,119.1,25,450,124.55,113.45,129.0
436,2021-06-02 10:15:00,119.1,119.1,119.1,119.1,25,450,124.55,113.45,129.0
437,2021-06-02 10:16:00,119.1,119.1,119.1,119.1,25,450,124.55,113.45,129.0
438,2021-06-02 10:17:00,119.1,119.1,119.1,119.1,25,450,124.55,113.45,129.0
439,2021-06-02 10:18:00,119.1,119.1,119.1,119.1,25,450,124.55,113.45,129.0
440,2021-06-02 10:19:00,119.1,119.1,119.1,119.1,25,450,124.55,113.45,129.0
441,2021-06-02 10:20:00,119.0,119.0,119.0,119.0,25,450,122.7,112.55,126.1
442,2021-06-02 10:21:00,119.0,119.0,119.0,119.0,25,450,122.7,112.55,126.1
443,2021-06-02 10:22:00,119.0,119.0,119.0,119.0,25,450,122.7,112.55,126.1
444,2021-06-02 10:23:00,119.0,119.0,119.0,119.0,25,450,122.7,112.55,126.1
445,2021-06-02 10:24:00,119.0,119.0,119.0,119.0,25,450,122.7,112.55,126.1
446,2021-06-02 10:25:00,125.0,125.0,125.0,125.0,25,475,123.27,109.3,128.95
447,2021-06-02 10:26:00,125.0,125.0,125.0,125.0,25,475,123.27,109.3,128.95
448,2021-06-02 10:27:00,125.0,125.0,125.0,125.0,25,475,123.27,109.3,128.95
449,2021-06-02 10:28:00,125.0,125.0,125.0,125.0,25,475,123.27,109.3,128.95
450,2021-06-02 10:29:00,125.0,125.0,125.0,125.0,25,475,123.27,109.3,128.95
451,2021-06-02 10:30:00,125.0,125.0,125.0,125.0,25,475,123.27,109.3,128.95
452,2021-06-02 10:31:00,125.0,125.0,125.0,125.0,25,475,123.27,109.3,128.95
453,2021-06-02 10:32:00,125.0,125.0,125.0,125.0,25,475,123.27,109.3,128.95
454,2021-06-02 10:33:00,125.0,125.0,125.0,125.0,25,475,123.27,109.3,128.95
455,2021-06-02 10:34:00,125.0,125.0,125.0,125.0,25,475,123.27,109.3,128.95
456,2021-06-02 10:35:00,125.0,125.0,125.0,125.0,100,500,124.13,113.3,126.8
457,2021-06-02 10:36:00,125.0,125.0,125.0,125.0,100,500,124.13,113.3,126.8
458,2021-06-02 10:37:00,125.0,125.0,125.0,125.0,100,500,124.13,113.3,126.8
459,2021-06-02 10:38:00,125.0,125.0,125.0,125.0,100,500,124.13,113.3,126.8
460,2021-06-02 10:39:00,125.0,125.0,125.0,125.0,100,500,124.13,113.3,126.8
461,2021-06-02 10:40:00,125.0,125.0,125.0,125.0,100,500,124.13,113.3,126.8
462,2021-06-02 10:41:00,125.0,125.0,125.0,125.0,100,500,124.13,113.3,126.8
463,2021-06-02 10:42:00,125.0,125.0,125.0,125.0,100,500,124.13,113.3,126.8
464,2021-06-02 10:43:00,125.0,125.0,125.0,125.0,100,500,124.13,113.3,126.8
465,2021-06-02 10:44:00,125.0,125.0,125.0,125.0,100,500,124.13,113.3,126.8
466,2021-06-02 10:45:00,116.0,116.0,116.0,116.0,25,600,123.23,110.7,120.0
467,2021-06-02 10:46:00,116.0,116.0,116.0,116.0,25,600,123.23,110.7,120.0
468,2021-06-02 10:47:00,116.0,116.0,116.0,116.0,25,600,123.23,110.7,120.0
469,2021-06-02 10:48:00,116.0,116.0,116.0,116.0,25,600,123.23,110.7,120.0
470,2021-06-02 10:49:00,116.0,116.0,116.0,116.0,25,600,123.23,110.7,120.0
471,2021-06-02 10:50:00,116.0,116.0,116.0,116.0,25,600,123.23,110.7,120.0
472,2021-06-02 10:51:00,116.0,116.0,116.0,116.0,25,600,123.23,110.7,120.0
473,2021-06-02 10:52:00,116.0,116.0,116.0,116.0,25,600,123.23,110.7,120.0
474,2021-06-02 10:53:00,116.0,116.0,116.0,116.0,25,600,123.23,110.7,120.0
475,2021-06-02 10:54:00,116.0,116.0,116.0,116.0,25,600,123.23,110.7,120.0
476,2021-06-02 10:55:00,116.0,116.0,116.0,116.0,25,600,123.23,110.7,120.0
477,2021-06-02 10:56:00,116.0,116.0,116.0,116.0,25,600,123.23,110.7,120.0
478,2021-06-02 10:57:00,116.0,116.0,116.0,116.0,25,600,123.23,110.7,120.0
479,2021-06-02 10:58:00,116.0,116.0,116.0,116.0,25,600,123.23,110.7,120.0
480,2021-06-02 10:59:00,116.0,116.0,116.0,116.0,25,600,123.23,110.7,120.0
481,2021-06-02 11:00:00,116.0,116.0,116.0,116.0,25,600,123.23,110.7,120.0
482,2021-06-02 11:01:00,116.0,116.0,116.0,116.0,25,600,123.23,110.7,120.0
483,2021-06-02 11:02:00,116.0,116.0,116.0,116.0,25,600,122.51,115.0,116.0
484,2021-06-02 11:03:00,115.0,115.0,115.0,115.0,25,0,121.82,113.0,114.0
485,2021-06-02 11:04:00,115.0,115.0,115.0,115.0,25,0,121.82,113.0,114.0
486,2021-06-02 11:05:00,115.0,115.0,115.0,115.0,25,0,121.82,113.0,114.0
487,2021-06-02 11:06:00,115.0,115.0,115.0,115.0,25,0,121.82,113.0,114.0
488,2021-06-02 11:07:00,115.0,115.0,115.0,115.0,25,0,121.82,113.0,114.0
489,2021-06-02 11:08:00,115.0,115.0,115.0,115.0,25,0,121.82,113.0,114.0
490,2021-06-02 11:09:00,110.0,110.0,110.0,110.0,25,650,120.84,105.4,115.5
491,2021-06-02 11:10:00,110.0,110.0,110.0,110.0,25,650,120.84,105.4,115.5
492,2021-06-02 11:11:00,110.0,110.0,110.0,110.0,25,650,120.84,105.4,115.5
493,2021-06-02 11:12:00,110.0,110.0,110.0,110.0,25,650,120.84,105.4,115.5
494,2021-06-02 11:13:00,110.0,110.0,110.0,110.0,25,650,120.84,105.4,115.5
495,2021-06-02 11:14:00,110.0,110.0,110.0,110.0,25,650,120.84,105.4,115.5
496,2021-06-02 11:15:00,110.0,110.0,110.0,110.0,25,650,120.84,105.4,115.5
497,2021-06-02 11:16:00,110.0,110.0,110.0,110.0,25,650,120.84,105.4,115.5
498,2021-06-02 11:17:00,110.0,110.0,110.0,110.0,25,650,120.84,105.4,115.5
499,2021-06-02 11:18:00,110.0,110.0,110.0,110.0,25,650,120.84,105.4,115.5
500,2021-06-02 11:19:00,110.0,110.0,110.0,110.0,25,650,120.84,105.4,115.5
501,2021-06-02 11:20:00,110.0,110.0,110.0,110.0,25,650,120.84,105.4,115.5
502,2021-06-02 11:21:00,110.0,110.0,110.0,110.0,25,650,120.84,105.4,115.5
503,2021-06-02 11:22:00,110.0,110.0,110.0,110.0,25,650,120.84,105.4,115.5
504,2021-06-02 11:23:00,110.0,110.0,110.0,110.0,25,650,120.84,105.4,115.5
505,2021-06-02 11:24:00,110.0,110.0,110.0,110.0,25,650,120.84,105.4,115.5
506,2021-06-02 11:25:00,110.0,110.0,110.0,110.0,25,650,120.84,105.4,115.5
507,2021-06-02 11:26:00,110.0,110.0,110.0,110.0,25,650,120.84,105.4,115.5
508,2021-06-02 11:27:00,110.0,110.0,110.0,110.0,25,650,120.84,105.4,115.5
509,2021-06-02 11:28:00,110.0,110.0,110.0,110.0,25,650,120.84,105.4,115.5
510,2021-06-02 11:29:00,110.0,110.0,110.0,110.0,25,650,120.84,105.4,115.5
511,2021-06-02 11:30:00,110.0,110.0,110.0,110.0,25,650,120.84,105.4,115.5
512,2021-06-02 11:31:00,110.0,110.0,110.0,110.0,25,650,120.84,105.4,115.5
513,2021-06-02 11:32:00,110.0,110.0,110.0,110.0,25,650,120.84,105.4,115.5
514,2021-06-02 11:33:00,110.0,110.0,110.0,110.0,25,650,120.84,105.4,115.5
515,2021-06-02 11:34:00,119.0,119.0,119.0,119.0,25,675,120.7,111.1,118.9
516,2021-06-02 11:35:00,119.0,119.0,119.0,119.0,25,675,120.7,111.1,118.9
517,2021-06-02 11:36:00,119.0,119.0,119.0,119.0,25,675,120.7,111.1,118.9
518,2021-06-02 11:37:00,110.1,110.1,110.1,110.1,50,700,119.28,110.1,118.5
519,2021-06-02 11:38:00,110.1,110.1,110.1,110.1,50,700,119.28,110.1,118.5
520,2021-06-02 11:39:00,110.1,110.1,110.1,110.1,50,700,119.28,110.1,118.5
521,2021-06-02 11:40:00,110.1,110.1,110.1,110.1,50,700,119.28,110.1,118.5
522,2021-06-02 11:41:00,110.1,110.1,110.1,110.1,50,700,119.28,110.1,118.5
523,2021-06-02 11:42:00,110.1,110.1,110.1,110.1,50,700,119.28,110.1,118.5
524,2021-06-02 11:43:00,110.1,110.1,110.1,110.1,50,700,119.28,110.1,118.5
525,2021-06-02 11:44:00,110.1,110.1,110.1,110.1,50,700,119.28,110.1,118.5
526,2021-06-02 11:45:00,110.1,110.1,110.1,110.1,50,700,119.28,110.1,118.5
527,2021-06-02 11:46:00,110.1,110.1,110.1,110.1,50,700,119.28,110.1,118.5
528,2021-06-02 11:47:00,110.1,110.1,110.1,110.1,50,700,119.28,110.1,118.5
529,2021-06-02 11:48:00,117.0,117.0,117.0,117.0,50,700,119.01,103.3,117.8
530,2021-06-02 11:49:00,117.0,117.0,117.0,117.0,50,700,119.01,103.3,117.8
531,2021-06-02 11:50:00,117.0,117.0,117.0,117.0,50,700,119.01,103.3,117.8
532,2021-06-02 11:51:00,117.0,117.0,117.0,117.0,50,700,119.01,103.3,117.8
533,2021-06-02 11:52:00,117.0,117.0,117.0,117.0,50,700,119.01,103.3,117.8
534,2021-06-02 11:53:00,113.0,113.0,113.0,113.0,25,750,118.67,113.7,119.0
535,2021-06-02 11:54:00,113.0,113.0,113.0,113.0,25,750,118.67,113.7,119.0
536,2021-06-02 11:55:00,113.0,113.0,113.0,113.0,25,750,118.67,113.7,119.0
537,2021-06-02 11:56:00,113.0,113.0,113.0,113.0,25,750,118.67,113.7,119.0
538,2021-06-02 11:57:00,113.0,113.0,113.0,113.0,25,750,118.67,113.7,119.0
539,2021-06-02 11:58:00,113.0,113.0,113.0,113.0,25,750,118.67,113.7,119.0
540,2021-06-02 11:59:00,113.0,113.0,113.0,113.0,25,750,118.67,113.7,119.0
541,2021-06-02 12:00:00,113.0,113.0,113.0,113.0,25,750,118.67,113.7,119.0
542,2021-06-02 12:01:00,113.0,113.0,113.0,113.0,25,750,118.67,113.7,119.0
543,2021-06-02 12:02:00,113.0,113.0,113.0,113.0,25,750,118.67,113.7,119.0
544,2021-06-02 12:03:00,113.0,113.0,113.0,113.0,25,750,118.67,113.7,119.0
545,2021-06-02 12:04:00,113.0,113.0,113.0,113.0,25,750,118.67,113.7,119.0
546,2021-06-02 12:05:00,115.5,115.5,115.5,115.5,50,775,118.36,110.7,119.0
547,2021-06-02 12:06:00,115.5,115.5,115.5,115.5,50,775,118.36,110.7,119.0
548,2021-06-02 12:07:00,115.5,115.5,115.5,115.5,50,775,118.36,110.7,119.0
549,2021-06-02 12:08:00,115.5,115.5,115.5,115.5,50,775,118.36,110.7,119.0
550,2021-06-02 12:09:00,115.5,115.5,115.5,115.5,50,775,118.36,110.7,119.0
551,2021-06-02 12:10:00,115.5,115.5,115.5,115.5,50,775,118.36,110.7,119.0
552,2021-06-02 12:11:00,115.5,115.5,115.5,115.5,50,775,118.36,110.7,119.0
553,2021-06-02 12:12:00,118.0,118.0,118.0,118.0,25,725,118.34,108.2,117.8
554,2021-06-02 12:13:00,118.0,118.0,118.0,118.0,25,725,118.34,108.2,117.8
555,2021-06-02 12:14:00,118.0,118.0,118.0,118.0,25,725,118.34,108.2,117.8
556,2021-06-02 12:15:00,112.0,112.0,112.0,112.0,25,750,118.05,109.75,118.9
557,2021-06-02 12:16:00,112.0,112.0,112.0,112.0,25,750,118.05,109.75,118.9
558,2021-06-02 12:17:00,112.0,112.0,112.0,112.0,25,750,118.05,109.75,118.9
559,2021-06-02 12:18:00,112.0,112.0,112.0,112.0,25,750,118.05,109.75,118.9
560,2021-06-02 12:19:00,112.0,112.0,112.0,112.0,25,750,118.05,109.75,118.9
561,2021-06-02 12:20:00,112.0,112.0,112.0,112.0,25,750,118.05,109.75,118.9
562,2021-06-02 12:21:00,112.0,112.0,112.0,112.0,25,750,118.05,109.75,118.9
563,2021-06-02 12:22:00,112.0,112.0,112.0,112.0,25,750,118.05,109.75,118.9
564,2021-06-02 12:23:00,112.0,112.0,112.0,112.0,25,750,118.05,109.75,118.9
565,2021-06-02 12:24:00,112.0,112.0,112.0,112.0,25,750,118.05,109.75,118.9
566,2021-06-02 12:25:00,112.0,112.0,112.0,112.0,25,750,118.05,109.75,118.9
567,2021-06-02 12:26:00,112.0,112.0,112.0,112.0,25,750,118.05,109.75,118.9
568,2021-06-02 12:27:00,112.0,112.0,112.0,112.0,25,750,118.05,109.75,118.9
569,2021-06-02 12:28:00,112.0,112.0,112.0,112.0,25,750,118.05,109.75,118.9
570,2021-06-02 12:29:00,112.0,112.0,112.0,112.0,25,750,118.05,109.75,118.9
571,2021-06-02 12:30:00,112.0,112.0,112.0,112.0,25,750,118.05,109.75,118.9
572,2021-06-02 12:31:00,112.0,112.0,112.0,112.0,25,750,118.05,109.75,118.9
573,2021-06-02 12:32:00,112.0,112.0,112.0,112.0,25,750,118.05,109.75,118.9
574,2021-06-02 12:33:00,112.0,112.0,112.0,112.0,25,750,118.05,109.75,118.9
575,2021-06-02 12:34:00,112.0,112.0,112.0,112.0,25,750,118.05,109.75,118.9
576,2021-06-02 12:35:00,112.0,112.0,112.0,112.0,25,750,118.05,109.75,118.9
577,2021-06-02 12:36:00,112.0,112.0,112.0,112.0,25,750,118.05,109.75,118.9
578,2021-06-02 12:37:00,112.0,112.0,112.0,112.0,25,750,118.05,109.75,118.9
579,2021-06-02 12:38:00,112.0,112.0,112.0,112.0,25,750,118.05,109.75,118.9
580,2021-06-02 12:39:00,112.0,112.0,112.0,112.0,25,750,118.05,109.75,118.9
581,2021-06-02 12:40:00,112.0,112.0,112.0,112.0,25,750,118.05,109.75,118.9
582,2021-06-02 12:41:00,112.0,112.0,112.0,112.0,25,750,118.05,109.75,118.9
583,2021-06-02 12:42:00,112.0,112.0,112.0,112.0,25,750,118.05,109.75,118.9
584,2021-06-02 12:43:00,112.0,112.0,112.0,112.0,25,750,118.05,109.75,118.9
585,2021-06-02 12:44:00,112.0,112.0,112.0,112.0,25,750,118.05,109.75,118.9
586,2021-06-02 12:45:00,112.0,112.0,112.0,112.0,25,750,118.05,109.75,118.9
587,2021-06-02 12:46:00,112.0,112.0,112.0,112.0,25,750,118.05,109.75,118.9
588,2021-06-02 12:47:00,112.0,112.0,112.0,112.0,25,750,118.05,109.75,118.9
589,2021-06-02 12:48:00,112.0,112.0,112.0,112.0,25,750,118.05,109.75,118.9
590,2021-06-02 12:49:00,112.0,112.0,112.0,112.0,25,750,118.05,109.75,118.9
591,2021-06-02 12:50:00,112.0,112.0,112.0,112.0,25,750,118.05,109.75,118.9
592,2021-06-02 12:51:00,112.0,112.0,112.0,112.0,25,750,118.05,109.75,118.9
593,2021-06-02 12:52:00,112.0,112.0,112.0,112.0,25,750,118.05,109.75,118.9
594,2021-06-02 12:53:00,112.0,112.0,112.0,112.0,25,750,118.05,109.75,118.9
595,2021-06-02 12:54:00,112.0,112.0,112.0,112.0,25,750,118.05,109.75,118.9
596,2021-06-02 12:55:00,113.35,113.35,113.35,113.35,25,775,117.85,102.45,116.3
597,2021-06-02 12:56:00,113.35,113.35,113.35,113.35,25,775,117.85,102.45,116.3
598,2021-06-02 12:57:00,113.35,113.35,113.35,113.35,25,775,117.85,102.45,116.3
599,2021-06-02 12:58:00,113.35,113.35,113.35,113.35,25,775,117.85,102.45,116.3
600,2021-06-02 12:59:00,113.35,113.35,113.35,113.35,25,775,117.85,102.45,116.3
601,2021-06-02 13:00:00,113.35,113.35,113.35,113.35,25,775,117.85,102.45,116.3
602,2021-06-02 13:01:00,113.35,113.35,113.35,113.35,25,775,117.85,102.45,116.3
603,2021-06-02 13:02:00,113.35,113.35,113.35,113.35,25,775,117.85,102.45,116.3
604,2021-06-02 13:03:00,113.35,113.35,113.35,113.35,25,775,117.85,102.45,116.3
605,2021-06-02 13:04:00,113.35,113.35,113.35,113.35,25,775,117.85,102.45,116.3
606,2021-06-02 13:05:00,113.35,113.35,113.35,113.35,25,775,117.85,102.45,116.3
607,2021-06-02 13:06:00,113.35,113.35,113.35,113.35,25,775,117.85,102.45,116.3
608,2021-06-02 13:07:00,113.35,113.35,113.35,113.35,25,775,117.85,102.45,116.3
609,2021-06-02 13:08:00,113.35,113.35,113.35,113.35,25,775,117.85,102.45,116.3
610,2021-06-02 13:09:00,113.35,113.35,113.35,113.35,25,775,117.85,102.45,116.3
611,2021-06-02 13:10:00,113.35,113.35,113.35,113.35,25,775,117.85,102.45,116.3
612,2021-06-02 13:11:00,113.35,113.35,113.35,113.35,25,775,117.85,102.45,116.3
613,2021-06-02 13:12:00,113.35,113.35,113.35,113.35,25,775,117.85,102.45,116.3
614,2021-06-02 13:13:00,113.35,113.35,113.35,113.35,25,775,117.85,102.45,116.3
615,2021-06-02 13:14:00,113.35,113.35,113.35,113.35,25,775,117.85,102.45,116.3
616,2021-06-02 13:15:00,113.35,113.35,113.35,113.35,25,775,117.85,102.45,116.3
617,2021-06-02 13:16:00,113.35,113.35,113.35,113.35,25,775,117.85,102.45,116.3
618,2021-06-02 13:17:00,113.35,113.35,113.35,113.35,25,775,117.85,102.45,116.3
619,2021-06-02 13:18:00,113.35,113.35,113.35,113.35,25,775,117.85,102.45,116.3
620,2021-06-02 13:19:00,106.2,106.2,106.2,106.2,25,800,117.36,98.75,113.4
621,2021-06-02 13:20:00,106.2,106.2,106.2,106.2,25,800,117.36,98.75,113.4
622,2021-06-02 13:21:00,106.2,106.2,106.2,106.2,25,800,117.36,98.75,113.4
623,2021-06-02 13:22:00,106.2,106.2,106.2,106.2,25,800,117.36,98.75,113.4
624,2021-06-02 13:23:00,106.2,106.2,106.2,106.2,25,800,117.36,98.75,113.4
625,2021-06-02 13:24:00,106.2,106.2,106.2,106.2,25,800,117.36,98.75,113.4
626,2021-06-02 13:25:00,111.7,111.7,111.7,111.7,25,800,117.14,99.1,110.1
627,2021-06-02 13:26:00,111.7,111.7,111.7,111.7,25,800,117.14,99.1,110.1
628,2021-06-02 13:27:00,111.7,111.7,111.7,111.7,25,800,117.14,99.1,110.1
629,2021-06-02 13:28:00,111.7,111.7,111.7,111.7,25,800,117.14,99.1,110.1
630,2021-06-02 13:29:00,111.7,111.7,111.7,111.7,25,800,117.14,99.1,110.1
631,2021-06-02 13:30:00,111.7,111.7,111.7,111.7,25,800,117.14,99.1,110.1
632,2021-06-02 13:31:00,111.7,111.7,111.7,111.7,25,800,117.14,99.1,110.1
633,2021-06-02 13:32:00,111.7,111.7,111.7,111.7,25,800,117.14,99.1,110.1
634,2021-06-02 13:33:00,111.7,111.7,111.7,111.7,25,800,117.14,99.1,110.1
635,2021-06-02 13:34:00,111.7,111.7,111.7,111.7,25,800,117.14,99.1,110.1
636,2021-06-02 13:35:00,100.0,100.0,100.0,100.0,175,0,113.39,99.95,110.45
637,2021-06-02 13:36:00,100.0,100.0,100.0,100.0,175,0,113.39,99.95,110.45
638,2021-06-02 13:37:00,100.0,100.0,100.0,100.0,175,0,113.39,99.95,110.45
639,2021-06-02 13:38:00,100.0,100.0,100.0,100.0,175,0,113.39,99.95,110.45
640,2021-06-02 13:39:00,100.0,100.0,100.0,100.0,175,0,113.39,99.95,110.45
641,2021-06-02 13:40:00,100.0,100.0,100.0,100.0,175,0,113.39,99.95,110.45
642,2021-06-02 13:41:00,100.0,100.0,100.0,100.0,175,0,113.39,99.95,110.45
643,2021-06-02 13:42:00,100.0,100.0,100.0,100.0,175,0,113.39,99.95,110.45
644,2021-06-02 13:43:00,100.0,100.0,100.0,100.0,175,0,113.39,99.95,110.45
645,2021-06-02 13:44:00,105.0,105.0,105.0,105.0,75,0,112.66,92.5,108.95
646,2021-06-02 13:45:00,105.0,105.0,105.0,105.0,75,0,112.66,92.5,108.95
647,2021-06-02 13:46:00,105.0,105.0,105.0,105.0,75,0,112.66,92.5,108.95
648,2021-06-02 13:47:00,105.0,105.0,105.0,105.0,75,0,112.66,92.5,108.95
649,2021-06-02 13:48:00,105.0,105.0,105.0,105.0,75,0,112.66,92.5,108.95
650,2021-06-02 13:49:00,105.0,105.0,105.0,105.0,75,0,112.66,92.5,108.95
651,2021-06-02 13:50:00,105.0,105.0,105.0,105.0,75,0,112.66,92.5,108.95
652,2021-06-02 13:51:00,105.0,105.0,105.0,105.0,75,0,112.66,92.5,108.95
653,2021-06-02 13:52:00,105.0,105.0,105.0,105.0,75,0,112.66,92.5,108.95
654,2021-06-02 13:53:00,105.0,105.0,105.0,105.0,75,0,112.66,92.5,108.95
655,2021-06-02 13:54:00,105.0,105.0,105.0,105.0,75,0,112.66,92.5,108.95
656,2021-06-02 13:55:00,105.0,105.0,105.0,105.0,75,0,112.66,92.5,108.95
657,2021-06-02 13:56:00,105.0,105.0,105.0,105.0,75,0,112.66,92.5,108.95
658,2021-06-02 13:57:00,105.0,105.0,105.0,105.0,75,0,112.66,92.5,108.95
659,2021-06-02 13:58:00,105.0,105.0,105.0,105.0,75,0,112.66,92.5,108.95
660,2021-06-02 13:59:00,105.0,105.0,105.0,105.0,75,0,112.66,92.5,108.95
661,2021-06-02 14:00:00,105.0,105.0,105.0,105.0,75,0,112.66,92.5,108.95
662,2021-06-02 14:01:00,105.0,105.0,105.0,105.0,75,0,112.66,92.5,108.95
663,2021-06-02 14:02:00,105.0,105.0,105.0,105.0,75,0,112.66,92.5,108.95
664,2021-06-02 14:03:00,105.0,105.0,105.0,105.0,75,0,112.66,92.5,108.95
665,2021-06-02 14:04:00,105.0,105.0,105.0,105.0,75,0,112.66,92.5,108.95
666,2021-06-02 14:05:00,105.0,105.0,105.0,105.0,75,0,112.66,92.5,108.95
667,2021-06-02 14:06:00,105.0,105.0,105.0,105.0,75,0,112.66,92.5,108.95
668,2021-06-02 14:07:00,105.0,105.0,105.0,105.0,75,0,112.66,92.5,108.95
669,2021-06-02 14:08:00,105.0,105.0,105.0,105.0,75,0,112.66,92.5,108.95
670,2021-06-02 14:09:00,105.0,105.0,105.0,105.0,75,0,112.66,92.5,108.95
671,2021-06-02 14:10:00,105.0,105.0,105.0,105.0,75,0,112.66,92.5,108.95
672,2021-06-02 14:11:00,105.0,105.0,105.0,105.0,75,0,112.66,92.5,108.95
673,2021-06-02 14:12:00,105.0,105.0,105.0,105.0,75,0,112.66,92.5,108.95
674,2021-06-02 14:13:00,105.0,105.0,105.0,105.0,75,0,112.66,92.5,108.95
675,2021-06-02 14:14:00,105.0,105.0,105.0,105.0,75,0,112.66,92.5,108.95
676,2021-06-02 14:15:00,105.0,105.0,105.0,105.0,75,0,112.66,92.5,108.95
677,2021-06-02 14:16:00,105.0,105.0,105.0,105.0,75,0,112.66,92.5,108.95
678,2021-06-02 14:17:00,105.0,105.0,105.0,105.0,75,0,112.66,92.5,108.95
679,2021-06-02 14:18:00,105.0,105.0,105.0,105.0,75,0,112.66,92.5,108.95
680,2021-06-02 14:19:00,105.0,105.0,105.0,105.0,75,0,112.66,92.5,108.95
681,2021-06-02 14:20:00,105.0,105.0,105.0,105.0,75,0,112.66,92.5,108.95
682,2021-06-02 14:21:00,105.0,105.0,105.0,105.0,75,0,112.66,92.5,108.95
683,2021-06-02 14:22:00,105.0,105.0,105.0,105.0,75,0,112.66,92.5,108.95
684,2021-06-02 14:23:00,105.0,105.0,105.0,105.0,75,0,112.66,92.5,108.95
685,2021-06-02 14:24:00,105.0,105.0,105.0,105.0,75,0,112.66,92.5,108.95
686,2021-06-02 14:25:00,105.0,105.0,105.0,105.0,75,0,112.66,92.5,108.95
687,2021-06-02 14:26:00,105.0,105.0,105.0,105.0,75,0,112.66,92.5,108.95
688,2021-06-02 14:27:00,105.0,105.0,105.0,105.0,75,0,112.66,92.5,108.95
689,2021-06-02 14:28:00,105.0,105.0,105.0,105.0,75,0,112.66,92.5,108.95
690,2021-06-02 14:29:00,105.0,105.0,105.0,105.0,75,0,112.66,92.5,108.95
691,2021-06-02 14:30:00,105.0,105.0,105.0,105.0,75,0,112.66,92.5,108.95
692,2021-06-02 14:31:00,105.0,105.0,105.0,105.0,75,0,112.66,92.5,108.95
693,2021-06-02 14:32:00,95.0,95.0,95.0,95.0,75,0,111.27,95.0,99.35
694,2021-06-02 14:33:00,95.0,95.0,95.0,95.0,75,0,111.27,95.0,99.35
695,2021-06-02 14:34:00,95.0,95.0,95.0,95.0,75,0,111.27,95.0,99.35
696,2021-06-02 14:35:00,98.6,98.6,98.6,98.6,25,1100,110.94,95.0,99.95
697,2021-06-02 14:36:00,98.6,98.6,98.6,98.6,25,1100,110.94,95.0,99.95
698,2021-06-02 14:37:00,98.6,98.6,98.6,98.6,25,1100,110.94,95.0,99.95
699,2021-06-02 14:38:00,98.6,98.6,98.6,98.6,25,1100,110.94,95.0,99.95
700,2021-06-02 14:39:00,98.6,98.6,98.6,98.6,25,1100,110.94,95.0,99.95
701,2021-06-02 14:40:00,98.6,98.6,98.6,98.6,25,1100,110.94,95.0,99.95
702,2021-06-02 14:41:00,98.6,98.6,98.6,98.6,25,1100,110.94,95.0,99.95
703,2021-06-02 14:42:00,98.6,98.6,98.6,98.6,25,1100,110.94,95.0,99.95
704,2021-06-02 14:43:00,98.6,98.6,98.6,98.6,25,1100,110.94,95.0,99.95
705,2021-06-02 14:44:00,98.6,98.6,98.6,98.6,25,1100,110.94,95.0,99.95
706,2021-06-02 14:45:00,98.6,98.6,98.6,98.6,25,1100,110.94,95.0,99.95
707,2021-06-02 14:46:00,98.6,98.6,98.6,98.6,25,1100,110.94,95.0,99.95
708,2021-06-02 14:47:00,98.6,98.6,98.6,98.6,25,1100,110.94,95.0,99.95
709,2021-06-02 14:48:00,95.15,95.15,95.15,95.15,25,1125,110.55,95.0,98.15
710,2021-06-02 14:49:00,95.15,95.15,95.15,95.15,25,1125,110.55,95.0,98.15
711,2021-06-02 14:50:00,95.0,95.0,95.0,95.0,175,1125,108.23,90.1,95.65
712,2021-06-02 14:51:00,90.1,90.1,90.1,90.1,25,0,107.85,90.1,98.8
713,2021-06-02 14:52:00,90.1,90.1,90.1,90.1,25,0,107.85,90.1,98.8
714,2021-06-02 14:53:00,90.0,90.0,90.0,90.0,25,1300,107.49,75.75,90.0
715,2021-06-02 14:54:00,90.0,90.0,90.0,90.0,25,1300,107.49,75.75,90.0
716,2021-06-02 14:55:00,90.0,90.0,90.0,90.0,25,1300,107.49,75.75,90.0
717,2021-06-02 14:56:00,90.0,90.0,90.0,90.0,25,1300,107.49,75.75,90.0
718,2021-06-02 14:57:00,90.0,90.0,90.0,90.0,25,1300,107.49,75.75,90.0
719,2021-06-02 14:58:00,90.0,90.0,90.0,90.0,25,1300,107.49,75.75,90.0
720,2021-06-02 14:59:00,90.0,90.0,90.0,90.0,25,1300,107.49,75.75,90.0
721,2021-06-02 15:00:00,90.0,90.0,90.0,90.0,25,1300,107.49,75.75,90.0
722,2021-06-02 15:01:00,90.0,90.0,90.0,90.0,25,1300,107.49,75.75,90.0
723,2021-06-02 15:02:00,90.0,90.0,90.0,90.0,25,1300,107.49,75.75,90.0
724,2021-06-02 15:03:00,90.0,90.0,90.0,90.0,50,1125,106.8,63.05,90.0
725,2021-06-02 15:04:00,90.0,90.0,90.0,90.0,25,1175,106.48,43.45,90.0
726,2021-06-02 15:05:00,90.0,90.0,90.0,90.0,25,1175,106.48,43.45,90.0
727,2021-06-02 15:06:00,75.0,75.0,75.0,75.0,25,1175,105.89,52.3,89.9
728,2021-06-02 15:07:00,75.0,75.0,75.0,75.0,25,1175,105.89,52.3,89.9
729,2021-06-02 15:08:00,75.0,75.0,75.0,75.0,25,1175,105.89,52.3,89.9
730,2021-06-02 15:09:00,75.0,75.0,75.0,75.0,25,1175,105.89,52.3,89.9
731,2021-06-02 15:10:00,75.0,75.0,75.0,75.0,25,1175,105.89,52.3,89.9
732,2021-06-02 15:11:00,75.0,75.0,75.0,75.0,25,1175,105.89,52.3,89.9
733,2021-06-02 15:12:00,76.0,76.0,76.0,76.0,100,1200,103.79,77.0,86.9
734,2021-06-02 15:13:00,76.0,76.0,76.0,76.0,100,1200,103.79,77.0,86.9
735,2021-06-02 15:14:00,84.0,84.0,84.0,84.0,25,0,103.45,76.1,84.0
736,2021-06-02 15:15:00,84.0,84.0,84.0,84.0,25,0,103.45,76.1,84.0
737,2021-06-02 15:16:00,84.0,84.0,84.0,84.0,25,0,103.45,76.1,84.0
738,2021-06-02 15:17:00,76.1,76.1,76.1,76.1,25,0,102.98,76.1,80.0
739,2021-06-02 15:18:00,76.9,76.9,76.9,76.9,150,1325,100.57,76.3,80.0
740,2021-06-02 15:19:00,76.9,76.9,76.9,76.9,150,1325,100.57,76.3,80.0
741,2021-06-02 15:20:00,76.0,76.0,76.0,76.0,200,1375,98.05,76.1,79.0
742,2021-06-02 15:21:00,79.0,79.0,64.5,79.0,75,1375,97.11,51.05,79.0
743,2021-06-02 15:22:00,79.0,79.0,64.5,79.0,75,1375,97.11,51.05,79.0
744,2021-06-02 15:23:00,52.0,52.0,52.0,52.0,50,1500,96.18,52.15,78.0
745,2021-06-02 15:24:00,78.0,78.0,78.0,78.0,50,1500,95.73,64.7,78.0
746,2021-06-02 15:25:00,78.0,78.0,78.0,78.0,50,1500,95.73,64.7,78.0
747,2021-06-02 15:26:00,78.0,78.0,78.0,78.0,50,1500,95.73,64.7,78.0
748,2021-06-02 15:27:00,73.0,73.0,73.0,73.0,25,1475,95.45,61.05,78.0
749,2021-06-02 15:28:00,68.75,68.75,68.75,68.75,25,1475,95.12,64.7,75.0
750,2021-06-02 15:29:00,68.75,68.75,68.75,68.75,25,1475,95.12,64.7,75.0
751,2021-06-02 15:30:00,68.1,70.0,68.1,70.0,100,1475,93.93,57.25,70.0
752,2021-06-03 09:15:00,68.1,70.0,68.1,70.0,100,1475,93.93,57.25,70.0
753,2021-06-03 09:16:00,68.1,70.0,68.1,70.0,100,1475,93.93,57.25,70.0
754,2021-06-03 09:17:00,68.1,70.0,68.1,70.0,100,1475,93.93,57.25,70.0
755,2021-06-03 09:18:00,49.85,49.85,49.85,49.85,25,0,49.85,44.65,0.0
756,2021-06-03 09:19:00,49.85,49.85,49.85,49.85,25,0,49.85,44.65,0.0
757,2021-06-03 09:20:00,49.85,49.85,49.85,49.85,25,0,49.85,44.65,0.0
758,2021-06-03 09:21:00,53.15,53.15,53.15,53.15,100,0,52.49,48.9,74.5
759,2021-06-03 09:22:00,53.15,53.15,53.15,53.15,100,0,52.49,48.9,74.5
760,2021-06-03 09:23:00,53.15,53.15,53.15,53.15,100,0,52.49,48.9,74.5
761,2021-06-03 09:24:00,53.15,53.15,53.15,53.15,100,0,52.49,48.9,74.5
762,2021-06-03 09:25:00,53.15,53.15,53.15,53.15,100,0,52.49,48.9,74.5
763,2021-06-03 09:26:00,53.15,53.15,53.15,53.15,100,0,52.49,48.9,74.5
764,2021-06-03 09:27:00,53.15,53.15,53.15,53.15,100,0,52.49,48.9,74.5
765,2021-06-03 09:28:00,53.15,53.15,53.15,53.15,100,0,52.49,48.9,74.5
766,2021-06-03 09:29:00,61.0,61.0,61.0,61.0,175,1525,56.67,60.1,63.9
767,2021-06-03 09:30:00,61.0,61.0,61.0,61.0,175,1525,56.67,60.1,63.9
768,2021-06-03 09:31:00,60.0,60.0,60.0,60.0,125,0,57.88,60.0,61.0
769,2021-06-03 09:32:00,60.0,60.0,60.0,60.0,125,0,57.88,60.0,61.0
770,2021-06-03 09:33:00,60.0,60.0,60.0,60.0,25,0,58.0,51.05,61.0
771,2021-06-03 09:34:00,60.0,60.0,60.0,60.0,25,0,58.0,51.05,61.0
772,2021-06-03 09:35:00,60.0,60.0,60.0,60.0,25,0,58.0,51.05,61.0
773,2021-06-03 09:36:00,60.0,60.0,60.0,60.0,25,0,58.0,51.05,61.0
774,2021-06-03 09:37:00,60.0,60.0,60.0,60.0,50,0,58.2,51.05,61.0
775,2021-06-03 09:38:00,60.0,60.0,60.0,60.0,50,0,58.2,51.05,61.0
776,2021-06-03 09:39:00,51.55,51.55,51.55,51.55,50,1600,57.59,51.55,61.0
777,2021-06-03 09:40:00,51.55,51.55,51.55,51.55,50,1600,57.59,51.55,61.0
778,2021-06-03 09:41:00,55.0,55.0,55.0,55.0,250,0,56.78,52.0,61.0
779,2021-06-03 09:42:00,55.0,55.0,55.0,55.0,250,0,56.78,52.0,61.0
780,2021-06-03 09:43:00,55.0,55.0,55.0,55.0,250,0,56.78,52.0,61.0
781,2021-06-03 09:44:00,55.0,55.0,55.0,55.0,250,0,56.78,52.0,61.0
782,2021-06-03 09:45:00,55.0,55.0,55.0,55.0,25,1850,56.73,53.1,60.0
783,2021-06-03 09:46:00,55.0,55.0,55.0,55.0,25,1850,56.73,53.1,60.0
784,2021-06-03 09:47:00,55.0,55.0,55.0,55.0,25,1850,56.73,53.1,60.0
785,2021-06-03 09:48:00,55.0,55.0,55.0,55.0,25,1850,56.73,53.1,60.0
786,2021-06-03 09:49:00,55.0,55.0,55.0,55.0,25,1850,56.73,53.1,60.0
787,2021-06-03 09:50:00,55.0,55.0,55.0,55.0,25,1850,56.73,53.1,60.0
788,2021-06-03 09:51:00,55.0,55.0,55.0,55.0,25,1850,56.73,53.1,60.0
789,2021-06-03 09:52:00,55.0,55.0,55.0,55.0,25,1850,56.73,53.1,60.0
790,2021-06-03 09:53:00,55.0,55.0,55.0,55.0,25,1850,56.73,53.1,60.0
791,2021-06-03 09:54:00,55.0,55.0,55.0,55.0,25,1850,56.73,53.1,60.0
792,2021-06-03 09:55:00,55.0,55.0,55.0,55.0,25,1850,56.73,53.1,60.0
793,2021-06-03 09:56:00,60.0,60.0,60.0,60.0,25,1875,56.82,54.65,60.0
794,2021-06-03 09:57:00,60.0,60.0,60.0,60.0,25,1875,56.82,54.65,60.0
795,2021-06-03 09:58:00,60.0,60.0,60.0,60.0,25,1875,56.82,54.65,60.0
796,2021-06-03 09:59:00,60.0,60.0,60.0,60.0,75,0,56.95,55.05,60.0
797,2021-06-03 10:00:00,60.0,60.0,60.0,60.0,75,0,56.95,55.05,60.0
798,2021-06-03 10:01:00,60.0,60.0,60.0,60.0,75,0,56.95,55.05,60.0
799,2021-06-03 10:02:00,60.0,60.0,60.0,60.0,75,2025,57.17,55.05,63.95
800,2021-06-03 10:03:00,60.0,60.0,60.0,60.0,75,2025,57.17,55.05,63.95
801,2021-06-03 10:04:00,60.0,60.0,60.0,60.0,25,0,57.24,55.25,63.95
802,2021-06-03 10:05:00,60.0,60.0,60.0,60.0,25,0,57.24,55.25,63.95
803,2021-06-03 10:06:00,60.0,60.0,60.0,60.0,25,0,57.24,55.25,63.95
804,2021-06-03 10:07:00,60.0,60.0,60.0,60.0,25,0,57.24,55.25,63.95
805,2021-06-03 10:08:00,60.0,60.0,60.0,60.0,25,0,57.24,55.25,63.95
806,2021-06-03 10:09:00,60.0,60.0,60.0,60.0,25,0,57.24,55.25,63.95
807,2021-06-03 10:10:00,60.0,60.0,60.0,60.0,25,0,57.24,55.25,63.95
808,2021-06-03 10:11:00,60.0,60.0,60.0,60.0,25,0,57.24,55.25,63.95
809,2021-06-03 10:12:00,60.0,60.0,60.0,60.0,25,0,57.24,55.25,63.95
810,2021-06-03 10:13:00,60.0,60.0,60.0,60.0,25,0,57.24,55.25,63.95
811,2021-06-03 10:14:00,60.0,60.0,60.0,60.0,25,0,57.24,55.25,63.95
812,2021-06-03 10:15:00,51.7,51.7,51.7,51.7,50,0,57.06,53.35,64.0
813,2021-06-03 10:16:00,51.7,51.7,51.7,51.7,50,0,57.06,53.35,64.0
814,2021-06-03 10:17:00,63.9,63.9,63.9,63.9,50,2100,57.17,52.35,63.9
815,2021-06-03 10:18:00,63.9,63.9,63.9,63.9,50,2100,57.17,52.35,63.9
816,2021-06-03 10:19:00,63.8,63.8,63.8,63.8,25,0,57.31,52.0,63.8
817,2021-06-03 10:20:00,63.8,63.8,63.8,63.8,25,0,57.31,52.0,63.8
818,2021-06-03 10:21:00,63.8,63.8,63.8,63.8,25,0,57.31,52.0,63.8
819,2021-06-03 10:22:00,63.8,63.8,63.8,63.8,25,0,57.31,52.0,63.8
820,2021-06-03 10:23:00,63.8,63.8,63.8,63.8,25,0,57.31,52.0,63.8
821,2021-06-03 10:24:00,63.7,63.7,63.7,63.7,25,0,57.45,50.2,63.65
822,2021-06-03 10:25:00,63.7,63.7,63.7,63.7,25,0,57.45,50.2,63.65
823,2021-06-03 10:26:00,63.7,63.7,63.7,63.7,25,0,57.45,50.2,63.65
824,2021-06-03 10:27:00,63.7,63.7,63.7,63.7,25,0,57.45,50.2,63.65
825,2021-06-03 10:28:00,63.7,63.7,63.7,63.7,25,0,57.45,50.2,63.65
826,2021-06-03 10:29:00,63.0,63.0,63.0,63.0,25,0,57.56,50.05,63.65
827,2021-06-03 10:30:00,63.0,63.0,63.0,63.0,25,0,57.56,50.05,63.65
828,2021-06-03 10:31:00,63.0,63.0,63.0,63.0,25,0,57.56,50.05,63.65
829,2021-06-03 10:32:00,63.0,63.0,63.0,63.0,25,0,57.56,50.05,63.65
830,2021-06-03 10:33:00,63.0,63.0,63.0,63.0,25,0,57.56,50.05,63.65
831,2021-06-03 10:34:00,63.0,63.0,63.0,63.0,25,0,57.56,50.05,63.65
832,2021-06-03 10:35:00,63.0,63.0,63.0,63.0,25,0,57.56,50.05,63.65
833,2021-06-03 10:36:00,63.0,63.0,63.0,63.0,25,0,57.56,50.05,63.65
834,2021-06-03 10:37:00,63.0,63.0,63.0,63.0,25,0,57.56,50.05,63.65
835,2021-06-03 10:38:00,63.0,63.0,63.0,63.0,25,0,57.56,50.05,63.65
836,2021-06-03 10:39:00,63.0,63.0,63.0,63.0,25,0,57.56,50.05,63.65
837,2021-06-03 10:40:00,63.0,63.0,63.0,63.0,25,0,57.56,50.05,63.65
838,2021-06-03 10:41:00,63.0,63.0,63.0,63.0,25,0,57.56,50.05,63.65
839,2021-06-03 10:42:00,63.0,63.0,63.0,63.0,25,0,57.56,50.05,63.65
840,2021-06-03 10:43:00,63.0,63.0,63.0,63.0,25,0,57.56,50.05,63.65
841,2021-06-03 10:44:00,63.0,63.0,63.0,63.0,25,0,57.56,50.05,63.65
842,2021-06-03 10:45:00,63.0,63.0,63.0,63.0,25,0,57.56,50.05,63.65
843,2021-06-03 10:46:00,63.0,63.0,63.0,63.0,25,0,57.56,50.05,63.65
844,2021-06-03 10:47:00,63.0,63.0,63.0,63.0,25,0,57.56,50.05,63.65
845,2021-06-03 10:48:00,63.0,63.0,63.0,63.0,25,0,57.56,50.05,63.65
846,2021-06-03 10:49:00,63.0,63.0,63.0,63.0,25,0,57.56,50.05,63.65
847,2021-06-03 10:50:00,63.0,63.0,63.0,63.0,25,0,57.56,50.05,63.65
848,2021-06-03 10:51:00,63.0,63.0,63.0,63.0,25,0,57.56,50.05,63.65
849,2021-06-03 10:52:00,63.0,63.0,63.0,63.0,25,0,57.56,50.05,63.65
850,2021-06-03 10:53:00,63.0,63.0,63.0,63.0,25,0,57.56,50.05,63.65
851,2021-06-03 10:54:00,63.0,63.0,63.0,63.0,25,0,57.56,50.05,63.65
852,2021-06-03 10:55:00,63.0,63.0,63.0,63.0,25,0,57.56,50.05,63.65
853,2021-06-03 10:56:00,63.0,63.0,63.0,63.0,25,0,57.56,50.05,63.65
854,2021-06-03 10:57:00,63.0,63.0,63.0,63.0,25,0,57.56,50.05,63.65
855,2021-06-03 10:58:00,63.0,63.0,63.0,63.0,25,0,57.56,50.05,63.65
856,2021-06-03 10:59:00,63.0,63.0,63.0,63.0,25,0,57.56,50.05,63.65
857,2021-06-03 11:00:00,63.0,63.0,63.0,63.0,25,0,57.56,50.05,63.65
858,2021-06-03 11:01:00,63.0,63.0,63.0,63.0,25,0,57.56,50.05,63.65
859,2021-06-03 11:02:00,63.0,63.0,63.0,63.0,25,0,57.56,50.05,63.65
860,2021-06-03 11:03:00,63.0,63.0,63.0,63.0,25,0,57.56,50.05,63.65
861,2021-06-03 11:04:00,63.0,63.0,63.0,63.0,25,0,57.56,50.05,63.65
862,2021-06-03 11:05:00,63.0,63.0,63.0,63.0,25,0,57.56,50.05,63.65
863,2021-06-03 11:06:00,63.0,63.0,63.0,63.0,25,0,57.56,50.05,63.65
864,2021-06-03 11:07:00,63.0,63.0,63.0,63.0,25,0,57.56,50.05,63.65
865,2021-06-03 11:08:00,63.0,63.0,63.0,63.0,25,0,57.56,50.05,63.65
866,2021-06-03 11:09:00,63.0,63.0,63.0,63.0,25,0,57.56,50.05,63.65
867,2021-06-03 11:10:00,63.0,63.0,63.0,63.0,25,0,57.56,50.05,63.65
868,2021-06-03 11:11:00,63.0,63.0,63.0,63.0,25,0,57.56,50.05,63.65
869,2021-06-03 11:12:00,63.0,63.0,63.0,63.0,25,0,57.56,50.05,63.65
870,2021-06-03 11:13:00,60.0,60.0,60.0,60.0,25,2150,57.61,53.7,61.0
871,2021-06-03 11:14:00,60.0,60.0,60.0,60.0,25,2150,57.61,53.7,61.0
872,2021-06-03 11:15:00,60.0,60.0,60.0,60.0,25,2150,57.61,53.7,61.0
873,2021-06-03 11:16:00,60.0,60.0,60.0,60.0,25,2150,57.61,53.7,61.0
874,2021-06-03 11:17:00,60.0,60.0,60.0,60.0,25,2150,57.61,53.7,61.0
875,2021-06-03 11:18:00,60.0,60.0,60.0,60.0,25,2150,57.61,53.7,61.0
876,2021-06-03 11:19:00,60.0,60.0,60.0,60.0,25,2150,57.61,53.7,61.0
877,2021-06-03 11:20:00,60.0,60.0,60.0,60.0,25,2150,57.61,53.7,61.0
878,2021-06-03 11:21:00,60.0,60.0,60.0,60.0,25,2150,57.61,53.7,61.0
879,2021-06-03 11:22:00,60.0,60.0,60.0,60.0,25,2150,57.61,53.7,61.0
880,2021-06-03 11:23:00,60.0,60.0,60.0,60.0,25,2150,57.61,53.7,61.0
881,2021-06-03 11:24:00,60.0,60.0,60.0,60.0,25,2150,57.61,53.7,61.0
882,2021-06-03 11:25:00,61.0,61.0,61.0,61.0,50,0,57.73,53.15,62.9
883,2021-06-03 11:26:00,61.0,61.0,61.0,61.0,50,0,57.73,53.15,62.9
884,2021-06-03 11:27:00,61.0,61.0,61.0,61.0,50,0,57.73,53.15,62.9
885,2021-06-03 11:28:00,61.0,61.0,61.0,61.0,50,0,57.73,53.15,62.9
886,2021-06-03 11:29:00,61.0,61.0,61.0,61.0,50,0,57.73,53.15,62.9
887,2021-06-03 11:30:00,61.0,61.0,61.0,61.0,50,0,57.73,53.15,62.9
888,2021-06-03 11:31:00,61.0,61.0,61.0,61.0,50,0,57.73,53.15,62.9
889,2021-06-03 11:32:00,61.0,61.0,61.0,61.0,50,0,57.73,53.15,62.9
890,2021-06-03 11:33:00,61.0,61.0,61.0,61.0,50,0,57.73,53.15,62.9
891,2021-06-03 11:34:00,61.0,61.0,61.0,61.0,50,0,57.73,53.15,62.9
892,2021-06-03 11:35:00,61.0,61.0,61.0,61.0,50,0,57.73,53.15,62.9
893,2021-06-03 11:36:00,61.0,61.0,61.0,61.0,50,0,57.73,53.15,62.9
894,2021-06-03 11:37:00,61.0,61.0,61.0,61.0,50,0,57.73,53.15,62.9
895,2021-06-03 11:38:00,61.0,61.0,61.0,61.0,25,2225,57.79,52.6,60.95
896,2021-06-03 11:39:00,61.0,61.0,61.0,61.0,25,2225,57.79,52.6,60.95
897,2021-06-03 11:40:00,61.0,61.0,61.0,61.0,25,2225,57.79,52.6,60.95
898,2021-06-03 11:41:00,61.0,61.0,61.0,61.0,25,2225,57.79,52.6,60.95
899,2021-06-03 11:42:00,61.0,61.0,61.0,61.0,25,2225,57.79,52.6,60.95
900,2021-06-03 11:43:00,61.0,61.0,61.0,61.0,25,2225,57.79,52.6,60.95
901,2021-06-03 11:44:00,61.0,61.0,61.0,61.0,25,2225,57.79,52.6,60.95
902,2021-06-03 11:45:00,61.0,61.0,61.0,61.0,25,2225,57.79,52.6,60.95
903,2021-06-03 11:46:00,61.0,61.0,61.0,61.0,25,2225,57.79,52.6,60.95
904,2021-06-03 11:47:00,60.95,60.95,60.95,60.95,25,2250,57.85,53.35,60.95
905,2021-06-03 11:48:00,60.95,60.95,60.95,60.95,25,2250,57.85,53.35,60.95
906,2021-06-03 11:49:00,60.95,60.95,60.95,60.95,25,2250,57.85,53.35,60.95
907,2021-06-03 11:50:00,60.95,60.95,60.95,60.95,25,2250,57.85,53.35,60.95
908,2021-06-03 11:51:00,60.95,60.95,60.95,60.95,25,2250,57.85,53.35,60.95
909,2021-06-03 11:52:00,60.95,60.95,60.95,60.95,25,2250,57.85,53.35,60.95
910,2021-06-03 11:53:00,60.95,60.95,60.95,60.95,25,2250,57.85,53.35,60.95
911,2021-06-03 11:54:00,54.25,54.25,54.25,54.25,75,2325,57.9,52.3,60.95
912,2021-06-03 11:55:00,54.25,54.25,54.25,54.25,75,2325,57.9,52.3,60.95
913,2021-06-03 11:56:00,54.25,54.25,54.25,54.25,75,2325,57.9,52.3,60.95
914,2021-06-03 11:57:00,54.25,54.25,54.25,54.25,75,2325,57.9,52.3,60.95
915,2021-06-03 11:58:00,54.25,54.25,54.25,54.25,75,2325,57.9,52.3,60.95
916,2021-06-03 11:59:00,54.25,54.25,54.25,54.25,75,2325,57.9,52.3,60.95
917,2021-06-03 12:00:00,54.25,54.25,54.25,54.25,75,2325,57.9,52.3,60.95
918,2021-06-03 12:01:00,54.25,54.25,54.25,54.25,75,2325,57.9,52.3,60.95
919,2021-06-03 12:02:00,54.25,54.25,54.25,54.25,75,2325,57.9,52.3,60.95
920,2021-06-03 12:03:00,54.25,54.25,54.25,54.25,75,2325,57.9,52.3,60.95
921,2021-06-03 12:04:00,54.25,54.25,54.25,54.25,75,2325,57.9,52.3,60.95
922,2021-06-03 12:05:00,54.25,54.25,54.25,54.25,75,2325,57.9,52.3,60.95
923,2021-06-03 12:06:00,54.25,54.25,54.25,54.25,75,2325,57.9,52.3,60.95
924,2021-06-03 12:07:00,54.25,54.25,54.25,54.25,75,2325,57.9,52.3,60.95
925,2021-06-03 12:08:00,54.25,54.25,54.25,54.25,75,2325,57.9,52.3,60.95
926,2021-06-03 12:09:00,54.25,54.25,54.25,54.25,75,2325,57.9,52.3,60.95
927,2021-06-03 12:10:00,53.7,53.7,53.7,53.7,125,2300,57.57,52.05,60.7
928,2021-06-03 12:11:00,60.7,60.7,60.7,60.7,25,2300,57.62,52.05,60.7
929,2021-06-03 12:12:00,60.7,60.7,60.7,60.7,25,2300,57.62,52.05,60.7
930,2021-06-03 12:13:00,60.7,60.7,60.7,60.7,25,2300,57.62,52.05,60.7
931,2021-06-03 12:14:00,60.7,60.7,60.7,60.7,25,2300,57.62,52.05,60.7
932,2021-06-03 12:15:00,60.0,60.0,60.0,60.0,25,0,57.66,53.05,60.7
933,2021-06-03 12:16:00,60.0,60.0,60.0,60.0,25,0,57.66,53.05,60.7
934,2021-06-03 12:17:00,60.0,60.0,60.0,60.0,25,0,57.66,53.05,60.7
935,2021-06-03 12:18:00,60.0,60.0,60.0,60.0,25,0,57.66,53.05,60.7
936,2021-06-03 12:19:00,60.0,60.0,60.0,60.0,25,0,57.66,53.05,60.7
937,2021-06-03 12:20:00,60.0,60.0,60.0,60.0,25,0,57.66,53.05,60.7
938,2021-06-03 12:21:00,60.0,60.0,60.0,60.0,25,0,57.66,53.05,60.7
939,2021-06-03 12:22:00,60.0,60.0,60.0,60.0,25,0,57.66,53.05,60.7
940,2021-06-03 12:23:00,60.0,60.0,60.0,60.0,25,0,57.66,53.05,60.7
941,2021-06-03 12:24:00,60.7,60.7,60.7,60.7,75,0,57.79,55.8,61.0
942,2021-06-03 12:25:00,60.7,60.7,60.7,60.7,75,0,57.79,55.8,61.0
943,2021-06-03 12:26:00,60.7,60.7,60.7,60.7,75,0,57.79,55.8,61.0
944,2021-06-03 12:27:00,60.7,60.7,60.7,60.7,75,0,57.79,55.8,61.0
945,2021-06-03 12:28:00,60.7,60.7,60.7,60.7,75,0,57.79,55.8,61.0
946,2021-06-03 12:29:00,60.7,60.7,60.7,60.7,75,0,57.79,55.8,61.0
947,2021-06-03 12:30:00,60.7,60.7,60.7,60.7,75,0,57.79,55.8,61.0
948,2021-06-03 12:31:00,60.7,60.7,60.7,60.7,75,0,57.79,55.8,61.0
949,2021-06-03 12:32:00,60.7,60.7,60.7,60.7,75,0,57.79,55.8,61.0
950,2021-06-03 12:33:00,60.7,60.7,60.7,60.7,75,0,57.79,55.8,61.0
951,2021-06-03 12:34:00,60.7,60.7,60.7,60.7,75,0,57.79,55.8,61.0
952,2021-06-03 12:35:00,60.7,60.7,60.7,60.7,75,0,57.79,55.8,61.0
953,2021-06-03 12:36:00,60.7,60.7,60.7,60.7,75,0,57.79,55.8,61.0
954,2021-06-03 12:37:00,60.7,60.7,60.7,60.7,75,0,57.79,55.8,61.0
955,2021-06-03 12:38:00,60.7,60.7,60.7,60.7,75,0,57.79,55.8,61.0
956,2021-06-03 12:39:00,60.7,60.7,60.7,60.7,75,0,57.79,55.8,61.0
957,2021-06-03 12:40:00,60.7,60.7,60.7,60.7,75,0,57.79,55.8,61.0
958,2021-06-03 12:41:00,60.7,60.7,60.7,60.7,75,0,57.79,55.8,61.0
959,2021-06-03 12:42:00,60.7,60.7,60.7,60.7,75,0,57.79,55.8,61.0
960,2021-06-03 12:43:00,60.7,60.7,60.7,60.7,75,0,57.79,55.8,61.0
961,2021-06-03 12:44:00,60.7,60.7,60.7,60.7,75,0,57.79,55.8,61.0
962,2021-06-03 12:45:00,58.25,58.25,58.25,58.25,25,2400,57.8,56.3,61.0
963,2021-06-03 12:46:00,58.25,58.25,58.25,58.25,25,2400,57.8,56.3,61.0
964,2021-06-03 12:47:00,58.25,58.25,58.25,58.25,25,2400,57.8,56.3,61.0
965,2021-06-03 12:48:00,58.25,58.25,58.25,58.25,25,2400,57.8,56.3,61.0
966,2021-06-03 12:49:00,58.25,58.25,58.25,58.25,25,2400,57.8,56.3,61.0
967,2021-06-03 12:50:00,58.25,58.25,58.25,58.25,25,2400,57.8,56.3,61.0
968,2021-06-03 12:51:00,58.25,58.25,58.25,58.25,25,2400,57.8,56.3,61.0
969,2021-06-03 12:52:00,58.25,58.25,58.25,58.25,25,2400,57.8,56.3,61.0
970,2021-06-03 12:53:00,58.25,58.25,58.25,58.25,25,2400,57.8,56.3,61.0
971,2021-06-03 12:54:00,58.25,58.25,58.25,58.25,25,2400,57.8,56.3,61.0
972,2021-06-03 12:55:00,58.25,58.25,58.25,58.25,25,2400,57.8,56.3,61.0
973,2021-06-03 12:56:00,60.6,60.6,60.6,60.6,25,0,57.84,56.0,60.6
974,2021-06-03 12:57:00,60.6,60.6,60.6,60.6,25,0,57.84,56.0,60.6
975,2021-06-03 12:58:00,60.6,60.6,60.6,60.6,25,0,57.84,56.0,60.6
976,2021-06-03 12:59:00,60.6,60.6,60.6,60.6,25,0,57.84,56.0,60.6
977,2021-06-03 13:00:00,60.6,60.6,60.6,60.6,25,0,57.84,56.0,60.6
978,2021-06-03 13:01:00,60.6,60.6,60.6,60.6,25,0,57.84,56.0,60.6
979,2021-06-03 13:02:00,60.6,60.6,60.6,60.6,25,0,57.84,56.0,60.6
980,2021-06-03 13:03:00,60.6,60.6,60.6,60.6,25,0,57.84,56.0,60.6
981,2021-06-03 13:04:00,60.6,60.6,60.6,60.6,25,0,57.84,56.0,60.6
982,2021-06-03 13:05:00,60.6,60.6,60.6,60.6,25,0,57.84,56.0,60.6
983,2021-06-03 13:06:00,60.6,60.6,60.6,60.6,25,0,57.88,56.05,61.0
984,2021-06-03 13:07:00,60.6,60.6,60.6,60.6,25,0,57.88,56.05,61.0
985,2021-06-03 13:08:00,60.6,60.6,60.6,60.6,25,0,57.88,56.05,61.0
986,2021-06-03 13:09:00,60.6,60.6,60.6,60.6,25,0,57.88,56.05,61.0
987,2021-06-03 13:10:00,60.6,60.6,60.6,60.6,25,0,57.88,56.05,61.0
988,2021-06-03 13:11:00,60.6,60.6,60.6,60.6,25,0,57.88,56.05,61.0
989,2021-06-03 13:12:00,60.6,60.6,60.6,60.6,25,0,57.88,56.05,61.0
990,2021-06-03 13:13:00,60.6,60.6,60.6,60.6,25,0,57.88,56.05,61.0
991,2021-06-03 13:14:00,60.6,60.6,60.6,60.6,25,0,57.88,56.05,61.0
992,2021-06-03 13:15:00,60.0,60.0,60.0,60.0,25,0,57.91,56.25,61.0
993,2021-06-03 13:16:00,60.0,60.0,60.0,60.0,25,0,57.91,56.25,61.0
994,2021-06-03 13:17:00,60.0,60.0,60.0,60.0,25,0,57.91,56.25,61.0
995,2021-06-03 13:18:00,60.0,60.0,60.0,60.0,25,0,57.91,56.25,61.0
996,2021-06-03 13:19:00,60.0,60.0,60.0,60.0,25,0,57.91,56.25,61.0
997,2021-06-03 13:20:00,61.9,61.9,61.9,61.9,175,0,58.24,56.25,62.0
998,2021-06-03 13:21:00,61.9,61.9,61.9,61.9,175,0,58.24,56.25,62.0
999,2021-06-03 13:22:00,61.9,61.9,61.9,61.9,175,0,58.24,56.25,62.0
1000,2021-06-03 13:23:00,61.9,61.9,61.9,61.9,175,0,58.24,56.25,62.0
1001,2021-06-03 13:24:00,61.9,61.9,61.9,61.9,175,0,58.24,56.25,62.0
1002,2021-06-03 13:25:00,61.9,61.9,61.9,61.9,175,0,58.24,56.25,62.0
1003,2021-06-03 13:26:00,61.9,61.9,61.9,61.9,175,0,58.24,56.25,62.0
1004,2021-06-03 13:27:00,61.9,61.9,61.9,61.9,175,0,58.24,56.25,62.0
1005,2021-06-03 13:28:00,61.9,61.9,61.9,61.9,175,0,58.24,56.25,62.0
1006,2021-06-03 13:29:00,61.9,61.9,61.9,61.9,175,0,58.24,56.25,62.0
1007,2021-06-03 13:30:00,61.9,61.9,61.9,61.9,175,0,58.24,56.25,62.0
1008,2021-06-03 13:31:00,61.9,61.9,61.9,61.9,175,0,58.24,56.25,62.0
1009,2021-06-03 13:32:00,61.9,61.9,61.9,61.9,175,0,58.24,56.25,62.0
1010,2021-06-03 13:33:00,61.9,61.9,61.9,61.9,175,0,58.24,56.25,62.0
1011,2021-06-03 13:34:00,61.9,61.9,61.9,61.9,175,0,58.24,56.25,62.0
1012,2021-06-03 13:35:00,61.9,61.9,61.9,61.9,175,0,58.24,56.25,62.0
1013,2021-06-03 13:36:00,61.9,61.9,61.9,61.9,175,0,58.24,56.25,62.0
1014,2021-06-03 13:37:00,61.9,61.9,61.9,61.9,175,0,58.24,56.25,62.0
1015,2021-06-03 13:38:00,58.8,58.8,58.8,58.8,75,2600,58.19,55.55,62.0
1016,2021-06-03 13:39:00,58.8,58.8,58.8,58.8,75,2600,58.19,55.55,62.0
1017,2021-06-03 13:40:00,58.8,58.8,58.8,58.8,75,2600,58.19,55.55,62.0
1018,2021-06-03 13:41:00,58.8,58.8,58.8,58.8,75,2600,58.19,55.55,62.0
1019,2021-06-03 13:42:00,58.8,58.8,58.8,58.8,75,2600,58.19,55.55,62.0
1020,2021-06-03 13:43:00,58.8,58.8,58.8,58.8,75,2600,58.19,55.55,62.0
1021,2021-06-03 13:44:00,58.8,58.8,58.8,58.8,75,2600,58.19,55.55,62.0
1022,2021-06-03 13:45:00,58.8,58.8,58.8,58.8,75,2600,58.19,55.55,62.0
1023,2021-06-03 13:46:00,58.8,58.8,58.8,58.8,75,2600,58.19,55.55,62.0
1024,2021-06-03 13:47:00,58.8,58.8,58.8,58.8,75,2600,58.19,55.55,62.0
1025,2021-06-03 13:48:00,58.8,58.8,58.8,58.8,75,2600,58.19,55.55,62.0
1026,2021-06-03 13:49:00,61.95,61.95,61.95,61.95,25,0,58.23,55.55,61.95
1027,2021-06-03 13:50:00,61.95,61.95,61.95,61.95,25,0,58.23,55.55,61.95
1028,2021-06-03 13:51:00,61.95,61.95,61.95,61.95,25,0,58.23,55.55,61.95
1029,2021-06-03 13:52:00,61.95,61.95,61.95,61.95,25,0,58.23,55.55,61.95
1030,2021-06-03 13:53:00,61.95,61.95,61.95,61.95,25,0,58.23,55.55,61.95
1031,2021-06-03 13:54:00,61.0,61.0,61.0,61.0,25,0,58.27,55.0,60.95
1032,2021-06-03 13:55:00,61.0,61.0,61.0,61.0,25,0,58.27,55.0,60.95
1033,2021-06-03 13:56:00,61.0,61.0,61.0,61.0,25,0,58.27,55.0,60.95
1034,2021-06-03 13:57:00,61.0,61.0,61.0,61.0,25,0,58.27,55.0,60.95
1035,2021-06-03 13:58:00,61.0,61.0,61.0,61.0,25,0,58.27,55.0,60.95
1036,2021-06-03 13:59:00,61.0,61.0,61.0,61.0,25,0,58.27,55.0,60.95
1037,2021-06-03 14:00:00,61.0,61.0,61.0,61.0,25,0,58.27,55.0,60.95
1038,2021-06-03 14:01:00,61.0,61.0,61.0,61.0,25,0,58.27,55.0,60.95
1039,2021-06-03 14:02:00,61.0,61.0,61.0,61.0,25,0,58.27,55.0,60.95
1040,2021-06-03 14:03:00,61.0,61.0,61.0,61.0,25,0,58.27,55.0,60.95
1041,2021-06-03 14:04:00,61.0,61.0,61.0,61.0,25,0,58.27,55.0,60.95
1042,2021-06-03 14:05:00,61.0,61.0,61.0,61.0,25,0,58.27,55.0,60.95
1043,2021-06-03 14:06:00,61.0,61.0,61.0,61.0,25,0,58.27,55.0,60.95
1044,2021-06-03 14:07:00,61.0,61.0,61.0,61.0,25,0,58.27,55.0,60.95
1045,2021-06-03 14:08:00,61.0,61.0,61.0,61.0,25,0,58.27,55.0,60.95
1046,2021-06-03 14:09:00,61.0,61.0,61.0,61.0,25,0,58.27,55.0,60.95
1047,2021-06-03 14:10:00,61.0,61.0,61.0,61.0,25,0,58.27,55.0,60.95
1048,2021-06-03 14:11:00,61.0,61.0,61.0,61.0,25,0,58.27,55.0,60.95
1049,2021-06-03 14:12:00,55.0,55.0,55.0,55.0,100,2675,58.12,57.0,60.25
1050,2021-06-03 14:13:00,58.0,58.0,58.0,58.0,50,0,58.11,55.0,57.0
1051,2021-06-03 14:14:00,58.0,58.0,58.0,58.0,50,0,58.11,55.0,57.0
1052,2021-06-03 14:15:00,58.0,58.0,58.0,58.0,50,0,58.11,55.0,57.0
1053,2021-06-03 14:16:00,58.0,58.0,58.0,58.0,50,0,58.11,55.0,57.0
1054,2021-06-03 14:17:00,58.0,58.0,58.0,58.0,50,0,58.11,55.0,57.0
1055,2021-06-03 14:18:00,58.0,58.0,58.0,58.0,75,0,58.11,55.05,60.95
1056,2021-06-03 14:19:00,58.0,58.0,58.0,58.0,75,0,58.11,55.05,60.95
1057,2021-06-03 14:20:00,59.3,59.3,59.3,59.3,25,0,58.12,55.05,60.7
1058,2021-06-03 14:21:00,59.3,59.3,59.3,59.3,25,0,58.12,55.05,60.7
1059,2021-06-03 14:22:00,59.3,59.3,59.3,59.3,25,0,58.12,55.05,60.7
1060,2021-06-03 14:23:00,59.3,59.3,59.3,59.3,25,0,58.12,55.05,60.7
1061,2021-06-03 14:24:00,59.3,59.3,59.3,59.3,25,0,58.12,55.05,60.7
1062,2021-06-03 14:25:00,59.3,59.3,59.3,59.3,25,0,58.12,55.05,60.7
1063,2021-06-03 14:26:00,60.9,60.9,60.9,60.9,25,0,58.15,55.0,60.9
1064,2021-06-03 14:27:00,60.9,60.9,60.9,60.9,25,0,58.15,55.0,60.9
1065,2021-06-03 14:28:00,60.7,60.7,60.7,60.7,50,2675,58.15,55.0,60.45
1066,2021-06-03 14:29:00,60.7,60.7,60.7,60.7,50,2675,58.15,55.0,60.45
1067,2021-06-03 14:30:00,59.3,59.3,59.3,59.3,25,0,58.16,55.0,59.9
1068,2021-06-03 14:31:00,59.3,59.3,59.3,59.3,25,0,58.16,55.0,59.9
1069,2021-06-03 14:32:00,59.3,59.3,59.3,59.3,25,0,58.16,55.0,59.9
1070,2021-06-03 14:33:00,59.3,59.3,59.3,59.3,25,0,58.16,55.0,59.9
1071,2021-06-03 14:34:00,55.15,55.15,55.15,55.15,25,0,58.13,55.05,58.0
1072,2021-06-03 14:35:00,58.0,58.0,58.0,58.0,350,2700,58.11,55.05,60.9
1073,2021-06-03 14:36:00,60.9,60.9,60.9,60.9,50,2700,58.12,55.05,60.8
1074,2021-06-03 14:37:00,60.9,60.9,60.9,60.9,50,2700,58.12,55.05,60.8
1075,2021-06-03 14:38:00,60.9,60.9,60.9,60.9,50,2700,58.12,55.05,60.8
1076,2021-06-03 14:39:00,60.9,60.9,60.9,60.9,50,2700,58.12,55.05,60.8
1077,2021-06-03 14:40:00,60.9,60.9,60.9,60.9,50,2700,58.12,55.05,60.8
1078,2021-06-03 14:41:00,60.9,60.9,60.9,60.9,50,2700,58.12,55.05,60.8
1079,2021-06-03 14:42:00,60.9,60.9,60.9,60.9,50,2700,58.12,55.05,60.8
1080,2021-06-03 14:43:00,60.9,60.9,60.9,60.9,50,2700,58.12,55.05,60.8
1081,2021-06-03 14:44:00,60.9,60.9,60.9,60.9,50,2700,58.12,55.05,60.8
1082,2021-06-03 14:45:00,64.0,64.0,64.0,64.0,300,3050,58.55,55.4,63.95
1083,2021-06-03 14:46:00,64.0,64.0,64.0,64.0,300,3050,58.55,55.4,63.95
1084,2021-06-03 14:47:00,64.0,64.0,64.0,64.0,300,3050,58.55,55.4,63.95
1085,2021-06-03 14:48:00,64.0,64.0,64.0,64.0,300,3050,58.55,55.4,63.95
1086,2021-06-03 14:49:00,64.0,64.0,64.0,64.0,300,3050,58.55,55.4,63.95
1087,2021-06-03 14:50:00,64.0,64.0,64.0,64.0,300,3050,58.55,55.4,63.95
1088,2021-06-03 14:51:00,64.0,64.0,64.0,64.0,300,3050,58.55,55.4,63.95
1089,2021-06-03 14:52:00,64.0,64.0,64.0,64.0,300,3050,58.55,55.4,63.95
1090,2021-06-03 14:53:00,59.0,59.0,59.0,59.0,150,3325,58.57,55.05,63.45
1091,2021-06-03 14:54:00,60.05,60.05,60.05,60.05,50,3425,58.58,52.1,63.45
1092,2021-06-03 14:55:00,60.05,60.05,60.05,60.05,50,3425,58.58,52.1,63.45
1093,2021-06-03 14:56:00,61.0,61.0,61.0,61.0,125,3425,58.66,59.0,63.95
1094,2021-06-03 14:57:00,61.0,61.0,61.0,61.0,25,0,58.67,59.0,61.0
1095,2021-06-03 14:58:00,61.0,61.0,61.0,61.0,25,0,58.67,59.0,61.0
1096,2021-06-03 14:59:00,59.0,59.0,59.0,59.0,25,3575,58.68,61.0,63.9
1097,2021-06-03 15:00:00,61.0,61.0,61.0,61.0,25,0,58.69,59.0,61.0
1098,2021-06-03 15:01:00,61.0,61.0,61.0,61.0,25,0,58.69,59.0,61.0
1099,2021-06-03 15:02:00,58.3,58.3,58.3,58.3,50,0,58.69,55.4,58.0
1100,2021-06-03 15:03:00,55.0,55.0,55.0,55.0,25,3575,58.67,53.8,62.95
1101,2021-06-03 15:04:00,55.0,55.0,55.0,55.0,25,3575,58.67,53.8,62.95
1102,2021-06-03 15:05:00,55.0,55.0,55.0,55.0,25,3575,58.67,53.8,62.95
1103,2021-06-03 15:06:00,55.0,55.0,55.0,55.0,25,3575,58.67,53.8,62.95
1104,2021-06-03 15:07:00,62.0,62.0,62.0,62.0,75,3600,58.67,52.4,63.4
1105,2021-06-03 15:08:00,62.0,62.0,62.0,62.0,75,3600,58.67,52.4,63.4
1106,2021-06-03 15:09:00,62.0,62.0,62.0,62.0,75,3600,58.67,52.4,63.4
1107,2021-06-03 15:10:00,62.0,62.0,62.0,62.0,75,3600,58.67,52.4,63.4
1108,2021-06-03 15:11:00,58.9,58.9,58.9,58.9,25,3675,58.67,52.5,58.0
1109,2021-06-03 15:12:00,52.5,52.5,52.5,52.5,50,0,58.59,52.5,57.0
1110,2021-06-03 15:13:00,52.5,52.5,52.5,52.5,50,0,58.59,52.5,57.0
1111,2021-06-03 15:14:00,52.5,52.5,52.5,52.5,50,0,58.59,52.5,57.0
1112,2021-06-03 15:15:00,52.5,52.5,52.5,52.5,50,0,58.59,52.5,57.0
1113,2021-06-03 15:16:00,52.5,52.5,52.5,52.5,50,0,58.59,52.5,57.0
1114,2021-06-03 15:17:00,59.1,59.1,59.1,59.1,1125,3700,57.35,53.55,59.1
1115,2021-06-03 15:18:00,59.1,59.1,59.1,59.1,1125,3700,57.35,53.55,59.1
1116,2021-06-03 15:19:00,60.0,60.0,60.0,60.0,125,0,57.39,54.85,61.9
1117,2021-06-03 15:20:00,60.0,60.0,60.0,60.0,125,0,57.39,54.85,61.9
1118,2021-06-03 15:21:00,55.35,55.35,55.35,55.35,50,4250,57.37,53.15,61.4
1119,2021-06-03 15:22:00,55.35,55.35,55.35,55.35,200,0,57.3,53.3,60.35
1120,2021-06-03 15:23:00,55.35,55.35,55.35,55.35,100,4275,57.26,53.1,60.35
1121,2021-06-03 15:24:00,53.25,53.25,53.25,53.25,25,4275,57.24,53.1,59.0
1122,2021-06-03 15:25:00,53.25,53.25,53.25,53.25,25,4275,57.24,53.1,59.0
1123,2021-06-03 15:26:00,59.0,59.0,59.0,59.0,25,0,57.25,53.1,59.9
1124,2021-06-03 15:27:00,59.0,59.0,59.0,59.0,25,0,57.25,53.1,59.9
1125,2021-06-03 15:28:00,59.0,59.0,59.0,59.0,25,0,57.25,53.1,59.9
1126,2021-06-03 15:29:00,59.0,59.0,59.0,59.0,25,0,57.25,53.1,59.9
1127,2021-06-03 15:30:00,59.0,59.0,59.0,59.0,150,0,57.3,55.0,59.0
1128,2021-06-04 09:15:00,67.25,67.25,67.25,67.25,25,4550,67.25,57.75,69.3
1129,2021-06-04 09:16:00,60.65,60.65,58.0,60.65,150,4550,61.22,56.7,63.35
1130,2021-06-04 09:17:00,60.0,60.0,56.9,58.15,575,4750,59.51,58.55,60.15
1131,2021-06-04 09:18:00,59.4,59.4,59.4,59.4,175,4750,59.58,40.15,61.4
1132,2021-06-04 09:19:00,66.2,69.1,66.2,66.2,300,4750,60.43,65.9,69.85
1133,2021-06-04 09:20:00,66.2,69.1,66.2,66.2,300,4750,60.43,65.9,69.85
1134,2021-06-04 09:21:00,65.0,65.0,65.0,65.0,1000,5000,62.61,64.8,65.45
1135,2021-06-04 09:22:00,65.0,65.0,65.0,65.0,1000,5000,62.61,64.8,65.45
1136,2021-06-04 09:23:00,65.85,65.85,65.85,65.85,350,0,63.05,65.65,66.3
1137,2021-06-04 09:24:00,65.85,65.85,65.85,65.85,350,0,63.05,65.65,66.3
1138,2021-06-04 09:25:00,65.6,65.6,65.6,65.6,75,5225,63.13,65.25,65.65
1139,2021-06-04 09:26:00,65.6,65.6,65.6,65.6,75,5225,63.13,65.25,65.65
1140,2021-06-04 09:27:00,64.5,64.5,64.5,64.5,75,5150,63.17,61.7,61.95
1141,2021-06-04 09:28:00,63.2,63.2,63.2,63.2,575,5150,63.04,62.7,63.15
1142,2021-06-04 09:29:00,62.25,62.25,62.25,62.25,50,0,63.03,62.25,62.5
1143,2021-06-04 09:30:00,62.25,62.25,62.25,62.25,50,0,63.03,62.25,62.5
1144,2021-06-04 09:31:00,62.3,62.3,62.3,62.3,225,5050,62.98,62.55,62.8
1145,2021-06-04 09:32:00,62.8,62.8,62.8,62.8,25,5250,62.98,62.0,62.45
1146,2021-06-04 09:33:00,59.3,59.3,59.3,59.3,225,5250,62.8,59.2,59.6
1147,2021-06-04 09:34:00,59.7,59.7,59.7,59.7,825,5250,62.19,59.6,60.1
1148,2021-06-04 09:35:00,59.7,59.7,59.7,59.7,825,5250,62.19,59.6,60.1
1149,2021-06-04 09:36:00,60.15,60.15,60.15,60.15,100,5400,62.15,59.8,60.3
1150,2021-06-04 09:37:00,59.6,59.6,59.6,59.6,50,5400,62.13,58.4,58.85
1151,2021-06-04 09:38:00,58.4,58.4,58.4,58.4,375,5650,61.87,58.6,59.25
1152,2021-06-04 09:39:00,58.4,58.4,58.4,58.4,375,5650,61.87,58.6,59.25
1153,2021-06-04 09:40:00,58.65,58.65,58.65,58.65,25,5650,61.85,59.0,59.45
1154,2021-06-04 09:41:00,59.5,59.5,59.5,59.5,300,5525,61.71,60.0,60.4
1155,2021-06-04 09:42:00,59.9,59.9,59.9,59.9,250,5525,61.64,60.15,60.7
1156,2021-06-04 09:43:00,61.4,61.4,61.4,61.4,525,5525,61.64,60.85,61.55
1157,2021-06-04 09:44:00,60.9,60.9,60.9,60.9,250,5975,61.62,61.05,61.55
1158,2021-06-04 09:45:00,60.9,60.9,60.9,60.9,250,5975,61.62,61.05,61.55
1159,2021-06-04 09:46:00,60.55,60.55,60.55,60.55,275,5975,61.59,60.95,61.45
1160,2021-06-04 09:47:00,62.4,62.4,62.4,62.4,25,6125,61.59,61.0,61.35
1161,2021-06-04 09:48:00,62.25,62.25,62.25,62.25,50,0,61.59,61.65,62.1
1162,2021-06-04 09:49:00,62.25,62.25,62.25,62.25,50,0,61.59,61.65,62.1
1163,2021-06-04 09:50:00,61.15,61.15,61.15,61.15,50,6125,61.59,61.4,61.75
1164,2021-06-04 09:51:00,61.65,61.65,61.65,61.65,25,6125,61.59,61.45,62.0
1165,2021-06-04 09:52:00,62.75,62.75,62.75,62.75,75,6125,61.59,61.75,62.2
1166,2021-06-04 09:53:00,61.15,61.15,61.15,61.15,175,6225,61.59,61.25,61.7
1167,2021-06-04 09:54:00,61.15,61.15,61.15,61.15,175,6225,61.59,61.25,61.7
1168,2021-06-04 09:55:00,62.15,62.15,62.15,62.15,925,6225,61.84,61.15,61.75
1169,2021-06-04 09:56:00,62.1,62.1,62.1,62.1,175,6825,61.85,62.05,62.25
1170,2021-06-04 09:57:00,62.7,62.7,62.7,62.7,200,0,61.87,62.55,63.15
1171,2021-06-04 09:58:00,62.7,62.7,62.7,62.7,200,0,61.87,62.55,63.15
1172,2021-06-04 09:59:00,62.0,62.0,62.0,62.0,50,0,61.87,61.45,61.9
1173,2021-06-04 10:00:00,62.0,62.0,62.0,62.0,50,0,61.87,61.45,61.9
1174,2021-06-04 10:01:00,57.0,57.0,57.0,57.0,75,6800,61.83,56.45,57.05
1175,2021-06-04 10:02:00,56.05,56.05,56.05,56.05,400,6925,61.59,55.9,56.55
1176,2021-06-04 10:03:00,56.05,56.05,56.05,56.05,400,6925,61.59,55.9,56.55
1177,2021-06-04 10:04:00,56.05,56.05,56.05,56.05,400,6925,61.59,55.9,56.55
1178,2021-06-04 10:05:00,54.0,54.0,54.0,54.0,375,6500,61.34,53.4,54.2
1179,2021-06-04 10:06:00,50.85,54.8,50.8,54.55,600,6500,60.86,54.6,55.2
1180,2021-06-04 10:07:00,53.55,53.55,53.55,53.55,200,6500,60.71,53.05,53.9
1181,2021-06-04 10:08:00,53.55,53.55,53.55,53.55,200,6500,60.71,53.05,53.9
1182,2021-06-04 10:09:00,52.65,52.65,52.65,52.65,150,6625,60.6,52.2,52.85
1183,2021-06-04 10:10:00,51.45,51.45,51.45,51.45,25,6625,60.57,52.05,52.4
1184,2021-06-04 10:11:00,53.15,53.15,53.15,53.15,200,6625,60.42,51.8,52.1
1185,2021-06-04 10:12:00,53.0,53.0,53.0,53.0,600,6625,60.03,53.15,53.5
1186,2021-06-04 10:13:00,53.0,53.0,53.0,53.0,600,6625,60.03,53.15,53.5
1187,2021-06-04 10:14:00,52.3,52.3,52.3,52.3,175,6625,59.91,53.0,53.4
1188,2021-06-04 10:15:00,52.55,52.55,52.55,52.55,75,6900,59.86,51.9,52.15
1189,2021-06-04 10:16:00,56.3,56.3,56.3,56.3,175,6900,59.8,56.35,59.65
1190,2021-06-04 10:17:00,56.5,56.5,56.5,56.5,225,0,59.74,54.8,55.3
1191,2021-06-04 10:18:00,56.5,56.5,56.5,56.5,225,0,59.74,54.8,55.3
1192,2021-06-04 10:19:00,53.25,53.25,35.1,53.25,1000,7050,59.13,52.85,53.35
1193,2021-06-04 10:20:00,52.95,52.95,52.95,52.95,125,6750,59.07,53.2,53.7
1194,2021-06-04 10:21:00,54.75,54.75,54.75,54.75,350,6750,58.95,53.1,53.65
1195,2021-06-04 10:22:00,54.75,54.75,54.75,54.75,350,6750,58.95,53.1,53.65
1196,2021-06-04 10:23:00,52.95,52.95,52.95,52.95,50,0,58.93,52.95,53.45
1197,2021-06-04 10:24:00,53.0,53.0,53.0,53.0,25,6825,58.92,53.2,53.65
1198,2021-06-04 10:25:00,53.6,53.6,53.6,53.6,25,0,58.91,53.85,54.35
1199,2021-06-04 10:26:00,51.85,51.85,51.85,51.85,50,6825,58.88,50.2,50.65
1200,2021-06-04 10:27:00,50.15,50.15,50.15,50.15,25,6750,58.87,50.4,50.8
1201,2021-06-04 10:28:00,50.15,50.15,50.15,50.15,25,6750,58.87,50.4,50.8
1202,2021-06-04 10:29:00,51.2,51.2,51.2,51.2,975,0,58.46,51.65,52.05
1203,2021-06-04 10:30:00,51.2,51.2,51.2,51.2,975,0,58.46,51.65,52.05
1204,2021-06-04 10:31:00,53.5,53.5,53.5,53.5,50,7125,58.44,53.85,53.95
1205,2021-06-04 10:32:00,55.35,55.35,55.35,55.35,400,7050,58.35,55.15,55.65
1206,2021-06-04 10:33:00,55.35,55.35,55.35,55.35,400,7050,58.35,55.15,55.65
1207,2021-06-04 10:34:00,51.2,51.2,51.2,51.2,475,7050,58.23,51.85,52.3
1208,2021-06-04 10:35:00,53.2,53.2,53.2,53.2,275,7050,58.13,53.25,53.7
1209,2021-06-04 10:36:00,53.2,53.2,53.2,53.2,275,7050,58.13,53.25,53.7
1210,2021-06-04 10:37:00,55.4,55.4,55.4,55.4,150,7525,58.11,55.55,55.95
1211,2021-06-04 10:38:00,56.65,56.65,56.65,56.65,1525,7525,57.99,56.2,56.55
1212,2021-06-04 10:39:00,56.65,56.65,56.65,56.65,1525,7525,57.99,56.2,56.55
1213,2021-06-04 10:40:00,56.75,56.75,56.75,56.75,1000,7325,57.88,56.45,56.75
1214,2021-06-04 10:41:00,55.75,55.75,55.75,55.75,450,7325,57.83,55.1,55.5
1215,2021-06-04 10:42:00,53.45,53.45,53.45,53.45,125,7675,57.8,53.25,53.6
1216,2021-06-04 10:43:00,53.5,53.5,53.5,53.5,400,7675,57.71,52.65,53.15
1217,2021-06-04 10:44:00,53.6,53.6,53.6,53.6,350,7550,57.64,53.5,53.9
1218,2021-06-04 10:45:00,56.7,56.7,56.7,56.7,300,7550,57.62,55.75,56.75
1219,2021-06-04 10:46:00,56.7,56.7,56.7,56.7,300,7550,57.62,55.75,56.75
1220,2021-06-04 10:47:00,57.0,57.0,57.0,57.0,925,7550,57.57,56.4,56.95
1221,2021-06-04 10:48:00,57.0,57.0,57.0,57.0,925,7550,57.57,56.4,56.95
1222,2021-06-04 10:49:00,55.65,55.65,55.65,55.65,175,7600,57.56,55.35,56.55
1223,2021-06-04 10:50:00,55.65,55.65,55.65,55.65,75,7675,57.56,54.95,55.3
1224,2021-06-04 10:51:00,54.0,54.0,54.0,54.0,25,7675,57.55,55.05,55.6
1225,2021-06-04 10:52:00,55.2,55.2,55.2,55.2,25,0,57.55,54.6,55.05
1226,2021-06-04 10:53:00,55.2,55.2,55.2,55.2,25,0,57.55,54.6,55.05
1227,2021-06-04 10:54:00,55.7,55.7,55.7,55.7,25,7650,57.55,55.25,55.75
1228,2021-06-04 10:55:00,56.55,56.55,56.55,56.55,1250,7650,57.46,57.35,57.75
1229,2021-06-04 10:56:00,57.4,57.4,57.4,57.4,125,0,57.46,56.45,56.95
1230,2021-06-04 10:57:00,57.4,57.4,57.4,57.4,125,0,57.46,56.45,56.95
1231,2021-06-04 10:58:00,58.25,58.25,58.25,58.25,450,8425,57.5,55.95,56.45
1232,2021-06-04 10:59:00,58.25,58.25,58.25,58.25,450,8425,57.5,55.95,56.45
1233,2021-06-04 11:00:00,54.1,54.1,54.1,54.1,275,8600,57.46,53.95,54.4
1234,2021-06-04 11:01:00,54.6,54.6,54.6,54.6,325,8600,57.42,54.55,54.95
1235,2021-06-04 11:02:00,54.65,54.65,54.65,54.65,75,8600,57.41,54.05,54.55
1236,2021-06-04 11:03:00,54.75,54.75,54.75,54.75,375,8925,57.36,54.5,54.9
1237,2021-06-04 11:04:00,54.45,54.45,54.45,54.45,75,8925,57.35,54.0,54.55
1238,2021-06-04 11:05:00,54.45,54.45,54.45,54.45,75,8925,57.35,54.0,54.55
1239,2021-06-04 11:06:00,56.8,56.8,56.8,56.8,50,8950,57.35,56.75,57.35
1240,2021-06-04 11:07:00,56.8,56.8,56.8,56.8,50,8950,57.35,56.75,57.35
1241,2021-06-04 11:08:00,56.8,56.8,56.8,56.8,50,8950,57.35,56.75,57.35
1242,2021-06-04 11:09:00,57.9,57.9,57.9,57.9,125,8950,57.35,57.55,58.05
1243,2021-06-04 11:10:00,57.95,57.95,57.95,57.95,550,8950,57.37,57.95,58.95
1244,2021-06-04 11:11:00,56.8,56.8,56.8,56.8,75,0,57.37,57.5,57.95
1245,2021-06-04 11:12:00,60.0,60.95,59.25,59.7,200,9300,57.39,58.95,59.35
1246,2021-06-04 11:13:00,60.0,60.95,59.25,59.7,200,9300,57.39,58.95,59.35
1247,2021-06-04 11:14:00,59.7,59.7,59.7,59.7,50,9300,57.39,58.15,58.8
1248,2021-06-04 11:15:00,58.3,58.3,58.3,58.3,125,9325,57.4,59.0,59.65
1249,2021-06-04 11:16:00,58.3,58.3,58.3,58.3,125,9325,57.4,59.0,59.65
1250,2021-06-04 11:17:00,63.9,63.9,63.9,63.9,750,9550,57.55,63.1,63.65
1251,2021-06-04 11:18:00,63.65,63.65,63.65,63.65,350,9550,57.64,63.75,64.35
1252,2021-06-04 11:19:00,63.65,63.65,63.65,63.65,350,9550,57.64,63.75,64.35
1253,2021-06-04 11:20:00,63.2,65.2,63.2,65.2,300,9550,57.71,63.25,63.95
1254,2021-06-04 11:21:00,67.8,67.8,66.8,66.8,75,9875,57.74,65.3,66.1
1255,2021-06-04 11:22:00,67.8,67.8,66.8,66.8,75,9875,57.74,65.3,66.1
1256,2021-06-04 11:23:00,62.05,62.05,62.05,62.05,150,9800,57.77,62.3,62.9
1257,2021-06-04 11:24:00,63.2,63.2,63.2,63.2,100,9800,57.79,64.1,64.95
1258,2021-06-04 11:25:00,64.45,65.55,63.45,63.6,425,9800,57.89,62.0,62.35
1259,2021-06-04 11:26:00,60.95,61.15,60.95,61.15,50,9800,57.9,60.8,61.2
1260,2021-06-04 11:27:00,60.15,60.15,60.15,60.15,100,10000,57.9,59.95,60.65
1261,2021-06-04 11:28:00,60.15,60.15,60.15,60.15,100,10000,57.9,59.95,60.65
1262,2021-06-04 11:29:00,60.2,60.2,59.6,59.8,375,10000,57.93,60.65,61.2
1263,2021-06-04 11:30:00,60.2,60.2,59.6,59.8,375,10000,57.93,60.65,61.2
1264,2021-06-04 11:31:00,62.0,62.55,62.0,62.55,100,10125,57.95,61.75,62.3
1265,2021-06-04 11:32:00,62.0,62.55,62.0,62.55,100,10125,57.95,61.75,62.3
1266,2021-06-04 11:33:00,60.8,60.8,60.8,60.8,50,10175,57.95,61.15,62.35
1267,2021-06-04 11:34:00,62.0,62.0,62.0,62.0,50,0,57.96,61.1,61.8
1268,2021-06-04 11:35:00,60.0,60.0,59.95,59.95,275,10175,57.98,59.85,60.4
1269,2021-06-04 11:36:00,59.7,59.7,59.7,59.7,25,10050,57.98,59.1,59.7
1270,2021-06-04 11:37:00,59.7,59.7,59.7,59.7,25,10050,57.98,59.1,59.7
1271,2021-06-04 11:38:00,61.85,62.45,61.85,62.45,75,10050,57.99,61.7,62.05
1272,2021-06-04 11:39:00,61.85,62.45,61.85,62.45,75,10050,57.99,61.7,62.05
1273,2021-06-04 11:40:00,61.85,62.45,61.85,62.45,75,10050,57.99,61.7,62.05
1274,2021-06-04 11:41:00,61.85,62.45,61.85,62.45,75,10050,57.99,61.7,62.05
1275,2021-06-04 11:42:00,61.85,62.45,61.85,62.45,75,10050,57.99,61.7,62.05
1276,2021-06-04 11:43:00,58.75,59.0,57.7,57.7,200,10050,57.99,57.5,57.95
1277,2021-06-04 11:44:00,58.75,59.0,57.7,57.7,200,10050,57.99,57.5,57.95
1278,2021-06-04 11:45:00,58.75,59.0,57.7,57.7,200,10050,57.99,57.5,57.95
1279,2021-06-04 11:46:00,58.1,58.1,58.1,58.1,25,10125,57.99,57.65,58.1
1280,2021-06-04 11:47:00,57.8,57.8,57.8,57.8,475,10125,57.99,57.4,57.7
1281,2021-06-04 11:48:00,57.15,57.15,57.15,57.15,450,10800,57.98,56.95,57.7
1282,2021-06-04 11:49:00,57.45,57.45,57.45,57.45,200,10800,57.98,58.75,59.3
1283,2021-06-04 11:50:00,58.8,58.8,58.8,58.8,250,10800,57.98,58.7,59.1
1284,2021-06-04 11:51:00,59.1,59.1,59.1,59.1,250,11000,57.99,58.55,59.0
1285,2021-06-04 11:52:00,58.75,58.75,58.75,58.75,75,11000,57.99,58.6,59.2
1286,2021-06-04 11:53:00,60.3,60.3,60.3,60.3,300,11000,58.01,59.9,60.4
1287,2021-06-04 11:54:00,59.55,59.55,59.55,59.55,125,11575,58.02,59.2,59.65
1288,2021-06-04 11:55:00,59.85,59.85,59.85,59.85,150,11575,58.03,59.95,60.45
1289,2021-06-04 11:56:00,59.4,59.4,59.4,59.4,100,11575,58.03,59.45,59.85
1290,2021-06-04 11:57:00,59.2,59.2,59.2,59.2,400,11725,58.05,59.4,59.8
1291,2021-06-04 11:58:00,59.25,59.25,59.25,59.25,125,0,58.06,58.35,58.85
1292,2021-06-04 11:59:00,58.3,58.3,58.3,58.3,25,11725,58.06,57.35,57.75
1293,2021-06-04 12:00:00,56.15,56.15,56.15,56.15,225,12050,58.04,57.1,57.6
1294,2021-06-04 12:01:00,56.15,56.15,56.15,56.15,225,12050,58.04,57.1,57.6
1295,2021-06-04 12:02:00,57.85,57.85,57.85,57.85,75,12050,58.04,57.75,58.3
1296,2021-06-04 12:03:00,58.8,58.8,58.8,58.8,125,0,58.05,58.45,58.95
1297,2021-06-04 12:04:00,57.95,57.95,57.95,57.95,25,12250,58.05,57.85,58.15
1298,2021-06-04 12:05:00,57.95,57.95,57.95,57.95,25,12250,58.05,57.85,58.15
1299,2021-06-04 12:06:00,58.15,58.15,58.15,58.15,25,12225,58.05,58.1,58.5
1300,2021-06-04 12:07:00,57.85,57.85,57.85,57.85,75,12225,58.05,58.45,58.85
1301,2021-06-04 12:08:00,58.7,58.7,58.7,58.7,75,12225,58.05,58.35,59.05
1302,2021-06-04 12:09:00,59.95,59.95,59.95,59.95,450,12325,58.07,60.15,60.8
1303,2021-06-04 12:10:00,61.85,61.85,61.85,61.85,1525,12325,58.2,61.65,62.2
1304,2021-06-04 12:11:00,60.4,60.4,60.4,60.4,50,12325,58.2,59.9,60.45
1305,2021-06-04 12:12:00,59.0,59.0,59.0,59.0,275,13625,58.21,58.75,59.3
1306,2021-06-04 12:13:00,58.9,58.9,58.9,58.9,75,13625,58.21,59.2,59.75
1307,2021-06-04 12:14:00,59.25,59.25,59.25,59.25,700,13625,58.24,59.2,59.6
1308,2021-06-04 12:15:00,58.45,58.45,58.45,58.45,100,14400,58.24,57.15,57.85
1309,2021-06-04 12:16:00,57.35,57.35,57.35,57.35,75,0,58.24,56.8,57.3
1310,2021-06-04 12:17:00,57.35,57.35,57.35,57.35,75,0,58.24,56.8,57.3
1311,2021-06-04 12:18:00,57.45,57.45,57.45,57.45,200,14425,58.24,57.15,57.65
1312,2021-06-04 12:19:00,57.45,57.45,57.45,57.45,200,14425,58.24,57.15,57.65
1313,2021-06-04 12:20:00,55.95,55.95,55.95,55.95,150,14425,58.23,55.8,56.1
1314,2021-06-04 12:21:00,56.05,56.05,56.05,56.05,125,14575,58.22,56.05,56.7
1315,2021-06-04 12:22:00,56.05,56.05,56.05,56.05,125,14575,58.22,56.05,56.7
1316,2021-06-04 12:23:00,56.75,56.75,56.75,56.75,25,14575,58.22,55.9,56.55
1317,2021-06-04 12:24:00,56.75,56.75,56.75,56.75,25,14575,58.22,55.9,56.55
1318,2021-06-04 12:25:00,56.05,56.05,56.05,56.05,25,14550,58.22,56.1,56.55
1319,2021-06-04 12:26:00,56.05,56.05,56.05,56.05,25,14550,58.22,56.1,56.55
1320,2021-06-04 12:27:00,56.05,56.05,56.05,56.05,25,14550,58.22,56.1,56.55
1321,2021-06-04 12:28:00,54.85,54.85,54.85,54.85,100,14575,58.21,55.3,55.85
1322,2021-06-04 12:29:00,54.85,54.85,54.85,54.85,100,14575,58.21,55.3,55.85
1323,2021-06-04 12:30:00,54.8,54.8,54.8,54.8,150,14700,58.2,54.35,54.85
1324,2021-06-04 12:31:00,53.9,53.9,53.9,53.9,100,14700,58.18,53.9,54.5
1325,2021-06-04 12:32:00,54.95,54.95,54.95,54.95,50,0,58.18,55.5,55.85
1326,2021-06-04 12:33:00,56.6,56.6,56.6,56.6,100,14600,58.18,56.65,57.25
1327,2021-06-04 12:34:00,56.6,56.6,56.6,56.6,100,14600,58.18,56.65,57.25
1328,2021-06-04 12:35:00,54.1,54.1,54.1,54.1,25,14600,58.17,54.35,54.75
1329,2021-06-04 12:36:00,54.1,54.1,54.1,54.1,25,14600,58.17,54.35,54.75
1330,2021-06-04 12:37:00,53.6,53.6,53.6,53.6,575,14625,58.1,52.55,53.05
1331,2021-06-04 12:38:00,53.3,53.3,53.3,53.3,25,14625,58.09,52.0,52.6
1332,2021-06-04 12:39:00,52.1,52.1,52.1,52.1,325,15075,58.04,51.55,52.1
1333,2021-06-04 12:40:00,52.45,52.45,52.45,52.45,100,15075,58.03,52.05,52.55
1334,2021-06-04 12:41:00,51.25,51.25,51.25,51.25,200,15075,57.99,51.0,51.5
1335,2021-06-04 12:42:00,51.25,51.25,51.25,51.25,200,15075,57.99,51.0,51.5
1336,2021-06-04 12:43:00,51.55,51.55,51.55,51.55,125,15425,57.97,51.45,51.85
1337,2021-06-04 12:44:00,51.35,51.35,51.35,51.35,100,15425,57.95,51.1,51.65
1338,2021-06-04 12:45:00,51.1,51.1,51.1,51.1,25,0,57.95,50.65,51.15
1339,2021-06-04 12:46:00,51.1,51.1,51.1,51.1,25,0,57.95,50.65,51.15
1340,2021-06-04 12:47:00,51.5,51.5,51.5,51.5,775,15500,57.81,51.55,52.0
1341,2021-06-04 12:48:00,51.5,51.5,51.5,51.5,1950,17775,57.5,51.6,51.9
1342,2021-06-04 12:49:00,52.4,52.4,52.4,52.4,750,17775,57.4,52.35,52.75
1343,2021-06-04 12:50:00,52.6,52.6,52.6,52.6,300,17775,57.37,52.25,52.65
1344,2021-06-04 12:51:00,52.6,52.6,52.6,52.6,300,17775,57.37,52.25,52.65
1345,2021-06-04 12:52:00,52.45,52.45,52.45,52.45,25,17375,57.36,52.15,52.55
1346,2021-06-04 12:53:00,52.0,52.0,52.0,52.0,25,0,57.36,51.95,52.35
1347,2021-06-04 12:54:00,52.0,52.0,52.0,52.0,25,0,57.36,51.95,52.35
1348,2021-06-04 12:55:00,52.0,52.0,52.0,52.0,200,17350,57.34,51.65,51.95
1349,2021-06-04 12:56:00,52.0,52.0,52.0,52.0,25,17350,57.33,51.9,52.35
1350,2021-06-04 12:57:00,52.05,52.05,52.05,52.05,250,17250,57.3,51.65,52.0
1351,2021-06-04 12:58:00,51.85,51.85,51.85,51.85,50,17250,57.3,51.45,51.8
1352,2021-06-04 12:59:00,51.95,51.95,51.95,51.95,375,17250,57.25,51.9,52.0
1353,2021-06-04 13:00:00,52.0,52.0,52.0,52.0,1375,16350,57.08,51.9,52.45
1354,2021-06-04 13:01:00,51.95,51.95,51.95,51.95,325,16350,57.05,51.05,51.5
1355,2021-06-04 13:02:00,51.85,51.85,51.85,51.85,250,16350,57.02,50.15,50.6
1356,2021-06-04 13:03:00,50.1,50.1,50.1,50.1,50,16125,57.01,51.5,51.85
1357,2021-06-04 13:04:00,55.75,55.75,55.75,55.75,1200,16125,56.95,55.55,55.95
1358,2021-06-04 13:05:00,55.75,55.75,55.75,55.75,1200,16125,56.95,55.55,55.95
1359,2021-06-04 13:06:00,57.0,57.0,57.0,57.0,75,15950,56.95,57.15,57.6
1360,2021-06-04 13:07:00,58.95,58.95,58.95,58.95,275,15950,56.97,59.2,59.7
1361,2021-06-04 13:08:00,59.55,59.55,59.55,59.55,400,15950,56.99,58.6,59.2
1362,2021-06-04 13:09:00,59.55,59.55,59.55,59.55,400,15950,56.99,58.6,59.2
1363,2021-06-04 13:10:00,56.35,56.35,56.35,56.35,175,15750,56.99,56.3,56.75
1364,2021-06-04 13:11:00,56.35,56.35,56.35,56.35,175,15750,56.99,56.3,56.75
1365,2021-06-04 13:12:00,57.25,57.25,57.25,57.25,275,0,56.99,56.8,57.5
1366,2021-06-04 13:13:00,57.25,57.25,57.25,57.25,275,0,56.99,56.8,57.5
1367,2021-06-04 13:14:00,57.9,57.9,57.9,57.9,250,15575,57.0,56.85,57.45
1368,2021-06-04 13:15:00,57.45,57.45,57.45,57.45,25,0,57.0,56.45,57.0
1369,2021-06-04 13:16:00,57.45,57.45,57.45,57.45,25,0,57.0,56.45,57.0
1370,2021-06-04 13:17:00,57.4,57.4,57.4,57.4,25,15400,57.0,57.5,58.0
1371,2021-06-04 13:18:00,58.45,58.45,58.45,58.45,175,15550,57.0,57.85,58.25
1372,2021-06-04 13:19:00,57.15,57.15,57.15,57.15,125,15550,57.01,56.35,56.9
1373,2021-06-04 13:20:00,57.1,57.1,57.1,57.1,200,0,57.01,57.35,57.85
1374,2021-06-04 13:21:00,58.15,58.15,58.15,58.15,100,15775,57.01,57.65,58.15
1375,2021-06-04 13:22:00,57.55,57.55,57.55,57.55,275,15775,57.01,57.2,57.8
1376,2021-06-04 13:23:00,57.5,57.5,57.5,57.5,50,15775,57.01,57.3,57.85
1377,2021-06-04 13:24:00,56.95,56.95,56.95,56.95,50,15750,57.01,56.8,57.4
1378,2021-06-04 13:25:00,57.0,57.0,57.0,57.0,50,15750,57.01,57.35,57.8
1379,2021-06-04 13:26:00,59.15,59.15,59.15,59.15,1325,15750,57.08,59.1,59.55
1380,2021-06-04 13:27:00,60.55,60.55,60.55,60.55,450,15825,57.1,61.0,61.5
1381,2021-06-04 13:28:00,60.55,60.55,60.55,60.55,450,15825,57.1,61.0,61.5
1382,2021-06-04 13:29:00,62.5,62.5,62.5,62.5,175,15825,57.12,62.0,62.65
1383,2021-06-04 13:30:00,61.1,61.1,61.1,61.1,125,15800,57.13,60.6,61.15
1384,2021-06-04 13:31:00,59.95,59.95,59.95,59.95,100,15800,57.14,60.35,60.85
1385,2021-06-04 13:32:00,59.95,59.95,59.95,59.95,125,15800,57.15,59.45,59.85
1386,2021-06-04 13:33:00,60.0,60.0,60.0,60.0,275,15625,57.16,59.65,60.1
1387,2021-06-04 13:34:00,60.0,60.0,60.0,60.0,275,15625,57.16,59.65,60.1
1388,2021-06-04 13:35:00,60.0,60.0,60.0,60.0,275,15625,57.16,59.65,60.1
1389,2021-06-04 13:36:00,60.95,60.95,60.95,60.95,25,0,57.16,60.2,60.75
1390,2021-06-04 13:37:00,60.95,60.95,60.95,60.95,25,0,57.16,60.2,60.75
1391,2021-06-04 13:38:00,61.0,61.0,61.0,61.0,75,15650,57.17,60.45,61.1
1392,2021-06-04 13:39:00,60.15,60.15,60.15,60.15,150,15650,57.18,59.75,60.25
1393,2021-06-04 13:40:00,62.1,62.1,62.1,62.1,50,15675,57.19,61.4,62.0
1394,2021-06-04 13:41:00,62.2,62.2,62.2,62.2,175,15675,57.2,61.6,62.2
1395,2021-06-04 13:42:00,62.75,62.75,62.75,62.75,175,15875,57.22,62.4,62.6
1396,2021-06-04 13:43:00,64.7,64.7,64.7,64.7,575,15875,57.29,64.5,65.15
1397,2021-06-04 13:44:00,64.7,64.7,64.7,64.7,575,15875,57.29,64.5,65.15
1398,2021-06-04 13:45:00,70.75,70.8,70.75,70.75,700,16350,57.43,70.65,71.25
1399,2021-06-04 13:46:00,69.0,69.0,69.0,69.0,75,16350,57.44,67.25,67.7
1400,2021-06-04 13:47:00,69.0,69.0,69.0,69.0,75,16350,57.44,67.25,67.7
1401,2021-06-04 13:48:00,68.15,68.15,68.15,68.15,1200,17275,57.68,68.4,68.75
1402,2021-06-04 13:49:00,70.05,70.05,70.05,70.05,400,17275,57.77,68.45,69.1
1403,2021-06-04 13:50:00,70.05,70.05,70.05,70.05,400,17275,57.77,68.45,69.1
1404,2021-06-04 13:51:00,68.0,68.0,68.0,68.0,50,17325,57.78,67.9,68.5
1405,2021-06-04 13:52:00,70.2,70.2,70.2,70.2,75,17325,57.8,68.85,69.6
1406,2021-06-04 13:53:00,70.2,70.2,70.2,70.2,75,17325,57.8,68.85,69.6
1407,2021-06-04 13:54:00,68.8,68.8,68.8,68.8,50,17275,57.81,67.75,68.3
1408,2021-06-04 13:55:00,66.7,66.7,66.7,66.7,325,17275,57.86,64.15,65.6
1409,2021-06-04 13:56:00,63.5,63.5,63.5,63.5,175,17275,57.88,62.15,62.7
1410,2021-06-04 13:57:00,61.65,61.65,61.65,61.65,125,16975,57.89,61.35,61.95
1411,2021-06-04 13:58:00,61.65,61.65,61.65,61.65,125,16975,57.89,61.35,61.95
1412,2021-06-04 13:59:00,61.4,61.4,61.4,61.4,50,16975,57.89,60.5,60.95
1413,2021-06-04 14:00:00,59.45,59.45,59.45,59.45,100,0,57.89,59.25,59.8
1414,2021-06-04 14:01:00,61.6,61.6,61.6,61.6,250,16900,57.91,60.85,61.3
1415,2021-06-04 14:02:00,58.85,58.85,58.85,58.85,100,16900,57.91,59.3,59.7
1416,2021-06-04 14:03:00,58.85,58.85,58.85,58.85,100,16900,57.91,59.3,59.7
1417,2021-06-04 14:04:00,62.1,62.1,62.1,62.1,25,16950,57.91,62.15,63.0
1418,2021-06-04 14:05:00,62.1,62.1,62.1,62.1,25,16950,57.91,62.15,63.0
1419,2021-06-04 14:06:00,64.65,64.65,64.65,64.65,25,0,57.92,63.45,63.9
1420,2021-06-04 14:07:00,64.65,64.65,64.65,64.65,25,0,57.92,63.45,63.9
1421,2021-06-04 14:08:00,64.65,64.65,64.65,64.65,25,0,57.92,63.45,63.9
1422,2021-06-04 14:09:00,64.65,64.65,64.65,64.65,25,0,57.92,63.45,63.9
1423,2021-06-04 14:10:00,64.65,64.65,64.65,64.65,25,0,57.92,63.45,63.9
1424,2021-06-04 14:11:00,62.45,62.45,62.45,62.45,100,16825,57.92,62.4,62.95
1425,2021-06-04 14:12:00,62.45,62.45,62.45,62.45,100,16825,57.92,62.4,62.95
1426,2021-06-04 14:13:00,62.0,62.0,62.0,62.0,25,0,57.93,61.15,61.75
1427,2021-06-04 14:14:00,62.0,62.0,62.0,62.0,25,0,57.93,61.15,61.75
1428,2021-06-04 14:15:00,59.7,59.7,59.7,59.7,200,16925,57.93,59.7,60.3
1429,2021-06-04 14:16:00,59.6,59.6,59.6,59.6,125,16925,57.94,59.8,60.0
1430,2021-06-04 14:17:00,57.65,57.65,57.65,57.65,75,16925,57.94,57.95,58.5
1431,2021-06-04 14:18:00,58.8,58.8,58.8,58.8,50,16925,57.94,58.7,59.3
1432,2021-06-04 14:19:00,58.8,58.8,58.8,58.8,50,16925,57.94,58.7,59.3
1433,2021-06-04 14:20:00,58.8,58.8,58.8,58.8,50,16925,57.94,58.7,59.3
1434,2021-06-04 14:21:00,58.8,58.8,58.8,58.8,50,16925,57.94,58.7,59.3
1435,2021-06-04 14:22:00,58.8,58.8,58.8,58.8,50,16925,57.94,58.7,59.3
1436,2021-06-04 14:23:00,58.85,58.85,58.85,58.85,25,17100,57.94,58.55,59.25
1437,2021-06-04 14:24:00,57.0,57.0,57.0,57.0,25,17100,57.94,56.2,56.75
1438,2021-06-04 14:25:00,57.0,57.0,57.0,57.0,25,17100,57.94,56.2,56.75
1439,2021-06-04 14:26:00,57.3,57.3,57.3,57.3,25,17100,57.94,57.4,57.95
1440,2021-06-04 14:27:00,58.15,58.15,58.15,58.15,175,17100,57.94,56.25,56.8
1441,2021-06-04 14:28:00,56.7,56.7,56.7,56.7,25,16925,57.94,56.25,56.7
1442,2021-06-04 14:29:00,56.35,56.35,56.35,56.35,150,0,57.93,55.55,56.05
1443,2021-06-04 14:30:00,56.35,56.35,56.35,56.35,150,0,57.93,55.55,56.05
1444,2021-06-04 14:31:00,54.05,54.05,54.05,54.05,275,16825,57.91,54.1,54.35
1445,2021-06-04 14:32:00,54.8,54.8,54.8,54.8,100,0,57.91,56.65,57.1
1446,2021-06-04 14:33:00,57.4,57.4,57.4,57.4,50,16825,57.91,57.4,57.9
1447,2021-06-04 14:34:00,59.4,59.4,59.4,59.4,25,16850,57.91,59.15,59.55
1448,2021-06-04 14:35:00,59.4,59.4,59.4,59.4,25,16850,57.91,59.15,59.55
1449,2021-06-04 14:36:00,59.45,59.45,59.45,59.45,125,16850,57.91,58.15,58.7
1450,2021-06-04 14:37:00,59.45,59.45,59.45,59.45,125,16850,57.91,58.15,58.7
1451,2021-06-04 14:38:00,59.45,59.45,59.45,59.45,125,16850,57.91,58.15,58.7
1452,2021-06-04 14:39:00,58.85,58.85,58.85,58.85,25,16900,57.91,59.2,59.75
1453,2021-06-04 14:40:00,59.4,59.4,59.4,59.4,25,16925,57.92,59.5,60.0
1454,2021-06-04 14:41:00,60.5,60.5,60.5,60.5,125,16925,57.92,60.1,60.8
1455,2021-06-04 14:42:00,60.5,60.5,60.5,60.5,125,16925,57.92,60.1,60.8
1456,2021-06-04 14:43:00,60.0,60.0,60.0,60.0,75,17050,57.92,60.0,60.45
1457,2021-06-04 14:44:00,59.9,59.9,59.9,59.9,50,0,57.93,59.45,59.85
1458,2021-06-04 14:45:00,59.1,59.1,59.1,59.1,100,17050,57.93,58.1,58.55
1459,2021-06-04 14:46:00,59.0,59.0,59.0,59.0,500,0,57.93,57.3,57.95
1460,2021-06-04 14:47:00,59.0,59.0,59.0,59.0,500,0,57.93,57.3,57.95
1461,2021-06-04 14:48:00,59.0,59.0,59.0,59.0,500,0,57.93,57.3,57.95
1462,2021-06-04 14:49:00,57.5,57.5,57.45,57.45,125,17175,57.93,57.9,58.25
1463,2021-06-04 14:50:00,59.45,59.45,59.45,59.45,75,17175,57.93,59.3,59.7
1464,2021-06-04 14:51:00,61.0,61.0,61.0,61.0,100,17175,57.94,61.45,62.05
1465,2021-06-04 14:52:00,61.0,61.0,61.0,61.0,100,17175,57.94,61.45,62.05
1466,2021-06-04 14:53:00,61.0,61.0,61.0,61.0,100,17175,57.94,61.45,62.05
1467,2021-06-04 14:54:00,60.65,60.65,60.65,60.65,25,17175,57.94,60.35,61.0
1468,2021-06-04 14:55:00,59.9,59.9,59.9,59.9,25,17100,57.94,56.4,57.05
1469,2021-06-04 14:56:00,53.25,53.25,53.25,53.25,175,17100,57.93,53.3,53.85
1470,2021-06-04 14:57:00,55.2,55.2,55.2,55.2,50,17100,57.93,55.15,55.5
1471,2021-06-04 14:58:00,55.5,55.5,55.5,55.5,100,17100,57.92,55.35,55.8
1472,2021-06-04 14:59:00,55.5,55.5,55.5,55.5,100,17100,57.92,55.35,55.8
1473,2021-06-04 15:00:00,59.0,59.0,59.0,59.0,650,17100,57.93,58.4,58.9
1474,2021-06-04 15:01:00,59.0,59.0,59.0,59.0,650,17100,57.93,58.4,58.9
1475,2021-06-04 15:02:00,59.0,59.0,59.0,59.0,650,17100,57.93,58.4,58.9
1476,2021-06-04 15:03:00,58.35,58.35,58.35,58.35,75,17400,57.93,58.25,58.6
1477,2021-06-04 15:04:00,58.5,58.5,58.5,58.5,75,17400,57.94,58.6,59.0
1478,2021-06-04 15:05:00,59.1,59.1,59.1,59.1,475,17400,57.94,58.25,58.8
1479,2021-06-04 15:06:00,57.8,57.8,57.8,57.8,250,17400,57.94,57.1,57.5
1480,2021-06-04 15:07:00,58.8,58.8,58.8,58.8,250,17575,57.94,58.3,58.9
1481,2021-06-04 15:08:00,59.65,59.65,59.65,59.65,50,17575,57.95,58.2,58.8
1482,2021-06-04 15:09:00,58.8,58.8,58.8,58.8,250,17575,57.95,57.95,58.35
1483,2021-06-04 15:10:00,55.0,55.0,55.0,55.0,1025,17650,57.91,55.05,55.45
1484,2021-06-04 15:11:00,53.4,53.4,52.35,52.35,675,17650,57.86,52.5,52.75
1485,2021-06-04 15:12:00,52.65,52.65,52.65,52.65,1275,18725,57.75,51.7,52.4
1486,2021-06-04 15:13:00,52.05,52.05,52.05,52.05,150,18725,57.74,51.15,51.7
1487,2021-06-04 15:14:00,50.4,50.4,50.4,50.4,425,18725,57.69,50.65,51.05
1488,2021-06-04 15:15:00,49.15,49.15,49.15,49.15,125,18725,57.68,48.95,49.4
1489,2021-06-04 15:16:00,49.15,49.15,49.15,49.15,125,18725,57.68,48.95,49.4
1490,2021-06-04 15:17:00,49.0,49.0,49.0,49.0,50,18575,57.67,49.15,49.6
1491,2021-06-04 15:18:00,49.0,49.0,49.0,49.0,875,18575,57.56,49.1,49.4
1492,2021-06-04 15:19:00,49.8,49.8,49.8,49.8,375,19025,57.51,49.45,50.0
1493,2021-06-04 15:20:00,48.5,48.5,48.5,48.5,1325,19025,57.37,47.35,47.8
1494,2021-06-04 15:21:00,47.35,47.35,47.35,47.35,150,19025,57.35,47.3,47.7
1495,2021-06-04 15:22:00,47.95,47.95,47.95,47.95,100,19675,57.33,47.5,47.85
1496,2021-06-04 15:23:00,47.7,47.7,47.7,47.7,225,19675,57.3,47.85,48.15
1497,2021-06-04 15:24:00,47.1,47.1,47.1,47.1,400,19675,57.24,47.35,47.7
1498,2021-06-04 15:25:00,47.05,47.05,47.05,47.05,50,19125,57.24,47.1,47.45
1499,2021-06-04 15:26:00,47.35,47.35,46.6,46.6,475,19125,57.17,46.25,46.55
1500,2021-06-04 15:27:00,46.7,46.7,46.7,46.7,300,19125,57.12,46.7,46.85
1501,2021-06-04 15:28:00,47.25,47.25,47.25,47.25,25,19100,57.11,46.75,47.25
1502,2021-06-04 15:29:00,47.25,47.25,47.25,47.25,25,19100,57.11,46.75,47.25
1503,2021-06-04 15:30:00,47.1,47.1,47.1,47.1,200,19100,57.09,47.15,47.6
1504,2021-06-05 09:15:00,47.1,47.1,47.1,47.1,200,19100,57.09,47.15,47.6
1505,2021-06-05 09:16:00,47.1,47.1,47.1,47.1,200,19100,57.09,47.15,47.6
1506,2021-06-05 09:17:00,47.1,47.1,47.1,47.1,200,19100,57.09,47.15,47.6
1507,2021-06-05 09:18:00,47.1,47.1,47.1,47.1,200,19100,57.09,47.15,47.6
1508,2021-06-05 09:19:00,47.1,47.1,47.1,47.1,200,19100,57.09,47.15,47.6
1509,2021-06-05 09:20:00,47.1,47.1,47.1,47.1,200,19100,57.09,47.15,47.6
1510,2021-06-05 09:21:00,47.1,47.1,47.1,47.1,200,19100,57.09,47.15,47.6
1511,2021-06-05 09:22:00,47.1,47.1,47.1,47.1,200,19100,57.09,47.15,47.6
1512,2021-06-05 09:23:00,47.1,47.1,47.1,47.1,200,19100,57.09,47.15,47.6
1513,2021-06-05 09:24:00,47.1,47.1,47.1,47.1,200,19100,57.09,47.15,47.6
1514,2021-06-05 09:25:00,47.1,47.1,47.1,47.1,200,19100,57.09,47.15,47.6
1515,2021-06-05 09:26:00,47.1,47.1,47.1,47.1,200,19100,57.09,47.15,47.6
1516,2021-06-05 09:27:00,47.1,47.1,47.1,47.1,200,19100,57.09,47.15,47.6
1517,2021-06-05 09:28:00,47.1,47.1,47.1,47.1,200,19100,57.09,47.15,47.6
1518,2021-06-05 09:29:00,47.1,47.1,47.1,47.1,200,19100,57.09,47.15,47.6
1519,2021-06-05 09:30:00,47.1,47.1,47.1,47.1,200,19100,57.09,47.15,47.6
1520,2021-06-05 09:31:00,47.1,47.1,47.1,47.1,200,19100,57.09,47.15,47.6
1521,2021-06-05 09:32:00,47.1,47.1,47.1,47.1,200,19100,57.09,47.15,47.6
1522,2021-06-05 09:33:00,47.1,47.1,47.1,47.1,200,19100,57.09,47.15,47.6
1523,2021-06-05 09:34:00,47.1,47.1,47.1,47.1,200,19100,57.09,47.15,47.6
1524,2021-06-05 09:35:00,47.1,47.1,47.1,47.1,200,19100,57.09,47.15,47.6
1525,2021-06-05 09:36:00,47.1,47.1,47.1,47.1,200,19100,57.09,47.15,47.6
1526,2021-06-05 09:37:00,47.1,47.1,47.1,47.1,200,19100,57.09,47.15,47.6
1527,2021-06-05 09:38:00,47.1,47.1,47.1,47.1,200,19100,57.09,47.15,47.6
1528,2021-06-05 09:39:00,47.1,47.1,47.1,47.1,200,19100,57.09,47.15,47.6
1529,2021-06-05 09:40:00,47.1,47.1,47.1,47.1,200,19100,57.09,47.15,47.6
1530,2021-06-05 09:41:00,47.1,47.1,47.1,47.1,200,19100,57.09,47.15,47.6
1531,2021-06-05 09:42:00,47.1,47.1,47.1,47.1,200,19100,57.09,47.15,47.6
1532,2021-06-05 09:43:00,47.1,47.1,47.1,47.1,200,19100,57.09,47.15,47.6
1533,2021-06-05 09:44:00,47.1,47.1,47.1,47.1,200,19100,57.09,47.15,47.6
1534,2021-06-05 09:45:00,47.1,47.1,47.1,47.1,200,19100,57.09,47.15,47.6
1535,2021-06-05 09:46:00,47.1,47.1,47.1,47.1,200,19100,57.09,47.15,47.6
1536,2021-06-05 09:47:00,47.1,47.1,47.1,47.1,200,19100,57.09,47.15,47.6
1537,2021-06-05 09:48:00,47.1,47.1,47.1,47.1,200,19100,57.09,47.15,47.6
1538,2021-06-05 09:49:00,47.1,47.1,47.1,47.1,200,19100,57.09,47.15,47.6
1539,2021-06-05 09:50:00,47.1,47.1,47.1,47.1,200,19100,57.09,47.15,47.6
1540,2021-06-05 09:51:00,47.1,47.1,47.1,47.1,200,19100,57.09,47.15,47.6
1541,2021-06-05 09:52:00,47.1,47.1,47.1,47.1,200,19100,57.09,47.15,47.6
1542,2021-06-05 09:53:00,47.1,47.1,47.1,47.1,200,19100,57.09,47.15,47.6
1543,2021-06-05 09:54:00,47.1,47.1,47.1,47.1,200,19100,57.09,47.15,47.6
1544,2021-06-05 09:55:00,47.1,47.1,47.1,47.1,200,19100,57.09,47.15,47.6
1545,2021-06-05 09:56:00,47.1,47.1,47.1,47.1,200,19100,57.09,47.15,47.6
1546,2021-06-05 09:57:00,47.1,47.1,47.1,47.1,200,19100,57.09,47.15,47.6
1547,2021-06-05 09:58:00,47.1,47.1,47.1,47.1,200,19100,57.09,47.15,47.6
1548,2021-06-05 09:59:00,47.1,47.1,47.1,47.1,200,19100,57.09,47.15,47.6
1549,2021-06-05 10:00:00,47.1,47.1,47.1,47.1,200,19100,57.09,47.15,47.6
1550,2021-06-05 10:01:00,47.1,47.1,47.1,47.1,200,19100,57.09,47.15,47.6
1551,2021-06-05 10:02:00,47.1,47.1,47.1,47.1,200,19100,57.09,47.15,47.6
1552,2021-06-05 10:03:00,47.1,47.1,47.1,47.1,200,19100,57.09,47.15,47.6
1553,2021-06-05 10:04:00,47.1,47.1,47.1,47.1,200,19100,57.09,47.15,47.6
1554,2021-06-05 10:05:00,47.1,47.1,47.1,47.1,200,19100,57.09,47.15,47.6
1555,2021-06-05 10:06:00,47.1,47.1,47.1,47.1,200,19100,57.09,47.15,47.6
1556,2021-06-05 10:07:00,47.1,47.1,47.1,47.1,200,19100,57.09,47.15,47.6
1557,2021-06-05 10:08:00,47.1,47.1,47.1,47.1,200,19100,57.09,47.15,47.6
1558,2021-06-05 10:09:00,47.1,47.1,47.1,47.1,200,19100,57.09,47.15,47.6
1559,2021-06-05 10:10:00,47.1,47.1,47.1,47.1,200,19100,57.09,47.15,47.6
1560,2021-06-05 10:11:00,47.1,47.1,47.1,47.1,200,19100,57.09,47.15,47.6
1561,2021-06-05 10:12:00,47.1,47.1,47.1,47.1,200,19100,57.09,47.15,47.6
1562,2021-06-05 10:13:00,47.1,47.1,47.1,47.1,200,19100,57.09,47.15,47.6
1563,2021-06-05 10:14:00,47.1,47.1,47.1,47.1,200,19100,57.09,47.15,47.6
1564,2021-06-05 10:15:00,47.1,47.1,47.1,47.1,200,19100,57.09,47.15,47.6
1565,2021-06-05 10:16:00,47.1,47.1,47.1,47.1,200,19100,57.09,47.15,47.6
1566,2021-06-05 10:17:00,47.1,47.1,47.1,47.1,200,19100,57.09,47.15,47.6
1567,2021-06-05 10:18:00,47.1,47.1,47.1,47.1,200,19100,57.09,47.15,47.6
1568,2021-06-05 10:19:00,47.1,47.1,47.1,47.1,200,19100,57.09,47.15,47.6
1569,2021-06-05 10:20:00,47.1,47.1,47.1,47.1,200,19100,57.09,47.15,47.6
1570,2021-06-05 10:21:00,47.1,47.1,47.1,47.1,200,19100,57.09,47.15,47.6
1571,2021-06-05 10:22:00,47.1,47.1,47.1,47.1,200,19100,57.09,47.15,47.6
1572,2021-06-05 10:23:00,47.1,47.1,47.1,47.1,200,19100,57.09,47.15,47.6
1573,2021-06-05 10:24:00,47.1,47.1,47.1,47.1,200,19100,57.09,47.15,47.6
1574,2021-06-05 10:25:00,47.1,47.1,47.1,47.1,200,19100,57.09,47.15,47.6
1575,2021-06-05 10:26:00,47.1,47.1,47.1,47.1,200,19100,57.09,47.15,47.6
1576,2021-06-05 10:27:00,47.1,47.1,47.1,47.1,200,19100,57.09,47.15,47.6
1577,2021-06-05 10:28:00,47.1,47.1,47.1,47.1,200,19100,57.09,47.15,47.6
1578,2021-06-05 10:29:00,47.1,47.1,47.1,47.1,200,19100,57.09,47.15,47.6
1579,2021-06-05 10:30:00,47.1,47.1,47.1,47.1,200,19100,57.09,47.15,47.6
1580,2021-06-05 10:31:00,47.1,47.1,47.1,47.1,200,19100,57.09,47.15,47.6
1581,2021-06-05 10:32:00,47.1,47.1,47.1,47.1,200,19100,57.09,47.15,47.6
1582,2021-06-05 10:33:00,47.1,47.1,47.1,47.1,200,19100,57.09,47.15,47.6
1583,2021-06-05 10:34:00,47.1,47.1,47.1,47.1,200,19100,57.09,47.15,47.6
1584,2021-06-05 10:35:00,47.1,47.1,47.1,47.1,200,19100,57.09,47.15,47.6
1585,2021-06-05 10:36:00,47.1,47.1,47.1,47.1,200,19100,57.09,47.15,47.6
1586,2021-06-05 10:37:00,47.1,47.1,47.1,47.1,200,19100,57.09,47.15,47.6
1587,2021-06-05 10:38:00,47.1,47.1,47.1,47.1,200,19100,57.09,47.15,47.6
1588,2021-06-05 10:39:00,47.1,47.1,47.1,47.1,200,19100,57.09,47.15,47.6
1589,2021-06-05 10:40:00,47.1,47.1,47.1,47.1,200,19100,57.09,47.15,47.6
1590,2021-06-05 10:41:00,47.1,47.1,47.1,47.1,200,19100,57.09,47.15,47.6
1591,2021-06-05 10:42:00,47.1,47.1,47.1,47.1,200,19100,57.09,47.15,47.6
1592,2021-06-05 10:43:00,47.1,47.1,47.1,47.1,200,19100,57.09,47.15,47.6
1593,2021-06-05 10:44:00,47.1,47.1,47.1,47.1,200,19100,57.09,47.15,47.6
1594,2021-06-05 10:45:00,47.1,47.1,47.1,47.1,200,19100,57.09,47.15,47.6
1595,2021-06-05 10:46:00,47.1,47.1,47.1,47.1,200,19100,57.09,47.15,47.6
1596,2021-06-05 10:47:00,47.1,47.1,47.1,47.1,200,19100,57.09,47.15,47.6
1597,2021-06-05 10:48:00,47.1,47.1,47.1,47.1,200,19100,57.09,47.15,47.6
1598,2021-06-05 10:49:00,47.1,47.1,47.1,47.1,200,19100,57.09,47.15,47.6
1599,2021-06-05 10:50:00,47.1,47.1,47.1,47.1,200,19100,57.09,47.15,47.6
1600,2021-06-05 10:51:00,47.1,47.1,47.1,47.1,200,19100,57.09,47.15,47.6
1601,2021-06-05 10:52:00,47.1,47.1,47.1,47.1,200,19100,57.09,47.15,47.6
1602,2021-06-05 10:53:00,47.1,47.1,47.1,47.1,200,19100,57.09,47.15,47.6
1603,2021-06-05 10:54:00,47.1,47.1,47.1,47.1,200,19100,57.09,47.15,47.6
1604,2021-06-05 10:55:00,47.1,47.1,47.1,47.1,200,19100,57.09,47.15,47.6
1605,2021-06-05 10:56:00,47.1,47.1,47.1,47.1,200,19100,57.09,47.15,47.6
1606,2021-06-05 10:57:00,47.1,47.1,47.1,47.1,200,19100,57.09,47.15,47.6
1607,2021-06-05 10:58:00,47.1,47.1,47.1,47.1,200,19100,57.09,47.15,47.6
1608,2021-06-05 10:59:00,47.1,47.1,47.1,47.1,200,19100,57.09,47.15,47.6
1609,2021-06-05 11:00:00,47.1,47.1,47.1,47.1,200,19100,57.09,47.15,47.6
1610,2021-06-05 11:01:00,47.1,47.1,47.1,47.1,200,19100,57.09,47.15,47.6
1611,2021-06-05 11:02:00,47.1,47.1,47.1,47.1,200,19100,57.09,47.15,47.6
1612,2021-06-05 11:03:00,47.1,47.1,47.1,47.1,200,19100,57.09,47.15,47.6
1613,2021-06-05 11:04:00,47.1,47.1,47.1,47.1,200,19100,57.09,47.15,47.6
1614,2021-06-05 11:05:00,47.1,47.1,47.1,47.1,200,19100,57.09,47.15,47.6
1615,2021-06-05 11:06:00,47.1,47.1,47.1,47.1,200,19100,57.09,47.15,47.6
1616,2021-06-05 11:07:00,47.1,47.1,47.1,47.1,200,19100,57.09,47.15,47.6
1617,2021-06-05 11:08:00,47.1,47.1,47.1,47.1,200,19100,57.09,47.15,47.6
1618,2021-06-05 11:09:00,47.1,47.1,47.1,47.1,200,19100,57.09,47.15,47.6
1619,2021-06-05 11:10:00,47.1,47.1,47.1,47.1,200,19100,57.09,47.15,47.6
1620,2021-06-05 11:11:00,47.1,47.1,47.1,47.1,200,19100,57.09,47.15,47.6
1621,2021-06-05 11:12:00,47.1,47.1,47.1,47.1,200,19100,57.09,47.15,47.6
1622,2021-06-05 11:13:00,47.1,47.1,47.1,47.1,200,19100,57.09,47.15,47.6
1623,2021-06-05 11:14:00,47.1,47.1,47.1,47.1,200,19100,57.09,47.15,47.6
1624,2021-06-05 11:15:00,47.1,47.1,47.1,47.1,200,19100,57.09,47.15,47.6
1625,2021-06-05 11:16:00,47.1,47.1,47.1,47.1,200,19100,57.09,47.15,47.6
1626,2021-06-05 11:17:00,47.1,47.1,47.1,47.1,200,19100,57.09,47.15,47.6
1627,2021-06-05 11:18:00,47.1,47.1,47.1,47.1,200,19100,57.09,47.15,47.6
1628,2021-06-05 11:19:00,47.1,47.1,47.1,47.1,200,19100,57.09,47.15,47.6
1629,2021-06-05 11:20:00,47.1,47.1,47.1,47.1,200,19100,57.09,47.15,47.6
1630,2021-06-05 11:21:00,47.1,47.1,47.1,47.1,200,19100,57.09,47.15,47.6
1631,2021-06-05 11:22:00,47.1,47.1,47.1,47.1,200,19100,57.09,47.15,47.6
1632,2021-06-05 11:23:00,47.1,47.1,47.1,47.1,200,19100,57.09,47.15,47.6
1633,2021-06-05 11:24:00,47.1,47.1,47.1,47.1,200,19100,57.09,47.15,47.6
1634,2021-06-05 11:25:00,47.1,47.1,47.1,47.1,200,19100,57.09,47.15,47.6
1635,2021-06-05 11:26:00,47.1,47.1,47.1,47.1,200,19100,57.09,47.15,47.6
1636,2021-06-05 11:27:00,47.1,47.1,47.1,47.1,200,19100,57.09,47.15,47.6
1637,2021-06-05 11:28:00,47.1,47.1,47.1,47.1,200,19100,57.09,47.15,47.6
1638,2021-06-05 11:29:00,47.1,47.1,47.1,47.1,200,19100,57.09,47.15,47.6
1639,2021-06-05 11:30:00,47.1,47.1,47.1,47.1,200,19100,57.09,47.15,47.6
1640,2021-06-05 11:31:00,47.1,47.1,47.1,47.1,200,19100,57.09,47.15,47.6
1641,2021-06-05 11:32:00,47.1,47.1,47.1,47.1,200,19100,57.09,47.15,47.6
1642,2021-06-05 11:33:00,47.1,47.1,47.1,47.1,200,19100,57.09,47.15,47.6
1643,2021-06-05 11:34:00,47.1,47.1,47.1,47.1,200,19100,57.09,47.15,47.6
1644,2021-06-05 11:35:00,47.1,47.1,47.1,47.1,200,19100,57.09,47.15,47.6
1645,2021-06-05 11:36:00,47.1,47.1,47.1,47.1,200,19100,57.09,47.15,47.6
1646,2021-06-05 11:37:00,47.1,47.1,47.1,47.1,200,19100,57.09,47.15,47.6
1647,2021-06-05 11:38:00,47.1,47.1,47.1,47.1,200,19100,57.09,47.15,47.6
1648,2021-06-05 11:39:00,47.1,47.1,47.1,47.1,200,19100,57.09,47.15,47.6
1649,2021-06-05 11:40:00,47.1,47.1,47.1,47.1,200,19100,57.09,47.15,47.6
1650,2021-06-05 11:41:00,47.1,47.1,47.1,47.1,200,19100,57.09,47.15,47.6
1651,2021-06-05 11:42:00,47.1,47.1,47.1,47.1,200,19100,57.09,47.15,47.6
1652,2021-06-05 11:43:00,47.1,47.1,47.1,47.1,200,19100,57.09,47.15,47.6
1653,2021-06-05 11:44:00,47.1,47.1,47.1,47.1,200,19100,57.09,47.15,47.6
1654,2021-06-05 11:45:00,47.1,47.1,47.1,47.1,200,19100,57.09,47.15,47.6
1655,2021-06-05 11:46:00,47.1,47.1,47.1,47.1,200,19100,57.09,47.15,47.6
1656,2021-06-05 11:47:00,47.1,47.1,47.1,47.1,200,19100,57.09,47.15,47.6
1657,2021-06-05 11:48:00,47.1,47.1,47.1,47.1,200,19100,57.09,47.15,47.6
1658,2021-06-05 11:49:00,47.1,47.1,47.1,47.1,200,19100,57.09,47.15,47.6
1659,2021-06-05 11:50:00,47.1,47.1,47.1,47.1,200,19100,57.09,47.15,47.6
1660,2021-06-05 11:51:00,47.1,47.1,47.1,47.1,200,19100,57.09,47.15,47.6
1661,2021-06-05 11:52:00,47.1,47.1,47.1,47.1,200,19100,57.09,47.15,47.6
1662,2021-06-05 11:53:00,47.1,47.1,47.1,47.1,200,19100,57.09,47.15,47.6
1663,2021-06-05 11:54:00,47.1,47.1,47.1,47.1,200,19100,57.09,47.15,47.6
1664,2021-06-05 11:55:00,47.1,47.1,47.1,47.1,200,19100,57.09,47.15,47.6
1665,2021-06-05 11:56:00,47.1,47.1,47.1,47.1,200,19100,57.09,47.15,47.6
1666,2021-06-05 11:57:00,47.1,47.1,47.1,47.1,200,19100,57.09,47.15,47.6
1667,2021-06-05 11:58:00,47.1,47.1,47.1,47.1,200,19100,57.09,47.15,47.6
1668,2021-06-05 11:59:00,47.1,47.1,47.1,47.1,200,19100,57.09,47.15,47.6
1669,2021-06-05 12:00:00,47.1,47.1,47.1,47.1,200,19100,57.09,47.15,47.6
1670,2021-06-05 12:01:00,47.1,47.1,47.1,47.1,200,19100,57.09,47.15,47.6
1671,2021-06-05 12:02:00,47.1,47.1,47.1,47.1,200,19100,57.09,47.15,47.6
1672,2021-06-05 12:03:00,47.1,47.1,47.1,47.1,200,19100,57.09,47.15,47.6
1673,2021-06-05 12:04:00,47.1,47.1,47.1,47.1,200,19100,57.09,47.15,47.6
1674,2021-06-05 12:05:00,47.1,47.1,47.1,47.1,200,19100,57.09,47.15,47.6
1675,2021-06-05 12:06:00,47.1,47.1,47.1,47.1,200,19100,57.09,47.15,47.6
1676,2021-06-05 12:07:00,47.1,47.1,47.1,47.1,200,19100,57.09,47.15,47.6
1677,2021-06-05 12:08:00,47.1,47.1,47.1,47.1,200,19100,57.09,47.15,47.6
1678,2021-06-05 12:09:00,47.1,47.1,47.1,47.1,200,19100,57.09,47.15,47.6
1679,2021-06-05 12:10:00,47.1,47.1,47.1,47.1,200,19100,57.09,47.15,47.6
1680,2021-06-05 12:11:00,47.1,47.1,47.1,47.1,200,19100,57.09,47.15,47.6
1681,2021-06-05 12:12:00,47.1,47.1,47.1,47.1,200,19100,57.09,47.15,47.6
1682,2021-06-05 12:13:00,47.1,47.1,47.1,47.1,200,19100,57.09,47.15,47.6
1683,2021-06-05 12:14:00,47.1,47.1,47.1,47.1,200,19100,57.09,47.15,47.6
1684,2021-06-05 12:15:00,47.1,47.1,47.1,47.1,200,19100,57.09,47.15,47.6
1685,2021-06-05 12:16:00,47.1,47.1,47.1,47.1,200,19100,57.09,47.15,47.6
1686,2021-06-05 12:17:00,47.1,47.1,47.1,47.1,200,19100,57.09,47.15,47.6
1687,2021-06-05 12:18:00,47.1,47.1,47.1,47.1,200,19100,57.09,47.15,47.6
1688,2021-06-05 12:19:00,47.1,47.1,47.1,47.1,200,19100,57.09,47.15,47.6
1689,2021-06-05 12:20:00,47.1,47.1,47.1,47.1,200,19100,57.09,47.15,47.6
1690,2021-06-05 12:21:00,47.1,47.1,47.1,47.1,200,19100,57.09,47.15,47.6
1691,2021-06-05 12:22:00,47.1,47.1,47.1,47.1,200,19100,57.09,47.15,47.6
1692,2021-06-05 12:23:00,47.1,47.1,47.1,47.1,200,19100,57.09,47.15,47.6
1693,2021-06-05 12:24:00,47.1,47.1,47.1,47.1,200,19100,57.09,47.15,47.6
1694,2021-06-05 12:25:00,47.1,47.1,47.1,47.1,200,19100,57.09,47.15,47.6
1695,2021-06-05 12:26:00,47.1,47.1,47.1,47.1,200,19100,57.09,47.15,47.6
1696,2021-06-05 12:27:00,47.1,47.1,47.1,47.1,200,19100,57.09,47.15,47.6
1697,2021-06-05 12:28:00,47.1,47.1,47.1,47.1,200,19100,57.09,47.15,47.6
1698,2021-06-05 12:29:00,47.1,47.1,47.1,47.1,200,19100,57.09,47.15,47.6
1699,2021-06-05 12:30:00,47.1,47.1,47.1,47.1,200,19100,57.09,47.15,47.6
1700,2021-06-05 12:31:00,47.1,47.1,47.1,47.1,200,19100,57.09,47.15,47.6
1701,2021-06-05 12:32:00,47.1,47.1,47.1,47.1,200,19100,57.09,47.15,47.6
1702,2021-06-05 12:33:00,47.1,47.1,47.1,47.1,200,19100,57.09,47.15,47.6
1703,2021-06-05 12:34:00,47.1,47.1,47.1,47.1,200,19100,57.09,47.15,47.6
1704,2021-06-05 12:35:00,47.1,47.1,47.1,47.1,200,19100,57.09,47.15,47.6
1705,2021-06-05 12:36:00,47.1,47.1,47.1,47.1,200,19100,57.09,47.15,47.6
1706,2021-06-05 12:37:00,47.1,47.1,47.1,47.1,200,19100,57.09,47.15,47.6
1707,2021-06-05 12:38:00,47.1,47.1,47.1,47.1,200,19100,57.09,47.15,47.6
1708,2021-06-05 12:39:00,47.1,47.1,47.1,47.1,200,19100,57.09,47.15,47.6
1709,2021-06-05 12:40:00,47.1,47.1,47.1,47.1,200,19100,57.09,47.15,47.6
1710,2021-06-05 12:41:00,47.1,47.1,47.1,47.1,200,19100,57.09,47.15,47.6
1711,2021-06-05 12:42:00,47.1,47.1,47.1,47.1,200,19100,57.09,47.15,47.6
1712,2021-06-05 12:43:00,47.1,47.1,47.1,47.1,200,19100,57.09,47.15,47.6
1713,2021-06-05 12:44:00,47.1,47.1,47.1,47.1,200,19100,57.09,47.15,47.6
1714,2021-06-05 12:45:00,47.1,47.1,47.1,47.1,200,19100,57.09,47.15,47.6
1715,2021-06-05 12:46:00,47.1,47.1,47.1,47.1,200,19100,57.09,47.15,47.6
1716,2021-06-05 12:47:00,47.1,47.1,47.1,47.1,200,19100,57.09,47.15,47.6
1717,2021-06-05 12:48:00,47.1,47.1,47.1,47.1,200,19100,57.09,47.15,47.6
1718,2021-06-05 12:49:00,47.1,47.1,47.1,47.1,200,19100,57.09,47.15,47.6
1719,2021-06-05 12:50:00,47.1,47.1,47.1,47.1,200,19100,57.09,47.15,47.6
1720,2021-06-05 12:51:00,47.1,47.1,47.1,47.1,200,19100,57.09,47.15,47.6
1721,2021-06-05 12:52:00,47.1,47.1,47.1,47.1,200,19100,57.09,47.15,47.6
1722,2021-06-05 12:53:00,47.1,47.1,47.1,47.1,200,19100,57.09,47.15,47.6
1723,2021-06-05 12:54:00,47.1,47.1,47.1,47.1,200,19100,57.09,47.15,47.6
1724,2021-06-05 12:55:00,47.1,47.1,47.1,47.1,200,19100,57.09,47.15,47.6
1725,2021-06-05 12:56:00,47.1,47.1,47.1,47.1,200,19100,57.09,47.15,47.6
1726,2021-06-05 12:57:00,47.1,47.1,47.1,47.1,200,19100,57.09,47.15,47.6
1727,2021-06-05 12:58:00,47.1,47.1,47.1,47.1,200,19100,57.09,47.15,47.6
1728,2021-06-05 12:59:00,47.1,47.1,47.1,47.1,200,19100,57.09,47.15,47.6
1729,2021-06-05 13:00:00,47.1,47.1,47.1,47.1,200,19100,57.09,47.15,47.6
1730,2021-06-05 13:01:00,47.1,47.1,47.1,47.1,200,19100,57.09,47.15,47.6
1731,2021-06-05 13:02:00,47.1,47.1,47.1,47.1,200,19100,57.09,47.15,47.6
1732,2021-06-05 13:03:00,47.1,47.1,47.1,47.1,200,19100,57.09,47.15,47.6
1733,2021-06-05 13:04:00,47.1,47.1,47.1,47.1,200,19100,57.09,47.15,47.6
1734,2021-06-05 13:05:00,47.1,47.1,47.1,47.1,200,19100,57.09,47.15,47.6
1735,2021-06-05 13:06:00,47.1,47.1,47.1,47.1,200,19100,57.09,47.15,47.6
1736,2021-06-05 13:07:00,47.1,47.1,47.1,47.1,200,19100,57.09,47.15,47.6
1737,2021-06-05 13:08:00,47.1,47.1,47.1,47.1,200,19100,57.09,47.15,47.6
1738,2021-06-05 13:09:00,47.1,47.1,47.1,47.1,200,19100,57.09,47.15,47.6
1739,2021-06-05 13:10:00,47.1,47.1,47.1,47.1,200,19100,57.09,47.15,47.6
1740,2021-06-05 13:11:00,47.1,47.1,47.1,47.1,200,19100,57.09,47.15,47.6
1741,2021-06-05 13:12:00,47.1,47.1,47.1,47.1,200,19100,57.09,47.15,47.6
1742,2021-06-05 13:13:00,47.1,47.1,47.1,47.1,200,19100,57.09,47.15,47.6
1743,2021-06-05 13:14:00,47.1,47.1,47.1,47.1,200,19100,57.09,47.15,47.6
1744,2021-06-05 13:15:00,47.1,47.1,47.1,47.1,200,19100,57.09,47.15,47.6
1745,2021-06-05 13:16:00,47.1,47.1,47.1,47.1,200,19100,57.09,47.15,47.6
1746,2021-06-05 13:17:00,47.1,47.1,47.1,47.1,200,19100,57.09,47.15,47.6
1747,2021-06-05 13:18:00,47.1,47.1,47.1,47.1,200,19100,57.09,47.15,47.6
1748,2021-06-05 13:19:00,47.1,47.1,47.1,47.1,200,19100,57.09,47.15,47.6
1749,2021-06-05 13:20:00,47.1,47.1,47.1,47.1,200,19100,57.09,47.15,47.6
1750,2021-06-05 13:21:00,47.1,47.1,47.1,47.1,200,19100,57.09,47.15,47.6
1751,2021-06-05 13:22:00,47.1,47.1,47.1,47.1,200,19100,57.09,47.15,47.6
1752,2021-06-05 13:23:00,47.1,47.1,47.1,47.1,200,19100,57.09,47.15,47.6
1753,2021-06-05 13:24:00,47.1,47.1,47.1,47.1,200,19100,57.09,47.15,47.6
1754,2021-06-05 13:25:00,47.1,47.1,47.1,47.1,200,19100,57.09,47.15,47.6
1755,2021-06-05 13:26:00,47.1,47.1,47.1,47.1,200,19100,57.09,47.15,47.6
1756,2021-06-05 13:27:00,47.1,47.1,47.1,47.1,200,19100,57.09,47.15,47.6
1757,2021-06-05 13:28:00,47.1,47.1,47.1,47.1,200,19100,57.09,47.15,47.6
1758,2021-06-05 13:29:00,47.1,47.1,47.1,47.1,200,19100,57.09,47.15,47.6
1759,2021-06-05 13:30:00,47.1,47.1,47.1,47.1,200,19100,57.09,47.15,47.6
1760,2021-06-05 13:31:00,47.1,47.1,47.1,47.1,200,19100,57.09,47.15,47.6
1761,2021-06-05 13:32:00,47.1,47.1,47.1,47.1,200,19100,57.09,47.15,47.6
1762,2021-06-05 13:33:00,47.1,47.1,47.1,47.1,200,19100,57.09,47.15,47.6
1763,2021-06-05 13:34:00,47.1,47.1,47.1,47.1,200,19100,57.09,47.15,47.6
1764,2021-06-05 13:35:00,47.1,47.1,47.1,47.1,200,19100,57.09,47.15,47.6
1765,2021-06-05 13:36:00,47.1,47.1,47.1,47.1,200,19100,57.09,47.15,47.6
1766,2021-06-05 13:37:00,47.1,47.1,47.1,47.1,200,19100,57.09,47.15,47.6
1767,2021-06-05 13:38:00,47.1,47.1,47.1,47.1,200,19100,57.09,47.15,47.6
1768,2021-06-05 13:39:00,47.1,47.1,47.1,47.1,200,19100,57.09,47.15,47.6
1769,2021-06-05 13:40:00,47.1,47.1,47.1,47.1,200,19100,57.09,47.15,47.6
1770,2021-06-05 13:41:00,47.1,47.1,47.1,47.1,200,19100,57.09,47.15,47.6
1771,2021-06-05 13:42:00,47.1,47.1,47.1,47.1,200,19100,57.09,47.15,47.6
1772,2021-06-05 13:43:00,47.1,47.1,47.1,47.1,200,19100,57.09,47.15,47.6
1773,2021-06-05 13:44:00,47.1,47.1,47.1,47.1,200,19100,57.09,47.15,47.6
1774,2021-06-05 13:45:00,47.1,47.1,47.1,47.1,200,19100,57.09,47.15,47.6
1775,2021-06-05 13:46:00,47.1,47.1,47.1,47.1,200,19100,57.09,47.15,47.6
1776,2021-06-05 13:47:00,47.1,47.1,47.1,47.1,200,19100,57.09,47.15,47.6
1777,2021-06-05 13:48:00,47.1,47.1,47.1,47.1,200,19100,57.09,47.15,47.6
1778,2021-06-05 13:49:00,47.1,47.1,47.1,47.1,200,19100,57.09,47.15,47.6
1779,2021-06-05 13:50:00,47.1,47.1,47.1,47.1,200,19100,57.09,47.15,47.6
1780,2021-06-05 13:51:00,47.1,47.1,47.1,47.1,200,19100,57.09,47.15,47.6
1781,2021-06-05 13:52:00,47.1,47.1,47.1,47.1,200,19100,57.09,47.15,47.6
1782,2021-06-05 13:53:00,47.1,47.1,47.1,47.1,200,19100,57.09,47.15,47.6
1783,2021-06-05 13:54:00,47.1,47.1,47.1,47.1,200,19100,57.09,47.15,47.6
1784,2021-06-05 13:55:00,47.1,47.1,47.1,47.1,200,19100,57.09,47.15,47.6
1785,2021-06-05 13:56:00,47.1,47.1,47.1,47.1,200,19100,57.09,47.15,47.6
1786,2021-06-05 13:57:00,47.1,47.1,47.1,47.1,200,19100,57.09,47.15,47.6
1787,2021-06-05 13:58:00,47.1,47.1,47.1,47.1,200,19100,57.09,47.15,47.6
1788,2021-06-05 13:59:00,47.1,47.1,47.1,47.1,200,19100,57.09,47.15,47.6
1789,2021-06-05 14:00:00,47.1,47.1,47.1,47.1,200,19100,57.09,47.15,47.6
1790,2021-06-05 14:01:00,47.1,47.1,47.1,47.1,200,19100,57.09,47.15,47.6
1791,2021-06-05 14:02:00,47.1,47.1,47.1,47.1,200,19100,57.09,47.15,47.6
1792,2021-06-05 14:03:00,47.1,47.1,47.1,47.1,200,19100,57.09,47.15,47.6
1793,2021-06-05 14:04:00,47.1,47.1,47.1,47.1,200,19100,57.09,47.15,47.6
1794,2021-06-05 14:05:00,47.1,47.1,47.1,47.1,200,19100,57.09,47.15,47.6
1795,2021-06-05 14:06:00,47.1,47.1,47.1,47.1,200,19100,57.09,47.15,47.6
1796,2021-06-05 14:07:00,47.1,47.1,47.1,47.1,200,19100,57.09,47.15,47.6
1797,2021-06-05 14:08:00,47.1,47.1,47.1,47.1,200,19100,57.09,47.15,47.6
1798,2021-06-05 14:09:00,47.1,47.1,47.1,47.1,200,19100,57.09,47.15,47.6
1799,2021-06-05 14:10:00,47.1,47.1,47.1,47.1,200,19100,57.09,47.15,47.6
1800,2021-06-05 14:11:00,47.1,47.1,47.1,47.1,200,19100,57.09,47.15,47.6
1801,2021-06-05 14:12:00,47.1,47.1,47.1,47.1,200,19100,57.09,47.15,47.6
1802,2021-06-05 14:13:00,47.1,47.1,47.1,47.1,200,19100,57.09,47.15,47.6
1803,2021-06-05 14:14:00,47.1,47.1,47.1,47.1,200,19100,57.09,47.15,47.6
1804,2021-06-05 14:15:00,47.1,47.1,47.1,47.1,200,19100,57.09,47.15,47.6
1805,2021-06-05 14:16:00,47.1,47.1,47.1,47.1,200,19100,57.09,47.15,47.6
1806,2021-06-05 14:17:00,47.1,47.1,47.1,47.1,200,19100,57.09,47.15,47.6
1807,2021-06-05 14:18:00,47.1,47.1,47.1,47.1,200,19100,57.09,47.15,47.6
1808,2021-06-05 14:19:00,47.1,47.1,47.1,47.1,200,19100,57.09,47.15,47.6
1809,2021-06-05 14:20:00,47.1,47.1,47.1,47.1,200,19100,57.09,47.15,47.6
1810,2021-06-05 14:21:00,47.1,47.1,47.1,47.1,200,19100,57.09,47.15,47.6
1811,2021-06-05 14:22:00,47.1,47.1,47.1,47.1,200,19100,57.09,47.15,47.6
1812,2021-06-05 14:23:00,47.1,47.1,47.1,47.1,200,19100,57.09,47.15,47.6
1813,2021-06-05 14:24:00,47.1,47.1,47.1,47.1,200,19100,57.09,47.15,47.6
1814,2021-06-05 14:25:00,47.1,47.1,47.1,47.1,200,19100,57.09,47.15,47.6
1815,2021-06-05 14:26:00,47.1,47.1,47.1,47.1,200,19100,57.09,47.15,47.6
1816,2021-06-05 14:27:00,47.1,47.1,47.1,47.1,200,19100,57.09,47.15,47.6
1817,2021-06-05 14:28:00,47.1,47.1,47.1,47.1,200,19100,57.09,47.15,47.6
1818,2021-06-05 14:29:00,47.1,47.1,47.1,47.1,200,19100,57.09,47.15,47.6
1819,2021-06-05 14:30:00,47.1,47.1,47.1,47.1,200,19100,57.09,47.15,47.6
1820,2021-06-05 14:31:00,47.1,47.1,47.1,47.1,200,19100,57.09,47.15,47.6
1821,2021-06-05 14:32:00,47.1,47.1,47.1,47.1,200,19100,57.09,47.15,47.6
1822,2021-06-05 14:33:00,47.1,47.1,47.1,47.1,200,19100,57.09,47.15,47.6
1823,2021-06-05 14:34:00,47.1,47.1,47.1,47.1,200,19100,57.09,47.15,47.6
1824,2021-06-05 14:35:00,47.1,47.1,47.1,47.1,200,19100,57.09,47.15,47.6
1825,2021-06-05 14:36:00,47.1,47.1,47.1,47.1,200,19100,57.09,47.15,47.6
1826,2021-06-05 14:37:00,47.1,47.1,47.1,47.1,200,19100,57.09,47.15,47.6
1827,2021-06-05 14:38:00,47.1,47.1,47.1,47.1,200,19100,57.09,47.15,47.6
1828,2021-06-05 14:39:00,47.1,47.1,47.1,47.1,200,19100,57.09,47.15,47.6
1829,2021-06-05 14:40:00,47.1,47.1,47.1,47.1,200,19100,57.09,47.15,47.6
1830,2021-06-05 14:41:00,47.1,47.1,47.1,47.1,200,19100,57.09,47.15,47.6
1831,2021-06-05 14:42:00,47.1,47.1,47.1,47.1,200,19100,57.09,47.15,47.6
1832,2021-06-05 14:43:00,47.1,47.1,47.1,47.1,200,19100,57.09,47.15,47.6
1833,2021-06-05 14:44:00,47.1,47.1,47.1,47.1,200,19100,57.09,47.15,47.6
1834,2021-06-05 14:45:00,47.1,47.1,47.1,47.1,200,19100,57.09,47.15,47.6
1835,2021-06-05 14:46:00,47.1,47.1,47.1,47.1,200,19100,57.09,47.15,47.6
1836,2021-06-05 14:47:00,47.1,47.1,47.1,47.1,200,19100,57.09,47.15,47.6
1837,2021-06-05 14:48:00,47.1,47.1,47.1,47.1,200,19100,57.09,47.15,47.6
1838,2021-06-05 14:49:00,47.1,47.1,47.1,47.1,200,19100,57.09,47.15,47.6
1839,2021-06-05 14:50:00,47.1,47.1,47.1,47.1,200,19100,57.09,47.15,47.6
1840,2021-06-05 14:51:00,47.1,47.1,47.1,47.1,200,19100,57.09,47.15,47.6
1841,2021-06-05 14:52:00,47.1,47.1,47.1,47.1,200,19100,57.09,47.15,47.6
1842,2021-06-05 14:53:00,47.1,47.1,47.1,47.1,200,19100,57.09,47.15,47.6
1843,2021-06-05 14:54:00,47.1,47.1,47.1,47.1,200,19100,57.09,47.15,47.6
1844,2021-06-05 14:55:00,47.1,47.1,47.1,47.1,200,19100,57.09,47.15,47.6
1845,2021-06-05 14:56:00,47.1,47.1,47.1,47.1,200,19100,57.09,47.15,47.6
1846,2021-06-05 14:57:00,47.1,47.1,47.1,47.1,200,19100,57.09,47.15,47.6
1847,2021-06-05 14:58:00,47.1,47.1,47.1,47.1,200,19100,57.09,47.15,47.6
1848,2021-06-05 14:59:00,47.1,47.1,47.1,47.1,200,19100,57.09,47.15,47.6
1849,2021-06-05 15:00:00,47.1,47.1,47.1,47.1,200,19100,57.09,47.15,47.6
1850,2021-06-05 15:01:00,47.1,47.1,47.1,47.1,200,19100,57.09,47.15,47.6
1851,2021-06-05 15:02:00,47.1,47.1,47.1,47.1,200,19100,57.09,47.15,47.6
1852,2021-06-05 15:03:00,47.1,47.1,47.1,47.1,200,19100,57.09,47.15,47.6
1853,2021-06-05 15:04:00,47.1,47.1,47.1,47.1,200,19100,57.09,47.15,47.6
1854,2021-06-05 15:05:00,47.1,47.1,47.1,47.1,200,19100,57.09,47.15,47.6
1855,2021-06-05 15:06:00,47.1,47.1,47.1,47.1,200,19100,57.09,47.15,47.6
1856,2021-06-05 15:07:00,47.1,47.1,47.1,47.1,200,19100,57.09,47.15,47.6
1857,2021-06-05 15:08:00,47.1,47.1,47.1,47.1,200,19100,57.09,47.15,47.6
1858,2021-06-05 15:09:00,47.1,47.1,47.1,47.1,200,19100,57.09,47.15,47.6
1859,2021-06-05 15:10:00,47.1,47.1,47.1,47.1,200,19100,57.09,47.15,47.6
1860,2021-06-05 15:11:00,47.1,47.1,47.1,47.1,200,19100,57.09,47.15,47.6
1861,2021-06-05 15:12:00,47.1,47.1,47.1,47.1,200,19100,57.09,47.15,47.6
1862,2021-06-05 15:13:00,47.1,47.1,47.1,47.1,200,19100,57.09,47.15,47.6
1863,2021-06-05 15:14:00,47.1,47.1,47.1,47.1,200,19100,57.09,47.15,47.6
1864,2021-06-05 15:15:00,47.1,47.1,47.1,47.1,200,19100,57.09,47.15,47.6
1865,2021-06-05 15:16:00,47.1,47.1,47.1,47.1,200,19100,57.09,47.15,47.6
1866,2021-06-05 15:17:00,47.1,47.1,47.1,47.1,200,19100,57.09,47.15,47.6
1867,2021-06-05 15:18:00,47.1,47.1,47.1,47.1,200,19100,57.09,47.15,47.6
1868,2021-06-05 15:19:00,47.1,47.1,47.1,47.1,200,19100,57.09,47.15,47.6
1869,2021-06-05 15:20:00,47.1,47.1,47.1,47.1,200,19100,57.09,47.15,47.6
1870,2021-06-05 15:21:00,47.1,47.1,47.1,47.1,200,19100,57.09,47.15,47.6
1871,2021-06-05 15:22:00,47.1,47.1,47.1,47.1,200,19100,57.09,47.15,47.6
1872,2021-06-05 15:23:00,47.1,47.1,47.1,47.1,200,19100,57.09,47.15,47.6
1873,2021-06-05 15:24:00,47.1,47.1,47.1,47.1,200,19100,57.09,47.15,47.6
1874,2021-06-05 15:25:00,47.1,47.1,47.1,47.1,200,19100,57.09,47.15,47.6
1875,2021-06-05 15:26:00,47.1,47.1,47.1,47.1,200,19100,57.09,47.15,47.6
1876,2021-06-05 15:27:00,47.1,47.1,47.1,47.1,200,19100,57.09,47.15,47.6
1877,2021-06-05 15:28:00,47.1,47.1,47.1,47.1,200,19100,57.09,47.15,47.6
1878,2021-06-05 15:29:00,47.1,47.1,47.1,47.1,200,19100,57.09,47.15,47.6
1879,2021-06-05 15:30:00,47.1,47.1,47.1,47.1,200,19100,57.09,47.15,47.6
1880,2021-06-06 09:15:00,47.1,47.1,47.1,47.1,200,19100,57.09,47.15,47.6
1881,2021-06-06 09:16:00,47.1,47.1,47.1,47.1,200,19100,57.09,47.15,47.6
1882,2021-06-06 09:17:00,47.1,47.1,47.1,47.1,200,19100,57.09,47.15,47.6
1883,2021-06-06 09:18:00,47.1,47.1,47.1,47.1,200,19100,57.09,47.15,47.6
1884,2021-06-06 09:19:00,47.1,47.1,47.1,47.1,200,19100,57.09,47.15,47.6
1885,2021-06-06 09:20:00,47.1,47.1,47.1,47.1,200,19100,57.09,47.15,47.6
1886,2021-06-06 09:21:00,47.1,47.1,47.1,47.1,200,19100,57.09,47.15,47.6
1887,2021-06-06 09:22:00,47.1,47.1,47.1,47.1,200,19100,57.09,47.15,47.6
1888,2021-06-06 09:23:00,47.1,47.1,47.1,47.1,200,19100,57.09,47.15,47.6
1889,2021-06-06 09:24:00,47.1,47.1,47.1,47.1,200,19100,57.09,47.15,47.6
1890,2021-06-06 09:25:00,47.1,47.1,47.1,47.1,200,19100,57.09,47.15,47.6
1891,2021-06-06 09:26:00,47.1,47.1,47.1,47.1,200,19100,57.09,47.15,47.6
1892,2021-06-06 09:27:00,47.1,47.1,47.1,47.1,200,19100,57.09,47.15,47.6
1893,2021-06-06 09:28:00,47.1,47.1,47.1,47.1,200,19100,57.09,47.15,47.6
1894,2021-06-06 09:29:00,47.1,47.1,47.1,47.1,200,19100,57.09,47.15,47.6
1895,2021-06-06 09:30:00,47.1,47.1,47.1,47.1,200,19100,57.09,47.15,47.6
1896,2021-06-06 09:31:00,47.1,47.1,47.1,47.1,200,19100,57.09,47.15,47.6
1897,2021-06-06 09:32:00,47.1,47.1,47.1,47.1,200,19100,57.09,47.15,47.6
1898,2021-06-06 09:33:00,47.1,47.1,47.1,47.1,200,19100,57.09,47.15,47.6
1899,2021-06-06 09:34:00,47.1,47.1,47.1,47.1,200,19100,57.09,47.15,47.6
1900,2021-06-06 09:35:00,47.1,47.1,47.1,47.1,200,19100,57.09,47.15,47.6
1901,2021-06-06 09:36:00,47.1,47.1,47.1,47.1,200,19100,57.09,47.15,47.6
1902,2021-06-06 09:37:00,47.1,47.1,47.1,47.1,200,19100,57.09,47.15,47.6
1903,2021-06-06 09:38:00,47.1,47.1,47.1,47.1,200,19100,57.09,47.15,47.6
1904,2021-06-06 09:39:00,47.1,47.1,47.1,47.1,200,19100,57.09,47.15,47.6
1905,2021-06-06 09:40:00,47.1,47.1,47.1,47.1,200,19100,57.09,47.15,47.6
1906,2021-06-06 09:41:00,47.1,47.1,47.1,47.1,200,19100,57.09,47.15,47.6
1907,2021-06-06 09:42:00,47.1,47.1,47.1,47.1,200,19100,57.09,47.15,47.6
1908,2021-06-06 09:43:00,47.1,47.1,47.1,47.1,200,19100,57.09,47.15,47.6
1909,2021-06-06 09:44:00,47.1,47.1,47.1,47.1,200,19100,57.09,47.15,47.6
1910,2021-06-06 09:45:00,47.1,47.1,47.1,47.1,200,19100,57.09,47.15,47.6
1911,2021-06-06 09:46:00,47.1,47.1,47.1,47.1,200,19100,57.09,47.15,47.6
1912,2021-06-06 09:47:00,47.1,47.1,47.1,47.1,200,19100,57.09,47.15,47.6
1913,2021-06-06 09:48:00,47.1,47.1,47.1,47.1,200,19100,57.09,47.15,47.6
1914,2021-06-06 09:49:00,47.1,47.1,47.1,47.1,200,19100,57.09,47.15,47.6
1915,2021-06-06 09:50:00,47.1,47.1,47.1,47.1,200,19100,57.09,47.15,47.6
1916,2021-06-06 09:51:00,47.1,47.1,47.1,47.1,200,19100,57.09,47.15,47.6
1917,2021-06-06 09:52:00,47.1,47.1,47.1,47.1,200,19100,57.09,47.15,47.6
1918,2021-06-06 09:53:00,47.1,47.1,47.1,47.1,200,19100,57.09,47.15,47.6
1919,2021-06-06 09:54:00,47.1,47.1,47.1,47.1,200,19100,57.09,47.15,47.6
1920,2021-06-06 09:55:00,47.1,47.1,47.1,47.1,200,19100,57.09,47.15,47.6
1921,2021-06-06 09:56:00,47.1,47.1,47.1,47.1,200,19100,57.09,47.15,47.6
1922,2021-06-06 09:57:00,47.1,47.1,47.1,47.1,200,19100,57.09,47.15,47.6
1923,2021-06-06 09:58:00,47.1,47.1,47.1,47.1,200,19100,57.09,47.15,47.6
1924,2021-06-06 09:59:00,47.1,47.1,47.1,47.1,200,19100,57.09,47.15,47.6
1925,2021-06-06 10:00:00,47.1,47.1,47.1,47.1,200,19100,57.09,47.15,47.6
1926,2021-06-06 10:01:00,47.1,47.1,47.1,47.1,200,19100,57.09,47.15,47.6
1927,2021-06-06 10:02:00,47.1,47.1,47.1,47.1,200,19100,57.09,47.15,47.6
1928,2021-06-06 10:03:00,47.1,47.1,47.1,47.1,200,19100,57.09,47.15,47.6
1929,2021-06-06 10:04:00,47.1,47.1,47.1,47.1,200,19100,57.09,47.15,47.6
1930,2021-06-06 10:05:00,47.1,47.1,47.1,47.1,200,19100,57.09,47.15,47.6
1931,2021-06-06 10:06:00,47.1,47.1,47.1,47.1,200,19100,57.09,47.15,47.6
1932,2021-06-06 10:07:00,47.1,47.1,47.1,47.1,200,19100,57.09,47.15,47.6
1933,2021-06-06 10:08:00,47.1,47.1,47.1,47.1,200,19100,57.09,47.15,47.6
1934,2021-06-06 10:09:00,47.1,47.1,47.1,47.1,200,19100,57.09,47.15,47.6
1935,2021-06-06 10:10:00,47.1,47.1,47.1,47.1,200,19100,57.09,47.15,47.6
1936,2021-06-06 10:11:00,47.1,47.1,47.1,47.1,200,19100,57.09,47.15,47.6
1937,2021-06-06 10:12:00,47.1,47.1,47.1,47.1,200,19100,57.09,47.15,47.6
1938,2021-06-06 10:13:00,47.1,47.1,47.1,47.1,200,19100,57.09,47.15,47.6
1939,2021-06-06 10:14:00,47.1,47.1,47.1,47.1,200,19100,57.09,47.15,47.6
1940,2021-06-06 10:15:00,47.1,47.1,47.1,47.1,200,19100,57.09,47.15,47.6
1941,2021-06-06 10:16:00,47.1,47.1,47.1,47.1,200,19100,57.09,47.15,47.6
1942,2021-06-06 10:17:00,47.1,47.1,47.1,47.1,200,19100,57.09,47.15,47.6
1943,2021-06-06 10:18:00,47.1,47.1,47.1,47.1,200,19100,57.09,47.15,47.6
1944,2021-06-06 10:19:00,47.1,47.1,47.1,47.1,200,19100,57.09,47.15,47.6
1945,2021-06-06 10:20:00,47.1,47.1,47.1,47.1,200,19100,57.09,47.15,47.6
1946,2021-06-06 10:21:00,47.1,47.1,47.1,47.1,200,19100,57.09,47.15,47.6
1947,2021-06-06 10:22:00,47.1,47.1,47.1,47.1,200,19100,57.09,47.15,47.6
1948,2021-06-06 10:23:00,47.1,47.1,47.1,47.1,200,19100,57.09,47.15,47.6
1949,2021-06-06 10:24:00,47.1,47.1,47.1,47.1,200,19100,57.09,47.15,47.6
1950,2021-06-06 10:25:00,47.1,47.1,47.1,47.1,200,19100,57.09,47.15,47.6
1951,2021-06-06 10:26:00,47.1,47.1,47.1,47.1,200,19100,57.09,47.15,47.6
1952,2021-06-06 10:27:00,47.1,47.1,47.1,47.1,200,19100,57.09,47.15,47.6
1953,2021-06-06 10:28:00,47.1,47.1,47.1,47.1,200,19100,57.09,47.15,47.6
1954,2021-06-06 10:29:00,47.1,47.1,47.1,47.1,200,19100,57.09,47.15,47.6
1955,2021-06-06 10:30:00,47.1,47.1,47.1,47.1,200,19100,57.09,47.15,47.6
1956,2021-06-06 10:31:00,47.1,47.1,47.1,47.1,200,19100,57.09,47.15,47.6
1957,2021-06-06 10:32:00,47.1,47.1,47.1,47.1,200,19100,57.09,47.15,47.6
1958,2021-06-06 10:33:00,47.1,47.1,47.1,47.1,200,19100,57.09,47.15,47.6
1959,2021-06-06 10:34:00,47.1,47.1,47.1,47.1,200,19100,57.09,47.15,47.6
1960,2021-06-06 10:35:00,47.1,47.1,47.1,47.1,200,19100,57.09,47.15,47.6
1961,2021-06-06 10:36:00,47.1,47.1,47.1,47.1,200,19100,57.09,47.15,47.6
1962,2021-06-06 10:37:00,47.1,47.1,47.1,47.1,200,19100,57.09,47.15,47.6
1963,2021-06-06 10:38:00,47.1,47.1,47.1,47.1,200,19100,57.09,47.15,47.6
1964,2021-06-06 10:39:00,47.1,47.1,47.1,47.1,200,19100,57.09,47.15,47.6
1965,2021-06-06 10:40:00,47.1,47.1,47.1,47.1,200,19100,57.09,47.15,47.6
1966,2021-06-06 10:41:00,47.1,47.1,47.1,47.1,200,19100,57.09,47.15,47.6
1967,2021-06-06 10:42:00,47.1,47.1,47.1,47.1,200,19100,57.09,47.15,47.6
1968,2021-06-06 10:43:00,47.1,47.1,47.1,47.1,200,19100,57.09,47.15,47.6
1969,2021-06-06 10:44:00,47.1,47.1,47.1,47.1,200,19100,57.09,47.15,47.6
1970,2021-06-06 10:45:00,47.1,47.1,47.1,47.1,200,19100,57.09,47.15,47.6
1971,2021-06-06 10:46:00,47.1,47.1,47.1,47.1,200,19100,57.09,47.15,47.6
1972,2021-06-06 10:47:00,47.1,47.1,47.1,47.1,200,19100,57.09,47.15,47.6
1973,2021-06-06 10:48:00,47.1,47.1,47.1,47.1,200,19100,57.09,47.15,47.6
1974,2021-06-06 10:49:00,47.1,47.1,47.1,47.1,200,19100,57.09,47.15,47.6
1975,2021-06-06 10:50:00,47.1,47.1,47.1,47.1,200,19100,57.09,47.15,47.6
1976,2021-06-06 10:51:00,47.1,47.1,47.1,47.1,200,19100,57.09,47.15,47.6
1977,2021-06-06 10:52:00,47.1,47.1,47.1,47.1,200,19100,57.09,47.15,47.6
1978,2021-06-06 10:53:00,47.1,47.1,47.1,47.1,200,19100,57.09,47.15,47.6
1979,2021-06-06 10:54:00,47.1,47.1,47.1,47.1,200,19100,57.09,47.15,47.6
1980,2021-06-06 10:55:00,47.1,47.1,47.1,47.1,200,19100,57.09,47.15,47.6
1981,2021-06-06 10:56:00,47.1,47.1,47.1,47.1,200,19100,57.09,47.15,47.6
1982,2021-06-06 10:57:00,47.1,47.1,47.1,47.1,200,19100,57.09,47.15,47.6
1983,2021-06-06 10:58:00,47.1,47.1,47.1,47.1,200,19100,57.09,47.15,47.6
1984,2021-06-06 10:59:00,47.1,47.1,47.1,47.1,200,19100,57.09,47.15,47.6
1985,2021-06-06 11:00:00,47.1,47.1,47.1,47.1,200,19100,57.09,47.15,47.6
1986,2021-06-06 11:01:00,47.1,47.1,47.1,47.1,200,19100,57.09,47.15,47.6
1987,2021-06-06 11:02:00,47.1,47.1,47.1,47.1,200,19100,57.09,47.15,47.6
1988,2021-06-06 11:03:00,47.1,47.1,47.1,47.1,200,19100,57.09,47.15,47.6
1989,2021-06-06 11:04:00,47.1,47.1,47.1,47.1,200,19100,57.09,47.15,47.6
1990,2021-06-06 11:05:00,47.1,47.1,47.1,47.1,200,19100,57.09,47.15,47.6
1991,2021-06-06 11:06:00,47.1,47.1,47.1,47.1,200,19100,57.09,47.15,47.6
1992,2021-06-06 11:07:00,47.1,47.1,47.1,47.1,200,19100,57.09,47.15,47.6
1993,2021-06-06 11:08:00,47.1,47.1,47.1,47.1,200,19100,57.09,47.15,47.6
1994,2021-06-06 11:09:00,47.1,47.1,47.1,47.1,200,19100,57.09,47.15,47.6
1995,2021-06-06 11:10:00,47.1,47.1,47.1,47.1,200,19100,57.09,47.15,47.6
1996,2021-06-06 11:11:00,47.1,47.1,47.1,47.1,200,19100,57.09,47.15,47.6
1997,2021-06-06 11:12:00,47.1,47.1,47.1,47.1,200,19100,57.09,47.15,47.6
1998,2021-06-06 11:13:00,47.1,47.1,47.1,47.1,200,19100,57.09,47.15,47.6
1999,2021-06-06 11:14:00,47.1,47.1,47.1,47.1,200,19100,57.09,47.15,47.6
2000,2021-06-06 11:15:00,47.1,47.1,47.1,47.1,200,19100,57.09,47.15,47.6
2001,2021-06-06 11:16:00,47.1,47.1,47.1,47.1,200,19100,57.09,47.15,47.6
2002,2021-06-06 11:17:00,47.1,47.1,47.1,47.1,200,19100,57.09,47.15,47.6
2003,2021-06-06 11:18:00,47.1,47.1,47.1,47.1,200,19100,57.09,47.15,47.6
2004,2021-06-06 11:19:00,47.1,47.1,47.1,47.1,200,19100,57.09,47.15,47.6
2005,2021-06-06 11:20:00,47.1,47.1,47.1,47.1,200,19100,57.09,47.15,47.6
2006,2021-06-06 11:21:00,47.1,47.1,47.1,47.1,200,19100,57.09,47.15,47.6
2007,2021-06-06 11:22:00,47.1,47.1,47.1,47.1,200,19100,57.09,47.15,47.6
2008,2021-06-06 11:23:00,47.1,47.1,47.1,47.1,200,19100,57.09,47.15,47.6
2009,2021-06-06 11:24:00,47.1,47.1,47.1,47.1,200,19100,57.09,47.15,47.6
2010,2021-06-06 11:25:00,47.1,47.1,47.1,47.1,200,19100,57.09,47.15,47.6
2011,2021-06-06 11:26:00,47.1,47.1,47.1,47.1,200,19100,57.09,47.15,47.6
2012,2021-06-06 11:27:00,47.1,47.1,47.1,47.1,200,19100,57.09,47.15,47.6
2013,2021-06-06 11:28:00,47.1,47.1,47.1,47.1,200,19100,57.09,47.15,47.6
2014,2021-06-06 11:29:00,47.1,47.1,47.1,47.1,200,19100,57.09,47.15,47.6
2015,2021-06-06 11:30:00,47.1,47.1,47.1,47.1,200,19100,57.09,47.15,47.6
2016,2021-06-06 11:31:00,47.1,47.1,47.1,47.1,200,19100,57.09,47.15,47.6
2017,2021-06-06 11:32:00,47.1,47.1,47.1,47.1,200,19100,57.09,47.15,47.6
2018,2021-06-06 11:33:00,47.1,47.1,47.1,47.1,200,19100,57.09,47.15,47.6
2019,2021-06-06 11:34:00,47.1,47.1,47.1,47.1,200,19100,57.09,47.15,47.6
2020,2021-06-06 11:35:00,47.1,47.1,47.1,47.1,200,19100,57.09,47.15,47.6
2021,2021-06-06 11:36:00,47.1,47.1,47.1,47.1,200,19100,57.09,47.15,47.6
2022,2021-06-06 11:37:00,47.1,47.1,47.1,47.1,200,19100,57.09,47.15,47.6
2023,2021-06-06 11:38:00,47.1,47.1,47.1,47.1,200,19100,57.09,47.15,47.6
2024,2021-06-06 11:39:00,47.1,47.1,47.1,47.1,200,19100,57.09,47.15,47.6
2025,2021-06-06 11:40:00,47.1,47.1,47.1,47.1,200,19100,57.09,47.15,47.6
2026,2021-06-06 11:41:00,47.1,47.1,47.1,47.1,200,19100,57.09,47.15,47.6
2027,2021-06-06 11:42:00,47.1,47.1,47.1,47.1,200,19100,57.09,47.15,47.6
2028,2021-06-06 11:43:00,47.1,47.1,47.1,47.1,200,19100,57.09,47.15,47.6
2029,2021-06-06 11:44:00,47.1,47.1,47.1,47.1,200,19100,57.09,47.15,47.6
2030,2021-06-06 11:45:00,47.1,47.1,47.1,47.1,200,19100,57.09,47.15,47.6
2031,2021-06-06 11:46:00,47.1,47.1,47.1,47.1,200,19100,57.09,47.15,47.6
2032,2021-06-06 11:47:00,47.1,47.1,47.1,47.1,200,19100,57.09,47.15,47.6
2033,2021-06-06 11:48:00,47.1,47.1,47.1,47.1,200,19100,57.09,47.15,47.6
2034,2021-06-06 11:49:00,47.1,47.1,47.1,47.1,200,19100,57.09,47.15,47.6
2035,2021-06-06 11:50:00,47.1,47.1,47.1,47.1,200,19100,57.09,47.15,47.6
2036,2021-06-06 11:51:00,47.1,47.1,47.1,47.1,200,19100,57.09,47.15,47.6
2037,2021-06-06 11:52:00,47.1,47.1,47.1,47.1,200,19100,57.09,47.15,47.6
2038,2021-06-06 11:53:00,47.1,47.1,47.1,47.1,200,19100,57.09,47.15,47.6
2039,2021-06-06 11:54:00,47.1,47.1,47.1,47.1,200,19100,57.09,47.15,47.6
2040,2021-06-06 11:55:00,47.1,47.1,47.1,47.1,200,19100,57.09,47.15,47.6
2041,2021-06-06 11:56:00,47.1,47.1,47.1,47.1,200,19100,57.09,47.15,47.6
2042,2021-06-06 11:57:00,47.1,47.1,47.1,47.1,200,19100,57.09,47.15,47.6
2043,2021-06-06 11:58:00,47.1,47.1,47.1,47.1,200,19100,57.09,47.15,47.6
2044,2021-06-06 11:59:00,47.1,47.1,47.1,47.1,200,19100,57.09,47.15,47.6
2045,2021-06-06 12:00:00,47.1,47.1,47.1,47.1,200,19100,57.09,47.15,47.6
2046,2021-06-06 12:01:00,47.1,47.1,47.1,47.1,200,19100,57.09,47.15,47.6
2047,2021-06-06 12:02:00,47.1,47.1,47.1,47.1,200,19100,57.09,47.15,47.6
2048,2021-06-06 12:03:00,47.1,47.1,47.1,47.1,200,19100,57.09,47.15,47.6
2049,2021-06-06 12:04:00,47.1,47.1,47.1,47.1,200,19100,57.09,47.15,47.6
2050,2021-06-06 12:05:00,47.1,47.1,47.1,47.1,200,19100,57.09,47.15,47.6
2051,2021-06-06 12:06:00,47.1,47.1,47.1,47.1,200,19100,57.09,47.15,47.6
2052,2021-06-06 12:07:00,47.1,47.1,47.1,47.1,200,19100,57.09,47.15,47.6
2053,2021-06-06 12:08:00,47.1,47.1,47.1,47.1,200,19100,57.09,47.15,47.6
2054,2021-06-06 12:09:00,47.1,47.1,47.1,47.1,200,19100,57.09,47.15,47.6
2055,2021-06-06 12:10:00,47.1,47.1,47.1,47.1,200,19100,57.09,47.15,47.6
2056,2021-06-06 12:11:00,47.1,47.1,47.1,47.1,200,19100,57.09,47.15,47.6
2057,2021-06-06 12:12:00,47.1,47.1,47.1,47.1,200,19100,57.09,47.15,47.6
2058,2021-06-06 12:13:00,47.1,47.1,47.1,47.1,200,19100,57.09,47.15,47.6
2059,2021-06-06 12:14:00,47.1,47.1,47.1,47.1,200,19100,57.09,47.15,47.6
2060,2021-06-06 12:15:00,47.1,47.1,47.1,47.1,200,19100,57.09,47.15,47.6
2061,2021-06-06 12:16:00,47.1,47.1,47.1,47.1,200,19100,57.09,47.15,47.6
2062,2021-06-06 12:17:00,47.1,47.1,47.1,47.1,200,19100,57.09,47.15,47.6
2063,2021-06-06 12:18:00,47.1,47.1,47.1,47.1,200,19100,57.09,47.15,47.6
2064,2021-06-06 12:19:00,47.1,47.1,47.1,47.1,200,19100,57.09,47.15,47.6
2065,2021-06-06 12:20:00,47.1,47.1,47.1,47.1,200,19100,57.09,47.15,47.6
2066,2021-06-06 12:21:00,47.1,47.1,47.1,47.1,200,19100,57.09,47.15,47.6
2067,2021-06-06 12:22:00,47.1,47.1,47.1,47.1,200,19100,57.09,47.15,47.6
2068,2021-06-06 12:23:00,47.1,47.1,47.1,47.1,200,19100,57.09,47.15,47.6
2069,2021-06-06 12:24:00,47.1,47.1,47.1,47.1,200,19100,57.09,47.15,47.6
2070,2021-06-06 12:25:00,47.1,47.1,47.1,47.1,200,19100,57.09,47.15,47.6
2071,2021-06-06 12:26:00,47.1,47.1,47.1,47.1,200,19100,57.09,47.15,47.6
2072,2021-06-06 12:27:00,47.1,47.1,47.1,47.1,200,19100,57.09,47.15,47.6
2073,2021-06-06 12:28:00,47.1,47.1,47.1,47.1,200,19100,57.09,47.15,47.6
2074,2021-06-06 12:29:00,47.1,47.1,47.1,47.1,200,19100,57.09,47.15,47.6
2075,2021-06-06 12:30:00,47.1,47.1,47.1,47.1,200,19100,57.09,47.15,47.6
2076,2021-06-06 12:31:00,47.1,47.1,47.1,47.1,200,19100,57.09,47.15,47.6
2077,2021-06-06 12:32:00,47.1,47.1,47.1,47.1,200,19100,57.09,47.15,47.6
2078,2021-06-06 12:33:00,47.1,47.1,47.1,47.1,200,19100,57.09,47.15,47.6
2079,2021-06-06 12:34:00,47.1,47.1,47.1,47.1,200,19100,57.09,47.15,47.6
2080,2021-06-06 12:35:00,47.1,47.1,47.1,47.1,200,19100,57.09,47.15,47.6
2081,2021-06-06 12:36:00,47.1,47.1,47.1,47.1,200,19100,57.09,47.15,47.6
2082,2021-06-06 12:37:00,47.1,47.1,47.1,47.1,200,19100,57.09,47.15,47.6
2083,2021-06-06 12:38:00,47.1,47.1,47.1,47.1,200,19100,57.09,47.15,47.6
2084,2021-06-06 12:39:00,47.1,47.1,47.1,47.1,200,19100,57.09,47.15,47.6
2085,2021-06-06 12:40:00,47.1,47.1,47.1,47.1,200,19100,57.09,47.15,47.6
2086,2021-06-06 12:41:00,47.1,47.1,47.1,47.1,200,19100,57.09,47.15,47.6
2087,2021-06-06 12:42:00,47.1,47.1,47.1,47.1,200,19100,57.09,47.15,47.6
2088,2021-06-06 12:43:00,47.1,47.1,47.1,47.1,200,19100,57.09,47.15,47.6
2089,2021-06-06 12:44:00,47.1,47.1,47.1,47.1,200,19100,57.09,47.15,47.6
2090,2021-06-06 12:45:00,47.1,47.1,47.1,47.1,200,19100,57.09,47.15,47.6
2091,2021-06-06 12:46:00,47.1,47.1,47.1,47.1,200,19100,57.09,47.15,47.6
2092,2021-06-06 12:47:00,47.1,47.1,47.1,47.1,200,19100,57.09,47.15,47.6
2093,2021-06-06 12:48:00,47.1,47.1,47.1,47.1,200,19100,57.09,47.15,47.6
2094,2021-06-06 12:49:00,47.1,47.1,47.1,47.1,200,19100,57.09,47.15,47.6
2095,2021-06-06 12:50:00,47.1,47.1,47.1,47.1,200,19100,57.09,47.15,47.6
2096,2021-06-06 12:51:00,47.1,47.1,47.1,47.1,200,19100,57.09,47.15,47.6
2097,2021-06-06 12:52:00,47.1,47.1,47.1,47.1,200,19100,57.09,47.15,47.6
2098,2021-06-06 12:53:00,47.1,47.1,47.1,47.1,200,19100,57.09,47.15,47.6
2099,2021-06-06 12:54:00,47.1,47.1,47.1,47.1,200,19100,57.09,47.15,47.6
2100,2021-06-06 12:55:00,47.1,47.1,47.1,47.1,200,19100,57.09,47.15,47.6
2101,2021-06-06 12:56:00,47.1,47.1,47.1,47.1,200,19100,57.09,47.15,47.6
2102,2021-06-06 12:57:00,47.1,47.1,47.1,47.1,200,19100,57.09,47.15,47.6
2103,2021-06-06 12:58:00,47.1,47.1,47.1,47.1,200,19100,57.09,47.15,47.6
2104,2021-06-06 12:59:00,47.1,47.1,47.1,47.1,200,19100,57.09,47.15,47.6
2105,2021-06-06 13:00:00,47.1,47.1,47.1,47.1,200,19100,57.09,47.15,47.6
2106,2021-06-06 13:01:00,47.1,47.1,47.1,47.1,200,19100,57.09,47.15,47.6
2107,2021-06-06 13:02:00,47.1,47.1,47.1,47.1,200,19100,57.09,47.15,47.6
2108,2021-06-06 13:03:00,47.1,47.1,47.1,47.1,200,19100,57.09,47.15,47.6
2109,2021-06-06 13:04:00,47.1,47.1,47.1,47.1,200,19100,57.09,47.15,47.6
2110,2021-06-06 13:05:00,47.1,47.1,47.1,47.1,200,19100,57.09,47.15,47.6
2111,2021-06-06 13:06:00,47.1,47.1,47.1,47.1,200,19100,57.09,47.15,47.6
2112,2021-06-06 13:07:00,47.1,47.1,47.1,47.1,200,19100,57.09,47.15,47.6
2113,2021-06-06 13:08:00,47.1,47.1,47.1,47.1,200,19100,57.09,47.15,47.6
2114,2021-06-06 13:09:00,47.1,47.1,47.1,47.1,200,19100,57.09,47.15,47.6
2115,2021-06-06 13:10:00,47.1,47.1,47.1,47.1,200,19100,57.09,47.15,47.6
2116,2021-06-06 13:11:00,47.1,47.1,47.1,47.1,200,19100,57.09,47.15,47.6
2117,2021-06-06 13:12:00,47.1,47.1,47.1,47.1,200,19100,57.09,47.15,47.6
2118,2021-06-06 13:13:00,47.1,47.1,47.1,47.1,200,19100,57.09,47.15,47.6
2119,2021-06-06 13:14:00,47.1,47.1,47.1,47.1,200,19100,57.09,47.15,47.6
2120,2021-06-06 13:15:00,47.1,47.1,47.1,47.1,200,19100,57.09,47.15,47.6
2121,2021-06-06 13:16:00,47.1,47.1,47.1,47.1,200,19100,57.09,47.15,47.6
2122,2021-06-06 13:17:00,47.1,47.1,47.1,47.1,200,19100,57.09,47.15,47.6
2123,2021-06-06 13:18:00,47.1,47.1,47.1,47.1,200,19100,57.09,47.15,47.6
2124,2021-06-06 13:19:00,47.1,47.1,47.1,47.1,200,19100,57.09,47.15,47.6
2125,2021-06-06 13:20:00,47.1,47.1,47.1,47.1,200,19100,57.09,47.15,47.6
2126,2021-06-06 13:21:00,47.1,47.1,47.1,47.1,200,19100,57.09,47.15,47.6
2127,2021-06-06 13:22:00,47.1,47.1,47.1,47.1,200,19100,57.09,47.15,47.6
2128,2021-06-06 13:23:00,47.1,47.1,47.1,47.1,200,19100,57.09,47.15,47.6
2129,2021-06-06 13:24:00,47.1,47.1,47.1,47.1,200,19100,57.09,47.15,47.6
2130,2021-06-06 13:25:00,47.1,47.1,47.1,47.1,200,19100,57.09,47.15,47.6
2131,2021-06-06 13:26:00,47.1,47.1,47.1,47.1,200,19100,57.09,47.15,47.6
2132,2021-06-06 13:27:00,47.1,47.1,47.1,47.1,200,19100,57.09,47.15,47.6
2133,2021-06-06 13:28:00,47.1,47.1,47.1,47.1,200,19100,57.09,47.15,47.6
2134,2021-06-06 13:29:00,47.1,47.1,47.1,47.1,200,19100,57.09,47.15,47.6
2135,2021-06-06 13:30:00,47.1,47.1,47.1,47.1,200,19100,57.09,47.15,47.6
2136,2021-06-06 13:31:00,47.1,47.1,47.1,47.1,200,19100,57.09,47.15,47.6
2137,2021-06-06 13:32:00,47.1,47.1,47.1,47.1,200,19100,57.09,47.15,47.6
2138,2021-06-06 13:33:00,47.1,47.1,47.1,47.1,200,19100,57.09,47.15,47.6
2139,2021-06-06 13:34:00,47.1,47.1,47.1,47.1,200,19100,57.09,47.15,47.6
2140,2021-06-06 13:35:00,47.1,47.1,47.1,47.1,200,19100,57.09,47.15,47.6
2141,2021-06-06 13:36:00,47.1,47.1,47.1,47.1,200,19100,57.09,47.15,47.6
2142,2021-06-06 13:37:00,47.1,47.1,47.1,47.1,200,19100,57.09,47.15,47.6
2143,2021-06-06 13:38:00,47.1,47.1,47.1,47.1,200,19100,57.09,47.15,47.6
2144,2021-06-06 13:39:00,47.1,47.1,47.1,47.1,200,19100,57.09,47.15,47.6
2145,2021-06-06 13:40:00,47.1,47.1,47.1,47.1,200,19100,57.09,47.15,47.6
2146,2021-06-06 13:41:00,47.1,47.1,47.1,47.1,200,19100,57.09,47.15,47.6
2147,2021-06-06 13:42:00,47.1,47.1,47.1,47.1,200,19100,57.09,47.15,47.6
2148,2021-06-06 13:43:00,47.1,47.1,47.1,47.1,200,19100,57.09,47.15,47.6
2149,2021-06-06 13:44:00,47.1,47.1,47.1,47.1,200,19100,57.09,47.15,47.6
2150,2021-06-06 13:45:00,47.1,47.1,47.1,47.1,200,19100,57.09,47.15,47.6
2151,2021-06-06 13:46:00,47.1,47.1,47.1,47.1,200,19100,57.09,47.15,47.6
2152,2021-06-06 13:47:00,47.1,47.1,47.1,47.1,200,19100,57.09,47.15,47.6
2153,2021-06-06 13:48:00,47.1,47.1,47.1,47.1,200,19100,57.09,47.15,47.6
2154,2021-06-06 13:49:00,47.1,47.1,47.1,47.1,200,19100,57.09,47.15,47.6
2155,2021-06-06 13:50:00,47.1,47.1,47.1,47.1,200,19100,57.09,47.15,47.6
2156,2021-06-06 13:51:00,47.1,47.1,47.1,47.1,200,19100,57.09,47.15,47.6
2157,2021-06-06 13:52:00,47.1,47.1,47.1,47.1,200,19100,57.09,47.15,47.6
2158,2021-06-06 13:53:00,47.1,47.1,47.1,47.1,200,19100,57.09,47.15,47.6
2159,2021-06-06 13:54:00,47.1,47.1,47.1,47.1,200,19100,57.09,47.15,47.6
2160,2021-06-06 13:55:00,47.1,47.1,47.1,47.1,200,19100,57.09,47.15,47.6
2161,2021-06-06 13:56:00,47.1,47.1,47.1,47.1,200,19100,57.09,47.15,47.6
2162,2021-06-06 13:57:00,47.1,47.1,47.1,47.1,200,19100,57.09,47.15,47.6
2163,2021-06-06 13:58:00,47.1,47.1,47.1,47.1,200,19100,57.09,47.15,47.6
2164,2021-06-06 13:59:00,47.1,47.1,47.1,47.1,200,19100,57.09,47.15,47.6
2165,2021-06-06 14:00:00,47.1,47.1,47.1,47.1,200,19100,57.09,47.15,47.6
2166,2021-06-06 14:01:00,47.1,47.1,47.1,47.1,200,19100,57.09,47.15,47.6
2167,2021-06-06 14:02:00,47.1,47.1,47.1,47.1,200,19100,57.09,47.15,47.6
2168,2021-06-06 14:03:00,47.1,47.1,47.1,47.1,200,19100,57.09,47.15,47.6
2169,2021-06-06 14:04:00,47.1,47.1,47.1,47.1,200,19100,57.09,47.15,47.6
2170,2021-06-06 14:05:00,47.1,47.1,47.1,47.1,200,19100,57.09,47.15,47.6
2171,2021-06-06 14:06:00,47.1,47.1,47.1,47.1,200,19100,57.09,47.15,47.6
2172,2021-06-06 14:07:00,47.1,47.1,47.1,47.1,200,19100,57.09,47.15,47.6
2173,2021-06-06 14:08:00,47.1,47.1,47.1,47.1,200,19100,57.09,47.15,47.6
2174,2021-06-06 14:09:00,47.1,47.1,47.1,47.1,200,19100,57.09,47.15,47.6
2175,2021-06-06 14:10:00,47.1,47.1,47.1,47.1,200,19100,57.09,47.15,47.6
2176,2021-06-06 14:11:00,47.1,47.1,47.1,47.1,200,19100,57.09,47.15,47.6
2177,2021-06-06 14:12:00,47.1,47.1,47.1,47.1,200,19100,57.09,47.15,47.6
2178,2021-06-06 14:13:00,47.1,47.1,47.1,47.1,200,19100,57.09,47.15,47.6
2179,2021-06-06 14:14:00,47.1,47.1,47.1,47.1,200,19100,57.09,47.15,47.6
2180,2021-06-06 14:15:00,47.1,47.1,47.1,47.1,200,19100,57.09,47.15,47.6
2181,2021-06-06 14:16:00,47.1,47.1,47.1,47.1,200,19100,57.09,47.15,47.6
2182,2021-06-06 14:17:00,47.1,47.1,47.1,47.1,200,19100,57.09,47.15,47.6
2183,2021-06-06 14:18:00,47.1,47.1,47.1,47.1,200,19100,57.09,47.15,47.6
2184,2021-06-06 14:19:00,47.1,47.1,47.1,47.1,200,19100,57.09,47.15,47.6
2185,2021-06-06 14:20:00,47.1,47.1,47.1,47.1,200,19100,57.09,47.15,47.6
2186,2021-06-06 14:21:00,47.1,47.1,47.1,47.1,200,19100,57.09,47.15,47.6
2187,2021-06-06 14:22:00,47.1,47.1,47.1,47.1,200,19100,57.09,47.15,47.6
2188,2021-06-06 14:23:00,47.1,47.1,47.1,47.1,200,19100,57.09,47.15,47.6
2189,2021-06-06 14:24:00,47.1,47.1,47.1,47.1,200,19100,57.09,47.15,47.6
2190,2021-06-06 14:25:00,47.1,47.1,47.1,47.1,200,19100,57.09,47.15,47.6
2191,2021-06-06 14:26:00,47.1,47.1,47.1,47.1,200,19100,57.09,47.15,47.6
2192,2021-06-06 14:27:00,47.1,47.1,47.1,47.1,200,19100,57.09,47.15,47.6
2193,2021-06-06 14:28:00,47.1,47.1,47.1,47.1,200,19100,57.09,47.15,47.6
2194,2021-06-06 14:29:00,47.1,47.1,47.1,47.1,200,19100,57.09,47.15,47.6
2195,2021-06-06 14:30:00,47.1,47.1,47.1,47.1,200,19100,57.09,47.15,47.6
2196,2021-06-06 14:31:00,47.1,47.1,47.1,47.1,200,19100,57.09,47.15,47.6
2197,2021-06-06 14:32:00,47.1,47.1,47.1,47.1,200,19100,57.09,47.15,47.6
2198,2021-06-06 14:33:00,47.1,47.1,47.1,47.1,200,19100,57.09,47.15,47.6
2199,2021-06-06 14:34:00,47.1,47.1,47.1,47.1,200,19100,57.09,47.15,47.6
2200,2021-06-06 14:35:00,47.1,47.1,47.1,47.1,200,19100,57.09,47.15,47.6
2201,2021-06-06 14:36:00,47.1,47.1,47.1,47.1,200,19100,57.09,47.15,47.6
2202,2021-06-06 14:37:00,47.1,47.1,47.1,47.1,200,19100,57.09,47.15,47.6
2203,2021-06-06 14:38:00,47.1,47.1,47.1,47.1,200,19100,57.09,47.15,47.6
2204,2021-06-06 14:39:00,47.1,47.1,47.1,47.1,200,19100,57.09,47.15,47.6
2205,2021-06-06 14:40:00,47.1,47.1,47.1,47.1,200,19100,57.09,47.15,47.6
2206,2021-06-06 14:41:00,47.1,47.1,47.1,47.1,200,19100,57.09,47.15,47.6
2207,2021-06-06 14:42:00,47.1,47.1,47.1,47.1,200,19100,57.09,47.15,47.6
2208,2021-06-06 14:43:00,47.1,47.1,47.1,47.1,200,19100,57.09,47.15,47.6
2209,2021-06-06 14:44:00,47.1,47.1,47.1,47.1,200,19100,57.09,47.15,47.6
2210,2021-06-06 14:45:00,47.1,47.1,47.1,47.1,200,19100,57.09,47.15,47.6
2211,2021-06-06 14:46:00,47.1,47.1,47.1,47.1,200,19100,57.09,47.15,47.6
2212,2021-06-06 14:47:00,47.1,47.1,47.1,47.1,200,19100,57.09,47.15,47.6
2213,2021-06-06 14:48:00,47.1,47.1,47.1,47.1,200,19100,57.09,47.15,47.6
2214,2021-06-06 14:49:00,47.1,47.1,47.1,47.1,200,19100,57.09,47.15,47.6
2215,2021-06-06 14:50:00,47.1,47.1,47.1,47.1,200,19100,57.09,47.15,47.6
2216,2021-06-06 14:51:00,47.1,47.1,47.1,47.1,200,19100,57.09,47.15,47.6
2217,2021-06-06 14:52:00,47.1,47.1,47.1,47.1,200,19100,57.09,47.15,47.6
2218,2021-06-06 14:53:00,47.1,47.1,47.1,47.1,200,19100,57.09,47.15,47.6
2219,2021-06-06 14:54:00,47.1,47.1,47.1,47.1,200,19100,57.09,47.15,47.6
2220,2021-06-06 14:55:00,47.1,47.1,47.1,47.1,200,19100,57.09,47.15,47.6
2221,2021-06-06 14:56:00,47.1,47.1,47.1,47.1,200,19100,57.09,47.15,47.6
2222,2021-06-06 14:57:00,47.1,47.1,47.1,47.1,200,19100,57.09,47.15,47.6
2223,2021-06-06 14:58:00,47.1,47.1,47.1,47.1,200,19100,57.09,47.15,47.6
2224,2021-06-06 14:59:00,47.1,47.1,47.1,47.1,200,19100,57.09,47.15,47.6
2225,2021-06-06 15:00:00,47.1,47.1,47.1,47.1,200,19100,57.09,47.15,47.6
2226,2021-06-06 15:01:00,47.1,47.1,47.1,47.1,200,19100,57.09,47.15,47.6
2227,2021-06-06 15:02:00,47.1,47.1,47.1,47.1,200,19100,57.09,47.15,47.6
2228,2021-06-06 15:03:00,47.1,47.1,47.1,47.1,200,19100,57.09,47.15,47.6
2229,2021-06-06 15:04:00,47.1,47.1,47.1,47.1,200,19100,57.09,47.15,47.6
2230,2021-06-06 15:05:00,47.1,47.1,47.1,47.1,200,19100,57.09,47.15,47.6
2231,2021-06-06 15:06:00,47.1,47.1,47.1,47.1,200,19100,57.09,47.15,47.6
2232,2021-06-06 15:07:00,47.1,47.1,47.1,47.1,200,19100,57.09,47.15,47.6
2233,2021-06-06 15:08:00,47.1,47.1,47.1,47.1,200,19100,57.09,47.15,47.6
2234,2021-06-06 15:09:00,47.1,47.1,47.1,47.1,200,19100,57.09,47.15,47.6
2235,2021-06-06 15:10:00,47.1,47.1,47.1,47.1,200,19100,57.09,47.15,47.6
2236,2021-06-06 15:11:00,47.1,47.1,47.1,47.1,200,19100,57.09,47.15,47.6
2237,2021-06-06 15:12:00,47.1,47.1,47.1,47.1,200,19100,57.09,47.15,47.6
2238,2021-06-06 15:13:00,47.1,47.1,47.1,47.1,200,19100,57.09,47.15,47.6
2239,2021-06-06 15:14:00,47.1,47.1,47.1,47.1,200,19100,57.09,47.15,47.6
2240,2021-06-06 15:15:00,47.1,47.1,47.1,47.1,200,19100,57.09,47.15,47.6
2241,2021-06-06 15:16:00,47.1,47.1,47.1,47.1,200,19100,57.09,47.15,47.6
2242,2021-06-06 15:17:00,47.1,47.1,47.1,47.1,200,19100,57.09,47.15,47.6
2243,2021-06-06 15:18:00,47.1,47.1,47.1,47.1,200,19100,57.09,47.15,47.6
2244,2021-06-06 15:19:00,47.1,47.1,47.1,47.1,200,19100,57.09,47.15,47.6
2245,2021-06-06 15:20:00,47.1,47.1,47.1,47.1,200,19100,57.09,47.15,47.6
2246,2021-06-06 15:21:00,47.1,47.1,47.1,47.1,200,19100,57.09,47.15,47.6
2247,2021-06-06 15:22:00,47.1,47.1,47.1,47.1,200,19100,57.09,47.15,47.6
2248,2021-06-06 15:23:00,47.1,47.1,47.1,47.1,200,19100,57.09,47.15,47.6
2249,2021-06-06 15:24:00,47.1,47.1,47.1,47.1,200,19100,57.09,47.15,47.6
2250,2021-06-06 15:25:00,47.1,47.1,47.1,47.1,200,19100,57.09,47.15,47.6
2251,2021-06-06 15:26:00,47.1,47.1,47.1,47.1,200,19100,57.09,47.15,47.6
2252,2021-06-06 15:27:00,47.1,47.1,47.1,47.1,200,19100,57.09,47.15,47.6
2253,2021-06-06 15:28:00,47.1,47.1,47.1,47.1,200,19100,57.09,47.15,47.6
2254,2021-06-06 15:29:00,47.1,47.1,47.1,47.1,200,19100,57.09,47.15,47.6
2255,2021-06-06 15:30:00,47.1,47.1,47.1,47.1,200,19100,57.09,47.15,47.6
2256,2021-06-07 09:15:00,47.1,47.1,47.1,47.1,200,19100,57.09,47.15,47.6
2257,2021-06-07 09:16:00,43.85,43.85,36.5,39.8,3450,19600,39.79,39.75,40.2
2258,2021-06-07 09:17:00,43.85,43.85,36.5,39.8,3450,19600,39.79,39.75,40.2
2259,2021-06-07 09:18:00,42.25,42.25,42.25,42.25,1400,19800,39.99,41.8,42.5
2260,2021-06-07 09:19:00,42.25,42.25,42.25,42.25,1400,19800,39.99,41.8,42.5
2261,2021-06-07 09:20:00,39.75,44.0,39.75,39.75,600,19500,40.14,39.45,39.95
2262,2021-06-07 09:21:00,40.1,40.1,40.1,40.1,875,19500,40.04,41.2,41.6
2263,2021-06-07 09:22:00,40.1,40.1,40.1,40.1,875,19500,40.04,41.2,41.6
2264,2021-06-07 09:23:00,41.35,41.35,41.35,41.35,700,19625,40.17,41.45,41.95
2265,2021-06-07 09:24:00,40.2,40.2,40.2,40.2,675,19625,40.23,39.65,40.05
2266,2021-06-07 09:25:00,40.2,40.2,40.2,40.2,675,19625,40.23,39.65,40.05
2267,2021-06-07 09:26:00,36.85,37.75,36.85,37.75,975,19600,40.05,37.3,37.7
2268,2021-06-07 09:27:00,37.0,37.0,37.0,37.0,200,19600,40.0,36.85,37.2
2269,2021-06-07 09:28:00,37.7,37.7,37.7,37.7,475,19600,39.88,37.35,37.75
2270,2021-06-07 09:29:00,37.7,37.7,37.7,37.7,475,19600,39.88,37.35,37.75
2271,2021-06-07 09:30:00,37.0,37.0,37.0,37.0,50,19575,39.86,35.85,36.2
2272,2021-06-07 09:31:00,37.2,37.2,36.0,37.2,325,0,39.75,37.1,37.55
2273,2021-06-07 09:32:00,37.2,37.2,36.0,37.2,325,0,39.75,37.1,37.55
2274,2021-06-07 09:33:00,37.3,37.3,37.3,37.3,350,19600,39.66,36.55,37.05
2275,2021-06-07 09:34:00,37.5,37.5,37.5,37.5,275,0,39.59,36.4,36.75
2276,2021-06-07 09:35:00,37.5,37.5,37.5,37.5,275,0,39.59,36.4,36.75
2277,2021-06-07 09:36:00,36.15,36.15,36.15,36.15,25,19650,39.58,35.9,36.25
2278,2021-06-07 09:37:00,37.35,37.35,37.35,37.35,275,19650,39.51,37.45,37.7
2279,2021-06-07 09:38:00,38.45,39.0,38.15,38.15,200,19675,39.49,38.0,38.25
2280,2021-06-07 09:39:00,38.0,38.0,37.6,37.6,425,19675,39.44,37.6,38.05
2281,2021-06-07 09:40:00,37.3,37.3,35.65,35.95,200,19675,39.38,36.75,37.15
2282,2021-06-07 09:41:00,37.3,37.3,35.65,35.95,200,19675,39.38,36.75,37.15
2283,2021-06-07 09:42:00,37.3,37.3,35.65,35.95,200,19675,39.38,36.75,37.15
2284,2021-06-07 09:43:00,37.35,37.35,37.35,37.35,25,0,39.38,36.75,37.1
2285,2021-06-07 09:44:00,37.35,37.35,37.35,37.35,25,0,39.38,36.75,37.1
2286,2021-06-07 09:45:00,38.7,38.7,38.7,38.7,300,19650,39.34,38.7,39.0
2287,2021-06-07 09:46:00,38.4,38.95,37.5,37.5,525,19650,39.3,37.55,37.7
2288,2021-06-07 09:47:00,37.65,37.65,37.65,37.65,25,19550,39.3,37.7,37.95
2289,2021-06-07 09:48:00,38.6,38.6,38.6,38.6,725,19550,39.24,38.55,38.85
2290,2021-06-07 09:49:00,38.7,38.7,38.15,38.15,650,19550,39.21,37.7,37.9
2291,2021-06-07 09:50:00,37.7,37.9,37.7,37.9,200,19750,39.19,37.8,38.15
2292,2021-06-07 09:51:00,37.9,37.9,37.9,37.9,25,19750,39.19,37.65,38.0
2293,2021-06-07 09:52:00,37.9,37.9,37.9,37.9,25,19750,39.19,37.65,38.0
2294,2021-06-07 09:53:00,37.45,37.45,37.45,37.45,75,19700,39.18,35.8,36.25
2295,2021-06-07 09:54:00,35.75,35.75,35.3,35.75,375,19700,39.1,35.6,36.1
2296,2021-06-07 09:55:00,35.85,35.85,34.5,34.7,1025,19700,38.85,34.45,34.85
2297,2021-06-07 09:56:00,34.3,34.3,34.25,34.3,200,19700,38.79,34.6,34.9
2298,2021-06-07 09:57:00,34.65,35.9,34.65,35.6,325,19200,38.72,35.45,36.0
2299,2021-06-07 09:58:00,34.65,35.9,34.65,35.6,325,19200,38.72,35.45,36.0
2300,2021-06-07 09:59:00,35.6,35.6,35.0,35.0,775,19850,38.57,34.3,34.8
2301,2021-06-07 10:00:00,34.3,34.5,34.0,34.5,425,19850,38.46,34.35,34.75
2302,2021-06-07 10:01:00,34.25,34.35,34.0,34.35,500,19850,38.34,34.3,34.7
2303,2021-06-07 10:02:00,34.7,34.7,34.7,34.7,25,19800,38.33,34.3,34.6
2304,2021-06-07 10:03:00,34.3,34.3,34.3,34.3,350,19800,38.25,34.05,34.3
2305,2021-06-07 10:04:00,33.35,33.35,33.3,33.35,200,19800,38.2,33.15,33.35
2306,2021-06-07 10:05:00,33.4,33.4,33.1,33.4,250,19800,38.14,33.15,33.35
2307,2021-06-07 10:06:00,33.4,33.4,33.0,33.0,550,19800,37.99,33.05,33.4
2308,2021-06-07 10:07:00,33.0,33.0,33.0,33.0,1350,19800,37.66,33.05,33.35
2309,2021-06-07 10:08:00,33.8,33.9,33.3,33.8,550,20300,37.55,33.5,33.8
2310,2021-06-07 10:09:00,33.0,33.0,33.0,33.0,575,20300,37.43,33.0,33.2
2311,2021-06-07 10:10:00,32.25,33.65,32.1,33.65,1125,20300,37.2,33.0,33.3
2312,2021-06-07 10:11:00,33.25,33.25,33.25,33.25,200,20300,37.16,33.35,33.55
2313,2021-06-07 10:12:00,33.1,33.1,33.1,33.1,75,21300,37.15,32.95,33.3
2314,2021-06-07 10:13:00,33.1,33.1,33.1,33.1,75,21300,37.15,32.95,33.3
2315,2021-06-07 10:14:00,33.0,33.0,33.0,33.0,100,21475,37.13,32.7,33.0
2316,2021-06-07 10:15:00,33.0,33.0,33.0,33.0,425,21475,37.06,33.25,33.6
2317,2021-06-07 10:16:00,33.1,33.1,33.1,33.1,725,21475,36.96,33.2,33.4
2318,2021-06-07 10:17:00,33.5,33.5,33.5,33.5,125,21800,36.94,33.15,33.65
2319,2021-06-07 10:18:00,33.45,33.45,33.45,33.45,625,21800,36.85,33.25,33.5
2320,2021-06-07 10:19:00,33.0,33.0,33.0,33.0,450,21800,36.79,33.1,33.5
2321,2021-06-07 10:20:00,33.3,33.3,33.3,33.3,1450,22300,36.59,33.3,33.6
2322,2021-06-07 10:21:00,33.45,33.45,33.45,33.45,775,22300,36.5,33.6,33.8
2323,2021-06-07 10:22:00,33.5,33.5,33.5,33.5,250,22300,36.48,33.6,33.85
2324,2021-06-07 10:23:00,33.5,33.5,33.5,33.5,250,22575,36.45,33.5,33.75
2325,2021-06-07 10:24:00,33.7,33.7,33.7,33.7,525,22575,36.41,33.45,33.75
2326,2021-06-07 10:25:00,33.7,33.7,33.7,33.7,525,22575,36.41,33.45,33.75
2327,2021-06-07 10:26:00,33.4,33.4,33.4,33.4,125,22575,36.39,33.3,33.65
2328,2021-06-07 10:27:00,33.4,33.4,33.4,33.4,125,22575,36.39,33.3,33.65
2329,2021-06-07 10:28:00,33.55,33.55,33.55,33.55,25,0,36.39,33.25,33.6
2330,2021-06-07 10:29:00,33.5,33.5,33.5,33.5,150,22550,36.37,33.35,33.65
2331,2021-06-07 10:30:00,33.0,33.0,33.0,33.0,50,22550,36.37,32.8,33.1
2332,2021-06-07 10:31:00,32.9,32.9,32.9,32.9,425,22550,36.32,33.0,33.3
2333,2021-06-07 10:32:00,32.9,32.9,32.9,32.9,425,22550,36.32,33.0,33.3
2334,2021-06-07 10:33:00,33.0,33.0,33.0,33.0,175,22800,36.3,33.0,33.3
2335,2021-06-07 10:34:00,33.2,33.2,33.2,33.2,175,22800,36.28,33.0,33.15
2336,2021-06-07 10:35:00,33.0,33.0,32.8,32.8,400,22975,36.23,32.7,32.95
2337,2021-06-07 10:36:00,32.65,32.65,32.6,32.6,300,22975,36.2,32.6,32.85
2338,2021-06-07 10:37:00,32.5,32.5,32.5,32.5,950,22975,36.09,32.2,32.5
2339,2021-06-07 10:38:00,32.8,32.8,32.8,32.8,475,22975,36.04,32.7,33.0
2340,2021-06-07 10:39:00,32.8,32.8,32.8,32.8,125,23600,36.02,32.6,32.9
2341,2021-06-07 10:40:00,32.8,32.8,32.8,32.8,125,23600,36.02,32.6,32.9
2342,2021-06-07 10:41:00,32.8,32.8,32.8,32.8,125,23600,36.02,32.6,32.9
2343,2021-06-07 10:42:00,32.1,32.1,32.1,32.1,125,23650,36.01,32.4,32.7
2344,2021-06-07 10:43:00,32.3,32.3,32.3,32.3,200,23650,35.99,32.4,32.65
2345,2021-06-07 10:44:00,32.5,32.5,32.5,32.5,225,23650,35.96,32.55,32.9
2346,2021-06-07 10:45:00,32.7,32.7,32.7,32.7,50,24075,35.96,32.3,32.75
2347,2021-06-07 10:46:00,32.7,32.7,32.7,32.7,50,24075,35.96,32.3,32.75
2348,2021-06-07 10:47:00,31.7,31.7,31.7,31.7,775,24175,35.87,31.75,32.0
2349,2021-06-07 10:48:00,32.0,32.0,32.0,32.0,725,24175,35.78,32.0,32.25
2350,2021-06-07 10:49:00,31.8,31.8,31.8,31.8,925,24175,35.69,31.75,32.0
2351,2021-06-07 10:50:00,31.7,31.7,31.65,31.7,150,24950,35.67,31.75,31.85
2352,2021-06-07 10:51:00,32.0,32.0,32.0,32.0,1400,24950,35.53,31.85,32.0
2353,2021-06-07 10:52:00,32.0,32.0,32.0,32.0,1400,24950,35.53,31.85,32.0
2354,2021-06-07 10:53:00,32.25,32.25,31.6,32.25,775,25475,35.45,31.9,32.1
2355,2021-06-07 10:54:00,31.9,31.9,31.9,31.9,275,25475,35.43,31.5,31.8
2356,2021-06-07 10:55:00,30.3,30.3,30.2,30.3,1175,25475,35.3,30.15,30.9
2357,2021-06-07 10:56:00,31.2,31.2,31.2,31.2,1500,25475,35.13,31.0,31.35
2358,2021-06-07 10:57:00,31.4,31.4,31.4,31.4,275,26375,35.1,31.35,31.65
2359,2021-06-07 10:58:00,31.1,31.1,31.1,31.1,675,26375,35.04,31.15,31.5
2360,2021-06-07 10:59:00,31.1,31.1,31.1,31.1,675,26375,35.04,31.15,31.5
2361,2021-06-07 11:00:00,31.1,31.1,31.1,31.1,100,26300,35.03,31.1,31.3
2362,2021-06-07 11:01:00,30.6,30.6,30.6,30.6,800,26300,34.94,30.6,30.9
2363,2021-06-07 11:02:00,30.5,30.5,30.5,30.5,525,26650,34.89,30.45,30.7
2364,2021-06-07 11:03:00,30.75,30.75,30.75,30.75,400,26650,34.85,30.55,31.1
2365,2021-06-07 11:04:00,30.6,30.6,30.6,30.6,375,26650,34.82,30.6,30.7
2366,2021-06-07 11:05:00,30.6,30.6,30.6,30.6,25,26650,34.81,30.7,30.95
2367,2021-06-07 11:06:00,31.15,31.15,31.15,31.15,150,27075,34.8,31.0,31.35
2368,2021-06-07 11:07:00,31.25,31.25,31.25,31.25,50,27075,34.8,31.05,31.35
2369,2021-06-07 11:08:00,31.25,31.25,31.25,31.25,50,27075,34.8,31.05,31.35
2370,2021-06-07 11:09:00,31.0,31.0,31.0,31.0,600,26875,34.74,31.0,31.1
2371,2021-06-07 11:10:00,31.2,31.2,31.2,31.2,550,26875,34.7,31.05,31.2
2372,2021-06-07 11:11:00,31.15,31.15,31.15,31.15,150,27975,34.69,31.05,31.4
2373,2021-06-07 11:12:00,31.0,31.0,31.0,31.0,1600,27975,34.56,30.8,31.1
2374,2021-06-07 11:13:00,30.9,30.9,30.9,30.9,25,27975,34.56,30.7,31.0
2375,2021-06-07 11:14:00,31.0,31.0,31.0,31.0,75,27975,34.55,30.65,31.0
2376,2021-06-07 11:15:00,30.8,30.8,30.8,30.8,50,28975,34.55,30.85,31.2
2377,2021-06-07 11:16:00,31.25,31.25,31.25,31.25,50,28975,34.55,31.1,31.5
2378,2021-06-07 11:17:00,31.35,31.35,31.35,31.35,75,28975,34.54,31.05,31.4
2379,2021-06-07 11:18:00,31.85,31.85,31.85,31.85,1475,28350,34.45,31.75,32.1
2380,2021-06-07 11:19:00,31.55,31.55,31.55,31.55,300,28350,34.44,31.45,31.75
2381,2021-06-07 11:20:00,31.7,31.7,31.7,31.7,200,28350,34.42,31.55,31.7
2382,2021-06-07 11:21:00,31.7,31.7,31.7,31.7,200,28350,34.42,31.55,31.7
2383,2021-06-07 11:22:00,30.75,30.75,30.75,30.75,75,27875,34.42,30.55,30.9
2384,2021-06-07 11:23:00,30.8,30.8,30.8,30.8,25,27875,34.42,30.85,31.2
2385,2021-06-07 11:24:00,30.8,30.8,30.8,30.8,25,27875,34.42,30.85,31.2
2386,2021-06-07 11:25:00,30.8,30.8,30.5,30.5,725,27850,34.36,30.2,30.5
2387,2021-06-07 11:26:00,30.95,30.95,30.95,30.95,175,27850,34.35,30.7,31.0
2388,2021-06-07 11:27:00,31.0,31.0,31.0,31.0,150,28100,34.34,31.05,31.3
2389,2021-06-07 11:28:00,31.0,31.0,31.0,31.0,150,28100,34.34,31.05,31.3
2390,2021-06-07 11:29:00,31.0,31.0,31.0,31.0,725,28100,34.29,31.0,31.1
2391,2021-06-07 11:30:00,31.15,31.15,31.15,31.15,625,29375,34.25,31.75,32.1
2392,2021-06-07 11:31:00,31.75,31.75,31.75,31.75,425,29375,34.23,31.55,31.75
2393,2021-06-07 11:32:00,31.55,31.55,31.55,31.55,225,29375,34.22,31.35,31.65
2394,2021-06-07 11:33:00,31.7,31.7,31.7,31.7,50,29075,34.22,31.3,31.65
2395,2021-06-07 11:34:00,31.45,31.45,31.45,31.45,25,29075,34.22,31.25,31.4
2396,2021-06-07 11:35:00,31.1,31.1,31.1,31.1,50,29075,34.21,30.75,31.0
2397,2021-06-07 11:36:00,31.3,31.3,31.3,31.3,100,29075,34.21,31.2,31.35
2398,2021-06-07 11:37:00,31.3,31.3,31.3,31.3,325,29075,34.19,31.15,31.4
2399,2021-06-07 11:38:00,31.05,31.05,31.05,31.05,225,0,34.18,31.05,31.25
2400,2021-06-07 11:39:00,31.25,31.25,31.25,31.25,150,29000,34.17,31.4,31.65
2401,2021-06-07 11:40:00,31.35,31.35,31.35,31.35,125,29000,34.16,31.0,31.25
2402,2021-06-07 11:41:00,31.15,31.15,31.15,31.15,25,29000,34.16,30.8,31.0
2403,2021-06-07 11:42:00,30.95,30.95,30.95,30.95,50,28900,34.16,30.9,31.05
2404,2021-06-07 11:43:00,30.95,30.95,30.95,30.95,50,0,34.15,30.55,30.8
2405,2021-06-07 11:44:00,30.6,30.6,30.45,30.45,625,28950,34.11,30.15,30.5
2406,2021-06-07 11:45:00,30.5,30.5,30.15,30.5,425,28950,34.08,30.6,31.05
2407,2021-06-07 11:46:00,30.55,30.55,30.55,30.55,75,28950,34.08,30.45,30.8
2408,2021-06-07 11:47:00,30.6,30.6,30.6,30.6,400,0,34.05,30.25,30.45
2409,2021-06-07 11:48:00,30.6,30.6,30.6,30.6,400,0,34.05,30.25,30.45
2410,2021-06-07 11:49:00,31.0,31.0,31.0,31.0,125,29175,34.04,31.0,31.1
2411,2021-06-07 11:50:00,31.0,31.0,31.0,31.0,125,29175,34.04,31.0,31.1
2412,2021-06-07 11:51:00,31.3,31.3,31.3,31.3,700,29350,34.01,31.3,31.45
2413,2021-06-07 11:52:00,31.45,31.45,31.45,31.45,1025,29350,33.96,31.2,31.45
2414,2021-06-07 11:53:00,31.05,31.05,31.05,31.05,75,29350,33.96,30.95,31.2
2415,2021-06-07 11:54:00,31.05,31.15,31.05,31.15,250,29950,33.94,31.15,31.4
2416,2021-06-07 11:55:00,31.1,31.1,31.1,31.1,850,29950,33.9,31.1,31.35
2417,2021-06-07 11:56:00,31.35,31.35,31.35,31.35,75,29950,33.9,31.1,31.35
2418,2021-06-07 11:57:00,31.15,31.15,31.15,31.15,150,30850,33.89,31.2,31.3
2419,2021-06-07 11:58:00,31.1,31.1,31.1,31.1,300,30850,33.88,30.85,31.15
2420,2021-06-07 11:59:00,31.1,31.1,31.1,31.1,300,30850,33.88,30.85,31.15
2421,2021-06-07 12:00:00,30.75,30.75,30.75,30.75,275,31175,33.86,30.65,31.0
2422,2021-06-07 12:01:00,30.6,31.25,30.6,31.25,2750,31175,33.73,31.0,31.3
2423,2021-06-07 12:02:00,30.6,31.25,30.6,31.25,2750,31175,33.73,31.0,31.3
2424,2021-06-07 12:03:00,31.05,31.05,31.0,31.0,800,34175,33.7,31.0,31.25
2425,2021-06-07 12:04:00,31.0,31.0,31.0,31.0,200,34175,33.69,31.0,31.2
2426,2021-06-07 12:05:00,31.2,31.2,31.2,31.2,750,34175,33.66,31.15,31.4
2427,2021-06-07 12:06:00,31.2,31.2,31.2,31.2,750,34175,33.66,31.15,31.4
2428,2021-06-07 12:07:00,31.2,31.2,31.2,31.2,400,0,33.64,31.0,31.15
2429,2021-06-07 12:08:00,31.2,31.2,31.2,31.2,400,0,33.64,31.0,31.15
2430,2021-06-07 12:09:00,30.85,30.85,30.85,30.85,25,35200,33.64,30.6,30.75
2431,2021-06-07 12:10:00,30.55,30.55,30.55,30.55,425,35200,33.62,30.6,30.75
2432,2021-06-07 12:11:00,30.7,30.7,30.7,30.7,125,35200,33.62,30.65,30.95
2433,2021-06-07 12:12:00,30.8,30.8,30.8,30.8,50,35650,33.61,30.7,30.95
2434,2021-06-07 12:13:00,30.6,30.6,30.6,30.6,200,35650,33.6,30.6,30.75
2435,2021-06-07 12:14:00,30.95,30.95,30.5,30.5,600,35650,33.58,30.65,30.9
2436,2021-06-07 12:15:00,30.55,30.55,30.55,30.55,300,36350,33.56,30.55,30.9
2437,2021-06-07 12:16:00,30.8,30.8,30.8,30.8,125,36350,33.56,30.7,30.95
2438,2021-06-07 12:17:00,30.6,30.6,30.6,30.6,350,36350,33.54,30.5,30.7
2439,2021-06-07 12:18:00,30.3,30.3,30.3,30.3,75,36700,33.54,30.4,30.65
2440,2021-06-07 12:19:00,30.8,30.8,30.8,30.8,350,36700,33.52,30.6,30.85
2441,2021-06-07 12:20:00,30.3,30.3,30.0,30.05,2700,36700,33.4,30.0,30.25
2442,2021-06-07 12:21:00,30.25,30.25,29.95,30.25,1400,38675,33.33,30.1,30.25
2443,2021-06-07 12:22:00,30.25,30.25,30.25,30.25,925,38675,33.29,30.25,30.5
2444,2021-06-07 12:23:00,30.25,30.25,30.25,30.25,500,38675,33.27,30.25,30.5
2445,2021-06-07 12:24:00,30.6,30.6,30.6,30.6,2175,42250,33.19,30.55,30.8
2446,2021-06-07 12:25:00,30.5,30.5,30.5,30.5,50,42250,33.19,30.5,30.7
2447,2021-06-07 12:26:00,30.75,30.75,30.75,30.75,25,42250,33.19,30.55,30.75
2448,2021-06-07 12:27:00,30.35,30.35,30.35,30.35,175,42800,33.18,30.25,30.6
2449,2021-06-07 12:28:00,30.3,30.3,30.3,30.3,100,42800,33.18,30.25,30.5
2450,2021-06-07 12:29:00,30.3,30.3,30.3,30.3,50,42800,33.18,30.3,30.55
2451,2021-06-07 12:30:00,30.3,30.3,30.3,30.3,175,43000,33.17,30.4,30.65
2452,2021-06-07 12:31:00,30.0,30.0,29.8,30.0,575,43000,33.15,30.0,30.25
2453,2021-06-07 12:32:00,30.0,30.0,30.0,30.0,25,43000,33.14,29.85,30.15
2454,2021-06-07 12:33:00,30.05,30.2,30.05,30.2,300,43475,33.13,29.85,30.2
2455,2021-06-07 12:34:00,30.05,30.2,30.05,30.2,300,43475,33.13,29.85,30.2
2456,2021-06-07 12:35:00,30.0,30.0,30.0,30.0,125,43475,33.13,29.15,29.35
2457,2021-06-07 12:36:00,29.3,29.3,29.1,29.3,425,43750,33.1,28.95,29.25
2458,2021-06-07 12:37:00,29.3,29.3,29.1,29.3,425,43750,33.1,28.95,29.25
2459,2021-06-07 12:38:00,29.7,29.7,29.7,29.7,25,0,33.1,29.35,29.65
2460,2021-06-07 12:39:00,30.0,30.0,30.0,30.0,350,44050,33.09,29.95,30.35
2461,2021-06-07 12:40:00,29.75,29.75,29.75,29.75,100,44050,33.09,29.75,30.05
2462,2021-06-07 12:41:00,30.0,30.0,30.0,30.0,675,44050,33.06,29.9,30.35
2463,2021-06-07 12:42:00,30.0,30.0,30.0,30.0,675,44050,33.06,29.9,30.35
2464,2021-06-07 12:43:00,30.65,30.65,30.65,30.65,3000,43800,32.98,30.25,30.65
2465,2021-06-07 12:44:00,30.05,30.05,30.05,30.05,1925,43800,32.92,30.05,30.4
2466,2021-06-07 12:45:00,30.05,30.05,30.05,30.05,1925,43800,32.92,30.05,30.4
2467,2021-06-07 12:46:00,31.0,31.0,31.0,31.0,850,43825,32.9,30.8,31.1
2468,2021-06-07 12:47:00,31.0,31.0,31.0,31.0,750,43825,32.89,30.65,31.0
2469,2021-06-07 12:48:00,30.75,30.75,30.75,30.75,225,44250,32.88,30.5,30.8
2470,2021-06-07 12:49:00,30.8,30.8,30.8,30.8,450,44250,32.87,30.6,30.8
2471,2021-06-07 12:50:00,31.7,31.7,31.7,31.7,1025,44250,32.85,31.05,31.3
2472,2021-06-07 12:51:00,30.6,30.6,30.6,30.6,475,44250,32.84,30.4,30.7
2473,2021-06-07 12:52:00,30.8,30.8,30.8,30.8,175,44250,32.84,30.65,30.95
2474,2021-06-07 12:53:00,31.0,31.0,31.0,31.0,225,44250,32.83,30.8,31.05
2475,2021-06-07 12:54:00,31.0,31.0,31.0,31.0,225,44250,32.83,30.8,31.05
2476,2021-06-07 12:55:00,31.45,31.45,31.45,31.45,125,44200,32.83,30.8,31.1
2477,2021-06-07 12:56:00,31.45,31.45,31.45,31.45,125,44200,32.83,30.8,31.1
2478,2021-06-07 12:57:00,30.35,30.35,30.35,30.35,175,44200,32.82,30.1,30.4
2479,2021-06-07 12:58:00,30.35,30.35,30.35,30.35,175,44200,32.82,30.1,30.4
2480,2021-06-07 12:59:00,30.0,30.0,30.0,30.0,150,43450,32.82,30.15,30.4
2481,2021-06-07 13:00:00,30.5,30.5,30.5,30.5,300,43300,32.81,30.4,30.5
2482,2021-06-07 13:01:00,30.45,30.45,30.45,30.45,525,43300,32.8,30.4,30.5
2483,2021-06-07 13:02:00,31.05,31.05,31.05,31.05,275,43300,32.79,30.85,31.0
2484,2021-06-07 13:03:00,31.0,31.0,31.0,31.0,150,43100,32.79,30.85,31.0
2485,2021-06-07 13:04:00,30.9,30.9,30.9,30.9,50,43100,32.79,30.3,30.6
2486,2021-06-07 13:05:00,29.45,29.45,29.0,29.45,325,43100,32.77,29.25,29.5
2487,2021-06-07 13:06:00,29.45,29.45,29.0,29.45,325,43100,32.77,29.25,29.5
2488,2021-06-07 13:07:00,29.7,29.7,29.7,29.7,25,43075,32.77,29.7,29.95
2489,2021-06-07 13:08:00,30.1,30.1,30.1,30.1,500,43075,32.76,29.75,29.95
2490,2021-06-07 13:09:00,29.75,29.75,29.75,29.75,75,0,32.75,29.45,29.75
2491,2021-06-07 13:10:00,29.75,29.75,29.75,29.75,75,0,32.75,29.45,29.75
2492,2021-06-07 13:11:00,29.95,29.95,29.95,29.95,150,42700,32.75,29.7,29.9
2493,2021-06-07 13:12:00,29.7,29.7,29.7,29.7,125,42700,32.75,29.55,29.8
2494,2021-06-07 13:13:00,29.7,29.7,29.7,29.7,125,42700,32.75,29.55,29.8
2495,2021-06-07 13:14:00,29.7,29.7,29.7,29.7,125,42700,32.75,29.55,29.8
2496,2021-06-07 13:15:00,28.85,28.85,28.45,28.85,650,42825,32.72,28.35,28.6
2497,2021-06-07 13:16:00,28.4,28.4,28.15,28.4,325,43575,32.7,28.55,28.8
2498,2021-06-07 13:17:00,28.8,28.8,28.8,28.8,125,43575,32.7,28.6,28.75
2499,2021-06-07 13:18:00,29.15,29.15,29.15,29.15,575,43650,32.67,29.2,29.35
2500,2021-06-07 13:19:00,29.25,29.25,29.25,29.25,175,43650,32.67,29.15,29.35
2501,2021-06-07 13:20:00,29.25,29.25,29.25,29.25,175,43650,32.67,29.15,29.35
2502,2021-06-07 13:21:00,29.4,29.4,29.4,29.4,225,43525,32.66,29.25,29.4
2503,2021-06-07 13:22:00,29.6,29.6,29.6,29.6,200,43525,32.65,29.1,29.35
2504,2021-06-07 13:23:00,29.9,29.9,29.9,29.9,675,43525,32.63,29.8,29.9
2505,2021-06-07 13:24:00,29.8,29.8,29.7,29.7,250,43400,32.62,29.75,29.9
2506,2021-06-07 13:25:00,29.9,29.9,29.9,29.9,200,43400,32.62,30.05,30.35
2507,2021-06-07 13:26:00,30.8,30.8,30.8,30.8,525,43400,32.6,30.45,30.8
2508,2021-06-07 13:27:00,31.3,31.3,31.3,31.3,600,42725,32.59,31.0,31.25
2509,2021-06-07 13:28:00,31.1,31.1,31.1,31.1,200,42725,32.59,31.25,31.3
2510,2021-06-07 13:29:00,32.05,32.05,32.05,32.05,250,42725,32.59,31.9,32.2
2511,2021-06-07 13:30:00,31.5,31.7,31.5,31.7,2150,42475,32.56,31.55,31.7
2512,2021-06-07 13:31:00,31.15,31.15,31.15,31.15,275,42475,32.56,30.8,31.2
2513,2021-06-07 13:32:00,30.9,30.9,30.8,30.8,225,42475,32.56,30.3,30.5
2514,2021-06-07 13:33:00,30.0,30.0,30.0,30.0,175,42475,32.55,29.65,29.95
2515,2021-06-07 13:34:00,30.05,30.05,30.05,30.05,75,42450,32.55,29.8,30.0
2516,2021-06-07 13:35:00,30.0,30.0,30.0,30.0,275,42450,32.54,29.85,30.0
2517,2021-06-07 13:36:00,30.0,30.0,30.0,30.0,1925,42325,32.49,30.0,30.3
2518,2021-06-07 13:37:00,30.4,30.4,30.4,30.4,75,42325,32.49,30.3,30.6
2519,2021-06-07 13:38:00,30.3,30.3,30.3,30.3,425,42325,32.48,30.55,30.8
2520,2021-06-07 13:39:00,30.3,30.3,30.3,30.3,425,42325,32.48,30.55,30.8
2521,2021-06-07 13:40:00,30.85,30.85,30.85,30.85,25,42225,32.48,30.8,30.9
2522,2021-06-07 13:41:00,30.75,30.75,30.75,30.75,500,42225,32.47,31.0,31.2
2523,2021-06-07 13:42:00,31.9,31.95,31.9,31.95,2650,42525,32.45,31.55,32.0
2524,2021-06-07 13:43:00,31.45,31.45,31.45,31.45,1100,42525,32.45,31.25,31.55
2525,2021-06-07 13:44:00,31.9,31.9,31.9,31.9,475,42525,32.44,31.6,31.9
2526,2021-06-07 13:45:00,32.35,32.35,32.35,32.35,825,42700,32.44,32.2,32.45
2527,2021-06-07 13:46:00,32.2,32.2,32.2,32.2,125,42700,32.44,31.85,32.15
2528,2021-06-07 13:47:00,31.7,31.7,31.7,31.7,350,42700,32.44,31.75,32.0
2529,2021-06-07 13:48:00,31.4,31.4,31.4,31.4,225,42550,32.43,31.3,31.55
2530,2021-06-07 13:49:00,31.55,31.55,31.55,31.55,600,42550,32.43,31.45,31.75
2531,2021-06-07 13:50:00,31.65,31.75,31.65,31.75,900,42550,32.42,31.65,31.9
2532,2021-06-07 13:51:00,31.4,31.4,31.4,31.4,1450,43575,32.41,31.35,31.65
2533,2021-06-07 13:52:00,31.4,31.4,31.4,31.4,400,43575,32.41,31.35,31.6
2534,2021-06-07 13:53:00,31.6,31.6,31.6,31.6,75,43575,32.41,31.7,32.05
2535,2021-06-07 13:54:00,31.7,32.05,31.7,32.05,450,43575,32.41,31.1,31.5
2536,2021-06-07 13:55:00,31.5,31.5,31.5,31.5,150,43825,32.41,31.0,31.2
2537,2021-06-07 13:56:00,31.4,31.4,31.4,31.4,675,43825,32.4,31.25,31.55
2538,2021-06-07 13:57:00,31.85,31.85,31.85,31.85,950,43825,32.39,31.3,31.65
2539,2021-06-07 13:58:00,31.2,31.2,31.2,31.2,150,42525,32.39,31.0,31.15
2540,2021-06-07 13:59:00,30.6,30.6,30.6,30.6,150,42525,32.39,30.5,31.0
2541,2021-06-07 14:00:00,31.1,31.1,30.95,30.95,50,43100,32.39,31.0,31.2
2542,2021-06-07 14:01:00,31.45,31.45,31.45,31.45,75,43100,32.39,31.25,31.45
2543,2021-06-07 14:02:00,31.25,31.25,31.25,31.25,25,0,32.39,31.05,31.25
2544,2021-06-07 14:03:00,31.15,31.25,31.15,31.25,100,43100,32.39,30.75,31.0
2545,2021-06-07 14:04:00,30.85,30.85,30.85,30.85,175,43050,32.39,30.85,31.1
2546,2021-06-07 14:05:00,31.1,31.1,31.1,31.1,50,43050,32.39,30.9,31.1
2547,2021-06-07 14:06:00,30.75,30.75,30.75,30.75,175,42775,32.38,30.6,30.8
2548,2021-06-07 14:07:00,30.75,30.9,30.75,30.9,675,42775,32.37,30.65,30.9
2549,2021-06-07 14:08:00,31.0,31.0,31.0,31.0,200,42775,32.37,30.7,31.0
2550,2021-06-07 14:09:00,31.0,31.0,31.0,31.0,175,42775,32.37,30.95,31.0
2551,2021-06-07 14:10:00,30.95,31.0,30.95,31.0,75,42700,32.37,30.85,31.15
2552,2021-06-07 14:11:00,30.75,30.75,30.75,30.75,25,42700,32.37,30.5,30.7
2553,2021-06-07 14:12:00,30.5,30.5,30.5,30.5,325,42700,32.36,30.75,30.95
2554,2021-06-07 14:13:00,30.85,30.85,30.85,30.85,225,42575,32.36,30.55,30.7
2555,2021-06-07 14:14:00,30.55,30.55,30.55,30.55,25,42575,32.36,30.3,30.55
2556,2021-06-07 14:15:00,30.6,30.6,30.6,30.6,325,42575,32.35,30.5,30.9
2557,2021-06-07 14:16:00,30.6,30.6,30.6,30.6,325,42575,32.35,30.5,30.9
2558,2021-06-07 14:17:00,30.0,30.0,30.0,30.0,25,42575,32.35,29.85,30.15
2559,2021-06-07 14:18:00,28.4,28.4,28.1,28.4,450,42675,32.34,28.25,28.6
2560,2021-06-07 14:19:00,28.1,28.4,28.1,28.4,1700,42675,32.28,28.4,28.7
2561,2021-06-07 14:20:00,28.7,28.7,28.7,28.7,125,42675,32.28,29.15,29.45
2562,2021-06-07 14:21:00,29.75,29.75,29.75,29.75,400,43375,32.27,29.3,29.7
2563,2021-06-07 14:22:00,29.75,29.75,29.75,29.75,275,43375,32.26,29.9,30.25
2564,2021-06-07 14:23:00,30.0,30.0,30.0,30.0,625,43375,32.25,29.85,30.2
2565,2021-06-07 14:24:00,30.0,30.0,30.0,30.0,200,42850,32.25,29.75,29.95
2566,2021-06-07 14:25:00,30.0,30.0,30.0,30.0,675,42850,32.23,29.9,30.0
2567,2021-06-07 14:26:00,30.0,30.0,30.0,30.0,275,42850,32.23,30.05,30.2
2568,2021-06-07 14:27:00,30.0,30.0,30.0,30.0,275,42550,32.22,29.85,30.0
2569,2021-06-07 14:28:00,30.1,30.1,30.0,30.0,175,42550,32.22,29.95,30.0
2570,2021-06-07 14:29:00,29.95,29.95,29.95,29.95,100,42550,32.22,29.7,29.95
2571,2021-06-07 14:30:00,29.9,29.9,29.9,29.9,200,42550,32.22,29.6,29.9
2572,2021-06-07 14:31:00,30.75,30.75,30.75,30.75,300,42525,32.21,30.8,31.1
2573,2021-06-07 14:32:00,30.9,30.9,30.9,30.9,1800,42525,32.19,30.35,30.7
2574,2021-06-07 14:33:00,30.1,30.1,30.1,30.1,100,42525,32.19,30.0,30.4
2575,2021-06-07 14:34:00,30.0,30.0,30.0,30.0,325,41975,32.18,30.05,30.35
2576,2021-06-07 14:35:00,30.05,30.2,30.05,30.2,1850,41975,32.15,30.0,30.25
2577,2021-06-07 14:36:00,29.5,29.5,29.5,29.5,850,41975,32.13,29.4,29.6
2578,2021-06-07 14:37:00,29.4,29.4,29.4,29.4,75,42850,32.13,29.05,29.25
2579,2021-06-07 14:38:00,28.9,29.15,28.9,29.15,675,42850,32.12,28.85,29.1
2580,2021-06-07 14:39:00,29.7,29.7,29.7,29.7,100,42850,32.11,29.45,29.7
2581,2021-06-07 14:40:00,29.5,29.5,29.5,29.5,100,43400,32.11,29.45,29.65
2582,2021-06-07 14:41:00,29.85,29.85,29.85,29.85,275,43400,32.11,29.9,30.1
2583,2021-06-07 14:42:00,30.15,30.15,30.15,30.15,850,42750,32.09,30.15,30.35
2584,2021-06-07 14:43:00,30.2,30.25,30.2,30.25,475,42750,32.09,30.15,30.25
2585,2021-06-07 14:44:00,30.15,30.15,30.15,30.15,50,42750,32.09,30.1,30.2
2586,2021-06-07 14:45:00,30.0,30.0,30.0,30.0,550,42500,32.08,29.85,29.95
2587,2021-06-07 14:46:00,30.15,30.2,30.15,30.2,1325,42500,32.06,29.95,30.0
2588,2021-06-07 14:47:00,30.0,30.0,30.0,30.0,575,42500,32.05,29.9,30.0
2589,2021-06-07 14:48:00,29.95,29.95,29.95,29.95,200,42500,32.05,29.75,30.0
2590,2021-06-07 14:49:00,29.95,29.95,29.95,29.95,200,42500,32.05,29.75,30.0
2591,2021-06-07 14:50:00,30.0,30.0,30.0,30.0,100,42200,32.04,29.75,29.9
2592,2021-06-07 14:51:00,30.0,30.0,30.0,30.0,650,42200,32.03,29.75,30.0
2593,2021-06-07 14:52:00,29.8,29.8,29.8,29.8,200,42075,32.03,29.75,30.0
2594,2021-06-07 14:53:00,30.05,30.05,29.8,29.8,500,42075,32.02,29.7,29.95
2595,2021-06-07 14:54:00,30.05,30.05,29.8,29.8,500,42075,32.02,29.7,29.95
2596,2021-06-07 14:55:00,29.9,29.9,29.9,29.9,150,41650,32.02,29.4,29.65
2597,2021-06-07 14:56:00,29.9,29.9,29.9,29.9,150,41650,32.02,29.4,29.65
2598,2021-06-07 14:57:00,29.9,29.9,29.9,29.9,150,41650,32.02,29.4,29.65
2599,2021-06-07 14:58:00,28.8,28.8,28.4,28.4,425,41500,32.01,28.35,28.6
2600,2021-06-07 14:59:00,29.1,29.1,29.1,29.1,150,41500,32.0,29.15,29.3
2601,2021-06-07 15:00:00,29.7,29.7,29.7,29.7,2775,41500,31.98,29.45,29.8
2602,2021-06-07 15:01:00,30.55,30.55,30.55,30.55,150,40925,31.98,30.5,30.75
2603,2021-06-07 15:02:00,30.3,30.3,30.3,30.3,200,40925,31.98,30.25,30.5
2604,2021-06-07 15:03:00,30.3,30.3,30.3,30.3,250,40925,31.98,30.35,30.6
2605,2021-06-07 15:04:00,30.4,30.4,30.4,30.4,75,41125,31.98,30.35,30.65
2606,2021-06-07 15:05:00,30.65,31.55,30.65,31.55,250,41125,31.97,31.4,31.7
2607,2021-06-07 15:06:00,32.2,32.2,32.2,32.2,125,41125,31.97,32.45,32.65
2608,2021-06-07 15:07:00,32.9,32.9,32.9,32.9,225,41275,31.98,32.7,32.95
2609,2021-06-07 15:08:00,32.45,32.45,32.45,32.45,25,41275,31.98,32.35,32.5
2610,2021-06-07 15:09:00,32.35,32.35,32.35,32.35,725,41400,31.98,32.25,32.45
2611,2021-06-07 15:10:00,31.8,31.8,31.8,31.8,75,41400,31.98,31.4,31.6
2612,2021-06-07 15:11:00,31.0,31.0,31.0,31.0,175,41400,31.98,31.0,31.3
2613,2021-06-07 15:12:00,31.85,31.85,31.85,31.85,250,41625,31.97,32.1,32.3
2614,2021-06-07 15:13:00,31.8,31.8,31.3,31.3,1300,41625,31.97,31.05,31.2
2615,2021-06-07 15:14:00,31.7,31.7,31.7,31.7,175,41625,31.97,31.35,31.6
2616,2021-06-07 15:15:00,32.2,32.2,32.2,32.2,250,42025,31.97,31.65,31.95
2617,2021-06-07 15:16:00,31.95,31.95,31.95,31.95,100,42025,31.97,31.8,32.1
2618,2021-06-07 15:17:00,32.25,32.25,32.25,32.25,1850,42025,31.98,32.5,32.8
2619,2021-06-07 15:18:00,32.15,32.15,32.15,32.15,275,41125,31.98,32.2,32.4
2620,2021-06-07 15:19:00,31.45,31.45,31.45,31.45,1575,41125,31.98,31.85,32.15
2621,2021-06-07 15:20:00,31.0,31.0,31.0,31.0,825,41125,31.97,30.4,30.65
2622,2021-06-07 15:21:00,31.0,31.0,31.0,31.0,425,41700,31.97,30.95,31.1
2623,2021-06-07 15:22:00,31.35,31.75,31.35,31.75,1250,41700,31.97,31.8,32.1
2624,2021-06-07 15:23:00,32.85,32.85,32.85,32.85,675,41700,31.97,33.1,33.3
2625,2021-06-07 15:24:00,34.35,34.35,34.35,34.35,525,42225,31.98,33.95,34.2
2626,2021-06-07 15:25:00,34.25,34.25,34.25,34.25,375,42225,31.99,33.8,34.0
2627,2021-06-07 15:26:00,33.05,33.05,33.05,33.05,350,42225,31.99,33.0,33.35
2628,2021-06-07 15:27:00,33.25,33.25,32.9,32.9,1125,42225,32.0,32.8,33.1
2629,2021-06-07 15:28:00,32.35,32.35,32.35,32.35,375,42350,32.0,32.4,32.9
2630,2021-06-07 15:29:00,32.35,32.35,32.35,32.35,375,42350,32.0,32.4,32.9
2631,2021-06-07 15:30:00,32.85,33.1,32.85,33.1,725,42350,32.0,33.0,33.6
2632,2021-06-08 09:15:00,32.85,33.1,32.85,33.1,725,42350,32.0,33.0,33.6
2633,2021-06-08 09:16:00,38.7,39.3,37.3,37.55,125,42650,38.38,30.95,38.75
2634,2021-06-08 09:17:00,38.7,39.3,37.3,37.55,125,42650,38.38,30.95,38.75
2635,2021-06-08 09:18:00,25.95,25.95,25.15,25.95,2850,43475,28.38,26.0,26.7
2636,2021-06-08 09:19:00,25.95,25.95,25.15,25.95,2850,43475,28.38,26.0,26.7
2637,2021-06-08 09:20:00,26.0,26.0,23.1,26.0,2725,44175,26.92,26.05,26.4
2638,2021-06-08 09:21:00,27.15,27.15,27.15,27.15,2050,44175,26.77,27.15,27.4
2639,2021-06-08 09:22:00,27.15,27.15,27.15,27.15,2050,44175,26.77,27.15,27.4
2640,2021-06-08 09:23:00,27.3,27.3,27.3,27.3,1150,44175,26.86,27.15,27.45
2641,2021-06-08 09:24:00,27.3,27.3,27.3,27.3,1150,44175,26.86,27.15,27.45
2642,2021-06-08 09:25:00,28.3,28.3,28.3,28.3,1025,44175,26.94,28.2,28.35
2643,2021-06-08 09:26:00,28.6,28.6,28.6,28.6,950,45125,27.07,28.3,28.6
2644,2021-06-08 09:27:00,28.6,28.6,28.6,28.6,950,45125,27.07,28.3,28.6
2645,2021-06-08 09:28:00,29.25,29.25,29.25,29.25,3100,45125,27.47,29.25,29.45
2646,2021-06-08 09:29:00,29.25,29.25,29.25,29.25,3100,45125,27.47,29.25,29.45
2647,2021-06-08 09:30:00,29.0,29.0,29.0,29.0,2925,45825,27.81,28.95,29.2
2648,2021-06-08 09:31:00,29.2,29.2,29.2,29.2,425,45825,27.84,29.1,29.3
2649,2021-06-08 09:32:00,29.2,29.2,29.2,29.2,425,45825,27.84,29.1,29.3
2650,2021-06-08 09:33:00,28.55,28.55,28.55,28.55,450,45975,27.86,28.2,28.45
2651,2021-06-08 09:34:00,28.9,28.9,28.9,28.9,775,45975,27.89,28.85,29.15
2652,2021-06-08 09:35:00,28.9,28.9,28.9,28.9,775,45975,27.89,28.85,29.15
2653,2021-06-08 09:36:00,30.1,30.1,30.1,30.1,825,45725,27.97,29.9,30.1
2654,2021-06-08 09:37:00,30.1,30.1,30.1,30.1,825,45725,27.97,29.9,30.1
2655,2021-06-08 09:38:00,30.0,30.0,30.0,30.0,1625,46000,28.12,29.75,30.05
2656,2021-06-08 09:39:00,35.3,35.3,32.6,33.0,3450,46000,28.88,32.8,33.15
2657,2021-06-08 09:40:00,33.45,43.8,33.45,41.15,5400,46000,30.7,39.25,39.9
2658,2021-06-08 09:41:00,40.65,43.6,40.4,40.65,4200,44775,32.03,40.4,40.8
2659,2021-06-08 09:42:00,41.55,41.55,38.85,38.95,725,44775,32.19,38.7,39.05
2660,2021-06-08 09:43:00,41.55,41.55,38.85,38.95,725,44775,32.19,38.7,39.05
2661,2021-06-08 09:44:00,38.5,38.5,38.5,38.5,1750,45700,32.49,38.3,38.8
2662,2021-06-08 09:45:00,38.3,38.3,38.3,38.3,2100,45700,32.89,37.85,38.2
2663,2021-06-08 09:46:00,38.3,38.3,38.3,38.3,2100,45700,32.89,37.85,38.2
2664,2021-06-08 09:47:00,38.35,38.35,38.35,38.35,2075,46450,33.16,38.1,38.4
2665,2021-06-08 09:48:00,38.7,39.05,38.35,38.35,1125,46450,33.3,38.05,38.45
2666,2021-06-08 09:49:00,38.65,39.05,38.65,39.05,125,46450,33.32,38.5,39.05
2667,2021-06-08 09:50:00,38.65,38.65,38.65,38.65,225,46550,33.35,38.05,38.4
2668,2021-06-08 09:51:00,36.25,36.25,36.25,36.25,500,46550,33.39,36.1,36.4
2669,2021-06-08 09:52:00,36.25,36.25,36.25,36.25,500,46550,33.39,36.1,36.4
2670,2021-06-08 09:53:00,35.95,35.95,35.95,35.95,450,46850,33.42,35.9,36.2
2671,2021-06-08 09:54:00,36.8,36.8,36.8,36.8,1000,46850,33.5,36.65,36.95
2672,2021-06-08 09:55:00,40.7,40.7,40.7,40.7,875,46850,33.6,40.55,40.7
2673,2021-06-08 09:56:00,40.7,40.7,40.7,40.7,875,46850,33.6,40.55,40.7
2674,2021-06-08 09:57:00,42.3,42.3,42.3,42.3,675,46250,33.71,41.7,42.05
2675,2021-06-08 09:58:00,43.75,44.2,43.75,43.75,775,46250,33.87,43.45,43.75
2676,2021-06-08 09:59:00,43.75,44.2,43.75,43.75,775,46250,33.87,43.45,43.75
2677,2021-06-08 10:00:00,48.0,48.15,48.0,48.0,2800,46625,34.55,47.4,48.0
2678,2021-06-08 10:01:00,44.95,48.4,44.95,44.95,1875,46625,35.03,44.85,45.2
2679,2021-06-08 10:02:00,44.95,48.4,44.95,44.95,1875,46625,35.03,44.85,45.2
2680,2021-06-08 10:03:00,44.45,44.45,44.45,44.45,950,47225,35.21,43.75,44.15
2681,2021-06-08 10:04:00,42.8,42.8,42.8,42.8,150,47225,35.23,42.45,42.7
2682,2021-06-08 10:05:00,43.75,43.75,43.75,43.75,500,47550,35.32,42.8,43.15
2683,2021-06-08 10:06:00,42.0,42.0,42.0,42.0,50,47550,35.32,40.8,41.05
2684,2021-06-08 10:07:00,40.15,40.15,40.15,40.15,450,47550,35.36,39.85,40.25
2685,2021-06-08 10:08:00,40.15,40.15,40.15,40.15,450,47550,35.36,39.85,40.25
2686,2021-06-08 10:09:00,39.8,41.25,39.8,40.95,1350,47800,35.48,41.2,41.55
2687,2021-06-08 10:10:00,41.55,43.0,41.5,41.55,1325,47800,35.65,41.7,41.95
2688,2021-06-08 10:11:00,43.0,43.0,42.8,42.8,50,46525,35.66,43.15,43.4
2689,2021-06-08 10:12:00,43.0,43.0,42.8,42.8,50,46525,35.66,43.15,43.4
2690,2021-06-08 10:13:00,43.6,43.6,43.6,43.6,75,46525,35.67,42.65,43.1
2691,2021-06-08 10:14:00,43.3,43.3,43.0,43.0,300,46675,35.71,43.5,43.9
2692,2021-06-08 10:15:00,44.0,44.0,44.0,44.0,25,46675,35.72,43.8,44.0
2693,2021-06-08 10:16:00,44.0,44.0,42.85,42.85,150,46675,35.74,42.65,42.95
2694,2021-06-08 10:17:00,42.5,43.0,42.5,43.0,50,46775,35.74,42.35,42.75
2695,2021-06-08 10:18:00,43.55,43.55,43.35,43.35,100,46775,35.76,42.8,43.05
2696,2021-06-08 10:19:00,42.8,43.55,42.65,43.55,150,46775,35.78,44.5,44.8
2697,2021-06-08 10:20:00,43.0,43.0,43.0,43.0,725,46975,35.87,43.0,43.2
2698,2021-06-08 10:21:00,43.0,43.0,43.0,43.0,725,46975,35.87,43.0,43.2
2699,2021-06-08 10:22:00,43.0,43.0,43.0,43.0,1750,46975,36.08,42.75,43.0
2700,2021-06-08 10:23:00,43.05,43.05,43.05,43.05,1225,46975,36.22,43.05,43.1
2701,2021-06-08 10:24:00,43.05,43.05,43.05,43.05,175,49425,36.24,42.75,43.05
2702,2021-06-08 10:25:00,42.45,42.45,42.45,42.45,50,49425,36.25,42.45,42.8
2703,2021-06-08 10:26:00,40.75,40.75,40.75,40.75,525,49300,36.29,40.6,41.0
2704,2021-06-08 10:27:00,41.8,41.8,41.8,41.8,275,49300,36.31,42.15,42.45
2705,2021-06-08 10:28:00,43.0,43.0,43.0,43.0,900,49300,36.41,43.0,43.4
2706,2021-06-08 10:29:00,43.0,43.0,43.0,43.0,925,50800,36.51,42.75,43.05
2707,2021-06-08 10:30:00,43.0,43.0,43.0,43.0,925,50800,36.51,42.75,43.05
2708,2021-06-08 10:31:00,43.2,43.2,43.2,43.2,50,50800,36.51,43.1,43.4
2709,2021-06-08 10:32:00,43.5,43.5,43.5,43.5,450,50850,36.56,43.3,43.6
2710,2021-06-08 10:33:00,42.85,42.85,42.85,42.85,400,50850,36.6,42.65,43.0
2711,2021-06-08 10:34:00,43.25,43.25,43.25,43.25,225,50850,36.62,43.3,43.8
2712,2021-06-08 10:35:00,42.75,42.75,42.75,42.75,100,50850,36.63,42.95,43.35
2713,2021-06-08 10:36:00,42.75,42.75,42.75,42.75,100,50850,36.63,42.95,43.35
2714,2021-06-08 10:37:00,42.75,42.75,42.75,42.75,100,50850,36.63,42.95,43.35
2715,2021-06-08 10:38:00,42.75,42.75,42.75,42.75,100,50850,36.63,42.95,43.35
2716,2021-06-08 10:39:00,47.1,49.45,47.1,49.35,750,50875,36.75,49.3,49.65
2717,2021-06-08 10:40:00,48.9,48.9,47.5,47.5,325,50875,36.81,46.8,47.05
2718,2021-06-08 10:41:00,48.9,48.9,47.5,47.5,325,50875,36.81,46.8,47.05
2719,2021-06-08 10:42:00,41.7,43.05,41.45,43.05,1525,50900,36.97,42.85,43.2
2720,2021-06-08 10:43:00,41.7,43.05,41.45,43.05,1525,50900,36.97,42.85,43.2
2721,2021-06-08 10:44:00,42.5,42.5,42.5,42.5,150,50900,36.98,42.75,43.0
2722,2021-06-08 10:45:00,41.45,41.45,41.45,41.45,700,50500,37.03,41.4,41.7
2723,2021-06-08 10:46:00,41.45,41.45,41.45,41.45,700,50500,37.03,41.4,41.7
2724,2021-06-08 10:47:00,41.75,41.75,41.75,41.75,75,50700,37.03,41.5,41.8
2725,2021-06-08 10:48:00,41.85,41.85,41.85,41.85,100,50700,37.04,41.45,41.85
2726,2021-06-08 10:49:00,41.85,41.85,41.85,41.85,100,50700,37.04,41.45,41.85
2727,2021-06-08 10:50:00,41.85,41.85,41.85,41.85,275,50700,37.06,41.8,42.0
2728,2021-06-08 10:51:00,41.85,41.85,41.85,41.85,275,50700,37.06,41.8,42.0
2729,2021-06-08 10:52:00,41.8,41.8,41.8,41.8,25,50700,37.06,41.35,41.7
2730,2021-06-08 10:53:00,41.05,41.05,41.05,41.05,150,50675,37.07,41.15,41.35
2731,2021-06-08 10:54:00,41.35,41.35,41.05,41.05,250,50675,37.08,40.65,41.0
2732,2021-06-08 10:55:00,41.35,41.35,41.05,41.05,250,50675,37.08,40.65,41.0
2733,2021-06-08 10:56:00,40.35,40.35,40.35,40.35,25,50675,37.09,40.0,40.2
2734,2021-06-08 10:57:00,39.45,39.45,39.45,39.45,200,50675,37.09,39.35,39.6
2735,2021-06-08 10:58:00,38.75,38.75,38.75,38.75,825,50675,37.12,38.55,38.85
2736,2021-06-08 10:59:00,38.75,38.75,38.75,38.75,825,50675,37.12,38.55,38.85
2737,2021-06-08 11:00:00,38.5,38.5,38.5,38.5,1100,50700,37.14,38.45,38.5
2738,2021-06-08 11:01:00,37.65,37.65,37.65,37.65,225,50700,37.14,37.6,37.85
2739,2021-06-08 11:02:00,37.1,37.1,36.75,37.05,500,50425,37.14,36.9,37.1
2740,2021-06-08 11:03:00,37.4,37.4,37.4,37.4,125,50425,37.14,37.3,37.7
2741,2021-06-08 11:04:00,37.7,37.7,37.7,37.7,300,50425,37.14,37.4,37.8
2742,2021-06-08 11:05:00,38.5,38.5,38.5,38.5,225,50425,37.15,38.45,38.5
2743,2021-06-08 11:06:00,38.5,38.5,38.5,38.5,225,50425,37.15,38.45,38.5
2744,2021-06-08 11:07:00,37.75,37.75,37.75,37.75,75,50300,37.15,37.4,37.75
2745,2021-06-08 11:08:00,36.85,36.85,36.85,36.85,250,50300,37.15,37.05,37.2
2746,2021-06-08 11:09:00,36.85,36.85,36.85,36.85,100,50450,37.15,36.7,37.0
2747,2021-06-08 11:10:00,36.65,36.65,36.65,36.65,1825,50450,37.13,36.15,36.4
2748,2021-06-08 11:11:00,36.65,36.65,36.65,36.65,1825,50450,37.13,36.15,36.4
2749,2021-06-08 11:12:00,37.35,37.35,37.35,37.35,675,51625,37.13,37.3,37.6
2750,2021-06-08 11:13:00,37.2,37.2,37.2,37.2,500,51625,37.13,37.0,37.2
2751,2021-06-08 11:14:00,36.6,36.6,36.6,36.6,375,51600,37.13,36.2,36.5
2752,2021-06-08 11:15:00,36.0,36.0,36.0,36.0,1675,51600,37.11,36.3,36.6
2753,2021-06-08 11:16:00,36.55,36.55,36.55,36.55,50,51600,37.11,36.1,36.45
2754,2021-06-08 11:17:00,36.8,36.8,36.8,36.8,150,51600,37.11,36.95,37.25
2755,2021-06-08 11:18:00,36.8,36.8,36.8,36.8,150,51600,37.11,36.95,37.25
2756,2021-06-08 11:19:00,34.6,34.6,34.6,34.6,825,51325,37.1,34.6,34.95
2757,2021-06-08 11:20:00,36.95,36.95,36.95,36.95,850,51325,37.08,36.6,36.95
2758,2021-06-08 11:21:00,36.65,36.65,36.65,36.65,250,51850,37.08,36.45,36.8
2759,2021-06-08 11:22:00,36.7,36.7,36.7,36.7,225,51850,37.08,36.35,36.75
2760,2021-06-08 11:23:00,36.65,36.65,36.65,36.65,25,51850,37.08,36.35,36.7
2761,2021-06-08 11:24:00,36.4,36.4,36.4,36.4,175,51850,37.08,36.1,36.4
2762,2021-06-08 11:25:00,37.25,37.25,37.25,37.25,200,51850,37.08,37.45,37.85
2763,2021-06-08 11:26:00,37.95,37.95,37.95,37.95,75,51875,37.08,37.45,37.75
2764,2021-06-08 11:27:00,37.35,37.35,37.35,37.35,225,51875,37.08,37.2,37.45
2765,2021-06-08 11:28:00,37.15,37.15,37.15,37.15,200,51875,37.08,37.0,37.2
2766,2021-06-08 11:29:00,37.0,37.0,37.0,37.0,150,52125,37.08,36.8,37.15
2767,2021-06-08 11:30:00,37.25,37.25,37.25,37.25,425,52125,37.08,37.2,37.45
2768,2021-06-08 11:31:00,37.25,37.25,37.25,37.25,1975,52125,37.06,36.85,37.15
2769,2021-06-08 11:32:00,36.85,36.85,36.85,36.85,375,52150,37.06,36.2,36.45
2770,2021-06-08 11:33:00,36.95,36.95,36.95,36.95,675,52150,37.06,36.05,36.3
2771,2021-06-08 11:34:00,35.95,35.95,35.95,35.95,225,52150,37.06,35.85,36.25
2772,2021-06-08 11:35:00,36.0,36.0,36.0,36.0,200,52425,37.06,35.8,36.0
2773,2021-06-08 11:36:00,36.6,36.6,36.6,36.6,375,52425,37.05,37.0,37.25
2774,2021-06-08 11:37:00,37.65,37.65,37.65,37.65,75,52425,37.05,37.55,37.85
2775,2021-06-08 11:38:00,37.45,37.45,37.45,37.45,50,52425,37.05,37.0,37.3
2776,2021-06-08 11:39:00,36.8,36.8,36.8,36.8,275,0,37.05,36.2,36.45
2777,2021-06-08 11:40:00,36.5,36.5,36.5,36.5,25,52700,37.05,36.3,36.5
2778,2021-06-08 11:41:00,36.5,36.5,36.5,36.5,25,52700,37.05,36.3,36.5
2779,2021-06-08 11:42:00,36.05,36.05,36.05,36.05,300,52775,37.05,36.0,36.3
2780,2021-06-08 11:43:00,36.6,36.6,36.45,36.45,300,52775,37.05,36.3,36.65
2781,2021-06-08 11:44:00,36.55,36.55,36.55,36.55,175,52775,37.05,36.3,36.6
2782,2021-06-08 11:45:00,36.1,36.1,36.1,36.1,100,52775,37.05,36.8,37.1
2783,2021-06-08 11:46:00,37.45,37.45,37.45,37.45,50,52775,37.05,37.2,37.6
2784,2021-06-08 11:47:00,37.45,37.45,37.45,37.45,50,52775,37.05,37.2,37.6
2785,2021-06-08 11:48:00,37.9,37.9,37.9,37.9,325,52750,37.05,37.25,37.45
2786,2021-06-08 11:49:00,37.2,37.2,37.2,37.2,50,52750,37.05,37.15,37.45
2787,2021-06-08 11:50:00,37.7,37.7,37.7,37.7,175,52950,37.05,37.7,38.05
2788,2021-06-08 11:51:00,38.55,38.55,38.55,38.55,425,52950,37.06,38.5,39.0
2789,2021-06-08 11:52:00,38.2,38.2,38.2,38.2,175,52950,37.06,38.25,38.5
2790,2021-06-08 11:53:00,38.2,38.2,36.9,36.9,350,52750,37.06,36.7,36.95
2791,2021-06-08 11:54:00,38.2,38.2,36.9,36.9,350,52750,37.06,36.7,36.95
2792,2021-06-08 11:55:00,36.8,36.8,36.8,36.8,4250,52750,36.93,36.5,36.85
2793,2021-06-08 11:56:00,37.15,37.15,37.15,37.15,3900,52750,36.91,37.05,37.4
2794,2021-06-08 11:57:00,38.4,38.4,38.4,38.4,325,51500,36.91,38.55,38.8
2795,2021-06-08 11:58:00,38.7,38.7,38.7,38.7,325,51500,36.92,38.25,38.4
2796,2021-06-08 11:59:00,38.75,38.75,38.75,38.75,900,51500,36.93,39.35,39.75
2797,2021-06-08 12:00:00,38.75,38.75,38.75,38.75,900,51500,36.93,39.35,39.75
2798,2021-06-08 12:01:00,39.85,39.85,39.85,39.85,500,51650,36.95,39.7,40.05
2799,2021-06-08 12:02:00,40.6,40.6,40.6,40.6,150,51650,36.95,39.85,40.2
2800,2021-06-08 12:03:00,39.4,39.65,39.4,39.65,525,51750,36.96,39.5,39.75
2801,2021-06-08 12:04:00,40.25,40.25,40.15,40.15,50,51750,36.97,40.05,40.35
2802,2021-06-08 12:05:00,40.05,40.85,40.05,40.85,50,51750,36.97,40.4,41.55
2803,2021-06-08 12:06:00,40.05,40.85,40.05,40.85,50,51750,36.97,40.4,41.55
2804,2021-06-08 12:07:00,43.6,43.6,43.6,43.6,1275,51675,37.05,43.6,43.9
2805,2021-06-08 12:08:00,42.7,42.7,42.7,42.7,425,51675,37.08,42.75,43.05
2806,2021-06-08 12:09:00,42.9,42.9,42.9,42.9,1875,50925,37.18,42.9,43.2
2807,2021-06-08 12:10:00,42.9,42.9,42.9,42.9,1875,50925,37.18,42.9,43.2
2808,2021-06-08 12:11:00,43.55,43.55,43.55,43.55,1125,50925,37.25,43.25,43.6
2809,2021-06-08 12:12:00,43.0,43.0,43.0,43.0,625,50775,37.29,42.6,42.9
2810,2021-06-08 12:13:00,42.65,42.65,42.65,42.65,25,50775,37.29,41.25,41.6
2811,2021-06-08 12:14:00,40.6,40.6,40.6,40.6,550,50775,37.31,40.6,41.0
2812,2021-06-08 12:15:00,40.6,40.6,40.6,40.6,1875,50925,37.36,40.4,40.7
2813,2021-06-08 12:16:00,39.7,39.7,39.7,39.7,800,50925,37.38,39.65,39.85
2814,2021-06-08 12:17:00,39.7,39.7,39.7,39.7,800,50925,37.38,39.65,39.85
2815,2021-06-08 12:18:00,39.95,39.95,39.95,39.95,25,0,37.38,40.15,40.35
2816,2021-06-08 12:19:00,39.95,39.95,39.95,39.95,25,0,37.38,40.15,40.35
2817,2021-06-08 12:20:00,40.1,40.1,40.1,40.1,25,52375,37.38,40.05,40.35
2818,2021-06-08 12:21:00,39.5,39.5,39.5,39.5,325,52450,37.39,39.55,39.9
2819,2021-06-08 12:22:00,40.65,40.65,40.65,40.65,525,0,37.4,40.35,40.7
2820,2021-06-08 12:23:00,39.45,39.45,39.45,39.45,25,52450,37.4,39.45,39.8
2821,2021-06-08 12:24:00,39.6,39.95,39.6,39.95,475,51400,37.41,39.45,39.75
2822,2021-06-08 12:25:00,39.4,39.4,39.4,39.4,200,51400,37.41,39.3,39.65
2823,2021-06-08 12:26:00,39.4,39.4,39.4,39.4,200,51400,37.41,39.3,39.65
2824,2021-06-08 12:27:00,39.45,39.45,39.45,39.45,75,51425,37.42,39.2,39.45
2825,2021-06-08 12:28:00,39.45,39.45,39.45,39.45,75,51425,37.42,39.2,39.45
2826,2021-06-08 12:29:00,39.3,39.3,39.3,39.3,25,51425,37.42,39.05,39.3
2827,2021-06-08 12:30:00,39.0,39.0,39.0,39.0,250,51400,37.42,38.85,39.0
2828,2021-06-08 12:31:00,39.0,39.0,39.0,39.0,500,51400,37.43,38.95,39.0
2829,2021-06-08 12:32:00,39.05,39.05,39.05,39.05,25,51400,37.43,38.7,39.0
2830,2021-06-08 12:33:00,38.7,38.95,38.7,38.95,1500,51300,37.44,39.95,40.1
2831,2021-06-08 12:34:00,39.85,39.85,39.85,39.85,25,51300,37.45,39.55,39.9
2832,2021-06-08 12:35:00,40.05,40.15,39.75,40.15,750,51300,37.46,40.05,40.45
2833,2021-06-08 12:36:00,40.55,40.55,40.55,40.55,25,51300,37.46,40.2,40.5
2834,2021-06-08 12:37:00,40.5,40.5,40.5,40.5,525,51300,37.48,40.2,40.5
2835,2021-06-08 12:38:00,40.1,40.1,40.1,40.1,375,51300,37.49,39.9,40.15
2836,2021-06-08 12:39:00,39.75,39.75,39.3,39.3,575,51850,37.5,38.8,39.4
2837,2021-06-08 12:40:00,39.15,39.15,39.15,39.15,125,51850,37.5,39.35,39.7
2838,2021-06-08 12:41:00,39.15,39.15,39.15,39.15,125,51850,37.5,39.35,39.7
2839,2021-06-08 12:42:00,38.7,38.7,38.7,38.7,100,52050,37.5,38.7,39.0
2840,2021-06-08 12:43:00,38.3,38.3,38.3,38.3,100,52050,37.5,38.15,38.5
2841,2021-06-08 12:44:00,38.2,38.2,38.2,38.2,50,0,37.5,38.6,38.85
2842,2021-06-08 12:45:00,38.2,38.2,38.2,38.2,50,0,37.5,38.6,38.85
2843,2021-06-08 12:46:00,39.25,39.25,39.25,39.25,25,0,37.5,39.0,39.3
2844,2021-06-08 12:47:00,39.25,39.25,39.25,39.25,25,0,37.5,39.0,39.3
2845,2021-06-08 12:48:00,39.5,39.5,39.5,39.5,100,52100,37.5,39.5,39.9
2846,2021-06-08 12:49:00,39.5,39.5,39.5,39.5,100,52100,37.5,39.5,39.9
2847,2021-06-08 12:50:00,39.6,39.6,39.6,39.6,25,52100,37.5,39.25,39.6
2848,2021-06-08 12:51:00,39.6,39.6,39.6,39.6,25,52100,37.5,39.25,39.6
2849,2021-06-08 12:52:00,39.6,39.6,39.6,39.6,25,52100,37.5,39.25,39.6
2850,2021-06-08 12:53:00,39.2,39.2,39.2,39.2,25,52075,37.5,39.15,39.45
2851,2021-06-08 12:54:00,39.2,39.2,39.2,39.2,25,52075,37.5,39.15,39.45
2852,2021-06-08 12:55:00,39.2,39.2,39.2,39.2,25,52075,37.5,39.15,39.45
2853,2021-06-08 12:56:00,40.25,40.25,40.25,40.25,50,0,37.5,39.65,40.0
2854,2021-06-08 12:57:00,39.75,39.75,39.75,39.75,25,52075,37.51,39.6,39.95
2855,2021-06-08 12:58:00,40.0,40.0,40.0,40.0,25,52075,37.51,39.85,40.2
2856,2021-06-08 12:59:00,40.2,40.2,40.2,40.2,200,52075,37.51,39.3,39.55
2857,2021-06-08 13:00:00,38.85,38.85,38.85,38.85,75,52175,37.51,38.5,39.1
2858,2021-06-08 13:01:00,38.25,38.45,38.25,38.45,125,52175,37.51,38.2,38.45
2859,2021-06-08 13:02:00,38.25,38.45,38.25,38.45,125,52175,37.51,38.2,38.45
2860,2021-06-08 13:03:00,38.0,38.0,38.0,38.0,125,52025,37.51,38.05,38.35
2861,2021-06-08 13:04:00,37.2,37.2,37.2,37.2,50,52025,37.51,36.9,37.15
2862,2021-06-08 13:05:00,36.8,36.8,36.8,36.8,100,52025,37.51,36.85,37.2
2863,2021-06-08 13:06:00,36.8,36.8,36.8,36.8,100,52025,37.51,36.85,37.2
2864,2021-06-08 13:07:00,37.0,37.1,37.0,37.0,75,52025,37.51,36.5,36.85
2865,2021-06-08 13:08:00,36.3,36.3,36.3,36.3,100,52025,37.51,36.1,36.45
2866,2021-06-08 13:09:00,36.3,36.3,36.3,36.3,25,52200,37.51,36.3,36.6
2867,2021-06-08 13:10:00,35.15,35.15,35.15,35.15,500,52200,37.5,35.5,35.9
2868,2021-06-08 13:11:00,36.15,36.15,36.15,36.15,75,52200,37.5,35.9,36.35
2869,2021-06-08 13:12:00,36.15,36.15,36.15,36.15,75,52200,37.5,35.9,36.35
2870,2021-06-08 13:13:00,36.15,36.15,36.15,36.15,75,52200,37.5,35.9,36.35
2871,2021-06-08 13:14:00,36.15,36.15,36.15,36.15,75,52200,37.5,35.9,36.35
2872,2021-06-08 13:15:00,38.05,38.05,38.05,38.05,225,52300,37.5,37.3,37.65
2873,2021-06-08 13:16:00,37.2,37.2,37.2,37.2,75,52175,37.5,37.15,37.5
2874,2021-06-08 13:17:00,37.2,37.2,37.2,37.2,75,52175,37.5,37.15,37.5
2875,2021-06-08 13:18:00,36.7,36.7,36.0,36.15,650,52475,37.5,35.65,36.2
2876,2021-06-08 13:19:00,35.65,35.65,35.65,35.65,25,52475,37.5,35.6,35.9
2877,2021-06-08 13:20:00,35.7,35.7,35.7,35.7,25,52475,37.5,35.7,36.05
2878,2021-06-08 13:21:00,36.4,36.4,36.4,36.4,75,52475,37.5,35.9,36.15
2879,2021-06-08 13:22:00,36.4,36.4,36.4,36.4,75,52475,37.5,35.9,36.15
2880,2021-06-08 13:23:00,36.6,36.6,36.6,36.6,75,52650,37.49,36.3,36.6
2881,2021-06-08 13:24:00,36.65,36.65,36.65,36.65,75,52650,37.49,36.25,36.6
2882,2021-06-08 13:25:00,36.65,36.65,36.65,36.65,75,52650,37.49,36.25,36.6
2883,2021-06-08 13:26:00,36.65,36.65,36.65,36.65,75,52650,37.49,36.25,36.6
2884,2021-06-08 13:27:00,36.65,36.65,36.65,36.65,75,52650,37.49,36.25,36.6
2885,2021-06-08 13:28:00,33.25,33.25,33.25,33.25,1350,52725,37.46,33.55,33.95
2886,2021-06-08 13:29:00,32.1,32.1,32.1,32.1,750,52725,37.43,31.95,32.35
2887,2021-06-08 13:30:00,32.1,32.1,32.1,32.1,750,52725,37.43,31.95,32.35
2888,2021-06-08 13:31:00,31.95,31.95,31.95,31.95,750,53375,37.39,31.9,32.15
2889,2021-06-08 13:32:00,30.8,30.8,30.8,30.8,1800,53375,37.32,30.7,30.95
2890,2021-06-08 13:33:00,31.6,31.6,31.6,31.6,250,53525,37.31,31.25,31.55
2891,2021-06-08 13:34:00,31.6,31.6,31.6,31.6,250,53525,37.31,31.25,31.55
2892,2021-06-08 13:35:00,30.3,30.3,30.3,30.3,1375,53525,37.24,30.55,30.95
2893,2021-06-08 13:36:00,31.05,31.05,31.05,31.05,100,52625,37.23,31.45,31.6
2894,2021-06-08 13:37:00,31.55,31.55,31.55,31.55,125,52625,37.23,31.8,32.1
2895,2021-06-08 13:38:00,31.25,31.25,31.25,31.25,100,52625,37.22,31.15,31.35
2896,2021-06-08 13:39:00,31.0,31.0,31.0,31.0,350,52500,37.2,30.9,31.2
2897,2021-06-08 13:40:00,31.1,31.1,31.1,31.1,75,52500,37.2,31.0,31.3
2898,2021-06-08 13:41:00,31.1,31.1,31.1,31.1,75,52500,37.2,31.0,31.3
2899,2021-06-08 13:42:00,32.3,32.3,32.3,32.3,225,52350,37.19,31.9,32.15
2900,2021-06-08 13:43:00,32.0,32.0,32.0,32.0,150,52350,37.18,31.85,32.05
2901,2021-06-08 13:44:00,31.95,31.95,31.95,31.95,25,52350,37.18,32.0,32.25
2902,2021-06-08 13:45:00,31.85,31.85,31.85,31.85,200,51775,37.17,31.75,32.05
2903,2021-06-08 13:46:00,32.1,32.1,32.1,32.1,125,51775,37.17,31.1,31.25
2904,2021-06-08 13:47:00,32.1,32.1,32.1,32.1,125,51775,37.17,31.1,31.25
2905,2021-06-08 13:48:00,31.85,31.85,31.85,31.85,725,52325,37.14,32.05,32.2
2906,2021-06-08 13:49:00,32.0,32.0,32.0,32.0,800,52325,37.11,31.95,32.15
2907,2021-06-08 13:50:00,32.15,32.15,32.15,32.15,25,52325,37.11,31.8,32.1
2908,2021-06-08 13:51:00,32.75,32.75,32.75,32.75,50,52475,37.1,32.65,32.85
2909,2021-06-08 13:52:00,32.75,32.75,32.75,32.75,50,52475,37.1,32.65,32.85
2910,2021-06-08 13:53:00,33.3,33.3,33.3,33.3,1600,52475,37.06,33.9,34.5
2911,2021-06-08 13:54:00,33.85,33.85,33.85,33.85,175,53400,37.05,33.05,33.35
2912,2021-06-08 13:55:00,32.9,32.9,32.9,32.9,675,53400,37.03,33.0,33.25
2913,2021-06-08 13:56:00,35.15,35.15,35.15,35.15,1575,53400,37.0,35.25,35.45
2914,2021-06-08 13:57:00,35.15,35.15,35.15,35.15,1575,53400,37.0,35.25,35.45
2915,2021-06-08 13:58:00,35.35,35.35,35.35,35.35,1300,53975,36.98,35.2,35.45
2916,2021-06-08 13:59:00,34.5,34.5,34.5,34.5,650,53975,36.97,34.45,34.75
2917,2021-06-08 14:00:00,35.65,35.65,35.65,35.65,450,54000,36.97,35.45,35.8
2918,2021-06-08 14:01:00,35.65,35.65,35.65,35.65,450,54000,36.97,35.45,35.8
2919,2021-06-08 14:02:00,37.8,37.8,37.8,37.8,250,54000,36.97,37.35,37.75
2920,2021-06-08 14:03:00,37.8,37.8,37.8,37.8,500,53575,36.97,37.75,38.35
2921,2021-06-08 14:04:00,37.8,37.8,37.8,37.8,500,53575,36.97,37.75,38.35
2922,2021-06-08 14:05:00,38.4,38.4,38.4,38.4,150,53575,36.97,38.6,38.9
2923,2021-06-08 14:06:00,37.45,37.45,37.45,37.45,550,53600,36.98,37.15,37.35
2924,2021-06-08 14:07:00,37.1,37.1,37.1,37.1,650,53600,36.98,36.9,37.3
2925,2021-06-08 14:08:00,36.85,36.85,36.85,36.85,150,53600,36.98,36.55,36.75
2926,2021-06-08 14:09:00,36.55,36.55,36.55,36.55,1400,53800,36.97,36.1,36.3
2927,2021-06-08 14:10:00,36.2,36.2,36.2,36.2,100,53800,36.97,36.2,36.35
2928,2021-06-08 14:11:00,35.75,35.75,35.75,35.75,375,53800,36.97,36.05,36.3
2929,2021-06-08 14:12:00,35.75,35.75,35.75,35.75,375,53800,36.97,36.05,36.3
2930,2021-06-08 14:13:00,37.65,37.65,37.65,37.65,125,53850,36.97,37.8,38.0
2931,2021-06-08 14:14:00,37.7,37.7,37.7,37.7,100,53850,36.97,37.6,37.85
2932,2021-06-08 14:15:00,37.1,37.1,37.1,37.1,225,53825,36.97,37.05,37.35
2933,2021-06-08 14:16:00,38.0,38.0,38.0,38.0,700,53825,36.97,37.4,37.7
2934,2021-06-08 14:17:00,38.0,38.0,38.0,38.0,700,53825,36.97,37.4,37.7
2935,2021-06-08 14:18:00,38.0,38.0,38.0,38.0,300,53375,36.97,37.7,38.0
2936,2021-06-08 14:19:00,37.4,37.4,37.4,37.4,225,53375,36.98,37.1,37.4
2937,2021-06-08 14:20:00,36.25,36.25,35.7,35.85,300,53375,36.97,35.4,35.65
2938,2021-06-08 14:21:00,35.25,35.3,35.15,35.15,150,53325,36.97,34.55,34.85
2939,2021-06-08 14:22:00,33.6,33.6,33.6,33.6,925,53325,36.96,33.4,33.75
2940,2021-06-08 14:23:00,33.45,33.45,33.45,33.45,775,53325,36.94,33.45,33.7
2941,2021-06-08 14:24:00,33.7,33.7,33.7,33.7,425,53325,36.93,33.4,33.75
2942,2021-06-08 14:25:00,33.7,33.7,33.7,33.7,175,54100,36.92,33.35,33.7
2943,2021-06-08 14:26:00,34.25,34.25,34.25,34.25,100,54100,36.92,34.2,34.5
2944,2021-06-08 14:27:00,34.35,34.35,34.35,34.35,250,54400,36.92,34.3,34.65
2945,2021-06-08 14:28:00,34.75,34.75,34.75,34.75,75,54400,36.92,34.65,34.9
2946,2021-06-08 14:29:00,34.4,34.4,34.4,34.4,125,54400,36.91,34.3,34.4
2947,2021-06-08 14:30:00,34.4,34.4,34.4,34.4,175,54400,36.91,34.3,34.6
2948,2021-06-08 14:31:00,34.4,34.4,34.4,34.4,175,54400,36.91,34.3,34.6
2949,2021-06-08 14:32:00,34.55,34.55,34.55,34.55,150,54300,36.91,34.3,34.55
2950,2021-06-08 14:33:00,34.2,34.2,34.2,34.2,125,54450,36.91,34.35,34.6
2951,2021-06-08 14:34:00,35.0,35.0,35.0,35.0,50,0,36.91,35.15,35.4
2952,2021-06-08 14:35:00,35.0,35.1,35.0,35.1,200,54450,36.9,34.4,34.65
2953,2021-06-08 14:36:00,35.0,35.0,35.0,35.0,200,54700,36.9,34.65,35.0
2954,2021-06-08 14:37:00,34.8,34.8,34.8,34.8,150,54700,36.9,34.55,34.9
2955,2021-06-08 14:38:00,34.4,34.4,34.4,34.4,75,54700,36.9,34.6,34.8
2956,2021-06-08 14:39:00,33.95,33.95,33.95,33.95,250,54700,36.89,33.5,33.75
2957,2021-06-08 14:40:00,33.9,33.9,33.9,33.9,50,54700,36.89,33.75,34.0
2958,2021-06-08 14:41:00,33.65,33.65,33.65,33.65,325,54700,36.88,33.7,33.85
2959,2021-06-08 14:42:00,33.5,33.5,33.5,33.5,225,54700,36.88,33.5,33.8
2960,2021-06-08 14:43:00,33.65,33.65,33.65,33.65,75,54775,36.88,33.6,33.85
2961,2021-06-08 14:44:00,33.25,33.25,32.7,32.7,875,54775,36.86,32.4,32.65
2962,2021-06-08 14:45:00,33.25,33.25,32.7,32.7,875,54775,36.86,32.4,32.65
2963,2021-06-08 14:46:00,31.9,31.9,31.9,31.9,975,55350,36.82,31.8,32.05
2964,2021-06-08 14:47:00,31.85,32.55,31.85,32.55,950,55350,36.79,32.5,32.8
2965,2021-06-08 14:48:00,32.4,32.6,32.35,32.35,175,55275,36.79,32.2,32.55
2966,2021-06-08 14:49:00,32.0,32.0,31.35,32.0,275,55275,36.78,31.65,31.95
2967,2021-06-08 14:50:00,30.75,30.75,30.75,30.75,975,55275,36.74,30.85,31.1
2968,2021-06-08 14:51:00,30.75,30.75,30.75,30.75,975,55275,36.74,30.85,31.1
2969,2021-06-08 14:52:00,29.95,29.95,29.95,29.95,875,55425,36.7,29.7,29.95
2970,2021-06-08 14:53:00,30.35,30.35,30.35,30.35,525,55425,36.68,30.25,30.5
2971,2021-06-08 14:54:00,30.4,30.4,30.4,30.4,350,55425,36.66,30.6,30.8
2972,2021-06-08 14:55:00,30.9,30.9,30.9,30.9,450,56075,36.65,30.95,31.2
2973,2021-06-08 14:56:00,30.75,30.75,30.75,30.75,125,56075,36.64,30.65,30.75
2974,2021-06-08 14:57:00,30.0,30.0,30.0,30.0,400,55350,36.63,29.75,29.9
2975,2021-06-08 14:58:00,29.5,29.5,29.5,29.5,425,55350,36.61,29.45,29.7
2976,2021-06-08 14:59:00,29.2,29.2,29.2,29.2,450,55350,36.59,28.85,29.0
2977,2021-06-08 15:00:00,29.2,29.2,29.2,29.2,450,55350,36.59,28.85,29.0
2978,2021-06-08 15:01:00,29.55,29.55,29.55,29.55,975,55600,36.54,29.55,29.85
2979,2021-06-08 15:02:00,29.6,29.6,29.6,29.6,275,55600,36.52,29.45,29.75
2980,2021-06-08 15:03:00,29.65,29.65,29.65,29.65,50,55475,36.52,28.85,29.2
2981,2021-06-08 15:04:00,29.2,29.2,29.2,29.2,850,55475,36.48,29.25,29.35
2982,2021-06-08 15:05:00,29.25,29.25,29.25,29.25,1150,55475,36.43,29.3,29.6
2983,2021-06-08 15:06:00,29.95,29.95,29.95,29.95,950,57000,36.39,30.2,30.5
2984,2021-06-08 15:07:00,31.0,31.0,31.0,31.0,800,57000,36.37,30.85,31.25
2985,2021-06-08 15:08:00,31.0,31.0,31.0,31.0,375,57000,36.35,30.6,30.95
2986,2021-06-08 15:09:00,31.3,31.3,31.3,31.3,300,57000,36.34,30.8,31.0
2987,2021-06-08 15:10:00,31.3,31.3,31.3,31.3,300,57000,36.34,30.8,31.0
2988,2021-06-08 15:11:00,31.3,31.3,31.3,31.3,300,57125,36.33,31.0,31.35
2989,2021-06-08 15:12:00,31.0,31.0,31.0,31.0,900,56950,36.3,30.7,31.0
2990,2021-06-08 15:13:00,31.35,31.35,31.35,31.35,175,56950,36.3,31.3,31.45
2991,2021-06-08 15:14:00,31.75,31.75,31.75,31.75,925,56950,36.27,31.75,31.85
2992,2021-06-08 15:15:00,31.5,31.5,31.5,31.5,800,57425,36.25,31.45,31.7
2993,2021-06-08 15:16:00,32.15,32.15,32.15,32.15,725,57425,36.23,32.1,32.4
2994,2021-06-08 15:17:00,32.95,32.95,32.95,32.95,600,57425,36.21,32.8,33.05
2995,2021-06-08 15:18:00,32.8,32.8,32.8,32.8,600,57550,36.2,32.7,32.95
2996,2021-06-08 15:19:00,33.55,33.55,33.55,33.55,1350,57550,36.18,33.5,33.6
2997,2021-06-08 15:20:00,33.2,33.2,33.2,33.2,1825,57550,36.15,33.1,33.4
2998,2021-06-08 15:21:00,32.9,32.9,32.9,32.9,225,59750,36.15,32.85,33.15
2999,2021-06-08 15:22:00,32.35,32.35,32.35,32.35,1300,59750,36.12,32.25,32.55
3000,2021-06-08 15:23:00,31.6,31.6,31.6,31.6,475,59750,36.11,31.4,31.6
3001,2021-06-08 15:24:00,31.55,31.55,31.55,31.55,1325,58750,36.07,31.4,31.55
3002,2021-06-08 15:25:00,30.55,30.55,30.55,30.55,900,58750,36.04,30.7,31.05
3003,2021-06-08 15:26:00,30.6,30.6,30.6,30.6,175,58750,36.04,30.0,30.3
3004,2021-06-08 15:27:00,30.6,30.6,30.6,30.6,975,59425,36.0,30.45,30.7
3005,2021-06-08 15:28:00,30.55,30.55,30.55,30.55,2050,59425,35.94,30.2,30.6
3006,2021-06-08 15:29:00,30.55,30.55,30.55,30.55,2050,59425,35.94,30.2,30.6
3007,2021-06-08 15:30:00,29.4,29.4,29.4,29.4,1075,59425,35.91,29.2,29.65
3008,2021-06-09 09:15:00,25.0,33.65,24.8,28.75,2425,59850,27.75,27.85,28.75
3009,2021-06-09 09:16:00,25.0,33.65,24.8,28.75,2425,59850,27.75,27.85,28.75
3010,2021-06-09 09:17:00,32.05,32.05,32.05,32.05,3325,61800,28.63,32.05,32.5
3011,2021-06-09 09:18:00,32.05,32.05,32.05,32.05,3325,61800,28.63,32.05,32.5
3012,2021-06-09 09:19:00,32.05,32.05,32.05,32.05,3325,61800,28.63,32.05,32.5
3013,2021-06-09 09:20:00,32.85,32.85,32.85,32.85,2550,60800,29.71,32.85,33.15
3014,2021-06-09 09:21:00,32.85,32.85,32.85,32.85,2550,60800,29.71,32.85,33.15
3015,2021-06-09 09:22:00,37.15,37.35,37.15,37.15,3125,60800,31.24,36.8,37.45
3016,2021-06-09 09:23:00,37.15,37.35,37.15,37.15,3125,60800,31.24,36.8,37.45
3017,2021-06-09 09:24:00,36.8,37.85,36.8,36.8,2700,60600,32.33,36.45,36.75
3018,2021-06-09 09:25:00,32.6,32.6,32.6,32.6,800,60600,32.42,32.45,32.8
3019,2021-06-09 09:26:00,32.6,32.6,32.6,32.6,800,60600,32.42,32.45,32.8
3020,2021-06-09 09:27:00,33.3,33.3,33.3,33.3,525,60975,32.45,33.1,33.35
3021,2021-06-09 09:28:00,29.55,29.55,29.55,29.55,2450,60975,32.25,29.3,29.6
3022,2021-06-09 09:29:00,29.55,29.55,29.55,29.55,2450,60975,32.25,29.3,29.6
3023,2021-06-09 09:30:00,25.8,26.85,24.3,26.7,6225,61650,30.83,26.75,27.0
3024,2021-06-09 09:31:00,26.9,27.2,26.25,26.35,775,61650,30.7,26.55,26.85
3025,2021-06-09 09:32:00,26.7,26.7,26.7,26.7,1475,62525,30.49,26.65,26.9
3026,2021-06-09 09:33:00,26.7,26.7,26.7,26.7,1475,62525,30.49,26.65,26.9
3027,2021-06-09 09:34:00,25.85,25.85,25.85,25.85,975,62525,30.34,25.7,25.95
3028,2021-06-09 09:35:00,25.7,25.7,23.6,25.7,2625,63800,29.85,25.8,26.15
3029,2021-06-09 09:36:00,25.7,25.7,23.6,25.7,2625,63800,29.85,25.8,26.15
3030,2021-06-09 09:37:00,25.9,25.9,25.9,25.9,1875,63800,29.61,25.9,26.05
3031,2021-06-09 09:38:00,25.0,25.0,25.0,25.0,2125,64925,29.33,24.7,25.05
3032,2021-06-09 09:39:00,25.0,25.0,25.0,25.0,2125,64925,29.33,24.7,25.05
3033,2021-06-09 09:40:00,25.55,25.55,25.55,25.55,2200,64925,29.06,25.55,25.75
3034,2021-06-09 09:41:00,23.85,23.85,23.85,23.85,1425,64075,28.89,24.1,24.35
3035,2021-06-09 09:42:00,23.85,23.85,23.85,23.85,1425,64075,28.89,24.1,24.35
3036,2021-06-09 09:43:00,25.2,25.2,25.2,25.2,950,64075,28.79,24.45,24.7
3037,2021-06-09 09:44:00,24.35,24.35,24.35,24.35,700,63900,28.71,24.35,24.6
3038,2021-06-09 09:45:00,24.05,24.05,24.05,24.05,925,63900,28.61,23.45,23.85
3039,2021-06-09 09:46:00,24.05,24.05,24.05,24.05,925,63900,28.61,23.45,23.85
3040,2021-06-09 09:47:00,24.25,24.25,23.4,24.25,825,64325,28.52,23.75,23.95
3041,2021-06-09 09:48:00,23.95,23.95,23.95,23.95,350,64325,28.48,23.6,23.8
3042,2021-06-09 09:49:00,23.6,23.6,23.6,23.6,950,64325,28.37,23.8,24.0
3043,2021-06-09 09:50:00,23.9,23.9,23.9,23.9,300,65000,28.34,23.8,24.05
3044,2021-06-09 09:51:00,23.9,23.9,23.9,23.9,300,65000,28.34,23.8,24.05
3045,2021-06-09 09:52:00,23.9,23.9,23.9,23.9,1300,65000,28.21,23.9,24.1
3046,2021-06-09 09:53:00,23.25,23.25,23.0,23.25,2150,65925,27.99,23.45,23.6
3047,2021-06-09 09:54:00,23.25,23.25,23.0,23.25,2150,65925,27.99,23.45,23.6
3048,2021-06-09 09:55:00,23.6,23.6,23.6,23.6,2000,65925,27.79,23.15,23.45
3049,2021-06-09 09:56:00,23.25,23.25,22.05,23.25,3175,65125,27.48,22.9,23.2
3050,2021-06-09 09:57:00,23.5,23.5,23.5,23.5,700,65125,27.43,23.4,23.6
3051,2021-06-09 09:58:00,23.5,23.5,23.5,23.5,700,65125,27.43,23.4,23.6
3052,2021-06-09 09:59:00,23.7,23.7,23.7,23.7,525,65175,27.39,23.45,23.65
3053,2021-06-09 10:00:00,23.45,23.45,23.45,23.45,625,65175,27.34,23.5,23.6
3054,2021-06-09 10:01:00,22.65,22.65,22.65,22.65,1950,65175,27.19,22.6,22.8
3055,2021-06-09 10:02:00,22.65,22.65,22.65,22.65,1950,65175,27.19,22.6,22.8
3056,2021-06-09 10:03:00,22.75,22.75,22.75,22.75,525,66025,27.15,22.5,22.75
3057,2021-06-09 10:04:00,23.0,23.0,23.0,23.0,300,66025,27.12,22.85,23.05
3058,2021-06-09 10:05:00,23.0,23.0,23.0,23.0,300,66025,27.12,22.85,23.05
3059,2021-06-09 10:06:00,22.5,22.5,22.5,22.5,1500,66525,27.02,22.3,22.55
3060,2021-06-09 10:07:00,23.25,23.25,23.25,23.25,525,66525,26.98,23.15,23.45
3061,2021-06-09 10:08:00,23.25,23.25,23.25,23.25,525,66525,26.98,23.15,23.45
3062,2021-06-09 10:09:00,22.7,22.7,22.7,22.7,825,67025,26.92,22.45,22.7
3063,2021-06-09 10:10:00,22.9,22.9,22.9,22.9,300,67025,26.9,22.95,23.15
3064,2021-06-09 10:11:00,23.65,23.65,23.65,23.65,975,67475,26.85,23.2,23.4
3065,2021-06-09 10:12:00,23.0,23.0,23.0,23.0,275,67475,26.83,23.0,23.15
3066,2021-06-09 10:13:00,23.0,23.0,23.0,23.0,275,67475,26.83,23.0,23.15
3067,2021-06-09 10:14:00,22.65,22.65,22.65,22.65,450,67500,26.8,22.6,22.75
3068,2021-06-09 10:15:00,22.0,22.0,22.0,22.0,800,67500,26.74,22.0,22.05
3069,2021-06-09 10:16:00,22.75,22.75,22.75,22.75,600,67500,26.7,22.8,23.0
3070,2021-06-09 10:17:00,22.55,22.55,22.55,22.55,125,67825,26.69,22.4,22.55
3071,2021-06-09 10:18:00,22.7,22.7,22.7,22.7,75,67825,26.69,23.1,23.3
3072,2021-06-09 10:19:00,22.7,22.7,22.7,22.7,75,67825,26.69,23.1,23.3
3073,2021-06-09 10:20:00,23.0,23.0,23.0,23.0,1925,69000,26.59,22.7,22.9
3074,2021-06-09 10:21:00,22.45,22.45,22.45,22.45,75,69000,26.58,22.25,22.45
3075,2021-06-09 10:22:00,22.4,22.4,22.4,22.4,275,69000,26.56,22.2,22.4
3076,2021-06-09 10:23:00,22.1,22.1,22.1,22.1,275,69425,26.54,22.0,22.1
3077,2021-06-09 10:24:00,22.2,22.2,22.2,22.2,650,69425,26.5,22.2,22.4
3078,2021-06-09 10:25:00,22.25,22.25,22.25,22.25,175,69425,26.49,22.3,22.5
3079,2021-06-09 10:26:00,23.1,23.1,23.1,23.1,250,69425,26.48,22.8,23.05
3080,2021-06-09 10:27:00,23.3,23.3,23.3,23.3,100,69425,26.47,23.25,23.45
3081,2021-06-09 10:28:00,23.6,23.6,23.6,23.6,1000,69425,26.43,23.5,23.7
3082,2021-06-09 10:29:00,23.4,23.4,23.4,23.4,775,69000,26.4,23.2,23.3
3083,2021-06-09 10:30:00,23.4,23.4,23.4,23.4,775,69000,26.4,23.2,23.3
3084,2021-06-09 10:31:00,22.55,22.55,22.55,22.55,425,69000,26.37,22.5,22.6
3085,2021-06-09 10:32:00,22.5,22.5,22.5,22.5,125,69025,26.36,22.55,22.65
3086,2021-06-09 10:33:00,22.45,22.45,22.45,22.45,225,69025,26.35,22.45,22.6
3087,2021-06-09 10:34:00,22.3,22.3,22.3,22.3,225,69025,26.34,22.05,22.25
3088,2021-06-09 10:35:00,22.6,22.6,22.6,22.6,25,69125,26.34,22.6,22.75
3089,2021-06-09 10:36:00,23.05,23.05,23.05,23.05,175,69125,26.33,22.9,23.15
3090,2021-06-09 10:37:00,22.65,22.65,22.65,22.65,175,69125,26.32,22.45,22.6
3091,2021-06-09 10:38:00,22.5,22.5,22.5,22.5,200,69125,26.31,22.45,22.65
3092,2021-06-09 10:39:00,22.85,22.85,22.85,22.85,100,68825,26.3,22.75,22.9
3093,2021-06-09 10:40:00,22.45,22.45,22.45,22.45,225,68825,26.29,22.35,22.4
3094,2021-06-09 10:41:00,22.5,22.5,22.5,22.5,450,68825,26.27,22.5,22.7
3095,2021-06-09 10:42:00,22.6,22.6,22.6,22.6,25,68700,26.27,22.65,22.85
3096,2021-06-09 10:43:00,22.55,22.55,22.55,22.55,500,68700,26.24,22.65,22.8
3097,2021-06-09 10:44:00,22.9,22.9,22.9,22.9,225,68700,26.23,22.7,22.85
3098,2021-06-09 10:45:00,23.2,23.2,23.2,23.2,50,68750,26.23,23.15,23.3
3099,2021-06-09 10:46:00,23.2,23.2,23.2,23.2,475,68750,26.21,23.05,23.25
3100,2021-06-09 10:47:00,23.2,23.2,23.2,23.2,475,68750,26.21,23.05,23.25
3101,2021-06-09 10:48:00,23.05,23.05,23.05,23.05,200,68925,26.2,23.05,23.2
3102,2021-06-09 10:49:00,23.05,23.05,23.05,23.05,200,68925,26.2,23.05,23.2
3103,2021-06-09 10:50:00,22.85,22.85,22.85,22.85,300,68925,26.19,22.85,22.95
3104,2021-06-09 10:51:00,22.8,22.8,22.8,22.8,300,68875,26.17,22.6,22.8
3105,2021-06-09 10:52:00,22.8,22.8,22.8,22.8,25,68875,26.17,22.6,22.8
3106,2021-06-09 10:53:00,22.8,22.8,22.8,22.8,100,68875,26.17,22.55,22.75
3107,2021-06-09 10:54:00,22.65,22.65,22.65,22.65,75,69075,26.16,22.45,22.65
3108,2021-06-09 10:55:00,22.25,22.25,22.25,22.25,650,69075,26.13,22.5,22.7
3109,2021-06-09 10:56:00,23.3,23.3,23.3,23.3,100,69350,26.12,23.1,23.35
3110,2021-06-09 10:57:00,23.1,23.1,23.1,23.1,325,69350,26.11,23.15,23.35
3111,2021-06-09 10:58:00,23.15,23.15,23.15,23.15,50,69350,26.11,23.0,23.25
3112,2021-06-09 10:59:00,23.3,23.3,23.3,23.3,775,69350,26.08,23.2,23.45
3113,2021-06-09 11:00:00,23.35,23.35,23.35,23.35,375,69725,26.07,23.55,23.65
3114,2021-06-09 11:01:00,23.25,23.25,23.25,23.25,575,69725,26.05,23.3,23.45
3115,2021-06-09 11:02:00,22.8,22.8,22.8,22.8,100,69900,26.05,22.75,22.95
3116,2021-06-09 11:03:00,22.6,22.6,22.6,22.6,100,69900,26.04,22.25,22.45
3117,2021-06-09 11:04:00,22.45,22.45,22.45,22.45,975,69900,25.99,22.45,22.6
3118,2021-06-09 11:05:00,22.95,22.95,22.95,22.95,425,69900,25.98,23.05,23.25
3119,2021-06-09 11:06:00,23.05,23.05,23.05,23.05,150,69425,25.97,22.8,23.05
3120,2021-06-09 11:07:00,23.05,23.05,23.05,23.05,150,69425,25.97,22.8,23.05
3121,2021-06-09 11:08:00,22.45,22.45,22.45,22.45,75,69425,25.97,22.45,22.7
3122,2021-06-09 11:09:00,22.7,22.7,22.7,22.7,250,69525,25.96,22.5,22.65
3123,2021-06-09 11:10:00,22.6,22.6,22.6,22.6,100,0,25.95,22.45,22.65
3124,2021-06-09 11:11:00,22.45,22.45,22.45,22.45,175,69700,25.94,22.3,22.45
3125,2021-06-09 11:12:00,22.1,22.1,22.1,22.1,150,69700,25.94,22.4,22.55
3126,2021-06-09 11:13:00,22.3,22.3,22.3,22.3,75,69700,25.93,22.25,22.4
3127,2021-06-09 11:14:00,22.35,22.35,22.35,22.35,50,69625,25.93,22.3,22.5
3128,2021-06-09 11:15:00,22.6,22.6,22.6,22.6,300,69625,25.92,22.45,22.6
3129,2021-06-09 11:16:00,22.4,22.4,22.4,22.4,75,69625,25.91,22.25,22.4
3130,2021-06-09 11:17:00,22.3,22.3,22.3,22.3,50,69625,25.91,22.45,22.6
3131,2021-06-09 11:18:00,22.3,22.3,22.3,22.3,50,69625,25.91,22.45,22.6
3132,2021-06-09 11:19:00,22.0,22.0,22.0,22.0,350,69600,25.89,22.1,22.25
3133,2021-06-09 11:20:00,21.85,21.85,21.7,21.85,1200,69600,25.84,21.8,22.05
3134,2021-06-09 11:21:00,22.0,22.0,22.0,22.0,125,70225,25.83,21.95,22.05
3135,2021-06-09 11:22:00,21.9,21.9,21.9,21.9,100,70225,25.83,21.8,22.0
3136,2021-06-09 11:23:00,22.2,22.2,21.9,21.9,450,70225,25.8,21.7,22.0
3137,2021-06-09 11:24:00,21.8,21.8,21.8,21.8,425,70300,25.78,21.8,21.95
3138,2021-06-09 11:25:00,21.8,21.8,21.8,21.8,425,70300,25.78,21.8,21.95
3139,2021-06-09 11:26:00,22.25,22.25,22.25,22.25,200,70400,25.77,22.25,22.35
3140,2021-06-09 11:27:00,22.25,22.25,22.25,22.25,275,70400,25.76,22.35,22.5
3141,2021-06-09 11:28:00,22.45,22.45,22.45,22.45,25,70400,25.76,22.4,22.6
3142,2021-06-09 11:29:00,22.6,22.75,22.6,22.75,275,70575,25.75,22.6,22.8
3143,2021-06-09 11:30:00,22.55,22.55,22.55,22.55,75,70575,25.75,22.55,22.8
3144,2021-06-09 11:31:00,22.65,22.65,22.65,22.65,475,70575,25.73,22.65,22.8
3145,2021-06-09 11:32:00,22.8,22.8,22.8,22.8,175,71000,25.72,22.8,22.95
3146,2021-06-09 11:33:00,22.85,22.85,22.85,22.85,275,71000,25.72,22.8,22.85
3147,2021-06-09 11:34:00,23.0,23.0,23.0,23.0,975,71000,25.68,22.8,23.0
3148,2021-06-09 11:35:00,22.95,22.95,22.8,22.8,675,71000,25.66,22.9,23.0
3149,2021-06-09 11:36:00,22.85,22.85,22.85,22.85,725,71075,25.64,22.85,23.0
3150,2021-06-09 11:37:00,22.95,22.95,22.95,22.95,75,71075,25.63,22.85,23.0
3151,2021-06-09 11:38:00,22.8,22.8,22.8,22.8,225,0,25.63,22.6,22.8
3152,2021-06-09 11:39:00,22.8,22.8,22.8,22.8,25,71275,25.63,22.85,22.9
3153,2021-06-09 11:40:00,23.0,23.0,23.0,23.0,475,71275,25.61,22.9,23.0
3154,2021-06-09 11:41:00,22.85,22.85,22.85,22.85,200,0,25.61,22.85,23.0
3155,2021-06-09 11:42:00,22.85,22.85,22.85,22.85,200,0,25.61,22.85,23.0
3156,2021-06-09 11:43:00,22.75,22.75,22.75,22.75,25,70750,25.61,22.65,22.8
3157,2021-06-09 11:44:00,22.85,22.85,22.85,22.85,50,70750,25.6,22.65,22.8
3158,2021-06-09 11:45:00,22.85,22.85,22.85,22.85,50,70750,25.6,22.65,22.8
3159,2021-06-09 11:46:00,22.85,22.85,22.85,22.85,50,70825,25.6,22.85,23.0
3160,2021-06-09 11:47:00,22.85,22.85,22.85,22.85,25,70825,25.6,22.85,22.95
3161,2021-06-09 11:48:00,22.85,22.85,22.85,22.85,50,0,25.6,22.4,22.5
3162,2021-06-09 11:49:00,22.85,22.85,22.85,22.85,50,0,25.6,22.4,22.5
3163,2021-06-09 11:50:00,23.05,23.05,23.05,23.05,1100,70850,25.57,23.1,23.3
3164,2021-06-09 11:51:00,22.95,22.95,22.95,22.95,375,70700,25.56,23.05,23.2
3165,2021-06-09 11:52:00,22.95,22.95,22.95,22.95,375,70700,25.56,23.05,23.2
3166,2021-06-09 11:53:00,23.45,23.45,23.45,23.45,275,70700,25.56,23.35,23.45
3167,2021-06-09 11:54:00,23.45,23.45,23.45,23.45,100,0,25.55,22.85,23.05
3168,2021-06-09 11:55:00,22.55,22.55,22.55,22.55,50,70725,25.55,22.4,22.65
3169,2021-06-09 11:56:00,22.9,22.9,22.9,22.9,225,70725,25.55,22.9,23.1
3170,2021-06-09 11:57:00,22.3,22.3,22.3,22.3,200,70800,25.54,22.3,22.45
3171,2021-06-09 11:58:00,22.7,22.7,22.7,22.7,175,70800,25.53,22.6,22.8
3172,2021-06-09 11:59:00,23.1,23.1,23.1,23.1,250,70800,25.53,22.95,23.25
3173,2021-06-09 12:00:00,22.75,22.75,22.75,22.75,25,70850,25.52,22.25,22.45
3174,2021-06-09 12:01:00,22.45,22.45,22.45,22.45,50,70850,25.52,22.45,22.6
3175,2021-06-09 12:02:00,22.4,22.6,22.4,22.6,300,70850,25.51,22.35,22.55
3176,2021-06-09 12:03:00,22.55,22.55,22.55,22.55,25,70425,25.51,22.5,22.65
3177,2021-06-09 12:04:00,22.55,22.55,22.55,22.55,25,70425,25.51,22.5,22.65
3178,2021-06-09 12:05:00,22.55,22.55,22.55,22.55,25,70425,25.51,22.5,22.65
3179,2021-06-09 12:06:00,23.2,23.2,23.2,23.2,25,70400,25.51,23.05,23.2
3180,2021-06-09 12:07:00,23.2,23.2,23.2,23.2,25,70400,25.51,23.05,23.2
3181,2021-06-09 12:08:00,23.35,23.35,23.35,23.35,250,70400,25.5,23.15,23.3
3182,2021-06-09 12:09:00,23.25,23.25,23.25,23.25,25,70525,25.5,23.1,23.2
3183,2021-06-09 12:10:00,23.25,23.25,23.25,23.25,25,70525,25.5,23.1,23.2
3184,2021-06-09 12:11:00,23.05,23.05,23.05,23.05,50,70525,25.5,23.1,23.25
3185,2021-06-09 12:12:00,23.05,23.05,23.05,23.05,50,70525,25.5,23.1,23.25
3186,2021-06-09 12:13:00,23.2,23.2,23.2,23.2,325,70550,25.49,23.2,23.3
3187,2021-06-09 12:14:00,22.9,22.9,22.9,22.9,200,0,25.49,22.8,22.95
3188,2021-06-09 12:15:00,22.75,22.75,22.75,22.75,50,70400,25.49,22.7,22.8
3189,2021-06-09 12:16:00,22.75,22.75,22.75,22.75,25,70400,25.49,22.55,22.7
3190,2021-06-09 12:17:00,22.7,22.7,22.7,22.7,25,70400,25.49,22.5,22.75
3191,2021-06-09 12:18:00,22.6,22.6,22.6,22.6,425,70375,25.47,22.4,22.65
3192,2021-06-09 12:19:00,21.75,21.75,21.2,21.75,1525,70375,25.41,21.5,21.7
3193,2021-06-09 12:20:00,21.75,21.75,21.75,21.75,5150,70375,25.22,21.45,21.65
3194,2021-06-09 12:21:00,22.0,22.0,22.0,22.0,800,69350,25.2,21.8,22.0
3195,2021-06-09 12:22:00,22.7,22.7,22.7,22.7,1075,69350,25.16,22.5,22.7
3196,2021-06-09 12:23:00,22.6,22.6,22.6,22.6,325,69350,25.15,22.5,22.55
3197,2021-06-09 12:24:00,22.5,22.5,22.5,22.5,50,69175,25.15,22.4,22.55
3198,2021-06-09 12:25:00,22.7,22.7,22.7,22.7,325,69175,25.15,22.55,22.65
3199,2021-06-09 12:26:00,23.1,23.1,23.1,23.1,725,69175,25.13,22.95,23.15
3200,2021-06-09 12:27:00,23.0,23.0,23.0,23.0,300,69375,25.12,23.05,23.2
3201,2021-06-09 12:28:00,22.75,23.0,22.75,23.0,525,69375,25.11,22.85,22.95
3202,2021-06-09 12:29:00,22.95,22.95,22.95,22.95,25,69375,25.11,22.85,23.0
3203,2021-06-09 12:30:00,22.75,22.75,22.75,22.75,125,69000,25.11,22.7,22.9
3204,2021-06-09 12:31:00,23.1,23.1,23.1,23.1,375,69000,25.1,22.85,23.1
3205,2021-06-09 12:32:00,23.15,23.15,23.15,23.15,150,69000,25.1,23.15,23.3
3206,2021-06-09 12:33:00,23.45,23.45,23.45,23.45,175,69000,25.09,23.3,23.45
3207,2021-06-09 12:34:00,23.7,23.7,23.7,23.7,350,69000,25.09,23.55,23.7
3208,2021-06-09 12:35:00,24.35,24.35,24.35,24.35,800,69000,25.08,24.05,24.3
3209,2021-06-09 12:36:00,24.1,24.1,24.1,24.1,975,69275,25.07,23.95,24.05
3210,2021-06-09 12:37:00,23.8,23.8,23.8,23.8,250,69275,25.07,23.95,24.15
3211,2021-06-09 12:38:00,23.75,23.75,23.75,23.75,200,69275,25.07,23.7,23.95
3212,2021-06-09 12:39:00,24.0,24.0,24.0,24.0,375,69200,25.07,23.95,24.15
3213,2021-06-09 12:40:00,23.95,23.95,23.95,23.95,450,69200,25.06,23.85,24.15
3214,2021-06-09 12:41:00,24.45,24.45,24.45,24.45,175,69200,25.06,24.35,24.55
3215,2021-06-09 12:42:00,23.3,23.3,23.3,23.3,325,69400,25.06,23.3,23.55
3216,2021-06-09 12:43:00,23.95,23.95,23.95,23.95,300,69400,25.05,23.8,23.95
3217,2021-06-09 12:44:00,23.85,23.85,23.85,23.85,175,69400,25.05,23.75,23.85
3218,2021-06-09 12:45:00,24.1,24.1,24.1,24.1,325,69400,25.05,24.1,24.35
3219,2021-06-09 12:46:00,24.2,24.2,24.2,24.2,75,69100,25.05,24.2,24.4
3220,2021-06-09 12:47:00,24.4,24.4,24.4,24.4,50,69100,25.05,24.25,24.4
3221,2021-06-09 12:48:00,24.55,24.55,24.55,24.55,175,68925,25.04,24.15,24.3
3222,2021-06-09 12:49:00,24.3,24.3,23.9,23.9,450,68925,25.04,23.85,24.05
3223,2021-06-09 12:50:00,24.0,24.0,24.0,24.0,50,68925,25.04,24.1,24.3
3224,2021-06-09 12:51:00,24.3,24.3,24.3,24.3,325,69000,25.04,24.05,24.25
3225,2021-06-09 12:52:00,24.05,24.05,24.05,24.05,150,69000,25.04,24.05,24.25
3226,2021-06-09 12:53:00,25.95,25.95,25.95,25.95,3575,69000,25.07,25.9,26.15
3227,2021-06-09 12:54:00,25.95,25.95,25.95,25.95,3575,69000,25.07,25.9,26.15
3228,2021-06-09 12:55:00,25.45,25.45,25.45,25.45,625,70175,25.08,25.55,25.85
3229,2021-06-09 12:56:00,26.8,26.8,26.8,26.8,1050,70175,25.09,26.75,26.9
3230,2021-06-09 12:57:00,25.9,25.9,25.9,25.9,800,70225,25.1,25.85,26.05
3231,2021-06-09 12:58:00,26.1,26.1,26.1,26.1,275,0,25.1,25.65,25.95
3232,2021-06-09 12:59:00,26.1,26.1,26.1,26.1,275,0,25.1,25.65,25.95
3233,2021-06-09 13:00:00,26.4,26.4,26.4,26.4,525,70450,25.11,26.25,26.45
3234,2021-06-09 13:01:00,24.95,24.95,24.95,24.95,875,70450,25.11,24.85,25.0
3235,2021-06-09 13:02:00,25.55,25.55,25.55,25.55,1450,70450,25.11,25.45,25.65
3236,2021-06-09 13:03:00,25.25,25.25,25.25,25.25,375,69700,25.12,25.2,25.35
3237,2021-06-09 13:04:00,25.3,25.3,25.3,25.3,925,69700,25.12,24.95,25.1
3238,2021-06-09 13:05:00,25.3,25.3,25.3,25.3,50,0,25.12,25.25,25.45
3239,2021-06-09 13:06:00,25.3,25.3,25.3,25.3,50,0,25.12,25.25,25.45
3240,2021-06-09 13:07:00,26.25,26.25,26.25,26.25,75,69125,25.12,26.35,26.55
3241,2021-06-09 13:08:00,27.1,27.1,27.1,27.1,1375,69125,25.14,27.45,27.7
3242,2021-06-09 13:09:00,27.1,27.1,27.1,27.1,1375,69125,25.14,27.45,27.7
3243,2021-06-09 13:10:00,27.65,27.65,27.65,27.65,1525,69500,25.17,27.15,27.4
3244,2021-06-09 13:11:00,30.15,30.15,30.15,30.15,4400,69500,25.37,30.15,30.45
3245,2021-06-09 13:12:00,30.15,30.15,30.15,30.15,4400,69500,25.37,30.15,30.45
3246,2021-06-09 13:13:00,30.15,30.15,30.15,30.15,4400,69500,25.37,30.15,30.45
3247,2021-06-09 13:14:00,35.65,45.65,35.65,44.0,11075,69700,26.38,43.45,43.95
3248,2021-06-09 13:15:00,43.9,74.85,43.9,57.95,14350,69125,29.66,57.95,58.7
3249,2021-06-09 13:16:00,59.25,59.3,52.55,58.75,4300,69125,30.36,58.1,59.0
3250,2021-06-09 13:17:00,57.55,60.4,51.0,51.9,8925,69125,31.71,52.0,52.55
3251,2021-06-09 13:18:00,52.1,53.3,42.0,43.3,3675,67850,32.03,43.1,43.4
3252,2021-06-09 13:19:00,43.1,48.5,42.5,48.1,2625,67850,32.24,48.4,48.8
3253,2021-06-09 13:20:00,49.55,56.15,49.55,52.35,2800,67850,32.58,52.4,52.85
3254,2021-06-09 13:21:00,54.35,61.25,54.35,61.25,2175,67850,32.88,61.25,61.85
3255,2021-06-09 13:22:00,60.8,61.35,57.25,58.55,2025,67850,33.18,58.2,58.65
3256,2021-06-09 13:23:00,58.4,58.55,49.35,49.35,2700,67850,33.51,49.05,49.6
3257,2021-06-09 13:24:00,49.25,54.6,46.65,54.4,1425,67950,33.64,53.8,54.25
3258,2021-06-09 13:25:00,54.15,55.0,52.6,53.7,3400,67950,34.0,53.0,53.35
3259,2021-06-09 13:26:00,52.85,53.75,50.2,52.85,3825,67950,34.35,53.5,53.9
3260,2021-06-09 13:27:00,53.35,53.35,49.6,51.8,2025,68325,34.52,51.2,51.45
3261,2021-06-09 13:28:00,51.65,52.1,50.65,50.95,1025,68325,34.61,50.65,50.95
3262,2021-06-09 13:29:00,51.65,52.1,50.65,50.95,1025,68325,34.61,50.65,50.95
3263,2021-06-09 13:30:00,49.9,49.9,49.9,49.9,1375,68550,34.72,50.5,50.9
3264,2021-06-09 13:31:00,53.85,53.85,53.85,53.85,1875,68550,34.9,53.6,54.0
3265,2021-06-09 13:32:00,51.15,51.15,51.15,51.15,650,68550,34.96,49.1,49.95
3266,2021-06-09 13:33:00,50.15,50.15,50.15,50.15,1625,71225,35.09,50.35,50.8
3267,2021-06-09 13:34:00,50.55,50.55,50.55,50.55,1400,71225,35.2,50.05,50.5
3268,2021-06-09 13:35:00,50.55,50.55,50.55,50.55,1400,71225,35.2,50.05,50.5
3269,2021-06-09 13:36:00,42.95,42.95,42.95,42.95,1700,72075,35.31,42.5,42.85
3270,2021-06-09 13:37:00,43.4,43.4,43.4,43.4,2150,72075,35.39,43.0,43.4
3271,2021-06-09 13:38:00,43.4,43.4,43.4,43.4,2150,72075,35.39,43.0,43.4
3272,2021-06-09 13:39:00,42.45,42.45,42.45,42.45,1200,71050,35.43,42.4,42.75
3273,2021-06-09 13:40:00,43.85,45.45,43.85,45.35,5275,71050,35.64,45.4,45.85
3274,2021-06-09 13:41:00,45.35,45.35,44.4,45.2,700,71050,35.67,44.85,45.2
3275,2021-06-09 13:42:00,45.35,45.35,44.4,45.2,700,71050,35.67,44.85,45.2
3276,2021-06-09 13:43:00,42.6,42.6,42.6,42.6,2375,73700,35.77,42.35,42.75
3277,2021-06-09 13:44:00,37.4,37.4,37.4,37.4,4275,73700,35.8,37.05,37.35
3278,2021-06-09 13:45:00,37.4,37.4,37.4,37.4,4275,73700,35.8,37.05,37.35
3279,2021-06-09 13:46:00,39.6,39.6,39.6,39.6,5175,73625,35.86,39.15,39.45
3280,2021-06-09 13:47:00,40.2,40.2,40.2,40.2,800,73625,35.87,39.6,39.85
3281,2021-06-09 13:48:00,40.8,40.8,40.8,40.8,4300,73425,35.95,40.35,40.7
3282,2021-06-09 13:49:00,40.8,40.8,40.8,40.8,4300,73425,35.95,40.35,40.7
3283,2021-06-09 13:50:00,40.05,40.05,40.05,40.05,2375,73425,36.0,39.9,40.3
3284,2021-06-09 13:51:00,40.0,40.0,40.0,40.0,1125,74575,36.02,39.7,40.0
3285,2021-06-09 13:52:00,44.15,44.15,44.15,44.15,3400,74575,36.1,43.9,44.15
3286,2021-06-09 13:53:00,44.15,44.15,44.15,44.15,3400,74575,36.1,43.9,44.15
3287,2021-06-09 13:54:00,41.1,41.1,41.1,41.1,2000,73700,36.16,40.85,41.15
3288,2021-06-09 13:55:00,40.65,40.65,40.65,40.65,1650,73700,36.2,41.4,41.7
3289,2021-06-09 13:56:00,42.75,42.75,42.75,42.75,475,73700,36.21,42.85,43.3
3290,2021-06-09 13:57:00,43.35,43.35,43.35,43.35,250,73425,36.22,43.45,43.75
3291,2021-06-09 13:58:00,43.35,43.35,43.35,43.35,250,73425,36.22,43.45,43.75
3292,2021-06-09 13:59:00,42.1,42.1,42.1,42.1,725,73425,36.24,42.05,42.5
3293,2021-06-09 14:00:00,41.0,41.0,41.0,41.0,1100,73850,36.26,40.85,41.25
3294,2021-06-09 14:01:00,41.65,41.65,41.65,41.65,700,73850,36.28,41.6,41.9
3295,2021-06-09 14:02:00,42.2,42.2,42.2,42.2,625,73850,36.29,41.85,42.15
3296,2021-06-09 14:03:00,43.8,43.8,43.8,43.8,550,73900,36.31,43.7,44.0
3297,2021-06-09 14:04:00,44.0,44.0,44.0,44.0,500,73900,36.33,44.05,44.45
3298,2021-06-09 14:05:00,45.15,45.15,45.15,45.15,2050,73900,36.39,44.9,45.6
3299,2021-06-09 14:06:00,44.85,44.85,44.85,44.85,650,74275,36.41,44.5,44.85
3300,2021-06-09 14:07:00,42.65,42.65,42.65,42.65,500,74275,36.43,42.55,42.9
3301,2021-06-09 14:08:00,41.7,41.7,41.7,41.7,650,74275,36.44,41.75,42.0
3302,2021-06-09 14:09:00,41.45,41.45,41.45,41.45,1650,74325,36.47,41.5,41.95
3303,2021-06-09 14:10:00,42.85,42.85,42.85,42.85,650,74325,36.49,42.15,42.45
3304,2021-06-09 14:11:00,42.15,42.15,42.15,42.15,175,74325,36.49,42.15,42.5
3305,2021-06-09 14:12:00,41.55,41.55,41.55,41.55,225,74500,36.5,41.45,41.65
3306,2021-06-09 14:13:00,42.25,42.25,42.25,42.25,400,74500,36.51,42.25,42.55
3307,2021-06-09 14:14:00,42.0,42.0,42.0,42.0,1800,74500,36.55,41.9,42.2
3308,2021-06-09 14:15:00,41.35,41.35,41.35,41.35,2800,75875,36.61,41.2,41.5
3309,2021-06-09 14:16:00,41.4,41.4,41.4,41.4,775,75875,36.62,40.95,41.25
3310,2021-06-09 14:17:00,40.6,40.6,40.6,40.6,200,75875,36.63,40.7,40.95
3311,2021-06-09 14:18:00,41.65,41.65,41.65,41.65,1225,76825,36.65,41.95,42.2
3312,2021-06-09 14:19:00,41.95,41.95,41.95,41.95,725,76825,36.67,41.65,41.9
3313,2021-06-09 14:20:00,42.7,42.7,42.7,42.7,1450,76825,36.7,42.7,43.1
3314,2021-06-09 14:21:00,43.3,43.3,43.3,43.3,350,77375,36.71,43.5,43.85
3315,2021-06-09 14:22:00,47.0,47.0,47.0,47.0,4150,77375,36.88,46.95,47.2
3316,2021-06-09 14:23:00,47.75,48.0,46.2,47.7,1400,77375,36.93,47.9,48.15
3317,2021-06-09 14:24:00,50.1,50.1,50.1,50.1,1200,77375,36.99,50.1,50.4
3318,2021-06-09 14:25:00,50.1,50.1,50.1,50.1,1200,77375,36.99,50.1,50.4
3319,2021-06-09 14:26:00,48.45,48.45,48.45,48.45,3100,77375,37.14,48.45,48.85
3320,2021-06-09 14:27:00,49.6,49.6,49.6,49.6,600,79000,37.17,48.45,48.8
3321,2021-06-09 14:28:00,49.15,49.15,49.15,49.15,1350,79000,37.23,48.4,48.7
3322,2021-06-09 14:29:00,49.75,49.75,49.75,49.75,1550,79000,37.29,49.15,49.5
3323,2021-06-09 14:30:00,49.75,49.75,49.75,49.75,4650,82300,37.5,49.55,50.0
3324,2021-06-09 14:31:00,49.35,49.35,49.35,49.35,2200,82300,37.61,49.2,49.65
3325,2021-06-09 14:32:00,50.85,50.85,50.85,50.85,875,82300,37.64,50.8,51.1
3326,2021-06-09 14:33:00,56.0,56.0,56.0,56.0,3950,83200,37.86,55.8,56.35
3327,2021-06-09 14:34:00,56.0,56.0,56.0,56.0,3950,83200,37.86,55.8,56.35
3328,2021-06-09 14:35:00,55.5,55.5,55.5,55.5,15650,83200,38.82,55.5,55.75
3329,2021-06-09 14:36:00,55.5,55.5,55.5,55.5,15650,83200,38.82,55.5,55.75
3330,2021-06-09 14:37:00,57.75,57.75,57.75,57.75,3275,88425,38.99,57.6,58.0
3331,2021-06-09 14:38:00,57.05,57.05,57.05,57.05,3875,88425,39.22,57.2,57.6
3332,2021-06-09 14:39:00,58.45,58.45,58.45,58.45,4000,93325,39.47,58.1,58.45
3333,2021-06-09 14:40:00,59.05,59.05,59.05,59.05,2400,93325,39.62,58.95,59.15
3334,2021-06-09 14:41:00,58.05,58.05,58.05,58.05,3050,93325,39.79,58.2,58.4
3335,2021-06-09 14:42:00,65.0,66.25,65.0,66.0,8075,97500,40.38,65.7,65.95
3336,2021-06-09 14:43:00,65.95,69.4,65.95,67.8,6150,97500,40.89,67.75,68.2
3337,2021-06-09 14:44:00,68.2,73.05,68.0,73.05,3075,97500,41.16,72.65,73.25
3338,2021-06-09 14:45:00,72.7,74.75,70.2,73.45,8575,101350,41.94,73.4,73.75
3339,2021-06-09 14:46:00,73.5,78.6,72.55,78.0,2725,101350,42.2,77.55,77.95
3340,2021-06-09 14:47:00,77.7,79.0,74.1,74.35,4725,101350,42.67,73.75,74.15
3341,2021-06-09 14:48:00,74.15,74.15,66.6,69.1,4550,101800,43.03,68.5,69.0
3342,2021-06-09 14:49:00,69.0,69.0,66.15,68.0,4225,101800,43.31,67.75,68.0
3343,2021-06-09 14:50:00,67.15,67.15,62.1,62.55,5075,101800,43.61,62.55,62.7
3344,2021-06-09 14:51:00,62.7,68.3,62.7,66.95,4425,106425,43.88,67.5,67.85
3345,2021-06-09 14:52:00,67.5,69.1,66.75,68.15,4425,106425,44.17,68.0,68.15
3346,2021-06-09 14:53:00,68.0,70.1,67.7,68.9,2800,106425,44.35,68.1,68.45
3347,2021-06-09 14:54:00,68.0,70.1,67.7,68.9,2800,106425,44.35,68.1,68.45
3348,2021-06-09 14:55:00,66.0,66.0,66.0,66.0,1650,110800,44.45,65.85,66.25
3349,2021-06-09 14:56:00,65.2,65.2,62.95,63.2,1475,110800,44.53,63.0,63.35
3350,2021-06-09 14:57:00,63.35,65.1,62.95,64.5,650,110475,44.56,64.05,64.25
3351,2021-06-09 14:58:00,64.6,65.55,64.35,64.8,375,110475,44.58,64.6,64.85
3352,2021-06-09 14:59:00,64.95,66.7,64.95,65.1,450,110475,44.61,64.5,64.8
3353,2021-06-09 15:00:00,62.75,63.25,62.75,63.25,2350,109600,44.71,63.1,63.4
3354,2021-06-09 15:01:00,62.85,63.6,62.5,63.6,500,109600,44.74,63.65,64.15
3355,2021-06-09 15:02:00,62.6,62.6,62.6,62.6,975,109600,44.79,62.65,63.0
3356,2021-06-09 15:03:00,62.95,65.75,62.95,65.75,1775,109625,44.88,65.35,65.75
3357,2021-06-09 15:04:00,64.25,64.75,62.85,62.85,425,109625,44.9,62.35,62.7
3358,2021-06-09 15:05:00,62.2,62.4,60.4,62.05,2625,109625,45.01,61.9,62.1
3359,2021-06-09 15:06:00,62.0,62.4,61.25,62.05,1500,108125,45.07,61.6,61.95
3360,2021-06-09 15:07:00,61.4,61.4,61.05,61.05,950,108125,45.11,61.05,61.4
3361,2021-06-09 15:08:00,61.05,62.3,60.05,60.95,2750,108125,45.22,60.85,61.0
3362,2021-06-09 15:09:00,60.35,60.4,60.35,60.4,875,109975,45.26,60.0,60.3
3363,2021-06-09 15:10:00,59.9,59.9,57.8,59.25,2150,109975,45.33,59.2,59.5
3364,2021-06-09 15:11:00,58.2,58.2,57.45,57.45,425,109975,45.34,57.55,57.85
3365,2021-06-09 15:12:00,57.55,57.55,55.75,55.75,1975,110450,45.4,55.55,55.85
3366,2021-06-09 15:13:00,55.5,57.0,55.0,56.2,3275,110450,45.49,55.7,55.95
3367,2021-06-09 15:14:00,57.0,57.1,55.35,55.35,2575,110450,45.56,55.35,55.65
3368,2021-06-09 15:15:00,55.0,55.3,53.75,54.45,1025,110075,45.58,54.4,54.65
3369,2021-06-09 15:16:00,54.6,54.6,53.95,53.95,850,110075,45.6,53.6,53.95
3370,2021-06-09 15:17:00,53.45,53.55,51.9,51.9,1650,110075,45.62,51.7,51.9
3371,2021-06-09 15:18:00,52.4,52.4,52.4,52.4,1750,110075,45.65,52.55,52.8
3372,2021-06-09 15:19:00,52.4,52.4,52.4,52.4,1750,110075,45.65,52.55,52.8
3373,2021-06-09 15:20:00,53.65,54.25,53.65,54.25,3950,110200,45.73,54.3,54.55
3374,2021-06-09 15:21:00,54.8,58.8,54.5,58.8,1575,111275,45.77,59.0,59.35
3375,2021-06-09 15:22:00,59.7,59.7,58.05,58.05,1175,111275,45.81,58.2,58.55
3376,2021-06-09 15:23:00,58.25,58.25,56.85,56.9,1425,111275,45.84,56.9,57.15
3377,2021-06-09 15:24:00,57.25,57.25,57.25,57.25,900,112100,45.87,57.25,57.55
3378,2021-06-09 15:25:00,57.9,57.9,57.9,57.9,1300,112100,45.9,57.55,57.95
3379,2021-06-09 15:26:00,56.6,56.6,55.95,56.25,1075,112100,45.93,56.1,56.25
3380,2021-06-09 15:27:00,56.1,56.95,55.65,56.65,3200,111850,46.01,56.45,56.85
3381,2021-06-09 15:28:00,56.75,56.75,56.75,56.75,3125,111850,46.09,56.5,56.8
3382,2021-06-09 15:29:00,56.75,56.75,56.75,56.75,3125,111850,46.09,56.5,56.8
3383,2021-06-09 15:30:00,54.75,54.75,54.75,54.75,3875,111850,46.17,54.75,55.6
3384,2021-06-10 09:15:00,54.75,54.75,54.75,54.75,3875,111850,46.17,54.75,55.6
3385,2021-06-10 09:16:00,48.65,64.95,45.0,45.0,10300,113600,53.61,45.0,45.1
3386,2021-06-10 09:17:00,48.65,64.95,45.0,45.0,10300,113600,53.61,45.0,45.1
3387,2021-06-10 09:18:00,46.15,46.15,46.15,46.15,4925,115600,51.32,45.75,46.15
3388,2021-06-10 09:19:00,46.6,46.6,46.6,46.6,9075,115600,49.82,46.55,46.85
3389,2021-06-10 09:20:00,46.6,46.6,46.6,46.6,9075,115600,49.82,46.55,46.85
3390,2021-06-10 09:21:00,46.45,46.45,46.45,46.45,7650,119250,49.16,46.15,46.6
3391,2021-06-10 09:22:00,46.45,46.45,46.45,46.45,7650,119250,49.16,46.15,46.6
3392,2021-06-10 09:23:00,43.95,43.95,43.95,43.95,6250,120275,48.67,44.2,44.5
3393,2021-06-10 09:24:00,43.95,43.95,43.95,43.95,6250,120275,48.67,44.2,44.5
3394,2021-06-10 09:25:00,46.3,46.3,46.3,46.3,15350,120275,47.56,46.45,46.75
3395,2021-06-10 09:26:00,52.45,53.8,49.95,52.3,9125,119050,48.15,52.3,52.7
3396,2021-06-10 09:27:00,52.65,55.75,51.3,53.75,5750,119050,48.57,53.4,53.75
3397,2021-06-10 09:28:00,54.15,55.25,51.95,53.05,13950,119050,49.51,52.65,53.35
3398,2021-06-10 09:29:00,53.25,53.9,50.25,50.25,13200,115675,49.89,50.6,51.15
3399,2021-06-10 09:30:00,50.55,50.75,43.5,45.7,15775,115675,49.33,45.6,45.95
3400,2021-06-10 09:31:00,45.95,47.4,45.55,47.4,3950,115675,49.22,46.45,46.9
3401,2021-06-10 09:32:00,46.7,46.7,43.1,45.0,9900,119200,48.88,44.55,44.9
3402,2021-06-10 09:33:00,44.15,45.15,43.5,45.15,2575,119200,48.78,45.4,45.7
3403,2021-06-10 09:34:00,44.15,45.15,43.5,45.15,2575,119200,48.78,45.4,45.7
3404,2021-06-10 09:35:00,44.2,44.2,44.2,44.2,4050,119650,48.68,44.25,44.65
3405,2021-06-10 09:36:00,43.65,43.65,43.65,43.65,1250,119650,48.64,43.95,44.3
3406,2021-06-10 09:37:00,44.2,44.2,44.2,44.2,1400,119650,48.59,44.35,44.6
3407,2021-06-10 09:38:00,44.2,44.2,44.2,44.2,1400,119650,48.59,44.35,44.6
3408,2021-06-10 09:39:00,40.8,40.8,40.8,40.8,2250,120775,48.5,40.8,40.95
3409,2021-06-10 09:40:00,42.4,42.4,40.75,42.4,1500,120775,48.44,42.35,42.7
3410,2021-06-10 09:41:00,42.4,42.4,40.75,42.4,1500,120775,48.44,42.35,42.7
3411,2021-06-10 09:42:00,42.4,42.4,42.4,42.4,1975,121150,48.35,42.15,42.65
3412,2021-06-10 09:43:00,44.35,44.35,44.35,44.35,7200,121150,48.14,43.85,44.15
3413,2021-06-10 09:44:00,44.35,44.35,44.35,44.35,7200,121150,48.14,43.85,44.15
3414,2021-06-10 09:45:00,41.75,41.75,41.75,41.75,3425,123275,48.0,42.15,42.45
3415,2021-06-10 09:46:00,41.75,41.75,41.75,41.75,3425,123275,48.0,42.15,42.45
3416,2021-06-10 09:47:00,42.2,42.2,42.2,42.2,2625,124050,47.9,41.85,42.15
3417,2021-06-10 09:48:00,43.05,43.05,43.05,43.05,5525,124050,47.69,42.2,42.55
3418,2021-06-10 09:49:00,43.05,43.05,43.05,43.05,5525,124050,47.69,42.2,42.55
3419,2021-06-10 09:50:00,44.1,44.1,44.1,44.1,1675,121625,47.65,43.95,44.25
3420,2021-06-10 09:51:00,43.7,43.7,43.7,43.7,1000,121625,47.62,43.55,43.85
3421,2021-06-10 09:52:00,44.1,44.1,44.1,44.1,1475,121625,47.59,44.0,44.25
3422,2021-06-10 09:53:00,44.1,44.1,44.1,44.1,1475,121625,47.59,44.0,44.25
3423,2021-06-10 09:54:00,46.05,46.05,46.05,46.05,2175,121600,47.56,46.15,46.5
3424,2021-06-10 09:55:00,46.45,46.45,46.45,46.45,1250,121600,47.55,46.1,46.45
3425,2021-06-10 09:56:00,46.1,46.1,46.1,46.1,1550,121800,47.54,45.85,46.1
3426,2021-06-10 09:57:00,46.1,46.1,46.1,46.1,1550,121800,47.54,45.85,46.1
3427,2021-06-10 09:58:00,44.6,44.6,44.6,44.6,1575,121800,47.52,44.75,45.05
3428,2021-06-10 09:59:00,45.05,45.05,45.05,45.05,1875,122400,47.5,44.95,45.3
3429,2021-06-10 10:00:00,43.1,43.1,43.1,43.1,950,122400,47.48,43.0,43.25
3430,2021-06-10 10:01:00,44.45,44.45,44.45,44.45,3125,122400,47.42,44.1,44.3
3431,2021-06-10 10:02:00,44.45,44.45,44.45,44.45,3125,122400,47.42,44.1,44.3
3432,2021-06-10 10:03:00,47.7,48.85,46.05,47.2,11700,118275,47.36,47.2,47.55
3433,2021-06-10 10:04:00,47.45,49.0,47.05,47.4,2125,118275,47.37,47.05,47.5
3434,2021-06-10 10:05:00,47.05,48.15,47.05,47.95,1025,118100,47.37,47.6,47.95
3435,2021-06-10 10:06:00,48.65,49.0,47.05,47.05,3500,118100,47.4,47.3,47.6
3436,2021-06-10 10:07:00,47.35,47.45,47.35,47.45,175,118100,47.4,47.1,47.45
3437,2021-06-10 10:08:00,49.5,49.5,49.5,49.5,2300,119150,47.4,49.95,50.3
3438,2021-06-10 10:09:00,48.45,48.45,48.45,48.45,3650,119150,47.43,48.25,48.45
3439,2021-06-10 10:10:00,47.25,47.25,47.25,47.25,2375,119150,47.44,47.35,47.65
3440,2021-06-10 10:11:00,46.6,48.75,46.6,48.6,675,120325,47.44,47.95,48.3
3441,2021-06-10 10:12:00,48.3,48.45,48.25,48.25,350,120325,47.44,48.0,48.25
3442,2021-06-10 10:13:00,47.05,47.05,47.05,47.05,250,120325,47.44,46.85,47.05
3443,2021-06-10 10:14:00,45.8,45.8,45.8,45.8,2375,121025,47.42,45.65,45.75
3444,2021-06-10 10:15:00,47.8,47.8,47.8,47.8,1350,121025,47.42,47.5,47.9
3445,2021-06-10 10:16:00,47.8,47.8,47.8,47.8,1350,121025,47.42,47.5,47.9
3446,2021-06-10 10:17:00,46.8,46.8,46.8,46.8,1125,120975,47.42,46.95,47.25
3447,2021-06-10 10:18:00,47.75,47.75,47.75,47.75,950,120975,47.42,47.65,47.9
3448,2021-06-10 10:19:00,47.75,47.75,47.75,47.75,950,120975,47.42,47.65,47.9
3449,2021-06-10 10:20:00,48.3,48.3,48.3,48.3,250,120900,47.42,48.3,48.65
3450,2021-06-10 10:21:00,47.15,47.15,47.15,47.15,1350,120900,47.42,47.05,47.25
3451,2021-06-10 10:22:00,46.5,47.5,46.35,47.15,3025,120900,47.42,46.95,47.35
3452,2021-06-10 10:23:00,47.15,47.15,47.15,47.15,50,121650,47.42,47.05,47.4
3453,2021-06-10 10:24:00,43.4,43.4,43.4,43.4,3200,121650,47.4,43.15,43.45
3454,2021-06-10 10:25:00,44.65,44.65,44.65,44.65,2650,121650,47.35,44.5,44.75
3455,2021-06-10 10:26:00,44.5,44.5,44.5,44.5,1825,122800,47.32,43.95,44.25
3456,2021-06-10 10:27:00,44.5,44.5,44.5,44.5,1825,122800,47.32,43.95,44.25
3457,2021-06-10 10:28:00,44.5,44.5,44.5,44.5,675,122800,47.31,44.55,45.0
3458,2021-06-10 10:29:00,43.9,43.9,43.9,43.9,750,122000,47.3,43.8,44.2
3459,2021-06-10 10:30:00,44.35,44.35,44.35,44.35,1400,122000,47.28,45.35,45.6
3460,2021-06-10 10:31:00,45.0,45.0,45.0,45.0,600,122000,47.27,45.15,45.6
3461,2021-06-10 10:32:00,45.0,45.0,45.0,45.0,600,122000,47.27,45.15,45.6
3462,2021-06-10 10:33:00,44.35,44.35,44.35,44.35,600,121325,47.27,44.35,44.7
3463,2021-06-10 10:34:00,44.7,44.7,44.7,44.7,2050,121325,47.24,44.3,44.65
3464,2021-06-10 10:35:00,45.0,45.0,45.0,45.0,1325,121400,47.23,44.85,45.05
3465,2021-06-10 10:36:00,46.45,46.45,46.45,46.45,1525,121400,47.22,46.1,46.45
3466,2021-06-10 10:37:00,46.35,46.35,46.35,46.35,625,121400,47.22,46.0,46.4
3467,2021-06-10 10:38:00,46.35,46.35,46.35,46.35,625,121400,47.22,46.0,46.4
3468,2021-06-10 10:39:00,44.6,44.6,44.6,44.6,750,122075,47.21,44.55,44.95
3469,2021-06-10 10:40:00,45.55,45.55,45.55,45.55,1500,122075,47.19,45.45,45.7
3470,2021-06-10 10:41:00,43.8,43.8,43.8,43.8,675,122075,47.19,43.85,44.15
3471,2021-06-10 10:42:00,44.4,44.4,44.4,44.4,475,122725,47.18,44.35,44.7
3472,2021-06-10 10:43:00,43.8,43.8,43.8,43.8,1600,122725,47.16,43.7,43.9
3473,2021-06-10 10:44:00,43.8,43.8,43.8,43.8,1600,122725,47.16,43.7,43.9
3474,2021-06-10 10:45:00,43.0,43.0,43.0,43.0,4275,122725,47.09,42.75,43.0
3475,2021-06-10 10:46:00,42.4,42.4,42.4,42.4,7300,122725,46.96,42.25,42.6
3476,2021-06-10 10:47:00,42.35,42.35,42.35,42.35,2150,123150,46.93,42.4,42.55
3477,2021-06-10 10:48:00,42.35,42.35,42.35,42.35,2150,123150,46.93,42.4,42.55
3478,2021-06-10 10:49:00,42.45,42.45,42.45,42.45,1225,123150,46.9,41.95,42.25
3479,2021-06-10 10:50:00,41.7,41.7,41.7,41.7,500,122375,46.89,41.65,42.05
3480,2021-06-10 10:51:00,41.65,41.65,41.65,41.65,1550,122375,46.86,41.3,41.6
3481,2021-06-10 10:52:00,41.45,41.45,40.7,41.45,650,122375,46.85,40.95,41.2
3482,2021-06-10 10:53:00,39.7,39.7,39.7,39.7,9325,125825,46.61,39.45,39.75
3483,2021-06-10 10:54:00,39.95,39.95,39.0,39.95,4025,125825,46.5,39.65,39.95
3484,2021-06-10 10:55:00,39.85,39.85,39.85,39.85,1225,125825,46.47,39.55,39.9
3485,2021-06-10 10:56:00,39.75,39.75,39.75,39.75,375,125225,46.46,39.2,39.5
3486,2021-06-10 10:57:00,39.05,39.05,38.35,39.05,1450,125225,46.42,39.15,39.45
3487,2021-06-10 10:58:00,39.05,39.05,38.35,39.05,1450,125225,46.42,39.15,39.45
3488,2021-06-10 10:59:00,39.6,39.6,39.6,39.6,2525,126950,46.36,39.3,39.6
3489,2021-06-10 11:00:00,39.25,39.25,39.25,39.25,1075,126950,46.33,38.45,38.8
3490,2021-06-10 11:01:00,38.2,38.2,37.7,38.2,6950,126950,46.14,38.05,38.15
3491,2021-06-10 11:02:00,39.0,39.0,39.0,39.0,3450,126950,46.04,38.4,38.7
3492,2021-06-10 11:03:00,39.0,39.0,39.0,39.0,3450,126950,46.04,38.4,38.7
3493,2021-06-10 11:04:00,38.1,38.1,38.1,38.1,950,129875,46.01,38.15,38.4
3494,2021-06-10 11:05:00,38.55,38.55,38.55,38.55,2275,130075,45.96,39.0,39.2
3495,2021-06-10 11:06:00,39.0,39.0,39.0,39.0,1800,130075,45.92,39.0,39.3
3496,2021-06-10 11:07:00,39.0,39.0,39.0,39.0,1800,130075,45.92,39.0,39.3
3497,2021-06-10 11:08:00,40.0,40.0,40.0,40.0,625,130250,45.91,40.1,40.4
3498,2021-06-10 11:09:00,39.9,39.9,39.9,39.9,1125,130250,45.89,39.6,39.95
3499,2021-06-10 11:10:00,39.4,39.4,39.4,39.4,600,130250,45.87,39.05,39.35
3500,2021-06-10 11:11:00,39.6,39.6,39.6,39.6,600,129850,45.86,39.5,39.75
3501,2021-06-10 11:12:00,40.2,40.2,40.2,40.2,875,129850,45.84,40.0,40.35
3502,2021-06-10 11:13:00,40.45,40.45,40.45,40.45,1250,129850,45.82,40.25,40.5
3503,2021-06-10 11:14:00,41.35,41.35,41.35,41.35,1950,130475,45.79,41.45,41.75
3504,2021-06-10 11:15:00,41.05,41.05,41.05,41.05,1925,130475,45.76,40.9,41.1
3505,2021-06-10 11:16:00,40.0,40.0,40.0,40.0,775,130475,45.75,39.6,39.95
3506,2021-06-10 11:17:00,40.95,40.95,40.95,40.95,875,129525,45.73,40.6,40.9
3507,2021-06-10 11:18:00,40.0,40.0,40.0,40.0,300,129525,45.73,39.85,40.0
3508,2021-06-10 11:19:00,40.85,40.85,40.85,40.85,400,129525,45.72,40.55,40.75
3509,2021-06-10 11:20:00,40.65,40.65,40.65,40.65,525,129475,45.71,40.3,40.5
3510,2021-06-10 11:21:00,39.4,39.4,39.4,39.4,2075,129475,45.67,39.4,39.6
3511,2021-06-10 11:22:00,39.6,39.6,39.6,39.6,1200,129475,45.65,39.55,39.8
3512,2021-06-10 11:23:00,39.55,39.55,39.55,39.55,1175,128800,45.63,39.45,39.75
3513,2021-06-10 11:24:00,39.1,39.1,39.1,39.1,450,128800,45.62,39.0,39.35
3514,2021-06-10 11:25:00,39.0,39.0,39.0,39.0,775,128800,45.6,38.8,39.15
3515,2021-06-10 11:26:00,38.5,38.5,38.5,38.5,350,128800,45.59,38.25,38.6
3516,2021-06-10 11:27:00,38.45,38.45,38.45,38.45,1350,128850,45.56,38.45,38.75
3517,2021-06-10 11:28:00,38.35,38.35,38.35,38.35,3875,128850,45.47,38.0,38.4
3518,2021-06-10 11:29:00,39.1,39.1,39.1,39.1,300,128850,45.47,39.35,39.65
3519,2021-06-10 11:30:00,40.9,40.9,40.9,40.9,1900,130175,45.44,40.35,40.65
3520,2021-06-10 11:31:00,40.0,40.0,40.0,40.0,650,130175,45.42,40.0,40.3
3521,2021-06-10 11:32:00,40.0,40.0,40.0,40.0,675,130175,45.41,40.05,40.35
3522,2021-06-10 11:33:00,40.05,40.05,40.05,40.05,400,130175,45.41,39.55,39.9
3523,2021-06-10 11:34:00,38.2,38.2,38.2,38.2,775,130175,45.39,38.4,38.7
3524,2021-06-10 11:35:00,38.4,38.4,38.4,38.4,475,130175,45.38,38.15,38.5
3525,2021-06-10 11:36:00,38.7,38.7,38.7,38.7,250,130475,45.38,38.45,38.65
3526,2021-06-10 11:37:00,38.95,38.95,38.95,38.95,275,130475,45.37,38.85,39.15
3527,2021-06-10 11:38:00,38.55,38.55,38.55,38.55,375,130475,45.36,38.3,38.55
3528,2021-06-10 11:39:00,38.4,38.4,38.4,38.4,650,130900,45.35,38.3,38.4
3529,2021-06-10 11:40:00,38.1,38.1,37.65,38.1,1025,130900,45.32,38.2,38.4
3530,2021-06-10 11:41:00,37.95,37.95,37.95,37.95,700,130900,45.31,37.9,38.15
3531,2021-06-10 11:42:00,38.85,38.85,37.55,38.85,1725,130575,45.27,38.65,38.9
3532,2021-06-10 11:43:00,36.8,36.8,36.8,36.8,1100,130575,45.25,36.3,36.85
3533,2021-06-10 11:44:00,35.4,35.4,34.55,35.4,5925,130575,45.08,35.25,35.5
3534,2021-06-10 11:45:00,35.55,35.55,35.55,35.55,1625,129775,45.03,35.5,35.7
3535,2021-06-10 11:46:00,35.55,35.55,35.55,35.55,1625,129775,45.03,35.5,35.7
3536,2021-06-10 11:47:00,37.3,37.3,37.3,37.3,1425,129775,45.0,37.1,37.3
3537,2021-06-10 11:48:00,37.4,37.4,37.4,37.4,2625,130675,44.94,37.35,37.65
3538,2021-06-10 11:49:00,37.8,37.8,37.8,37.8,525,130675,44.93,37.5,37.7
3539,2021-06-10 11:50:00,36.9,36.9,36.9,36.9,500,130675,44.91,37.05,37.3
3540,2021-06-10 11:51:00,37.6,37.6,37.6,37.6,1175,131100,44.89,37.45,37.75
3541,2021-06-10 11:52:00,36.8,36.8,36.8,36.8,650,131100,44.87,36.95,37.2
3542,2021-06-10 11:53:00,37.1,37.1,37.1,37.1,725,131100,44.85,36.9,37.25
3543,2021-06-10 11:54:00,36.95,36.95,36.95,36.95,475,131125,44.84,36.7,37.0
3544,2021-06-10 11:55:00,38.5,38.5,38.5,38.5,1125,131125,44.82,38.15,38.5
3545,2021-06-10 11:56:00,37.65,37.65,37.65,37.65,7475,131125,44.67,37.45,37.75
3546,2021-06-10 11:57:00,38.4,38.4,38.4,38.4,3625,135200,44.61,38.2,38.5
3547,2021-06-10 11:58:00,37.95,37.95,37.95,37.95,475,135200,44.6,37.6,37.85
3548,2021-06-10 11:59:00,37.95,37.95,37.95,37.95,425,135200,44.59,37.9,38.2
3549,2021-06-10 12:00:00,34.9,34.9,34.9,34.9,2800,135450,44.52,34.5,34.85
3550,2021-06-10 12:01:00,34.9,34.9,34.9,34.9,2800,135450,44.52,34.5,34.85
3551,2021-06-10 12:02:00,36.25,36.25,34.5,36.25,5800,135450,44.38,36.05,36.35
3552,2021-06-10 12:03:00,35.35,35.35,35.35,35.35,3250,132900,44.3,35.15,35.5
3553,2021-06-10 12:04:00,35.75,35.75,35.75,35.75,2950,132900,44.23,35.5,35.7
3554,2021-06-10 12:05:00,36.0,36.0,36.0,36.0,500,132900,44.22,35.95,36.25
3555,2021-06-10 12:06:00,35.8,35.8,35.8,35.8,1750,131800,44.18,35.6,35.75
3556,2021-06-10 12:07:00,35.8,35.8,35.8,35.8,1750,131800,44.18,35.6,35.75
3557,2021-06-10 12:08:00,34.9,34.9,34.2,34.9,2025,131800,44.13,34.65,34.95
3558,2021-06-10 12:09:00,34.75,34.75,33.8,34.75,2375,133350,44.07,34.75,35.0
3559,2021-06-10 12:10:00,34.95,34.95,34.95,34.95,1075,133350,44.04,34.85,35.2
3560,2021-06-10 12:11:00,35.05,35.05,35.05,35.05,875,133350,44.02,35.1,35.35
3561,2021-06-10 12:12:00,35.05,35.05,35.05,35.05,875,133350,44.02,35.1,35.35
3562,2021-06-10 12:13:00,36.2,36.2,36.2,36.2,1600,132375,43.99,36.3,36.55
3563,2021-06-10 12:14:00,37.0,37.0,37.0,37.0,1200,132375,43.97,36.95,37.3
3564,2021-06-10 12:15:00,36.8,36.8,36.8,36.8,1725,133325,43.94,36.75,37.05
3565,2021-06-10 12:16:00,36.5,36.5,36.5,36.5,1350,133325,43.91,36.45,36.75
3566,2021-06-10 12:17:00,36.75,36.75,36.75,36.75,600,133325,43.9,36.75,36.9
3567,2021-06-10 12:18:00,37.05,37.05,37.05,37.05,425,133425,43.89,37.05,37.35
3568,2021-06-10 12:19:00,37.55,37.55,37.55,37.55,925,133425,43.88,37.55,37.75
3569,2021-06-10 12:20:00,37.5,37.5,37.5,37.5,525,133425,43.87,37.35,37.6
3570,2021-06-10 12:21:00,37.45,37.45,37.45,37.45,1200,134150,43.85,37.45,37.7
3571,2021-06-10 12:22:00,37.45,37.45,37.45,37.45,1200,134150,43.85,37.45,37.7
3572,2021-06-10 12:23:00,37.5,37.5,37.5,37.5,825,134150,43.83,37.45,37.75
3573,2021-06-10 12:24:00,37.55,37.55,37.55,37.55,1650,134625,43.81,37.3,37.6
3574,2021-06-10 12:25:00,38.3,38.3,38.3,38.3,950,134625,43.79,38.1,38.4
3575,2021-06-10 12:26:00,38.5,38.5,38.5,38.5,1725,134625,43.77,38.5,38.8
3576,2021-06-10 12:27:00,38.15,38.15,38.15,38.15,850,135250,43.76,38.05,38.35
3577,2021-06-10 12:28:00,38.75,38.75,38.75,38.75,1925,135250,43.73,38.2,38.65
3578,2021-06-10 12:29:00,38.75,38.75,38.75,38.75,1925,135250,43.73,38.2,38.65
3579,2021-06-10 12:30:00,38.25,38.25,38.25,38.25,2900,135850,43.7,38.2,38.5
3580,2021-06-10 12:31:00,38.8,38.8,38.8,38.8,775,135850,43.69,38.6,38.9
3581,2021-06-10 12:32:00,38.1,38.1,38.1,38.1,550,135850,43.68,38.0,38.25
3582,2021-06-10 12:33:00,38.1,38.1,38.1,38.1,550,135850,43.68,38.0,38.25
3583,2021-06-10 12:34:00,39.15,39.15,39.15,39.15,1525,135675,43.67,39.5,39.8
3584,2021-06-10 12:35:00,38.9,38.9,38.9,38.9,1075,135675,43.65,38.65,38.95
3585,2021-06-10 12:36:00,36.9,36.9,36.9,36.9,2400,136725,43.62,36.85,37.15
3586,2021-06-10 12:37:00,37.15,37.15,37.15,37.15,3225,136725,43.57,37.1,37.35
3587,2021-06-10 12:38:00,37.75,37.75,37.75,37.75,1825,136725,43.54,37.7,38.05
3588,2021-06-10 12:39:00,37.25,37.25,37.25,37.25,1250,140025,43.52,37.05,37.5
3589,2021-06-10 12:40:00,37.5,37.5,37.5,37.5,150,140025,43.52,37.25,37.6
3590,2021-06-10 12:41:00,37.35,37.35,37.35,37.35,1150,140025,43.5,37.3,37.55
3591,2021-06-10 12:42:00,38.65,38.65,38.65,38.65,2125,141275,43.47,38.4,38.75
3592,2021-06-10 12:43:00,39.25,39.25,39.25,39.25,2250,141275,43.45,39.3,39.7
3593,2021-06-10 12:44:00,39.25,39.25,39.25,39.25,2250,141275,43.45,39.3,39.7
3594,2021-06-10 12:45:00,38.8,38.8,38.8,38.8,7875,142475,43.38,39.0,39.3
3595,2021-06-10 12:46:00,39.6,39.6,39.6,39.6,2450,142475,43.36,39.6,39.85
3596,2021-06-10 12:47:00,38.85,38.85,38.85,38.85,4975,142475,43.29,38.8,39.05
3597,2021-06-10 12:48:00,37.2,37.2,37.2,37.2,2225,144975,43.27,37.3,37.55
3598,2021-06-10 12:49:00,37.45,37.45,37.45,37.45,1125,144975,43.25,37.0,37.25
3599,2021-06-10 12:50:00,37.0,37.0,37.0,37.0,1775,144975,43.22,36.55,36.8
3600,2021-06-10 12:51:00,36.7,36.7,36.7,36.7,1775,146700,43.2,36.5,36.8
3601,2021-06-10 12:52:00,37.75,37.75,37.75,37.75,875,146700,43.19,37.45,37.75
3602,2021-06-10 12:53:00,38.3,38.3,38.3,38.3,1900,146700,43.17,38.05,38.4
3603,2021-06-10 12:54:00,39.4,39.4,39.4,39.4,1800,148000,43.15,39.4,39.65
3604,2021-06-10 12:55:00,37.9,37.9,37.9,37.9,2950,148000,43.12,37.9,38.1
3605,2021-06-10 12:56:00,38.4,38.4,38.4,38.4,375,148000,43.11,38.1,38.4
3606,2021-06-10 12:57:00,38.4,38.4,38.4,38.4,375,148000,43.11,38.1,38.4
3607,2021-06-10 12:58:00,38.55,38.55,38.55,38.55,3025,149400,43.07,38.55,38.8
3608,2021-06-10 12:59:00,39.2,39.2,39.2,39.2,1900,149400,43.06,38.65,38.95
3609,2021-06-10 13:00:00,38.65,38.65,38.65,38.65,825,149750,43.05,38.1,38.4
3610,2021-06-10 13:01:00,36.85,36.85,36.85,36.85,2200,149750,43.02,36.7,37.05
3611,2021-06-10 13:02:00,36.3,36.3,36.3,36.3,2075,149750,42.99,36.0,36.15
3612,2021-06-10 13:03:00,36.3,36.3,36.3,36.3,2075,149750,42.99,36.0,36.15
3613,2021-06-10 13:04:00,36.9,36.9,36.9,36.9,1800,151600,42.97,37.2,37.5
3614,2021-06-10 13:05:00,37.9,37.9,37.9,37.9,550,151600,42.96,37.5,37.8
3615,2021-06-10 13:06:00,36.7,36.7,36.7,36.7,1350,152375,42.95,36.7,37.0
3616,2021-06-10 13:07:00,36.75,36.75,36.75,36.75,125,152375,42.94,36.7,36.95
3617,2021-06-10 13:08:00,37.15,37.15,37.15,37.15,75,152375,42.94,37.0,37.1
3618,2021-06-10 13:09:00,37.65,37.65,37.65,37.65,375,152400,42.94,37.3,37.6
3619,2021-06-10 13:10:00,37.15,37.15,37.15,37.15,300,152400,42.94,37.45,37.75
3620,2021-06-10 13:11:00,37.75,37.75,37.75,37.75,475,152400,42.93,37.7,37.9
3621,2021-06-10 13:12:00,37.85,37.85,37.85,37.85,1250,152650,42.92,37.4,37.7
3622,2021-06-10 13:13:00,36.8,36.8,36.8,36.8,425,152650,42.91,36.6,36.85
3623,2021-06-10 13:14:00,37.5,37.5,37.5,37.5,1200,152650,42.9,37.65,37.9
3624,2021-06-10 13:15:00,37.2,37.2,37.2,37.2,1625,153875,42.88,36.85,37.15
3625,2021-06-10 13:16:00,37.4,37.4,37.4,37.4,700,153875,42.87,37.65,37.9
3626,2021-06-10 13:17:00,37.1,37.1,37.1,37.1,1800,153875,42.85,36.8,37.05
3627,2021-06-10 13:18:00,37.55,37.55,37.55,37.55,825,154800,42.84,37.4,37.65
3628,2021-06-10 13:19:00,37.55,37.55,37.55,37.55,825,154800,42.84,37.4,37.65
3629,2021-06-10 13:20:00,32.1,33.3,30.65,32.4,15275,154800,42.54,32.35,32.6
3630,2021-06-10 13:21:00,32.15,32.8,32.05,32.25,450,159325,42.53,32.15,32.45
3631,2021-06-10 13:22:00,34.35,34.35,34.35,34.35,2425,159325,42.48,34.35,34.7
3632,2021-06-10 13:23:00,34.35,34.35,34.35,34.35,2425,159325,42.48,34.35,34.7
3633,2021-06-10 13:24:00,34.25,34.25,34.25,34.25,3800,159500,42.42,34.05,34.3
3634,2021-06-10 13:25:00,34.0,34.0,34.0,34.0,2275,159500,42.38,33.75,33.95
3635,2021-06-10 13:26:00,34.0,34.0,34.0,34.0,2275,159500,42.38,33.75,33.95
3636,2021-06-10 13:27:00,33.15,33.15,33.15,33.15,6200,159725,42.26,33.0,33.25
3637,2021-06-10 13:28:00,33.05,33.05,33.05,33.05,1550,159725,42.24,33.3,33.5
3638,2021-06-10 13:29:00,33.6,33.6,33.6,33.6,950,159725,42.22,33.55,33.8
3639,2021-06-10 13:30:00,33.6,33.6,33.6,33.6,950,159725,42.22,33.55,33.8
3640,2021-06-10 13:31:00,35.3,35.3,35.3,35.3,3050,159550,42.17,35.4,35.65
3641,2021-06-10 13:32:00,33.55,33.55,33.55,33.55,1225,159550,42.15,33.5,33.8
3642,2021-06-10 13:33:00,33.55,33.55,33.55,33.55,1225,159550,42.15,33.5,33.8
3643,2021-06-10 13:34:00,33.9,33.9,33.9,33.9,750,159575,42.14,33.85,34.1
3644,2021-06-10 13:35:00,34.7,34.7,34.7,34.7,2375,159575,42.1,34.7,34.95
3645,2021-06-10 13:36:00,34.7,34.7,34.7,34.7,2375,159575,42.1,34.7,34.95
3646,2021-06-10 13:37:00,34.5,34.5,34.5,34.5,1525,159400,42.08,34.5,34.75
3647,2021-06-10 13:38:00,34.3,34.3,34.3,34.3,1100,159400,42.06,34.25,34.55
3648,2021-06-10 13:39:00,34.2,34.2,34.2,34.2,400,159425,42.05,34.05,34.4
3649,2021-06-10 13:40:00,34.15,34.15,34.15,34.15,950,159425,42.04,33.95,34.2
3650,2021-06-10 13:41:00,34.15,34.15,34.15,34.15,950,159425,42.04,33.95,34.2
3651,2021-06-10 13:42:00,35.05,35.05,35.05,35.05,1750,159875,42.01,34.7,34.95
3652,2021-06-10 13:43:00,35.0,35.0,35.0,35.0,1150,159875,42.0,35.15,35.45
3653,2021-06-10 13:44:00,35.0,35.0,35.0,35.0,1150,159875,42.0,35.15,35.45
3654,2021-06-10 13:45:00,35.45,35.45,35.45,35.45,1200,161075,41.98,35.4,35.7
3655,2021-06-10 13:46:00,35.8,35.8,35.8,35.8,1950,161075,41.96,35.85,36.0
3656,2021-06-10 13:47:00,36.2,36.2,36.2,36.2,2575,161075,41.92,36.0,36.15
3657,2021-06-10 13:48:00,33.6,33.6,33.6,33.6,1150,162750,41.91,33.6,33.85
3658,2021-06-10 13:49:00,33.6,33.6,33.6,33.6,1150,162750,41.91,33.6,33.85
3659,2021-06-10 13:50:00,34.65,34.65,34.65,34.65,5125,162750,41.84,34.7,34.9
3660,2021-06-10 13:51:00,34.4,34.4,34.4,34.4,2475,160525,41.8,34.35,34.45
3661,2021-06-10 13:52:00,34.8,34.8,34.8,34.8,1525,160525,41.78,34.5,34.75
3662,2021-06-10 13:53:00,34.8,34.8,34.8,34.8,1525,160525,41.78,34.5,34.75
3663,2021-06-10 13:54:00,34.65,34.65,34.65,34.65,3525,160025,41.74,34.65,34.9
3664,2021-06-10 13:55:00,34.7,34.7,34.7,34.7,2425,160025,41.71,34.65,34.9
3665,2021-06-10 13:56:00,34.95,34.95,34.95,34.95,7625,160025,41.62,34.85,35.1
3666,2021-06-10 13:57:00,34.95,34.95,34.95,34.95,7625,160025,41.62,34.85,35.1
3667,2021-06-10 13:58:00,35.2,35.2,35.2,35.2,1250,163400,41.6,35.3,35.6
3668,2021-06-10 13:59:00,34.0,34.0,34.0,34.0,2925,163400,41.57,33.95,34.2
3669,2021-06-10 14:00:00,35.3,35.3,35.3,35.3,3950,164400,41.53,35.25,35.45
3670,2021-06-10 14:01:00,35.3,35.3,35.3,35.3,3950,164400,41.53,35.25,35.45
3671,2021-06-10 14:02:00,36.25,36.25,36.25,36.25,3275,164400,41.49,36.35,36.6
3672,2021-06-10 14:03:00,36.3,36.3,36.3,36.3,875,164500,41.48,36.25,36.5
3673,2021-06-10 14:04:00,36.5,36.5,36.5,36.5,1075,164500,41.47,36.5,36.7
3674,2021-06-10 14:05:00,35.55,35.55,35.55,35.55,3275,164500,41.44,35.4,35.7
3675,2021-06-10 14:06:00,37.1,37.1,37.1,37.1,1975,165425,41.42,36.95,37.15
3676,2021-06-10 14:07:00,37.1,37.1,37.1,37.1,1975,165425,41.42,36.95,37.15
3677,2021-06-10 14:08:00,36.5,36.5,36.5,36.5,3625,165425,41.39,36.5,36.8
3678,2021-06-10 14:09:00,35.95,35.95,35.95,35.95,3675,166575,41.36,35.7,35.95
3679,2021-06-10 14:10:00,35.0,35.0,35.0,35.0,1525,166575,41.34,34.85,35.15
3680,2021-06-10 14:11:00,35.4,35.4,35.4,35.4,1850,166575,41.32,35.25,35.5
3681,2021-06-10 14:12:00,34.0,34.0,34.0,34.0,2675,165975,41.29,34.7,34.95
3682,2021-06-10 14:13:00,34.0,34.0,34.0,34.0,2675,165975,41.29,34.7,34.95
3683,2021-06-10 14:14:00,35.2,35.2,35.2,35.2,175,165975,41.29,35.0,35.25
3684,2021-06-10 14:15:00,35.0,35.0,35.0,35.0,3325,166850,41.25,34.95,35.3
3685,2021-06-10 14:16:00,35.0,35.0,35.0,35.0,3325,166850,41.25,34.95,35.3
3686,2021-06-10 14:17:00,34.8,34.8,34.8,34.8,2200,166850,41.23,34.65,34.9
3687,2021-06-10 14:18:00,34.2,34.2,34.2,34.2,2875,168425,41.2,33.95,34.2
3688,2021-06-10 14:19:00,34.25,34.25,34.25,34.25,825,168425,41.19,34.2,34.45
3689,2021-06-10 14:20:00,32.35,32.35,32.35,32.35,5925,168425,41.11,32.35,32.55
3690,2021-06-10 14:21:00,32.35,32.35,32.35,32.35,5925,168425,41.11,32.35,32.55
3691,2021-06-10 14:22:00,31.85,31.85,31.85,31.85,7150,172125,41.0,31.7,31.95
3692,2021-06-10 14:23:00,31.6,31.6,31.6,31.6,4925,172125,40.93,31.75,32.0
3693,2021-06-10 14:24:00,31.6,31.6,31.6,31.6,4925,172125,40.93,31.75,32.0
3694,2021-06-10 14:25:00,32.05,32.05,32.05,32.05,3600,173875,40.88,31.65,31.9
3695,2021-06-10 14:26:00,31.65,31.65,31.65,31.65,2000,173875,40.85,31.6,31.8
3696,2021-06-10 14:27:00,32.05,32.05,32.05,32.05,2225,174825,40.82,32.2,32.45
3697,2021-06-10 14:28:00,32.05,32.05,32.05,32.05,2225,174825,40.82,32.2,32.45
3698,2021-06-10 14:29:00,32.7,32.7,32.7,32.7,3950,174825,40.76,32.75,33.0
3699,2021-06-10 14:30:00,32.6,32.6,32.6,32.6,4300,178050,40.71,32.3,32.55
3700,2021-06-10 14:31:00,32.6,32.6,32.6,32.6,3175,178050,40.66,32.55,32.9
3701,2021-06-10 14:32:00,32.2,32.2,32.2,32.2,1075,178050,40.65,31.95,32.25
3702,2021-06-10 14:33:00,32.2,32.2,32.2,32.2,1075,178050,40.65,31.95,32.25
3703,2021-06-10 14:34:00,31.0,31.0,31.0,31.0,1925,179700,40.62,30.8,31.0
3704,2021-06-10 14:35:00,30.0,30.0,29.95,30.0,6325,179700,40.52,29.8,29.95
3705,2021-06-10 14:36:00,29.95,29.95,29.45,29.95,9400,180525,40.36,30.0,30.25
3706,2021-06-10 14:37:00,29.95,29.95,29.45,29.95,9400,180525,40.36,30.0,30.25
3707,2021-06-10 14:38:00,29.15,29.15,28.3,29.15,6350,180525,40.26,28.5,28.8
3708,2021-06-10 14:39:00,29.15,29.15,28.3,29.15,6350,180525,40.26,28.5,28.8
3709,2021-06-10 14:40:00,28.7,28.7,28.2,28.7,7550,178400,40.13,28.5,28.65
3710,2021-06-10 14:41:00,28.95,28.95,28.95,28.95,15675,178400,39.86,29.0,29.25
3711,2021-06-10 14:42:00,28.95,28.95,28.95,28.95,15675,178400,39.86,29.0,29.25
3712,2021-06-10 14:43:00,29.45,29.45,29.45,29.45,6525,181675,39.76,29.25,29.45
3713,2021-06-10 14:44:00,29.8,29.8,29.8,29.8,1300,181675,39.74,29.8,29.95
3714,2021-06-10 14:45:00,30.35,30.35,30.35,30.35,4775,182150,39.67,30.15,30.4
3715,2021-06-10 14:46:00,29.9,29.9,29.9,29.9,6300,182150,39.59,29.9,30.15
3716,2021-06-10 14:47:00,29.9,29.9,29.9,29.9,6300,182150,39.59,29.9,30.15
3717,2021-06-10 14:48:00,30.75,30.75,30.75,30.75,2500,185200,39.55,30.6,30.8
3718,2021-06-10 14:49:00,31.5,31.5,31.5,31.5,2175,185200,39.53,31.5,31.6
3719,2021-06-10 14:50:00,31.0,31.0,31.0,31.0,2700,185200,39.49,30.9,31.1
3720,2021-06-10 14:51:00,31.0,31.0,31.0,31.0,2700,185200,39.49,30.9,31.1
3721,2021-06-10 14:52:00,32.55,32.55,32.55,32.55,17150,196750,39.31,32.5,32.75
3722,2021-06-10 14:53:00,33.45,33.45,33.45,33.45,4650,196750,39.27,33.4,33.7
3723,2021-06-10 14:54:00,33.4,33.4,33.4,33.4,4225,199250,39.23,33.0,33.2
3724,2021-06-10 14:55:00,33.4,33.4,33.4,33.4,4225,199250,39.23,33.0,33.2
3725,2021-06-10 14:56:00,34.0,34.0,34.0,34.0,17275,199250,39.11,34.0,34.1
3726,2021-06-10 14:57:00,34.2,34.2,34.2,34.2,6700,214575,39.07,34.2,34.4
3727,2021-06-10 14:58:00,34.0,34.0,34.0,34.0,9025,214575,39.01,34.0,34.05
3728,2021-06-10 14:59:00,33.3,33.3,33.3,33.3,5550,214575,38.96,33.35,33.6
3729,2021-06-10 15:00:00,33.3,33.3,33.3,33.3,5550,214575,38.96,33.35,33.6
3730,2021-06-10 15:01:00,33.5,33.6,32.6,32.6,20275,223225,38.83,32.75,32.95
3731,2021-06-10 15:02:00,32.75,33.05,32.5,32.55,750,223225,38.82,32.65,32.85
3732,2021-06-10 15:03:00,32.05,32.05,32.05,32.05,6025,231800,38.78,32.1,32.3
3733,2021-06-10 15:04:00,32.0,32.0,32.0,32.0,4300,231800,38.74,31.95,32.15
3734,2021-06-10 15:05:00,31.25,31.25,31.25,31.25,8300,231800,38.67,31.25,31.4
3735,2021-06-10 15:06:00,31.25,31.25,31.25,31.25,8300,231800,38.67,31.25,31.4
3736,2021-06-10 15:07:00,31.1,31.1,31.1,31.1,10325,234125,38.57,30.95,31.1
3737,2021-06-10 15:08:00,30.0,30.0,30.0,30.0,6850,234125,38.5,29.95,30.15
3738,2021-06-10 15:09:00,29.35,29.35,29.35,29.35,8650,241525,38.41,29.3,29.45
3739,2021-06-10 15:10:00,29.35,29.35,29.35,29.35,8650,241525,38.41,29.3,29.45
3740,2021-06-10 15:11:00,29.0,29.75,29.0,29.5,23200,241525,38.16,29.4,29.6
3741,2021-06-10 15:12:00,29.5,29.85,29.4,29.65,12450,252825,38.04,29.45,29.6
3742,2021-06-10 15:13:00,29.45,29.95,29.3,29.9,17625,252825,37.87,29.7,29.95
3743,2021-06-10 15:14:00,29.7,30.0,29.65,29.8,11700,252825,37.76,29.8,30.0
3744,2021-06-10 15:15:00,30.1,30.25,29.2,29.2,12625,266325,37.65,29.15,29.35
3745,2021-06-10 15:16:00,29.15,29.3,28.8,28.9,8725,266325,37.57,28.8,29.1
3746,2021-06-10 15:17:00,29.1,29.2,28.95,29.15,5075,266325,37.52,28.9,29.1
3747,2021-06-10 15:18:00,29.15,29.55,29.05,29.3,10425,280625,37.43,29.2,29.45
3748,2021-06-10 15:19:00,29.35,29.6,29.15,29.15,8100,280625,37.36,29.1,29.3
3749,2021-06-10 15:20:00,29.35,29.55,29.1,29.45,8125,280625,37.29,29.5,29.6
3750,2021-06-10 15:21:00,29.6,29.7,29.15,29.4,2225,290350,37.27,29.35,29.5
3751,2021-06-10 15:22:00,29.55,29.7,29.05,29.35,16000,290350,37.14,29.3,29.45
3752,2021-06-10 15:23:00,29.5,29.95,29.25,29.95,6775,290350,37.09,29.8,29.95
3753,2021-06-10 15:24:00,30.0,30.2,29.4,30.05,20450,300675,36.94,29.95,30.0
3754,2021-06-10 15:25:00,30.0,30.4,29.35,29.4,20400,300675,36.8,29.25,29.45
3755,2021-06-10 15:26:00,29.25,29.4,28.3,28.75,14375,300675,36.69,28.6,28.8
3756,2021-06-10 15:27:00,28.75,28.9,26.35,27.85,20375,319175,36.53,27.75,27.85
3757,2021-06-10 15:28:00,28.0,28.1,27.15,27.25,19450,319175,36.37,27.25,27.45
3758,2021-06-10 15:29:00,28.0,28.1,27.15,27.25,19450,319175,36.37,27.25,27.45
3759,2021-06-10 15:30:00,27.4,27.55,24.1,26.95,17625,319175,36.22,24.1,26.95
3760,2021-06-11 09:15:00,19.95,26.0,19.45,20.95,46750,327950,21.2,20.8,20.95
3761,2021-06-11 09:16:00,20.85,21.55,20.7,21.3,43500,327950,21.22,21.0,21.2
3762,2021-06-11 09:17:00,21.25,21.4,20.6,20.6,23875,331950,21.17,20.55,20.65
3763,2021-06-11 09:18:00,20.8,21.05,20.45,20.75,21700,331950,21.1,20.7,20.75
3764,2021-06-11 09:19:00,20.75,21.0,20.15,20.35,20825,331950,21.03,20.25,20.35
3765,2021-06-11 09:20:00,20.05,21.5,19.65,20.9,38250,338525,20.91,20.9,21.05
3766,2021-06-11 09:21:00,21.0,21.5,20.65,20.9,24025,338525,20.92,20.9,21.0
3767,2021-06-11 09:22:00,21.15,21.15,20.0,20.45,19375,338525,20.88,20.45,20.55
3768,2021-06-11 09:23:00,20.55,20.95,20.45,20.7,19500,340600,20.87,20.65,20.8
3769,2021-06-11 09:24:00,20.75,20.95,20.5,20.65,12650,340600,20.86,20.6,20.7
3770,2021-06-11 09:25:00,20.65,21.35,20.25,20.35,17400,340600,20.86,20.4,20.45
3771,2021-06-11 09:26:00,20.45,20.95,20.45,20.95,13350,336775,20.85,20.9,20.95
3772,2021-06-11 09:27:00,20.95,21.0,20.65,20.9,9425,336775,20.85,20.85,20.9
3773,2021-06-11 09:28:00,20.9,21.55,20.8,20.95,14075,336775,20.87,20.8,20.95
3774,2021-06-11 09:29:00,20.95,21.3,20.65,21.1,9025,344400,20.87,21.0,21.1
3775,2021-06-11 09:30:00,21.1,21.2,20.6,20.7,36375,344400,20.88,20.6,20.7
3776,2021-06-11 09:31:00,20.75,20.75,18.75,19.55,51875,344400,20.75,19.35,19.5
3777,2021-06-11 09:32:00,19.7,20.85,19.7,20.0,48900,367650,20.71,20.0,20.1
3778,2021-06-11 09:33:00,20.0,20.1,19.05,19.5,32100,367650,20.64,19.4,19.55
3779,2021-06-11 09:34:00,19.55,19.55,19.1,19.25,19250,367650,20.59,19.3,19.35
3780,2021-06-11 09:35:00,19.3,19.5,19.15,19.3,16550,378650,20.55,19.3,19.35
3781,2021-06-11 09:36:00,19.35,19.45,19.0,19.0,9225,378650,20.53,19.0,19.1
3782,2021-06-11 09:37:00,19.1,19.1,18.45,18.9,23875,378650,20.45,18.8,18.9
3783,2021-06-11 09:38:00,18.9,19.1,18.7,18.8,20075,387450,20.4,18.8,18.9
3784,2021-06-11 09:39:00,18.95,19.1,18.7,19.0,14450,387450,20.37,19.0,19.15
3785,2021-06-11 09:40:00,19.15,19.3,19.0,19.15,16950,387450,20.33,19.1,19.15
3786,2021-06-11 09:41:00,19.05,19.1,18.85,18.85,11300,395125,20.31,18.9,18.95
3787,2021-06-11 09:42:00,19.0,19.05,18.9,19.0,6375,395125,20.29,18.85,19.0
3788,2021-06-11 09:43:00,18.9,18.9,18.7,18.9,5750,395125,20.28,18.85,18.9
3789,2021-06-11 09:44:00,18.9,19.05,18.75,18.9,5575,400800,20.27,18.8,18.9
3790,2021-06-11 09:45:00,18.85,19.1,18.8,19.0,7025,400800,20.26,19.0,19.1
3791,2021-06-11 09:46:00,19.15,19.35,18.95,19.25,7275,400800,20.24,19.2,19.3
3792,2021-06-11 09:47:00,19.3,19.35,19.1,19.2,4425,403000,20.24,19.15,19.3
3793,2021-06-11 09:48:00,19.3,19.65,19.15,19.45,7050,403000,20.23,19.45,19.55
3794,2021-06-11 09:49:00,19.45,19.55,19.25,19.3,5750,403000,20.22,19.25,19.3
3795,2021-06-11 09:50:00,19.45,19.65,19.15,19.55,9100,407325,20.21,19.5,19.55
3796,2021-06-11 09:51:00,19.5,20.0,19.5,20.0,6100,407325,20.2,19.8,19.9
3797,2021-06-11 09:52:00,19.85,20.05,19.75,19.95,11750,407325,20.2,20.0,20.1
3798,2021-06-11 09:53:00,20.1,20.45,20.0,20.35,11075,407800,20.2,20.25,20.35
3799,2021-06-11 09:54:00,20.25,20.4,19.95,20.25,11425,407800,20.2,20.1,20.25
3800,2021-06-11 09:55:00,20.3,20.3,19.6,19.7,10650,407800,20.19,19.75,19.85
3801,2021-06-11 09:56:00,19.8,20.1,19.7,19.95,13750,415950,20.19,19.95,20.1
3802,2021-06-11 09:57:00,20.1,20.1,19.65,19.8,6175,415950,20.19,19.75,19.8
3803,2021-06-11 09:58:00,19.8,19.9,19.55,19.8,6125,415950,20.18,19.75,19.85
3804,2021-06-11 09:59:00,19.85,20.0,19.75,19.8,6950,419350,20.18,19.75,19.9
3805,2021-06-11 10:00:00,19.8,20.1,19.75,19.8,12475,419350,20.18,19.75,19.85
3806,2021-06-11 10:01:00,19.75,19.75,19.35,19.6,10625,419350,20.17,19.55,19.6
3807,2021-06-11 10:02:00,19.55,19.65,19.45,19.55,6525,434075,20.16,19.45,19.5
3808,2021-06-11 10:03:00,19.55,19.6,19.45,19.55,9700,434075,20.16,19.45,19.55
3809,2021-06-11 10:04:00,19.45,19.6,19.35,19.45,5075,434075,20.15,19.4,19.5
3810,2021-06-11 10:05:00,19.5,19.6,19.45,19.5,1750,440450,20.15,19.45,19.5
3811,2021-06-11 10:06:00,19.4,19.65,19.4,19.55,6125,440450,20.15,19.5,19.6
3812,2021-06-11 10:07:00,19.6,19.75,19.55,19.65,5575,440450,20.14,19.55,19.65
3813,2021-06-11 10:08:00,19.65,19.8,19.45,19.5,6250,441775,20.14,19.45,19.6
3814,2021-06-11 10:09:00,19.5,19.8,19.5,19.6,3600,441775,20.14,19.6,19.65
3815,2021-06-11 10:10:00,19.6,20.05,19.6,20.05,10375,441775,20.13,20.0,20.1
3816,2021-06-11 10:11:00,19.95,20.1,19.65,19.85,3900,445800,20.13,19.75,19.85
3817,2021-06-11 10:12:00,19.85,19.95,19.75,19.9,4450,445800,20.13,19.8,19.9
3818,2021-06-11 10:13:00,19.9,20.35,19.8,19.9,31000,445800,20.13,19.85,19.9
3819,2021-06-11 10:14:00,19.9,20.3,19.8,20.15,27675,433725,20.13,20.05,20.15
3820,2021-06-11 10:15:00,20.05,20.15,19.8,20.1,13100,433725,20.12,19.9,20.0
3821,2021-06-11 10:16:00,19.95,20.0,19.7,19.85,4125,433725,20.12,19.8,19.85
3822,2021-06-11 10:17:00,19.85,20.05,19.75,19.95,5350,437325,20.12,19.9,20.05
3823,2021-06-11 10:18:00,20.05,20.25,20.0,20.0,8775,437325,20.12,20.0,20.1
3824,2021-06-11 10:19:00,20.05,20.15,20.0,20.0,14825,437325,20.12,20.0,20.1
3825,2021-06-11 10:20:00,20.1,20.6,20.0,20.5,30025,462300,20.12,20.35,20.45
3826,2021-06-11 10:21:00,20.35,20.45,20.05,20.15,9950,462300,20.12,20.05,20.15
3827,2021-06-11 10:22:00,20.1,20.2,20.0,20.05,25800,462300,20.12,20.05,20.2
3828,2021-06-11 10:23:00,20.1,20.3,20.1,20.25,3150,467350,20.12,20.2,20.3
3829,2021-06-11 10:24:00,20.3,20.3,20.0,20.05,12150,467350,20.12,20.05,20.1
3830,2021-06-11 10:25:00,20.05,20.25,20.0,20.2,7925,467350,20.12,20.15,20.25
3831,2021-06-11 10:26:00,20.15,20.5,20.05,20.3,15000,477625,20.12,20.15,20.25
3832,2021-06-11 10:27:00,20.2,20.6,20.15,20.5,10625,477625,20.13,20.35,20.5
3833,2021-06-11 10:28:00,20.5,20.5,20.2,20.2,3125,477625,20.13,20.2,20.3
3834,2021-06-11 10:29:00,20.2,20.4,20.15,20.3,3625,482775,20.13,20.2,20.35
3835,2021-06-11 10:30:00,20.35,20.55,20.15,20.4,2975,482775,20.13,20.35,20.4
3836,2021-06-11 10:31:00,20.45,20.65,20.1,20.2,12975,482775,20.13,20.05,20.2
3837,2021-06-11 10:32:00,20.15,20.6,20.15,20.5,16575,488550,20.13,20.4,20.5
3838,2021-06-11 10:33:00,20.5,20.6,20.25,20.6,2250,488550,20.13,20.55,20.6
3839,2021-06-11 10:34:00,20.55,20.8,20.4,20.7,5175,488550,20.14,20.65,20.7
3840,2021-06-11 10:35:00,20.65,20.8,20.4,20.65,7650,492775,20.14,20.6,20.7
3841,2021-06-11 10:36:00,20.7,20.85,20.7,20.8,2725,492775,20.14,20.8,20.9
3842,2021-06-11 10:37:00,20.9,21.2,20.7,21.05,5050,492775,20.14,21.0,21.05
3843,2021-06-11 10:38:00,21.0,21.1,20.65,20.7,5525,495550,20.15,20.6,20.75
3844,2021-06-11 10:39:00,20.8,20.85,20.5,20.7,4050,495550,20.15,20.65,20.8
3845,2021-06-11 10:40:00,20.7,20.75,20.5,20.6,2950,495550,20.15,20.45,20.5
3846,2021-06-11 10:41:00,20.45,20.9,20.45,20.5,9675,497725,20.16,20.45,20.5
3847,2021-06-11 10:42:00,20.3,20.5,20.2,20.5,3400,497725,20.16,20.4,20.55
3848,2021-06-11 10:43:00,20.55,20.75,20.4,20.5,2800,497725,20.16,20.35,20.5
3849,2021-06-11 10:44:00,20.45,20.85,20.45,20.65,2425,498475,20.16,20.55,20.65
3850,2021-06-11 10:45:00,20.7,21.0,20.4,20.4,3950,498475,20.16,20.3,20.4
3851,2021-06-11 10:46:00,20.25,20.35,20.0,20.3,5550,498475,20.16,20.25,20.35
3852,2021-06-11 10:47:00,20.25,20.55,20.25,20.25,7325,497700,20.16,20.2,20.3
3853,2021-06-11 10:48:00,20.25,20.45,20.05,20.3,6400,497700,20.16,20.3,20.4
3854,2021-06-11 10:49:00,20.4,20.65,20.35,20.45,2750,497700,20.16,20.35,20.5
3855,2021-06-11 10:50:00,20.55,20.75,20.25,20.7,6300,496525,20.16,20.6,20.75
3856,2021-06-11 10:51:00,20.75,20.75,20.3,20.65,9475,496525,20.17,20.5,20.65
3857,2021-06-11 10:52:00,20.65,20.95,20.6,20.75,6450,496525,20.17,20.65,20.8
3858,2021-06-11 10:53:00,20.65,21.15,20.2,20.3,10350,493725,20.17,20.3,20.4
3859,2021-06-11 10:54:00,20.4,20.5,20.0,20.3,18725,493725,20.17,20.25,20.4
3860,2021-06-11 10:55:00,20.35,20.55,20.15,20.15,1600,493725,20.17,20.1,20.2
3861,2021-06-11 10:56:00,20.15,20.3,20.15,20.2,2200,506150,20.17,20.15,20.25
3862,2021-06-11 10:57:00,20.2,20.35,19.9,20.35,5900,506150,20.17,20.3,20.35
3863,2021-06-11 10:58:00,20.4,20.4,20.15,20.25,825,506150,20.17,20.2,20.3
3864,2021-06-11 10:59:00,20.25,20.4,19.9,20.0,2450,508850,20.17,20.0,20.05
3865,2021-06-11 11:00:00,20.0,20.35,19.9,20.25,8350,508850,20.17,20.1,20.2
3866,2021-06-11 11:01:00,20.1,20.9,20.1,20.6,8400,508850,20.17,20.55,20.65
3867,2021-06-11 11:02:00,20.6,20.75,20.4,20.4,5675,506650,20.18,20.3,20.4
3868,2021-06-11 11:03:00,20.35,20.45,20.15,20.4,1700,506650,20.18,20.25,20.4
3869,2021-06-11 11:04:00,20.5,20.55,20.2,20.2,3925,506650,20.18,20.2,20.3
3870,2021-06-11 11:05:00,20.15,20.4,20.1,20.25,6925,509300,20.18,20.15,20.3
3871,2021-06-11 11:06:00,20.3,20.35,20.0,20.15,3500,509300,20.18,20.05,20.15
3872,2021-06-11 11:07:00,20.05,20.15,20.0,20.15,850,509300,20.18,20.0,20.15
3873,2021-06-11 11:08:00,20.15,20.15,19.8,19.8,18400,519575,20.17,19.8,19.85
3874,2021-06-11 11:09:00,19.85,20.35,19.75,20.1,6400,519575,20.17,20.05,20.2
3875,2021-06-11 11:10:00,20.15,20.7,20.05,20.5,9075,519575,20.17,20.4,20.55
3876,2021-06-11 11:11:00,20.4,21.6,20.15,21.1,15875,513000,20.18,21.05,21.2
3877,2021-06-11 11:12:00,21.15,21.65,20.45,20.7,13025,513000,20.19,20.55,20.7
3878,2021-06-11 11:13:00,20.7,21.15,20.55,20.75,14925,513000,20.2,20.65,20.75
3879,2021-06-11 11:14:00,20.7,21.0,20.7,20.9,15225,518125,20.2,20.9,21.0
3880,2021-06-11 11:15:00,21.0,29.25,20.95,26.25,129875,518125,20.68,26.25,26.3
3881,2021-06-11 11:16:00,26.1,26.45,23.35,24.5,54100,518125,20.84,24.35,24.45
3882,2021-06-11 11:17:00,24.25,24.4,22.45,22.45,57250,528825,20.93,22.4,22.55
3883,2021-06-11 11:18:00,22.25,23.55,21.75,23.0,23300,528825,20.96,22.9,23.0
3884,2021-06-11 11:19:00,22.9,23.6,22.7,23.1,24200,528825,20.99,22.95,23.1
3885,2021-06-11 11:20:00,23.1,23.8,22.5,23.3,21250,550050,21.02,23.1,23.3
3886,2021-06-11 11:21:00,23.35,23.95,23.2,23.3,12625,550050,21.04,23.3,23.45
3887,2021-06-11 11:22:00,23.45,23.75,23.25,23.5,5400,550050,21.04,23.5,23.65
3888,2021-06-11 11:23:00,23.6,24.55,23.6,24.15,13750,558500,21.07,24.0,24.15
3889,2021-06-11 11:24:00,24.1,25.35,23.9,25.1,16575,558500,21.1,25.1,25.25
3890,2021-06-11 11:25:00,25.15,25.8,24.3,24.4,18150,558500,21.14,24.5,24.6
3891,2021-06-11 11:26:00,24.85,24.85,24.05,24.25,11000,551675,21.16,24.1,24.25
3892,2021-06-11 11:27:00,24.0,25.25,24.0,25.05,10750,551675,21.18,24.95,25.1
3893,2021-06-11 11:28:00,25.25,25.75,24.6,24.8,18875,551675,21.23,24.8,24.9
3894,2021-06-11 11:29:00,25.0,26.35,25.0,26.3,19125,558750,21.27,26.25,26.35
3895,2021-06-11 11:30:00,26.55,26.65,24.45,25.25,22925,558750,21.32,25.25,25.4
3896,2021-06-11 11:31:00,25.5,26.2,24.7,25.0,27775,558750,21.38,25.0,25.05
3897,2021-06-11 11:32:00,25.1,26.8,25.0,26.55,25325,573375,21.44,26.55,26.65
3898,2021-06-11 11:33:00,26.6,27.8,26.55,26.65,21725,573375,21.5,26.75,26.9
3899,2021-06-11 11:34:00,26.75,26.95,25.85,26.45,9225,573375,21.52,26.35,26.5
3900,2021-06-11 11:35:00,26.5,27.2,25.95,26.55,28125,589700,21.6,26.4,26.5
3901,2021-06-11 11:36:00,26.5,26.6,24.95,25.4,22675,589700,21.64,25.3,25.4
3902,2021-06-11 11:37:00,25.45,25.9,24.8,25.8,10775,589700,21.66,25.75,25.85
3903,2021-06-11 11:38:00,25.85,25.85,24.5,24.5,16275,597025,21.69,24.4,24.5
3904,2021-06-11 11:39:00,24.3,25.15,24.1,25.05,9125,597025,21.7,25.0,25.1
3905,2021-06-11 11:40:00,25.0,25.05,24.65,24.8,5425,597025,21.71,24.75,24.85
3906,2021-06-11 11:41:00,24.85,25.0,24.7,24.75,6750,598375,21.72,24.7,24.85
3907,2021-06-11 11:42:00,24.8,25.55,24.75,25.1,6075,598375,21.73,25.15,25.3
3908,2021-06-11 11:43:00,25.15,25.3,24.75,25.0,15150,598375,21.76,24.9,25.0
3909,2021-06-11 11:44:00,25.0,25.0,23.8,24.1,44275,587200,21.81,24.0,24.1
3910,2021-06-11 11:45:00,24.0,24.75,23.8,24.75,14475,587200,21.83,24.65,24.8
3911,2021-06-11 11:46:00,25.0,25.0,24.25,24.3,6100,587200,21.83,24.3,24.45
3912,2021-06-11 11:47:00,24.3,24.9,24.3,24.7,9075,587750,21.85,24.65,24.7
3913,2021-06-11 11:48:00,24.7,25.0,24.6,24.6,7850,587750,21.86,24.5,24.6
3914,2021-06-11 11:49:00,24.45,24.75,24.4,24.75,4950,587750,21.86,24.65,24.75
3915,2021-06-11 11:50:00,24.85,25.1,24.75,24.85,7050,589900,21.87,24.75,24.9
3916,2021-06-11 11:51:00,24.85,25.3,24.6,25.15,10700,589900,21.89,25.2,25.25
3917,2021-06-11 11:52:00,25.15,25.5,24.35,24.5,7250,589900,21.9,24.35,24.5
3918,2021-06-11 11:53:00,24.3,24.7,24.15,24.3,5125,594300,21.9,24.25,24.4
3919,2021-06-11 11:54:00,24.25,24.6,23.85,24.6,19050,594300,21.92,24.25,24.35
3920,2021-06-11 11:55:00,24.25,24.35,23.35,23.5,15875,594300,21.94,23.35,23.5
3921,2021-06-11 11:56:00,23.55,23.75,23.2,23.75,13225,580275,21.94,23.65,23.75
3922,2021-06-11 11:57:00,23.65,23.65,22.85,23.4,9750,580275,21.95,23.35,23.55
3923,2021-06-11 11:58:00,23.45,23.5,23.05,23.25,6450,580275,21.95,23.15,23.25
3924,2021-06-11 11:59:00,23.25,23.6,23.0,23.35,7450,580275,21.96,23.35,23.5
3925,2021-06-11 12:00:00,23.35,23.65,23.25,23.45,7725,582300,21.96,23.5,23.6
3926,2021-06-11 12:01:00,23.4,23.75,23.15,23.6,4175,582300,21.97,23.45,23.6
3927,2021-06-11 12:02:00,23.55,23.6,23.15,23.3,2025,582300,21.97,23.2,23.35
3928,2021-06-11 12:03:00,23.25,23.65,23.05,23.35,5650,582575,21.97,23.35,23.4
3929,2021-06-11 12:04:00,23.4,23.4,22.8,22.9,4025,582575,21.97,22.9,23.05
3930,2021-06-11 12:05:00,22.9,23.2,22.25,23.0,15250,582575,21.98,23.05,23.2
3931,2021-06-11 12:06:00,23.0,23.1,22.6,22.6,5450,586150,21.98,22.65,22.75
3932,2021-06-11 12:07:00,22.65,23.15,22.65,22.9,3550,586150,21.98,22.8,22.85
3933,2021-06-11 12:08:00,22.75,23.25,22.75,23.25,8875,586150,21.99,23.25,23.3
3934,2021-06-11 12:09:00,23.35,23.75,23.0,23.75,8375,583675,21.99,23.7,23.8
3935,2021-06-11 12:10:00,23.8,27.55,23.4,27.55,45500,583675,22.06,27.55,27.65
3936,2021-06-11 12:11:00,27.2,32.8,27.2,29.15,88550,583675,22.33,29.15,29.2
3937,2021-06-11 12:12:00,29.5,31.1,28.4,29.2,37375,586075,22.44,29.15,29.25
3938,2021-06-11 12:13:00,29.15,29.45,28.1,28.75,39475,586075,22.54,28.65,28.8
3939,2021-06-11 12:14:00,28.45,28.7,27.45,28.55,45225,586075,22.64,28.55,28.65
3940,2021-06-11 12:15:00,28.6,29.75,27.0,28.2,45375,591475,22.73,28.0,28.2
3941,2021-06-11 12:16:00,28.0,28.25,27.15,28.15,15275,591475,22.76,28.05,28.2
3942,2021-06-11 12:17:00,27.95,27.95,26.15,26.4,34950,591475,22.82,26.5,26.65
3943,2021-06-11 12:18:00,26.8,28.0,26.8,28.0,12950,597075,22.84,27.95,28.0
3944,2021-06-11 12:19:00,27.9,28.5,27.55,27.6,13450,597075,22.86,27.6,27.8
3945,2021-06-11 12:20:00,27.75,28.0,27.0,27.7,8375,597075,22.88,27.7,27.9
3946,2021-06-11 12:21:00,27.55,28.05,27.15,28.0,9275,592525,22.9,28.0,28.1
3947,2021-06-11 12:22:00,28.05,28.4,27.25,28.1,13375,592525,22.92,27.9,27.95
3948,2021-06-11 12:23:00,28.0,28.65,27.65,28.5,5825,592525,22.93,28.45,28.6
3949,2021-06-11 12:24:00,28.55,28.7,28.05,28.7,14825,589150,22.96,28.6,28.75
3950,2021-06-11 12:25:00,28.7,29.15,28.25,28.85,21350,589150,23.01,28.85,29.0
3951,2021-06-11 12:26:00,29.2,29.65,28.75,28.75,5350,589150,23.02,28.75,28.9
3952,2021-06-11 12:27:00,28.95,28.95,28.0,28.1,17975,587950,23.05,28.1,28.25
3953,2021-06-11 12:28:00,28.2,28.65,27.75,28.0,6775,587950,23.07,28.1,28.2
3954,2021-06-11 12:29:00,28.15,28.25,27.7,28.1,13325,587950,23.09,27.9,28.1
3955,2021-06-11 12:30:00,28.1,28.1,27.2,27.3,5175,583650,23.1,27.1,27.25
3956,2021-06-11 12:31:00,27.05,27.75,26.95,26.95,8100,583650,23.11,26.95,27.1
3957,2021-06-11 12:32:00,27.1,27.1,26.0,26.25,20425,583650,23.13,26.15,26.3
3958,2021-06-11 12:33:00,26.1,26.55,26.0,26.2,7625,591225,23.14,26.2,26.35
3959,2021-06-11 12:34:00,26.4,27.35,26.35,27.15,7200,591225,23.15,27.1,27.3
3960,2021-06-11 12:35:00,27.2,27.55,26.7,27.05,8075,591225,23.16,27.1,27.25
3961,2021-06-11 12:36:00,27.0,27.2,26.35,26.75,8225,587150,23.17,26.75,26.9
3962,2021-06-11 12:37:00,26.65,26.85,26.35,26.65,1575,587150,23.18,26.45,26.6
3963,2021-06-11 12:38:00,26.6,27.05,26.6,26.6,3300,587150,23.18,26.6,26.75
3964,2021-06-11 12:39:00,26.55,26.85,26.3,26.8,6300,590675,23.19,26.65,26.8
3965,2021-06-11 12:40:00,26.8,26.9,26.4,26.5,3925,590675,23.19,26.4,26.6
3966,2021-06-11 12:41:00,26.55,26.65,26.05,26.1,4175,590675,23.2,26.0,26.05
3967,2021-06-11 12:42:00,26.2,26.2,25.6,26.0,2275,585750,23.2,25.95,26.05
3968,2021-06-11 12:43:00,25.85,25.9,25.25,25.75,5825,585750,23.2,25.7,25.8
3969,2021-06-11 12:44:00,25.75,25.85,24.5,24.75,14950,585750,23.21,24.65,24.85
3970,2021-06-11 12:45:00,24.55,24.95,23.95,24.15,16800,582050,23.22,24.05,24.15
3971,2021-06-11 12:46:00,24.05,24.35,23.5,24.3,10300,582050,23.22,24.15,24.25
3972,2021-06-11 12:47:00,24.1,24.35,23.55,23.95,5750,582050,23.22,23.85,23.95
3973,2021-06-11 12:48:00,23.95,23.95,22.9,23.25,4325,578325,23.22,23.3,23.45
3974,2021-06-11 12:49:00,23.4,23.55,22.7,22.85,5575,578325,23.22,22.85,22.95
3975,2021-06-11 12:50:00,22.95,23.1,22.5,22.85,6575,578325,23.22,22.8,22.9
3976,2021-06-11 12:51:00,22.8,23.55,22.8,23.4,5450,577625,23.22,23.25,23.35
3977,2021-06-11 12:52:00,23.2,23.7,22.95,23.6,6075,577625,23.22,23.6,23.7
3978,2021-06-11 12:53:00,23.6,23.6,22.75,22.95,3875,577625,23.22,22.95,23.05
3979,2021-06-11 12:54:00,22.95,23.3,22.85,23.15,4225,578850,23.22,23.1,23.25
3980,2021-06-11 12:55:00,23.15,23.15,22.85,23.05,4000,578850,23.22,23.05,23.15
3981,2021-06-11 12:56:00,23.05,23.05,22.5,22.7,3875,578850,23.22,22.65,22.75
3982,2021-06-11 12:57:00,22.7,22.85,21.5,21.7,15725,580525,23.21,21.6,21.75
3983,2021-06-11 12:58:00,21.6,22.05,21.15,21.4,12150,580525,23.21,21.25,21.35
3984,2021-06-11 12:59:00,21.25,21.35,20.85,21.35,13675,580525,23.2,21.3,21.4
3985,2021-06-11 13:00:00,21.35,21.85,21.3,21.8,10350,579075,23.19,21.8,21.9
3986,2021-06-11 13:01:00,21.8,23.55,21.8,23.45,24450,579075,23.19,23.35,23.5
3987,2021-06-11 13:02:00,23.4,24.15,23.4,23.85,13650,579075,23.19,23.75,23.9
3988,2021-06-11 13:03:00,23.75,23.95,23.15,23.95,7700,593050,23.19,23.9,24.0
3989,2021-06-11 13:04:00,24.0,24.0,23.55,23.75,1750,593050,23.19,23.75,23.9
3990,2021-06-11 13:05:00,23.75,23.9,23.1,23.5,3425,593050,23.19,23.3,23.45
3991,2021-06-11 13:06:00,23.4,23.6,22.55,23.2,4050,591725,23.19,23.15,23.3
3992,2021-06-11 13:07:00,23.2,23.55,23.0,23.0,5925,591725,23.19,23.0,23.2
3993,2021-06-11 13:08:00,23.15,23.2,22.75,23.15,2125,591725,23.19,23.15,23.3
3994,2021-06-11 13:09:00,23.35,23.35,22.9,22.95,2950,591100,23.19,22.95,23.05
3995,2021-06-11 13:10:00,22.9,23.1,22.3,22.6,2875,591100,23.19,22.55,22.65
3996,2021-06-11 13:11:00,22.65,22.95,21.65,22.05,7200,591100,23.19,22.15,22.25
3997,2021-06-11 13:12:00,22.25,22.55,21.85,22.25,5450,591975,23.19,22.05,22.2
3998,2021-06-11 13:13:00,21.6,22.15,21.6,22.0,6000,591975,23.18,22.0,22.15
3999,2021-06-11 13:14:00,22.1,22.2,21.7,22.1,3625,591975,23.18,21.85,21.95
4000,2021-06-11 13:15:00,21.45,22.2,21.45,21.8,8650,592225,23.18,21.75,21.9
4001,2021-06-11 13:16:00,21.8,22.8,21.8,22.8,5350,592225,23.18,22.6,22.7
4002,2021-06-11 13:17:00,22.65,22.8,22.4,22.7,12700,592225,23.18,22.7,22.85
4003,2021-06-11 13:18:00,22.75,22.85,22.5,22.8,4125,596900,23.17,22.8,22.85
4004,2021-06-11 13:19:00,22.8,23.0,22.5,22.6,4375,596900,23.17,22.6,22.7
4005,2021-06-11 13:20:00,22.7,23.05,22.4,22.85,5625,596900,23.17,22.8,22.85
4006,2021-06-11 13:21:00,22.75,23.75,22.55,23.75,8100,595725,23.17,23.65,23.75
4007,2021-06-11 13:22:00,23.85,24.7,23.6,24.5,14925,595725,23.18,24.5,24.6
4008,2021-06-11 13:23:00,24.55,24.95,24.1,24.75,16050,595725,23.19,24.65,24.75
4009,2021-06-11 13:24:00,24.65,24.8,24.0,24.2,8750,594525,23.19,24.05,24.2
4010,2021-06-11 13:25:00,24.15,24.7,24.05,24.35,7200,594525,23.19,24.3,24.45
4011,2021-06-11 13:26:00,24.5,24.9,24.35,24.4,5075,594525,23.19,24.35,24.45
4012,2021-06-11 13:27:00,24.4,24.65,23.85,24.65,5850,599650,23.19,24.55,24.7
4013,2021-06-11 13:28:00,24.85,25.65,24.5,24.7,15825,599650,23.2,24.7,24.9
4014,2021-06-11 13:29:00,24.9,25.6,24.6,25.6,11125,599650,23.21,25.55,25.75
4015,2021-06-11 13:30:00,25.45,25.75,25.15,25.2,5775,588675,23.21,25.05,25.15
4016,2021-06-11 13:31:00,25.0,25.5,24.3,25.05,4625,588675,23.22,24.9,25.05
4017,2021-06-11 13:32:00,24.8,24.8,24.0,24.15,7600,588675,23.22,24.15,24.3
4018,2021-06-11 13:33:00,24.35,24.4,23.65,23.65,8200,589025,23.22,23.7,23.8
4019,2021-06-11 13:34:00,23.85,23.95,23.15,23.2,10100,589025,23.22,23.2,23.3
4020,2021-06-11 13:35:00,23.4,23.9,23.2,23.3,2725,589025,23.22,23.25,23.35
4021,2021-06-11 13:36:00,23.3,23.35,23.0,23.25,8750,588450,23.22,23.25,23.4
4022,2021-06-11 13:37:00,23.2,23.6,23.15,23.35,4950,588450,23.22,23.35,23.5
4023,2021-06-11 13:38:00,23.5,23.5,23.1,23.3,3875,588450,23.22,23.3,23.45
4024,2021-06-11 13:39:00,23.4,24.1,23.4,23.7,10800,591800,23.22,23.65,23.8
4025,2021-06-11 13:40:00,23.7,24.05,23.0,23.6,15400,591800,23.23,23.65,23.75
4026,2021-06-11 13:41:00,23.65,23.7,22.95,23.4,5250,591800,23.23,23.35,23.5
4027,2021-06-11 13:42:00,23.5,23.85,23.25,23.25,4025,595450,23.23,23.15,23.3
4028,2021-06-11 13:43:00,23.2,25.15,23.2,24.15,7975,595450,23.23,24.0,24.1
4029,2021-06-11 13:44:00,24.15,24.75,23.65,23.85,4625,595450,23.23,23.65,23.8
4030,2021-06-11 13:45:00,23.45,23.45,22.7,22.7,6950,598925,23.23,22.8,22.95
4031,2021-06-11 13:46:00,22.75,23.2,21.9,23.0,8100,598925,23.23,23.05,23.15
4032,2021-06-11 13:47:00,23.2,23.6,22.95,23.05,2625,598925,23.23,22.95,23.1
4033,2021-06-11 13:48:00,23.1,23.15,22.65,22.9,3600,596575,23.23,22.95,23.0
4034,2021-06-11 13:49:00,23.0,23.0,22.7,23.0,1575,596575,23.23,23.0,23.1
4035,2021-06-11 13:50:00,22.95,23.0,22.25,22.7,1300,596575,23.23,22.7,22.8
4036,2021-06-11 13:51:00,22.7,23.35,22.65,22.9,3750,594250,23.23,22.75,22.85
4037,2021-06-11 13:52:00,22.7,22.85,22.55,22.8,5675,594250,23.23,22.75,22.9
4038,2021-06-11 13:53:00,22.8,22.95,22.5,22.75,2475,594250,23.23,22.75,22.85
4039,2021-06-11 13:54:00,22.75,23.1,22.6,22.75,2225,595375,23.23,22.75,22.85
4040,2021-06-11 13:55:00,22.8,23.35,22.6,23.1,3500,595375,23.23,23.0,23.15
4041,2021-06-11 13:56:00,23.05,23.65,23.0,23.0,4100,595375,23.23,23.0,23.1
4042,2021-06-11 13:57:00,23.0,23.35,22.65,23.35,4325,595925,23.22,23.2,23.3
4043,2021-06-11 13:58:00,23.4,23.5,22.9,23.0,2000,595925,23.22,22.9,23.05
4044,2021-06-11 13:59:00,22.9,23.35,22.85,22.95,5450,595925,23.22,22.95,23.05
4045,2021-06-11 14:00:00,22.85,23.1,22.5,22.6,6975,596175,23.22,22.7,22.8
4046,2021-06-11 14:01:00,22.7,22.7,21.3,21.85,12700,596175,23.22,21.85,22.0
4047,2021-06-11 14:02:00,21.8,22.05,21.4,22.0,4475,596175,23.22,21.85,21.95
4048,2021-06-11 14:03:00,21.9,21.95,21.5,21.6,3925,594525,23.22,21.6,21.7
4049,2021-06-11 14:04:00,21.7,22.25,21.65,22.05,2775,594525,23.21,21.9,22.05
4050,2021-06-11 14:05:00,22.05,22.05,20.75,21.45,11975,594525,23.21,21.35,21.5
4051,2021-06-11 14:06:00,21.5,21.7,20.65,20.75,9275,595850,23.2,20.7,20.85
4052,2021-06-11 14:07:00,20.85,21.1,20.6,20.7,6625,595850,23.2,20.7,20.8
4053,2021-06-11 14:08:00,20.75,21.15,20.5,20.5,6750,595850,23.19,20.5,20.6
4054,2021-06-11 14:09:00,20.75,20.95,18.85,18.95,36250,595400,23.16,18.95,19.0
4055,2021-06-11 14:10:00,19.1,19.3,18.9,19.0,20425,595400,23.13,18.95,19.05
4056,2021-06-11 14:11:00,19.0,19.25,18.4,18.9,33375,595400,23.09,18.85,18.95
4057,2021-06-11 14:12:00,18.8,19.0,18.8,18.85,11100,593200,23.08,18.8,18.9
4058,2021-06-11 14:13:00,18.85,19.15,18.45,18.65,13575,593200,23.06,18.5,18.6
4059,2021-06-11 14:14:00,18.5,18.75,18.4,18.7,7125,593200,23.06,18.65,18.75
4060,2021-06-11 14:15:00,18.7,19.15,18.55,19.0,29950,590950,23.02,18.95,19.1
4061,2021-06-11 14:16:00,19.0,19.15,18.75,18.75,9525,590950,23.01,18.7,18.8
4062,2021-06-11 14:17:00,18.8,19.3,18.8,19.25,13425,590950,23.0,19.15,19.25
4063,2021-06-11 14:18:00,19.15,19.25,18.95,19.15,11700,592400,22.98,19.1,19.15
4064,2021-06-11 14:19:00,19.15,19.45,18.95,19.45,12200,592400,22.97,19.35,19.5
4065,2021-06-11 14:20:00,19.5,20.15,19.2,19.7,18125,592400,22.95,19.55,19.7
4066,2021-06-11 14:21:00,19.6,19.9,19.5,19.75,10900,604225,22.95,19.7,19.8
4067,2021-06-11 14:22:00,19.85,19.9,19.1,19.1,8525,604225,22.94,19.15,19.25
4068,2021-06-11 14:23:00,19.25,19.55,19.1,19.1,10800,604225,22.93,19.0,19.1
4069,2021-06-11 14:24:00,19.05,19.35,19.05,19.35,1850,613750,22.93,19.2,19.35
4070,2021-06-11 14:25:00,19.25,19.25,18.9,19.1,5625,613750,22.92,19.0,19.1
4071,2021-06-11 14:26:00,19.05,19.15,18.7,18.75,4350,613750,22.92,18.7,18.8
4072,2021-06-11 14:27:00,18.65,18.75,18.15,18.55,13425,615600,22.9,18.45,18.55
4073,2021-06-11 14:28:00,18.3,18.45,17.45,17.55,40800,615600,22.85,17.55,17.6
4074,2021-06-11 14:29:00,17.55,17.7,17.25,17.4,17350,615600,22.82,17.4,17.5
4075,2021-06-11 14:30:00,17.4,17.75,17.15,17.55,19325,625425,22.8,17.55,17.6
4076,2021-06-11 14:31:00,17.6,17.8,17.5,17.65,11050,625425,22.78,17.55,17.65
4077,2021-06-11 14:32:00,17.65,17.7,17.5,17.6,4350,625425,22.77,17.55,17.6
4078,2021-06-11 14:33:00,17.6,17.9,17.55,17.8,10625,622125,22.76,17.75,17.85
4079,2021-06-11 14:34:00,17.75,18.2,17.7,18.2,6050,622125,22.75,18.2,18.3
4080,2021-06-11 14:35:00,18.25,18.6,18.05,18.6,6750,622125,22.75,18.6,18.65
4081,2021-06-11 14:36:00,18.6,19.05,18.45,18.9,16525,618575,22.73,18.8,18.85
4082,2021-06-11 14:37:00,18.8,18.8,18.05,18.05,12400,618575,22.72,18.05,18.1
4083,2021-06-11 14:38:00,18.05,18.1,17.25,17.35,15850,618575,22.69,17.25,17.3
4084,2021-06-11 14:39:00,17.25,17.5,17.15,17.4,6150,618725,22.69,17.25,17.35
4085,2021-06-11 14:40:00,17.35,17.75,17.3,17.75,5100,618725,22.68,17.65,17.75
4086,2021-06-11 14:41:00,17.75,17.8,17.4,17.55,5600,618725,22.67,17.5,17.6
4087,2021-06-11 14:42:00,17.6,17.7,17.45,17.5,6275,617825,22.66,17.5,17.6
4088,2021-06-11 14:43:00,17.6,17.6,17.3,17.35,6525,617825,22.66,17.35,17.45
4089,2021-06-11 14:44:00,17.35,17.6,17.25,17.55,17375,617825,22.63,17.55,17.6
4090,2021-06-11 14:45:00,17.55,17.85,17.5,17.5,7425,617750,22.62,17.5,17.6
4091,2021-06-11 14:46:00,17.6,17.75,17.45,17.65,5000,617750,22.62,17.65,17.7
4092,2021-06-11 14:47:00,17.65,17.65,17.5,17.55,6925,617750,22.61,17.55,17.6
4093,2021-06-11 14:48:00,17.5,17.6,17.3,17.55,7550,617875,22.6,17.55,17.65
4094,2021-06-11 14:49:00,17.6,17.75,17.5,17.6,8875,617875,22.59,17.6,17.7
4095,2021-06-11 14:50:00,17.6,17.65,17.3,17.5,8200,617875,22.58,17.4,17.45
4096,2021-06-11 14:51:00,17.45,18.15,17.25,18.0,14075,621400,22.56,17.95,18.05
4097,2021-06-11 14:52:00,18.05,18.6,18.05,18.15,16575,621400,22.54,18.1,18.2
4098,2021-06-11 14:53:00,18.1,18.1,17.4,17.55,13150,621400,22.53,17.55,17.6
4099,2021-06-11 14:54:00,17.5,17.5,17.2,17.3,9200,630100,22.52,17.3,17.4
4100,2021-06-11 14:55:00,17.3,17.7,17.2,17.6,15150,630100,22.5,17.5,17.6
4101,2021-06-11 14:56:00,17.55,17.7,17.25,17.45,7650,630100,22.49,17.35,17.45
4102,2021-06-11 14:57:00,17.4,18.3,17.4,17.5,6825,631450,22.48,17.45,17.5
4103,2021-06-11 14:58:00,17.65,17.7,17.3,17.3,8850,631450,22.47,17.2,17.3
4104,2021-06-11 14:59:00,17.2,17.4,17.1,17.4,11000,631450,22.46,17.4,17.5
4105,2021-06-11 15:00:00,17.35,17.75,17.3,17.55,14725,630325,22.44,17.5,17.6
4106,2021-06-11 15:01:00,17.5,17.8,17.15,17.8,12250,630325,22.42,17.7,17.8
4107,2021-06-11 15:02:00,17.8,17.85,17.55,17.7,7225,630325,22.42,17.6,17.7
4108,2021-06-11 15:03:00,17.75,17.75,17.3,17.4,6075,637175,22.41,17.35,17.45
4109,2021-06-11 15:04:00,17.35,17.55,16.9,16.9,13600,637175,22.39,16.95,17.05
4110,2021-06-11 15:05:00,17.0,17.25,16.8,17.05,11950,637175,22.38,17.05,17.15
4111,2021-06-11 15:06:00,17.0,17.35,17.0,17.15,12550,648700,22.36,17.2,17.25
4112,2021-06-11 15:07:00,17.2,17.4,17.0,17.2,9800,648700,22.35,17.15,17.3
4113,2021-06-11 15:08:00,17.35,17.95,17.15,17.8,19525,648700,22.33,17.75,17.85
4114,2021-06-11 15:09:00,17.75,17.8,17.55,17.65,16150,646525,22.31,17.65,17.75
4115,2021-06-11 15:10:00,17.7,17.7,17.15,17.4,33750,646525,22.27,17.3,17.35
4116,2021-06-11 15:11:00,17.3,17.4,16.7,16.9,25925,646525,22.24,16.8,16.85
4117,2021-06-11 15:12:00,16.85,17.0,16.75,16.85,8425,676425,22.23,16.85,16.9
4118,2021-06-11 15:13:00,16.85,17.0,16.75,16.95,13475,676425,22.21,16.85,17.0
4119,2021-06-11 15:14:00,17.0,17.0,16.8,16.9,8300,676425,22.2,16.9,16.95
4120,2021-06-11 15:15:00,16.9,16.95,16.75,16.8,6075,674850,22.19,16.85,16.95
4121,2021-06-11 15:16:00,16.85,17.0,16.85,16.9,5950,674850,22.19,16.9,16.95
4122,2021-06-11 15:17:00,16.9,16.95,16.75,16.8,5100,674850,22.18,16.75,16.8
4123,2021-06-11 15:18:00,16.75,16.8,16.5,16.6,12375,671100,22.16,16.55,16.65
4124,2021-06-11 15:19:00,16.55,16.6,16.25,16.35,8775,671100,22.15,16.3,16.45
4125,2021-06-11 15:20:00,16.35,16.45,16.15,16.25,15450,671100,22.13,16.25,16.3
4126,2021-06-11 15:21:00,16.3,16.6,16.25,16.6,18000,669175,22.11,16.5,16.6
4127,2021-06-11 15:22:00,16.55,16.65,16.05,16.2,37650,669175,22.06,16.15,16.25
4128,2021-06-11 15:23:00,16.3,16.3,15.8,16.1,48725,669175,21.99,16.0,16.1
4129,2021-06-11 15:24:00,15.95,16.2,15.95,16.15,20300,656975,21.97,16.1,16.15
4130,2021-06-11 15:25:00,16.25,16.25,16.0,16.1,43600,656975,21.91,16.0,16.1
4131,2021-06-11 15:26:00,16.0,16.2,15.85,16.1,21450,656975,21.88,16.1,16.15
4132,2021-06-11 15:27:00,16.1,16.25,16.05,16.15,21025,668200,21.86,16.1,16.25
4133,2021-06-11 15:28:00,16.25,16.5,16.1,16.5,29875,668200,21.82,16.4,16.55
4134,2021-06-11 15:29:00,16.25,16.5,16.1,16.5,29875,668200,21.82,16.4,16.55
4135,2021-06-11 15:30:00,16.5,16.7,16.2,16.6,37825,668200,21.78,16.5,16.6
4136,2021-06-12 09:15:00,16.5,16.7,16.2,16.6,37825,668200,21.78,16.5,16.6
4137,2021-06-12 09:16:00,16.5,16.7,16.2,16.6,37825,668200,21.78,16.5,16.6
4138,2021-06-12 09:17:00,16.5,16.7,16.2,16.6,37825,668200,21.78,16.5,16.6
4139,2021-06-12 09:18:00,16.5,16.7,16.2,16.6,37825,668200,21.78,16.5,16.6
4140,2021-06-12 09:19:00,16.5,16.7,16.2,16.6,37825,668200,21.78,16.5,16.6
4141,2021-06-12 09:20:00,16.5,16.7,16.2,16.6,37825,668200,21.78,16.5,16.6
4142,2021-06-12 09:21:00,16.5,16.7,16.2,16.6,37825,668200,21.78,16.5,16.6
4143,2021-06-12 09:22:00,16.5,16.7,16.2,16.6,37825,668200,21.78,16.5,16.6
4144,2021-06-12 09:23:00,16.5,16.7,16.2,16.6,37825,668200,21.78,16.5,16.6
4145,2021-06-12 09:24:00,16.5,16.7,16.2,16.6,37825,668200,21.78,16.5,16.6
4146,2021-06-12 09:25:00,16.5,16.7,16.2,16.6,37825,668200,21.78,16.5,16.6
4147,2021-06-12 09:26:00,16.5,16.7,16.2,16.6,37825,668200,21.78,16.5,16.6
4148,2021-06-12 09:27:00,16.5,16.7,16.2,16.6,37825,668200,21.78,16.5,16.6
4149,2021-06-12 09:28:00,16.5,16.7,16.2,16.6,37825,668200,21.78,16.5,16.6
4150,2021-06-12 09:29:00,16.5,16.7,16.2,16.6,37825,668200,21.78,16.5,16.6
4151,2021-06-12 09:30:00,16.5,16.7,16.2,16.6,37825,668200,21.78,16.5,16.6
4152,2021-06-12 09:31:00,16.5,16.7,16.2,16.6,37825,668200,21.78,16.5,16.6
4153,2021-06-12 09:32:00,16.5,16.7,16.2,16.6,37825,668200,21.78,16.5,16.6
4154,2021-06-12 09:33:00,16.5,16.7,16.2,16.6,37825,668200,21.78,16.5,16.6
4155,2021-06-12 09:34:00,16.5,16.7,16.2,16.6,37825,668200,21.78,16.5,16.6
4156,2021-06-12 09:35:00,16.5,16.7,16.2,16.6,37825,668200,21.78,16.5,16.6
4157,2021-06-12 09:36:00,16.5,16.7,16.2,16.6,37825,668200,21.78,16.5,16.6
4158,2021-06-12 09:37:00,16.5,16.7,16.2,16.6,37825,668200,21.78,16.5,16.6
4159,2021-06-12 09:38:00,16.5,16.7,16.2,16.6,37825,668200,21.78,16.5,16.6
4160,2021-06-12 09:39:00,16.5,16.7,16.2,16.6,37825,668200,21.78,16.5,16.6
4161,2021-06-12 09:40:00,16.5,16.7,16.2,16.6,37825,668200,21.78,16.5,16.6
4162,2021-06-12 09:41:00,16.5,16.7,16.2,16.6,37825,668200,21.78,16.5,16.6
4163,2021-06-12 09:42:00,16.5,16.7,16.2,16.6,37825,668200,21.78,16.5,16.6
4164,2021-06-12 09:43:00,16.5,16.7,16.2,16.6,37825,668200,21.78,16.5,16.6
4165,2021-06-12 09:44:00,16.5,16.7,16.2,16.6,37825,668200,21.78,16.5,16.6
4166,2021-06-12 09:45:00,16.5,16.7,16.2,16.6,37825,668200,21.78,16.5,16.6
4167,2021-06-12 09:46:00,16.5,16.7,16.2,16.6,37825,668200,21.78,16.5,16.6
4168,2021-06-12 09:47:00,16.5,16.7,16.2,16.6,37825,668200,21.78,16.5,16.6
4169,2021-06-12 09:48:00,16.5,16.7,16.2,16.6,37825,668200,21.78,16.5,16.6
4170,2021-06-12 09:49:00,16.5,16.7,16.2,16.6,37825,668200,21.78,16.5,16.6
4171,2021-06-12 09:50:00,16.5,16.7,16.2,16.6,37825,668200,21.78,16.5,16.6
4172,2021-06-12 09:51:00,16.5,16.7,16.2,16.6,37825,668200,21.78,16.5,16.6
4173,2021-06-12 09:52:00,16.5,16.7,16.2,16.6,37825,668200,21.78,16.5,16.6
4174,2021-06-12 09:53:00,16.5,16.7,16.2,16.6,37825,668200,21.78,16.5,16.6
4175,2021-06-12 09:54:00,16.5,16.7,16.2,16.6,37825,668200,21.78,16.5,16.6
4176,2021-06-12 09:55:00,16.5,16.7,16.2,16.6,37825,668200,21.78,16.5,16.6
4177,2021-06-12 09:56:00,16.5,16.7,16.2,16.6,37825,668200,21.78,16.5,16.6
4178,2021-06-12 09:57:00,16.5,16.7,16.2,16.6,37825,668200,21.78,16.5,16.6
4179,2021-06-12 09:58:00,16.5,16.7,16.2,16.6,37825,668200,21.78,16.5,16.6
4180,2021-06-12 09:59:00,16.5,16.7,16.2,16.6,37825,668200,21.78,16.5,16.6
4181,2021-06-12 10:00:00,16.5,16.7,16.2,16.6,37825,668200,21.78,16.5,16.6
4182,2021-06-12 10:01:00,16.5,16.7,16.2,16.6,37825,668200,21.78,16.5,16.6
4183,2021-06-12 10:02:00,16.5,16.7,16.2,16.6,37825,668200,21.78,16.5,16.6
4184,2021-06-12 10:03:00,16.5,16.7,16.2,16.6,37825,668200,21.78,16.5,16.6
4185,2021-06-12 10:04:00,16.5,16.7,16.2,16.6,37825,668200,21.78,16.5,16.6
4186,2021-06-12 10:05:00,16.5,16.7,16.2,16.6,37825,668200,21.78,16.5,16.6
4187,2021-06-12 10:06:00,16.5,16.7,16.2,16.6,37825,668200,21.78,16.5,16.6
4188,2021-06-12 10:07:00,16.5,16.7,16.2,16.6,37825,668200,21.78,16.5,16.6
4189,2021-06-12 10:08:00,16.5,16.7,16.2,16.6,37825,668200,21.78,16.5,16.6
4190,2021-06-12 10:09:00,16.5,16.7,16.2,16.6,37825,668200,21.78,16.5,16.6
4191,2021-06-12 10:10:00,16.5,16.7,16.2,16.6,37825,668200,21.78,16.5,16.6
4192,2021-06-12 10:11:00,16.5,16.7,16.2,16.6,37825,668200,21.78,16.5,16.6
4193,2021-06-12 10:12:00,16.5,16.7,16.2,16.6,37825,668200,21.78,16.5,16.6
4194,2021-06-12 10:13:00,16.5,16.7,16.2,16.6,37825,668200,21.78,16.5,16.6
4195,2021-06-12 10:14:00,16.5,16.7,16.2,16.6,37825,668200,21.78,16.5,16.6
4196,2021-06-12 10:15:00,16.5,16.7,16.2,16.6,37825,668200,21.78,16.5,16.6
4197,2021-06-12 10:16:00,16.5,16.7,16.2,16.6,37825,668200,21.78,16.5,16.6
4198,2021-06-12 10:17:00,16.5,16.7,16.2,16.6,37825,668200,21.78,16.5,16.6
4199,2021-06-12 10:18:00,16.5,16.7,16.2,16.6,37825,668200,21.78,16.5,16.6
4200,2021-06-12 10:19:00,16.5,16.7,16.2,16.6,37825,668200,21.78,16.5,16.6
4201,2021-06-12 10:20:00,16.5,16.7,16.2,16.6,37825,668200,21.78,16.5,16.6
4202,2021-06-12 10:21:00,16.5,16.7,16.2,16.6,37825,668200,21.78,16.5,16.6
4203,2021-06-12 10:22:00,16.5,16.7,16.2,16.6,37825,668200,21.78,16.5,16.6
4204,2021-06-12 10:23:00,16.5,16.7,16.2,16.6,37825,668200,21.78,16.5,16.6
4205,2021-06-12 10:24:00,16.5,16.7,16.2,16.6,37825,668200,21.78,16.5,16.6
4206,2021-06-12 10:25:00,16.5,16.7,16.2,16.6,37825,668200,21.78,16.5,16.6
4207,2021-06-12 10:26:00,16.5,16.7,16.2,16.6,37825,668200,21.78,16.5,16.6
4208,2021-06-12 10:27:00,16.5,16.7,16.2,16.6,37825,668200,21.78,16.5,16.6
4209,2021-06-12 10:28:00,16.5,16.7,16.2,16.6,37825,668200,21.78,16.5,16.6
4210,2021-06-12 10:29:00,16.5,16.7,16.2,16.6,37825,668200,21.78,16.5,16.6
4211,2021-06-12 10:30:00,16.5,16.7,16.2,16.6,37825,668200,21.78,16.5,16.6
4212,2021-06-12 10:31:00,16.5,16.7,16.2,16.6,37825,668200,21.78,16.5,16.6
4213,2021-06-12 10:32:00,16.5,16.7,16.2,16.6,37825,668200,21.78,16.5,16.6
4214,2021-06-12 10:33:00,16.5,16.7,16.2,16.6,37825,668200,21.78,16.5,16.6
4215,2021-06-12 10:34:00,16.5,16.7,16.2,16.6,37825,668200,21.78,16.5,16.6
4216,2021-06-12 10:35:00,16.5,16.7,16.2,16.6,37825,668200,21.78,16.5,16.6
4217,2021-06-12 10:36:00,16.5,16.7,16.2,16.6,37825,668200,21.78,16.5,16.6
4218,2021-06-12 10:37:00,16.5,16.7,16.2,16.6,37825,668200,21.78,16.5,16.6
4219,2021-06-12 10:38:00,16.5,16.7,16.2,16.6,37825,668200,21.78,16.5,16.6
4220,2021-06-12 10:39:00,16.5,16.7,16.2,16.6,37825,668200,21.78,16.5,16.6
4221,2021-06-12 10:40:00,16.5,16.7,16.2,16.6,37825,668200,21.78,16.5,16.6
4222,2021-06-12 10:41:00,16.5,16.7,16.2,16.6,37825,668200,21.78,16.5,16.6
4223,2021-06-12 10:42:00,16.5,16.7,16.2,16.6,37825,668200,21.78,16.5,16.6
4224,2021-06-12 10:43:00,16.5,16.7,16.2,16.6,37825,668200,21.78,16.5,16.6
4225,2021-06-12 10:44:00,16.5,16.7,16.2,16.6,37825,668200,21.78,16.5,16.6
4226,2021-06-12 10:45:00,16.5,16.7,16.2,16.6,37825,668200,21.78,16.5,16.6
4227,2021-06-12 10:46:00,16.5,16.7,16.2,16.6,37825,668200,21.78,16.5,16.6
4228,2021-06-12 10:47:00,16.5,16.7,16.2,16.6,37825,668200,21.78,16.5,16.6
4229,2021-06-12 10:48:00,16.5,16.7,16.2,16.6,37825,668200,21.78,16.5,16.6
4230,2021-06-12 10:49:00,16.5,16.7,16.2,16.6,37825,668200,21.78,16.5,16.6
4231,2021-06-12 10:50:00,16.5,16.7,16.2,16.6,37825,668200,21.78,16.5,16.6
4232,2021-06-12 10:51:00,16.5,16.7,16.2,16.6,37825,668200,21.78,16.5,16.6
4233,2021-06-12 10:52:00,16.5,16.7,16.2,16.6,37825,668200,21.78,16.5,16.6
4234,2021-06-12 10:53:00,16.5,16.7,16.2,16.6,37825,668200,21.78,16.5,16.6
4235,2021-06-12 10:54:00,16.5,16.7,16.2,16.6,37825,668200,21.78,16.5,16.6
4236,2021-06-12 10:55:00,16.5,16.7,16.2,16.6,37825,668200,21.78,16.5,16.6
4237,2021-06-12 10:56:00,16.5,16.7,16.2,16.6,37825,668200,21.78,16.5,16.6
4238,2021-06-12 10:57:00,16.5,16.7,16.2,16.6,37825,668200,21.78,16.5,16.6
4239,2021-06-12 10:58:00,16.5,16.7,16.2,16.6,37825,668200,21.78,16.5,16.6
4240,2021-06-12 10:59:00,16.5,16.7,16.2,16.6,37825,668200,21.78,16.5,16.6
4241,2021-06-12 11:00:00,16.5,16.7,16.2,16.6,37825,668200,21.78,16.5,16.6
4242,2021-06-12 11:01:00,16.5,16.7,16.2,16.6,37825,668200,21.78,16.5,16.6
4243,2021-06-12 11:02:00,16.5,16.7,16.2,16.6,37825,668200,21.78,16.5,16.6
4244,2021-06-12 11:03:00,16.5,16.7,16.2,16.6,37825,668200,21.78,16.5,16.6
4245,2021-06-12 11:04:00,16.5,16.7,16.2,16.6,37825,668200,21.78,16.5,16.6
4246,2021-06-12 11:05:00,16.5,16.7,16.2,16.6,37825,668200,21.78,16.5,16.6
4247,2021-06-12 11:06:00,16.5,16.7,16.2,16.6,37825,668200,21.78,16.5,16.6
4248,2021-06-12 11:07:00,16.5,16.7,16.2,16.6,37825,668200,21.78,16.5,16.6
4249,2021-06-12 11:08:00,16.5,16.7,16.2,16.6,37825,668200,21.78,16.5,16.6
4250,2021-06-12 11:09:00,16.5,16.7,16.2,16.6,37825,668200,21.78,16.5,16.6
4251,2021-06-12 11:10:00,16.5,16.7,16.2,16.6,37825,668200,21.78,16.5,16.6
4252,2021-06-12 11:11:00,16.5,16.7,16.2,16.6,37825,668200,21.78,16.5,16.6
4253,2021-06-12 11:12:00,16.5,16.7,16.2,16.6,37825,668200,21.78,16.5,16.6
4254,2021-06-12 11:13:00,16.5,16.7,16.2,16.6,37825,668200,21.78,16.5,16.6
4255,2021-06-12 11:14:00,16.5,16.7,16.2,16.6,37825,668200,21.78,16.5,16.6
4256,2021-06-12 11:15:00,16.5,16.7,16.2,16.6,37825,668200,21.78,16.5,16.6
4257,2021-06-12 11:16:00,16.5,16.7,16.2,16.6,37825,668200,21.78,16.5,16.6
4258,2021-06-12 11:17:00,16.5,16.7,16.2,16.6,37825,668200,21.78,16.5,16.6
4259,2021-06-12 11:18:00,16.5,16.7,16.2,16.6,37825,668200,21.78,16.5,16.6
4260,2021-06-12 11:19:00,16.5,16.7,16.2,16.6,37825,668200,21.78,16.5,16.6
4261,2021-06-12 11:20:00,16.5,16.7,16.2,16.6,37825,668200,21.78,16.5,16.6
4262,2021-06-12 11:21:00,16.5,16.7,16.2,16.6,37825,668200,21.78,16.5,16.6
4263,2021-06-12 11:22:00,16.5,16.7,16.2,16.6,37825,668200,21.78,16.5,16.6
4264,2021-06-12 11:23:00,16.5,16.7,16.2,16.6,37825,668200,21.78,16.5,16.6
4265,2021-06-12 11:24:00,16.5,16.7,16.2,16.6,37825,668200,21.78,16.5,16.6
4266,2021-06-12 11:25:00,16.5,16.7,16.2,16.6,37825,668200,21.78,16.5,16.6
4267,2021-06-12 11:26:00,16.5,16.7,16.2,16.6,37825,668200,21.78,16.5,16.6
4268,2021-06-12 11:27:00,16.5,16.7,16.2,16.6,37825,668200,21.78,16.5,16.6
4269,2021-06-12 11:28:00,16.5,16.7,16.2,16.6,37825,668200,21.78,16.5,16.6
4270,2021-06-12 11:29:00,16.5,16.7,16.2,16.6,37825,668200,21.78,16.5,16.6
4271,2021-06-12 11:30:00,16.5,16.7,16.2,16.6,37825,668200,21.78,16.5,16.6
4272,2021-06-12 11:31:00,16.5,16.7,16.2,16.6,37825,668200,21.78,16.5,16.6
4273,2021-06-12 11:32:00,16.5,16.7,16.2,16.6,37825,668200,21.78,16.5,16.6
4274,2021-06-12 11:33:00,16.5,16.7,16.2,16.6,37825,668200,21.78,16.5,16.6
4275,2021-06-12 11:34:00,16.5,16.7,16.2,16.6,37825,668200,21.78,16.5,16.6
4276,2021-06-12 11:35:00,16.5,16.7,16.2,16.6,37825,668200,21.78,16.5,16.6
4277,2021-06-12 11:36:00,16.5,16.7,16.2,16.6,37825,668200,21.78,16.5,16.6
4278,2021-06-12 11:37:00,16.5,16.7,16.2,16.6,37825,668200,21.78,16.5,16.6
4279,2021-06-12 11:38:00,16.5,16.7,16.2,16.6,37825,668200,21.78,16.5,16.6
4280,2021-06-12 11:39:00,16.5,16.7,16.2,16.6,37825,668200,21.78,16.5,16.6
4281,2021-06-12 11:40:00,16.5,16.7,16.2,16.6,37825,668200,21.78,16.5,16.6
4282,2021-06-12 11:41:00,16.5,16.7,16.2,16.6,37825,668200,21.78,16.5,16.6
4283,2021-06-12 11:42:00,16.5,16.7,16.2,16.6,37825,668200,21.78,16.5,16.6
4284,2021-06-12 11:43:00,16.5,16.7,16.2,16.6,37825,668200,21.78,16.5,16.6
4285,2021-06-12 11:44:00,16.5,16.7,16.2,16.6,37825,668200,21.78,16.5,16.6
4286,2021-06-12 11:45:00,16.5,16.7,16.2,16.6,37825,668200,21.78,16.5,16.6
4287,2021-06-12 11:46:00,16.5,16.7,16.2,16.6,37825,668200,21.78,16.5,16.6
4288,2021-06-12 11:47:00,16.5,16.7,16.2,16.6,37825,668200,21.78,16.5,16.6
4289,2021-06-12 11:48:00,16.5,16.7,16.2,16.6,37825,668200,21.78,16.5,16.6
4290,2021-06-12 11:49:00,16.5,16.7,16.2,16.6,37825,668200,21.78,16.5,16.6
4291,2021-06-12 11:50:00,16.5,16.7,16.2,16.6,37825,668200,21.78,16.5,16.6
4292,2021-06-12 11:51:00,16.5,16.7,16.2,16.6,37825,668200,21.78,16.5,16.6
4293,2021-06-12 11:52:00,16.5,16.7,16.2,16.6,37825,668200,21.78,16.5,16.6
4294,2021-06-12 11:53:00,16.5,16.7,16.2,16.6,37825,668200,21.78,16.5,16.6
4295,2021-06-12 11:54:00,16.5,16.7,16.2,16.6,37825,668200,21.78,16.5,16.6
4296,2021-06-12 11:55:00,16.5,16.7,16.2,16.6,37825,668200,21.78,16.5,16.6
4297,2021-06-12 11:56:00,16.5,16.7,16.2,16.6,37825,668200,21.78,16.5,16.6
4298,2021-06-12 11:57:00,16.5,16.7,16.2,16.6,37825,668200,21.78,16.5,16.6
4299,2021-06-12 11:58:00,16.5,16.7,16.2,16.6,37825,668200,21.78,16.5,16.6
4300,2021-06-12 11:59:00,16.5,16.7,16.2,16.6,37825,668200,21.78,16.5,16.6
4301,2021-06-12 12:00:00,16.5,16.7,16.2,16.6,37825,668200,21.78,16.5,16.6
4302,2021-06-12 12:01:00,16.5,16.7,16.2,16.6,37825,668200,21.78,16.5,16.6
4303,2021-06-12 12:02:00,16.5,16.7,16.2,16.6,37825,668200,21.78,16.5,16.6
4304,2021-06-12 12:03:00,16.5,16.7,16.2,16.6,37825,668200,21.78,16.5,16.6
4305,2021-06-12 12:04:00,16.5,16.7,16.2,16.6,37825,668200,21.78,16.5,16.6
4306,2021-06-12 12:05:00,16.5,16.7,16.2,16.6,37825,668200,21.78,16.5,16.6
4307,2021-06-12 12:06:00,16.5,16.7,16.2,16.6,37825,668200,21.78,16.5,16.6
4308,2021-06-12 12:07:00,16.5,16.7,16.2,16.6,37825,668200,21.78,16.5,16.6
4309,2021-06-12 12:08:00,16.5,16.7,16.2,16.6,37825,668200,21.78,16.5,16.6
4310,2021-06-12 12:09:00,16.5,16.7,16.2,16.6,37825,668200,21.78,16.5,16.6
4311,2021-06-12 12:10:00,16.5,16.7,16.2,16.6,37825,668200,21.78,16.5,16.6
4312,2021-06-12 12:11:00,16.5,16.7,16.2,16.6,37825,668200,21.78,16.5,16.6
4313,2021-06-12 12:12:00,16.5,16.7,16.2,16.6,37825,668200,21.78,16.5,16.6
4314,2021-06-12 12:13:00,16.5,16.7,16.2,16.6,37825,668200,21.78,16.5,16.6
4315,2021-06-12 12:14:00,16.5,16.7,16.2,16.6,37825,668200,21.78,16.5,16.6
4316,2021-06-12 12:15:00,16.5,16.7,16.2,16.6,37825,668200,21.78,16.5,16.6
4317,2021-06-12 12:16:00,16.5,16.7,16.2,16.6,37825,668200,21.78,16.5,16.6
4318,2021-06-12 12:17:00,16.5,16.7,16.2,16.6,37825,668200,21.78,16.5,16.6
4319,2021-06-12 12:18:00,16.5,16.7,16.2,16.6,37825,668200,21.78,16.5,16.6
4320,2021-06-12 12:19:00,16.5,16.7,16.2,16.6,37825,668200,21.78,16.5,16.6
4321,2021-06-12 12:20:00,16.5,16.7,16.2,16.6,37825,668200,21.78,16.5,16.6
4322,2021-06-12 12:21:00,16.5,16.7,16.2,16.6,37825,668200,21.78,16.5,16.6
4323,2021-06-12 12:22:00,16.5,16.7,16.2,16.6,37825,668200,21.78,16.5,16.6
4324,2021-06-12 12:23:00,16.5,16.7,16.2,16.6,37825,668200,21.78,16.5,16.6
4325,2021-06-12 12:24:00,16.5,16.7,16.2,16.6,37825,668200,21.78,16.5,16.6
4326,2021-06-12 12:25:00,16.5,16.7,16.2,16.6,37825,668200,21.78,16.5,16.6
4327,2021-06-12 12:26:00,16.5,16.7,16.2,16.6,37825,668200,21.78,16.5,16.6
4328,2021-06-12 12:27:00,16.5,16.7,16.2,16.6,37825,668200,21.78,16.5,16.6
4329,2021-06-12 12:28:00,16.5,16.7,16.2,16.6,37825,668200,21.78,16.5,16.6
4330,2021-06-12 12:29:00,16.5,16.7,16.2,16.6,37825,668200,21.78,16.5,16.6
4331,2021-06-12 12:30:00,16.5,16.7,16.2,16.6,37825,668200,21.78,16.5,16.6
4332,2021-06-12 12:31:00,16.5,16.7,16.2,16.6,37825,668200,21.78,16.5,16.6
4333,2021-06-12 12:32:00,16.5,16.7,16.2,16.6,37825,668200,21.78,16.5,16.6
4334,2021-06-12 12:33:00,16.5,16.7,16.2,16.6,37825,668200,21.78,16.5,16.6
4335,2021-06-12 12:34:00,16.5,16.7,16.2,16.6,37825,668200,21.78,16.5,16.6
4336,2021-06-12 12:35:00,16.5,16.7,16.2,16.6,37825,668200,21.78,16.5,16.6
4337,2021-06-12 12:36:00,16.5,16.7,16.2,16.6,37825,668200,21.78,16.5,16.6
4338,2021-06-12 12:37:00,16.5,16.7,16.2,16.6,37825,668200,21.78,16.5,16.6
4339,2021-06-12 12:38:00,16.5,16.7,16.2,16.6,37825,668200,21.78,16.5,16.6
4340,2021-06-12 12:39:00,16.5,16.7,16.2,16.6,37825,668200,21.78,16.5,16.6
4341,2021-06-12 12:40:00,16.5,16.7,16.2,16.6,37825,668200,21.78,16.5,16.6
4342,2021-06-12 12:41:00,16.5,16.7,16.2,16.6,37825,668200,21.78,16.5,16.6
4343,2021-06-12 12:42:00,16.5,16.7,16.2,16.6,37825,668200,21.78,16.5,16.6
4344,2021-06-12 12:43:00,16.5,16.7,16.2,16.6,37825,668200,21.78,16.5,16.6
4345,2021-06-12 12:44:00,16.5,16.7,16.2,16.6,37825,668200,21.78,16.5,16.6
4346,2021-06-12 12:45:00,16.5,16.7,16.2,16.6,37825,668200,21.78,16.5,16.6
4347,2021-06-12 12:46:00,16.5,16.7,16.2,16.6,37825,668200,21.78,16.5,16.6
4348,2021-06-12 12:47:00,16.5,16.7,16.2,16.6,37825,668200,21.78,16.5,16.6
4349,2021-06-12 12:48:00,16.5,16.7,16.2,16.6,37825,668200,21.78,16.5,16.6
4350,2021-06-12 12:49:00,16.5,16.7,16.2,16.6,37825,668200,21.78,16.5,16.6
4351,2021-06-12 12:50:00,16.5,16.7,16.2,16.6,37825,668200,21.78,16.5,16.6
4352,2021-06-12 12:51:00,16.5,16.7,16.2,16.6,37825,668200,21.78,16.5,16.6
4353,2021-06-12 12:52:00,16.5,16.7,16.2,16.6,37825,668200,21.78,16.5,16.6
4354,2021-06-12 12:53:00,16.5,16.7,16.2,16.6,37825,668200,21.78,16.5,16.6
4355,2021-06-12 12:54:00,16.5,16.7,16.2,16.6,37825,668200,21.78,16.5,16.6
4356,2021-06-12 12:55:00,16.5,16.7,16.2,16.6,37825,668200,21.78,16.5,16.6
4357,2021-06-12 12:56:00,16.5,16.7,16.2,16.6,37825,668200,21.78,16.5,16.6
4358,2021-06-12 12:57:00,16.5,16.7,16.2,16.6,37825,668200,21.78,16.5,16.6
4359,2021-06-12 12:58:00,16.5,16.7,16.2,16.6,37825,668200,21.78,16.5,16.6
4360,2021-06-12 12:59:00,16.5,16.7,16.2,16.6,37825,668200,21.78,16.5,16.6
4361,2021-06-12 13:00:00,16.5,16.7,16.2,16.6,37825,668200,21.78,16.5,16.6
4362,2021-06-12 13:01:00,16.5,16.7,16.2,16.6,37825,668200,21.78,16.5,16.6
4363,2021-06-12 13:02:00,16.5,16.7,16.2,16.6,37825,668200,21.78,16.5,16.6
4364,2021-06-12 13:03:00,16.5,16.7,16.2,16.6,37825,668200,21.78,16.5,16.6
4365,2021-06-12 13:04:00,16.5,16.7,16.2,16.6,37825,668200,21.78,16.5,16.6
4366,2021-06-12 13:05:00,16.5,16.7,16.2,16.6,37825,668200,21.78,16.5,16.6
4367,2021-06-12 13:06:00,16.5,16.7,16.2,16.6,37825,668200,21.78,16.5,16.6
4368,2021-06-12 13:07:00,16.5,16.7,16.2,16.6,37825,668200,21.78,16.5,16.6
4369,2021-06-12 13:08:00,16.5,16.7,16.2,16.6,37825,668200,21.78,16.5,16.6
4370,2021-06-12 13:09:00,16.5,16.7,16.2,16.6,37825,668200,21.78,16.5,16.6
4371,2021-06-12 13:10:00,16.5,16.7,16.2,16.6,37825,668200,21.78,16.5,16.6
4372,2021-06-12 13:11:00,16.5,16.7,16.2,16.6,37825,668200,21.78,16.5,16.6
4373,2021-06-12 13:12:00,16.5,16.7,16.2,16.6,37825,668200,21.78,16.5,16.6
4374,2021-06-12 13:13:00,16.5,16.7,16.2,16.6,37825,668200,21.78,16.5,16.6
4375,2021-06-12 13:14:00,16.5,16.7,16.2,16.6,37825,668200,21.78,16.5,16.6
4376,2021-06-12 13:15:00,16.5,16.7,16.2,16.6,37825,668200,21.78,16.5,16.6
4377,2021-06-12 13:16:00,16.5,16.7,16.2,16.6,37825,668200,21.78,16.5,16.6
4378,2021-06-12 13:17:00,16.5,16.7,16.2,16.6,37825,668200,21.78,16.5,16.6
4379,2021-06-12 13:18:00,16.5,16.7,16.2,16.6,37825,668200,21.78,16.5,16.6
4380,2021-06-12 13:19:00,16.5,16.7,16.2,16.6,37825,668200,21.78,16.5,16.6
4381,2021-06-12 13:20:00,16.5,16.7,16.2,16.6,37825,668200,21.78,16.5,16.6
4382,2021-06-12 13:21:00,16.5,16.7,16.2,16.6,37825,668200,21.78,16.5,16.6
4383,2021-06-12 13:22:00,16.5,16.7,16.2,16.6,37825,668200,21.78,16.5,16.6
4384,2021-06-12 13:23:00,16.5,16.7,16.2,16.6,37825,668200,21.78,16.5,16.6
4385,2021-06-12 13:24:00,16.5,16.7,16.2,16.6,37825,668200,21.78,16.5,16.6
4386,2021-06-12 13:25:00,16.5,16.7,16.2,16.6,37825,668200,21.78,16.5,16.6
4387,2021-06-12 13:26:00,16.5,16.7,16.2,16.6,37825,668200,21.78,16.5,16.6
4388,2021-06-12 13:27:00,16.5,16.7,16.2,16.6,37825,668200,21.78,16.5,16.6
4389,2021-06-12 13:28:00,16.5,16.7,16.2,16.6,37825,668200,21.78,16.5,16.6
4390,2021-06-12 13:29:00,16.5,16.7,16.2,16.6,37825,668200,21.78,16.5,16.6
4391,2021-06-12 13:30:00,16.5,16.7,16.2,16.6,37825,668200,21.78,16.5,16.6
4392,2021-06-12 13:31:00,16.5,16.7,16.2,16.6,37825,668200,21.78,16.5,16.6
4393,2021-06-12 13:32:00,16.5,16.7,16.2,16.6,37825,668200,21.78,16.5,16.6
4394,2021-06-12 13:33:00,16.5,16.7,16.2,16.6,37825,668200,21.78,16.5,16.6
4395,2021-06-12 13:34:00,16.5,16.7,16.2,16.6,37825,668200,21.78,16.5,16.6
4396,2021-06-12 13:35:00,16.5,16.7,16.2,16.6,37825,668200,21.78,16.5,16.6
4397,2021-06-12 13:36:00,16.5,16.7,16.2,16.6,37825,668200,21.78,16.5,16.6
4398,2021-06-12 13:37:00,16.5,16.7,16.2,16.6,37825,668200,21.78,16.5,16.6
4399,2021-06-12 13:38:00,16.5,16.7,16.2,16.6,37825,668200,21.78,16.5,16.6
4400,2021-06-12 13:39:00,16.5,16.7,16.2,16.6,37825,668200,21.78,16.5,16.6
4401,2021-06-12 13:40:00,16.5,16.7,16.2,16.6,37825,668200,21.78,16.5,16.6
4402,2021-06-12 13:41:00,16.5,16.7,16.2,16.6,37825,668200,21.78,16.5,16.6
4403,2021-06-12 13:42:00,16.5,16.7,16.2,16.6,37825,668200,21.78,16.5,16.6
4404,2021-06-12 13:43:00,16.5,16.7,16.2,16.6,37825,668200,21.78,16.5,16.6
4405,2021-06-12 13:44:00,16.5,16.7,16.2,16.6,37825,668200,21.78,16.5,16.6
4406,2021-06-12 13:45:00,16.5,16.7,16.2,16.6,37825,668200,21.78,16.5,16.6
4407,2021-06-12 13:46:00,16.5,16.7,16.2,16.6,37825,668200,21.78,16.5,16.6
4408,2021-06-12 13:47:00,16.5,16.7,16.2,16.6,37825,668200,21.78,16.5,16.6
4409,2021-06-12 13:48:00,16.5,16.7,16.2,16.6,37825,668200,21.78,16.5,16.6
4410,2021-06-12 13:49:00,16.5,16.7,16.2,16.6,37825,668200,21.78,16.5,16.6
4411,2021-06-12 13:50:00,16.5,16.7,16.2,16.6,37825,668200,21.78,16.5,16.6
4412,2021-06-12 13:51:00,16.5,16.7,16.2,16.6,37825,668200,21.78,16.5,16.6
4413,2021-06-12 13:52:00,16.5,16.7,16.2,16.6,37825,668200,21.78,16.5,16.6
4414,2021-06-12 13:53:00,16.5,16.7,16.2,16.6,37825,668200,21.78,16.5,16.6
4415,2021-06-12 13:54:00,16.5,16.7,16.2,16.6,37825,668200,21.78,16.5,16.6
4416,2021-06-12 13:55:00,16.5,16.7,16.2,16.6,37825,668200,21.78,16.5,16.6
4417,2021-06-12 13:56:00,16.5,16.7,16.2,16.6,37825,668200,21.78,16.5,16.6
4418,2021-06-12 13:57:00,16.5,16.7,16.2,16.6,37825,668200,21.78,16.5,16.6
4419,2021-06-12 13:58:00,16.5,16.7,16.2,16.6,37825,668200,21.78,16.5,16.6
4420,2021-06-12 13:59:00,16.5,16.7,16.2,16.6,37825,668200,21.78,16.5,16.6
4421,2021-06-12 14:00:00,16.5,16.7,16.2,16.6,37825,668200,21.78,16.5,16.6
4422,2021-06-12 14:01:00,16.5,16.7,16.2,16.6,37825,668200,21.78,16.5,16.6
4423,2021-06-12 14:02:00,16.5,16.7,16.2,16.6,37825,668200,21.78,16.5,16.6
4424,2021-06-12 14:03:00,16.5,16.7,16.2,16.6,37825,668200,21.78,16.5,16.6
4425,2021-06-12 14:04:00,16.5,16.7,16.2,16.6,37825,668200,21.78,16.5,16.6
4426,2021-06-12 14:05:00,16.5,16.7,16.2,16.6,37825,668200,21.78,16.5,16.6
4427,2021-06-12 14:06:00,16.5,16.7,16.2,16.6,37825,668200,21.78,16.5,16.6
4428,2021-06-12 14:07:00,16.5,16.7,16.2,16.6,37825,668200,21.78,16.5,16.6
4429,2021-06-12 14:08:00,16.5,16.7,16.2,16.6,37825,668200,21.78,16.5,16.6
4430,2021-06-12 14:09:00,16.5,16.7,16.2,16.6,37825,668200,21.78,16.5,16.6
4431,2021-06-12 14:10:00,16.5,16.7,16.2,16.6,37825,668200,21.78,16.5,16.6
4432,2021-06-12 14:11:00,16.5,16.7,16.2,16.6,37825,668200,21.78,16.5,16.6
4433,2021-06-12 14:12:00,16.5,16.7,16.2,16.6,37825,668200,21.78,16.5,16.6
4434,2021-06-12 14:13:00,16.5,16.7,16.2,16.6,37825,668200,21.78,16.5,16.6
4435,2021-06-12 14:14:00,16.5,16.7,16.2,16.6,37825,668200,21.78,16.5,16.6
4436,2021-06-12 14:15:00,16.5,16.7,16.2,16.6,37825,668200,21.78,16.5,16.6
4437,2021-06-12 14:16:00,16.5,16.7,16.2,16.6,37825,668200,21.78,16.5,16.6
4438,2021-06-12 14:17:00,16.5,16.7,16.2,16.6,37825,668200,21.78,16.5,16.6
4439,2021-06-12 14:18:00,16.5,16.7,16.2,16.6,37825,668200,21.78,16.5,16.6
4440,2021-06-12 14:19:00,16.5,16.7,16.2,16.6,37825,668200,21.78,16.5,16.6
4441,2021-06-12 14:20:00,16.5,16.7,16.2,16.6,37825,668200,21.78,16.5,16.6
4442,2021-06-12 14:21:00,16.5,16.7,16.2,16.6,37825,668200,21.78,16.5,16.6
4443,2021-06-12 14:22:00,16.5,16.7,16.2,16.6,37825,668200,21.78,16.5,16.6
4444,2021-06-12 14:23:00,16.5,16.7,16.2,16.6,37825,668200,21.78,16.5,16.6
4445,2021-06-12 14:24:00,16.5,16.7,16.2,16.6,37825,668200,21.78,16.5,16.6
4446,2021-06-12 14:25:00,16.5,16.7,16.2,16.6,37825,668200,21.78,16.5,16.6
4447,2021-06-12 14:26:00,16.5,16.7,16.2,16.6,37825,668200,21.78,16.5,16.6
4448,2021-06-12 14:27:00,16.5,16.7,16.2,16.6,37825,668200,21.78,16.5,16.6
4449,2021-06-12 14:28:00,16.5,16.7,16.2,16.6,37825,668200,21.78,16.5,16.6
4450,2021-06-12 14:29:00,16.5,16.7,16.2,16.6,37825,668200,21.78,16.5,16.6
4451,2021-06-12 14:30:00,16.5,16.7,16.2,16.6,37825,668200,21.78,16.5,16.6
4452,2021-06-12 14:31:00,16.5,16.7,16.2,16.6,37825,668200,21.78,16.5,16.6
4453,2021-06-12 14:32:00,16.5,16.7,16.2,16.6,37825,668200,21.78,16.5,16.6
4454,2021-06-12 14:33:00,16.5,16.7,16.2,16.6,37825,668200,21.78,16.5,16.6
4455,2021-06-12 14:34:00,16.5,16.7,16.2,16.6,37825,668200,21.78,16.5,16.6
4456,2021-06-12 14:35:00,16.5,16.7,16.2,16.6,37825,668200,21.78,16.5,16.6
4457,2021-06-12 14:36:00,16.5,16.7,16.2,16.6,37825,668200,21.78,16.5,16.6
4458,2021-06-12 14:37:00,16.5,16.7,16.2,16.6,37825,668200,21.78,16.5,16.6
4459,2021-06-12 14:38:00,16.5,16.7,16.2,16.6,37825,668200,21.78,16.5,16.6
4460,2021-06-12 14:39:00,16.5,16.7,16.2,16.6,37825,668200,21.78,16.5,16.6
4461,2021-06-12 14:40:00,16.5,16.7,16.2,16.6,37825,668200,21.78,16.5,16.6
4462,2021-06-12 14:41:00,16.5,16.7,16.2,16.6,37825,668200,21.78,16.5,16.6
4463,2021-06-12 14:42:00,16.5,16.7,16.2,16.6,37825,668200,21.78,16.5,16.6
4464,2021-06-12 14:43:00,16.5,16.7,16.2,16.6,37825,668200,21.78,16.5,16.6
4465,2021-06-12 14:44:00,16.5,16.7,16.2,16.6,37825,668200,21.78,16.5,16.6
4466,2021-06-12 14:45:00,16.5,16.7,16.2,16.6,37825,668200,21.78,16.5,16.6
4467,2021-06-12 14:46:00,16.5,16.7,16.2,16.6,37825,668200,21.78,16.5,16.6
4468,2021-06-12 14:47:00,16.5,16.7,16.2,16.6,37825,668200,21.78,16.5,16.6
4469,2021-06-12 14:48:00,16.5,16.7,16.2,16.6,37825,668200,21.78,16.5,16.6
4470,2021-06-12 14:49:00,16.5,16.7,16.2,16.6,37825,668200,21.78,16.5,16.6
4471,2021-06-12 14:50:00,16.5,16.7,16.2,16.6,37825,668200,21.78,16.5,16.6
4472,2021-06-12 14:51:00,16.5,16.7,16.2,16.6,37825,668200,21.78,16.5,16.6
4473,2021-06-12 14:52:00,16.5,16.7,16.2,16.6,37825,668200,21.78,16.5,16.6
4474,2021-06-12 14:53:00,16.5,16.7,16.2,16.6,37825,668200,21.78,16.5,16.6
4475,2021-06-12 14:54:00,16.5,16.7,16.2,16.6,37825,668200,21.78,16.5,16.6
4476,2021-06-12 14:55:00,16.5,16.7,16.2,16.6,37825,668200,21.78,16.5,16.6
4477,2021-06-12 14:56:00,16.5,16.7,16.2,16.6,37825,668200,21.78,16.5,16.6
4478,2021-06-12 14:57:00,16.5,16.7,16.2,16.6,37825,668200,21.78,16.5,16.6
4479,2021-06-12 14:58:00,16.5,16.7,16.2,16.6,37825,668200,21.78,16.5,16.6
4480,2021-06-12 14:59:00,16.5,16.7,16.2,16.6,37825,668200,21.78,16.5,16.6
4481,2021-06-12 15:00:00,16.5,16.7,16.2,16.6,37825,668200,21.78,16.5,16.6
4482,2021-06-12 15:01:00,16.5,16.7,16.2,16.6,37825,668200,21.78,16.5,16.6
4483,2021-06-12 15:02:00,16.5,16.7,16.2,16.6,37825,668200,21.78,16.5,16.6
4484,2021-06-12 15:03:00,16.5,16.7,16.2,16.6,37825,668200,21.78,16.5,16.6
4485,2021-06-12 15:04:00,16.5,16.7,16.2,16.6,37825,668200,21.78,16.5,16.6
4486,2021-06-12 15:05:00,16.5,16.7,16.2,16.6,37825,668200,21.78,16.5,16.6
4487,2021-06-12 15:06:00,16.5,16.7,16.2,16.6,37825,668200,21.78,16.5,16.6
4488,2021-06-12 15:07:00,16.5,16.7,16.2,16.6,37825,668200,21.78,16.5,16.6
4489,2021-06-12 15:08:00,16.5,16.7,16.2,16.6,37825,668200,21.78,16.5,16.6
4490,2021-06-12 15:09:00,16.5,16.7,16.2,16.6,37825,668200,21.78,16.5,16.6
4491,2021-06-12 15:10:00,16.5,16.7,16.2,16.6,37825,668200,21.78,16.5,16.6
4492,2021-06-12 15:11:00,16.5,16.7,16.2,16.6,37825,668200,21.78,16.5,16.6
4493,2021-06-12 15:12:00,16.5,16.7,16.2,16.6,37825,668200,21.78,16.5,16.6
4494,2021-06-12 15:13:00,16.5,16.7,16.2,16.6,37825,668200,21.78,16.5,16.6
4495,2021-06-12 15:14:00,16.5,16.7,16.2,16.6,37825,668200,21.78,16.5,16.6
4496,2021-06-12 15:15:00,16.5,16.7,16.2,16.6,37825,668200,21.78,16.5,16.6
4497,2021-06-12 15:16:00,16.5,16.7,16.2,16.6,37825,668200,21.78,16.5,16.6
4498,2021-06-12 15:17:00,16.5,16.7,16.2,16.6,37825,668200,21.78,16.5,16.6
4499,2021-06-12 15:18:00,16.5,16.7,16.2,16.6,37825,668200,21.78,16.5,16.6
4500,2021-06-12 15:19:00,16.5,16.7,16.2,16.6,37825,668200,21.78,16.5,16.6
4501,2021-06-12 15:20:00,16.5,16.7,16.2,16.6,37825,668200,21.78,16.5,16.6
4502,2021-06-12 15:21:00,16.5,16.7,16.2,16.6,37825,668200,21.78,16.5,16.6
4503,2021-06-12 15:22:00,16.5,16.7,16.2,16.6,37825,668200,21.78,16.5,16.6
4504,2021-06-12 15:23:00,16.5,16.7,16.2,16.6,37825,668200,21.78,16.5,16.6
4505,2021-06-12 15:24:00,16.5,16.7,16.2,16.6,37825,668200,21.78,16.5,16.6
4506,2021-06-12 15:25:00,16.5,16.7,16.2,16.6,37825,668200,21.78,16.5,16.6
4507,2021-06-12 15:26:00,16.5,16.7,16.2,16.6,37825,668200,21.78,16.5,16.6
4508,2021-06-12 15:27:00,16.5,16.7,16.2,16.6,37825,668200,21.78,16.5,16.6
4509,2021-06-12 15:28:00,16.5,16.7,16.2,16.6,37825,668200,21.78,16.5,16.6
4510,2021-06-12 15:29:00,16.5,16.7,16.2,16.6,37825,668200,21.78,16.5,16.6
4511,2021-06-12 15:30:00,16.5,16.7,16.2,16.6,37825,668200,21.78,16.5,16.6
4512,2021-06-13 09:15:00,16.5,16.7,16.2,16.6,37825,668200,21.78,16.5,16.6
4513,2021-06-13 09:16:00,16.5,16.7,16.2,16.6,37825,668200,21.78,16.5,16.6
4514,2021-06-13 09:17:00,16.5,16.7,16.2,16.6,37825,668200,21.78,16.5,16.6
4515,2021-06-13 09:18:00,16.5,16.7,16.2,16.6,37825,668200,21.78,16.5,16.6
4516,2021-06-13 09:19:00,16.5,16.7,16.2,16.6,37825,668200,21.78,16.5,16.6
4517,2021-06-13 09:20:00,16.5,16.7,16.2,16.6,37825,668200,21.78,16.5,16.6
4518,2021-06-13 09:21:00,16.5,16.7,16.2,16.6,37825,668200,21.78,16.5,16.6
4519,2021-06-13 09:22:00,16.5,16.7,16.2,16.6,37825,668200,21.78,16.5,16.6
4520,2021-06-13 09:23:00,16.5,16.7,16.2,16.6,37825,668200,21.78,16.5,16.6
4521,2021-06-13 09:24:00,16.5,16.7,16.2,16.6,37825,668200,21.78,16.5,16.6
4522,2021-06-13 09:25:00,16.5,16.7,16.2,16.6,37825,668200,21.78,16.5,16.6
4523,2021-06-13 09:26:00,16.5,16.7,16.2,16.6,37825,668200,21.78,16.5,16.6
4524,2021-06-13 09:27:00,16.5,16.7,16.2,16.6,37825,668200,21.78,16.5,16.6
4525,2021-06-13 09:28:00,16.5,16.7,16.2,16.6,37825,668200,21.78,16.5,16.6
4526,2021-06-13 09:29:00,16.5,16.7,16.2,16.6,37825,668200,21.78,16.5,16.6
4527,2021-06-13 09:30:00,16.5,16.7,16.2,16.6,37825,668200,21.78,16.5,16.6
4528,2021-06-13 09:31:00,16.5,16.7,16.2,16.6,37825,668200,21.78,16.5,16.6
4529,2021-06-13 09:32:00,16.5,16.7,16.2,16.6,37825,668200,21.78,16.5,16.6
4530,2021-06-13 09:33:00,16.5,16.7,16.2,16.6,37825,668200,21.78,16.5,16.6
4531,2021-06-13 09:34:00,16.5,16.7,16.2,16.6,37825,668200,21.78,16.5,16.6
4532,2021-06-13 09:35:00,16.5,16.7,16.2,16.6,37825,668200,21.78,16.5,16.6
4533,2021-06-13 09:36:00,16.5,16.7,16.2,16.6,37825,668200,21.78,16.5,16.6
4534,2021-06-13 09:37:00,16.5,16.7,16.2,16.6,37825,668200,21.78,16.5,16.6
4535,2021-06-13 09:38:00,16.5,16.7,16.2,16.6,37825,668200,21.78,16.5,16.6
4536,2021-06-13 09:39:00,16.5,16.7,16.2,16.6,37825,668200,21.78,16.5,16.6
4537,2021-06-13 09:40:00,16.5,16.7,16.2,16.6,37825,668200,21.78,16.5,16.6
4538,2021-06-13 09:41:00,16.5,16.7,16.2,16.6,37825,668200,21.78,16.5,16.6
4539,2021-06-13 09:42:00,16.5,16.7,16.2,16.6,37825,668200,21.78,16.5,16.6
4540,2021-06-13 09:43:00,16.5,16.7,16.2,16.6,37825,668200,21.78,16.5,16.6
4541,2021-06-13 09:44:00,16.5,16.7,16.2,16.6,37825,668200,21.78,16.5,16.6
4542,2021-06-13 09:45:00,16.5,16.7,16.2,16.6,37825,668200,21.78,16.5,16.6
4543,2021-06-13 09:46:00,16.5,16.7,16.2,16.6,37825,668200,21.78,16.5,16.6
4544,2021-06-13 09:47:00,16.5,16.7,16.2,16.6,37825,668200,21.78,16.5,16.6
4545,2021-06-13 09:48:00,16.5,16.7,16.2,16.6,37825,668200,21.78,16.5,16.6
4546,2021-06-13 09:49:00,16.5,16.7,16.2,16.6,37825,668200,21.78,16.5,16.6
4547,2021-06-13 09:50:00,16.5,16.7,16.2,16.6,37825,668200,21.78,16.5,16.6
4548,2021-06-13 09:51:00,16.5,16.7,16.2,16.6,37825,668200,21.78,16.5,16.6
4549,2021-06-13 09:52:00,16.5,16.7,16.2,16.6,37825,668200,21.78,16.5,16.6
4550,2021-06-13 09:53:00,16.5,16.7,16.2,16.6,37825,668200,21.78,16.5,16.6
4551,2021-06-13 09:54:00,16.5,16.7,16.2,16.6,37825,668200,21.78,16.5,16.6
4552,2021-06-13 09:55:00,16.5,16.7,16.2,16.6,37825,668200,21.78,16.5,16.6
4553,2021-06-13 09:56:00,16.5,16.7,16.2,16.6,37825,668200,21.78,16.5,16.6
4554,2021-06-13 09:57:00,16.5,16.7,16.2,16.6,37825,668200,21.78,16.5,16.6
4555,2021-06-13 09:58:00,16.5,16.7,16.2,16.6,37825,668200,21.78,16.5,16.6
4556,2021-06-13 09:59:00,16.5,16.7,16.2,16.6,37825,668200,21.78,16.5,16.6
4557,2021-06-13 10:00:00,16.5,16.7,16.2,16.6,37825,668200,21.78,16.5,16.6
4558,2021-06-13 10:01:00,16.5,16.7,16.2,16.6,37825,668200,21.78,16.5,16.6
4559,2021-06-13 10:02:00,16.5,16.7,16.2,16.6,37825,668200,21.78,16.5,16.6
4560,2021-06-13 10:03:00,16.5,16.7,16.2,16.6,37825,668200,21.78,16.5,16.6
4561,2021-06-13 10:04:00,16.5,16.7,16.2,16.6,37825,668200,21.78,16.5,16.6
4562,2021-06-13 10:05:00,16.5,16.7,16.2,16.6,37825,668200,21.78,16.5,16.6
4563,2021-06-13 10:06:00,16.5,16.7,16.2,16.6,37825,668200,21.78,16.5,16.6
4564,2021-06-13 10:07:00,16.5,16.7,16.2,16.6,37825,668200,21.78,16.5,16.6
4565,2021-06-13 10:08:00,16.5,16.7,16.2,16.6,37825,668200,21.78,16.5,16.6
4566,2021-06-13 10:09:00,16.5,16.7,16.2,16.6,37825,668200,21.78,16.5,16.6
4567,2021-06-13 10:10:00,16.5,16.7,16.2,16.6,37825,668200,21.78,16.5,16.6
4568,2021-06-13 10:11:00,16.5,16.7,16.2,16.6,37825,668200,21.78,16.5,16.6
4569,2021-06-13 10:12:00,16.5,16.7,16.2,16.6,37825,668200,21.78,16.5,16.6
4570,2021-06-13 10:13:00,16.5,16.7,16.2,16.6,37825,668200,21.78,16.5,16.6
4571,2021-06-13 10:14:00,16.5,16.7,16.2,16.6,37825,668200,21.78,16.5,16.6
4572,2021-06-13 10:15:00,16.5,16.7,16.2,16.6,37825,668200,21.78,16.5,16.6
4573,2021-06-13 10:16:00,16.5,16.7,16.2,16.6,37825,668200,21.78,16.5,16.6
4574,2021-06-13 10:17:00,16.5,16.7,16.2,16.6,37825,668200,21.78,16.5,16.6
4575,2021-06-13 10:18:00,16.5,16.7,16.2,16.6,37825,668200,21.78,16.5,16.6
4576,2021-06-13 10:19:00,16.5,16.7,16.2,16.6,37825,668200,21.78,16.5,16.6
4577,2021-06-13 10:20:00,16.5,16.7,16.2,16.6,37825,668200,21.78,16.5,16.6
4578,2021-06-13 10:21:00,16.5,16.7,16.2,16.6,37825,668200,21.78,16.5,16.6
4579,2021-06-13 10:22:00,16.5,16.7,16.2,16.6,37825,668200,21.78,16.5,16.6
4580,2021-06-13 10:23:00,16.5,16.7,16.2,16.6,37825,668200,21.78,16.5,16.6
4581,2021-06-13 10:24:00,16.5,16.7,16.2,16.6,37825,668200,21.78,16.5,16.6
4582,2021-06-13 10:25:00,16.5,16.7,16.2,16.6,37825,668200,21.78,16.5,16.6
4583,2021-06-13 10:26:00,16.5,16.7,16.2,16.6,37825,668200,21.78,16.5,16.6
4584,2021-06-13 10:27:00,16.5,16.7,16.2,16.6,37825,668200,21.78,16.5,16.6
4585,2021-06-13 10:28:00,16.5,16.7,16.2,16.6,37825,668200,21.78,16.5,16.6
4586,2021-06-13 10:29:00,16.5,16.7,16.2,16.6,37825,668200,21.78,16.5,16.6
4587,2021-06-13 10:30:00,16.5,16.7,16.2,16.6,37825,668200,21.78,16.5,16.6
4588,2021-06-13 10:31:00,16.5,16.7,16.2,16.6,37825,668200,21.78,16.5,16.6
4589,2021-06-13 10:32:00,16.5,16.7,16.2,16.6,37825,668200,21.78,16.5,16.6
4590,2021-06-13 10:33:00,16.5,16.7,16.2,16.6,37825,668200,21.78,16.5,16.6
4591,2021-06-13 10:34:00,16.5,16.7,16.2,16.6,37825,668200,21.78,16.5,16.6
4592,2021-06-13 10:35:00,16.5,16.7,16.2,16.6,37825,668200,21.78,16.5,16.6
4593,2021-06-13 10:36:00,16.5,16.7,16.2,16.6,37825,668200,21.78,16.5,16.6
4594,2021-06-13 10:37:00,16.5,16.7,16.2,16.6,37825,668200,21.78,16.5,16.6
4595,2021-06-13 10:38:00,16.5,16.7,16.2,16.6,37825,668200,21.78,16.5,16.6
4596,2021-06-13 10:39:00,16.5,16.7,16.2,16.6,37825,668200,21.78,16.5,16.6
4597,2021-06-13 10:40:00,16.5,16.7,16.2,16.6,37825,668200,21.78,16.5,16.6
4598,2021-06-13 10:41:00,16.5,16.7,16.2,16.6,37825,668200,21.78,16.5,16.6
4599,2021-06-13 10:42:00,16.5,16.7,16.2,16.6,37825,668200,21.78,16.5,16.6
4600,2021-06-13 10:43:00,16.5,16.7,16.2,16.6,37825,668200,21.78,16.5,16.6
4601,2021-06-13 10:44:00,16.5,16.7,16.2,16.6,37825,668200,21.78,16.5,16.6
4602,2021-06-13 10:45:00,16.5,16.7,16.2,16.6,37825,668200,21.78,16.5,16.6
4603,2021-06-13 10:46:00,16.5,16.7,16.2,16.6,37825,668200,21.78,16.5,16.6
4604,2021-06-13 10:47:00,16.5,16.7,16.2,16.6,37825,668200,21.78,16.5,16.6
4605,2021-06-13 10:48:00,16.5,16.7,16.2,16.6,37825,668200,21.78,16.5,16.6
4606,2021-06-13 10:49:00,16.5,16.7,16.2,16.6,37825,668200,21.78,16.5,16.6
4607,2021-06-13 10:50:00,16.5,16.7,16.2,16.6,37825,668200,21.78,16.5,16.6
4608,2021-06-13 10:51:00,16.5,16.7,16.2,16.6,37825,668200,21.78,16.5,16.6
4609,2021-06-13 10:52:00,16.5,16.7,16.2,16.6,37825,668200,21.78,16.5,16.6
4610,2021-06-13 10:53:00,16.5,16.7,16.2,16.6,37825,668200,21.78,16.5,16.6
4611,2021-06-13 10:54:00,16.5,16.7,16.2,16.6,37825,668200,21.78,16.5,16.6
4612,2021-06-13 10:55:00,16.5,16.7,16.2,16.6,37825,668200,21.78,16.5,16.6
4613,2021-06-13 10:56:00,16.5,16.7,16.2,16.6,37825,668200,21.78,16.5,16.6
4614,2021-06-13 10:57:00,16.5,16.7,16.2,16.6,37825,668200,21.78,16.5,16.6
4615,2021-06-13 10:58:00,16.5,16.7,16.2,16.6,37825,668200,21.78,16.5,16.6
4616,2021-06-13 10:59:00,16.5,16.7,16.2,16.6,37825,668200,21.78,16.5,16.6
4617,2021-06-13 11:00:00,16.5,16.7,16.2,16.6,37825,668200,21.78,16.5,16.6
4618,2021-06-13 11:01:00,16.5,16.7,16.2,16.6,37825,668200,21.78,16.5,16.6
4619,2021-06-13 11:02:00,16.5,16.7,16.2,16.6,37825,668200,21.78,16.5,16.6
4620,2021-06-13 11:03:00,16.5,16.7,16.2,16.6,37825,668200,21.78,16.5,16.6
4621,2021-06-13 11:04:00,16.5,16.7,16.2,16.6,37825,668200,21.78,16.5,16.6
4622,2021-06-13 11:05:00,16.5,16.7,16.2,16.6,37825,668200,21.78,16.5,16.6
4623,2021-06-13 11:06:00,16.5,16.7,16.2,16.6,37825,668200,21.78,16.5,16.6
4624,2021-06-13 11:07:00,16.5,16.7,16.2,16.6,37825,668200,21.78,16.5,16.6
4625,2021-06-13 11:08:00,16.5,16.7,16.2,16.6,37825,668200,21.78,16.5,16.6
4626,2021-06-13 11:09:00,16.5,16.7,16.2,16.6,37825,668200,21.78,16.5,16.6
4627,2021-06-13 11:10:00,16.5,16.7,16.2,16.6,37825,668200,21.78,16.5,16.6
4628,2021-06-13 11:11:00,16.5,16.7,16.2,16.6,37825,668200,21.78,16.5,16.6
4629,2021-06-13 11:12:00,16.5,16.7,16.2,16.6,37825,668200,21.78,16.5,16.6
4630,2021-06-13 11:13:00,16.5,16.7,16.2,16.6,37825,668200,21.78,16.5,16.6
4631,2021-06-13 11:14:00,16.5,16.7,16.2,16.6,37825,668200,21.78,16.5,16.6
4632,2021-06-13 11:15:00,16.5,16.7,16.2,16.6,37825,668200,21.78,16.5,16.6
4633,2021-06-13 11:16:00,16.5,16.7,16.2,16.6,37825,668200,21.78,16.5,16.6
4634,2021-06-13 11:17:00,16.5,16.7,16.2,16.6,37825,668200,21.78,16.5,16.6
4635,2021-06-13 11:18:00,16.5,16.7,16.2,16.6,37825,668200,21.78,16.5,16.6
4636,2021-06-13 11:19:00,16.5,16.7,16.2,16.6,37825,668200,21.78,16.5,16.6
4637,2021-06-13 11:20:00,16.5,16.7,16.2,16.6,37825,668200,21.78,16.5,16.6
4638,2021-06-13 11:21:00,16.5,16.7,16.2,16.6,37825,668200,21.78,16.5,16.6
4639,2021-06-13 11:22:00,16.5,16.7,16.2,16.6,37825,668200,21.78,16.5,16.6
4640,2021-06-13 11:23:00,16.5,16.7,16.2,16.6,37825,668200,21.78,16.5,16.6
4641,2021-06-13 11:24:00,16.5,16.7,16.2,16.6,37825,668200,21.78,16.5,16.6
4642,2021-06-13 11:25:00,16.5,16.7,16.2,16.6,37825,668200,21.78,16.5,16.6
4643,2021-06-13 11:26:00,16.5,16.7,16.2,16.6,37825,668200,21.78,16.5,16.6
4644,2021-06-13 11:27:00,16.5,16.7,16.2,16.6,37825,668200,21.78,16.5,16.6
4645,2021-06-13 11:28:00,16.5,16.7,16.2,16.6,37825,668200,21.78,16.5,16.6
4646,2021-06-13 11:29:00,16.5,16.7,16.2,16.6,37825,668200,21.78,16.5,16.6
4647,2021-06-13 11:30:00,16.5,16.7,16.2,16.6,37825,668200,21.78,16.5,16.6
4648,2021-06-13 11:31:00,16.5,16.7,16.2,16.6,37825,668200,21.78,16.5,16.6
4649,2021-06-13 11:32:00,16.5,16.7,16.2,16.6,37825,668200,21.78,16.5,16.6
4650,2021-06-13 11:33:00,16.5,16.7,16.2,16.6,37825,668200,21.78,16.5,16.6
4651,2021-06-13 11:34:00,16.5,16.7,16.2,16.6,37825,668200,21.78,16.5,16.6
4652,2021-06-13 11:35:00,16.5,16.7,16.2,16.6,37825,668200,21.78,16.5,16.6
4653,2021-06-13 11:36:00,16.5,16.7,16.2,16.6,37825,668200,21.78,16.5,16.6
4654,2021-06-13 11:37:00,16.5,16.7,16.2,16.6,37825,668200,21.78,16.5,16.6
4655,2021-06-13 11:38:00,16.5,16.7,16.2,16.6,37825,668200,21.78,16.5,16.6
4656,2021-06-13 11:39:00,16.5,16.7,16.2,16.6,37825,668200,21.78,16.5,16.6
4657,2021-06-13 11:40:00,16.5,16.7,16.2,16.6,37825,668200,21.78,16.5,16.6
4658,2021-06-13 11:41:00,16.5,16.7,16.2,16.6,37825,668200,21.78,16.5,16.6
4659,2021-06-13 11:42:00,16.5,16.7,16.2,16.6,37825,668200,21.78,16.5,16.6
4660,2021-06-13 11:43:00,16.5,16.7,16.2,16.6,37825,668200,21.78,16.5,16.6
4661,2021-06-13 11:44:00,16.5,16.7,16.2,16.6,37825,668200,21.78,16.5,16.6
4662,2021-06-13 11:45:00,16.5,16.7,16.2,16.6,37825,668200,21.78,16.5,16.6
4663,2021-06-13 11:46:00,16.5,16.7,16.2,16.6,37825,668200,21.78,16.5,16.6
4664,2021-06-13 11:47:00,16.5,16.7,16.2,16.6,37825,668200,21.78,16.5,16.6
4665,2021-06-13 11:48:00,16.5,16.7,16.2,16.6,37825,668200,21.78,16.5,16.6
4666,2021-06-13 11:49:00,16.5,16.7,16.2,16.6,37825,668200,21.78,16.5,16.6
4667,2021-06-13 11:50:00,16.5,16.7,16.2,16.6,37825,668200,21.78,16.5,16.6
4668,2021-06-13 11:51:00,16.5,16.7,16.2,16.6,37825,668200,21.78,16.5,16.6
4669,2021-06-13 11:52:00,16.5,16.7,16.2,16.6,37825,668200,21.78,16.5,16.6
4670,2021-06-13 11:53:00,16.5,16.7,16.2,16.6,37825,668200,21.78,16.5,16.6
4671,2021-06-13 11:54:00,16.5,16.7,16.2,16.6,37825,668200,21.78,16.5,16.6
4672,2021-06-13 11:55:00,16.5,16.7,16.2,16.6,37825,668200,21.78,16.5,16.6
4673,2021-06-13 11:56:00,16.5,16.7,16.2,16.6,37825,668200,21.78,16.5,16.6
4674,2021-06-13 11:57:00,16.5,16.7,16.2,16.6,37825,668200,21.78,16.5,16.6
4675,2021-06-13 11:58:00,16.5,16.7,16.2,16.6,37825,668200,21.78,16.5,16.6
4676,2021-06-13 11:59:00,16.5,16.7,16.2,16.6,37825,668200,21.78,16.5,16.6
4677,2021-06-13 12:00:00,16.5,16.7,16.2,16.6,37825,668200,21.78,16.5,16.6
4678,2021-06-13 12:01:00,16.5,16.7,16.2,16.6,37825,668200,21.78,16.5,16.6
4679,2021-06-13 12:02:00,16.5,16.7,16.2,16.6,37825,668200,21.78,16.5,16.6
4680,2021-06-13 12:03:00,16.5,16.7,16.2,16.6,37825,668200,21.78,16.5,16.6
4681,2021-06-13 12:04:00,16.5,16.7,16.2,16.6,37825,668200,21.78,16.5,16.6
4682,2021-06-13 12:05:00,16.5,16.7,16.2,16.6,37825,668200,21.78,16.5,16.6
4683,2021-06-13 12:06:00,16.5,16.7,16.2,16.6,37825,668200,21.78,16.5,16.6
4684,2021-06-13 12:07:00,16.5,16.7,16.2,16.6,37825,668200,21.78,16.5,16.6
4685,2021-06-13 12:08:00,16.5,16.7,16.2,16.6,37825,668200,21.78,16.5,16.6
4686,2021-06-13 12:09:00,16.5,16.7,16.2,16.6,37825,668200,21.78,16.5,16.6
4687,2021-06-13 12:10:00,16.5,16.7,16.2,16.6,37825,668200,21.78,16.5,16.6
4688,2021-06-13 12:11:00,16.5,16.7,16.2,16.6,37825,668200,21.78,16.5,16.6
4689,2021-06-13 12:12:00,16.5,16.7,16.2,16.6,37825,668200,21.78,16.5,16.6
4690,2021-06-13 12:13:00,16.5,16.7,16.2,16.6,37825,668200,21.78,16.5,16.6
4691,2021-06-13 12:14:00,16.5,16.7,16.2,16.6,37825,668200,21.78,16.5,16.6
4692,2021-06-13 12:15:00,16.5,16.7,16.2,16.6,37825,668200,21.78,16.5,16.6
4693,2021-06-13 12:16:00,16.5,16.7,16.2,16.6,37825,668200,21.78,16.5,16.6
4694,2021-06-13 12:17:00,16.5,16.7,16.2,16.6,37825,668200,21.78,16.5,16.6
4695,2021-06-13 12:18:00,16.5,16.7,16.2,16.6,37825,668200,21.78,16.5,16.6
4696,2021-06-13 12:19:00,16.5,16.7,16.2,16.6,37825,668200,21.78,16.5,16.6
4697,2021-06-13 12:20:00,16.5,16.7,16.2,16.6,37825,668200,21.78,16.5,16.6
4698,2021-06-13 12:21:00,16.5,16.7,16.2,16.6,37825,668200,21.78,16.5,16.6
4699,2021-06-13 12:22:00,16.5,16.7,16.2,16.6,37825,668200,21.78,16.5,16.6
4700,2021-06-13 12:23:00,16.5,16.7,16.2,16.6,37825,668200,21.78,16.5,16.6
4701,2021-06-13 12:24:00,16.5,16.7,16.2,16.6,37825,668200,21.78,16.5,16.6
4702,2021-06-13 12:25:00,16.5,16.7,16.2,16.6,37825,668200,21.78,16.5,16.6
4703,2021-06-13 12:26:00,16.5,16.7,16.2,16.6,37825,668200,21.78,16.5,16.6
4704,2021-06-13 12:27:00,16.5,16.7,16.2,16.6,37825,668200,21.78,16.5,16.6
4705,2021-06-13 12:28:00,16.5,16.7,16.2,16.6,37825,668200,21.78,16.5,16.6
4706,2021-06-13 12:29:00,16.5,16.7,16.2,16.6,37825,668200,21.78,16.5,16.6
4707,2021-06-13 12:30:00,16.5,16.7,16.2,16.6,37825,668200,21.78,16.5,16.6
4708,2021-06-13 12:31:00,16.5,16.7,16.2,16.6,37825,668200,21.78,16.5,16.6
4709,2021-06-13 12:32:00,16.5,16.7,16.2,16.6,37825,668200,21.78,16.5,16.6
4710,2021-06-13 12:33:00,16.5,16.7,16.2,16.6,37825,668200,21.78,16.5,16.6
4711,2021-06-13 12:34:00,16.5,16.7,16.2,16.6,37825,668200,21.78,16.5,16.6
4712,2021-06-13 12:35:00,16.5,16.7,16.2,16.6,37825,668200,21.78,16.5,16.6
4713,2021-06-13 12:36:00,16.5,16.7,16.2,16.6,37825,668200,21.78,16.5,16.6
4714,2021-06-13 12:37:00,16.5,16.7,16.2,16.6,37825,668200,21.78,16.5,16.6
4715,2021-06-13 12:38:00,16.5,16.7,16.2,16.6,37825,668200,21.78,16.5,16.6
4716,2021-06-13 12:39:00,16.5,16.7,16.2,16.6,37825,668200,21.78,16.5,16.6
4717,2021-06-13 12:40:00,16.5,16.7,16.2,16.6,37825,668200,21.78,16.5,16.6
4718,2021-06-13 12:41:00,16.5,16.7,16.2,16.6,37825,668200,21.78,16.5,16.6
4719,2021-06-13 12:42:00,16.5,16.7,16.2,16.6,37825,668200,21.78,16.5,16.6
4720,2021-06-13 12:43:00,16.5,16.7,16.2,16.6,37825,668200,21.78,16.5,16.6
4721,2021-06-13 12:44:00,16.5,16.7,16.2,16.6,37825,668200,21.78,16.5,16.6
4722,2021-06-13 12:45:00,16.5,16.7,16.2,16.6,37825,668200,21.78,16.5,16.6
4723,2021-06-13 12:46:00,16.5,16.7,16.2,16.6,37825,668200,21.78,16.5,16.6
4724,2021-06-13 12:47:00,16.5,16.7,16.2,16.6,37825,668200,21.78,16.5,16.6
4725,2021-06-13 12:48:00,16.5,16.7,16.2,16.6,37825,668200,21.78,16.5,16.6
4726,2021-06-13 12:49:00,16.5,16.7,16.2,16.6,37825,668200,21.78,16.5,16.6
4727,2021-06-13 12:50:00,16.5,16.7,16.2,16.6,37825,668200,21.78,16.5,16.6
4728,2021-06-13 12:51:00,16.5,16.7,16.2,16.6,37825,668200,21.78,16.5,16.6
4729,2021-06-13 12:52:00,16.5,16.7,16.2,16.6,37825,668200,21.78,16.5,16.6
4730,2021-06-13 12:53:00,16.5,16.7,16.2,16.6,37825,668200,21.78,16.5,16.6
4731,2021-06-13 12:54:00,16.5,16.7,16.2,16.6,37825,668200,21.78,16.5,16.6
4732,2021-06-13 12:55:00,16.5,16.7,16.2,16.6,37825,668200,21.78,16.5,16.6
4733,2021-06-13 12:56:00,16.5,16.7,16.2,16.6,37825,668200,21.78,16.5,16.6
4734,2021-06-13 12:57:00,16.5,16.7,16.2,16.6,37825,668200,21.78,16.5,16.6
4735,2021-06-13 12:58:00,16.5,16.7,16.2,16.6,37825,668200,21.78,16.5,16.6
4736,2021-06-13 12:59:00,16.5,16.7,16.2,16.6,37825,668200,21.78,16.5,16.6
4737,2021-06-13 13:00:00,16.5,16.7,16.2,16.6,37825,668200,21.78,16.5,16.6
4738,2021-06-13 13:01:00,16.5,16.7,16.2,16.6,37825,668200,21.78,16.5,16.6
4739,2021-06-13 13:02:00,16.5,16.7,16.2,16.6,37825,668200,21.78,16.5,16.6
4740,2021-06-13 13:03:00,16.5,16.7,16.2,16.6,37825,668200,21.78,16.5,16.6
4741,2021-06-13 13:04:00,16.5,16.7,16.2,16.6,37825,668200,21.78,16.5,16.6
4742,2021-06-13 13:05:00,16.5,16.7,16.2,16.6,37825,668200,21.78,16.5,16.6
4743,2021-06-13 13:06:00,16.5,16.7,16.2,16.6,37825,668200,21.78,16.5,16.6
4744,2021-06-13 13:07:00,16.5,16.7,16.2,16.6,37825,668200,21.78,16.5,16.6
4745,2021-06-13 13:08:00,16.5,16.7,16.2,16.6,37825,668200,21.78,16.5,16.6
4746,2021-06-13 13:09:00,16.5,16.7,16.2,16.6,37825,668200,21.78,16.5,16.6
4747,2021-06-13 13:10:00,16.5,16.7,16.2,16.6,37825,668200,21.78,16.5,16.6
4748,2021-06-13 13:11:00,16.5,16.7,16.2,16.6,37825,668200,21.78,16.5,16.6
4749,2021-06-13 13:12:00,16.5,16.7,16.2,16.6,37825,668200,21.78,16.5,16.6
4750,2021-06-13 13:13:00,16.5,16.7,16.2,16.6,37825,668200,21.78,16.5,16.6
4751,2021-06-13 13:14:00,16.5,16.7,16.2,16.6,37825,668200,21.78,16.5,16.6
4752,2021-06-13 13:15:00,16.5,16.7,16.2,16.6,37825,668200,21.78,16.5,16.6
4753,2021-06-13 13:16:00,16.5,16.7,16.2,16.6,37825,668200,21.78,16.5,16.6
4754,2021-06-13 13:17:00,16.5,16.7,16.2,16.6,37825,668200,21.78,16.5,16.6
4755,2021-06-13 13:18:00,16.5,16.7,16.2,16.6,37825,668200,21.78,16.5,16.6
4756,2021-06-13 13:19:00,16.5,16.7,16.2,16.6,37825,668200,21.78,16.5,16.6
4757,2021-06-13 13:20:00,16.5,16.7,16.2,16.6,37825,668200,21.78,16.5,16.6
4758,2021-06-13 13:21:00,16.5,16.7,16.2,16.6,37825,668200,21.78,16.5,16.6
4759,2021-06-13 13:22:00,16.5,16.7,16.2,16.6,37825,668200,21.78,16.5,16.6
4760,2021-06-13 13:23:00,16.5,16.7,16.2,16.6,37825,668200,21.78,16.5,16.6
4761,2021-06-13 13:24:00,16.5,16.7,16.2,16.6,37825,668200,21.78,16.5,16.6
4762,2021-06-13 13:25:00,16.5,16.7,16.2,16.6,37825,668200,21.78,16.5,16.6
4763,2021-06-13 13:26:00,16.5,16.7,16.2,16.6,37825,668200,21.78,16.5,16.6
4764,2021-06-13 13:27:00,16.5,16.7,16.2,16.6,37825,668200,21.78,16.5,16.6
4765,2021-06-13 13:28:00,16.5,16.7,16.2,16.6,37825,668200,21.78,16.5,16.6
4766,2021-06-13 13:29:00,16.5,16.7,16.2,16.6,37825,668200,21.78,16.5,16.6
4767,2021-06-13 13:30:00,16.5,16.7,16.2,16.6,37825,668200,21.78,16.5,16.6
4768,2021-06-13 13:31:00,16.5,16.7,16.2,16.6,37825,668200,21.78,16.5,16.6
4769,2021-06-13 13:32:00,16.5,16.7,16.2,16.6,37825,668200,21.78,16.5,16.6
4770,2021-06-13 13:33:00,16.5,16.7,16.2,16.6,37825,668200,21.78,16.5,16.6
4771,2021-06-13 13:34:00,16.5,16.7,16.2,16.6,37825,668200,21.78,16.5,16.6
4772,2021-06-13 13:35:00,16.5,16.7,16.2,16.6,37825,668200,21.78,16.5,16.6
4773,2021-06-13 13:36:00,16.5,16.7,16.2,16.6,37825,668200,21.78,16.5,16.6
4774,2021-06-13 13:37:00,16.5,16.7,16.2,16.6,37825,668200,21.78,16.5,16.6
4775,2021-06-13 13:38:00,16.5,16.7,16.2,16.6,37825,668200,21.78,16.5,16.6
4776,2021-06-13 13:39:00,16.5,16.7,16.2,16.6,37825,668200,21.78,16.5,16.6
4777,2021-06-13 13:40:00,16.5,16.7,16.2,16.6,37825,668200,21.78,16.5,16.6
4778,2021-06-13 13:41:00,16.5,16.7,16.2,16.6,37825,668200,21.78,16.5,16.6
4779,2021-06-13 13:42:00,16.5,16.7,16.2,16.6,37825,668200,21.78,16.5,16.6
4780,2021-06-13 13:43:00,16.5,16.7,16.2,16.6,37825,668200,21.78,16.5,16.6
4781,2021-06-13 13:44:00,16.5,16.7,16.2,16.6,37825,668200,21.78,16.5,16.6
4782,2021-06-13 13:45:00,16.5,16.7,16.2,16.6,37825,668200,21.78,16.5,16.6
4783,2021-06-13 13:46:00,16.5,16.7,16.2,16.6,37825,668200,21.78,16.5,16.6
4784,2021-06-13 13:47:00,16.5,16.7,16.2,16.6,37825,668200,21.78,16.5,16.6
4785,2021-06-13 13:48:00,16.5,16.7,16.2,16.6,37825,668200,21.78,16.5,16.6
4786,2021-06-13 13:49:00,16.5,16.7,16.2,16.6,37825,668200,21.78,16.5,16.6
4787,2021-06-13 13:50:00,16.5,16.7,16.2,16.6,37825,668200,21.78,16.5,16.6
4788,2021-06-13 13:51:00,16.5,16.7,16.2,16.6,37825,668200,21.78,16.5,16.6
4789,2021-06-13 13:52:00,16.5,16.7,16.2,16.6,37825,668200,21.78,16.5,16.6
4790,2021-06-13 13:53:00,16.5,16.7,16.2,16.6,37825,668200,21.78,16.5,16.6
4791,2021-06-13 13:54:00,16.5,16.7,16.2,16.6,37825,668200,21.78,16.5,16.6
4792,2021-06-13 13:55:00,16.5,16.7,16.2,16.6,37825,668200,21.78,16.5,16.6
4793,2021-06-13 13:56:00,16.5,16.7,16.2,16.6,37825,668200,21.78,16.5,16.6
4794,2021-06-13 13:57:00,16.5,16.7,16.2,16.6,37825,668200,21.78,16.5,16.6
4795,2021-06-13 13:58:00,16.5,16.7,16.2,16.6,37825,668200,21.78,16.5,16.6
4796,2021-06-13 13:59:00,16.5,16.7,16.2,16.6,37825,668200,21.78,16.5,16.6
4797,2021-06-13 14:00:00,16.5,16.7,16.2,16.6,37825,668200,21.78,16.5,16.6
4798,2021-06-13 14:01:00,16.5,16.7,16.2,16.6,37825,668200,21.78,16.5,16.6
4799,2021-06-13 14:02:00,16.5,16.7,16.2,16.6,37825,668200,21.78,16.5,16.6
4800,2021-06-13 14:03:00,16.5,16.7,16.2,16.6,37825,668200,21.78,16.5,16.6
4801,2021-06-13 14:04:00,16.5,16.7,16.2,16.6,37825,668200,21.78,16.5,16.6
4802,2021-06-13 14:05:00,16.5,16.7,16.2,16.6,37825,668200,21.78,16.5,16.6
4803,2021-06-13 14:06:00,16.5,16.7,16.2,16.6,37825,668200,21.78,16.5,16.6
4804,2021-06-13 14:07:00,16.5,16.7,16.2,16.6,37825,668200,21.78,16.5,16.6
4805,2021-06-13 14:08:00,16.5,16.7,16.2,16.6,37825,668200,21.78,16.5,16.6
4806,2021-06-13 14:09:00,16.5,16.7,16.2,16.6,37825,668200,21.78,16.5,16.6
4807,2021-06-13 14:10:00,16.5,16.7,16.2,16.6,37825,668200,21.78,16.5,16.6
4808,2021-06-13 14:11:00,16.5,16.7,16.2,16.6,37825,668200,21.78,16.5,16.6
4809,2021-06-13 14:12:00,16.5,16.7,16.2,16.6,37825,668200,21.78,16.5,16.6
4810,2021-06-13 14:13:00,16.5,16.7,16.2,16.6,37825,668200,21.78,16.5,16.6
4811,2021-06-13 14:14:00,16.5,16.7,16.2,16.6,37825,668200,21.78,16.5,16.6
4812,2021-06-13 14:15:00,16.5,16.7,16.2,16.6,37825,668200,21.78,16.5,16.6
4813,2021-06-13 14:16:00,16.5,16.7,16.2,16.6,37825,668200,21.78,16.5,16.6
4814,2021-06-13 14:17:00,16.5,16.7,16.2,16.6,37825,668200,21.78,16.5,16.6
4815,2021-06-13 14:18:00,16.5,16.7,16.2,16.6,37825,668200,21.78,16.5,16.6
4816,2021-06-13 14:19:00,16.5,16.7,16.2,16.6,37825,668200,21.78,16.5,16.6
4817,2021-06-13 14:20:00,16.5,16.7,16.2,16.6,37825,668200,21.78,16.5,16.6
4818,2021-06-13 14:21:00,16.5,16.7,16.2,16.6,37825,668200,21.78,16.5,16.6
4819,2021-06-13 14:22:00,16.5,16.7,16.2,16.6,37825,668200,21.78,16.5,16.6
4820,2021-06-13 14:23:00,16.5,16.7,16.2,16.6,37825,668200,21.78,16.5,16.6
4821,2021-06-13 14:24:00,16.5,16.7,16.2,16.6,37825,668200,21.78,16.5,16.6
4822,2021-06-13 14:25:00,16.5,16.7,16.2,16.6,37825,668200,21.78,16.5,16.6
4823,2021-06-13 14:26:00,16.5,16.7,16.2,16.6,37825,668200,21.78,16.5,16.6
4824,2021-06-13 14:27:00,16.5,16.7,16.2,16.6,37825,668200,21.78,16.5,16.6
4825,2021-06-13 14:28:00,16.5,16.7,16.2,16.6,37825,668200,21.78,16.5,16.6
4826,2021-06-13 14:29:00,16.5,16.7,16.2,16.6,37825,668200,21.78,16.5,16.6
4827,2021-06-13 14:30:00,16.5,16.7,16.2,16.6,37825,668200,21.78,16.5,16.6
4828,2021-06-13 14:31:00,16.5,16.7,16.2,16.6,37825,668200,21.78,16.5,16.6
4829,2021-06-13 14:32:00,16.5,16.7,16.2,16.6,37825,668200,21.78,16.5,16.6
4830,2021-06-13 14:33:00,16.5,16.7,16.2,16.6,37825,668200,21.78,16.5,16.6
4831,2021-06-13 14:34:00,16.5,16.7,16.2,16.6,37825,668200,21.78,16.5,16.6
4832,2021-06-13 14:35:00,16.5,16.7,16.2,16.6,37825,668200,21.78,16.5,16.6
4833,2021-06-13 14:36:00,16.5,16.7,16.2,16.6,37825,668200,21.78,16.5,16.6
4834,2021-06-13 14:37:00,16.5,16.7,16.2,16.6,37825,668200,21.78,16.5,16.6
4835,2021-06-13 14:38:00,16.5,16.7,16.2,16.6,37825,668200,21.78,16.5,16.6
4836,2021-06-13 14:39:00,16.5,16.7,16.2,16.6,37825,668200,21.78,16.5,16.6
4837,2021-06-13 14:40:00,16.5,16.7,16.2,16.6,37825,668200,21.78,16.5,16.6
4838,2021-06-13 14:41:00,16.5,16.7,16.2,16.6,37825,668200,21.78,16.5,16.6
4839,2021-06-13 14:42:00,16.5,16.7,16.2,16.6,37825,668200,21.78,16.5,16.6
4840,2021-06-13 14:43:00,16.5,16.7,16.2,16.6,37825,668200,21.78,16.5,16.6
4841,2021-06-13 14:44:00,16.5,16.7,16.2,16.6,37825,668200,21.78,16.5,16.6
4842,2021-06-13 14:45:00,16.5,16.7,16.2,16.6,37825,668200,21.78,16.5,16.6
4843,2021-06-13 14:46:00,16.5,16.7,16.2,16.6,37825,668200,21.78,16.5,16.6
4844,2021-06-13 14:47:00,16.5,16.7,16.2,16.6,37825,668200,21.78,16.5,16.6
4845,2021-06-13 14:48:00,16.5,16.7,16.2,16.6,37825,668200,21.78,16.5,16.6
4846,2021-06-13 14:49:00,16.5,16.7,16.2,16.6,37825,668200,21.78,16.5,16.6
4847,2021-06-13 14:50:00,16.5,16.7,16.2,16.6,37825,668200,21.78,16.5,16.6
4848,2021-06-13 14:51:00,16.5,16.7,16.2,16.6,37825,668200,21.78,16.5,16.6
4849,2021-06-13 14:52:00,16.5,16.7,16.2,16.6,37825,668200,21.78,16.5,16.6
4850,2021-06-13 14:53:00,16.5,16.7,16.2,16.6,37825,668200,21.78,16.5,16.6
4851,2021-06-13 14:54:00,16.5,16.7,16.2,16.6,37825,668200,21.78,16.5,16.6
4852,2021-06-13 14:55:00,16.5,16.7,16.2,16.6,37825,668200,21.78,16.5,16.6
4853,2021-06-13 14:56:00,16.5,16.7,16.2,16.6,37825,668200,21.78,16.5,16.6
4854,2021-06-13 14:57:00,16.5,16.7,16.2,16.6,37825,668200,21.78,16.5,16.6
4855,2021-06-13 14:58:00,16.5,16.7,16.2,16.6,37825,668200,21.78,16.5,16.6
4856,2021-06-13 14:59:00,16.5,16.7,16.2,16.6,37825,668200,21.78,16.5,16.6
4857,2021-06-13 15:00:00,16.5,16.7,16.2,16.6,37825,668200,21.78,16.5,16.6
4858,2021-06-13 15:01:00,16.5,16.7,16.2,16.6,37825,668200,21.78,16.5,16.6
4859,2021-06-13 15:02:00,16.5,16.7,16.2,16.6,37825,668200,21.78,16.5,16.6
4860,2021-06-13 15:03:00,16.5,16.7,16.2,16.6,37825,668200,21.78,16.5,16.6
4861,2021-06-13 15:04:00,16.5,16.7,16.2,16.6,37825,668200,21.78,16.5,16.6
4862,2021-06-13 15:05:00,16.5,16.7,16.2,16.6,37825,668200,21.78,16.5,16.6
4863,2021-06-13 15:06:00,16.5,16.7,16.2,16.6,37825,668200,21.78,16.5,16.6
4864,2021-06-13 15:07:00,16.5,16.7,16.2,16.6,37825,668200,21.78,16.5,16.6
4865,2021-06-13 15:08:00,16.5,16.7,16.2,16.6,37825,668200,21.78,16.5,16.6
4866,2021-06-13 15:09:00,16.5,16.7,16.2,16.6,37825,668200,21.78,16.5,16.6
4867,2021-06-13 15:10:00,16.5,16.7,16.2,16.6,37825,668200,21.78,16.5,16.6
4868,2021-06-13 15:11:00,16.5,16.7,16.2,16.6,37825,668200,21.78,16.5,16.6
4869,2021-06-13 15:12:00,16.5,16.7,16.2,16.6,37825,668200,21.78,16.5,16.6
4870,2021-06-13 15:13:00,16.5,16.7,16.2,16.6,37825,668200,21.78,16.5,16.6
4871,2021-06-13 15:14:00,16.5,16.7,16.2,16.6,37825,668200,21.78,16.5,16.6
4872,2021-06-13 15:15:00,16.5,16.7,16.2,16.6,37825,668200,21.78,16.5,16.6
4873,2021-06-13 15:16:00,16.5,16.7,16.2,16.6,37825,668200,21.78,16.5,16.6
4874,2021-06-13 15:17:00,16.5,16.7,16.2,16.6,37825,668200,21.78,16.5,16.6
4875,2021-06-13 15:18:00,16.5,16.7,16.2,16.6,37825,668200,21.78,16.5,16.6
4876,2021-06-13 15:19:00,16.5,16.7,16.2,16.6,37825,668200,21.78,16.5,16.6
4877,2021-06-13 15:20:00,16.5,16.7,16.2,16.6,37825,668200,21.78,16.5,16.6
4878,2021-06-13 15:21:00,16.5,16.7,16.2,16.6,37825,668200,21.78,16.5,16.6
4879,2021-06-13 15:22:00,16.5,16.7,16.2,16.6,37825,668200,21.78,16.5,16.6
4880,2021-06-13 15:23:00,16.5,16.7,16.2,16.6,37825,668200,21.78,16.5,16.6
4881,2021-06-13 15:24:00,16.5,16.7,16.2,16.6,37825,668200,21.78,16.5,16.6
4882,2021-06-13 15:25:00,16.5,16.7,16.2,16.6,37825,668200,21.78,16.5,16.6
4883,2021-06-13 15:26:00,16.5,16.7,16.2,16.6,37825,668200,21.78,16.5,16.6
4884,2021-06-13 15:27:00,16.5,16.7,16.2,16.6,37825,668200,21.78,16.5,16.6
4885,2021-06-13 15:28:00,16.5,16.7,16.2,16.6,37825,668200,21.78,16.5,16.6
4886,2021-06-13 15:29:00,16.5,16.7,16.2,16.6,37825,668200,21.78,16.5,16.6
4887,2021-06-13 15:30:00,16.5,16.7,16.2,16.6,37825,668200,21.78,16.5,16.6
4888,2021-06-14 09:15:00,17.15,20.0,15.0,19.6,58575,661625,18.73,19.45,19.6
4889,2021-06-14 09:16:00,19.6,19.6,18.0,18.75,28400,661625,18.7,18.7,18.85
4890,2021-06-14 09:17:00,18.85,19.5,18.8,18.9,44200,673425,18.82,18.85,19.0
4891,2021-06-14 09:18:00,18.95,19.0,18.35,18.4,35400,673425,18.8,18.35,18.45
4892,2021-06-14 09:19:00,18.4,19.7,18.3,19.45,40700,673425,18.85,19.4,19.5
4893,2021-06-14 09:20:00,19.55,22.35,19.55,21.7,132375,690475,19.81,21.7,21.85
4894,2021-06-14 09:21:00,22.1,23.3,22.0,22.9,82225,690475,20.37,22.8,22.9
4895,2021-06-14 09:22:00,22.85,24.6,22.0,23.85,57900,690475,20.7,23.8,23.95
4896,2021-06-14 09:23:00,23.7,24.0,23.05,23.45,55125,740550,21.0,23.35,23.5
4897,2021-06-14 09:24:00,23.4,24.25,23.05,23.65,38600,740550,21.16,23.6,23.7
4898,2021-06-14 09:25:00,23.45,27.3,23.15,26.1,87450,740550,21.64,25.95,26.15
4899,2021-06-14 09:26:00,25.95,27.25,25.4,25.75,52450,744225,21.99,25.65,25.75
4900,2021-06-14 09:27:00,25.75,26.75,25.65,26.05,39450,744225,22.21,26.1,26.2
4901,2021-06-14 09:28:00,26.3,29.0,25.65,28.1,66950,744225,22.64,27.95,28.15
4902,2021-06-14 09:29:00,27.7,43.5,27.7,42.65,146350,730800,24.65,42.6,42.85
4903,2021-06-14 09:30:00,44.8,73.65,44.8,61.75,302650,730800,33.4,61.55,61.8
4904,2021-06-14 09:31:00,60.8,67.95,59.2,67.5,170825,730800,36.86,67.35,67.85
4905,2021-06-14 09:32:00,67.65,69.05,58.8,61.1,141950,719850,39.31,60.85,61.2
4906,2021-06-14 09:33:00,60.35,64.85,59.75,60.95,64000,719850,40.2,60.85,61.1
4907,2021-06-14 09:34:00,60.7,60.85,58.3,59.65,86100,719850,41.15,59.3,59.6
4908,2021-06-14 09:35:00,59.0,59.45,47.75,48.25,104650,743550,41.78,48.2,48.35
4909,2021-06-14 09:36:00,48.3,51.0,44.3,44.45,70775,743550,42.02,44.3,44.5
4910,2021-06-14 09:37:00,43.85,45.05,39.75,41.5,94550,743550,42.03,41.3,41.5
4911,2021-06-14 09:38:00,41.0,41.9,38.0,38.35,71950,729100,41.95,38.1,38.3
4912,2021-06-14 09:39:00,38.45,40.9,37.8,39.25,50050,729100,41.88,39.2,39.45
4913,2021-06-14 09:40:00,39.3,42.8,38.5,41.85,45875,729100,41.87,41.75,41.85
4914,2021-06-14 09:41:00,41.35,42.15,38.9,39.15,39875,727650,41.84,39.25,39.4
4915,2021-06-14 09:42:00,39.3,39.75,37.3,38.95,25300,727650,41.81,38.9,39.1
4916,2021-06-14 09:43:00,39.35,40.1,36.05,37.5,31575,727650,41.75,37.4,37.55
4917,2021-06-14 09:44:00,37.35,37.7,36.15,37.45,18450,737750,41.72,37.3,37.45
4918,2021-06-14 09:45:00,37.65,40.55,36.5,39.25,33025,737750,41.67,39.15,39.25
4919,2021-06-14 09:46:00,39.35,39.9,38.1,38.85,27925,737750,41.64,38.75,38.9
4920,2021-06-14 09:47:00,39.1,40.2,38.9,39.45,19175,749625,41.62,39.4,39.6
4921,2021-06-14 09:48:00,39.45,39.6,38.35,39.55,31725,749625,41.59,39.5,39.6
4922,2021-06-14 09:49:00,39.85,40.0,37.35,37.35,23300,749625,41.56,37.35,37.45
4923,2021-06-14 09:50:00,37.35,37.9,36.15,37.4,64500,732600,41.43,37.45,37.6
4924,2021-06-14 09:51:00,37.1,37.4,36.3,36.3,21625,732600,41.39,36.25,36.45
4925,2021-06-14 09:52:00,36.35,36.75,34.7,35.05,21225,732600,41.34,35.1,35.25
4926,2021-06-14 09:53:00,35.15,36.0,34.75,34.95,17325,724625,41.3,34.9,35.1
4927,2021-06-14 09:54:00,34.7,35.4,32.65,33.05,20300,724625,41.24,33.0,33.15
4928,2021-06-14 09:55:00,32.85,33.0,31.0,32.4,39525,724625,41.1,32.2,32.3
4929,2021-06-14 09:56:00,32.2,32.9,30.7,31.85,21300,722875,41.02,31.75,31.85
4930,2021-06-14 09:57:00,31.85,31.85,27.95,27.95,38250,722875,40.87,27.75,27.9
4931,2021-06-14 09:58:00,28.45,28.45,25.9,27.25,45725,722875,40.64,27.15,27.3
4932,2021-06-14 09:59:00,27.0,28.1,26.2,28.0,25375,725725,40.51,27.85,28.0
4933,2021-06-14 10:00:00,28.0,28.15,27.0,28.1,18625,725725,40.42,28.0,28.15
4934,2021-06-14 10:01:00,27.8,27.95,26.3,27.95,30450,725725,40.28,27.95,28.0
4935,2021-06-14 10:02:00,28.0,29.25,27.35,29.15,30600,734600,40.15,29.15,29.3
4936,2021-06-14 10:03:00,29.15,30.55,29.15,30.05,21825,734600,40.07,30.0,30.15
4937,2021-06-14 10:04:00,29.95,30.0,28.65,29.3,19600,734600,40.0,29.25,29.4
4938,2021-06-14 10:05:00,29.25,29.25,25.8,27.45,27200,745650,39.88,27.5,27.65
4939,2021-06-14 10:06:00,27.25,28.95,27.2,28.7,23900,745650,39.78,28.6,28.7
4940,2021-06-14 10:07:00,28.65,29.0,26.7,27.05,24650,745650,39.68,26.95,27.1
4941,2021-06-14 10:08:00,27.05,27.65,26.8,27.2,18225,734250,39.6,27.25,27.35
4942,2021-06-14 10:09:00,27.1,27.8,26.7,27.4,11975,734250,39.55,27.3,27.4
4943,2021-06-14 10:10:00,27.1,27.75,25.35,25.35,63400,734250,39.27,25.25,25.35
4944,2021-06-14 10:11:00,25.5,25.85,24.75,24.95,15300,713200,39.2,24.8,24.9
4945,2021-06-14 10:12:00,24.8,25.15,23.95,24.65,14525,713200,39.13,24.8,24.95
4946,2021-06-14 10:13:00,24.7,25.0,22.75,23.2,21675,713200,39.02,23.0,23.15
4947,2021-06-14 10:14:00,23.15,24.7,23.15,24.15,20650,716575,38.92,24.15,24.25
4948,2021-06-14 10:15:00,24.05,24.35,23.45,23.9,25050,716575,38.8,23.8,23.9
4949,2021-06-14 10:16:00,24.0,24.65,23.05,23.6,21650,716575,38.7,23.6,23.7
4950,2021-06-14 10:17:00,23.65,23.85,23.15,23.2,20375,715500,38.6,23.15,23.25
4951,2021-06-14 10:18:00,23.2,23.5,22.7,23.1,19425,715500,38.5,23.0,23.2
4952,2021-06-14 10:19:00,23.0,23.7,22.7,23.15,30500,715500,38.36,23.1,23.2
4953,2021-06-14 10:20:00,23.25,23.5,22.0,22.25,15775,715875,38.28,22.25,22.35
4954,2021-06-14 10:21:00,22.3,22.35,21.55,22.0,15075,715875,38.21,22.0,22.1
4955,2021-06-14 10:22:00,22.0,22.7,21.9,22.6,9800,715875,38.16,22.6,22.75
4956,2021-06-14 10:23:00,22.75,22.75,22.0,22.25,12775,706100,38.1,22.2,22.3
4957,2021-06-14 10:24:00,22.3,22.3,21.25,22.15,20350,706100,38.0,22.1,22.15
4958,2021-06-14 10:25:00,22.05,22.15,21.3,21.85,16475,706100,37.91,21.85,21.9
4959,2021-06-14 10:26:00,21.85,23.1,21.65,22.5,22750,691850,37.81,22.5,22.65
4960,2021-06-14 10:27:00,22.5,22.75,21.85,22.5,8675,691850,37.77,22.4,22.5
4961,2021-06-14 10:28:00,22.4,22.9,22.4,22.85,4925,691850,37.75,22.75,22.9
4962,2021-06-14 10:29:00,22.7,22.8,21.6,22.45,8025,688925,37.71,22.35,22.5
4963,2021-06-14 10:30:00,22.5,23.5,22.25,23.5,11450,688925,37.66,23.5,23.55
4964,2021-06-14 10:31:00,23.7,24.4,23.3,23.4,16375,688925,37.59,23.45,23.6
4965,2021-06-14 10:32:00,23.4,23.5,22.9,22.9,4550,698225,37.57,22.9,23.0
4966,2021-06-14 10:33:00,23.0,23.05,22.4,22.4,8050,698225,37.53,22.35,22.45
4967,2021-06-14 10:34:00,22.45,22.8,22.0,22.7,7725,698225,37.5,22.7,22.8
4968,2021-06-14 10:35:00,22.75,22.75,22.15,22.2,4425,701900,37.48,22.1,22.25
4969,2021-06-14 10:36:00,22.15,22.6,22.05,22.25,7600,701900,37.45,22.25,22.35
4970,2021-06-14 10:37:00,22.2,22.8,22.1,22.65,8525,701900,37.41,22.6,22.65
4971,2021-06-14 10:38:00,22.65,22.7,21.8,22.2,12925,706500,37.35,22.15,22.25
4972,2021-06-14 10:39:00,22.0,22.9,21.8,22.75,13825,706500,37.29,22.6,22.75
4973,2021-06-14 10:40:00,22.65,24.4,22.65,23.8,12600,706500,37.24,23.75,23.85
4974,2021-06-14 10:41:00,23.8,23.8,22.4,22.45,6125,706650,37.22,22.45,22.6
4975,2021-06-14 10:42:00,22.5,22.75,22.15,22.7,13700,706650,37.16,22.6,22.7
4976,2021-06-14 10:43:00,22.6,22.7,22.3,22.7,4300,706650,37.14,22.65,22.75
4977,2021-06-14 10:44:00,22.7,23.4,22.7,23.2,11975,708100,37.09,23.1,23.25
4978,2021-06-14 10:45:00,23.3,24.0,22.75,23.85,20925,708100,37.01,23.85,23.95
4979,2021-06-14 10:46:00,23.8,25.8,23.8,25.35,29925,708100,36.91,25.35,25.45
4980,2021-06-14 10:47:00,25.25,25.25,24.0,24.5,20350,721625,36.84,24.4,24.5
4981,2021-06-14 10:48:00,24.5,24.65,23.45,23.45,23625,721625,36.76,23.45,23.6
4982,2021-06-14 10:49:00,23.45,23.9,23.1,23.7,9600,721625,36.72,23.55,23.65
4983,2021-06-14 10:50:00,23.55,24.0,23.4,23.9,8925,731975,36.69,23.85,23.95
4984,2021-06-14 10:51:00,23.7,23.75,22.9,23.2,5600,731975,36.67,23.15,23.25
4985,2021-06-14 10:52:00,23.25,24.0,23.15,23.25,17825,731975,36.6,23.25,23.4
4986,2021-06-14 10:53:00,23.3,23.9,23.05,23.85,3750,726575,36.59,23.75,23.9
4987,2021-06-14 10:54:00,23.75,25.05,23.45,25.0,18425,726575,36.53,24.9,25.05
4988,2021-06-14 10:55:00,25.2,26.45,24.8,24.8,21000,726575,36.47,24.8,24.95
4989,2021-06-14 10:56:00,24.85,25.05,23.6,24.75,8075,730725,36.44,24.7,24.8
4990,2021-06-14 10:57:00,24.55,25.7,24.5,25.35,7300,730725,36.42,25.35,25.45
4991,2021-06-14 10:58:00,25.35,26.9,25.05,26.9,8225,730725,36.39,26.75,26.9
4992,2021-06-14 10:59:00,26.7,26.7,25.3,25.55,5500,732350,36.38,25.5,25.65
4993,2021-06-14 11:00:00,25.35,26.8,25.15,26.8,6400,732350,36.36,26.75,26.9
4994,2021-06-14 11:01:00,26.85,27.75,26.15,26.45,20275,732350,36.31,26.2,26.35
4995,2021-06-14 11:02:00,26.4,26.4,25.5,26.4,14275,736475,36.27,26.25,26.4
4996,2021-06-14 11:03:00,26.25,27.0,26.0,26.9,7900,736475,36.25,26.8,26.95
4997,2021-06-14 11:04:00,26.9,27.0,26.35,26.55,8050,736475,36.23,26.55,26.7
4998,2021-06-14 11:05:00,26.9,27.2,26.4,26.65,13200,738175,36.2,26.55,26.65
4999,2021-06-14 11:06:00,26.65,26.7,25.75,26.6,8700,738175,36.17,26.55,26.75
5000,2021-06-14 11:07:00,26.65,27.65,26.55,27.35,14225,738175,36.14,27.35,27.45
5001,2021-06-14 11:08:00,27.25,28.15,26.75,26.95,20125,744700,36.09,26.9,27.05
5002,2021-06-14 11:09:00,27.0,28.0,26.3,27.8,14400,744700,36.06,27.8,27.95
5003,2021-06-14 11:10:00,27.65,28.0,27.1,27.3,19750,744700,36.02,27.15,27.2
5004,2021-06-14 11:11:00,26.85,27.55,26.55,26.55,13175,751325,35.99,26.55,26.7
5005,2021-06-14 11:12:00,26.55,26.55,24.6,24.95,32625,751325,35.9,24.9,25.05
5006,2021-06-14 11:13:00,25.25,25.25,23.95,24.25,9975,751325,35.87,24.25,24.3
5007,2021-06-14 11:14:00,23.95,24.0,23.5,23.85,6800,747575,35.85,23.75,23.85
5008,2021-06-14 11:15:00,23.9,24.9,23.5,24.05,8400,747575,35.82,24.0,24.05
5009,2021-06-14 11:16:00,24.05,24.8,23.75,24.8,5950,747575,35.8,24.65,24.8
5010,2021-06-14 11:17:00,24.7,25.1,24.7,25.1,4275,751625,35.79,25.0,25.15
5011,2021-06-14 11:18:00,25.1,25.4,24.75,25.0,4475,751625,35.78,25.1,25.25
5012,2021-06-14 11:19:00,25.25,25.35,24.6,24.65,3575,751625,35.77,24.6,24.75
5013,2021-06-14 11:20:00,24.8,25.75,24.8,25.15,6625,755250,35.75,25.0,25.1
5014,2021-06-14 11:21:00,25.0,25.5,24.75,25.4,5625,755250,35.74,25.35,25.5
5015,2021-06-14 11:22:00,25.4,25.85,25.2,25.85,6850,755250,35.72,25.75,25.9
5016,2021-06-14 11:23:00,25.7,26.05,25.5,25.6,6100,753225,35.71,25.6,25.75
5017,2021-06-14 11:24:00,25.75,26.1,25.45,26.1,5750,753225,35.69,26.0,26.15
5018,2021-06-14 11:25:00,26.15,26.6,25.65,25.8,9500,753225,35.67,25.75,25.9
5019,2021-06-14 11:26:00,25.8,25.95,24.9,25.2,12300,756900,35.64,25.2,25.35
5020,2021-06-14 11:27:00,25.25,25.8,25.25,25.6,6525,756900,35.62,25.5,25.6
5021,2021-06-14 11:28:00,25.55,25.9,25.3,25.3,2675,756900,35.61,25.25,25.3
5022,2021-06-14 11:29:00,25.25,25.65,25.15,25.25,3925,760025,35.6,25.25,25.4
5023,2021-06-14 11:30:00,25.5,25.6,25.15,25.15,6600,760025,35.59,25.15,25.3
5024,2021-06-14 11:31:00,25.3,25.9,25.2,25.8,7000,760025,35.57,25.7,25.8
5025,2021-06-14 11:32:00,25.8,26.35,25.75,25.75,4800,764225,35.56,25.65,25.8
5026,2021-06-14 11:33:00,25.6,26.0,24.9,25.0,5625,764225,35.54,25.0,25.1
5027,2021-06-14 11:34:00,24.95,25.3,24.85,24.85,7600,764225,35.52,24.8,24.9
5028,2021-06-14 11:35:00,24.8,25.0,24.5,24.95,8425,763725,35.5,24.85,25.0
5029,2021-06-14 11:36:00,25.0,25.0,24.0,24.45,9150,763725,35.48,24.45,24.55
5030,2021-06-14 11:37:00,24.6,24.65,23.55,23.65,14275,763725,35.43,23.65,23.75
5031,2021-06-14 11:38:00,23.75,23.95,23.3,23.5,5625,765125,35.42,23.4,23.45
5032,2021-06-14 11:39:00,23.15,23.15,22.2,22.7,13500,765125,35.38,22.6,22.7
5033,2021-06-14 11:40:00,22.5,22.55,22.0,22.55,23450,765125,35.3,22.55,22.7
5034,2021-06-14 11:41:00,22.6,22.85,21.7,21.95,26375,750200,35.22,21.85,21.95
5035,2021-06-14 11:42:00,22.0,22.0,21.4,21.5,11200,750200,35.18,21.5,21.6
5036,2021-06-14 11:43:00,21.45,22.2,21.4,21.85,11950,750200,35.14,21.85,21.9
5037,2021-06-14 11:44:00,21.85,22.3,21.55,22.3,4825,743625,35.13,22.2,22.25
5038,2021-06-14 11:45:00,22.2,22.6,21.95,22.0,7950,743625,35.1,21.85,22.0
5039,2021-06-14 11:46:00,22.0,22.15,21.1,21.2,11125,743625,35.07,21.15,21.3
5040,2021-06-14 11:47:00,21.3,21.65,21.1,21.65,6875,743625,35.05,21.5,21.6
5041,2021-06-14 11:48:00,21.7,21.75,21.35,21.7,3350,739625,35.03,21.5,21.6
5042,2021-06-14 11:49:00,21.5,22.2,21.35,22.0,2150,739625,35.03,21.9,22.05
5043,2021-06-14 11:50:00,22.1,22.15,21.55,21.7,3350,739625,35.02,21.6,21.7
5044,2021-06-14 11:51:00,21.55,22.0,21.5,22.0,3575,741050,35.01,21.95,22.1
5045,2021-06-14 11:52:00,22.1,22.2,21.55,21.55,1900,741050,35.0,21.55,21.7
5046,2021-06-14 11:53:00,21.6,22.0,21.6,21.95,3375,741050,34.99,21.75,21.9
5047,2021-06-14 11:54:00,21.75,21.9,21.5,21.8,5475,741700,34.97,21.8,21.9
5048,2021-06-14 11:55:00,21.85,21.9,19.3,19.45,65700,741700,34.75,19.35,19.45
5049,2021-06-14 11:56:00,19.5,19.55,18.0,19.3,36950,741700,34.61,19.25,19.35
5050,2021-06-14 11:57:00,19.25,20.3,18.8,20.15,139225,750800,34.14,20.1,20.15
5051,2021-06-14 11:58:00,20.05,20.5,19.4,19.9,17650,750800,34.09,19.8,19.95
5052,2021-06-14 11:59:00,19.75,20.1,19.4,19.4,9700,750800,34.06,19.4,19.5
5053,2021-06-14 12:00:00,19.5,19.5,19.0,19.15,6300,783350,34.04,19.1,19.2
5054,2021-06-14 12:01:00,19.05,19.15,18.7,19.0,5075,783350,34.02,18.95,19.05
5055,2021-06-14 12:02:00,18.95,19.75,18.9,19.45,12300,783350,33.98,19.35,19.45
5056,2021-06-14 12:03:00,19.4,19.4,19.0,19.1,8200,779075,33.95,19.15,19.25
5057,2021-06-14 12:04:00,19.3,19.7,19.25,19.6,9150,779075,33.92,19.6,19.7
5058,2021-06-14 12:05:00,19.65,19.7,19.0,19.65,5825,779075,33.9,19.55,19.7
5059,2021-06-14 12:06:00,19.55,20.55,19.5,19.95,15775,780825,33.86,19.9,20.0
5060,2021-06-14 12:07:00,19.75,19.95,19.2,19.3,9850,780825,33.82,19.25,19.4
5061,2021-06-14 12:08:00,19.25,19.5,19.0,19.45,6275,780825,33.8,19.45,19.55
5062,2021-06-14 12:09:00,19.55,20.4,19.35,20.1,4700,775200,33.79,20.15,20.25
5063,2021-06-14 12:10:00,20.3,20.95,19.85,20.95,8650,775200,33.77,20.9,21.0
5064,2021-06-14 12:11:00,20.9,21.0,20.05,20.4,8275,775200,33.74,20.4,20.5
5065,2021-06-14 12:12:00,20.4,20.9,20.35,20.75,6125,774375,33.72,20.7,20.8
5066,2021-06-14 12:13:00,20.7,21.0,20.25,20.4,6375,774375,33.71,20.35,20.45
5067,2021-06-14 12:14:00,20.45,20.5,20.05,20.5,4475,774375,33.69,20.45,20.55
5068,2021-06-14 12:15:00,20.55,20.55,19.7,19.85,5400,774725,33.68,19.85,19.95
5069,2021-06-14 12:16:00,19.85,20.15,19.35,19.65,3325,774725,33.67,19.55,19.7
5070,2021-06-14 12:17:00,19.55,20.2,19.55,20.2,7950,774725,33.64,20.1,20.2
5071,2021-06-14 12:18:00,20.05,20.6,20.0,20.05,6975,772700,33.62,20.0,20.1
5072,2021-06-14 12:19:00,20.2,21.8,20.2,21.4,18450,772700,33.57,21.35,21.45
5073,2021-06-14 12:20:00,21.45,21.5,20.4,20.95,9800,772700,33.55,20.9,21.05
5074,2021-06-14 12:21:00,20.9,21.5,20.4,21.0,7100,767325,33.53,21.05,21.15
5075,2021-06-14 12:22:00,20.9,20.95,20.35,20.35,6075,767325,33.51,20.35,20.45
5076,2021-06-14 12:23:00,20.35,20.9,20.35,20.75,4475,767325,33.5,20.7,20.8
5077,2021-06-14 12:24:00,20.7,20.9,20.6,20.85,4550,766700,33.49,20.8,20.85
5078,2021-06-14 12:25:00,20.95,21.1,20.75,20.8,5650,766700,33.47,20.7,20.8
5079,2021-06-14 12:26:00,20.5,21.05,20.3,20.9,4200,766700,33.46,20.9,21.0
5080,2021-06-14 12:27:00,20.95,21.2,20.6,20.7,3475,767825,33.45,20.65,20.8
5081,2021-06-14 12:28:00,20.7,20.9,20.45,20.6,3600,767825,33.44,20.55,20.65
5082,2021-06-14 12:29:00,20.3,20.85,20.2,20.65,4425,767825,33.43,20.55,20.7
5083,2021-06-14 12:30:00,20.5,20.8,19.8,20.2,11725,768675,33.4,20.25,20.4
5084,2021-06-14 12:31:00,20.15,20.55,20.15,20.55,3650,768675,33.39,20.45,20.55
5085,2021-06-14 12:32:00,20.45,20.45,19.8,20.15,5800,768675,33.37,20.0,20.15
5086,2021-06-14 12:33:00,19.9,19.9,19.55,19.8,5700,772825,33.35,19.7,19.85
5087,2021-06-14 12:34:00,19.8,20.1,19.6,20.1,2625,772825,33.35,20.1,20.2
5088,2021-06-14 12:35:00,20.2,20.45,20.0,20.45,4525,772825,33.33,20.3,20.4
5089,2021-06-14 12:36:00,20.4,20.45,20.05,20.05,3800,773250,33.32,20.0,20.15
5090,2021-06-14 12:37:00,20.0,20.4,20.0,20.2,3675,773250,33.31,20.25,20.3
5091,2021-06-14 12:38:00,20.25,20.6,20.0,20.45,7625,773250,33.29,20.4,20.55
5092,2021-06-14 12:39:00,20.4,20.75,20.4,20.75,2175,773700,33.29,20.65,20.75
5093,2021-06-14 12:40:00,20.6,21.15,20.6,20.9,8650,773700,33.26,20.85,20.95
5094,2021-06-14 12:41:00,20.85,21.3,20.85,21.0,5850,773700,33.25,20.95,21.1
5095,2021-06-14 12:42:00,21.05,21.1,20.75,20.85,4450,773950,33.24,20.9,21.0
5096,2021-06-14 12:43:00,20.75,21.0,20.65,20.7,4350,773950,33.23,20.65,20.8
5097,2021-06-14 12:44:00,20.65,20.7,20.05,20.2,3950,773950,33.21,20.15,20.25
5098,2021-06-14 12:45:00,20.15,20.5,19.7,20.25,9675,783575,33.19,20.15,20.3
5099,2021-06-14 12:46:00,20.15,20.8,20.15,20.55,3025,783575,33.18,20.5,20.6
5100,2021-06-14 12:47:00,20.45,20.65,19.7,20.3,6700,783575,33.16,20.3,20.45
5101,2021-06-14 12:48:00,20.45,20.45,20.15,20.35,4175,786975,33.15,20.25,20.35
5102,2021-06-14 12:49:00,20.2,20.35,19.9,20.1,775,786975,33.15,20.05,20.15
5103,2021-06-14 12:50:00,20.0,20.35,20.0,20.1,1050,786975,33.15,20.2,20.3
5104,2021-06-14 12:51:00,20.0,20.1,19.4,19.4,6025,787025,33.13,19.3,19.35
5105,2021-06-14 12:52:00,19.1,19.35,18.55,18.7,12300,787025,33.09,18.65,18.7
5106,2021-06-14 12:53:00,18.75,19.1,18.2,18.8,14700,787025,33.05,18.7,18.8
5107,2021-06-14 12:54:00,18.85,19.15,18.8,19.15,7175,783675,33.03,19.1,19.2
5108,2021-06-14 12:55:00,19.1,19.65,19.05,19.25,5200,783675,33.01,19.3,19.4
5109,2021-06-14 12:56:00,19.25,19.75,18.8,19.75,44250,783675,32.89,19.55,19.65
5110,2021-06-14 12:57:00,19.55,19.8,19.15,19.6,14025,796300,32.85,19.6,19.75
5111,2021-06-14 12:58:00,19.55,19.7,19.25,19.3,4100,796300,32.84,19.2,19.3
5112,2021-06-14 12:59:00,19.05,19.25,18.55,18.8,3175,796300,32.83,18.8,18.85
5113,2021-06-14 13:00:00,18.7,19.3,18.5,19.1,4025,796750,32.82,19.05,19.15
5114,2021-06-14 13:01:00,19.05,19.2,18.65,19.0,3775,796750,32.81,19.0,19.1
5115,2021-06-14 13:02:00,19.1,19.45,19.0,19.3,3100,796750,32.8,19.2,19.3
5116,2021-06-14 13:03:00,19.2,19.6,19.0,19.6,6425,796350,32.78,19.45,19.55
5117,2021-06-14 13:04:00,19.45,19.55,18.95,19.05,7600,796350,32.76,19.0,19.1
5118,2021-06-14 13:05:00,19.15,19.45,18.8,19.25,1650,796350,32.76,19.1,19.25
5119,2021-06-14 13:06:00,19.1,19.45,18.65,18.75,2900,800275,32.75,18.65,18.7
5120,2021-06-14 13:07:00,18.7,18.85,18.35,18.85,4925,800275,32.74,18.85,18.95
5121,2021-06-14 13:08:00,18.95,19.3,18.95,19.0,2350,800275,32.73,18.95,19.05
5122,2021-06-14 13:09:00,19.0,19.5,19.0,19.25,7100,801550,32.71,19.15,19.3
5123,2021-06-14 13:10:00,19.3,19.35,19.0,19.15,5725,801550,32.69,19.1,19.2
5124,2021-06-14 13:11:00,19.0,21.45,19.0,21.1,26950,801550,32.63,20.95,21.1
5125,2021-06-14 13:12:00,21.2,21.8,20.7,20.9,21575,798225,32.58,20.9,20.95
5126,2021-06-14 13:13:00,21.1,21.5,20.4,20.65,14725,798225,32.54,20.8,20.9
5127,2021-06-14 13:14:00,20.8,21.85,20.8,21.25,8675,798225,32.52,21.2,21.3
5128,2021-06-14 13:15:00,21.3,21.5,20.0,20.5,7775,798200,32.51,20.7,20.8
5129,2021-06-14 13:16:00,20.65,21.0,20.3,20.7,4900,798200,32.49,20.75,20.85
5130,2021-06-14 13:17:00,20.8,21.35,20.4,20.4,6950,798200,32.48,20.4,20.45
5131,2021-06-14 13:18:00,20.45,20.65,20.2,20.5,4200,797925,32.47,20.4,20.45
5132,2021-06-14 13:19:00,20.3,21.0,20.3,20.8,3575,797925,32.46,20.85,20.95
5133,2021-06-14 13:20:00,20.95,21.1,20.45,20.45,5900,797925,32.45,20.4,20.55
5134,2021-06-14 13:21:00,20.35,20.5,19.15,19.6,14475,798400,32.41,19.65,19.75
5135,2021-06-14 13:22:00,19.3,19.3,16.1,16.25,92075,798400,32.14,16.25,16.35
5136,2021-06-14 13:23:00,16.35,16.55,13.75,15.7,176525,798400,31.6,15.7,15.85
5137,2021-06-14 13:24:00,15.85,16.75,14.35,16.7,84400,787075,31.35,16.55,16.7
5138,2021-06-14 13:25:00,16.55,17.55,16.25,16.5,94700,787075,31.1,16.5,16.55
5139,2021-06-14 13:26:00,16.5,17.2,16.35,16.95,51250,787075,30.97,16.95,17.0
5140,2021-06-14 13:27:00,17.05,17.15,16.05,16.15,73750,758700,30.78,16.2,16.25
5141,2021-06-14 13:28:00,16.25,16.85,16.0,16.05,26150,758700,30.72,16.0,16.05
5142,2021-06-14 13:29:00,16.05,16.45,15.8,16.0,39925,758700,30.62,15.95,16.0
5143,2021-06-14 13:30:00,15.9,16.3,15.3,15.7,53200,765075,30.48,15.65,15.7
5144,2021-06-14 13:31:00,15.65,15.95,15.45,15.45,23150,765075,30.42,15.5,15.6
5145,2021-06-14 13:32:00,15.6,15.65,15.05,15.15,20150,765075,30.37,15.1,15.2
5146,2021-06-14 13:33:00,15.3,15.4,14.9,15.25,19925,759625,30.32,15.25,15.35
5147,2021-06-14 13:34:00,15.25,15.6,15.1,15.2,30075,759625,30.24,15.1,15.15
5148,2021-06-14 13:35:00,15.05,15.35,14.95,15.2,17900,759625,30.19,15.15,15.25
5149,2021-06-14 13:36:00,15.25,15.45,15.2,15.3,12000,750950,30.16,15.25,15.35
5150,2021-06-14 13:37:00,15.3,15.5,15.15,15.25,14775,750950,30.13,15.3,15.35
5151,2021-06-14 13:38:00,15.35,15.4,14.95,15.1,21050,750950,30.07,15.0,15.15
5152,2021-06-14 13:39:00,15.0,15.25,14.8,14.9,18475,746025,30.03,14.8,14.9
5153,2021-06-14 13:40:00,14.9,15.1,14.75,14.95,11500,746025,30.0,14.9,15.05
5154,2021-06-14 13:41:00,15.0,15.25,14.9,15.0,12400,746025,29.97,15.0,15.05
5155,2021-06-14 13:42:00,15.05,15.8,15.05,15.8,12400,743375,29.94,15.65,15.7
5156,2021-06-14 13:43:00,15.7,15.95,15.2,15.2,15150,743375,29.9,15.2,15.25
5157,2021-06-14 13:44:00,15.2,15.5,14.8,15.5,19100,743375,29.85,15.4,15.5
5158,2021-06-14 13:45:00,15.5,15.95,15.4,15.9,8450,752875,29.83,15.8,15.9
5159,2021-06-14 13:46:00,15.9,16.05,15.8,15.8,16750,752875,29.8,15.8,15.9
5160,2021-06-14 13:47:00,15.9,16.35,15.6,15.6,16450,752875,29.76,15.6,15.65
5161,2021-06-14 13:48:00,15.6,16.35,15.5,16.05,9800,770250,29.74,15.9,16.05
5162,2021-06-14 13:49:00,16.0,16.35,15.8,16.35,7475,770250,29.72,16.25,16.35
5163,2021-06-14 13:50:00,16.35,16.7,16.0,16.0,29000,770250,29.66,15.95,16.05
5164,2021-06-14 13:51:00,15.95,16.15,15.75,16.1,9250,765125,29.63,16.0,16.1
5165,2021-06-14 13:52:00,16.05,16.2,15.65,16.0,15125,765125,29.6,15.95,16.1
5166,2021-06-14 13:53:00,16.0,16.05,15.55,15.6,9250,765125,29.58,15.55,15.65
5167,2021-06-14 13:54:00,15.5,16.6,15.35,16.35,21325,768850,29.53,16.35,16.45
5168,2021-06-14 13:55:00,16.35,16.45,16.15,16.4,6600,768850,29.52,16.4,16.5
5169,2021-06-14 13:56:00,16.45,16.9,16.3,16.85,12050,768850,29.49,16.8,16.9
5170,2021-06-14 13:57:00,16.9,17.5,16.6,16.95,18500,769325,29.46,16.95,17.05
5171,2021-06-14 13:58:00,17.0,17.2,16.6,16.85,10550,769325,29.44,16.85,16.95
5172,2021-06-14 13:59:00,16.85,17.0,16.6,16.95,6875,769325,29.42,16.9,17.0
5173,2021-06-14 14:00:00,16.8,16.9,16.6,16.65,4450,774525,29.41,16.7,16.8
5174,2021-06-14 14:01:00,16.7,16.7,16.0,16.7,12075,774525,29.39,16.6,16.7
5175,2021-06-14 14:02:00,16.55,16.55,16.15,16.3,7425,774525,29.37,16.3,16.4
5176,2021-06-14 14:03:00,16.4,16.65,16.3,16.45,3725,778625,29.36,16.3,16.45
5177,2021-06-14 14:04:00,16.3,16.55,16.3,16.4,3350,778625,29.36,16.35,16.45
5178,2021-06-14 14:05:00,16.45,16.55,16.25,16.4,5900,778625,29.35,16.35,16.45
5179,2021-06-14 14:06:00,16.45,16.55,16.25,16.4,5900,778625,29.35,16.35,16.45
5180,2021-06-14 14:07:00,16.1,16.3,15.85,16.0,3225,780900,29.33,15.9,16.0
5181,2021-06-14 14:08:00,15.95,16.1,15.8,15.8,1900,780900,29.33,15.75,15.85
5182,2021-06-14 14:09:00,15.85,16.0,14.7,14.8,20125,783425,29.28,14.65,14.75
5183,2021-06-14 14:10:00,14.7,15.0,14.4,14.9,16675,783425,29.24,14.9,15.0
5184,2021-06-14 14:11:00,15.05,15.05,14.6,14.7,8350,783425,29.22,14.65,14.75
5185,2021-06-14 14:12:00,14.75,14.95,14.5,14.95,14550,788875,29.19,14.85,14.95
5186,2021-06-14 14:13:00,15.0,15.25,14.75,15.1,6850,788875,29.17,15.05,15.15
5187,2021-06-14 14:14:00,15.15,15.4,15.1,15.25,11275,788875,29.15,15.2,15.25
5188,2021-06-14 14:15:00,15.2,15.55,15.15,15.2,6750,780875,29.13,15.1,15.2
5189,2021-06-14 14:16:00,15.2,15.45,15.2,15.2,4550,780875,29.12,15.2,15.3
5190,2021-06-14 14:17:00,15.25,15.4,14.7,14.7,12675,780875,29.1,14.7,14.8
5191,2021-06-14 14:18:00,14.7,14.95,14.4,14.65,17075,779375,29.06,14.6,14.7
5192,2021-06-14 14:19:00,14.7,14.85,14.3,14.6,18125,779375,29.02,14.6,14.65
5193,2021-06-14 14:20:00,14.55,14.7,14.45,14.45,8275,779375,29.0,14.45,14.55
5194,2021-06-14 14:21:00,14.5,14.65,14.5,14.6,6225,766700,28.98,14.6,14.65
5195,2021-06-14 14:22:00,14.55,14.75,14.55,14.7,8025,766700,28.97,14.6,14.7
5196,2021-06-14 14:23:00,14.6,14.8,14.6,14.7,4950,766700,28.96,14.6,14.7
5197,2021-06-14 14:24:00,14.55,14.7,14.5,14.65,17750,764775,28.92,14.65,14.75
5198,2021-06-14 14:25:00,14.5,14.55,14.05,14.05,23900,764775,28.86,14.0,14.1
5199,2021-06-14 14:26:00,14.1,14.35,14.05,14.2,13025,764775,28.83,14.15,14.3
5200,2021-06-14 14:27:00,14.2,14.3,14.15,14.15,13375,759950,28.8,14.1,14.2
5201,2021-06-14 14:28:00,14.1,14.15,13.65,13.75,16750,759950,28.76,13.65,13.75
5202,2021-06-14 14:29:00,13.5,14.3,12.9,14.3,166900,759950,28.39,14.2,14.3
5203,2021-06-14 14:30:00,14.25,14.8,14.1,14.65,17550,816600,28.35,14.55,14.7
5204,2021-06-14 14:31:00,14.7,14.85,14.6,14.8,13350,816600,28.33,14.75,14.85
5205,2021-06-14 14:32:00,14.8,14.8,14.4,14.55,8125,816600,28.31,14.4,14.5
5206,2021-06-14 14:33:00,14.4,14.5,14.2,14.2,6125,815625,28.3,14.2,14.3
5207,2021-06-14 14:34:00,14.3,14.55,14.3,14.5,5875,815625,28.28,14.5,14.55
5208,2021-06-14 14:35:00,14.5,14.8,14.3,14.3,10675,815625,28.26,14.3,14.4
5209,2021-06-14 14:36:00,14.4,14.6,13.95,14.5,18350,814100,28.22,14.4,14.5
5210,2021-06-14 14:37:00,14.5,14.5,13.95,14.05,15225,814100,28.19,14.05,14.15
5211,2021-06-14 14:38:00,14.15,14.85,13.85,14.85,23350,814100,28.15,14.75,14.9
5212,2021-06-14 14:39:00,14.95,16.1,13.3,13.3,54200,796800,28.04,13.25,13.3
5213,2021-06-14 14:40:00,13.0,13.85,12.35,13.55,94350,796800,27.83,13.55,13.65
5214,2021-06-14 14:41:00,13.65,14.15,13.5,13.6,43875,796800,27.75,13.6,13.65
5215,2021-06-14 14:42:00,13.6,13.7,13.25,13.25,23700,798500,27.7,13.25,13.3
5216,2021-06-14 14:43:00,13.3,13.55,13.05,13.5,26225,798500,27.65,13.45,13.55
5217,2021-06-14 14:44:00,13.5,13.65,13.2,13.5,19125,798500,27.61,13.45,13.5
5218,2021-06-14 14:45:00,13.5,13.95,13.35,13.55,23375,801925,27.56,13.55,13.65
5219,2021-06-14 14:46:00,13.7,13.8,13.2,13.45,25500,801925,27.51,13.4,13.5
5220,2021-06-14 14:47:00,13.5,13.6,13.25,13.6,18375,801925,27.47,13.55,13.6
5221,2021-06-14 14:48:00,13.65,13.65,13.4,13.55,14025,804775,27.45,13.55,13.6
5222,2021-06-14 14:49:00,13.6,13.65,13.45,13.6,15825,804775,27.42,13.55,13.65
5223,2021-06-14 14:50:00,13.7,13.85,13.55,13.7,23925,804775,27.37,13.7,13.75
5224,2021-06-14 14:51:00,13.65,13.8,13.5,13.6,29500,801750,27.31,13.55,13.65
5225,2021-06-14 14:52:00,13.55,13.7,13.5,13.55,9700,801750,27.3,13.55,13.65
5226,2021-06-14 14:53:00,13.55,13.7,13.5,13.6,5425,801750,27.29,13.5,13.6
5227,2021-06-14 14:54:00,13.65,13.7,13.45,13.55,9300,803850,27.27,13.5,13.6
5228,2021-06-14 14:55:00,13.5,13.55,12.4,12.4,27850,803850,27.21,12.4,12.5
5229,2021-06-14 14:56:00,12.5,12.8,12.45,12.75,14600,803850,27.18,12.7,12.75
5230,2021-06-14 14:57:00,12.75,12.75,12.5,12.6,19175,805400,27.15,12.6,12.7
5231,2021-06-14 14:58:00,12.65,12.65,12.45,12.45,21075,805400,27.1,12.5,12.55
5232,2021-06-14 14:59:00,12.5,12.85,12.5,12.65,24500,805400,27.05,12.65,12.75
5233,2021-06-14 15:00:00,12.7,12.85,12.2,12.45,22050,802875,27.01,12.35,12.45
5234,2021-06-14 15:01:00,12.45,12.65,12.2,12.6,18725,802875,26.97,12.55,12.65
5235,2021-06-14 15:02:00,12.6,12.75,12.35,12.35,30100,802875,26.92,12.4,12.45
5236,2021-06-14 15:03:00,12.45,12.5,12.35,12.35,17450,781875,26.88,12.35,12.45
5237,2021-06-14 15:04:00,12.35,12.4,11.85,11.9,38700,781875,26.81,11.9,12.0
5238,2021-06-14 15:05:00,11.9,12.5,11.75,12.05,36375,781875,26.73,12.0,12.05
5239,2021-06-14 15:06:00,12.0,12.2,11.85,12.1,22825,747225,26.69,12.1,12.2
5240,2021-06-14 15:07:00,12.15,12.2,12.0,12.15,14900,747225,26.66,12.05,12.15
5241,2021-06-14 15:08:00,12.15,12.65,11.85,12.45,35575,747225,26.59,12.4,12.5
5242,2021-06-14 15:09:00,12.35,13.35,12.35,13.0,34475,730025,26.53,13.0,13.1
5243,2021-06-14 15:10:00,13.05,13.05,11.95,11.95,99800,730025,26.35,11.85,11.95
5244,2021-06-14 15:11:00,11.9,11.95,11.1,11.2,60275,730025,26.24,11.1,11.2
5245,2021-06-14 15:12:00,11.1,11.3,11.0,11.2,29025,662950,26.18,11.15,11.25
5246,2021-06-14 15:13:00,11.25,11.3,11.0,11.15,31325,662950,26.12,11.1,11.2
5247,2021-06-14 15:14:00,11.15,11.25,11.0,11.05,24200,662950,26.07,11.05,11.15
5248,2021-06-14 15:15:00,11.05,11.2,10.95,11.05,29950,645850,26.02,11.05,11.15
5249,2021-06-14 15:16:00,11.0,11.15,10.8,10.85,21125,645850,25.98,10.8,10.85
5250,2021-06-14 15:17:00,10.9,10.95,10.45,10.45,35775,645850,25.91,10.45,10.55
5251,2021-06-14 15:18:00,10.5,10.55,10.4,10.4,34750,636600,25.84,10.4,10.5
5252,2021-06-14 15:19:00,10.5,10.65,10.4,10.45,27900,636600,25.79,10.4,10.45
5253,2021-06-14 15:20:00,10.4,10.75,10.4,10.65,31300,636600,25.73,10.65,10.75
5254,2021-06-14 15:21:00,10.7,11.2,10.6,11.2,47950,635275,25.64,11.1,11.2
5255,2021-06-14 15:22:00,11.2,11.55,11.1,11.55,60475,635275,25.53,11.5,11.55
5256,2021-06-14 15:23:00,11.65,12.0,11.55,12.0,48700,635275,25.45,11.9,12.0
5257,2021-06-14 15:24:00,11.95,12.45,11.95,12.2,69650,668900,25.34,12.15,12.2
5258,2021-06-14 15:25:00,12.15,12.4,12.1,12.35,53850,668900,25.26,12.3,12.35
5259,2021-06-14 15:26:00,12.3,12.6,12.3,12.55,41875,668900,25.19,12.5,12.6
5260,2021-06-14 15:27:00,12.65,13.5,12.65,13.35,38850,688550,25.14,13.25,13.35
5261,2021-06-14 15:28:00,13.45,14.25,13.45,13.75,52350,688550,25.07,13.75,13.85
5262,2021-06-14 15:29:00,13.45,14.25,13.45,13.75,52350,688550,25.07,13.75,13.85
5263,2021-06-14 15:30:00,13.8,14.0,13.6,13.8,21150,688550,25.04,13.5,13.8
5264,2021-06-15 09:15:00,11.75,13.15,9.05,9.65,46975,694275,10.28,9.65,9.75
5265,2021-06-15 09:16:00,9.7,9.8,9.25,9.5,39975,694275,9.95,9.4,9.55
5266,2021-06-15 09:17:00,9.5,9.5,9.15,9.35,43025,717175,9.75,9.35,9.45
5267,2021-06-15 09:18:00,9.4,9.5,9.15,9.35,48325,717175,9.64,9.35,9.45
5268,2021-06-15 09:19:00,9.4,9.5,9.0,9.1,45925,717175,9.55,9.0,9.1
5269,2021-06-15 09:20:00,9.1,9.5,8.8,9.35,68175,712700,9.44,9.4,9.45
5270,2021-06-15 09:21:00,9.4,9.5,9.1,9.15,26850,712700,9.42,9.1,9.15
5271,2021-06-15 09:22:00,9.15,9.7,9.15,9.55,50825,712700,9.42,9.55,9.6
5272,2021-06-15 09:23:00,9.6,9.75,9.5,9.6,45400,711925,9.44,9.5,9.55
5273,2021-06-15 09:24:00,9.65,10.65,9.55,10.55,129700,711925,9.63,10.55,10.65
5274,2021-06-15 09:25:00,10.85,11.1,9.85,9.85,95825,711925,9.77,9.8,9.9
5275,2021-06-15 09:26:00,9.85,9.85,9.35,9.65,74575,780100,9.75,9.6,9.65
5276,2021-06-15 09:27:00,9.7,11.3,9.4,10.8,279650,780100,9.97,10.75,10.85
5277,2021-06-15 09:28:00,10.7,10.75,10.25,10.3,44650,780100,9.99,10.25,10.3
5278,2021-06-15 09:29:00,10.35,10.35,10.15,10.2,36275,847100,10.0,10.15,10.2
5279,2021-06-15 09:30:00,10.25,10.95,10.15,10.15,52075,847100,10.02,10.15,10.2
5280,2021-06-15 09:31:00,10.1,10.75,10.05,10.45,49450,847100,10.03,10.4,10.45
5281,2021-06-15 09:32:00,10.45,10.55,10.2,10.4,30300,829025,10.04,10.35,10.4
5282,2021-06-15 09:33:00,10.4,10.45,10.05,10.2,19625,829025,10.04,10.2,10.3
5283,2021-06-15 09:34:00,10.3,10.7,10.2,10.7,24000,829025,10.05,10.65,10.7
5284,2021-06-15 09:35:00,10.55,10.9,10.5,10.75,69225,819475,10.08,10.65,10.75
5285,2021-06-15 09:36:00,10.6,10.7,9.9,10.2,124275,819475,10.09,10.15,10.2
5286,2021-06-15 09:37:00,10.15,10.45,10.05,10.15,13225,819475,10.09,10.15,10.2
5287,2021-06-15 09:38:00,10.2,10.7,10.1,10.25,19725,752375,10.1,10.15,10.25
5288,2021-06-15 09:39:00,10.3,10.45,10.0,10.05,21500,752375,10.1,10.05,10.1
5289,2021-06-15 09:40:00,10.1,10.55,10.1,10.45,13525,752375,10.1,10.35,10.45
5290,2021-06-15 09:41:00,10.45,10.65,10.0,10.15,44300,738475,10.1,10.05,10.15
5291,2021-06-15 09:42:00,10.15,10.3,10.05,10.05,7725,738475,10.1,10.05,10.1
5292,2021-06-15 09:43:00,10.15,10.5,10.0,10.05,37425,738475,10.1,9.95,10.05
5293,2021-06-15 09:44:00,10.05,10.05,9.3,9.65,98025,722125,10.08,9.55,9.6
5294,2021-06-15 09:45:00,9.6,9.8,9.35,9.6,44850,722125,10.06,9.55,9.6
5295,2021-06-15 09:46:00,9.6,9.9,9.6,9.9,9650,722125,10.06,9.85,9.9
5296,2021-06-15 09:47:00,9.85,10.05,9.75,9.75,9800,680525,10.06,9.75,9.8
5297,2021-06-15 09:48:00,9.9,10.0,9.8,9.9,9750,680525,10.06,9.9,9.95
5298,2021-06-15 09:49:00,9.95,10.15,9.25,9.45,145550,680525,10.02,9.4,9.45
5299,2021-06-15 09:50:00,9.5,9.75,9.5,9.65,14925,629575,10.02,9.65,9.7
5300,2021-06-15 09:51:00,9.65,9.7,9.45,9.6,15525,629575,10.01,9.55,9.6
5301,2021-06-15 09:52:00,9.6,9.7,9.45,9.5,23975,629575,10.01,9.45,9.55
5302,2021-06-15 09:53:00,9.55,9.55,9.3,9.45,21625,627025,10.0,9.4,9.45
5303,2021-06-15 09:54:00,9.45,9.7,9.45,9.6,11400,627025,10.0,9.6,9.65
5304,2021-06-15 09:55:00,9.65,9.65,9.45,9.45,17200,627025,10.0,9.45,9.5
5305,2021-06-15 09:56:00,9.45,9.8,9.45,9.8,30775,611100,9.99,9.8,9.85
5306,2021-06-15 09:57:00,9.8,9.95,9.8,9.8,10875,611100,9.99,9.8,9.9
5307,2021-06-15 09:58:00,9.9,9.95,9.8,9.85,7050,611100,9.99,9.8,9.9
5308,2021-06-15 09:59:00,9.85,9.95,9.75,9.9,14225,606800,9.99,9.85,9.9
5309,2021-06-15 10:00:00,9.85,9.9,9.55,9.75,17275,606800,9.99,9.7,9.75
5310,2021-06-15 10:01:00,9.7,9.75,9.55,9.6,7775,606800,9.99,9.55,9.65
5311,2021-06-15 10:02:00,9.6,9.8,9.6,9.65,6900,600500,9.98,9.6,9.7
5312,2021-06-15 10:03:00,9.6,9.7,9.55,9.6,8275,600500,9.98,9.6,9.65
5313,2021-06-15 10:04:00,9.6,9.7,9.55,9.6,11775,600500,9.98,9.6,9.7
5314,2021-06-15 10:05:00,9.7,9.75,9.6,9.6,9775,599125,9.98,9.6,9.7
5315,2021-06-15 10:06:00,9.6,9.75,9.6,9.75,6525,599125,9.98,9.75,9.8
5316,2021-06-15 10:07:00,9.75,9.8,9.65,9.7,5975,599125,9.98,9.7,9.75
5317,2021-06-15 10:08:00,9.75,9.75,9.6,9.75,1525,600375,9.98,9.65,9.75
5318,2021-06-15 10:09:00,9.75,9.85,9.7,9.8,4025,600375,9.98,9.75,9.85
5319,2021-06-15 10:10:00,9.7,10.0,9.7,9.9,12150,600375,9.98,9.8,9.9
5320,2021-06-15 10:11:00,9.9,9.95,9.8,9.85,6250,603450,9.98,9.8,9.85
5321,2021-06-15 10:12:00,9.85,9.9,9.7,9.8,6000,603450,9.98,9.8,9.85
5322,2021-06-15 10:13:00,9.85,9.95,9.7,9.7,7125,603450,9.98,9.7,9.8
5323,2021-06-15 10:14:00,9.75,9.95,9.7,9.75,13500,605825,9.97,9.75,9.85
5324,2021-06-15 10:15:00,9.85,9.95,9.75,9.9,14325,605825,9.97,9.85,9.9
5325,2021-06-15 10:16:00,9.9,9.95,9.65,9.85,17150,605825,9.97,9.85,9.95
5326,2021-06-15 10:17:00,9.85,10.0,9.85,9.9,4875,606650,9.97,9.9,9.95
5327,2021-06-15 10:18:00,9.9,9.95,9.8,9.85,5175,606650,9.97,9.8,9.9
5328,2021-06-15 10:19:00,9.8,10.0,9.8,9.95,5275,606650,9.97,9.9,9.95
5329,2021-06-15 10:20:00,9.9,9.95,9.85,9.9,2750,611875,9.97,9.85,9.95
5330,2021-06-15 10:21:00,9.85,10.0,9.85,9.9,2700,611875,9.97,9.85,9.95
5331,2021-06-15 10:22:00,9.95,10.0,9.75,9.8,6025,611875,9.97,9.8,9.85
5332,2021-06-15 10:23:00,9.9,9.9,9.75,9.85,1825,611250,9.97,9.8,9.9
5333,2021-06-15 10:24:00,9.8,9.95,9.8,9.9,1375,611250,9.97,9.85,9.95
5334,2021-06-15 10:25:00,9.85,9.9,9.75,9.8,2875,611250,9.97,9.75,9.8
5335,2021-06-15 10:26:00,9.8,9.95,9.8,9.85,2300,612450,9.97,9.85,9.95
5336,2021-06-15 10:27:00,9.95,10.0,9.75,9.75,8600,612450,9.97,9.7,9.8
5337,2021-06-15 10:28:00,9.8,9.85,9.7,9.7,3600,612450,9.97,9.7,9.75
5338,2021-06-15 10:29:00,9.7,9.95,9.65,9.85,9850,616225,9.97,9.8,9.9
5339,2021-06-15 10:30:00,9.8,10.05,9.75,10.0,13875,616225,9.97,10.0,10.1
5340,2021-06-15 10:31:00,10.0,10.35,10.0,10.15,5300,616225,9.97,10.05,10.15
5341,2021-06-15 10:32:00,10.15,10.3,10.0,10.25,17125,612825,9.97,10.15,10.25
5342,2021-06-15 10:33:00,10.15,10.3,10.0,10.1,26700,612825,9.97,10.05,10.1
5343,2021-06-15 10:34:00,10.1,10.25,9.95,10.2,2025,612825,9.97,10.15,10.2
5344,2021-06-15 10:35:00,10.15,10.2,10.1,10.15,3050,619500,9.97,10.15,10.25
5345,2021-06-15 10:36:00,10.25,10.65,10.05,10.3,21550,619500,9.98,10.2,10.3
5346,2021-06-15 10:37:00,10.3,10.65,10.3,10.55,2725,619500,9.98,10.5,10.55
5347,2021-06-15 10:38:00,10.5,10.75,10.45,10.45,4800,619100,9.98,10.45,10.55
5348,2021-06-15 10:39:00,10.45,10.6,10.1,10.2,6525,619100,9.98,10.1,10.2
5349,2021-06-15 10:40:00,10.15,10.45,10.05,10.15,8100,619100,9.98,10.1,10.15
5350,2021-06-15 10:41:00,10.15,10.35,10.1,10.35,4300,620150,9.98,10.25,10.35
5351,2021-06-15 10:42:00,10.35,10.55,10.35,10.5,8350,620150,9.98,10.45,10.5
5352,2021-06-15 10:43:00,10.5,10.55,10.35,10.45,2975,620150,9.98,10.4,10.5
5353,2021-06-15 10:44:00,10.4,10.55,10.4,10.5,3725,623625,9.98,10.45,10.5
5354,2021-06-15 10:45:00,10.5,10.7,10.4,10.5,8500,623625,9.99,10.5,10.6
5355,2021-06-15 10:46:00,10.55,10.6,10.35,10.5,8450,623625,9.99,10.45,10.55
5356,2021-06-15 10:47:00,10.55,10.6,10.35,10.45,12025,630725,9.99,10.45,10.5
5357,2021-06-15 10:48:00,10.45,10.7,10.35,10.6,5425,630725,9.99,10.5,10.6
5358,2021-06-15 10:49:00,10.5,10.6,10.15,10.35,13275,630725,9.99,10.25,10.35
5359,2021-06-15 10:50:00,10.35,10.35,10.2,10.25,4375,633600,9.99,10.25,10.35
5360,2021-06-15 10:51:00,10.3,10.55,10.25,10.55,4275,633600,9.99,10.45,10.55
5361,2021-06-15 10:52:00,10.55,10.7,10.45,10.65,4700,633600,9.99,10.65,10.7
5362,2021-06-15 10:53:00,10.75,10.85,10.55,10.55,8950,633725,10.0,10.55,10.65
5363,2021-06-15 10:54:00,10.65,10.7,10.5,10.55,3200,633725,10.0,10.5,10.6
5364,2021-06-15 10:55:00,10.6,10.65,10.5,10.65,2375,633725,10.0,10.6,10.65
5365,2021-06-15 10:56:00,10.6,10.6,10.15,10.15,9450,634775,10.0,10.15,10.2
5366,2021-06-15 10:57:00,10.1,10.35,10.1,10.3,2400,634775,10.0,10.2,10.25
5367,2021-06-15 10:58:00,10.25,10.35,10.15,10.35,3050,634775,10.0,10.25,10.35
5368,2021-06-15 10:59:00,10.25,10.35,9.95,10.0,7450,637950,10.0,10.0,10.1
5369,2021-06-15 11:00:00,10.05,10.2,10.0,10.1,2875,637950,10.0,10.1,10.2
5370,2021-06-15 11:01:00,10.1,10.1,9.9,10.0,11275,637950,10.0,10.0,10.05
5371,2021-06-15 11:02:00,10.05,10.25,10.05,10.15,4250,638125,10.0,10.15,10.2
5372,2021-06-15 11:03:00,10.2,10.2,10.05,10.15,3725,638125,10.0,10.1,10.2
5373,2021-06-15 11:04:00,10.2,10.2,10.05,10.1,2725,638125,10.0,10.05,10.15
5374,2021-06-15 11:05:00,10.15,10.3,10.1,10.1,5000,638325,10.0,10.1,10.2
5375,2021-06-15 11:06:00,10.2,10.2,10.1,10.2,3525,638325,10.0,10.1,10.2
5376,2021-06-15 11:07:00,10.15,10.2,10.1,10.1,3100,638325,10.0,10.1,10.2
5377,2021-06-15 11:08:00,10.15,10.3,10.0,10.0,7825,637025,10.0,9.95,10.0
5378,2021-06-15 11:09:00,9.95,10.1,9.9,9.95,2375,637025,10.0,9.95,10.05
5379,2021-06-15 11:10:00,10.0,10.1,10.0,10.0,2625,637025,10.0,10.0,10.1
5380,2021-06-15 11:11:00,10.1,10.15,10.0,10.15,2475,638725,10.0,10.1,10.15
5381,2021-06-15 11:12:00,10.1,10.2,10.05,10.05,1525,638725,10.0,10.05,10.15
5382,2021-06-15 11:13:00,10.05,10.15,10.05,10.15,3650,638725,10.0,10.05,10.15
5383,2021-06-15 11:14:00,10.1,10.25,9.85,9.85,13200,642825,10.0,9.8,9.9
5384,2021-06-15 11:15:00,9.85,10.2,9.85,10.15,3825,642825,10.0,10.15,10.2
5385,2021-06-15 11:16:00,10.15,10.15,10.0,10.1,4775,642825,10.0,10.0,10.1
5386,2021-06-15 11:17:00,10.1,10.2,10.1,10.15,4200,644050,10.0,10.05,10.2
5387,2021-06-15 11:18:00,10.05,10.15,10.0,10.15,1800,644050,10.0,10.05,10.15
5388,2021-06-15 11:19:00,10.05,10.15,10.0,10.1,1050,644050,10.0,10.0,10.1
5389,2021-06-15 11:20:00,10.1,10.15,10.05,10.1,2750,643650,10.0,10.0,10.1
5390,2021-06-15 11:21:00,10.1,10.15,10.05,10.15,1150,643650,10.0,10.05,10.15
5391,2021-06-15 11:22:00,10.05,10.1,10.0,10.1,1725,643650,10.0,10.0,10.1
5392,2021-06-15 11:23:00,10.1,10.15,10.0,10.05,3175,644900,10.0,10.0,10.05
5393,2021-06-15 11:24:00,10.0,10.15,10.0,10.15,1475,644900,10.0,10.05,10.15
5394,2021-06-15 11:25:00,10.05,10.2,10.05,10.15,925,644900,10.0,10.1,10.15
5395,2021-06-15 11:26:00,10.15,10.45,10.15,10.35,3500,644500,10.0,10.3,10.4
5396,2021-06-15 11:27:00,10.25,10.4,10.15,10.2,3375,644500,10.0,10.2,10.25
5397,2021-06-15 11:28:00,10.2,10.2,10.05,10.1,2900,644500,10.0,10.0,10.1
5398,2021-06-15 11:29:00,10.1,10.15,10.0,10.0,1900,643600,10.0,10.0,10.1
5399,2021-06-15 11:30:00,10.0,10.15,9.9,10.0,4125,643600,10.0,9.95,10.0
5400,2021-06-15 11:31:00,10.0,10.1,9.95,10.0,2750,643600,10.0,10.0,10.1
5401,2021-06-15 11:32:00,10.05,10.1,9.95,10.0,4350,646400,10.0,10.05,10.1
5402,2021-06-15 11:33:00,10.0,10.15,10.0,10.15,4425,646400,10.0,10.1,10.15
5403,2021-06-15 11:34:00,10.1,10.15,10.1,10.1,950,646400,10.0,10.05,10.15
5404,2021-06-15 11:35:00,10.1,10.1,10.1,10.1,800,646400,10.0,10.0,10.1
5405,2021-06-15 11:36:00,10.1,10.1,10.05,10.1,450,646150,10.0,10.05,10.15
5406,2021-06-15 11:37:00,10.25,10.3,9.9,10.0,9850,646150,10.0,10.0,10.05
5407,2021-06-15 11:38:00,10.0,10.0,9.9,10.0,575,643150,10.0,9.9,10.0
5408,2021-06-15 11:39:00,10.0,10.0,9.9,10.0,1725,643150,10.0,9.9,10.0
5409,2021-06-15 11:40:00,9.9,10.05,9.9,9.95,925,643150,10.0,9.95,10.05
5410,2021-06-15 11:41:00,9.95,10.1,9.95,10.0,3725,644075,10.0,10.0,10.05
5411,2021-06-15 11:42:00,10.05,10.1,10.0,10.0,1000,644075,10.0,10.0,10.1
5412,2021-06-15 11:43:00,10.1,10.1,9.95,9.95,925,644075,10.0,9.95,10.0
5413,2021-06-15 11:44:00,10.0,10.05,9.85,9.95,5500,648600,10.0,9.9,10.0
5414,2021-06-15 11:45:00,10.0,10.05,9.95,10.05,5775,648600,10.0,10.0,10.05
5415,2021-06-15 11:46:00,10.0,10.15,10.0,10.15,4600,648600,10.0,10.1,10.2
5416,2021-06-15 11:47:00,10.2,10.25,10.1,10.2,1750,651500,10.0,10.1,10.2
5417,2021-06-15 11:48:00,10.2,10.2,9.95,9.95,1925,651500,10.0,9.95,10.0
5418,2021-06-15 11:49:00,9.95,10.0,9.95,10.0,2025,651500,10.0,9.95,10.05
5419,2021-06-15 11:50:00,10.0,10.15,9.95,10.0,6350,652750,10.0,9.95,10.0
5420,2021-06-15 11:51:00,10.0,10.1,10.0,10.0,750,652750,10.0,10.0,10.1
5421,2021-06-15 11:52:00,10.05,10.1,9.9,9.95,925,652750,10.0,9.9,10.0
5422,2021-06-15 11:53:00,9.95,10.0,9.9,9.95,2300,652150,10.0,9.95,10.0
5423,2021-06-15 11:54:00,10.0,10.2,9.9,10.15,6950,652150,10.0,10.1,10.2
5424,2021-06-15 11:55:00,10.05,10.2,10.05,10.1,3225,652150,10.0,10.1,10.25
5425,2021-06-15 11:56:00,10.1,10.3,10.1,10.3,1550,656225,10.0,10.2,10.3
5426,2021-06-15 11:57:00,10.3,10.3,10.15,10.2,6850,656225,10.0,10.1,10.15
5427,2021-06-15 11:58:00,10.15,10.15,10.1,10.1,1575,656225,10.0,10.15,10.2
5428,2021-06-15 11:59:00,10.15,10.2,10.05,10.1,1450,656225,10.0,10.1,10.2
5429,2021-06-15 12:00:00,10.1,10.2,10.1,10.2,3875,658050,10.0,10.1,10.2
5430,2021-06-15 12:01:00,10.2,10.2,9.95,10.0,8250,658050,10.0,10.0,10.05
5431,2021-06-15 12:02:00,10.05,10.1,10.0,10.1,1225,658050,10.0,10.0,10.1
5432,2021-06-15 12:03:00,10.1,10.15,10.0,10.05,6075,654175,10.0,10.0,10.1
5433,2021-06-15 12:04:00,10.1,10.15,10.05,10.05,575,654175,10.0,10.05,10.15
5434,2021-06-15 12:05:00,10.05,10.2,10.05,10.1,875,654175,10.0,10.1,10.2
5435,2021-06-15 12:06:00,10.1,10.15,10.05,10.05,825,654700,10.0,10.05,10.15
5436,2021-06-15 12:07:00,10.1,10.2,10.05,10.1,2200,654700,10.01,10.05,10.1
5437,2021-06-15 12:08:00,10.0,10.15,10.0,10.05,5375,654700,10.01,10.0,10.05
5438,2021-06-15 12:09:00,10.0,10.05,9.9,10.0,9125,655025,10.0,9.95,10.05
5439,2021-06-15 12:10:00,9.95,10.05,9.95,10.0,1575,655025,10.0,10.0,10.1
5440,2021-06-15 12:11:00,10.0,10.0,10.0,10.0,350,655025,10.0,10.0,10.1
5441,2021-06-15 12:12:00,10.0,10.05,10.0,10.0,2050,651900,10.0,10.0,10.05
5442,2021-06-15 12:13:00,10.05,10.25,10.0,10.25,4075,651900,10.01,10.15,10.25
5443,2021-06-15 12:14:00,10.2,10.25,10.1,10.2,2075,651900,10.01,10.15,10.3
5444,2021-06-15 12:15:00,10.15,10.25,9.95,10.2,4325,652450,10.01,10.2,10.3
5445,2021-06-15 12:16:00,10.25,10.4,10.2,10.2,800,652450,10.01,10.1,10.2
5446,2021-06-15 12:17:00,10.2,10.35,10.2,10.35,2050,652450,10.01,10.3,10.4
5447,2021-06-15 12:18:00,10.3,10.9,10.3,10.3,18600,654700,10.01,10.2,10.3
5448,2021-06-15 12:19:00,10.15,10.15,9.2,9.3,63200,654700,10.0,9.3,9.35
5449,2021-06-15 12:20:00,9.25,9.55,9.2,9.45,18525,654700,10.0,9.4,9.45
5450,2021-06-15 12:21:00,9.5,9.5,9.4,9.45,11750,652650,9.99,9.4,9.5
5451,2021-06-15 12:22:00,9.4,9.45,9.25,9.3,12575,652650,9.99,9.25,9.35
5452,2021-06-15 12:23:00,9.25,9.4,9.2,9.25,10850,652650,9.99,9.2,9.35
5453,2021-06-15 12:24:00,9.25,9.35,9.1,9.2,38350,658525,9.98,9.15,9.2
5454,2021-06-15 12:25:00,9.15,9.15,9.0,9.1,15625,658525,9.97,9.1,9.15
5455,2021-06-15 12:26:00,9.15,9.15,9.05,9.1,16050,658525,9.97,9.1,9.15
5456,2021-06-15 12:27:00,9.1,9.25,9.1,9.25,9375,664150,9.97,9.25,9.3
5457,2021-06-15 12:28:00,9.3,9.4,9.25,9.35,8300,664150,9.96,9.25,9.35
5458,2021-06-15 12:29:00,9.35,9.4,9.3,9.4,14625,664150,9.96,9.35,9.4
5459,2021-06-15 12:30:00,9.4,9.5,9.3,9.35,12650,664800,9.96,9.3,9.4
5460,2021-06-15 12:31:00,9.4,9.4,9.25,9.35,12600,664800,9.96,9.3,9.35
5461,2021-06-15 12:32:00,9.35,9.35,9.2,9.3,9850,664800,9.95,9.25,9.35
5462,2021-06-15 12:33:00,9.35,9.55,9.3,9.55,11450,661250,9.95,9.5,9.55
5463,2021-06-15 12:34:00,9.55,9.55,9.35,9.5,9575,661250,9.95,9.5,9.6
5464,2021-06-15 12:35:00,9.6,9.6,9.5,9.5,4825,661250,9.95,9.45,9.5
5465,2021-06-15 12:36:00,9.45,9.55,9.45,9.45,1925,665900,9.95,9.45,9.5
5466,2021-06-15 12:37:00,9.45,9.6,9.45,9.55,3225,665900,9.95,9.5,9.6
5467,2021-06-15 12:38:00,9.55,9.65,9.55,9.6,1050,665900,9.95,9.55,9.6
5468,2021-06-15 12:39:00,9.55,9.65,9.55,9.65,1600,666650,9.95,9.6,9.65
5469,2021-06-15 12:40:00,9.6,9.7,9.5,9.6,10025,666650,9.95,9.6,9.65
5470,2021-06-15 12:41:00,9.7,9.7,9.55,9.6,6175,666650,9.95,9.55,9.6
5471,2021-06-15 12:42:00,9.6,9.7,9.55,9.7,2375,671050,9.95,9.6,9.7
5472,2021-06-15 12:43:00,9.75,9.8,9.6,9.8,20250,671050,9.95,9.7,9.8
5473,2021-06-15 12:44:00,9.75,9.8,9.65,9.7,7025,671050,9.94,9.7,9.75
5474,2021-06-15 12:45:00,9.75,9.75,9.6,9.75,11275,674900,9.94,9.75,9.8
5475,2021-06-15 12:46:00,9.75,10.1,9.65,9.65,22525,674900,9.94,9.65,9.75
5476,2021-06-15 12:47:00,9.7,9.8,9.65,9.65,2575,674900,9.94,9.6,9.7
5477,2021-06-15 12:48:00,9.65,9.75,9.6,9.75,5750,678850,9.94,9.7,9.75
5478,2021-06-15 12:49:00,9.75,10.0,9.7,9.95,9350,678850,9.94,9.9,9.95
5479,2021-06-15 12:50:00,9.95,10.0,9.9,10.0,6025,678850,9.94,10.0,10.05
5480,2021-06-15 12:51:00,9.95,10.1,9.9,9.95,9075,686875,9.94,9.9,10.0
5481,2021-06-15 12:52:00,10.0,10.2,9.95,10.05,16800,686875,9.94,10.05,10.2
5482,2021-06-15 12:53:00,10.15,10.2,9.95,10.0,8550,686875,9.94,10.0,10.05
5483,2021-06-15 12:54:00,10.0,10.1,9.85,9.95,8725,689800,9.94,9.9,10.0
5484,2021-06-15 12:55:00,9.9,10.0,9.9,9.95,1200,689800,9.94,9.9,9.95
5485,2021-06-15 12:56:00,9.95,10.0,9.9,9.95,2500,689800,9.94,9.9,9.95
5486,2021-06-15 12:57:00,9.9,10.0,9.7,9.85,8250,691675,9.94,9.85,9.95
5487,2021-06-15 12:58:00,9.95,10.05,9.85,10.05,2050,691675,9.94,9.95,10.0
5488,2021-06-15 12:59:00,10.0,10.05,9.85,9.95,5425,691675,9.94,9.9,10.0
5489,2021-06-15 13:00:00,10.0,10.05,9.75,9.75,5800,693500,9.94,9.7,9.8
5490,2021-06-15 13:01:00,9.75,9.85,9.7,9.85,8500,693500,9.94,9.8,9.85
5491,2021-06-15 13:02:00,9.85,9.85,9.7,9.7,3600,693500,9.94,9.65,9.75
5492,2021-06-15 13:03:00,9.65,9.75,9.55,9.6,1725,693475,9.94,9.55,9.6
5493,2021-06-15 13:04:00,9.6,9.65,9.25,9.35,11475,693475,9.94,9.3,9.35
5494,2021-06-15 13:05:00,9.35,9.45,9.15,9.3,14825,693475,9.94,9.25,9.3
5495,2021-06-15 13:06:00,9.2,9.3,9.15,9.25,10200,683650,9.93,9.2,9.3
5496,2021-06-15 13:07:00,9.2,9.35,9.2,9.35,2850,683650,9.93,9.3,9.35
5497,2021-06-15 13:08:00,9.3,9.5,9.3,9.45,2600,683650,9.93,9.4,9.45
5498,2021-06-15 13:09:00,9.4,9.5,9.3,9.5,3725,682550,9.93,9.4,9.5
5499,2021-06-15 13:10:00,9.4,9.55,9.35,9.4,18025,682550,9.93,9.35,9.45
5500,2021-06-15 13:11:00,9.35,9.45,9.3,9.35,5550,682550,9.93,9.35,9.45
5501,2021-06-15 13:12:00,9.45,9.5,9.4,9.45,2325,680975,9.93,9.4,9.45
5502,2021-06-15 13:13:00,9.4,9.45,9.4,9.4,900,680975,9.93,9.4,9.45
5503,2021-06-15 13:14:00,9.4,9.5,9.4,9.45,2400,680975,9.93,9.4,9.45
5504,2021-06-15 13:15:00,9.5,9.5,9.35,9.35,3125,680750,9.93,9.35,9.4
5505,2021-06-15 13:16:00,9.35,9.45,9.35,9.45,1175,680750,9.93,9.4,9.45
5506,2021-06-15 13:17:00,9.45,9.45,9.4,9.4,1675,680750,9.93,9.4,9.45
5507,2021-06-15 13:18:00,9.4,9.45,9.4,9.45,950,681450,9.93,9.45,9.5
5508,2021-06-15 13:19:00,9.45,9.5,9.4,9.5,1050,681450,9.93,9.45,9.55
5509,2021-06-15 13:20:00,9.55,9.55,9.5,9.55,450,681450,9.93,9.5,9.55
5510,2021-06-15 13:21:00,9.5,9.8,9.5,9.65,10150,680300,9.93,9.6,9.7
5511,2021-06-15 13:22:00,9.65,9.7,9.55,9.55,1850,680300,9.93,9.55,9.6
5512,2021-06-15 13:23:00,9.6,9.65,9.5,9.6,5750,680300,9.93,9.55,9.65
5513,2021-06-15 13:24:00,9.5,9.6,9.45,9.55,2925,679700,9.93,9.55,9.6
5514,2021-06-15 13:25:00,9.6,9.65,9.45,9.6,3650,679700,9.92,9.55,9.6
5515,2021-06-15 13:26:00,9.6,9.65,9.5,9.5,1875,679700,9.92,9.55,9.6
5516,2021-06-15 13:27:00,9.5,9.65,9.5,9.55,3675,680725,9.92,9.5,9.55
5517,2021-06-15 13:28:00,9.55,9.6,9.35,9.45,7450,680725,9.92,9.45,9.5
5518,2021-06-15 13:29:00,9.35,9.45,9.35,9.35,4150,680725,9.92,9.35,9.45
5519,2021-06-15 13:30:00,9.4,9.55,9.4,9.5,4525,679150,9.92,9.5,9.55
5520,2021-06-15 13:31:00,9.55,9.85,9.5,9.85,6375,679150,9.92,9.85,9.9
5521,2021-06-15 13:32:00,9.9,10.05,9.8,9.9,7600,679150,9.92,9.9,9.95
5522,2021-06-15 13:33:00,9.9,9.9,9.6,9.75,15150,679625,9.92,9.7,9.75
5523,2021-06-15 13:34:00,9.7,9.75,9.55,9.55,4100,679625,9.92,9.5,9.6
5524,2021-06-15 13:35:00,9.6,10.5,9.55,10.05,30600,679625,9.92,10.05,10.15
5525,2021-06-15 13:36:00,9.95,11.9,9.95,11.05,66250,683975,9.95,10.95,11.05
5526,2021-06-15 13:37:00,10.9,12.0,10.65,10.8,61050,683975,9.98,10.8,10.85
5527,2021-06-15 13:38:00,11.0,11.15,10.55,10.65,25225,683975,9.98,10.6,10.7
5528,2021-06-15 13:39:00,10.6,11.0,9.75,9.75,48800,683500,9.99,9.75,9.85
5529,2021-06-15 13:40:00,9.75,10.0,9.5,9.5,32675,683500,9.98,9.45,9.5
5530,2021-06-15 13:41:00,9.4,9.55,9.25,9.4,24775,683500,9.98,9.4,9.45
5531,2021-06-15 13:42:00,9.45,9.6,9.35,9.45,8575,666400,9.98,9.5,9.55
5532,2021-06-15 13:43:00,9.5,10.1,9.5,10.1,14775,666400,9.98,10.0,10.1
5533,2021-06-15 13:44:00,10.15,10.25,9.9,9.95,6150,666400,9.98,9.95,10.0
5534,2021-06-15 13:45:00,9.95,10.1,9.75,10.0,18775,668875,9.98,9.95,10.05
5535,2021-06-15 13:46:00,10.05,10.15,9.75,10.1,13350,668875,9.98,10.0,10.1
5536,2021-06-15 13:47:00,10.05,10.05,9.5,9.55,9850,668875,9.98,9.5,9.55
5537,2021-06-15 13:48:00,9.5,9.7,9.4,9.6,4975,672250,9.97,9.55,9.6
5538,2021-06-15 13:49:00,9.6,9.7,9.5,9.5,10575,672250,9.97,9.5,9.6
5539,2021-06-15 13:50:00,9.55,9.75,9.4,9.4,3450,672250,9.97,9.4,9.5
5540,2021-06-15 13:51:00,9.45,9.55,9.3,9.5,12025,669700,9.97,9.45,9.55
5541,2021-06-15 13:52:00,9.45,9.65,9.45,9.5,3875,669700,9.97,9.45,9.55
5542,2021-06-15 13:53:00,9.45,9.55,9.4,9.5,4975,669700,9.97,9.45,9.55
5543,2021-06-15 13:54:00,9.4,9.5,9.25,9.25,9175,670875,9.97,9.25,9.35
5544,2021-06-15 13:55:00,9.25,9.3,9.05,9.25,8700,670875,9.97,9.2,9.3
5545,2021-06-15 13:56:00,9.3,9.3,9.05,9.1,12150,670875,9.96,9.15,9.25
5546,2021-06-15 13:57:00,9.15,9.2,9.05,9.1,4575,661050,9.96,9.1,9.2
5547,2021-06-15 13:58:00,9.2,9.3,9.05,9.05,4625,661050,9.96,9.05,9.1
5548,2021-06-15 13:59:00,9.15,9.3,9.15,9.2,8350,661050,9.96,9.2,9.25
5549,2021-06-15 14:00:00,9.2,9.25,9.05,9.1,4800,656400,9.96,9.1,9.15
5550,2021-06-15 14:01:00,9.1,9.15,8.65,8.95,11600,656400,9.96,8.9,9.0
5551,2021-06-15 14:02:00,8.95,9.0,8.55,8.95,28000,656400,9.95,8.85,8.95
5552,2021-06-15 14:03:00,8.85,8.85,8.45,8.45,13125,660875,9.94,8.5,8.55
5553,2021-06-15 14:04:00,8.5,8.6,8.15,8.25,21550,660875,9.94,8.15,8.25
5554,2021-06-15 14:05:00,8.2,8.4,8.2,8.35,5650,660875,9.93,8.3,8.4
5555,2021-06-15 14:06:00,8.4,8.65,8.35,8.6,10450,653475,9.93,8.55,8.65
5556,2021-06-15 14:07:00,8.55,8.65,8.5,8.65,9075,653475,9.93,8.6,8.65
5557,2021-06-15 14:08:00,8.6,8.65,8.5,8.5,10850,653475,9.92,8.5,8.55
5558,2021-06-15 14:09:00,8.6,8.65,8.5,8.5,10850,653475,9.92,8.5,8.55
5559,2021-06-15 14:10:00,8.5,8.55,8.45,8.45,1875,650000,9.92,8.45,8.5
5560,2021-06-15 14:11:00,8.55,8.6,8.45,8.5,6475,650000,9.92,8.5,8.55
5561,2021-06-15 14:12:00,8.55,8.6,8.45,8.55,4675,648250,9.92,8.5,8.55
5562,2021-06-15 14:13:00,8.55,8.55,8.45,8.5,4075,648250,9.92,8.45,8.55
5563,2021-06-15 14:14:00,8.55,8.55,8.45,8.55,2500,648250,9.91,8.45,8.55
5564,2021-06-15 14:15:00,8.5,8.55,8.45,8.5,5400,647875,9.91,8.5,8.55
5565,2021-06-15 14:16:00,8.5,8.65,8.5,8.6,7725,647875,9.91,8.6,8.65
5566,2021-06-15 14:17:00,8.6,8.65,8.5,8.55,2825,647875,9.91,8.55,8.65
5567,2021-06-15 14:18:00,8.55,8.7,8.55,8.65,3925,643450,9.91,8.6,8.65
5568,2021-06-15 14:19:00,8.65,8.7,8.55,8.55,1550,643450,9.91,8.55,8.6
5569,2021-06-15 14:20:00,8.65,8.7,8.55,8.55,1550,643450,9.91,8.55,8.6
5570,2021-06-15 14:21:00,8.45,8.55,8.35,8.5,7175,641150,9.9,8.45,8.5
5571,2021-06-15 14:22:00,8.45,8.65,8.45,8.6,6625,641150,9.9,8.55,8.65
5572,2021-06-15 14:23:00,8.65,8.7,8.6,8.6,3375,641150,9.9,8.6,8.65
5573,2021-06-15 14:24:00,8.6,8.6,8.45,8.55,5725,642050,9.9,8.5,8.55
5574,2021-06-15 14:25:00,8.5,8.55,8.45,8.5,2375,642050,9.9,8.5,8.55
5575,2021-06-15 14:26:00,8.5,8.7,8.5,8.6,2650,642050,9.9,8.65,8.7
5576,2021-06-15 14:27:00,8.55,8.7,8.55,8.7,4950,639475,9.9,8.6,8.7
5577,2021-06-15 14:28:00,8.6,8.75,8.55,8.65,3500,639475,9.89,8.65,8.75
5578,2021-06-15 14:29:00,8.75,8.75,8.55,8.6,1500,639475,9.89,8.55,8.65
5579,2021-06-15 14:30:00,8.55,8.75,8.55,8.75,1900,637150,9.89,8.75,8.8
5580,2021-06-15 14:31:00,8.75,8.75,8.6,8.6,4100,637150,9.89,8.6,8.65
5581,2021-06-15 14:32:00,8.6,8.75,8.6,8.7,4250,637150,9.89,8.65,8.7
5582,2021-06-15 14:33:00,8.65,8.65,8.45,8.5,7500,636175,9.89,8.5,8.55
5583,2021-06-15 14:34:00,8.5,8.6,8.4,8.45,4750,636175,9.89,8.4,8.45
5584,2021-06-15 14:35:00,8.45,8.55,8.35,8.5,20525,636175,9.88,8.45,8.5
5585,2021-06-15 14:36:00,8.45,8.6,8.4,8.45,7700,625925,9.88,8.4,8.45
5586,2021-06-15 14:37:00,8.4,8.55,8.4,8.55,5850,625925,9.88,8.5,8.6
5587,2021-06-15 14:38:00,8.55,8.55,8.4,8.45,4625,625925,9.87,8.45,8.55
5588,2021-06-15 14:39:00,8.45,8.65,8.35,8.35,6425,625575,9.87,8.35,8.45
5589,2021-06-15 14:40:00,8.35,8.5,8.2,8.3,5125,625575,9.87,8.25,8.35
5590,2021-06-15 14:41:00,8.25,8.45,8.25,8.35,7900,625575,9.87,8.3,8.35
5591,2021-06-15 14:42:00,8.4,8.45,8.25,8.3,5200,621200,9.86,8.25,8.3
5592,2021-06-15 14:43:00,8.2,8.35,8.15,8.25,8100,621200,9.86,8.25,8.35
5593,2021-06-15 14:44:00,8.3,8.5,8.25,8.4,13875,621200,9.86,8.4,8.45
5594,2021-06-15 14:45:00,8.4,8.45,8.25,8.45,11025,625300,9.85,8.4,8.45
5595,2021-06-15 14:46:00,8.45,8.45,8.25,8.25,7425,625300,9.85,8.2,8.25
5596,2021-06-15 14:47:00,8.25,8.35,8.15,8.3,6275,625300,9.85,8.2,8.3
5597,2021-06-15 14:48:00,8.15,8.2,8.0,8.05,12775,619525,9.84,8.05,8.15
5598,2021-06-15 14:49:00,8.05,8.25,8.05,8.15,4700,619525,9.84,8.15,8.25
5599,2021-06-15 14:50:00,8.2,8.25,8.1,8.15,2700,619525,9.84,8.15,8.25
5600,2021-06-15 14:51:00,8.15,8.25,8.1,8.2,3675,619875,9.84,8.2,8.25
5601,2021-06-15 14:52:00,8.2,8.2,8.1,8.2,4525,619875,9.84,8.1,8.2
5602,2021-06-15 14:53:00,8.1,8.25,8.1,8.25,3725,619875,9.83,8.15,8.25
5603,2021-06-15 14:54:00,8.15,8.3,8.15,8.25,7700,616500,9.83,8.2,8.25
5604,2021-06-15 14:55:00,8.25,8.25,8.1,8.15,6725,616500,9.83,8.15,8.25
5605,2021-06-15 14:56:00,8.15,8.3,8.15,8.3,9975,616500,9.83,8.25,8.35
5606,2021-06-15 14:57:00,8.3,8.35,8.15,8.25,9550,617200,9.82,8.15,8.25
5607,2021-06-15 14:58:00,8.2,8.2,7.9,8.0,31675,617200,9.81,7.95,8.0
5608,2021-06-15 14:59:00,8.0,8.15,7.95,8.1,20950,617200,9.8,8.05,8.15
5609,2021-06-15 15:00:00,8.1,8.1,7.85,7.95,22475,639200,9.79,7.9,7.95
5610,2021-06-15 15:01:00,7.85,7.95,7.85,7.9,6475,639200,9.79,7.9,7.95
5611,2021-06-15 15:02:00,7.95,8.0,7.9,8.0,15400,639200,9.78,7.9,8.0
5612,2021-06-15 15:03:00,8.0,8.0,7.9,8.0,6675,645200,9.78,7.95,8.0
5613,2021-06-15 15:04:00,8.0,8.0,7.9,7.95,13250,645200,9.77,7.95,8.0
5614,2021-06-15 15:05:00,7.95,8.0,7.85,7.85,10550,645200,9.77,7.85,7.9
5615,2021-06-15 15:06:00,7.9,7.95,7.8,7.8,16825,643075,9.76,7.8,7.9
5616,2021-06-15 15:07:00,7.8,7.9,7.75,7.75,21275,643075,9.75,7.75,7.85
5617,2021-06-15 15:08:00,7.85,8.0,7.7,7.9,23275,643075,9.74,7.85,7.9
5618,2021-06-15 15:09:00,7.95,9.15,7.9,9.15,179425,714275,9.7,9.1,9.15
5619,2021-06-15 15:10:00,9.1,9.1,8.35,8.45,67000,714275,9.69,8.4,8.45
5620,2021-06-15 15:11:00,8.4,8.6,8.05,8.1,57875,714275,9.67,8.05,8.15
5621,2021-06-15 15:12:00,8.1,8.15,7.75,7.9,74975,750000,9.65,7.85,7.9
5622,2021-06-15 15:13:00,7.85,7.9,7.65,7.75,42800,750000,9.63,7.7,7.75
5623,2021-06-15 15:14:00,7.7,7.8,7.5,7.5,45950,750000,9.61,7.5,7.55
5624,2021-06-15 15:15:00,7.55,7.6,7.45,7.5,37550,727550,9.59,7.5,7.55
5625,2021-06-15 15:16:00,7.5,7.55,7.35,7.4,34250,727550,9.58,7.4,7.45
5626,2021-06-15 15:17:00,7.4,7.45,7.0,7.05,44175,727550,9.56,7.0,7.1
5627,2021-06-15 15:18:00,7.0,7.2,7.0,7.15,19225,706250,9.55,7.05,7.15
5628,2021-06-15 15:19:00,7.1,7.3,7.1,7.3,27200,706250,9.54,7.2,7.3
5629,2021-06-15 15:20:00,7.25,7.35,7.15,7.25,15325,706250,9.53,7.25,7.35
5630,2021-06-15 15:21:00,7.25,7.35,7.15,7.2,18900,710150,9.52,7.2,7.3
5631,2021-06-15 15:22:00,7.3,7.35,7.05,7.2,33875,710150,9.51,7.2,7.25
5632,2021-06-15 15:23:00,7.3,7.45,7.15,7.3,29350,710150,9.49,7.3,7.4
5633,2021-06-15 15:24:00,7.4,7.85,7.4,7.7,31025,697850,9.48,7.7,7.8
5634,2021-06-15 15:25:00,7.8,8.25,7.75,8.05,45650,697850,9.47,8.0,8.1
5635,2021-06-15 15:26:00,8.1,8.5,8.1,8.35,69000,697850,9.46,8.35,8.4
5636,2021-06-15 15:27:00,8.35,8.5,8.3,8.4,33850,721075,9.45,8.4,8.5
5637,2021-06-15 15:28:00,8.55,8.6,8.4,8.4,28125,721075,9.44,8.45,8.55
5638,2021-06-15 15:29:00,8.55,8.6,8.4,8.4,28125,721075,9.44,8.45,8.55
5639,2021-06-15 15:30:00,8.55,8.55,7.5,7.85,41975,721075,9.44,7.95,8.0
5640,2021-06-16 09:15:00,4.5,8.4,4.5,7.8,45950,721300,7.51,7.8,7.9
5641,2021-06-16 09:16:00,7.8,8.15,7.5,8.1,48425,721300,7.68,8.0,8.1
5642,2021-06-16 09:17:00,8.15,8.3,7.95,8.15,31575,743450,7.79,8.1,8.15
5643,2021-06-16 09:18:00,8.15,8.15,7.75,7.9,39525,743450,7.83,7.8,7.85
5644,2021-06-16 09:19:00,7.85,8.0,7.75,7.8,20675,743450,7.84,7.8,7.9
5645,2021-06-16 09:20:00,8.0,8.3,7.8,8.2,36225,771025,7.87,8.2,8.25
5646,2021-06-16 09:21:00,8.25,8.7,8.15,8.5,40525,771025,7.94,8.4,8.5
5647,2021-06-16 09:22:00,8.4,8.5,8.15,8.25,39050,771025,7.99,8.15,8.25
5648,2021-06-16 09:23:00,8.25,8.4,7.85,8.4,70300,804125,8.0,8.25,8.4
5649,2021-06-16 09:24:00,8.4,8.4,7.9,8.0,60550,804125,8.02,7.95,8.0
5650,2021-06-16 09:25:00,8.05,8.1,7.45,7.6,60525,804125,7.98,7.5,7.6
5651,2021-06-16 09:26:00,7.5,8.0,7.5,7.75,92375,844975,7.94,7.7,7.8
5652,2021-06-16 09:27:00,7.75,7.9,6.95,7.1,39500,844975,7.9,7.05,7.1
5653,2021-06-16 09:28:00,7.1,7.25,7.1,7.15,22775,844975,7.87,7.1,7.15
5654,2021-06-16 09:29:00,7.2,7.3,7.05,7.1,51400,888925,7.82,7.1,7.2
5655,2021-06-16 09:30:00,7.2,7.3,7.0,7.25,60825,888925,7.76,7.2,7.3
5656,2021-06-16 09:31:00,7.3,7.35,7.15,7.15,38700,888925,7.74,7.15,7.2
5657,2021-06-16 09:32:00,7.2,7.35,7.2,7.2,35525,923600,7.72,7.2,7.25
5658,2021-06-16 09:33:00,7.25,7.4,7.15,7.25,43625,923600,7.7,7.2,7.3
5659,2021-06-16 09:34:00,7.25,7.45,7.25,7.4,57750,923600,7.68,7.35,7.45
5660,2021-06-16 09:35:00,7.45,7.45,7.05,7.1,17725,946275,7.67,7.1,7.15
5661,2021-06-16 09:36:00,7.15,7.15,6.95,7.0,35475,946275,7.65,7.0,7.05
5662,2021-06-16 09:37:00,7.0,7.15,6.9,7.1,57325,946275,7.61,7.1,7.15
5663,2021-06-16 09:38:00,7.1,7.15,7.0,7.1,20950,923375,7.6,7.1,7.15
5664,2021-06-16 09:39:00,7.1,7.2,7.05,7.15,21550,923375,7.59,7.05,7.15
5665,2021-06-16 09:40:00,7.05,7.2,7.0,7.0,16175,923375,7.59,6.95,7.05
5666,2021-06-16 09:41:00,7.0,7.05,6.9,6.95,16950,928475,7.58,6.9,7.0
5667,2021-06-16 09:42:00,6.9,6.95,6.85,6.95,12875,928475,7.57,6.9,6.95
5668,2021-06-16 09:43:00,6.9,7.1,6.9,7.0,7950,928475,7.57,7.0,7.1
5669,2021-06-16 09:44:00,7.0,7.1,7.0,7.05,12375,926075,7.56,7.0,7.1
5670,2021-06-16 09:45:00,7.05,7.15,7.0,7.15,20250,926075,7.55,7.05,7.15
5671,2021-06-16 09:46:00,7.15,7.35,7.15,7.35,22550,926075,7.55,7.3,7.4
5672,2021-06-16 09:47:00,7.3,7.8,7.25,7.55,31400,921050,7.54,7.55,7.65
5673,2021-06-16 09:48:00,7.6,8.0,7.6,7.7,19175,921050,7.55,7.7,7.8
5674,2021-06-16 09:49:00,7.8,8.0,7.75,7.9,16850,921050,7.55,7.9,7.95
5675,2021-06-16 09:50:00,7.8,7.9,7.5,7.55,16850,935000,7.55,7.5,7.6
5676,2021-06-16 09:51:00,7.6,7.7,7.5,7.55,7200,935000,7.55,7.55,7.6
5677,2021-06-16 09:52:00,7.6,7.6,7.35,7.45,17800,935000,7.55,7.45,7.5
5678,2021-06-16 09:53:00,7.45,7.55,7.35,7.55,19975,936875,7.55,7.45,7.55
5679,2021-06-16 09:54:00,7.45,7.6,7.35,7.35,29500,936875,7.55,7.35,7.4
5680,2021-06-16 09:55:00,7.4,7.45,7.25,7.25,11700,936875,7.55,7.2,7.3
5681,2021-06-16 09:56:00,7.25,7.4,7.2,7.35,16875,962150,7.54,7.3,7.35
5682,2021-06-16 09:57:00,7.4,7.4,7.2,7.35,18275,962150,7.54,7.35,7.4
5683,2021-06-16 09:58:00,7.45,7.45,7.25,7.4,13100,962150,7.54,7.35,7.4
5684,2021-06-16 09:59:00,7.45,7.6,7.35,7.6,12275,963150,7.54,7.55,7.6
5685,2021-06-16 10:00:00,7.6,7.65,7.4,7.4,14225,963150,7.54,7.35,7.4
5686,2021-06-16 10:01:00,7.4,7.55,7.4,7.5,15800,963150,7.54,7.45,7.5
5687,2021-06-16 10:02:00,7.5,7.6,7.4,7.4,9000,978500,7.54,7.35,7.4
5688,2021-06-16 10:03:00,7.4,7.75,7.35,7.6,20150,978500,7.54,7.6,7.7
5689,2021-06-16 10:04:00,7.6,8.0,7.55,7.75,53525,978500,7.54,7.7,7.8
5690,2021-06-16 10:05:00,7.75,7.8,7.6,7.6,16875,971300,7.55,7.6,7.7
5691,2021-06-16 10:06:00,7.7,7.7,7.45,7.55,8300,971300,7.55,7.55,7.6
5692,2021-06-16 10:07:00,7.55,7.85,7.5,7.75,6475,971300,7.55,7.75,7.8
5693,2021-06-16 10:08:00,7.7,7.75,7.5,7.7,5225,973825,7.55,7.6,7.7
5694,2021-06-16 10:09:00,7.8,7.85,7.6,7.7,10975,973825,7.55,7.7,7.75
5695,2021-06-16 10:10:00,7.7,7.75,7.6,7.6,8950,973825,7.55,7.6,7.65
5696,2021-06-16 10:11:00,7.6,7.85,7.55,7.6,27225,989550,7.55,7.6,7.7
5697,2021-06-16 10:12:00,7.6,7.7,7.4,7.45,10575,989550,7.55,7.4,7.5
5698,2021-06-16 10:13:00,7.4,7.55,7.35,7.45,18950,989550,7.55,7.45,7.5
5699,2021-06-16 10:14:00,7.45,7.5,7.15,7.15,26800,1004750,7.55,7.1,7.2
5700,2021-06-16 10:15:00,7.15,7.15,6.5,6.7,115575,1004750,7.5,6.6,6.65
5701,2021-06-16 10:16:00,6.65,6.8,6.65,6.75,10575,1004750,7.49,6.75,6.8
5702,2021-06-16 10:17:00,6.8,6.85,6.65,6.65,13075,953600,7.49,6.65,6.7
5703,2021-06-16 10:18:00,6.7,6.7,6.65,6.7,4500,953600,7.48,6.65,6.7
5704,2021-06-16 10:19:00,6.7,6.8,6.7,6.7,9100,953600,7.48,6.7,6.75
5705,2021-06-16 10:20:00,6.75,6.85,6.7,6.8,3950,955800,7.48,6.75,6.8
5706,2021-06-16 10:21:00,6.75,6.9,6.7,6.8,13550,955800,7.47,6.8,6.85
5707,2021-06-16 10:22:00,6.85,7.0,6.65,6.85,22700,955800,7.47,6.8,6.9
5708,2021-06-16 10:23:00,6.8,6.8,6.55,6.65,28850,937825,7.45,6.6,6.7
5709,2021-06-16 10:24:00,6.65,6.9,6.65,6.9,5475,937825,7.45,6.85,6.95
5710,2021-06-16 10:25:00,6.9,7.0,6.8,6.95,8725,937825,7.45,6.9,6.95
5711,2021-06-16 10:26:00,6.9,7.0,6.85,6.95,6275,936425,7.45,6.9,7.0
5712,2021-06-16 10:27:00,6.95,7.05,6.9,6.9,9500,936425,7.45,6.85,6.95
5713,2021-06-16 10:28:00,6.85,7.0,6.85,6.9,10775,936425,7.44,6.8,6.9
5714,2021-06-16 10:29:00,6.9,7.05,6.8,7.0,30475,939975,7.43,7.0,7.1
5715,2021-06-16 10:30:00,7.05,7.4,7.0,7.05,33525,939975,7.43,7.0,7.05
5716,2021-06-16 10:31:00,7.05,7.25,6.95,6.95,27725,939975,7.43,6.95,7.0
5717,2021-06-16 10:32:00,6.95,7.0,6.8,6.9,14625,936975,7.42,6.9,6.95
5718,2021-06-16 10:33:00,6.9,7.0,6.75,6.8,16650,936975,7.42,6.8,6.85
5719,2021-06-16 10:34:00,6.85,6.9,6.8,6.8,20350,936975,7.41,6.8,6.85
5720,2021-06-16 10:35:00,6.8,6.85,6.75,6.8,8400,949825,7.41,6.8,6.85
5721,2021-06-16 10:36:00,6.85,6.85,6.75,6.75,10750,949825,7.41,6.7,6.8
5722,2021-06-16 10:37:00,6.75,6.8,6.7,6.75,3350,949825,7.41,6.7,6.75
5723,2021-06-16 10:38:00,6.75,6.75,6.7,6.75,2600,951025,7.41,6.7,6.75
5724,2021-06-16 10:39:00,6.75,6.8,6.65,6.75,3900,951025,7.4,6.75,6.8
5725,2021-06-16 10:40:00,6.75,6.9,6.75,6.9,7850,951025,7.4,6.85,6.9
5726,2021-06-16 10:41:00,6.9,6.9,6.5,6.55,25825,947450,7.39,6.5,6.6
5727,2021-06-16 10:42:00,6.6,6.65,6.55,6.55,8925,947450,7.39,6.55,6.6
5728,2021-06-16 10:43:00,6.55,6.65,6.55,6.55,5500,947450,7.39,6.55,6.6
5729,2021-06-16 10:44:00,6.55,6.7,6.55,6.65,1825,942425,7.39,6.65,6.7
5730,2021-06-16 10:45:00,6.65,6.7,6.65,6.7,4875,942425,7.38,6.65,6.7
5731,2021-06-16 10:46:00,6.65,6.75,6.65,6.7,2225,942425,7.38,6.65,6.7
5732,2021-06-16 10:47:00,6.7,6.75,6.65,6.75,1150,943375,7.38,6.7,6.75
5733,2021-06-16 10:48:00,6.7,6.8,6.7,6.7,2300,943375,7.38,6.7,6.75
5734,2021-06-16 10:49:00,6.7,6.75,6.6,6.75,5800,943375,7.38,6.7,6.75
5735,2021-06-16 10:50:00,6.7,7.0,6.7,6.85,17375,947050,7.38,6.8,6.9
5736,2021-06-16 10:51:00,6.75,7.1,6.75,6.95,7425,947050,7.37,6.9,6.95
5737,2021-06-16 10:52:00,6.9,6.95,6.8,6.85,7575,947050,7.37,6.8,6.85
5738,2021-06-16 10:53:00,6.9,7.0,6.85,7.0,7425,942550,7.37,6.95,7.0
5739,2021-06-16 10:54:00,7.0,7.3,6.9,7.25,32900,942550,7.37,7.2,7.25
5740,2021-06-16 10:55:00,7.2,7.6,7.05,7.6,29775,942550,7.37,7.5,7.6
5741,2021-06-16 10:56:00,7.55,8.25,7.0,7.0,69300,929975,7.37,7.0,7.1
5742,2021-06-16 10:57:00,7.15,7.4,7.1,7.2,72075,929975,7.37,7.15,7.25
5743,2021-06-16 10:58:00,7.15,7.45,7.1,7.35,26750,929975,7.37,7.3,7.35
5744,2021-06-16 10:59:00,7.35,7.5,7.35,7.35,14975,895250,7.37,7.3,7.4
5745,2021-06-16 11:00:00,7.35,7.7,7.2,7.2,27900,895250,7.37,7.2,7.3
5746,2021-06-16 11:01:00,7.35,7.35,7.1,7.2,18125,895250,7.37,7.15,7.2
5747,2021-06-16 11:02:00,7.2,7.25,7.0,7.25,31675,902300,7.36,7.15,7.25
5748,2021-06-16 11:03:00,7.35,7.35,7.0,7.05,16375,902300,7.36,7.05,7.1
5749,2021-06-16 11:04:00,7.1,7.15,6.75,6.85,12650,902300,7.36,6.8,6.85
5750,2021-06-16 11:05:00,6.85,7.1,6.85,7.05,21050,924775,7.36,7.05,7.1
5751,2021-06-16 11:06:00,7.05,7.05,6.7,6.75,11075,924775,7.35,6.75,6.8
5752,2021-06-16 11:07:00,6.75,6.9,6.7,6.85,9050,924775,7.35,6.8,6.9
5753,2021-06-16 11:08:00,6.95,7.0,6.85,6.9,9100,923600,7.35,6.85,6.9
5754,2021-06-16 11:09:00,6.85,7.0,6.8,6.95,5600,923600,7.35,6.9,7.0
5755,2021-06-16 11:10:00,6.9,7.0,6.85,6.85,6400,923600,7.35,6.8,6.85
5756,2021-06-16 11:11:00,6.8,6.9,6.75,6.85,10675,926975,7.35,6.85,6.9
5757,2021-06-16 11:12:00,6.85,6.85,6.8,6.85,2575,926975,7.35,6.75,6.85
5758,2021-06-16 11:13:00,6.8,6.9,6.8,6.9,6200,926975,7.34,6.8,6.9
5759,2021-06-16 11:14:00,6.85,7.15,6.8,7.0,8575,922950,7.34,7.0,7.05
5760,2021-06-16 11:15:00,7.05,7.35,7.0,7.15,14975,922950,7.34,7.15,7.2
5761,2021-06-16 11:16:00,7.15,7.3,7.05,7.15,12525,922950,7.34,7.15,7.2
5762,2021-06-16 11:17:00,7.15,7.25,7.1,7.15,3450,926450,7.34,7.1,7.2
5763,2021-06-16 11:18:00,7.2,7.2,7.05,7.05,3350,926450,7.34,7.0,7.05
5764,2021-06-16 11:19:00,7.05,7.1,6.95,7.05,5700,926450,7.34,7.0,7.05
5765,2021-06-16 11:20:00,7.0,7.1,6.9,6.95,14050,925500,7.34,6.95,7.0
5766,2021-06-16 11:21:00,6.95,7.15,6.95,7.15,3725,925500,7.34,7.05,7.15
5767,2021-06-16 11:22:00,7.05,7.45,7.0,7.45,11900,925500,7.34,7.35,7.45
5768,2021-06-16 11:23:00,7.4,7.7,7.3,7.4,9775,929300,7.34,7.4,7.5
5769,2021-06-16 11:24:00,7.4,7.6,7.2,7.45,5000,929300,7.34,7.4,7.5
5770,2021-06-16 11:25:00,7.45,7.45,7.2,7.2,5475,929300,7.34,7.2,7.25
5771,2021-06-16 11:26:00,7.2,7.25,7.1,7.15,5200,929300,7.34,7.1,7.2
5772,2021-06-16 11:27:00,7.1,7.15,6.95,7.05,7925,928475,7.34,7.0,7.05
5773,2021-06-16 11:28:00,7.05,7.1,7.0,7.05,750,928475,7.34,7.05,7.1
5774,2021-06-16 11:29:00,7.05,7.15,7.0,7.0,2300,928475,7.34,6.95,7.05
5775,2021-06-16 11:30:00,6.95,7.25,6.95,7.15,4625,931500,7.34,7.15,7.2
5776,2021-06-16 11:31:00,7.2,7.25,7.0,7.15,4750,931500,7.34,7.15,7.2
5777,2021-06-16 11:32:00,7.15,7.2,7.1,7.15,3275,931500,7.34,7.1,7.15
5778,2021-06-16 11:33:00,7.1,7.15,7.05,7.05,1825,932125,7.34,7.05,7.1
5779,2021-06-16 11:34:00,7.05,7.1,7.0,7.0,7750,932125,7.33,7.0,7.05
5780,2021-06-16 11:35:00,7.1,7.1,7.05,7.1,4000,932125,7.33,7.1,7.15
5781,2021-06-16 11:36:00,7.1,7.15,7.05,7.05,2900,935575,7.33,7.05,7.1
5782,2021-06-16 11:37:00,7.1,7.1,7.0,7.1,2375,935575,7.33,7.05,7.15
5783,2021-06-16 11:38:00,7.15,7.25,7.1,7.25,5000,935575,7.33,7.15,7.2
5784,2021-06-16 11:39:00,7.15,7.25,7.15,7.25,4525,940375,7.33,7.15,7.25
5785,2021-06-16 11:40:00,7.15,7.3,7.1,7.2,8625,940375,7.33,7.15,7.25
5786,2021-06-16 11:41:00,7.2,7.3,6.8,6.9,13650,940375,7.33,6.85,6.95
5787,2021-06-16 11:42:00,6.85,7.05,6.85,6.95,7250,935950,7.33,6.9,7.0
5788,2021-06-16 11:43:00,7.0,7.25,7.0,7.15,15325,935950,7.33,7.15,7.2
5789,2021-06-16 11:44:00,7.15,7.25,7.1,7.25,5200,935950,7.33,7.25,7.3
5790,2021-06-16 11:45:00,7.25,7.3,7.0,7.05,5025,948925,7.33,7.0,7.05
5791,2021-06-16 11:46:00,7.0,7.05,6.9,7.0,13425,948925,7.33,6.9,7.0
5792,2021-06-16 11:47:00,7.0,7.0,6.8,6.8,9475,948925,7.32,6.75,6.8
5793,2021-06-16 11:48:00,6.8,6.85,6.75,6.75,2575,940225,7.32,6.75,6.8
5794,2021-06-16 11:49:00,6.75,6.8,6.7,6.75,975,940225,7.32,6.7,6.8
5795,2021-06-16 11:50:00,6.75,6.85,6.75,6.75,4950,940225,7.32,6.7,6.8
5796,2021-06-16 11:51:00,6.8,6.85,6.75,6.85,1825,943275,7.32,6.75,6.85
5797,2021-06-16 11:52:00,6.75,6.9,6.75,6.75,5725,943275,7.32,6.75,6.8
5798,2021-06-16 11:53:00,6.8,7.25,6.8,7.0,22750,943275,7.32,7.0,7.05
5799,2021-06-16 11:54:00,7.05,7.05,6.65,6.7,10325,954800,7.32,6.65,6.7
5800,2021-06-16 11:55:00,6.75,6.8,6.65,6.65,4300,954800,7.32,6.65,6.7
5801,2021-06-16 11:56:00,6.65,6.8,6.65,6.75,2800,954800,7.32,6.75,6.8
5802,2021-06-16 11:57:00,6.75,6.85,6.6,6.75,8600,952250,7.31,6.7,6.8
5803,2021-06-16 11:58:00,6.75,6.75,6.65,6.7,4350,952250,7.31,6.65,6.7
5804,2021-06-16 11:59:00,6.65,6.8,6.65,6.75,1800,952250,7.31,6.75,6.8
5805,2021-06-16 12:00:00,6.8,6.85,6.75,6.75,3650,954050,7.31,6.75,6.8
5806,2021-06-16 12:01:00,6.75,6.8,6.65,6.7,6800,954050,7.31,6.65,6.7
5807,2021-06-16 12:02:00,6.7,7.05,6.7,6.9,7325,954050,7.31,6.85,6.9
5808,2021-06-16 12:03:00,6.9,6.9,6.85,6.85,1700,952050,7.31,6.85,6.9
5809,2021-06-16 12:04:00,6.85,6.9,6.75,6.8,1000,952050,7.31,6.75,6.8
5810,2021-06-16 12:05:00,6.8,6.8,6.5,6.55,35000,952050,7.3,6.5,6.6
5811,2021-06-16 12:06:00,6.55,6.55,6.3,6.45,18075,951350,7.3,6.4,6.45
5812,2021-06-16 12:07:00,6.4,6.85,6.4,6.8,41675,951350,7.29,6.75,6.85
5813,2021-06-16 12:08:00,6.8,6.95,6.7,6.95,9550,951350,7.29,6.9,7.0
5814,2021-06-16 12:09:00,6.95,7.0,6.85,6.9,6575,941200,7.29,6.85,6.9
5815,2021-06-16 12:10:00,6.85,6.85,6.7,6.85,6975,941200,7.29,6.8,6.85
5816,2021-06-16 12:11:00,6.85,6.85,6.7,6.75,3900,941200,7.28,6.75,6.8
5817,2021-06-16 12:12:00,6.75,6.8,6.5,6.55,4275,936050,7.28,6.5,6.55
5818,2021-06-16 12:13:00,6.5,6.65,6.5,6.55,4625,936050,7.28,6.5,6.55
5819,2021-06-16 12:14:00,6.55,6.6,6.05,6.1,38825,936050,7.27,6.1,6.15
5820,2021-06-16 12:15:00,6.05,6.2,6.05,6.2,9725,925800,7.27,6.15,6.2
5821,2021-06-16 12:16:00,6.2,6.25,6.15,6.2,4850,925800,7.26,6.15,6.25
5822,2021-06-16 12:17:00,6.2,6.4,6.2,6.3,6425,925800,7.26,6.3,6.35
5823,2021-06-16 12:18:00,6.3,6.4,6.25,6.35,5650,922450,7.26,6.35,6.4
5824,2021-06-16 12:19:00,6.4,6.45,6.35,6.35,5950,922450,7.26,6.35,6.4
5825,2021-06-16 12:20:00,6.4,6.4,6.25,6.35,3025,922450,7.26,6.3,6.35
5826,2021-06-16 12:21:00,6.35,6.4,6.2,6.2,2550,918425,7.26,6.15,6.2
5827,2021-06-16 12:22:00,6.2,6.35,6.2,6.35,4150,918425,7.26,6.3,6.35
5828,2021-06-16 12:23:00,6.35,6.4,6.35,6.4,2475,918425,7.26,6.35,6.4
5829,2021-06-16 12:24:00,6.35,6.55,6.35,6.5,6350,914725,7.25,6.45,6.5
5830,2021-06-16 12:25:00,6.5,6.5,6.4,6.45,2675,914725,7.25,6.45,6.5
5831,2021-06-16 12:26:00,6.5,6.6,6.5,6.55,5150,914725,7.25,6.5,6.55
5832,2021-06-16 12:27:00,6.55,7.0,6.45,6.8,8175,915250,7.25,6.75,6.8
5833,2021-06-16 12:28:00,6.75,6.8,6.65,6.75,2575,915250,7.25,6.65,6.75
5834,2021-06-16 12:29:00,6.7,6.75,6.5,6.5,2675,915250,7.25,6.5,6.55
5835,2021-06-16 12:30:00,6.55,6.6,6.5,6.6,4425,913400,7.25,6.55,6.6
5836,2021-06-16 12:31:00,6.55,6.65,6.5,6.5,2450,913400,7.25,6.5,6.55
5837,2021-06-16 12:32:00,6.55,6.7,6.55,6.7,2325,913400,7.25,6.65,6.7
5838,2021-06-16 12:33:00,6.7,6.7,6.6,6.7,3775,913750,7.25,6.6,6.7
5839,2021-06-16 12:34:00,6.7,6.7,6.55,6.6,5500,913750,7.25,6.6,6.65
5840,2021-06-16 12:35:00,6.65,6.7,6.55,6.65,2250,913750,7.25,6.6,6.7
5841,2021-06-16 12:36:00,6.65,6.65,6.6,6.65,1750,913875,7.25,6.6,6.7
5842,2021-06-16 12:37:00,6.65,6.7,6.65,6.65,2300,913875,7.25,6.6,6.65
5843,2021-06-16 12:38:00,6.65,6.7,6.2,6.35,19625,913875,7.24,6.3,6.4
5844,2021-06-16 12:39:00,6.35,7.0,6.25,7.0,15825,913500,7.24,6.95,7.05
5845,2021-06-16 12:40:00,7.0,8.0,6.7,7.5,110850,913500,7.25,7.55,7.6
5846,2021-06-16 12:41:00,7.7,7.8,7.0,7.0,33800,913500,7.25,7.0,7.1
5847,2021-06-16 12:42:00,7.0,7.35,6.9,6.95,15600,906850,7.25,6.9,7.0
5848,2021-06-16 12:43:00,7.05,7.05,6.85,7.0,15325,906850,7.25,7.0,7.1
5849,2021-06-16 12:44:00,7.0,7.3,7.0,7.2,8050,906850,7.25,7.15,7.2
5850,2021-06-16 12:45:00,7.2,7.5,7.1,7.2,20950,900225,7.25,7.15,7.2
5851,2021-06-16 12:46:00,7.1,7.15,6.75,6.8,16475,900225,7.25,6.75,6.8
5852,2021-06-16 12:47:00,6.8,6.8,6.7,6.7,2600,900225,7.25,6.7,6.8
5853,2021-06-16 12:48:00,6.75,6.75,6.55,6.7,4025,901750,7.25,6.65,6.7
5854,2021-06-16 12:49:00,6.65,6.8,6.65,6.7,8150,901750,7.25,6.65,6.7
5855,2021-06-16 12:50:00,6.75,6.85,6.65,6.65,5750,901750,7.24,6.6,6.7
5856,2021-06-16 12:51:00,6.7,6.85,6.65,6.75,4525,897325,7.24,6.75,6.85
5857,2021-06-16 12:52:00,6.85,6.9,6.8,6.85,10450,897325,7.24,6.8,6.9
5858,2021-06-16 12:53:00,6.9,7.0,6.8,7.0,11175,897325,7.24,6.95,7.0
5859,2021-06-16 12:54:00,7.0,7.1,6.9,7.05,4225,896325,7.24,7.0,7.05
5860,2021-06-16 12:55:00,7.05,7.45,7.0,7.2,8325,896325,7.24,7.15,7.25
5861,2021-06-16 12:56:00,7.3,7.35,7.15,7.3,2575,896325,7.24,7.3,7.4
5862,2021-06-16 12:57:00,7.4,7.45,7.2,7.25,2550,900350,7.24,7.15,7.25
5863,2021-06-16 12:58:00,7.25,7.75,7.25,7.6,7125,900350,7.24,7.5,7.6
5864,2021-06-16 12:59:00,7.6,7.6,7.35,7.35,5700,900350,7.24,7.35,7.4
5865,2021-06-16 13:00:00,7.35,7.5,7.3,7.4,5475,899125,7.24,7.4,7.45
5866,2021-06-16 13:01:00,7.4,7.45,7.3,7.35,3975,899125,7.24,7.25,7.35
5867,2021-06-16 13:02:00,7.35,7.55,7.3,7.35,5800,899125,7.24,7.25,7.3
5868,2021-06-16 13:03:00,7.25,7.55,7.25,7.35,6450,898725,7.24,7.35,7.45
5869,2021-06-16 13:04:00,7.45,7.5,7.25,7.4,10575,898725,7.24,7.3,7.4
5870,2021-06-16 13:05:00,7.4,7.5,7.2,7.3,6625,898725,7.24,7.2,7.25
5871,2021-06-16 13:06:00,7.2,7.25,6.85,6.95,14525,904200,7.24,6.9,7.0
5872,2021-06-16 13:07:00,6.9,7.55,6.9,7.55,4150,904200,7.24,7.5,7.55
5873,2021-06-16 13:08:00,7.55,7.9,6.85,6.85,28700,904200,7.24,6.8,6.9
5874,2021-06-16 13:09:00,6.9,7.15,6.8,6.8,19500,897725,7.24,6.8,6.85
5875,2021-06-16 13:10:00,6.8,6.95,6.75,6.9,1450,897725,7.24,6.85,6.9
5876,2021-06-16 13:11:00,6.95,7.0,6.75,7.0,7100,897725,7.24,6.95,7.0
5877,2021-06-16 13:12:00,6.95,7.2,6.95,7.1,10925,902875,7.24,7.1,7.2
5878,2021-06-16 13:13:00,7.15,7.25,6.9,7.15,17525,902875,7.24,7.1,7.15
5879,2021-06-16 13:14:00,7.15,7.25,6.8,6.85,7275,902875,7.24,6.8,6.9
5880,2021-06-16 13:15:00,6.95,6.95,6.7,6.75,7450,902225,7.24,6.75,6.8
5881,2021-06-16 13:16:00,6.7,6.9,6.6,6.7,6575,902225,7.24,6.75,6.8
5882,2021-06-16 13:17:00,6.85,6.95,6.7,6.95,9550,902225,7.24,6.85,6.9
5883,2021-06-16 13:18:00,6.85,6.85,6.4,6.65,20575,901100,7.23,6.65,6.7
5884,2021-06-16 13:19:00,6.6,6.7,6.5,6.6,10625,901100,7.23,6.55,6.65
5885,2021-06-16 13:20:00,6.55,6.65,6.25,6.45,15075,901100,7.23,6.4,6.5
5886,2021-06-16 13:21:00,6.4,6.5,6.3,6.5,2200,891950,7.23,6.45,6.5
5887,2021-06-16 13:22:00,6.45,6.45,6.3,6.35,3200,891950,7.23,6.3,6.4
5888,2021-06-16 13:23:00,6.4,6.5,6.2,6.4,15325,891950,7.22,6.35,6.4
5889,2021-06-16 13:24:00,6.3,6.55,6.3,6.5,7700,887300,7.22,6.45,6.55
5890,2021-06-16 13:25:00,6.45,6.55,6.4,6.55,8825,887300,7.22,6.55,6.65
5891,2021-06-16 13:26:00,6.55,6.7,6.5,6.7,4975,887300,7.22,6.65,6.75
5892,2021-06-16 13:27:00,6.65,6.7,6.3,6.35,7450,887275,7.22,6.3,6.35
5893,2021-06-16 13:28:00,6.3,6.5,6.3,6.45,2700,887275,7.22,6.4,6.45
5894,2021-06-16 13:29:00,6.45,6.45,6.4,6.4,4050,887275,7.22,6.35,6.4
5895,2021-06-16 13:30:00,6.35,6.45,6.35,6.4,4575,882350,7.22,6.4,6.5
5896,2021-06-16 13:31:00,6.4,6.4,6.2,6.4,8950,882350,7.21,6.35,6.45
5897,2021-06-16 13:32:00,6.4,6.55,6.35,6.4,8950,882350,7.21,6.4,6.45
5898,2021-06-16 13:33:00,6.5,6.5,6.3,6.5,7775,885250,7.21,6.5,6.55
5899,2021-06-16 13:34:00,6.5,6.65,6.45,6.5,6575,885250,7.21,6.45,6.5
5900,2021-06-16 13:35:00,6.5,6.5,6.35,6.5,5350,885250,7.21,6.45,6.5
5901,2021-06-16 13:36:00,6.5,6.5,6.3,6.35,3600,880825,7.21,6.3,6.4
5902,2021-06-16 13:37:00,6.3,6.4,6.3,6.3,1650,880825,7.21,6.3,6.4
5903,2021-06-16 13:38:00,6.3,6.45,6.3,6.35,4500,880825,7.21,6.3,6.35
5904,2021-06-16 13:39:00,6.3,6.3,6.25,6.3,2425,880475,7.21,6.25,6.3
5905,2021-06-16 13:40:00,6.3,6.35,6.25,6.25,1700,880475,7.21,6.25,6.35
5906,2021-06-16 13:41:00,6.3,6.4,6.3,6.4,4825,880475,7.2,6.3,6.4
5907,2021-06-16 13:42:00,6.3,6.4,6.3,6.4,3925,876725,7.2,6.4,6.5
5908,2021-06-16 13:43:00,6.45,6.5,6.4,6.4,2700,876725,7.2,6.4,6.45
5909,2021-06-16 13:44:00,6.45,6.45,6.4,6.4,3075,876725,7.2,6.4,6.45
5910,2021-06-16 13:45:00,6.4,6.45,6.3,6.3,7950,874125,7.2,6.25,6.3
5911,2021-06-16 13:46:00,6.25,6.3,6.15,6.25,7500,874125,7.2,6.25,6.3
5912,2021-06-16 13:47:00,6.25,6.25,6.15,6.25,2900,874125,7.2,6.2,6.25
5913,2021-06-16 13:48:00,6.25,6.3,6.1,6.2,5150,872475,7.2,6.15,6.2
5914,2021-06-16 13:49:00,6.2,6.2,6.1,6.2,3475,872475,7.2,6.1,6.2
5915,2021-06-16 13:50:00,6.1,6.3,6.1,6.25,4500,872475,7.19,6.25,6.3
5916,2021-06-16 13:51:00,6.25,6.45,6.2,6.35,3000,872750,7.19,6.35,6.4
5917,2021-06-16 13:52:00,6.4,6.5,6.25,6.3,7300,872750,7.19,6.25,6.35
5918,2021-06-16 13:53:00,6.25,6.35,6.15,6.25,6375,872750,7.19,6.15,6.25
5919,2021-06-16 13:54:00,6.2,6.35,6.15,6.3,9150,873575,7.19,6.25,6.3
5920,2021-06-16 13:55:00,6.25,6.35,6.1,6.2,6100,873575,7.19,6.1,6.2
5921,2021-06-16 13:56:00,6.15,6.2,6.05,6.05,5600,873575,7.19,6.0,6.1
5922,2021-06-16 13:57:00,6.05,6.1,5.85,6.05,29550,875975,7.18,6.05,6.15
5923,2021-06-16 13:58:00,6.05,6.15,6.0,6.1,8625,875975,7.17,6.05,6.1
5924,2021-06-16 13:59:00,6.1,6.15,6.0,6.0,5850,875975,7.17,6.0,6.05
5925,2021-06-16 14:00:00,6.0,6.0,5.85,5.95,6650,880900,7.17,5.85,5.95
5926,2021-06-16 14:01:00,5.95,6.05,5.9,6.05,4775,880900,7.17,5.95,6.05
5927,2021-06-16 14:02:00,5.95,6.0,5.8,5.8,8125,880900,7.17,5.75,5.8
5928,2021-06-16 14:03:00,5.8,5.8,5.7,5.75,5600,875600,7.17,5.75,5.8
5929,2021-06-16 14:04:00,5.8,5.8,5.7,5.7,4925,875600,7.16,5.7,5.75
5930,2021-06-16 14:05:00,5.75,5.75,5.6,5.65,4775,875600,7.16,5.65,5.7
5931,2021-06-16 14:06:00,5.7,5.8,5.55,5.55,27500,872700,7.15,5.55,5.6
5932,2021-06-16 14:07:00,5.55,5.55,5.5,5.55,11700,872700,7.15,5.5,5.55
5933,2021-06-16 14:08:00,5.5,5.5,5.3,5.4,10750,872700,7.14,5.35,5.4
5934,2021-06-16 14:09:00,5.35,5.4,5.25,5.35,5425,868950,7.14,5.3,5.4
5935,2021-06-16 14:10:00,5.4,5.4,5.25,5.3,7525,868950,7.14,5.25,5.3
5936,2021-06-16 14:11:00,5.3,5.3,5.2,5.25,11975,868950,7.13,5.25,5.3
5937,2021-06-16 14:12:00,5.25,5.3,5.2,5.25,4150,865550,7.13,5.15,5.25
5938,2021-06-16 14:13:00,5.25,5.25,5.1,5.1,9825,865550,7.12,5.1,5.2
5939,2021-06-16 14:14:00,5.15,5.2,5.1,5.1,3800,865550,7.12,5.1,5.15
5940,2021-06-16 14:15:00,5.1,5.15,5.0,5.0,6575,863225,7.12,5.05,5.1
5941,2021-06-16 14:16:00,5.1,5.2,5.0,5.0,43500,863225,7.1,5.0,5.1
5942,2021-06-16 14:17:00,5.0,5.1,4.95,5.05,16075,863225,7.09,5.05,5.15
5943,2021-06-16 14:18:00,5.05,5.15,4.8,4.85,17200,870250,7.08,4.8,4.85
5944,2021-06-16 14:19:00,4.8,4.85,4.75,4.75,12225,870250,7.08,4.7,4.75
5945,2021-06-16 14:20:00,4.75,4.75,4.6,4.65,4275,870250,7.07,4.65,4.7
5946,2021-06-16 14:21:00,4.6,4.65,4.55,4.6,4950,873050,7.07,4.55,4.6
5947,2021-06-16 14:22:00,4.65,4.65,4.5,4.55,12475,873050,7.06,4.5,4.55
5948,2021-06-16 14:23:00,4.55,4.55,4.45,4.5,6750,873050,7.06,4.45,4.5
5949,2021-06-16 14:24:00,4.5,4.6,4.4,4.45,4200,874025,7.06,4.4,4.45
5950,2021-06-16 14:25:00,4.4,4.45,4.35,4.45,7575,874025,7.05,4.4,4.45
5951,2021-06-16 14:26:00,4.45,4.55,4.4,4.5,8750,874025,7.05,4.45,4.5
5952,2021-06-16 14:27:00,4.5,4.5,4.3,4.35,7325,864000,7.04,4.35,4.4
5953,2021-06-16 14:28:00,4.35,4.35,4.3,4.3,8225,864000,7.04,4.25,4.35
5954,2021-06-16 14:29:00,4.35,4.35,4.15,4.25,13325,864000,7.03,4.25,4.3
5955,2021-06-16 14:30:00,4.25,4.35,4.25,4.3,10075,859000,7.02,4.3,4.35
5956,2021-06-16 14:31:00,4.35,4.45,4.3,4.4,14200,859000,7.01,4.4,4.45
5957,2021-06-16 14:32:00,4.4,4.45,4.4,4.4,9125,859000,7.01,4.4,4.45
5958,2021-06-16 14:33:00,4.45,4.45,4.35,4.45,9125,857525,7.0,4.35,4.45
5959,2021-06-16 14:34:00,4.4,4.45,4.4,4.4,3225,857525,7.0,4.4,4.45
5960,2021-06-16 14:35:00,4.4,4.45,4.35,4.4,3500,857525,7.0,4.35,4.45
5961,2021-06-16 14:36:00,4.4,4.4,4.35,4.35,825,851075,7.0,4.35,4.4
5962,2021-06-16 14:37:00,4.35,4.4,4.35,4.4,3850,851075,7.0,4.35,4.4
5963,2021-06-16 14:38:00,4.35,4.5,4.35,4.5,4925,851075,6.99,4.45,4.5
5964,2021-06-16 14:39:00,4.5,4.55,4.4,4.45,3050,849275,6.99,4.4,4.5
5965,2021-06-16 14:40:00,4.5,4.5,4.2,4.25,12850,849275,6.98,4.2,4.25
5966,2021-06-16 14:41:00,4.25,4.3,4.25,4.25,6025,849275,6.98,4.25,4.3
5967,2021-06-16 14:42:00,4.3,4.3,4.2,4.25,9550,851075,6.97,4.2,4.25
5968,2021-06-16 14:43:00,4.25,4.25,4.15,4.15,12475,851075,6.97,4.1,4.15
5969,2021-06-16 14:44:00,4.1,4.15,4.0,4.05,17850,851075,6.95,4.0,4.05
5970,2021-06-16 14:45:00,4.0,4.15,4.0,4.1,14050,854775,6.95,4.1,4.15
5971,2021-06-16 14:46:00,4.1,4.15,4.1,4.15,11400,854775,6.94,4.1,4.15
5972,2021-06-16 14:47:00,4.1,4.15,4.1,4.1,12900,854775,6.93,4.1,4.15
5973,2021-06-16 14:48:00,4.1,4.15,3.9,4.05,12425,840975,6.92,4.0,4.05
5974,2021-06-16 14:49:00,4.0,4.05,3.9,3.95,9725,840975,6.92,3.9,3.95
5975,2021-06-16 14:50:00,3.95,3.95,3.65,3.75,17625,840975,6.9,3.7,3.75
5976,2021-06-16 14:51:00,3.75,3.75,3.6,3.7,19825,839550,6.89,3.7,3.75
5977,2021-06-16 14:52:00,3.7,3.75,3.55,3.6,14775,839550,6.88,3.55,3.6
5978,2021-06-16 14:53:00,3.6,3.6,3.4,3.5,49875,839550,6.84,3.5,3.55
5979,2021-06-16 14:54:00,3.55,3.8,3.45,3.8,28350,799975,6.82,3.75,3.8
5980,2021-06-16 14:55:00,3.85,3.9,3.65,3.75,13050,799975,6.81,3.7,3.75
5981,2021-06-16 14:56:00,3.75,3.8,3.6,3.8,12700,799975,6.81,3.75,3.85
5982,2021-06-16 14:57:00,3.8,3.85,3.65,3.7,3925,794875,6.8,3.65,3.75
5983,2021-06-16 14:58:00,3.65,3.8,3.65,3.7,4625,794875,6.8,3.7,3.75
5984,2021-06-16 14:59:00,3.8,3.9,3.75,3.85,13325,794875,6.79,3.8,3.85
5985,2021-06-16 15:00:00,3.75,4.05,3.7,4.05,20050,799275,6.78,4.0,4.1
5986,2021-06-16 15:01:00,4.15,4.2,3.85,4.1,36750,799275,6.76,4.15,4.2
5987,2021-06-16 15:02:00,4.2,4.2,4.05,4.1,13200,799275,6.75,4.05,4.1
5988,2021-06-16 15:03:00,4.05,4.05,3.8,3.9,11800,789825,6.74,3.85,3.9
5989,2021-06-16 15:04:00,3.95,4.1,3.8,3.9,31625,789825,6.72,3.85,3.95
5990,2021-06-16 15:05:00,3.9,3.95,3.85,3.9,36050,789825,6.7,3.85,3.9
5991,2021-06-16 15:06:00,3.85,3.9,3.75,3.75,28625,791800,6.69,3.75,3.85
5992,2021-06-16 15:07:00,3.85,3.85,3.65,3.7,10575,791800,6.68,3.7,3.75
5993,2021-06-16 15:08:00,3.7,3.7,3.6,3.65,21400,791800,6.67,3.6,3.65
5994,2021-06-16 15:09:00,3.6,3.7,3.6,3.7,22525,780575,6.65,3.7,3.75
5995,2021-06-16 15:10:00,3.65,4.35,3.65,4.25,59075,780575,6.62,4.15,4.25
5996,2021-06-16 15:11:00,4.15,4.2,3.75,3.8,47500,780575,6.6,3.75,3.8
5997,2021-06-16 15:12:00,3.75,3.8,3.6,3.6,24750,768150,6.58,3.55,3.6
5998,2021-06-16 15:13:00,3.55,3.65,3.5,3.55,26850,768150,6.57,3.5,3.55
5999,2021-06-16 15:14:00,3.5,3.55,3.35,3.4,31800,768150,6.55,3.4,3.45
6000,2021-06-16 15:15:00,3.45,3.45,3.3,3.45,30875,761825,6.53,3.4,3.45
6001,2021-06-16 15:16:00,3.35,3.4,3.25,3.3,16125,761825,6.52,3.25,3.3
6002,2021-06-16 15:17:00,3.25,3.45,3.25,3.35,26075,761825,6.5,3.3,3.35
6003,2021-06-16 15:18:00,3.35,3.5,3.3,3.45,22700,756950,6.49,3.4,3.45
6004,2021-06-16 15:19:00,3.45,3.75,3.4,3.65,28825,756950,6.47,3.65,3.75
6005,2021-06-16 15:20:00,3.65,3.65,3.35,3.4,27525,756950,6.46,3.4,3.45
6006,2021-06-16 15:21:00,3.4,3.45,3.3,3.35,20050,739500,6.45,3.35,3.4
6007,2021-06-16 15:22:00,3.4,3.45,3.2,3.4,20425,739500,6.43,3.35,3.4
6008,2021-06-16 15:23:00,3.3,3.65,3.3,3.6,51775,739500,6.41,3.6,3.65
6009,2021-06-16 15:24:00,3.6,3.7,3.5,3.6,34025,740400,6.39,3.55,3.6
6010,2021-06-16 15:25:00,3.5,3.8,3.4,3.5,58100,740400,6.36,3.45,3.55
6011,2021-06-16 15:26:00,3.5,3.65,3.45,3.6,35200,740400,6.34,3.5,3.6
6012,2021-06-16 15:27:00,3.5,3.85,3.15,3.75,35175,716325,6.32,3.7,3.75
6013,2021-06-16 15:28:00,3.75,4.1,3.75,3.85,32650,716325,6.31,3.8,3.85
6014,2021-06-16 15:29:00,3.75,4.1,3.75,3.85,32650,716325,6.31,3.8,3.85
6015,2021-06-16 15:30:00,3.85,4.35,3.25,3.25,43875,716325,6.29,3.2,4.5
6016,2021-06-17 09:15:00,3.05,5.15,3.05,5.0,122725,667425,4.27,4.8,4.95
6017,2021-06-17 09:16:00,4.85,5.7,4.3,4.6,129575,667425,4.59,4.55,4.6
6018,2021-06-17 09:17:00,4.6,4.95,4.5,4.7,90500,725275,4.62,4.7,4.75
6019,2021-06-17 09:18:00,4.7,5.0,4.7,4.75,104850,725275,4.68,4.7,4.75
6020,2021-06-17 09:19:00,4.75,4.8,3.55,3.55,102975,725275,4.57,3.5,3.55
6021,2021-06-17 09:20:00,3.45,3.55,2.5,2.9,171850,743650,4.17,2.9,2.95
6022,2021-06-17 09:21:00,2.9,3.55,2.8,3.55,62400,743650,4.09,3.5,3.55
6023,2021-06-17 09:22:00,3.5,3.65,3.4,3.4,90000,743650,4.03,3.35,3.45
6024,2021-06-17 09:23:00,3.5,3.55,3.35,3.45,73875,777325,3.99,3.4,3.45
6025,2021-06-17 09:24:00,3.45,3.55,3.15,3.3,39750,777325,3.96,3.2,3.3
6026,2021-06-17 09:25:00,3.25,3.4,3.15,3.35,34700,777325,3.94,3.3,3.4
6027,2021-06-17 09:26:00,3.3,3.6,3.3,3.5,84900,805625,3.9,3.5,3.55
6028,2021-06-17 09:27:00,3.55,3.55,3.45,3.5,27375,805625,3.89,3.45,3.5
6029,2021-06-17 09:28:00,3.5,3.7,3.5,3.65,51150,805625,3.88,3.65,3.7
6030,2021-06-17 09:29:00,3.6,3.65,3.5,3.5,95925,876550,3.86,3.45,3.5
6031,2021-06-17 09:30:00,3.45,3.6,3.25,3.25,108625,876550,3.82,3.25,3.3
6032,2021-06-17 09:31:00,3.25,3.4,3.1,3.25,98225,876550,3.79,3.2,3.25
6033,2021-06-17 09:32:00,3.3,3.5,3.25,3.5,48125,948175,3.77,3.45,3.5
6034,2021-06-17 09:33:00,3.4,3.5,3.3,3.45,57825,948175,3.76,3.4,3.5
6035,2021-06-17 09:34:00,3.4,3.45,3.25,3.3,37325,948175,3.75,3.3,3.35
6036,2021-06-17 09:35:00,3.35,3.4,3.2,3.4,33325,1000175,3.74,3.35,3.45
6037,2021-06-17 09:36:00,3.45,3.55,3.3,3.55,30625,1000175,3.74,3.5,3.55
6038,2021-06-17 09:37:00,3.5,3.6,3.35,3.35,22125,1000175,3.73,3.35,3.4
6039,2021-06-17 09:38:00,3.4,3.65,3.35,3.55,49450,1027125,3.73,3.5,3.55
6040,2021-06-17 09:39:00,3.55,3.6,3.35,3.45,29500,1027125,3.72,3.4,3.45
6041,2021-06-17 09:40:00,3.45,3.6,3.4,3.4,14375,1027125,3.72,3.4,3.45
6042,2021-06-17 09:41:00,3.5,3.5,3.2,3.3,30750,1038000,3.71,3.25,3.3
6043,2021-06-17 09:42:00,3.3,3.35,3.0,3.2,45325,1038000,3.7,3.15,3.2
6044,2021-06-17 09:43:00,3.25,3.3,3.15,3.3,31675,1038000,3.69,3.25,3.3
6045,2021-06-17 09:44:00,3.3,3.35,3.2,3.3,33400,1067850,3.69,3.3,3.35
6046,2021-06-17 09:45:00,3.35,3.4,3.25,3.25,19900,1067850,3.68,3.25,3.35
6047,2021-06-17 09:46:00,3.3,3.45,3.15,3.25,38700,1067850,3.67,3.25,3.3
6048,2021-06-17 09:47:00,3.25,3.5,3.2,3.45,61500,1084250,3.67,3.4,3.45
6049,2021-06-17 09:48:00,3.4,3.6,3.35,3.4,33175,1084250,3.66,3.4,3.45
6050,2021-06-17 09:49:00,3.4,3.45,3.25,3.25,31475,1084250,3.66,3.3,3.35
6051,2021-06-17 09:50:00,3.25,3.3,3.05,3.05,49375,1111500,3.65,3.0,3.1
6052,2021-06-17 09:51:00,3.0,3.1,2.95,3.0,40075,1111500,3.63,2.95,3.0
6053,2021-06-17 09:52:00,3.0,3.0,2.8,2.9,27375,1111500,3.62,2.85,2.9
6054,2021-06-17 09:53:00,2.85,2.95,2.8,2.9,16775,1126000,3.62,2.85,2.9
6055,2021-06-17 09:54:00,2.9,3.0,2.85,3.0,18600,1126000,3.61,2.95,3.0
6056,2021-06-17 09:55:00,3.0,3.05,2.95,3.0,24825,1126000,3.61,3.0,3.05
6057,2021-06-17 09:56:00,3.05,3.05,2.9,2.9,27375,1126850,3.6,2.9,2.95
6058,2021-06-17 09:57:00,2.9,2.95,2.8,2.9,41000,1126850,3.59,2.9,2.95
6059,2021-06-17 09:58:00,2.95,3.0,2.9,2.95,24850,1126850,3.58,2.9,2.95
6060,2021-06-17 09:59:00,2.95,2.95,2.8,2.85,27475,1137200,3.57,2.85,2.9
6061,2021-06-17 10:00:00,2.9,3.0,2.85,2.95,8500,1137200,3.57,2.9,3.0
6062,2021-06-17 10:01:00,3.0,3.0,2.9,3.0,13175,1137200,3.57,2.95,3.0
6063,2021-06-17 10:02:00,3.0,3.05,2.95,2.95,15675,1134300,3.56,2.9,3.0
6064,2021-06-17 10:03:00,3.0,3.0,2.9,2.9,16425,1134300,3.56,2.9,2.95
6065,2021-06-17 10:04:00,2.9,2.95,2.85,2.9,22175,1134300,3.55,2.9,2.95
6066,2021-06-17 10:05:00,2.85,3.0,2.85,3.0,18900,1143950,3.55,2.95,3.05
6067,2021-06-17 10:06:00,3.0,3.0,2.95,2.95,8800,1143950,3.55,2.95,3.0
6068,2021-06-17 10:07:00,2.95,3.0,2.85,2.9,10175,1143950,3.54,2.85,2.9
6069,2021-06-17 10:08:00,2.9,2.9,2.85,2.9,6850,1145950,3.54,2.9,2.95
6070,2021-06-17 10:09:00,2.95,3.0,2.9,2.9,13050,1145950,3.54,2.9,2.95
6071,2021-06-17 10:10:00,2.9,3.0,2.9,2.95,6775,1145950,3.54,2.95,3.0
6072,2021-06-17 10:11:00,2.95,3.0,2.85,2.95,17675,1141100,3.53,2.9,2.95
6073,2021-06-17 10:12:00,2.95,3.1,2.9,3.1,39225,1141100,3.53,3.05,3.15
6074,2021-06-17 10:13:00,3.05,3.15,2.9,2.9,20600,1141100,3.52,2.9,2.95
6075,2021-06-17 10:14:00,2.9,3.1,2.9,3.1,8525,1138150,3.52,3.05,3.1
6076,2021-06-17 10:15:00,3.1,3.1,3.0,3.1,21525,1138150,3.52,3.05,3.1
6077,2021-06-17 10:16:00,3.05,3.15,3.0,3.0,7750,1138150,3.52,3.0,3.1
6078,2021-06-17 10:17:00,3.05,3.1,3.0,3.05,11925,1137125,3.51,3.0,3.05
6079,2021-06-17 10:18:00,3.05,3.05,2.9,2.95,15925,1137125,3.51,2.95,3.0
6080,2021-06-17 10:19:00,2.95,2.95,2.85,2.9,15975,1137125,3.51,2.9,2.95
6081,2021-06-17 10:20:00,2.95,2.95,2.85,2.9,9075,1135750,3.5,2.9,2.95
6082,2021-06-17 10:21:00,2.95,3.4,2.9,3.2,42900,1135750,3.5,3.15,3.2
6083,2021-06-17 10:22:00,3.1,3.15,2.85,2.9,16950,1135750,3.5,2.9,2.95
6084,2021-06-17 10:23:00,2.95,2.95,2.65,2.75,40775,1130675,3.49,2.7,2.75
6085,2021-06-17 10:24:00,2.75,2.8,2.7,2.8,15000,1130675,3.48,2.8,2.85
6086,2021-06-17 10:25:00,2.8,2.85,2.75,2.85,15700,1130675,3.48,2.85,2.9
6087,2021-06-17 10:26:00,2.9,3.0,2.85,3.0,17725,1110800,3.47,2.95,3.0
6088,2021-06-17 10:27:00,2.95,3.0,2.9,2.9,13300,1110800,3.47,2.9,2.95
6089,2021-06-17 10:28:00,2.95,3.0,2.95,3.0,13225,1110800,3.47,2.95,3.0
6090,2021-06-17 10:29:00,3.0,3.0,2.9,3.0,10200,1092100,3.47,2.95,3.0
6091,2021-06-17 10:30:00,2.95,3.05,2.95,3.05,11375,1092100,3.47,3.05,3.1
6092,2021-06-17 10:31:00,3.05,3.15,3.0,3.15,8875,1092100,3.47,3.05,3.1
6093,2021-06-17 10:32:00,3.1,3.2,3.05,3.05,7500,1098225,3.46,3.05,3.1
6094,2021-06-17 10:33:00,3.05,3.2,3.05,3.1,9075,1098225,3.46,3.05,3.1
6095,2021-06-17 10:34:00,3.05,3.25,3.05,3.15,7550,1098225,3.46,3.15,3.2
6096,2021-06-17 10:35:00,3.2,3.2,3.1,3.1,4125,1099875,3.46,3.1,3.15
6097,2021-06-17 10:36:00,3.15,3.2,3.05,3.05,10650,1099875,3.46,3.05,3.1
6098,2021-06-17 10:37:00,3.1,3.15,3.0,3.05,7425,1099875,3.46,3.05,3.1
6099,2021-06-17 10:38:00,3.05,3.1,3.0,3.0,4875,1100275,3.46,3.0,3.05
6100,2021-06-17 10:39:00,3.05,3.2,3.0,3.1,24675,1100275,3.46,3.05,3.1
6101,2021-06-17 10:40:00,3.1,3.5,3.1,3.15,59850,1100275,3.45,3.15,3.2
6102,2021-06-17 10:41:00,3.15,3.15,2.4,3.0,45350,1096825,3.44,2.95,3.0
6103,2021-06-17 10:42:00,2.95,3.2,2.95,3.1,27600,1096825,3.44,3.1,3.15
6104,2021-06-17 10:43:00,3.15,3.2,3.1,3.15,8275,1096825,3.44,3.1,3.15
6105,2021-06-17 10:44:00,3.1,3.15,3.05,3.1,12700,1091550,3.44,3.1,3.15
6106,2021-06-17 10:45:00,3.1,3.15,3.05,3.1,8375,1091550,3.44,3.1,3.15
6107,2021-06-17 10:46:00,3.15,3.15,3.1,3.15,4550,1091550,3.44,3.15,3.25
6108,2021-06-17 10:47:00,3.15,3.2,3.15,3.2,8875,1090025,3.44,3.15,3.2
6109,2021-06-17 10:48:00,3.15,3.35,3.15,3.15,13175,1090025,3.44,3.15,3.2
6110,2021-06-17 10:49:00,3.2,3.25,3.1,3.1,12150,1090025,3.44,3.1,3.15
6111,2021-06-17 10:50:00,3.1,3.25,3.1,3.2,15000,1094600,3.43,3.15,3.2
6112,2021-06-17 10:51:00,3.15,3.2,3.05,3.1,41225,1094600,3.43,3.1,3.15
6113,2021-06-17 10:52:00,3.1,3.25,3.1,3.15,16400,1094600,3.43,3.15,3.2
6114,2021-06-17 10:53:00,3.15,3.2,3.15,3.15,7075,1102750,3.43,3.1,3.15
6115,2021-06-17 10:54:00,3.1,3.2,3.1,3.15,7500,1102750,3.43,3.15,3.2
6116,2021-06-17 10:55:00,3.15,3.2,3.1,3.1,9750,1102750,3.43,3.05,3.1
6117,2021-06-17 10:56:00,3.1,3.15,3.0,3.1,20625,1097750,3.43,3.0,3.1
6118,2021-06-17 10:57:00,3.05,3.05,2.95,3.0,24150,1097750,3.42,2.95,3.0
6119,2021-06-17 10:58:00,3.0,3.1,3.0,3.0,11200,1097750,3.42,2.95,3.0
6120,2021-06-17 10:59:00,3.0,3.05,3.0,3.05,8650,1097750,3.42,3.1,3.15
6121,2021-06-17 11:00:00,3.1,3.25,2.95,3.05,18125,1090825,3.42,3.05,3.1
6122,2021-06-17 11:01:00,3.1,3.15,3.05,3.1,4225,1090825,3.42,3.05,3.1
6123,2021-06-17 11:02:00,3.05,3.15,3.05,3.05,3650,1096100,3.42,3.05,3.1
6124,2021-06-17 11:03:00,3.1,3.2,3.05,3.1,4875,1096100,3.42,3.1,3.2
6125,2021-06-17 11:04:00,3.1,3.25,3.05,3.15,8800,1096100,3.42,3.15,3.25
6126,2021-06-17 11:05:00,3.25,3.4,3.2,3.25,24550,1096050,3.42,3.25,3.3
6127,2021-06-17 11:06:00,3.2,3.2,2.8,2.9,75150,1096050,3.4,2.85,2.9
6128,2021-06-17 11:07:00,2.8,3.15,2.8,3.1,24650,1096050,3.4,3.0,3.1
6129,2021-06-17 11:08:00,3.1,3.1,3.0,3.05,21550,1079725,3.4,2.95,3.05
6130,2021-06-17 11:09:00,3.05,3.15,3.0,3.15,19300,1079725,3.4,3.15,3.2
6131,2021-06-17 11:10:00,3.3,3.3,2.9,2.95,44950,1079725,3.39,2.9,2.95
6132,2021-06-17 11:11:00,2.95,3.2,2.9,3.0,35350,1073925,3.39,2.95,3.0
6133,2021-06-17 11:12:00,3.0,3.1,2.95,3.1,9075,1073925,3.39,3.05,3.1
6134,2021-06-17 11:13:00,3.05,3.15,3.0,3.1,11725,1073925,3.39,3.05,3.1
6135,2021-06-17 11:14:00,3.05,3.05,2.85,2.95,15200,1066325,3.39,2.95,3.0
6136,2021-06-17 11:15:00,2.95,2.95,2.8,2.8,10650,1066325,3.39,2.8,2.85
6137,2021-06-17 11:16:00,2.8,2.9,2.8,2.85,14200,1066325,3.38,2.85,2.9
6138,2021-06-17 11:17:00,2.85,2.95,2.85,2.95,11325,1070275,3.38,2.95,3.0
6139,2021-06-17 11:18:00,2.95,3.05,2.9,3.0,7250,1070275,3.38,2.95,3.0
6140,2021-06-17 11:19:00,3.0,3.0,2.8,2.85,9800,1070275,3.38,2.8,2.85
6141,2021-06-17 11:20:00,2.8,3.0,2.8,2.95,21850,1063750,3.38,2.9,2.95
6142,2021-06-17 11:21:00,2.95,3.0,2.75,2.85,20350,1063750,3.37,2.8,2.9
6143,2021-06-17 11:22:00,2.85,2.9,2.8,2.9,10125,1063750,3.37,2.85,2.95
6144,2021-06-17 11:23:00,2.85,2.85,2.75,2.85,17125,1055425,3.37,2.85,2.9
6145,2021-06-17 11:24:00,2.9,3.05,2.85,2.95,17050,1055425,3.37,2.95,3.0
6146,2021-06-17 11:25:00,2.95,3.05,2.95,2.95,12475,1055425,3.37,2.95,3.0
6147,2021-06-17 11:26:00,3.0,3.05,2.9,2.95,10450,1060050,3.37,2.95,3.0
6148,2021-06-17 11:27:00,3.0,3.0,2.9,2.95,6275,1060050,3.37,2.95,3.0
6149,2021-06-17 11:28:00,2.95,3.05,2.95,3.0,3800,1060050,3.37,2.95,3.0
6150,2021-06-17 11:29:00,3.0,3.05,2.95,3.05,15100,1057625,3.36,3.05,3.1
6151,2021-06-17 11:30:00,3.05,3.05,2.95,2.95,7525,1057625,3.36,2.9,2.95
6152,2021-06-17 11:31:00,2.95,3.0,2.9,2.95,3350,1057625,3.36,2.95,3.0
6153,2021-06-17 11:32:00,2.9,2.95,2.75,2.75,13500,1053450,3.36,2.7,2.75
6154,2021-06-17 11:33:00,2.75,2.8,2.6,2.6,23725,1053450,3.36,2.6,2.65
6155,2021-06-17 11:34:00,2.6,2.75,2.6,2.65,5050,1053450,3.36,2.65,2.7
6156,2021-06-17 11:35:00,2.65,2.75,2.65,2.75,3675,1052125,3.36,2.65,2.75
6157,2021-06-17 11:36:00,2.7,2.75,2.6,2.65,19025,1052125,3.35,2.55,2.65
6158,2021-06-17 11:37:00,2.65,2.65,2.55,2.6,8975,1052125,3.35,2.55,2.65
6159,2021-06-17 11:38:00,2.6,2.65,2.55,2.65,9225,1050350,3.35,2.65,2.7
6160,2021-06-17 11:39:00,2.65,2.7,2.55,2.6,7200,1050350,3.35,2.6,2.65
6161,2021-06-17 11:40:00,2.6,2.7,2.6,2.65,8600,1050350,3.35,2.65,2.7
6162,2021-06-17 11:41:00,2.7,2.7,2.6,2.65,16500,1049400,3.34,2.65,2.7
6163,2021-06-17 11:42:00,2.65,2.85,2.65,2.8,6175,1049400,3.34,2.75,2.85
6164,2021-06-17 11:43:00,2.75,2.9,2.75,2.75,8875,1049400,3.34,2.75,2.8
6165,2021-06-17 11:44:00,2.75,2.9,2.75,2.8,7400,1053700,3.34,2.8,2.85
6166,2021-06-17 11:45:00,2.8,2.9,2.8,2.85,5550,1053700,3.34,2.8,2.85
6167,2021-06-17 11:46:00,2.8,2.9,2.8,2.8,4975,1053700,3.34,2.8,2.85
6168,2021-06-17 11:47:00,2.8,2.9,2.8,2.85,5225,1055925,3.34,2.85,2.9
6169,2021-06-17 11:48:00,2.85,2.9,2.75,2.85,9050,1055925,3.34,2.85,2.9
6170,2021-06-17 11:49:00,2.85,2.95,2.8,2.85,7100,1055925,3.34,2.8,2.85
6171,2021-06-17 11:50:00,2.85,2.9,2.8,2.85,5550,1055925,3.34,2.8,2.85
6172,2021-06-17 11:51:00,2.8,2.9,2.8,2.85,5250,1048950,3.33,2.85,2.9
6173,2021-06-17 11:52:00,2.85,2.9,2.85,2.9,6075,1048950,3.33,2.85,2.95
6174,2021-06-17 11:53:00,2.85,2.95,2.85,2.85,2225,1048950,3.33,2.85,2.9
6175,2021-06-17 11:54:00,2.85,2.9,2.85,2.9,600,1050675,3.33,2.85,2.9
6176,2021-06-17 11:55:00,2.9,3.0,2.9,2.9,6875,1050675,3.33,2.9,2.95
6177,2021-06-17 11:56:00,2.9,3.0,2.85,2.85,23975,1050675,3.33,2.85,2.95
6178,2021-06-17 11:57:00,2.85,2.95,2.85,2.85,1075,1050325,3.33,2.85,2.9
6179,2021-06-17 11:58:00,2.9,2.95,2.85,2.85,750,1050325,3.33,2.85,2.9
6180,2021-06-17 11:59:00,2.85,2.95,2.8,2.8,16150,1050325,3.33,2.8,2.9
6181,2021-06-17 12:00:00,2.9,3.0,2.8,2.9,19575,1050125,3.33,2.9,2.95
6182,2021-06-17 12:01:00,2.95,2.95,2.8,2.9,22450,1050125,3.32,2.9,2.95
6183,2021-06-17 12:02:00,2.9,2.95,2.85,2.85,12075,1050125,3.32,2.85,2.9
6184,2021-06-17 12:03:00,2.85,2.9,2.6,2.7,51925,1059525,3.32,2.65,2.75
6185,2021-06-17 12:04:00,2.7,2.85,2.65,2.75,28225,1059525,3.31,2.75,2.8
6186,2021-06-17 12:05:00,2.75,2.95,2.7,2.85,20700,1059525,3.31,2.85,2.9
6187,2021-06-17 12:06:00,2.85,2.95,2.85,2.85,10425,1068500,3.31,2.8,2.85
6188,2021-06-17 12:07:00,2.85,2.9,2.8,2.9,9800,1068500,3.31,2.9,2.95
6189,2021-06-17 12:08:00,2.85,2.95,2.8,2.8,8075,1068500,3.31,2.8,2.85
6190,2021-06-17 12:09:00,2.9,2.9,2.8,2.85,2475,1059275,3.31,2.85,2.9
6191,2021-06-17 12:10:00,2.9,2.9,2.8,2.8,6875,1059275,3.31,2.8,2.85
6192,2021-06-17 12:11:00,2.8,2.85,2.75,2.8,6000,1059275,3.31,2.8,2.85
6193,2021-06-17 12:12:00,2.85,2.9,2.8,2.8,6525,1054150,3.3,2.75,2.85
6194,2021-06-17 12:13:00,2.8,2.9,2.8,2.8,4825,1054150,3.3,2.8,2.85
6195,2021-06-17 12:14:00,2.8,2.85,2.75,2.75,12050,1054150,3.3,2.75,2.8
6196,2021-06-17 12:15:00,2.8,2.8,2.75,2.8,11575,1054400,3.3,2.8,2.85
6197,2021-06-17 12:16:00,2.8,2.8,2.65,2.7,31025,1054400,3.3,2.7,2.75
6198,2021-06-17 12:17:00,2.75,2.75,2.45,2.5,55675,1054400,3.29,2.45,2.5
6199,2021-06-17 12:18:00,2.5,2.7,2.45,2.6,30450,1055325,3.28,2.55,2.65
6200,2021-06-17 12:19:00,2.6,2.7,2.4,2.4,27850,1055325,3.28,2.4,2.45
6201,2021-06-17 12:20:00,2.5,2.55,2.45,2.5,7850,1055325,3.28,2.45,2.5
6202,2021-06-17 12:21:00,2.55,2.6,2.5,2.55,10875,1055700,3.28,2.55,2.6
6203,2021-06-17 12:22:00,2.6,2.65,2.5,2.6,17750,1055700,3.27,2.6,2.65
6204,2021-06-17 12:23:00,2.6,2.7,2.6,2.6,4450,1055700,3.27,2.55,2.6
6205,2021-06-17 12:24:00,2.55,2.8,2.55,2.7,28200,1047175,3.27,2.65,2.7
6206,2021-06-17 12:25:00,2.65,2.75,2.65,2.7,5700,1047175,3.27,2.65,2.7
6207,2021-06-17 12:26:00,2.7,2.7,2.6,2.65,7350,1047175,3.27,2.65,2.7
6208,2021-06-17 12:27:00,2.7,2.75,2.65,2.7,9150,1056650,3.27,2.7,2.75
6209,2021-06-17 12:28:00,2.65,2.75,2.65,2.7,9425,1056650,3.26,2.65,2.7
6210,2021-06-17 12:29:00,2.7,2.75,2.6,2.7,9950,1056650,3.26,2.7,2.75
6211,2021-06-17 12:30:00,2.7,2.9,2.65,2.85,18675,1053175,3.26,2.8,2.85
6212,2021-06-17 12:31:00,2.85,3.0,2.8,2.95,37000,1053175,3.26,2.9,2.95
6213,2021-06-17 12:32:00,2.95,3.0,2.8,2.85,20450,1053175,3.26,2.85,2.9
6214,2021-06-17 12:33:00,2.9,2.9,2.6,2.8,49250,1042975,3.25,2.75,2.8
6215,2021-06-17 12:34:00,2.8,2.95,2.8,2.85,10650,1042975,3.25,2.8,2.85
6216,2021-06-17 12:35:00,2.85,2.9,2.8,2.85,12850,1042975,3.25,2.85,2.9
6217,2021-06-17 12:36:00,2.85,2.9,2.75,2.75,14050,1038575,3.25,2.7,2.75
6218,2021-06-17 12:37:00,2.75,2.9,2.75,2.85,18800,1038575,3.25,2.8,2.85
6219,2021-06-17 12:38:00,2.85,2.95,2.8,2.9,16675,1038575,3.24,2.9,2.95
6220,2021-06-17 12:39:00,2.9,3.05,2.9,3.0,20200,1046300,3.24,3.0,3.05
6221,2021-06-17 12:40:00,3.05,3.05,2.95,3.0,15225,1046300,3.24,2.95,3.0
6222,2021-06-17 12:41:00,3.0,3.05,2.95,3.05,12375,1046300,3.24,3.0,3.05
6223,2021-06-17 12:42:00,3.05,3.1,3.0,3.1,17700,1041225,3.24,3.1,3.15
6224,2021-06-17 12:43:00,3.1,3.15,3.1,3.15,6100,1041225,3.24,3.15,3.2
6225,2021-06-17 12:44:00,3.15,3.2,3.05,3.15,19000,1041225,3.24,3.15,3.2
6226,2021-06-17 12:45:00,3.15,3.15,3.05,3.1,17675,1037175,3.24,3.05,3.1
6227,2021-06-17 12:46:00,3.05,3.1,3.0,3.05,13650,1037175,3.24,3.0,3.05
6228,2021-06-17 12:47:00,3.0,3.15,2.85,3.0,16150,1037175,3.24,2.95,3.05
6229,2021-06-17 12:48:00,3.05,3.05,2.85,3.0,27250,1033200,3.24,2.95,3.0
6230,2021-06-17 12:49:00,3.0,3.05,2.95,3.0,16150,1033200,3.24,2.95,3.0
6231,2021-06-17 12:50:00,3.0,3.05,2.95,2.95,16800,1033200,3.24,2.95,3.0
6232,2021-06-17 12:51:00,3.0,3.2,2.85,3.1,58675,1042525,3.23,3.0,3.1
6233,2021-06-17 12:52:00,3.0,3.1,2.95,2.95,16900,1042525,3.23,2.95,3.0
6234,2021-06-17 12:53:00,3.0,3.0,2.75,2.8,28000,1042525,3.23,2.75,2.85
6235,2021-06-17 12:54:00,2.8,3.0,2.7,2.85,23725,1058825,3.23,2.8,2.85
6236,2021-06-17 12:55:00,2.8,2.9,2.8,2.85,11825,1058825,3.23,2.8,2.85
6237,2021-06-17 12:56:00,2.8,2.8,2.65,2.7,22900,1058825,3.23,2.7,2.75
6238,2021-06-17 12:57:00,2.7,2.8,2.65,2.65,9400,1062625,3.22,2.6,2.65
6239,2021-06-17 12:58:00,2.6,2.65,2.5,2.55,12100,1062625,3.22,2.5,2.55
6240,2021-06-17 12:59:00,2.5,2.6,2.3,2.3,18500,1062625,3.22,2.25,2.35
6241,2021-06-17 13:00:00,2.3,2.35,2.15,2.2,27050,1060225,3.22,2.15,2.2
6242,2021-06-17 13:01:00,2.15,2.25,2.15,2.2,32125,1060225,3.21,2.2,2.25
6243,2021-06-17 13:02:00,2.2,2.25,2.1,2.1,12350,1060225,3.21,2.1,2.15
6244,2021-06-17 13:03:00,2.15,2.45,2.1,2.2,67525,1037775,3.2,2.15,2.25
6245,2021-06-17 13:04:00,2.2,2.2,1.95,2.0,36875,1037775,3.19,2.0,2.05
6246,2021-06-17 13:05:00,2.0,2.05,1.75,1.8,71000,1037775,3.17,1.75,1.8
6247,2021-06-17 13:06:00,1.75,1.8,1.65,1.8,18900,1040225,3.17,1.7,1.8
6248,2021-06-17 13:07:00,1.75,1.8,1.7,1.75,21425,1040225,3.16,1.7,1.8
6249,2021-06-17 13:08:00,1.75,1.8,1.65,1.7,23275,1040225,3.15,1.7,1.75
6250,2021-06-17 13:09:00,1.7,1.8,1.7,1.8,21275,1030950,3.15,1.75,1.8
6251,2021-06-17 13:10:00,1.8,1.85,1.75,1.8,10675,1030950,3.15,1.75,1.8
6252,2021-06-17 13:11:00,1.8,1.85,1.7,1.8,24200,1030950,3.14,1.8,1.85
6253,2021-06-17 13:12:00,1.8,1.85,1.75,1.85,13150,1015825,3.14,1.8,1.85
6254,2021-06-17 13:13:00,1.85,1.85,1.75,1.75,10275,1015825,3.13,1.75,1.85
6255,2021-06-17 13:14:00,1.75,1.85,1.75,1.85,17925,1015825,3.13,1.8,1.85
6256,2021-06-17 13:15:00,1.85,1.85,1.75,1.8,8750,1012900,3.13,1.75,1.8
6257,2021-06-17 13:16:00,1.8,1.85,1.75,1.8,13075,1012900,3.12,1.75,1.8
6258,2021-06-17 13:17:00,1.75,1.85,1.75,1.8,10125,1012900,3.12,1.75,1.8
6259,2021-06-17 13:18:00,1.75,1.85,1.75,1.8,11575,1007900,3.12,1.8,1.85
6260,2021-06-17 13:19:00,1.8,1.85,1.75,1.75,18400,1007900,3.12,1.75,1.8
6261,2021-06-17 13:20:00,1.75,1.95,1.75,1.95,16625,1007900,3.11,1.85,1.95
6262,2021-06-17 13:21:00,1.9,2.0,1.8,1.9,16825,997100,3.11,1.85,1.9
6263,2021-06-17 13:22:00,1.9,2.0,1.85,1.9,11225,997100,3.11,1.9,1.95
6264,2021-06-17 13:23:00,1.95,1.95,1.85,1.95,15025,997100,3.1,1.9,1.95
6265,2021-06-17 13:24:00,1.95,2.0,1.9,1.95,11325,990825,3.1,1.95,2.0
6266,2021-06-17 13:25:00,1.95,2.05,1.95,1.95,10725,990825,3.1,1.95,2.0
6267,2021-06-17 13:26:00,1.95,2.05,1.95,2.05,12050,990825,3.1,2.0,2.05
6268,2021-06-17 13:27:00,2.05,2.05,1.95,1.95,12125,984375,3.09,1.95,2.0
6269,2021-06-17 13:28:00,1.95,1.95,1.85,1.85,10050,984375,3.09,1.8,1.85
6270,2021-06-17 13:29:00,1.8,1.9,1.75,1.9,19125,984375,3.09,1.85,1.95
6271,2021-06-17 13:30:00,1.95,1.95,1.75,1.9,22725,988300,3.08,1.85,1.9
6272,2021-06-17 13:31:00,1.9,1.9,1.8,1.85,6150,988300,3.08,1.8,1.85
6273,2021-06-17 13:32:00,1.85,1.9,1.8,1.9,8675,988300,3.08,1.85,1.9
6274,2021-06-17 13:33:00,1.85,2.05,1.85,2.05,22750,989900,3.08,2.0,2.05
6275,2021-06-17 13:34:00,2.0,2.45,2.0,2.1,99825,989900,3.06,2.0,2.05
6276,2021-06-17 13:35:00,2.0,2.4,1.95,2.3,53975,989900,3.05,2.25,2.3
6277,2021-06-17 13:36:00,2.3,2.35,2.2,2.25,25100,1003250,3.05,2.2,2.25
6278,2021-06-17 13:37:00,2.2,2.55,2.2,2.45,68375,1003250,3.04,2.4,2.45
6279,2021-06-17 13:38:00,2.45,2.5,2.2,2.2,18200,1003250,3.04,2.2,2.3
6280,2021-06-17 13:39:00,2.3,2.3,2.1,2.1,19275,1026375,3.04,2.05,2.1
6281,2021-06-17 13:40:00,2.1,2.2,2.0,2.05,14975,1026375,3.04,2.05,2.1
6282,2021-06-17 13:41:00,2.1,2.2,2.05,2.05,15975,1026375,3.03,2.05,2.1
6283,2021-06-17 13:42:00,2.1,2.1,1.95,2.0,14300,1018325,3.03,2.0,2.05
6284,2021-06-17 13:43:00,2.0,2.05,1.95,2.0,18600,1018325,3.03,2.0,2.05
6285,2021-06-17 13:44:00,2.0,2.1,1.95,2.05,13575,1018325,3.03,2.05,2.1
6286,2021-06-17 13:45:00,2.05,2.25,2.0,2.2,15175,1004475,3.02,2.2,2.25
6287,2021-06-17 13:46:00,2.2,2.3,2.1,2.1,11325,1004475,3.02,2.1,2.15
6288,2021-06-17 13:47:00,2.1,2.2,1.95,1.95,13825,1004475,3.02,1.95,2.0
6289,2021-06-17 13:48:00,2.0,2.0,1.9,1.95,11800,1009375,3.02,1.95,2.0
6290,2021-06-17 13:49:00,1.95,2.0,1.9,1.9,16150,1009375,3.02,1.9,1.95
6291,2021-06-17 13:50:00,1.9,1.95,1.75,1.8,19175,1009375,3.01,1.8,1.85
6292,2021-06-17 13:51:00,1.8,1.85,1.75,1.8,19275,1019500,3.01,1.75,1.8
6293,2021-06-17 13:52:00,1.8,1.8,1.7,1.8,14875,1019500,3.01,1.75,1.8
6294,2021-06-17 13:53:00,1.8,1.8,1.7,1.75,7050,1019500,3.0,1.75,1.8
6295,2021-06-17 13:54:00,1.8,1.8,1.7,1.75,9475,1011725,3.0,1.7,1.75
6296,2021-06-17 13:55:00,1.75,1.8,1.7,1.75,7275,1011725,3.0,1.75,1.8
6297,2021-06-17 13:56:00,1.75,1.8,1.75,1.75,8100,1011725,3.0,1.75,1.8
6298,2021-06-17 13:57:00,1.8,1.95,1.8,1.9,13325,1005425,3.0,1.85,1.9
6299,2021-06-17 13:58:00,1.9,2.15,1.85,2.1,11200,1005425,3.0,2.05,2.1
6300,2021-06-17 13:59:00,2.0,2.2,2.0,2.2,46875,1005425,2.99,2.15,2.2
6301,2021-06-17 14:00:00,2.15,2.25,2.1,2.1,15150,1009475,2.99,2.05,2.1
6302,2021-06-17 14:01:00,2.05,2.15,1.9,1.95,26600,1009475,2.98,1.9,1.95
6303,2021-06-17 14:02:00,1.9,2.0,1.8,1.95,39125,1009475,2.98,1.95,2.0
6304,2021-06-17 14:03:00,2.0,2.15,1.95,2.1,13550,1010475,2.97,2.05,2.1
6305,2021-06-17 14:04:00,2.1,2.1,2.0,2.05,9925,1010475,2.97,2.05,2.1
6306,2021-06-17 14:05:00,2.05,2.05,1.95,1.95,8375,1010475,2.97,1.95,2.0
6307,2021-06-17 14:06:00,2.0,2.05,1.45,1.45,77625,1012800,2.96,1.45,1.5
6308,2021-06-17 14:07:00,1.5,1.6,1.15,1.25,190250,1012800,2.91,1.2,1.25
6309,2021-06-17 14:08:00,1.3,1.35,1.1,1.15,98900,1012800,2.89,1.15,1.2
6310,2021-06-17 14:09:00,1.15,2.0,1.15,1.95,139675,953400,2.86,1.95,2.0
6311,2021-06-17 14:10:00,2.0,2.35,1.9,2.2,112525,953400,2.85,2.15,2.25
6312,2021-06-17 14:11:00,2.1,2.45,2.1,2.15,63025,953400,2.85,2.15,2.2
6313,2021-06-17 14:12:00,2.2,2.25,2.0,2.05,24475,991725,2.84,2.0,2.1
6314,2021-06-17 14:13:00,2.1,2.1,1.4,1.45,57300,991725,2.84,1.45,1.5
6315,2021-06-17 14:14:00,1.5,2.6,1.45,2.3,140450,991725,2.82,2.25,2.35
6316,2021-06-17 14:15:00,2.6,3.55,2.5,2.7,181550,985525,2.82,2.65,2.75
6317,2021-06-17 14:16:00,2.6,2.75,1.9,2.05,143000,985525,2.81,1.95,2.0
6318,2021-06-17 14:17:00,2.1,2.5,2.05,2.5,63100,985525,2.81,2.5,2.6
6319,2021-06-17 14:18:00,2.4,2.45,1.65,1.7,76975,995950,2.8,1.7,1.75
6320,2021-06-17 14:19:00,1.7,1.9,1.65,1.8,27575,995950,2.8,1.75,1.8
6321,2021-06-17 14:20:00,1.75,1.8,1.5,1.6,21275,995950,2.79,1.6,1.65
6322,2021-06-17 14:21:00,1.6,1.7,1.5,1.5,30950,995950,2.79,1.5,1.55
6323,2021-06-17 14:22:00,1.5,1.5,1.4,1.45,37025,995950,2.78,1.4,1.45
6324,2021-06-17 14:23:00,1.5,1.85,1.45,1.6,42850,995950,2.78,1.55,1.6
6325,2021-06-17 14:24:00,1.55,1.6,1.35,1.45,54200,1001925,2.77,1.4,1.45
6326,2021-06-17 14:25:00,1.4,1.65,1.4,1.45,28250,1001925,2.76,1.4,1.45
6327,2021-06-17 14:26:00,1.45,1.45,1.25,1.35,45325,1001925,2.75,1.25,1.35
6328,2021-06-17 14:27:00,1.3,1.35,1.25,1.35,26325,991775,2.75,1.3,1.35
6329,2021-06-17 14:28:00,1.35,1.35,1.2,1.25,30125,991775,2.74,1.2,1.3
6330,2021-06-17 14:29:00,1.25,1.3,1.2,1.3,22700,991775,2.74,1.3,1.35
6331,2021-06-17 14:30:00,1.3,1.45,1.3,1.4,19300,992275,2.74,1.4,1.45
6332,2021-06-17 14:31:00,1.45,1.5,0.9,0.9,70975,992275,2.72,0.85,0.9
6333,2021-06-17 14:32:00,0.9,0.9,0.55,0.65,163500,992275,2.69,0.6,0.65
6334,2021-06-17 14:33:00,0.6,0.7,0.55,0.6,34000,949975,2.68,0.6,0.65
6335,2021-06-17 14:34:00,0.6,0.7,0.6,0.65,20500,949975,2.67,0.65,0.7
6336,2021-06-17 14:35:00,0.65,0.8,0.65,0.7,45325,949975,2.66,0.7,0.75
6337,2021-06-17 14:36:00,0.7,0.75,0.65,0.7,39525,936325,2.65,0.7,0.75
6338,2021-06-17 14:37:00,0.7,0.9,0.7,0.9,53675,936325,2.64,0.9,0.95
6339,2021-06-17 14:38:00,0.85,1.0,0.8,0.9,43875,936325,2.63,0.9,1.0
6340,2021-06-17 14:39:00,1.0,1.05,0.8,0.9,60250,907450,2.62,0.9,0.95
6341,2021-06-17 14:40:00,1.0,1.0,0.6,0.75,62250,907450,2.61,0.7,0.75
6342,2021-06-17 14:41:00,0.7,0.8,0.65,0.75,41425,907450,2.6,0.75,0.8
6343,2021-06-17 14:42:00,0.75,0.95,0.7,0.7,22500,884300,2.6,0.7,0.75
6344,2021-06-17 14:43:00,0.7,0.85,0.7,0.7,13425,884300,2.59,0.7,0.75
6345,2021-06-17 14:44:00,0.7,0.8,0.7,0.8,14775,884300,2.59,0.75,0.8
6346,2021-06-17 14:45:00,0.75,0.8,0.7,0.75,35625,895275,2.58,0.75,0.8
6347,2021-06-17 14:46:00,0.75,0.8,0.7,0.75,9875,895275,2.58,0.7,0.75
6348,2021-06-17 14:47:00,0.75,1.05,0.7,1.05,50925,895275,2.57,1.0,1.1
6349,2021-06-17 14:48:00,1.1,1.45,1.1,1.2,124975,916075,2.55,1.2,1.25
6350,2021-06-17 14:49:00,1.2,1.2,0.55,0.55,74800,916075,2.54,0.55,0.65
6351,2021-06-17 14:50:00,0.65,0.7,0.45,0.6,106975,916075,2.52,0.55,0.65
6352,2021-06-17 14:51:00,0.55,0.8,0.55,0.7,28825,821750,2.51,0.7,0.75
6353,2021-06-17 14:52:00,0.75,1.1,0.65,0.9,42025,821750,2.5,0.85,0.9
6354,2021-06-17 14:53:00,0.9,1.0,0.7,0.75,28975,821750,2.5,0.7,0.75
6355,2021-06-17 14:54:00,0.75,0.8,0.7,0.7,17775,813775,2.5,0.7,0.75
6356,2021-06-17 14:55:00,0.75,0.75,0.7,0.75,16625,813775,2.49,0.7,0.75
6357,2021-06-17 14:56:00,0.7,0.85,0.7,0.75,24675,813775,2.49,0.75,0.8
6358,2021-06-17 14:57:00,0.75,0.85,0.65,0.7,41575,796800,2.48,0.65,0.7
6359,2021-06-17 14:58:00,0.7,0.7,0.4,0.5,59300,796800,2.47,0.5,0.55
6360,2021-06-17 14:59:00,0.55,0.6,0.45,0.6,31075,796800,2.46,0.55,0.6
6361,2021-06-17 15:00:00,0.6,0.75,0.55,0.75,22300,776625,2.46,0.7,0.75
6362,2021-06-17 15:01:00,0.75,0.75,0.6,0.65,25150,776625,2.45,0.6,0.65
6363,2021-06-17 15:02:00,0.65,0.85,0.55,0.55,46150,776625,2.45,0.55,0.6
6364,2021-06-17 15:03:00,0.55,0.7,0.55,0.55,32350,776225,2.44,0.5,0.55
6365,2021-06-17 15:04:00,0.55,0.6,0.3,0.3,58175,776225,2.43,0.3,0.35
6366,2021-06-17 15:05:00,0.3,0.4,0.3,0.3,42425,776225,2.42,0.3,0.35
6367,2021-06-17 15:06:00,0.35,0.35,0.25,0.25,38275,738125,2.41,0.25,0.3
6368,2021-06-17 15:07:00,0.25,0.3,0.2,0.2,20800,738125,2.41,0.2,0.25
6369,2021-06-17 15:08:00,0.2,0.25,0.15,0.2,23150,738125,2.4,0.15,0.2
6370,2021-06-17 15:09:00,0.15,0.2,0.15,0.15,29925,713400,2.39,0.15,0.2
6371,2021-06-17 15:10:00,0.15,0.35,0.15,0.25,25700,713400,2.39,0.2,0.3
6372,2021-06-17 15:11:00,0.2,0.2,0.1,0.15,23400,713400,2.38,0.1,0.15
6373,2021-06-17 15:12:00,0.15,0.15,0.1,0.15,8725,698375,2.38,0.1,0.15
6374,2021-06-17 15:13:00,0.15,0.15,0.1,0.1,12025,698375,2.38,0.1,0.15
6375,2021-06-17 15:14:00,0.15,0.15,0.1,0.15,7925,698375,2.38,0.1,0.15
6376,2021-06-17 15:15:00,0.1,0.1,0.05,0.05,69250,668000,2.36,0.05,0.1
6377,2021-06-17 15:16:00,0.05,0.1,0.05,0.05,14550,668000,2.36,0.05,0.1
6378,2021-06-17 15:17:00,0.05,0.1,0.05,0.1,13400,668000,2.35,0.05,0.1
6379,2021-06-17 15:18:00,0.1,0.1,0.05,0.05,29625,668000,2.35,0.0,0.1
6380,2021-06-17 15:19:00,0.1,0.1,0.05,0.05,14950,652725,2.34,0.0,0.05
6381,2021-06-17 15:20:00,0.05,0.05,0.05,0.05,9575,652725,2.34,0.0,0.05
6382,2021-06-17 15:21:00,0.05,0.05,0.05,0.05,12400,617425,2.34,0.0,0.05
6383,2021-06-17 15:22:00,0.05,0.05,0.05,0.05,1250,617425,2.34,0.0,0.05
6384,2021-06-17 15:23:00,0.05,0.05,0.05,0.05,1600,617425,2.34,0.0,0.05
6385,2021-06-17 15:24:00,0.05,0.05,0.05,0.05,1600,617425,2.34,0.0,0.05
6386,2021-06-17 15:25:00,0.05,0.05,0.05,0.05,4650,610850,2.34,0.0,0.05
6387,2021-06-17 15:26:00,0.05,0.05,0.05,0.05,2325,610850,2.34,0.0,0.05
6388,2021-06-17 15:27:00,0.05,0.05,0.05,0.05,1025,610850,2.34,0.0,0.05
6389,2021-06-17 15:28:00,0.05,0.05,0.05,0.05,725,598400,2.34,0.0,0.05
6390,2021-06-17 15:29:00,0.05,0.05,0.05,0.05,725,598400,2.34,0.0,0.05
6391,2021-06-17 15:30:00,0.05,0.05,0.05,0.05,825,598400,2.34,0.0,0.05
6392,2021-06-17 09:15:00,3.05,5.15,3.05,5.0,122725,667425,4.27,4.8,4.95
6393,2021-06-17 09:16:00,4.85,5.7,4.3,4.6,129575,667425,4.59,4.55,4.6
6394,2021-06-17 09:17:00,4.6,4.95,4.5,4.7,90500,725275,4.62,4.7,4.75
6395,2021-06-17 09:18:00,4.7,5.0,4.7,4.75,104850,725275,4.68,4.7,4.75
6396,2021-06-17 09:19:00,4.75,4.8,3.55,3.55,102975,725275,4.57,3.5,3.55
6397,2021-06-17 09:20:00,3.45,3.55,2.5,2.9,171850,743650,4.17,2.9,2.95
6398,2021-06-17 09:21:00,2.9,3.55,2.8,3.55,62400,743650,4.09,3.5,3.55
6399,2021-06-17 09:22:00,3.5,3.65,3.4,3.4,90000,743650,4.03,3.35,3.45
6400,2021-06-17 09:23:00,3.5,3.55,3.35,3.45,73875,777325,3.99,3.4,3.45
6401,2021-06-17 09:24:00,3.45,3.55,3.15,3.3,39750,777325,3.96,3.2,3.3
6402,2021-06-17 09:25:00,3.25,3.4,3.15,3.35,34700,777325,3.94,3.3,3.4
6403,2021-06-17 09:26:00,3.3,3.6,3.3,3.5,84900,805625,3.9,3.5,3.55
6404,2021-06-17 09:27:00,3.55,3.55,3.45,3.5,27375,805625,3.89,3.45,3.5
6405,2021-06-17 09:28:00,3.5,3.7,3.5,3.65,51150,805625,3.88,3.65,3.7
6406,2021-06-17 09:29:00,3.6,3.65,3.5,3.5,95925,876550,3.86,3.45,3.5
6407,2021-06-17 09:30:00,3.45,3.6,3.25,3.25,108625,876550,3.82,3.25,3.3
6408,2021-06-17 09:31:00,3.25,3.4,3.1,3.25,98225,876550,3.79,3.2,3.25
6409,2021-06-17 09:32:00,3.3,3.5,3.25,3.5,48125,948175,3.77,3.45,3.5
6410,2021-06-17 09:33:00,3.4,3.5,3.3,3.45,57825,948175,3.76,3.4,3.5
6411,2021-06-17 09:34:00,3.4,3.45,3.25,3.3,37325,948175,3.75,3.3,3.35
6412,2021-06-17 09:35:00,3.35,3.4,3.2,3.4,33325,1000175,3.74,3.35,3.45
6413,2021-06-17 09:36:00,3.45,3.55,3.3,3.55,30625,1000175,3.74,3.5,3.55
6414,2021-06-17 09:37:00,3.5,3.6,3.35,3.35,22125,1000175,3.73,3.35,3.4
6415,2021-06-17 09:38:00,3.4,3.65,3.35,3.55,49450,1027125,3.73,3.5,3.55
6416,2021-06-17 09:39:00,3.55,3.6,3.35,3.45,29500,1027125,3.72,3.4,3.45
6417,2021-06-17 09:40:00,3.45,3.6,3.4,3.4,14375,1027125,3.72,3.4,3.45
6418,2021-06-17 09:41:00,3.5,3.5,3.2,3.3,30750,1038000,3.71,3.25,3.3
6419,2021-06-17 09:42:00,3.3,3.35,3.0,3.2,45325,1038000,3.7,3.15,3.2
6420,2021-06-17 09:43:00,3.25,3.3,3.15,3.3,31675,1038000,3.69,3.25,3.3
6421,2021-06-17 09:44:00,3.3,3.35,3.2,3.3,33400,1067850,3.69,3.3,3.35
6422,2021-06-17 09:45:00,3.35,3.4,3.25,3.25,19900,1067850,3.68,3.25,3.35
6423,2021-06-17 09:46:00,3.3,3.45,3.15,3.25,38700,1067850,3.67,3.25,3.3
6424,2021-06-17 09:47:00,3.25,3.5,3.2,3.45,61500,1084250,3.67,3.4,3.45
6425,2021-06-17 09:48:00,3.4,3.6,3.35,3.4,33175,1084250,3.66,3.4,3.45
6426,2021-06-17 09:49:00,3.4,3.45,3.25,3.25,31475,1084250,3.66,3.3,3.35
6427,2021-06-17 09:50:00,3.25,3.3,3.05,3.05,49375,1111500,3.65,3.0,3.1
6428,2021-06-17 09:51:00,3.0,3.1,2.95,3.0,40075,1111500,3.63,2.95,3.0
6429,2021-06-17 09:52:00,3.0,3.0,2.8,2.9,27375,1111500,3.62,2.85,2.9
6430,2021-06-17 09:53:00,2.85,2.95,2.8,2.9,16775,1126000,3.62,2.85,2.9
6431,2021-06-17 09:54:00,2.9,3.0,2.85,3.0,18600,1126000,3.61,2.95,3.0
6432,2021-06-17 09:55:00,3.0,3.05,2.95,3.0,24825,1126000,3.61,3.0,3.05
6433,2021-06-17 09:56:00,3.05,3.05,2.9,2.9,27375,1126850,3.6,2.9,2.95
6434,2021-06-17 09:57:00,2.9,2.95,2.8,2.9,41000,1126850,3.59,2.9,2.95
6435,2021-06-17 09:58:00,2.95,3.0,2.9,2.95,24850,1126850,3.58,2.9,2.95
6436,2021-06-17 09:59:00,2.95,2.95,2.8,2.85,27475,1137200,3.57,2.85,2.9
6437,2021-06-17 10:00:00,2.9,3.0,2.85,2.95,8500,1137200,3.57,2.9,3.0
6438,2021-06-17 10:01:00,3.0,3.0,2.9,3.0,13175,1137200,3.57,2.95,3.0
6439,2021-06-17 10:02:00,3.0,3.05,2.95,2.95,15675,1134300,3.56,2.9,3.0
6440,2021-06-17 10:03:00,3.0,3.0,2.9,2.9,16425,1134300,3.56,2.9,2.95
6441,2021-06-17 10:04:00,2.9,2.95,2.85,2.9,22175,1134300,3.55,2.9,2.95
6442,2021-06-17 10:05:00,2.85,3.0,2.85,3.0,18900,1143950,3.55,2.95,3.05
6443,2021-06-17 10:06:00,3.0,3.0,2.95,2.95,8800,1143950,3.55,2.95,3.0
6444,2021-06-17 10:07:00,2.95,3.0,2.85,2.9,10175,1143950,3.54,2.85,2.9
6445,2021-06-17 10:08:00,2.9,2.9,2.85,2.9,6850,1145950,3.54,2.9,2.95
6446,2021-06-17 10:09:00,2.95,3.0,2.9,2.9,13050,1145950,3.54,2.9,2.95
6447,2021-06-17 10:10:00,2.9,3.0,2.9,2.95,6775,1145950,3.54,2.95,3.0
6448,2021-06-17 10:11:00,2.95,3.0,2.85,2.95,17675,1141100,3.53,2.9,2.95
6449,2021-06-17 10:12:00,2.95,3.1,2.9,3.1,39225,1141100,3.53,3.05,3.15
6450,2021-06-17 10:13:00,3.05,3.15,2.9,2.9,20600,1141100,3.52,2.9,2.95
6451,2021-06-17 10:14:00,2.9,3.1,2.9,3.1,8525,1138150,3.52,3.05,3.1
6452,2021-06-17 10:15:00,3.1,3.1,3.0,3.1,21525,1138150,3.52,3.05,3.1
6453,2021-06-17 10:16:00,3.05,3.15,3.0,3.0,7750,1138150,3.52,3.0,3.1
6454,2021-06-17 10:17:00,3.05,3.1,3.0,3.05,11925,1137125,3.51,3.0,3.05
6455,2021-06-17 10:18:00,3.05,3.05,2.9,2.95,15925,1137125,3.51,2.95,3.0
6456,2021-06-17 10:19:00,2.95,2.95,2.85,2.9,15975,1137125,3.51,2.9,2.95
6457,2021-06-17 10:20:00,2.95,2.95,2.85,2.9,9075,1135750,3.5,2.9,2.95
6458,2021-06-17 10:21:00,2.95,3.4,2.9,3.2,42900,1135750,3.5,3.15,3.2
6459,2021-06-17 10:22:00,3.1,3.15,2.85,2.9,16950,1135750,3.5,2.9,2.95
6460,2021-06-17 10:23:00,2.95,2.95,2.65,2.75,40775,1130675,3.49,2.7,2.75
6461,2021-06-17 10:24:00,2.75,2.8,2.7,2.8,15000,1130675,3.48,2.8,2.85
6462,2021-06-17 10:25:00,2.8,2.85,2.75,2.85,15700,1130675,3.48,2.85,2.9
6463,2021-06-17 10:26:00,2.9,3.0,2.85,3.0,17725,1110800,3.47,2.95,3.0
6464,2021-06-17 10:27:00,2.95,3.0,2.9,2.9,13300,1110800,3.47,2.9,2.95
6465,2021-06-17 10:28:00,2.95,3.0,2.95,3.0,13225,1110800,3.47,2.95,3.0
6466,2021-06-17 10:29:00,3.0,3.0,2.9,3.0,10200,1092100,3.47,2.95,3.0
6467,2021-06-17 10:30:00,2.95,3.05,2.95,3.05,11375,1092100,3.47,3.05,3.1
6468,2021-06-17 10:31:00,3.05,3.15,3.0,3.15,8875,1092100,3.47,3.05,3.1
6469,2021-06-17 10:32:00,3.1,3.2,3.05,3.05,7500,1098225,3.46,3.05,3.1
6470,2021-06-17 10:33:00,3.05,3.2,3.05,3.1,9075,1098225,3.46,3.05,3.1
6471,2021-06-17 10:34:00,3.05,3.25,3.05,3.15,7550,1098225,3.46,3.15,3.2
6472,2021-06-17 10:35:00,3.2,3.2,3.1,3.1,4125,1099875,3.46,3.1,3.15
6473,2021-06-17 10:36:00,3.15,3.2,3.05,3.05,10650,1099875,3.46,3.05,3.1
6474,2021-06-17 10:37:00,3.1,3.15,3.0,3.05,7425,1099875,3.46,3.05,3.1
6475,2021-06-17 10:38:00,3.05,3.1,3.0,3.0,4875,1100275,3.46,3.0,3.05
6476,2021-06-17 10:39:00,3.05,3.2,3.0,3.1,24675,1100275,3.46,3.05,3.1
6477,2021-06-17 10:40:00,3.1,3.5,3.1,3.15,59850,1100275,3.45,3.15,3.2
6478,2021-06-17 10:41:00,3.15,3.15,2.4,3.0,45350,1096825,3.44,2.95,3.0
6479,2021-06-17 10:42:00,2.95,3.2,2.95,3.1,27600,1096825,3.44,3.1,3.15
6480,2021-06-17 10:43:00,3.15,3.2,3.1,3.15,8275,1096825,3.44,3.1,3.15
6481,2021-06-17 10:44:00,3.1,3.15,3.05,3.1,12700,1091550,3.44,3.1,3.15
6482,2021-06-17 10:45:00,3.1,3.15,3.05,3.1,8375,1091550,3.44,3.1,3.15
6483,2021-06-17 10:46:00,3.15,3.15,3.1,3.15,4550,1091550,3.44,3.15,3.25
6484,2021-06-17 10:47:00,3.15,3.2,3.15,3.2,8875,1090025,3.44,3.15,3.2
6485,2021-06-17 10:48:00,3.15,3.35,3.15,3.15,13175,1090025,3.44,3.15,3.2
6486,2021-06-17 10:49:00,3.2,3.25,3.1,3.1,12150,1090025,3.44,3.1,3.15
6487,2021-06-17 10:50:00,3.1,3.25,3.1,3.2,15000,1094600,3.43,3.15,3.2
6488,2021-06-17 10:51:00,3.15,3.2,3.05,3.1,41225,1094600,3.43,3.1,3.15
6489,2021-06-17 10:52:00,3.1,3.25,3.1,3.15,16400,1094600,3.43,3.15,3.2
6490,2021-06-17 10:53:00,3.15,3.2,3.15,3.15,7075,1102750,3.43,3.1,3.15
6491,2021-06-17 10:54:00,3.1,3.2,3.1,3.15,7500,1102750,3.43,3.15,3.2
6492,2021-06-17 10:55:00,3.15,3.2,3.1,3.1,9750,1102750,3.43,3.05,3.1
6493,2021-06-17 10:56:00,3.1,3.15,3.0,3.1,20625,1097750,3.43,3.0,3.1
6494,2021-06-17 10:57:00,3.05,3.05,2.95,3.0,24150,1097750,3.42,2.95,3.0
6495,2021-06-17 10:58:00,3.0,3.1,3.0,3.0,11200,1097750,3.42,2.95,3.0
6496,2021-06-17 10:59:00,3.0,3.05,3.0,3.05,8650,1097750,3.42,3.1,3.15
6497,2021-06-17 11:00:00,3.1,3.25,2.95,3.05,18125,1090825,3.42,3.05,3.1
6498,2021-06-17 11:01:00,3.1,3.15,3.05,3.1,4225,1090825,3.42,3.05,3.1
6499,2021-06-17 11:02:00,3.05,3.15,3.05,3.05,3650,1096100,3.42,3.05,3.1
6500,2021-06-17 11:03:00,3.1,3.2,3.05,3.1,4875,1096100,3.42,3.1,3.2
6501,2021-06-17 11:04:00,3.1,3.25,3.05,3.15,8800,1096100,3.42,3.15,3.25
6502,2021-06-17 11:05:00,3.25,3.4,3.2,3.25,24550,1096050,3.42,3.25,3.3
6503,2021-06-17 11:06:00,3.2,3.2,2.8,2.9,75150,1096050,3.4,2.85,2.9
6504,2021-06-17 11:07:00,2.8,3.15,2.8,3.1,24650,1096050,3.4,3.0,3.1
6505,2021-06-17 11:08:00,3.1,3.1,3.0,3.05,21550,1079725,3.4,2.95,3.05
6506,2021-06-17 11:09:00,3.05,3.15,3.0,3.15,19300,1079725,3.4,3.15,3.2
6507,2021-06-17 11:10:00,3.3,3.3,2.9,2.95,44950,1079725,3.39,2.9,2.95
6508,2021-06-17 11:11:00,2.95,3.2,2.9,3.0,35350,1073925,3.39,2.95,3.0
6509,2021-06-17 11:12:00,3.0,3.1,2.95,3.1,9075,1073925,3.39,3.05,3.1
6510,2021-06-17 11:13:00,3.05,3.15,3.0,3.1,11725,1073925,3.39,3.05,3.1
6511,2021-06-17 11:14:00,3.05,3.05,2.85,2.95,15200,1066325,3.39,2.95,3.0
6512,2021-06-17 11:15:00,2.95,2.95,2.8,2.8,10650,1066325,3.39,2.8,2.85
6513,2021-06-17 11:16:00,2.8,2.9,2.8,2.85,14200,1066325,3.38,2.85,2.9
6514,2021-06-17 11:17:00,2.85,2.95,2.85,2.95,11325,1070275,3.38,2.95,3.0
6515,2021-06-17 11:18:00,2.95,3.05,2.9,3.0,7250,1070275,3.38,2.95,3.0
6516,2021-06-17 11:19:00,3.0,3.0,2.8,2.85,9800,1070275,3.38,2.8,2.85
6517,2021-06-17 11:20:00,2.8,3.0,2.8,2.95,21850,1063750,3.38,2.9,2.95
6518,2021-06-17 11:21:00,2.95,3.0,2.75,2.85,20350,1063750,3.37,2.8,2.9
6519,2021-06-17 11:22:00,2.85,2.9,2.8,2.9,10125,1063750,3.37,2.85,2.95
6520,2021-06-17 11:23:00,2.85,2.85,2.75,2.85,17125,1055425,3.37,2.85,2.9
6521,2021-06-17 11:24:00,2.9,3.05,2.85,2.95,17050,1055425,3.37,2.95,3.0
6522,2021-06-17 11:25:00,2.95,3.05,2.95,2.95,12475,1055425,3.37,2.95,3.0
6523,2021-06-17 11:26:00,3.0,3.05,2.9,2.95,10450,1060050,3.37,2.95,3.0
6524,2021-06-17 11:27:00,3.0,3.0,2.9,2.95,6275,1060050,3.37,2.95,3.0
6525,2021-06-17 11:28:00,2.95,3.05,2.95,3.0,3800,1060050,3.37,2.95,3.0
6526,2021-06-17 11:29:00,3.0,3.05,2.95,3.05,15100,1057625,3.36,3.05,3.1
6527,2021-06-17 11:30:00,3.05,3.05,2.95,2.95,7525,1057625,3.36,2.9,2.95
6528,2021-06-17 11:31:00,2.95,3.0,2.9,2.95,3350,1057625,3.36,2.95,3.0
6529,2021-06-17 11:32:00,2.9,2.95,2.75,2.75,13500,1053450,3.36,2.7,2.75
6530,2021-06-17 11:33:00,2.75,2.8,2.6,2.6,23725,1053450,3.36,2.6,2.65
6531,2021-06-17 11:34:00,2.6,2.75,2.6,2.65,5050,1053450,3.36,2.65,2.7
6532,2021-06-17 11:35:00,2.65,2.75,2.65,2.75,3675,1052125,3.36,2.65,2.75
6533,2021-06-17 11:36:00,2.7,2.75,2.6,2.65,19025,1052125,3.35,2.55,2.65
6534,2021-06-17 11:37:00,2.65,2.65,2.55,2.6,8975,1052125,3.35,2.55,2.65
6535,2021-06-17 11:38:00,2.6,2.65,2.55,2.65,9225,1050350,3.35,2.65,2.7
6536,2021-06-17 11:39:00,2.65,2.7,2.55,2.6,7200,1050350,3.35,2.6,2.65
6537,2021-06-17 11:40:00,2.6,2.7,2.6,2.65,8600,1050350,3.35,2.65,2.7
6538,2021-06-17 11:41:00,2.7,2.7,2.6,2.65,16500,1049400,3.34,2.65,2.7
6539,2021-06-17 11:42:00,2.65,2.85,2.65,2.8,6175,1049400,3.34,2.75,2.85
6540,2021-06-17 11:43:00,2.75,2.9,2.75,2.75,8875,1049400,3.34,2.75,2.8
6541,2021-06-17 11:44:00,2.75,2.9,2.75,2.8,7400,1053700,3.34,2.8,2.85
6542,2021-06-17 11:45:00,2.8,2.9,2.8,2.85,5550,1053700,3.34,2.8,2.85
6543,2021-06-17 11:46:00,2.8,2.9,2.8,2.8,4975,1053700,3.34,2.8,2.85
6544,2021-06-17 11:47:00,2.8,2.9,2.8,2.85,5225,1055925,3.34,2.85,2.9
6545,2021-06-17 11:48:00,2.85,2.9,2.75,2.85,9050,1055925,3.34,2.85,2.9
6546,2021-06-17 11:49:00,2.85,2.95,2.8,2.85,7100,1055925,3.34,2.8,2.85
6547,2021-06-17 11:50:00,2.85,2.9,2.8,2.85,5550,1055925,3.34,2.8,2.85
6548,2021-06-17 11:51:00,2.8,2.9,2.8,2.85,5250,1048950,3.33,2.85,2.9
6549,2021-06-17 11:52:00,2.85,2.9,2.85,2.9,6075,1048950,3.33,2.85,2.95
6550,2021-06-17 11:53:00,2.85,2.95,2.85,2.85,2225,1048950,3.33,2.85,2.9
6551,2021-06-17 11:54:00,2.85,2.9,2.85,2.9,600,1050675,3.33,2.85,2.9
6552,2021-06-17 11:55:00,2.9,3.0,2.9,2.9,6875,1050675,3.33,2.9,2.95
6553,2021-06-17 11:56:00,2.9,3.0,2.85,2.85,23975,1050675,3.33,2.85,2.95
6554,2021-06-17 11:57:00,2.85,2.95,2.85,2.85,1075,1050325,3.33,2.85,2.9
6555,2021-06-17 11:58:00,2.9,2.95,2.85,2.85,750,1050325,3.33,2.85,2.9
6556,2021-06-17 11:59:00,2.85,2.95,2.8,2.8,16150,1050325,3.33,2.8,2.9
6557,2021-06-17 12:00:00,2.9,3.0,2.8,2.9,19575,1050125,3.33,2.9,2.95
6558,2021-06-17 12:01:00,2.95,2.95,2.8,2.9,22450,1050125,3.32,2.9,2.95
6559,2021-06-17 12:02:00,2.9,2.95,2.85,2.85,12075,1050125,3.32,2.85,2.9
6560,2021-06-17 12:03:00,2.85,2.9,2.6,2.7,51925,1059525,3.32,2.65,2.75
6561,2021-06-17 12:04:00,2.7,2.85,2.65,2.75,28225,1059525,3.31,2.75,2.8
6562,2021-06-17 12:05:00,2.75,2.95,2.7,2.85,20700,1059525,3.31,2.85,2.9
6563,2021-06-17 12:06:00,2.85,2.95,2.85,2.85,10425,1068500,3.31,2.8,2.85
6564,2021-06-17 12:07:00,2.85,2.9,2.8,2.9,9800,1068500,3.31,2.9,2.95
6565,2021-06-17 12:08:00,2.85,2.95,2.8,2.8,8075,1068500,3.31,2.8,2.85
6566,2021-06-17 12:09:00,2.9,2.9,2.8,2.85,2475,1059275,3.31,2.85,2.9
6567,2021-06-17 12:10:00,2.9,2.9,2.8,2.8,6875,1059275,3.31,2.8,2.85
6568,2021-06-17 12:11:00,2.8,2.85,2.75,2.8,6000,1059275,3.31,2.8,2.85
6569,2021-06-17 12:12:00,2.85,2.9,2.8,2.8,6525,1054150,3.3,2.75,2.85
6570,2021-06-17 12:13:00,2.8,2.9,2.8,2.8,4825,1054150,3.3,2.8,2.85
6571,2021-06-17 12:14:00,2.8,2.85,2.75,2.75,12050,1054150,3.3,2.75,2.8
6572,2021-06-17 12:15:00,2.8,2.8,2.75,2.8,11575,1054400,3.3,2.8,2.85
6573,2021-06-17 12:16:00,2.8,2.8,2.65,2.7,31025,1054400,3.3,2.7,2.75
6574,2021-06-17 12:17:00,2.75,2.75,2.45,2.5,55675,1054400,3.29,2.45,2.5
6575,2021-06-17 12:18:00,2.5,2.7,2.45,2.6,30450,1055325,3.28,2.55,2.65
6576,2021-06-17 12:19:00,2.6,2.7,2.4,2.4,27850,1055325,3.28,2.4,2.45
6577,2021-06-17 12:20:00,2.5,2.55,2.45,2.5,7850,1055325,3.28,2.45,2.5
6578,2021-06-17 12:21:00,2.55,2.6,2.5,2.55,10875,1055700,3.28,2.55,2.6
6579,2021-06-17 12:22:00,2.6,2.65,2.5,2.6,17750,1055700,3.27,2.6,2.65
6580,2021-06-17 12:23:00,2.6,2.7,2.6,2.6,4450,1055700,3.27,2.55,2.6
6581,2021-06-17 12:24:00,2.55,2.8,2.55,2.7,28200,1047175,3.27,2.65,2.7
6582,2021-06-17 12:25:00,2.65,2.75,2.65,2.7,5700,1047175,3.27,2.65,2.7
6583,2021-06-17 12:26:00,2.7,2.7,2.6,2.65,7350,1047175,3.27,2.65,2.7
6584,2021-06-17 12:27:00,2.7,2.75,2.65,2.7,9150,1056650,3.27,2.7,2.75
6585,2021-06-17 12:28:00,2.65,2.75,2.65,2.7,9425,1056650,3.26,2.65,2.7
6586,2021-06-17 12:29:00,2.7,2.75,2.6,2.7,9950,1056650,3.26,2.7,2.75
6587,2021-06-17 12:30:00,2.7,2.9,2.65,2.85,18675,1053175,3.26,2.8,2.85
6588,2021-06-17 12:31:00,2.85,3.0,2.8,2.95,37000,1053175,3.26,2.9,2.95
6589,2021-06-17 12:32:00,2.95,3.0,2.8,2.85,20450,1053175,3.26,2.85,2.9
6590,2021-06-17 12:33:00,2.9,2.9,2.6,2.8,49250,1042975,3.25,2.75,2.8
6591,2021-06-17 12:34:00,2.8,2.95,2.8,2.85,10650,1042975,3.25,2.8,2.85
6592,2021-06-17 12:35:00,2.85,2.9,2.8,2.85,12850,1042975,3.25,2.85,2.9
6593,2021-06-17 12:36:00,2.85,2.9,2.75,2.75,14050,1038575,3.25,2.7,2.75
6594,2021-06-17 12:37:00,2.75,2.9,2.75,2.85,18800,1038575,3.25,2.8,2.85
6595,2021-06-17 12:38:00,2.85,2.95,2.8,2.9,16675,1038575,3.24,2.9,2.95
6596,2021-06-17 12:39:00,2.9,3.05,2.9,3.0,20200,1046300,3.24,3.0,3.05
6597,2021-06-17 12:40:00,3.05,3.05,2.95,3.0,15225,1046300,3.24,2.95,3.0
6598,2021-06-17 12:41:00,3.0,3.05,2.95,3.05,12375,1046300,3.24,3.0,3.05
6599,2021-06-17 12:42:00,3.05,3.1,3.0,3.1,17700,1041225,3.24,3.1,3.15
6600,2021-06-17 12:43:00,3.1,3.15,3.1,3.15,6100,1041225,3.24,3.15,3.2
6601,2021-06-17 12:44:00,3.15,3.2,3.05,3.15,19000,1041225,3.24,3.15,3.2
6602,2021-06-17 12:45:00,3.15,3.15,3.05,3.1,17675,1037175,3.24,3.05,3.1
6603,2021-06-17 12:46:00,3.05,3.1,3.0,3.05,13650,1037175,3.24,3.0,3.05
6604,2021-06-17 12:47:00,3.0,3.15,2.85,3.0,16150,1037175,3.24,2.95,3.05
6605,2021-06-17 12:48:00,3.05,3.05,2.85,3.0,27250,1033200,3.24,2.95,3.0
6606,2021-06-17 12:49:00,3.0,3.05,2.95,3.0,16150,1033200,3.24,2.95,3.0
6607,2021-06-17 12:50:00,3.0,3.05,2.95,2.95,16800,1033200,3.24,2.95,3.0
6608,2021-06-17 12:51:00,3.0,3.2,2.85,3.1,58675,1042525,3.23,3.0,3.1
6609,2021-06-17 12:52:00,3.0,3.1,2.95,2.95,16900,1042525,3.23,2.95,3.0
6610,2021-06-17 12:53:00,3.0,3.0,2.75,2.8,28000,1042525,3.23,2.75,2.85
6611,2021-06-17 12:54:00,2.8,3.0,2.7,2.85,23725,1058825,3.23,2.8,2.85
6612,2021-06-17 12:55:00,2.8,2.9,2.8,2.85,11825,1058825,3.23,2.8,2.85
6613,2021-06-17 12:56:00,2.8,2.8,2.65,2.7,22900,1058825,3.23,2.7,2.75
6614,2021-06-17 12:57:00,2.7,2.8,2.65,2.65,9400,1062625,3.22,2.6,2.65
6615,2021-06-17 12:58:00,2.6,2.65,2.5,2.55,12100,1062625,3.22,2.5,2.55
6616,2021-06-17 12:59:00,2.5,2.6,2.3,2.3,18500,1062625,3.22,2.25,2.35
6617,2021-06-17 13:00:00,2.3,2.35,2.15,2.2,27050,1060225,3.22,2.15,2.2
6618,2021-06-17 13:01:00,2.15,2.25,2.15,2.2,32125,1060225,3.21,2.2,2.25
6619,2021-06-17 13:02:00,2.2,2.25,2.1,2.1,12350,1060225,3.21,2.1,2.15
6620,2021-06-17 13:03:00,2.15,2.45,2.1,2.2,67525,1037775,3.2,2.15,2.25
6621,2021-06-17 13:04:00,2.2,2.2,1.95,2.0,36875,1037775,3.19,2.0,2.05
6622,2021-06-17 13:05:00,2.0,2.05,1.75,1.8,71000,1037775,3.17,1.75,1.8
6623,2021-06-17 13:06:00,1.75,1.8,1.65,1.8,18900,1040225,3.17,1.7,1.8
6624,2021-06-17 13:07:00,1.75,1.8,1.7,1.75,21425,1040225,3.16,1.7,1.8
6625,2021-06-17 13:08:00,1.75,1.8,1.65,1.7,23275,1040225,3.15,1.7,1.75
6626,2021-06-17 13:09:00,1.7,1.8,1.7,1.8,21275,1030950,3.15,1.75,1.8
6627,2021-06-17 13:10:00,1.8,1.85,1.75,1.8,10675,1030950,3.15,1.75,1.8
6628,2021-06-17 13:11:00,1.8,1.85,1.7,1.8,24200,1030950,3.14,1.8,1.85
6629,2021-06-17 13:12:00,1.8,1.85,1.75,1.85,13150,1015825,3.14,1.8,1.85
6630,2021-06-17 13:13:00,1.85,1.85,1.75,1.75,10275,1015825,3.13,1.75,1.85
6631,2021-06-17 13:14:00,1.75,1.85,1.75,1.85,17925,1015825,3.13,1.8,1.85
6632,2021-06-17 13:15:00,1.85,1.85,1.75,1.8,8750,1012900,3.13,1.75,1.8
6633,2021-06-17 13:16:00,1.8,1.85,1.75,1.8,13075,1012900,3.12,1.75,1.8
6634,2021-06-17 13:17:00,1.75,1.85,1.75,1.8,10125,1012900,3.12,1.75,1.8
6635,2021-06-17 13:18:00,1.75,1.85,1.75,1.8,11575,1007900,3.12,1.8,1.85
6636,2021-06-17 13:19:00,1.8,1.85,1.75,1.75,18400,1007900,3.12,1.75,1.8
6637,2021-06-17 13:20:00,1.75,1.95,1.75,1.95,16625,1007900,3.11,1.85,1.95
6638,2021-06-17 13:21:00,1.9,2.0,1.8,1.9,16825,997100,3.11,1.85,1.9
6639,2021-06-17 13:22:00,1.9,2.0,1.85,1.9,11225,997100,3.11,1.9,1.95
6640,2021-06-17 13:23:00,1.95,1.95,1.85,1.95,15025,997100,3.1,1.9,1.95
6641,2021-06-17 13:24:00,1.95,2.0,1.9,1.95,11325,990825,3.1,1.95,2.0
6642,2021-06-17 13:25:00,1.95,2.05,1.95,1.95,10725,990825,3.1,1.95,2.0
6643,2021-06-17 13:26:00,1.95,2.05,1.95,2.05,12050,990825,3.1,2.0,2.05
6644,2021-06-17 13:27:00,2.05,2.05,1.95,1.95,12125,984375,3.09,1.95,2.0
6645,2021-06-17 13:28:00,1.95,1.95,1.85,1.85,10050,984375,3.09,1.8,1.85
6646,2021-06-17 13:29:00,1.8,1.9,1.75,1.9,19125,984375,3.09,1.85,1.95
6647,2021-06-17 13:30:00,1.95,1.95,1.75,1.9,22725,988300,3.08,1.85,1.9
6648,2021-06-17 13:31:00,1.9,1.9,1.8,1.85,6150,988300,3.08,1.8,1.85
6649,2021-06-17 13:32:00,1.85,1.9,1.8,1.9,8675,988300,3.08,1.85,1.9
6650,2021-06-17 13:33:00,1.85,2.05,1.85,2.05,22750,989900,3.08,2.0,2.05
6651,2021-06-17 13:34:00,2.0,2.45,2.0,2.1,99825,989900,3.06,2.0,2.05
6652,2021-06-17 13:35:00,2.0,2.4,1.95,2.3,53975,989900,3.05,2.25,2.3
6653,2021-06-17 13:36:00,2.3,2.35,2.2,2.25,25100,1003250,3.05,2.2,2.25
6654,2021-06-17 13:37:00,2.2,2.55,2.2,2.45,68375,1003250,3.04,2.4,2.45
6655,2021-06-17 13:38:00,2.45,2.5,2.2,2.2,18200,1003250,3.04,2.2,2.3
6656,2021-06-17 13:39:00,2.3,2.3,2.1,2.1,19275,1026375,3.04,2.05,2.1
6657,2021-06-17 13:40:00,2.1,2.2,2.0,2.05,14975,1026375,3.04,2.05,2.1
6658,2021-06-17 13:41:00,2.1,2.2,2.05,2.05,15975,1026375,3.03,2.05,2.1
6659,2021-06-17 13:42:00,2.1,2.1,1.95,2.0,14300,1018325,3.03,2.0,2.05
6660,2021-06-17 13:43:00,2.0,2.05,1.95,2.0,18600,1018325,3.03,2.0,2.05
6661,2021-06-17 13:44:00,2.0,2.1,1.95,2.05,13575,1018325,3.03,2.05,2.1
6662,2021-06-17 13:45:00,2.05,2.25,2.0,2.2,15175,1004475,3.02,2.2,2.25
6663,2021-06-17 13:46:00,2.2,2.3,2.1,2.1,11325,1004475,3.02,2.1,2.15
6664,2021-06-17 13:47:00,2.1,2.2,1.95,1.95,13825,1004475,3.02,1.95,2.0
6665,2021-06-17 13:48:00,2.0,2.0,1.9,1.95,11800,1009375,3.02,1.95,2.0
6666,2021-06-17 13:49:00,1.95,2.0,1.9,1.9,16150,1009375,3.02,1.9,1.95
6667,2021-06-17 13:50:00,1.9,1.95,1.75,1.8,19175,1009375,3.01,1.8,1.85
6668,2021-06-17 13:51:00,1.8,1.85,1.75,1.8,19275,1019500,3.01,1.75,1.8
6669,2021-06-17 13:52:00,1.8,1.8,1.7,1.8,14875,1019500,3.01,1.75,1.8
6670,2021-06-17 13:53:00,1.8,1.8,1.7,1.75,7050,1019500,3.0,1.75,1.8
6671,2021-06-17 13:54:00,1.8,1.8,1.7,1.75,9475,1011725,3.0,1.7,1.75
6672,2021-06-17 13:55:00,1.75,1.8,1.7,1.75,7275,1011725,3.0,1.75,1.8
6673,2021-06-17 13:56:00,1.75,1.8,1.75,1.75,8100,1011725,3.0,1.75,1.8
6674,2021-06-17 13:57:00,1.8,1.95,1.8,1.9,13325,1005425,3.0,1.85,1.9
6675,2021-06-17 13:58:00,1.9,2.15,1.85,2.1,11200,1005425,3.0,2.05,2.1
6676,2021-06-17 13:59:00,2.0,2.2,2.0,2.2,46875,1005425,2.99,2.15,2.2
6677,2021-06-17 14:00:00,2.15,2.25,2.1,2.1,15150,1009475,2.99,2.05,2.1
6678,2021-06-17 14:01:00,2.05,2.15,1.9,1.95,26600,1009475,2.98,1.9,1.95
6679,2021-06-17 14:02:00,1.9,2.0,1.8,1.95,39125,1009475,2.98,1.95,2.0
6680,2021-06-17 14:03:00,2.0,2.15,1.95,2.1,13550,1010475,2.97,2.05,2.1
6681,2021-06-17 14:04:00,2.1,2.1,2.0,2.05,9925,1010475,2.97,2.05,2.1
6682,2021-06-17 14:05:00,2.05,2.05,1.95,1.95,8375,1010475,2.97,1.95,2.0
6683,2021-06-17 14:06:00,2.0,2.05,1.45,1.45,77625,1012800,2.96,1.45,1.5
6684,2021-06-17 14:07:00,1.5,1.6,1.15,1.25,190250,1012800,2.91,1.2,1.25
6685,2021-06-17 14:08:00,1.3,1.35,1.1,1.15,98900,1012800,2.89,1.15,1.2
6686,2021-06-17 14:09:00,1.15,2.0,1.15,1.95,139675,953400,2.86,1.95,2.0
6687,2021-06-17 14:10:00,2.0,2.35,1.9,2.2,112525,953400,2.85,2.15,2.25
6688,2021-06-17 14:11:00,2.1,2.45,2.1,2.15,63025,953400,2.85,2.15,2.2
6689,2021-06-17 14:12:00,2.2,2.25,2.0,2.05,24475,991725,2.84,2.0,2.1
6690,2021-06-17 14:13:00,2.1,2.1,1.4,1.45,57300,991725,2.84,1.45,1.5
6691,2021-06-17 14:14:00,1.5,2.6,1.45,2.3,140450,991725,2.82,2.25,2.35
6692,2021-06-17 14:15:00,2.6,3.55,2.5,2.7,181550,985525,2.82,2.65,2.75
6693,2021-06-17 14:16:00,2.6,2.75,1.9,2.05,143000,985525,2.81,1.95,2.0
6694,2021-06-17 14:17:00,2.1,2.5,2.05,2.5,63100,985525,2.81,2.5,2.6
6695,2021-06-17 14:18:00,2.4,2.45,1.65,1.7,76975,995950,2.8,1.7,1.75
6696,2021-06-17 14:19:00,1.7,1.9,1.65,1.8,27575,995950,2.8,1.75,1.8
6697,2021-06-17 14:20:00,1.75,1.8,1.5,1.6,21275,995950,2.79,1.6,1.65
6698,2021-06-17 14:21:00,1.6,1.7,1.5,1.5,30950,995950,2.79,1.5,1.55
6699,2021-06-17 14:22:00,1.5,1.5,1.4,1.45,37025,995950,2.78,1.4,1.45
6700,2021-06-17 14:23:00,1.5,1.85,1.45,1.6,42850,995950,2.78,1.55,1.6
6701,2021-06-17 14:24:00,1.55,1.6,1.35,1.45,54200,1001925,2.77,1.4,1.45
6702,2021-06-17 14:25:00,1.4,1.65,1.4,1.45,28250,1001925,2.76,1.4,1.45
6703,2021-06-17 14:26:00,1.45,1.45,1.25,1.35,45325,1001925,2.75,1.25,1.35
6704,2021-06-17 14:27:00,1.3,1.35,1.25,1.35,26325,991775,2.75,1.3,1.35
6705,2021-06-17 14:28:00,1.35,1.35,1.2,1.25,30125,991775,2.74,1.2,1.3
6706,2021-06-17 14:29:00,1.25,1.3,1.2,1.3,22700,991775,2.74,1.3,1.35
6707,2021-06-17 14:30:00,1.3,1.45,1.3,1.4,19300,992275,2.74,1.4,1.45
6708,2021-06-17 14:31:00,1.45,1.5,0.9,0.9,70975,992275,2.72,0.85,0.9
6709,2021-06-17 14:32:00,0.9,0.9,0.55,0.65,163500,992275,2.69,0.6,0.65
6710,2021-06-17 14:33:00,0.6,0.7,0.55,0.6,34000,949975,2.68,0.6,0.65
6711,2021-06-17 14:34:00,0.6,0.7,0.6,0.65,20500,949975,2.67,0.65,0.7
6712,2021-06-17 14:35:00,0.65,0.8,0.65,0.7,45325,949975,2.66,0.7,0.75
6713,2021-06-17 14:36:00,0.7,0.75,0.65,0.7,39525,936325,2.65,0.7,0.75
6714,2021-06-17 14:37:00,0.7,0.9,0.7,0.9,53675,936325,2.64,0.9,0.95
6715,2021-06-17 14:38:00,0.85,1.0,0.8,0.9,43875,936325,2.63,0.9,1.0
6716,2021-06-17 14:39:00,1.0,1.05,0.8,0.9,60250,907450,2.62,0.9,0.95
6717,2021-06-17 14:40:00,1.0,1.0,0.6,0.75,62250,907450,2.61,0.7,0.75
6718,2021-06-17 14:41:00,0.7,0.8,0.65,0.75,41425,907450,2.6,0.75,0.8
6719,2021-06-17 14:42:00,0.75,0.95,0.7,0.7,22500,884300,2.6,0.7,0.75
6720,2021-06-17 14:43:00,0.7,0.85,0.7,0.7,13425,884300,2.59,0.7,0.75
6721,2021-06-17 14:44:00,0.7,0.8,0.7,0.8,14775,884300,2.59,0.75,0.8
6722,2021-06-17 14:45:00,0.75,0.8,0.7,0.75,35625,895275,2.58,0.75,0.8
6723,2021-06-17 14:46:00,0.75,0.8,0.7,0.75,9875,895275,2.58,0.7,0.75
6724,2021-06-17 14:47:00,0.75,1.05,0.7,1.05,50925,895275,2.57,1.0,1.1
6725,2021-06-17 14:48:00,1.1,1.45,1.1,1.2,124975,916075,2.55,1.2,1.25
6726,2021-06-17 14:49:00,1.2,1.2,0.55,0.55,74800,916075,2.54,0.55,0.65
6727,2021-06-17 14:50:00,0.65,0.7,0.45,0.6,106975,916075,2.52,0.55,0.65
6728,2021-06-17 14:51:00,0.55,0.8,0.55,0.7,28825,821750,2.51,0.7,0.75
6729,2021-06-17 14:52:00,0.75,1.1,0.65,0.9,42025,821750,2.5,0.85,0.9
6730,2021-06-17 14:53:00,0.9,1.0,0.7,0.75,28975,821750,2.5,0.7,0.75
6731,2021-06-17 14:54:00,0.75,0.8,0.7,0.7,17775,813775,2.5,0.7,0.75
6732,2021-06-17 14:55:00,0.75,0.75,0.7,0.75,16625,813775,2.49,0.7,0.75
6733,2021-06-17 14:56:00,0.7,0.85,0.7,0.75,24675,813775,2.49,0.75,0.8
6734,2021-06-17 14:57:00,0.75,0.85,0.65,0.7,41575,796800,2.48,0.65,0.7
6735,2021-06-17 14:58:00,0.7,0.7,0.4,0.5,59300,796800,2.47,0.5,0.55
6736,2021-06-17 14:59:00,0.55,0.6,0.45,0.6,31075,796800,2.46,0.55,0.6
6737,2021-06-17 15:00:00,0.6,0.75,0.55,0.75,22300,776625,2.46,0.7,0.75
6738,2021-06-17 15:01:00,0.75,0.75,0.6,0.65,25150,776625,2.45,0.6,0.65
6739,2021-06-17 15:02:00,0.65,0.85,0.55,0.55,46150,776625,2.45,0.55,0.6
6740,2021-06-17 15:03:00,0.55,0.7,0.55,0.55,32350,776225,2.44,0.5,0.55
6741,2021-06-17 15:04:00,0.55,0.6,0.3,0.3,58175,776225,2.43,0.3,0.35
6742,2021-06-17 15:05:00,0.3,0.4,0.3,0.3,42425,776225,2.42,0.3,0.35
6743,2021-06-17 15:06:00,0.35,0.35,0.25,0.25,38275,738125,2.41,0.25,0.3
6744,2021-06-17 15:07:00,0.25,0.3,0.2,0.2,20800,738125,2.41,0.2,0.25
6745,2021-06-17 15:08:00,0.2,0.25,0.15,0.2,23150,738125,2.4,0.15,0.2
6746,2021-06-17 15:09:00,0.15,0.2,0.15,0.15,29925,713400,2.39,0.15,0.2
6747,2021-06-17 15:10:00,0.15,0.35,0.15,0.25,25700,713400,2.39,0.2,0.3
6748,2021-06-17 15:11:00,0.2,0.2,0.1,0.15,23400,713400,2.38,0.1,0.15
6749,2021-06-17 15:12:00,0.15,0.15,0.1,0.15,8725,698375,2.38,0.1,0.15
6750,2021-06-17 15:13:00,0.15,0.15,0.1,0.1,12025,698375,2.38,0.1,0.15
6751,2021-06-17 15:14:00,0.15,0.15,0.1,0.15,7925,698375,2.38,0.1,0.15
6752,2021-06-17 15:15:00,0.1,0.1,0.05,0.05,69250,668000,2.36,0.05,0.1
6753,2021-06-17 15:16:00,0.05,0.1,0.05,0.05,14550,668000,2.36,0.05,0.1
6754,2021-06-17 15:17:00,0.05,0.1,0.05,0.1,13400,668000,2.35,0.05,0.1
6755,2021-06-17 15:18:00,0.1,0.1,0.05,0.05,29625,668000,2.35,0.0,0.1
6756,2021-06-17 15:19:00,0.1,0.1,0.05,0.05,14950,652725,2.34,0.0,0.05
6757,2021-06-17 15:20:00,0.05,0.05,0.05,0.05,9575,652725,2.34,0.0,0.05
6758,2021-06-17 15:21:00,0.05,0.05,0.05,0.05,12400,617425,2.34,0.0,0.05
6759,2021-06-17 15:22:00,0.05,0.05,0.05,0.05,1250,617425,2.34,0.0,0.05
6760,2021-06-17 15:23:00,0.05,0.05,0.05,0.05,1600,617425,2.34,0.0,0.05
6761,2021-06-17 15:24:00,0.05,0.05,0.05,0.05,1600,617425,2.34,0.0,0.05
6762,2021-06-17 15:25:00,0.05,0.05,0.05,0.05,4650,610850,2.34,0.0,0.05
6763,2021-06-17 15:26:00,0.05,0.05,0.05,0.05,2325,610850,2.34,0.0,0.05
6764,2021-06-17 15:27:00,0.05,0.05,0.05,0.05,1025,610850,2.34,0.0,0.05
6765,2021-06-17 15:28:00,0.05,0.05,0.05,0.05,725,598400,2.34,0.0,0.05
6766,2021-06-17 15:29:00,0.05,0.05,0.05,0.05,725,598400,2.34,0.0,0.05
6767,2021-06-17 15:30:00,0.05,0.05,0.05,0.05,825,598400,2.34,0.0,0.05
