,date,open,high,low,close,volume,oi
0,2022-06-14 11:33:00+05:30,2.5,22.5,2.5,22.5,350,0
1,2022-06-14 11:35:00+05:30,22.5,22.5,22.5,22.5,0,0
2,2022-06-14 11:44:00+05:30,22.5,22.5,22.5,22.5,0,0
3,2022-06-14 11:49:00+05:30,22.5,22.5,22.5,22.5,0,0
4,2022-06-14 11:50:00+05:30,22.5,22.5,22.5,22.5,0,0
5,2022-06-14 12:11:00+05:30,22.5,22.5,22.5,22.5,0,0
6,2022-06-14 12:22:00+05:30,22.5,22.5,22.5,22.5,0,0
7,2022-06-14 12:42:00+05:30,22.5,22.5,22.5,22.5,0,0
8,2022-06-14 12:47:00+05:30,22.5,22.5,22.5,22.5,0,0
9,2022-06-14 12:48:00+05:30,22.5,22.5,22.5,22.5,0,0
10,2022-06-14 12:50:00+05:30,22.5,22.5,22.5,22.5,0,0
11,2022-06-14 12:51:00+05:30,22.5,22.5,22.5,22.5,0,0
12,2022-06-14 12:52:00+05:30,22.5,22.5,22.5,22.5,0,0
13,2022-06-15 12:39:00+05:30,15.0,15.0,15.0,15.0,0,0
14,2022-06-15 12:40:00+05:30,15.0,15.0,15.0,15.0,0,0
15,2022-06-15 12:41:00+05:30,15.0,15.0,15.0,15.0,0,0
16,2022-06-15 12:42:00+05:30,15.0,15.0,15.0,15.0,0,0
17,2022-06-15 12:43:00+05:30,15.0,15.0,15.0,15.0,0,0
18,2022-06-15 12:44:00+05:30,15.0,15.0,15.0,15.0,0,0
19,2022-06-15 12:45:00+05:30,15.0,15.0,15.0,15.0,0,0
20,2022-06-15 12:48:00+05:30,15.0,15.0,15.0,15.0,0,0
21,2022-06-15 12:50:00+05:30,15.0,15.0,15.0,15.0,0,0
22,2022-06-15 13:00:00+05:30,15.0,15.0,15.0,15.0,0,0
23,2022-06-15 13:01:00+05:30,15.0,15.0,15.0,15.0,0,0
24,2022-06-15 13:02:00+05:30,15.0,15.0,15.0,15.0,0,0
25,2022-06-15 13:03:00+05:30,15.0,15.0,15.0,15.0,0,0
26,2022-06-15 13:04:00+05:30,15.0,15.0,15.0,15.0,0,0
27,2022-06-15 13:08:00+05:30,15.0,15.0,15.0,15.0,0,0
28,2022-06-15 13:12:00+05:30,15.0,15.0,15.0,15.0,0,0
29,2022-06-15 13:14:00+05:30,15.0,15.0,15.0,15.0,0,0
30,2022-06-15 13:16:00+05:30,15.0,15.0,15.0,15.0,0,0
31,2022-06-15 13:17:00+05:30,15.0,15.0,15.0,15.0,0,0
32,2022-06-15 13:18:00+05:30,15.0,15.0,15.0,15.0,0,0
33,2022-06-15 15:06:00+05:30,15.0,15.0,15.0,15.0,0,0
34,2022-06-15 15:09:00+05:30,15.0,15.0,15.0,15.0,0,0
35,2022-06-15 15:11:00+05:30,15.0,15.0,15.0,15.0,0,0
36,2022-06-15 15:12:00+05:30,15.0,15.0,15.0,15.0,0,0
37,2022-06-15 15:13:00+05:30,15.0,15.0,15.0,15.0,0,0
38,2022-06-15 15:14:00+05:30,15.0,15.0,15.0,15.0,0,0
39,2022-06-15 15:15:00+05:30,15.0,15.0,15.0,15.0,0,0
40,2022-06-15 15:20:00+05:30,15.0,15.0,15.0,15.0,0,0
41,2022-06-15 15:28:00+05:30,15.0,15.0,15.0,15.0,0,0
42,2022-06-15 15:29:00+05:30,15.0,15.0,15.0,15.0,0,0
43,2022-06-17 11:26:00+05:30,7.0,7.0,7.0,7.0,0,50
44,2022-06-17 13:58:00+05:30,7.0,7.0,7.0,7.0,0,50
45,2022-06-17 14:10:00+05:30,7.0,7.0,7.0,7.0,0,50
46,2022-06-17 14:17:00+05:30,7.0,7.0,7.0,7.0,0,50
47,2022-06-17 14:26:00+05:30,7.0,7.0,7.0,7.0,0,50
48,2022-06-17 15:29:00+05:30,7.0,7.0,7.0,7.0,0,50
49,2022-07-01 10:31:00+05:30,2.0,2.0,2.0,2.0,0,50
50,2022-07-01 10:32:00+05:30,2.0,2.0,2.0,2.0,0,50
51,2022-07-01 10:33:00+05:30,2.0,2.0,2.0,2.0,800,50
52,2022-07-01 10:34:00+05:30,2.0,2.0,2.0,2.0,0,50
53,2022-07-01 10:36:00+05:30,2.0,2.0,2.0,2.0,0,50
54,2022-07-01 10:37:00+05:30,2.0,2.0,2.0,2.0,0,50
55,2022-07-01 10:38:00+05:30,2.0,2.0,2.0,2.0,0,50
56,2022-07-01 10:39:00+05:30,2.0,2.0,2.0,2.0,0,50
57,2022-07-01 10:40:00+05:30,2.0,2.0,2.0,2.0,0,50
58,2022-07-01 10:41:00+05:30,2.0,2.0,2.0,2.0,0,50
59,2022-07-01 10:42:00+05:30,2.0,2.0,2.0,2.0,0,50
60,2022-07-01 10:43:00+05:30,2.0,2.0,2.0,2.0,0,50
61,2022-07-01 10:44:00+05:30,2.0,2.0,2.0,2.0,0,50
62,2022-07-01 10:45:00+05:30,2.0,2.0,2.0,2.0,0,50
63,2022-07-01 10:46:00+05:30,2.0,2.0,2.0,2.0,0,50
64,2022-07-01 10:47:00+05:30,2.0,2.0,2.0,2.0,0,50
65,2022-07-01 10:48:00+05:30,2.0,2.0,2.0,2.0,0,50
66,2022-07-01 10:50:00+05:30,2.0,2.0,2.0,2.0,0,50
67,2022-07-01 10:51:00+05:30,2.0,2.0,1.8,1.8,1200,850
68,2022-07-01 10:52:00+05:30,1.8,1.8,1.8,1.8,0,850
69,2022-07-01 10:53:00+05:30,1.8,1.8,1.8,1.8,0,850
70,2022-07-01 10:54:00+05:30,1.8,1.8,1.8,1.8,0,850
71,2022-07-01 10:55:00+05:30,1.8,1.8,1.8,1.8,0,850
72,2022-07-01 10:56:00+05:30,1.8,1.8,1.8,1.8,0,850
73,2022-07-01 10:57:00+05:30,1.8,1.8,1.8,1.8,0,850
74,2022-07-01 10:58:00+05:30,1.8,1.8,1.8,1.8,0,850
75,2022-07-01 10:59:00+05:30,1.8,1.8,1.8,1.8,0,850
76,2022-07-01 11:00:00+05:30,1.8,1.8,1.8,1.8,0,850
77,2022-07-01 11:01:00+05:30,1.8,1.8,1.8,1.8,0,850
78,2022-07-01 11:02:00+05:30,1.8,1.8,1.8,1.8,0,850
79,2022-07-01 11:03:00+05:30,1.8,1.8,1.8,1.8,0,850
80,2022-07-01 11:04:00+05:30,1.8,1.8,1.8,1.8,0,850
81,2022-07-01 11:05:00+05:30,1.8,1.8,1.8,1.8,0,850
82,2022-07-01 11:07:00+05:30,1.8,1.8,1.8,1.8,0,850
83,2022-07-01 11:08:00+05:30,1.8,1.8,1.8,1.8,0,850
84,2022-07-01 11:09:00+05:30,1.8,1.8,1.8,1.8,0,850
85,2022-07-01 11:10:00+05:30,1.8,1.8,1.8,1.8,0,850
86,2022-07-01 11:11:00+05:30,1.8,1.8,1.8,1.8,0,850
87,2022-07-01 11:12:00+05:30,1.8,1.8,1.8,1.8,0,850
88,2022-07-01 11:13:00+05:30,1.8,1.8,1.8,1.8,0,850
89,2022-07-01 11:14:00+05:30,1.8,1.8,1.8,1.8,0,850
90,2022-07-01 11:15:00+05:30,1.8,1.8,1.8,1.8,0,850
91,2022-07-01 11:16:00+05:30,1.8,1.8,1.8,1.8,0,850
92,2022-07-01 11:17:00+05:30,1.8,1.8,1.8,1.8,0,850
93,2022-07-01 11:18:00+05:30,1.8,1.8,1.8,1.8,0,850
94,2022-07-01 11:19:00+05:30,1.8,1.8,1.8,1.8,0,850
95,2022-07-01 11:20:00+05:30,1.8,1.8,1.8,1.8,0,850
96,2022-07-01 11:21:00+05:30,1.8,1.8,1.8,1.8,0,850
97,2022-07-01 11:22:00+05:30,1.8,1.8,1.8,1.8,0,850
98,2022-07-01 11:23:00+05:30,1.8,1.8,1.8,1.8,0,850
99,2022-07-01 11:24:00+05:30,1.8,1.8,1.8,1.8,0,850
100,2022-07-01 11:25:00+05:30,1.8,1.8,1.8,1.8,0,850
101,2022-07-01 11:26:00+05:30,1.8,1.8,1.8,1.8,0,850
102,2022-07-01 11:27:00+05:30,1.8,1.8,1.8,1.8,0,850
103,2022-07-01 11:28:00+05:30,1.8,1.8,1.8,1.8,0,850
104,2022-07-01 11:30:00+05:30,1.8,1.8,1.8,1.8,0,850
105,2022-07-01 11:31:00+05:30,1.8,1.8,1.8,1.8,0,850
106,2022-07-01 11:32:00+05:30,1.8,1.8,1.8,1.8,0,850
107,2022-07-01 11:33:00+05:30,1.8,1.8,1.8,1.8,0,850
108,2022-07-01 11:34:00+05:30,1.8,1.8,1.8,1.8,0,850
109,2022-07-01 11:35:00+05:30,1.8,1.8,1.8,1.8,0,850
110,2022-07-01 11:36:00+05:30,1.8,1.8,1.8,1.8,0,850
111,2022-07-01 11:37:00+05:30,1.8,1.8,1.8,1.8,0,850
112,2022-07-01 11:38:00+05:30,1.8,1.8,1.8,1.8,0,850
113,2022-07-01 11:39:00+05:30,1.8,1.8,1.8,1.8,0,850
114,2022-07-01 11:40:00+05:30,1.8,1.8,1.8,1.8,0,850
115,2022-07-01 11:41:00+05:30,1.8,1.8,1.8,1.8,0,850
116,2022-07-01 11:42:00+05:30,1.8,1.8,1.8,1.8,0,850
117,2022-07-01 11:43:00+05:30,1.8,1.8,1.8,1.8,0,850
118,2022-07-01 11:44:00+05:30,1.8,1.8,1.8,1.8,0,850
119,2022-07-01 11:45:00+05:30,1.8,1.8,1.8,1.8,0,850
120,2022-07-01 11:46:00+05:30,1.8,1.8,1.8,1.8,0,850
121,2022-07-01 11:47:00+05:30,1.8,1.8,1.8,1.8,0,850
122,2022-07-01 11:48:00+05:30,1.8,1.8,1.8,1.8,0,850
123,2022-07-01 11:49:00+05:30,1.8,1.8,1.8,1.8,0,850
124,2022-07-01 11:51:00+05:30,1.8,1.8,1.8,1.8,0,850
125,2022-07-01 11:54:00+05:30,1.8,1.8,1.8,1.8,0,850
126,2022-07-01 11:59:00+05:30,1.8,1.8,1.8,1.8,0,850
127,2022-07-01 12:00:00+05:30,1.8,1.8,1.8,1.8,0,850
128,2022-07-01 12:01:00+05:30,1.8,1.8,1.8,1.8,0,850
129,2022-07-01 12:08:00+05:30,1.8,1.8,1.8,1.8,0,850
130,2022-07-01 12:54:00+05:30,1.75,1.75,1.75,1.75,50,2050
131,2022-07-01 12:55:00+05:30,1.75,1.75,1.75,1.75,0,2050
132,2022-07-01 12:56:00+05:30,1.75,1.75,1.75,1.75,0,2050
133,2022-07-01 12:57:00+05:30,1.75,1.75,1.75,1.75,0,2050
134,2022-07-01 12:59:00+05:30,1.75,1.75,1.75,1.75,0,2050
135,2022-07-01 13:06:00+05:30,1.75,1.75,1.75,1.75,0,2050
136,2022-07-01 13:08:00+05:30,1.75,1.75,1.75,1.75,0,2050
137,2022-07-01 13:11:00+05:30,1.75,1.75,1.75,1.75,0,2050
138,2022-07-01 13:23:00+05:30,1.75,1.75,1.75,1.75,0,2050
139,2022-07-01 13:37:00+05:30,1.75,1.75,1.75,1.75,0,2050
140,2022-07-01 13:51:00+05:30,1.75,1.75,1.75,1.75,0,2050
141,2022-07-01 14:02:00+05:30,1.75,1.75,1.75,1.75,0,2050
142,2022-07-01 14:03:00+05:30,1.75,1.75,1.75,1.75,0,2050
143,2022-07-01 14:08:00+05:30,1.75,1.75,1.7,1.7,350,2050
144,2022-07-01 14:09:00+05:30,1.7,1.7,1.7,1.7,0,2050
145,2022-07-01 14:10:00+05:30,1.7,1.7,1.7,1.7,0,2050
146,2022-07-01 14:11:00+05:30,1.7,1.7,1.7,1.7,0,2050
147,2022-07-01 14:12:00+05:30,1.7,1.7,1.7,1.7,0,2050
148,2022-07-01 14:13:00+05:30,1.75,1.75,1.75,1.75,150,2050
149,2022-07-01 14:14:00+05:30,1.75,1.75,1.75,1.75,0,2050
150,2022-07-01 14:15:00+05:30,1.75,1.75,1.75,1.75,0,2050
151,2022-07-01 14:16:00+05:30,1.75,1.75,1.75,1.75,0,2050
152,2022-07-01 14:17:00+05:30,1.75,1.75,1.75,1.75,0,2050
153,2022-07-01 14:18:00+05:30,1.75,1.75,1.75,1.75,0,2050
154,2022-07-01 14:19:00+05:30,1.75,1.75,1.75,1.75,0,2050
155,2022-07-01 14:20:00+05:30,1.75,1.75,1.75,1.75,0,2050
156,2022-07-01 14:21:00+05:30,1.75,1.75,1.75,1.75,0,2050
157,2022-07-01 14:22:00+05:30,1.75,1.75,1.75,1.75,0,2050
158,2022-07-01 14:23:00+05:30,1.75,1.75,1.7,1.7,0,2200
159,2022-07-01 14:24:00+05:30,1.7,1.7,1.7,1.7,50,2200
160,2022-07-01 14:25:00+05:30,1.7,1.7,1.7,1.7,0,2200
161,2022-07-01 14:26:00+05:30,1.7,1.7,1.7,1.7,0,2200
162,2022-07-01 14:27:00+05:30,1.7,1.7,1.7,1.7,0,2200
163,2022-07-01 14:28:00+05:30,1.7,1.7,1.7,1.7,0,2200
164,2022-07-01 14:29:00+05:30,1.7,1.7,1.7,1.7,0,2200
165,2022-07-01 14:30:00+05:30,1.7,1.7,1.7,1.7,0,2200
166,2022-07-01 14:31:00+05:30,1.7,1.7,1.7,1.7,0,2200
167,2022-07-01 14:32:00+05:30,1.7,1.7,1.7,1.7,0,2200
168,2022-07-01 14:33:00+05:30,1.7,1.7,1.7,1.7,0,2200
169,2022-07-01 14:34:00+05:30,1.7,1.7,1.7,1.7,0,2200
170,2022-07-01 14:35:00+05:30,1.7,1.7,1.7,1.7,0,2200
171,2022-07-01 14:36:00+05:30,1.7,1.7,1.7,1.7,0,2200
172,2022-07-01 14:37:00+05:30,1.7,1.7,1.7,1.7,0,2200
173,2022-07-01 14:38:00+05:30,1.7,1.7,1.7,1.7,0,2200
174,2022-07-01 14:39:00+05:30,1.7,1.7,1.7,1.7,0,2200
175,2022-07-01 14:40:00+05:30,1.7,1.7,1.7,1.7,0,2200
176,2022-07-01 14:41:00+05:30,1.7,1.7,1.7,1.7,0,2200
177,2022-07-01 14:42:00+05:30,1.7,1.7,1.7,1.7,0,2200
178,2022-07-01 14:43:00+05:30,1.7,1.7,1.7,1.7,0,2200
179,2022-07-01 14:44:00+05:30,1.7,1.7,1.7,1.7,0,2200
180,2022-07-01 14:45:00+05:30,1.7,1.7,1.7,1.7,0,2200
181,2022-07-01 14:46:00+05:30,1.7,1.7,1.7,1.7,0,2200
182,2022-07-01 14:47:00+05:30,1.7,1.7,1.7,1.7,0,2200
183,2022-07-01 14:48:00+05:30,1.7,1.7,1.7,1.7,0,2200
184,2022-07-01 14:49:00+05:30,1.7,1.7,1.7,1.7,0,2200
185,2022-07-01 14:51:00+05:30,1.7,1.7,1.7,1.7,0,2200
186,2022-07-01 14:52:00+05:30,1.7,1.7,1.7,1.7,0,2200
187,2022-07-01 14:53:00+05:30,1.7,1.7,1.7,1.7,0,2200
188,2022-07-01 14:54:00+05:30,1.7,1.7,1.7,1.7,0,2200
189,2022-07-01 14:55:00+05:30,1.7,1.7,1.7,1.7,0,2200
190,2022-07-01 14:56:00+05:30,1.7,1.7,1.7,1.7,0,2200
191,2022-07-01 14:57:00+05:30,1.7,1.7,1.7,1.7,0,2200
192,2022-07-01 14:58:00+05:30,1.7,1.7,1.7,1.7,0,2200
193,2022-07-01 14:59:00+05:30,1.7,1.7,1.7,1.7,0,2200
194,2022-07-01 15:00:00+05:30,1.7,1.7,1.7,1.7,0,2200
195,2022-07-01 15:01:00+05:30,1.7,1.7,1.7,1.7,0,2200
196,2022-07-01 15:02:00+05:30,1.7,1.7,1.7,1.7,0,2200
197,2022-07-01 15:03:00+05:30,1.7,1.7,1.7,1.7,0,2200
198,2022-07-01 15:04:00+05:30,1.7,1.7,1.7,1.7,0,2200
199,2022-07-01 15:05:00+05:30,1.7,1.7,1.7,1.7,0,2200
200,2022-07-01 15:06:00+05:30,1.7,1.7,1.7,1.7,0,2200
201,2022-07-01 15:07:00+05:30,1.7,1.7,1.7,1.7,0,2200
202,2022-07-01 15:08:00+05:30,1.7,1.7,1.7,1.7,0,2200
203,2022-07-01 15:10:00+05:30,1.7,1.7,1.7,1.7,0,2200
204,2022-07-01 15:18:00+05:30,1.7,1.7,1.7,1.7,0,2200
205,2022-07-01 15:23:00+05:30,1.7,1.7,1.7,1.7,0,2200
206,2022-07-01 15:26:00+05:30,1.7,1.7,1.7,1.7,0,2200
207,2022-07-01 15:27:00+05:30,1.7,1.7,1.7,1.7,0,2200
208,2022-07-01 15:29:00+05:30,1.7,1.7,1.7,1.7,0,2200
209,2022-07-04 12:02:00+05:30,1.4,1.4,1.4,1.4,0,2250
210,2022-07-04 12:03:00+05:30,1.4,1.4,1.4,1.4,1650,2300
211,2022-07-04 12:04:00+05:30,1.4,1.4,1.4,1.4,0,2300
212,2022-07-04 12:05:00+05:30,1.4,1.4,1.4,1.4,3800,8450
213,2022-07-04 12:06:00+05:30,1.4,1.4,1.4,1.4,27500,8450
214,2022-07-04 12:07:00+05:30,1.4,1.4,1.4,1.4,0,8450
215,2022-07-04 12:08:00+05:30,1.4,1.4,1.4,1.4,0,8450
216,2022-07-04 12:09:00+05:30,1.4,1.6,1.4,1.5,16450,8450
217,2022-07-04 12:10:00+05:30,1.5,1.5,1.5,1.5,5850,8450
218,2022-07-04 12:11:00+05:30,1.45,1.5,1.45,1.5,2350,8450
219,2022-07-04 12:12:00+05:30,1.5,1.5,1.5,1.5,0,8450
220,2022-07-04 12:13:00+05:30,1.5,1.5,1.5,1.5,0,8450
221,2022-07-04 12:14:00+05:30,1.5,1.5,1.5,1.5,0,8450
222,2022-07-04 12:15:00+05:30,1.5,1.5,1.5,1.5,0,8450
223,2022-07-04 12:16:00+05:30,1.5,1.5,1.5,1.5,0,8450
224,2022-07-04 12:17:00+05:30,1.5,1.5,1.5,1.5,0,8450
225,2022-07-04 12:18:00+05:30,1.5,1.5,1.5,1.5,0,8450
226,2022-07-04 12:19:00+05:30,1.5,1.5,1.5,1.5,0,8450
227,2022-07-04 12:20:00+05:30,1.5,1.5,1.5,1.5,0,8450
228,2022-07-04 12:21:00+05:30,1.5,1.5,1.5,1.5,0,8450
229,2022-07-04 12:22:00+05:30,1.5,1.5,1.5,1.5,0,8450
230,2022-07-04 12:23:00+05:30,1.5,1.5,1.5,1.5,0,8450
231,2022-07-04 12:24:00+05:30,1.5,1.5,1.5,1.5,0,8450
232,2022-07-04 12:25:00+05:30,1.5,1.5,1.5,1.5,0,8450
233,2022-07-04 12:26:00+05:30,1.5,1.5,1.5,1.5,0,8450
234,2022-07-04 12:27:00+05:30,1.5,1.5,1.5,1.5,0,8450
235,2022-07-04 12:28:00+05:30,1.5,1.5,1.5,1.5,0,8450
236,2022-07-04 12:29:00+05:30,1.5,1.5,1.5,1.5,0,8450
237,2022-07-04 12:30:00+05:30,1.5,1.5,1.5,1.5,0,8450
238,2022-07-04 12:31:00+05:30,1.5,1.5,1.5,1.5,0,8450
239,2022-07-04 12:32:00+05:30,1.5,1.5,1.5,1.5,0,8450
240,2022-07-04 12:33:00+05:30,1.5,1.5,1.5,1.5,0,8450
241,2022-07-04 12:34:00+05:30,1.5,1.5,1.5,1.5,0,8450
242,2022-07-04 12:35:00+05:30,1.5,1.5,1.5,1.5,0,8450
243,2022-07-04 12:36:00+05:30,1.5,1.5,1.5,1.5,0,8450
244,2022-07-04 12:37:00+05:30,1.5,1.5,1.5,1.5,0,8450
245,2022-07-04 12:38:00+05:30,1.5,1.5,1.5,1.5,0,8450
246,2022-07-04 12:39:00+05:30,1.5,1.5,1.5,1.5,0,8450
247,2022-07-04 12:40:00+05:30,1.5,1.5,1.5,1.5,0,8450
248,2022-07-04 12:41:00+05:30,1.5,1.5,1.5,1.5,0,8450
249,2022-07-04 12:42:00+05:30,1.5,1.5,1.5,1.5,0,8450
250,2022-07-04 12:43:00+05:30,1.5,1.5,1.5,1.5,0,8450
251,2022-07-04 12:44:00+05:30,1.5,1.5,1.5,1.5,0,8450
252,2022-07-04 12:45:00+05:30,1.5,1.5,1.5,1.5,0,8450
253,2022-07-04 12:46:00+05:30,1.5,1.5,1.5,1.5,0,8450
254,2022-07-04 12:47:00+05:30,1.5,1.5,1.5,1.5,0,8450
255,2022-07-04 12:48:00+05:30,1.5,1.5,1.5,1.5,0,8450
256,2022-07-04 12:49:00+05:30,1.5,1.5,1.5,1.5,0,8450
257,2022-07-04 12:50:00+05:30,1.5,1.5,1.5,1.5,0,8450
258,2022-07-04 12:51:00+05:30,1.5,1.5,1.5,1.5,0,8450
259,2022-07-04 12:53:00+05:30,1.5,1.5,1.5,1.5,0,8450
260,2022-07-04 12:54:00+05:30,1.5,1.5,1.5,1.5,0,8450
261,2022-07-04 12:55:00+05:30,1.5,1.5,1.5,1.5,0,8450
262,2022-07-04 12:56:00+05:30,1.5,1.5,1.5,1.5,0,8450
263,2022-07-04 12:57:00+05:30,1.5,1.5,1.5,1.5,0,8450
264,2022-07-04 12:58:00+05:30,1.5,1.5,1.5,1.5,0,8450
265,2022-07-04 12:59:00+05:30,1.5,1.5,1.5,1.5,0,8450
266,2022-07-04 13:00:00+05:30,1.5,1.5,1.5,1.5,0,8450
267,2022-07-04 13:01:00+05:30,1.5,1.5,1.5,1.5,0,8450
268,2022-07-04 13:02:00+05:30,1.5,1.5,1.5,1.5,0,8450
269,2022-07-04 13:03:00+05:30,1.5,1.5,1.5,1.5,0,8450
270,2022-07-04 13:04:00+05:30,1.5,1.5,1.5,1.5,0,8450
271,2022-07-04 13:05:00+05:30,1.5,1.5,1.5,1.5,0,8450
272,2022-07-04 13:06:00+05:30,1.5,1.5,1.5,1.5,0,8450
273,2022-07-04 13:07:00+05:30,1.5,1.5,1.5,1.5,0,8450
274,2022-07-04 13:08:00+05:30,1.5,1.5,1.5,1.5,0,8450
275,2022-07-04 13:09:00+05:30,1.5,1.6,1.5,1.6,1200,3550
276,2022-07-04 13:10:00+05:30,1.6,1.6,1.6,1.6,0,3550
277,2022-07-04 13:11:00+05:30,1.6,1.6,1.6,1.6,0,3550
278,2022-07-04 13:13:00+05:30,1.6,1.6,1.6,1.6,0,3550
279,2022-07-04 13:14:00+05:30,1.6,1.6,1.6,1.6,0,3550
280,2022-07-04 13:15:00+05:30,1.6,1.6,1.6,1.6,0,3550
281,2022-07-04 13:16:00+05:30,1.6,1.6,1.6,1.6,0,3550
282,2022-07-04 13:17:00+05:30,1.6,1.6,1.6,1.6,0,3550
283,2022-07-04 13:18:00+05:30,1.6,1.6,1.6,1.6,0,3550
284,2022-07-04 13:19:00+05:30,1.6,1.6,1.6,1.6,0,3550
285,2022-07-04 13:20:00+05:30,1.6,1.6,1.6,1.6,0,3550
286,2022-07-04 13:21:00+05:30,1.6,1.6,1.6,1.6,0,3550
287,2022-07-04 13:22:00+05:30,1.6,1.6,1.4,1.6,2200,4750
288,2022-07-04 13:23:00+05:30,1.6,1.6,1.6,1.6,1200,4750
289,2022-07-04 13:24:00+05:30,1.6,1.6,1.6,1.6,0,4750
290,2022-07-04 13:25:00+05:30,1.6,1.6,1.6,1.6,0,4750
291,2022-07-04 13:26:00+05:30,1.6,1.6,1.6,1.6,0,4750
292,2022-07-04 13:28:00+05:30,1.6,1.6,1.6,1.6,0,4750
293,2022-07-04 13:29:00+05:30,1.6,1.6,1.6,1.6,0,4750
294,2022-07-04 13:30:00+05:30,1.6,1.6,1.6,1.6,0,4750
295,2022-07-04 13:32:00+05:30,1.6,1.6,1.6,1.6,0,4750
296,2022-07-04 13:33:00+05:30,1.6,1.6,1.6,1.6,0,4750
297,2022-07-04 13:34:00+05:30,1.6,1.6,1.6,1.6,0,4750
298,2022-07-04 13:35:00+05:30,1.6,1.6,1.6,1.6,0,4750
299,2022-07-04 13:36:00+05:30,1.6,1.6,1.6,1.6,150,3750
300,2022-07-04 13:38:00+05:30,1.6,1.6,1.6,1.6,0,3750
301,2022-07-04 13:39:00+05:30,1.6,1.6,1.6,1.6,0,3750
302,2022-07-04 13:40:00+05:30,1.6,1.6,1.6,1.6,0,3750
303,2022-07-04 13:41:00+05:30,1.6,1.6,1.6,1.6,0,3750
304,2022-07-04 13:42:00+05:30,1.6,1.6,1.6,1.6,0,3750
305,2022-07-04 13:43:00+05:30,1.6,1.6,1.6,1.6,0,3750
306,2022-07-04 13:44:00+05:30,1.6,1.6,1.6,1.6,0,3750
307,2022-07-04 13:45:00+05:30,1.6,1.6,1.6,1.6,0,3750
308,2022-07-04 13:46:00+05:30,1.6,1.6,1.6,1.6,0,3750
309,2022-07-04 13:47:00+05:30,1.6,1.6,1.6,1.6,0,3750
310,2022-07-04 13:49:00+05:30,1.6,1.6,1.6,1.6,0,3750
311,2022-07-04 13:50:00+05:30,1.6,1.6,1.6,1.6,0,3750
312,2022-07-04 13:51:00+05:30,1.6,1.6,1.6,1.6,0,3750
313,2022-07-04 13:52:00+05:30,1.6,1.6,1.6,1.6,0,3750
314,2022-07-04 13:53:00+05:30,1.6,1.6,1.6,1.6,0,3750
315,2022-07-04 13:55:00+05:30,1.6,1.6,1.6,1.6,0,3750
316,2022-07-04 13:56:00+05:30,1.6,1.6,1.6,1.6,0,3750
317,2022-07-04 13:57:00+05:30,1.6,1.6,1.6,1.6,0,3750
318,2022-07-04 13:58:00+05:30,1.6,1.6,1.6,1.6,0,3750
319,2022-07-04 14:03:00+05:30,1.6,1.6,1.6,1.6,0,3750
320,2022-07-04 14:04:00+05:30,1.6,1.6,1.6,1.6,0,3750
321,2022-07-04 14:05:00+05:30,1.6,1.6,1.6,1.6,0,3750
322,2022-07-04 14:06:00+05:30,1.6,1.6,1.6,1.6,0,3750
323,2022-07-04 14:07:00+05:30,1.6,1.6,1.6,1.6,0,3750
324,2022-07-04 14:08:00+05:30,1.6,1.6,1.6,1.6,0,3750
325,2022-07-04 14:09:00+05:30,1.6,1.6,1.6,1.6,0,3750
326,2022-07-04 14:10:00+05:30,1.6,1.6,1.6,1.6,0,3750
327,2022-07-04 14:11:00+05:30,1.6,1.6,1.6,1.6,0,3750
328,2022-07-04 14:12:00+05:30,1.6,1.6,1.6,1.6,0,3750
329,2022-07-04 14:13:00+05:30,1.6,1.6,1.6,1.6,0,3750
330,2022-07-04 14:14:00+05:30,1.6,1.6,1.6,1.6,0,3750
331,2022-07-04 14:15:00+05:30,1.6,1.6,1.6,1.6,0,3750
332,2022-07-04 14:16:00+05:30,1.6,1.6,1.6,1.6,0,3750
333,2022-07-04 14:17:00+05:30,1.6,1.6,1.6,1.6,0,3750
334,2022-07-04 14:18:00+05:30,1.6,1.6,1.6,1.6,0,3750
335,2022-07-04 14:19:00+05:30,1.6,1.6,1.6,1.6,0,3750
336,2022-07-04 14:20:00+05:30,1.6,1.6,1.6,1.6,0,3750
337,2022-07-04 14:21:00+05:30,1.6,1.6,1.6,1.6,0,3750
338,2022-07-04 14:22:00+05:30,1.6,1.6,1.6,1.6,0,3750
339,2022-07-04 14:23:00+05:30,1.6,1.6,1.6,1.6,0,3750
340,2022-07-04 14:24:00+05:30,1.6,1.6,1.6,1.6,0,3750
341,2022-07-04 14:25:00+05:30,1.6,1.6,1.6,1.6,0,3750
342,2022-07-04 14:26:00+05:30,1.6,1.6,1.6,1.6,0,3750
343,2022-07-04 14:27:00+05:30,1.6,1.6,1.6,1.6,0,3750
344,2022-07-04 14:28:00+05:30,1.6,1.6,1.6,1.6,0,3750
345,2022-07-04 14:29:00+05:30,1.6,1.6,1.6,1.6,0,3750
346,2022-07-04 14:30:00+05:30,1.6,1.6,1.6,1.6,0,3750
347,2022-07-04 14:31:00+05:30,1.6,1.6,1.6,1.6,0,3750
348,2022-07-04 14:49:00+05:30,1.6,1.6,1.6,1.6,0,3750
349,2022-07-04 15:07:00+05:30,1.6,1.6,1.6,1.6,0,3750
350,2022-07-04 15:09:00+05:30,1.6,1.6,1.6,1.6,0,3750
351,2022-07-04 15:11:00+05:30,1.6,1.6,1.6,1.6,0,3750
352,2022-07-04 15:12:00+05:30,1.6,1.6,1.6,1.6,0,3750
353,2022-07-04 15:15:00+05:30,1.6,1.6,1.6,1.6,0,3750
354,2022-07-04 15:16:00+05:30,1.6,1.6,1.6,1.6,0,3750
355,2022-07-04 15:17:00+05:30,1.6,1.6,1.6,1.6,0,3750
356,2022-07-04 15:18:00+05:30,1.6,1.6,1.6,1.6,0,3750
357,2022-07-04 15:19:00+05:30,1.6,1.6,1.6,1.6,0,3750
358,2022-07-04 15:20:00+05:30,1.6,1.6,1.6,1.6,0,3750
359,2022-07-04 15:25:00+05:30,1.55,1.55,1.55,1.55,1000,3900
360,2022-07-04 15:26:00+05:30,1.55,1.55,1.55,1.55,0,3900
361,2022-07-04 15:27:00+05:30,1.4,1.4,1.35,1.35,1300,3750
362,2022-07-04 15:28:00+05:30,1.35,1.35,1.35,1.35,0,3750
363,2022-07-04 15:29:00+05:30,1.35,1.35,1.35,1.35,100,3750
364,2022-07-05 09:57:00+05:30,1.5,1.5,1.5,1.5,0,3600
365,2022-07-05 09:58:00+05:30,1.5,1.5,1.5,1.5,0,3600
366,2022-07-05 09:59:00+05:30,1.5,1.5,1.5,1.5,0,3600
367,2022-07-05 10:00:00+05:30,1.5,1.5,1.5,1.5,0,3600
368,2022-07-05 10:01:00+05:30,1.5,1.5,1.5,1.5,0,3600
369,2022-07-05 10:02:00+05:30,1.5,1.5,1.5,1.5,0,3600
370,2022-07-05 10:03:00+05:30,1.5,1.5,1.5,1.5,0,3600
371,2022-07-05 10:04:00+05:30,1.5,1.5,1.5,1.5,0,3600
372,2022-07-05 10:05:00+05:30,1.5,1.5,1.5,1.5,0,3600
373,2022-07-05 10:06:00+05:30,1.5,1.5,1.5,1.5,0,3600
374,2022-07-05 10:07:00+05:30,1.5,1.5,1.5,1.5,0,3600
375,2022-07-05 10:08:00+05:30,1.5,1.5,1.5,1.5,0,3600
376,2022-07-05 10:09:00+05:30,1.5,1.5,1.5,1.5,0,3600
377,2022-07-05 10:10:00+05:30,1.5,1.5,1.5,1.5,0,3600
378,2022-07-05 10:11:00+05:30,1.5,1.5,1.5,1.5,0,3600
379,2022-07-05 10:12:00+05:30,1.5,1.5,1.5,1.5,0,3600
380,2022-07-05 10:13:00+05:30,1.5,1.5,1.5,1.5,0,3600
381,2022-07-05 10:14:00+05:30,1.5,1.5,1.5,1.5,0,3600
382,2022-07-05 10:15:00+05:30,1.5,1.5,1.5,1.5,0,3600
383,2022-07-05 10:16:00+05:30,1.5,1.5,1.5,1.5,0,3600
384,2022-07-05 10:17:00+05:30,1.5,1.5,1.5,1.5,0,3600
385,2022-07-05 10:18:00+05:30,1.5,1.5,1.5,1.5,0,3600
386,2022-07-05 10:19:00+05:30,1.5,1.5,1.5,1.5,0,3600
387,2022-07-05 10:20:00+05:30,1.5,2.2,1.5,2.2,50,3600
388,2022-07-05 10:21:00+05:30,2.2,2.2,2.2,2.2,0,3600
389,2022-07-05 10:22:00+05:30,2.2,2.2,2.2,2.2,0,3600
390,2022-07-05 10:23:00+05:30,2.2,2.2,2.2,2.2,0,3600
391,2022-07-05 10:24:00+05:30,2.2,2.2,2.2,2.2,0,3600
392,2022-07-05 10:25:00+05:30,2.2,2.2,2.2,2.2,0,3600
393,2022-07-05 10:26:00+05:30,2.2,2.2,2.2,2.2,0,3600
394,2022-07-05 10:27:00+05:30,2.2,2.2,2.2,2.2,0,3600
395,2022-07-05 10:28:00+05:30,2.2,2.2,2.2,2.2,0,3600
396,2022-07-05 10:29:00+05:30,2.2,2.2,2.2,2.2,0,3600
397,2022-07-05 10:30:00+05:30,2.2,2.2,2.2,2.2,0,3600
398,2022-07-05 10:31:00+05:30,2.2,2.2,2.2,2.2,0,3600
399,2022-07-05 10:32:00+05:30,2.2,2.2,2.2,2.2,0,3600
400,2022-07-05 10:33:00+05:30,2.2,2.2,2.2,2.2,0,3600
401,2022-07-05 10:35:00+05:30,2.2,2.2,2.2,2.2,0,3600
402,2022-07-05 10:37:00+05:30,2.2,2.2,2.2,2.2,0,3600
403,2022-07-05 10:38:00+05:30,2.2,2.2,2.2,2.2,0,3600
404,2022-07-05 10:39:00+05:30,2.2,2.2,2.2,2.2,0,3600
405,2022-07-05 10:41:00+05:30,2.2,2.2,2.2,2.2,0,3600
406,2022-07-05 10:45:00+05:30,2.2,2.2,2.2,2.2,0,3600
407,2022-07-05 10:46:00+05:30,2.2,2.2,2.2,2.2,0,3600
408,2022-07-05 10:47:00+05:30,2.2,2.2,2.2,2.2,0,3600
409,2022-07-05 10:48:00+05:30,2.2,2.2,2.2,2.2,0,3600
410,2022-07-05 10:49:00+05:30,2.2,2.2,2.2,2.2,0,3600
411,2022-07-05 10:50:00+05:30,2.2,2.2,2.2,2.2,0,3600
412,2022-07-05 10:51:00+05:30,2.2,2.2,2.2,2.2,0,3600
413,2022-07-05 10:52:00+05:30,2.2,2.2,2.2,2.2,0,3600
414,2022-07-05 10:53:00+05:30,2.2,2.2,2.2,2.2,0,3600
415,2022-07-05 10:54:00+05:30,2.2,2.2,2.2,2.2,0,3600
416,2022-07-05 10:58:00+05:30,2.2,2.2,2.2,2.2,0,3600
417,2022-07-05 10:59:00+05:30,2.2,2.2,2.2,2.2,0,3600
418,2022-07-05 11:03:00+05:30,2.2,2.2,2.2,2.2,0,3600
419,2022-07-05 11:04:00+05:30,2.2,2.2,2.2,2.2,0,3600
420,2022-07-05 11:05:00+05:30,2.2,2.2,2.2,2.2,0,3600
421,2022-07-05 11:06:00+05:30,2.2,2.2,2.2,2.2,0,3600
422,2022-07-05 11:09:00+05:30,2.2,2.2,2.2,2.2,0,3600
423,2022-07-05 11:10:00+05:30,2.2,2.2,2.2,2.2,0,3600
424,2022-07-05 11:13:00+05:30,2.2,2.2,2.2,2.2,0,3600
425,2022-07-05 11:14:00+05:30,2.2,2.2,2.2,2.2,0,3600
426,2022-07-05 11:19:00+05:30,2.2,2.2,2.2,2.2,0,3600
427,2022-07-05 11:21:00+05:30,2.2,2.2,2.2,2.2,0,3600
428,2022-07-05 11:23:00+05:30,2.2,2.2,1.8,1.8,100,3650
429,2022-07-05 11:24:00+05:30,1.8,1.8,1.8,1.8,0,3650
430,2022-07-05 11:25:00+05:30,1.8,1.8,1.8,1.8,0,3650
431,2022-07-05 11:26:00+05:30,1.8,1.8,1.8,1.8,0,3650
432,2022-07-05 11:27:00+05:30,1.8,1.8,1.8,1.8,0,3650
433,2022-07-05 11:28:00+05:30,1.8,1.8,1.8,1.8,0,3650
434,2022-07-05 11:29:00+05:30,1.8,1.8,1.8,1.8,0,3650
435,2022-07-05 11:30:00+05:30,1.8,1.8,1.8,1.8,0,3650
436,2022-07-05 11:32:00+05:30,1.8,1.8,1.8,1.8,0,3650
437,2022-07-05 11:33:00+05:30,1.8,1.8,1.8,1.8,0,3650
438,2022-07-05 11:34:00+05:30,1.8,1.8,1.8,1.8,0,3650
439,2022-07-05 11:35:00+05:30,1.8,1.8,1.8,1.8,0,3650
440,2022-07-05 11:36:00+05:30,1.8,1.8,1.8,1.8,0,3650
441,2022-07-05 11:37:00+05:30,1.8,1.8,1.8,1.8,0,3650
442,2022-07-05 11:38:00+05:30,1.8,1.8,1.8,1.8,0,3650
443,2022-07-05 11:39:00+05:30,1.8,1.8,1.8,1.8,0,3650
444,2022-07-05 11:40:00+05:30,1.8,1.8,1.8,1.8,0,3650
445,2022-07-05 11:41:00+05:30,1.8,1.8,1.8,1.8,0,3650
446,2022-07-05 11:45:00+05:30,1.8,1.8,1.8,1.8,0,3650
447,2022-07-05 11:46:00+05:30,1.8,1.8,1.8,1.8,0,3650
448,2022-07-05 11:47:00+05:30,1.8,1.8,1.8,1.8,0,3650
449,2022-07-05 11:49:00+05:30,1.8,1.8,1.8,1.8,0,3650
450,2022-07-05 11:50:00+05:30,1.8,1.8,1.8,1.8,0,3650
451,2022-07-05 11:51:00+05:30,1.8,1.8,1.8,1.8,0,3650
452,2022-07-05 11:54:00+05:30,1.8,1.8,1.8,1.8,0,3650
453,2022-07-05 11:56:00+05:30,1.8,1.8,1.8,1.8,0,3650
454,2022-07-05 11:57:00+05:30,1.8,1.8,1.8,1.8,0,3650
455,2022-07-05 11:58:00+05:30,1.8,1.8,1.8,1.8,0,3650
456,2022-07-05 11:59:00+05:30,1.8,1.8,1.8,1.8,0,3650
457,2022-07-05 12:00:00+05:30,1.8,1.8,1.8,1.8,0,3650
458,2022-07-05 12:01:00+05:30,1.8,1.8,1.8,1.8,0,3650
459,2022-07-05 12:02:00+05:30,1.8,1.8,1.8,1.8,0,3650
460,2022-07-05 12:03:00+05:30,1.8,1.8,1.8,1.8,0,3650
461,2022-07-05 12:04:00+05:30,1.8,1.8,1.8,1.8,0,3650
462,2022-07-05 12:05:00+05:30,1.8,1.8,1.8,1.8,0,3650
463,2022-07-05 12:07:00+05:30,1.8,1.8,1.8,1.8,0,3650
464,2022-07-05 12:11:00+05:30,1.8,1.8,1.8,1.8,0,3650
465,2022-07-05 12:16:00+05:30,1.8,1.8,1.8,1.8,0,3650
466,2022-07-05 12:20:00+05:30,1.8,1.8,1.8,1.8,0,3650
467,2022-07-05 12:21:00+05:30,1.8,1.8,1.8,1.8,0,3650
468,2022-07-05 12:22:00+05:30,1.8,1.8,1.8,1.8,0,3650
469,2022-07-05 12:23:00+05:30,1.8,1.8,1.8,1.8,0,3650
470,2022-07-05 12:25:00+05:30,1.8,1.8,1.8,1.8,0,3650
471,2022-07-05 12:26:00+05:30,1.8,1.8,1.8,1.8,0,3650
472,2022-07-05 12:27:00+05:30,1.8,1.8,1.8,1.8,0,3650
473,2022-07-05 12:28:00+05:30,1.8,1.8,1.8,1.8,0,3650
474,2022-07-05 12:40:00+05:30,1.8,1.8,1.8,1.8,0,3650
475,2022-07-05 12:45:00+05:30,1.8,1.8,1.8,1.8,0,3650
476,2022-07-05 12:48:00+05:30,1.8,1.8,1.8,1.8,0,3650
477,2022-07-05 13:10:00+05:30,1.8,1.8,1.8,1.8,0,3650
478,2022-07-05 13:11:00+05:30,1.8,1.8,1.8,1.8,0,3650
479,2022-07-05 13:16:00+05:30,1.8,1.8,1.8,1.8,0,3650
480,2022-07-05 13:18:00+05:30,1.8,1.8,1.8,1.8,0,3650
481,2022-07-05 13:31:00+05:30,1.8,1.8,1.8,1.8,0,3650
482,2022-07-05 13:32:00+05:30,1.8,1.8,1.8,1.8,0,3650
483,2022-07-05 13:34:00+05:30,1.8,1.8,1.8,1.8,0,3650
484,2022-07-05 13:54:00+05:30,1.8,1.8,1.8,1.8,0,3650
485,2022-07-05 13:59:00+05:30,1.8,1.8,1.8,1.8,0,3650
486,2022-07-05 14:02:00+05:30,1.55,1.55,1.55,1.55,500,3750
487,2022-07-05 14:03:00+05:30,1.55,1.55,1.55,1.55,0,3750
488,2022-07-05 14:04:00+05:30,1.55,1.55,1.55,1.55,0,3750
489,2022-07-05 14:05:00+05:30,1.55,1.55,1.55,1.55,0,3750
490,2022-07-05 14:06:00+05:30,1.55,1.55,1.55,1.55,0,3750
491,2022-07-05 14:08:00+05:30,1.55,1.55,1.55,1.55,0,3750
492,2022-07-05 14:09:00+05:30,1.55,1.55,1.55,1.55,0,3750
493,2022-07-05 14:10:00+05:30,1.55,1.55,1.55,1.55,0,3750
494,2022-07-05 14:11:00+05:30,1.55,1.55,1.55,1.55,0,3750
495,2022-07-05 14:12:00+05:30,1.55,1.55,1.55,1.55,0,3750
496,2022-07-05 14:13:00+05:30,1.55,1.55,1.55,1.55,0,3750
497,2022-07-05 14:14:00+05:30,1.55,1.55,1.55,1.55,0,3750
498,2022-07-05 14:15:00+05:30,1.55,1.55,1.55,1.55,0,3750
499,2022-07-05 14:16:00+05:30,1.55,1.55,1.55,1.55,0,3750
500,2022-07-05 14:17:00+05:30,1.55,1.55,1.55,1.55,0,3750
501,2022-07-05 14:18:00+05:30,1.55,1.55,1.55,1.55,0,3750
502,2022-07-05 14:19:00+05:30,1.55,1.55,1.55,1.55,0,3750
503,2022-07-05 14:20:00+05:30,1.55,1.55,1.55,1.55,0,3750
504,2022-07-05 14:21:00+05:30,1.55,1.55,1.55,1.55,0,3750
505,2022-07-05 14:23:00+05:30,1.55,1.55,1.55,1.55,0,3750
506,2022-07-05 14:24:00+05:30,1.55,1.55,1.55,1.55,0,3750
507,2022-07-05 14:25:00+05:30,1.55,1.55,1.55,1.55,0,3750
508,2022-07-05 14:26:00+05:30,1.55,1.55,1.55,1.55,0,3750
509,2022-07-05 14:27:00+05:30,1.55,1.55,1.55,1.55,0,3750
510,2022-07-05 14:28:00+05:30,1.55,1.55,1.55,1.55,0,3750
511,2022-07-05 14:29:00+05:30,1.55,1.55,1.55,1.55,0,3750
512,2022-07-05 14:31:00+05:30,1.55,1.55,1.55,1.55,0,3750
513,2022-07-05 14:32:00+05:30,1.55,1.55,1.55,1.55,0,3750
514,2022-07-05 14:33:00+05:30,1.55,1.55,1.55,1.55,0,3750
515,2022-07-05 14:34:00+05:30,1.55,1.55,1.55,1.55,0,3750
516,2022-07-05 14:35:00+05:30,1.55,1.55,1.55,1.55,0,3750
517,2022-07-05 14:37:00+05:30,1.55,1.55,1.55,1.55,0,3750
518,2022-07-05 14:38:00+05:30,1.55,1.55,1.55,1.55,0,3750
519,2022-07-05 14:40:00+05:30,1.55,1.55,1.55,1.55,0,3750
520,2022-07-05 14:41:00+05:30,1.55,1.55,1.55,1.55,0,3750
521,2022-07-05 14:42:00+05:30,1.55,1.55,1.55,1.55,0,3750
522,2022-07-05 14:43:00+05:30,1.55,1.55,1.55,1.55,0,3750
523,2022-07-05 14:44:00+05:30,1.55,1.55,1.55,1.55,0,3750
524,2022-07-05 14:46:00+05:30,1.55,1.55,1.55,1.55,0,3750
525,2022-07-05 14:49:00+05:30,1.55,1.55,1.55,1.55,0,3750
526,2022-07-05 14:50:00+05:30,1.55,1.55,1.55,1.55,0,3750
527,2022-07-05 14:52:00+05:30,1.55,1.55,1.55,1.55,0,3750
528,2022-07-05 14:56:00+05:30,1.55,1.55,1.55,1.55,0,3750
529,2022-07-05 15:01:00+05:30,1.55,1.55,1.55,1.55,0,3750
530,2022-07-05 15:04:00+05:30,1.55,1.55,1.55,1.55,0,3750
531,2022-07-05 15:05:00+05:30,1.55,1.55,1.55,1.55,0,3750
532,2022-07-05 15:06:00+05:30,1.55,1.55,1.55,1.55,0,3750
533,2022-07-05 15:07:00+05:30,1.55,1.55,1.55,1.55,0,3750
534,2022-07-05 15:08:00+05:30,1.55,1.55,1.55,1.55,0,3750
535,2022-07-05 15:09:00+05:30,1.55,1.55,1.55,1.55,0,3750
536,2022-07-05 15:10:00+05:30,1.55,1.55,1.55,1.55,0,3750
537,2022-07-05 15:11:00+05:30,1.55,1.55,1.55,1.55,0,3750
538,2022-07-05 15:15:00+05:30,1.55,1.55,1.55,1.55,0,3750
539,2022-07-05 15:18:00+05:30,1.55,1.55,1.55,1.55,0,3750
540,2022-07-05 15:19:00+05:30,1.55,1.55,1.55,1.55,0,3750
541,2022-07-05 15:20:00+05:30,1.55,1.55,1.55,1.55,0,3750
542,2022-07-05 15:22:00+05:30,1.55,1.55,1.55,1.55,0,3750
543,2022-07-05 15:23:00+05:30,1.55,1.55,1.55,1.55,0,3750
544,2022-07-05 15:24:00+05:30,1.55,1.55,1.45,1.45,150,4250
545,2022-07-05 15:25:00+05:30,1.45,1.45,1.45,1.45,0,4250
546,2022-07-05 15:26:00+05:30,1.45,1.45,1.45,1.45,0,4250
547,2022-07-05 15:27:00+05:30,1.45,1.45,1.45,1.45,0,4250
548,2022-07-05 15:28:00+05:30,1.45,1.45,1.45,1.45,0,4250
549,2022-07-05 15:29:00+05:30,1.45,1.45,1.25,1.25,100,4400
550,2022-07-06 11:00:00+05:30,1.25,1.25,1.25,1.25,0,4500
551,2022-07-06 11:01:00+05:30,1.25,1.25,1.25,1.25,0,4500
552,2022-07-06 11:02:00+05:30,1.25,1.25,1.25,1.25,0,4500
553,2022-07-06 11:03:00+05:30,1.25,1.25,1.25,1.25,0,4500
554,2022-07-06 11:04:00+05:30,1.25,1.25,1.25,1.25,0,4500
555,2022-07-06 11:05:00+05:30,1.25,1.25,1.25,1.25,0,4500
556,2022-07-06 11:09:00+05:30,1.25,1.25,1.25,1.25,0,4500
557,2022-07-06 11:10:00+05:30,1.25,1.25,1.25,1.25,0,4500
558,2022-07-06 11:14:00+05:30,1.25,1.25,1.25,1.25,0,4500
559,2022-07-06 11:18:00+05:30,1.25,1.25,1.25,1.25,0,4500
560,2022-07-06 11:19:00+05:30,1.25,1.25,1.25,1.25,0,4500
561,2022-07-06 11:21:00+05:30,1.25,1.25,1.25,1.25,0,4500
562,2022-07-06 11:24:00+05:30,1.25,1.25,1.25,1.25,0,4500
563,2022-07-06 11:25:00+05:30,1.25,1.25,1.25,1.25,0,4500
564,2022-07-06 11:29:00+05:30,1.25,1.25,1.25,1.25,0,4500
565,2022-07-06 11:30:00+05:30,1.25,1.25,1.25,1.25,0,4500
566,2022-07-06 11:32:00+05:30,1.25,1.25,1.25,1.25,0,4500
567,2022-07-06 11:34:00+05:30,1.25,1.25,1.25,1.25,0,4500
568,2022-07-06 11:37:00+05:30,1.25,1.25,1.25,1.25,0,4500
569,2022-07-06 11:38:00+05:30,1.25,1.25,1.25,1.25,0,4500
570,2022-07-06 11:39:00+05:30,1.25,1.25,1.25,1.25,0,4500
571,2022-07-06 11:41:00+05:30,1.25,1.25,1.25,1.25,0,4500
572,2022-07-06 11:42:00+05:30,1.25,1.25,1.25,1.25,0,4500
573,2022-07-06 11:47:00+05:30,1.25,1.25,1.25,1.25,0,4500
574,2022-07-06 11:48:00+05:30,1.25,1.25,1.25,1.25,0,4500
575,2022-07-06 11:49:00+05:30,1.25,1.25,1.25,1.25,0,4500
576,2022-07-06 11:55:00+05:30,1.25,1.25,1.25,1.25,0,4500
577,2022-07-06 11:56:00+05:30,1.25,1.25,1.25,1.25,0,4500
578,2022-07-06 11:58:00+05:30,1.25,1.25,1.25,1.25,0,4500
579,2022-07-06 12:01:00+05:30,1.25,1.25,1.25,1.25,0,4500
580,2022-07-06 12:04:00+05:30,1.25,1.25,1.25,1.25,0,4500
581,2022-07-06 12:06:00+05:30,1.25,1.25,1.25,1.25,0,4500
582,2022-07-06 12:07:00+05:30,1.25,1.25,1.25,1.25,0,4500
583,2022-07-06 12:22:00+05:30,1.25,1.25,1.25,1.25,0,4500
584,2022-07-06 12:24:00+05:30,1.25,1.25,1.25,1.25,0,4500
585,2022-07-06 12:26:00+05:30,1.25,1.25,1.25,1.25,0,4500
586,2022-07-06 12:28:00+05:30,1.25,1.25,1.25,1.25,0,4500
587,2022-07-06 12:29:00+05:30,1.25,1.25,1.25,1.25,0,4500
588,2022-07-06 12:32:00+05:30,1.25,1.25,1.25,1.25,0,4500
589,2022-07-06 12:33:00+05:30,1.25,1.25,1.25,1.25,0,4500
590,2022-07-06 12:34:00+05:30,1.25,1.25,1.25,1.25,0,4500
591,2022-07-06 12:35:00+05:30,1.25,1.25,1.25,1.25,0,4500
592,2022-07-06 12:37:00+05:30,1.25,1.25,1.25,1.25,0,4500
593,2022-07-06 12:43:00+05:30,1.25,1.25,1.25,1.25,0,4500
594,2022-07-06 12:44:00+05:30,1.25,1.25,1.25,1.25,0,4500
595,2022-07-06 12:51:00+05:30,1.25,1.25,1.25,1.25,0,4500
596,2022-07-06 12:55:00+05:30,1.25,1.25,1.25,1.25,0,4500
597,2022-07-06 12:58:00+05:30,1.25,1.25,1.25,1.25,0,4500
598,2022-07-06 12:59:00+05:30,1.25,1.25,1.25,1.25,0,4500
599,2022-07-06 13:00:00+05:30,1.25,1.25,1.25,1.25,0,4500
600,2022-07-06 13:01:00+05:30,1.25,1.25,1.25,1.25,0,4500
601,2022-07-06 13:03:00+05:30,1.25,1.25,1.25,1.25,0,4500
602,2022-07-06 13:04:00+05:30,1.25,1.25,1.25,1.25,0,4500
603,2022-07-06 13:05:00+05:30,1.25,1.25,1.25,1.25,0,4500
604,2022-07-06 13:06:00+05:30,1.25,1.25,1.25,1.25,0,4500
605,2022-07-06 13:07:00+05:30,1.25,1.25,1.25,1.25,0,4500
606,2022-07-06 13:09:00+05:30,1.25,1.25,1.25,1.25,0,4500
607,2022-07-06 13:10:00+05:30,1.25,1.25,1.25,1.25,0,4500
608,2022-07-06 13:18:00+05:30,1.25,1.25,1.25,1.25,0,4500
609,2022-07-06 13:19:00+05:30,1.25,1.25,1.25,1.25,0,4500
610,2022-07-06 13:20:00+05:30,1.25,1.25,1.25,1.25,0,4500
611,2022-07-06 13:21:00+05:30,1.25,1.25,1.25,1.25,0,4500
612,2022-07-06 13:22:00+05:30,1.25,1.25,1.25,1.25,0,4500
613,2022-07-06 13:27:00+05:30,1.25,1.25,1.25,1.25,0,4500
614,2022-07-06 13:31:00+05:30,1.25,1.25,1.25,1.25,0,4500
615,2022-07-06 13:32:00+05:30,1.25,1.25,1.25,1.25,0,4500
616,2022-07-06 13:33:00+05:30,1.25,1.25,1.25,1.25,0,4500
617,2022-07-06 13:34:00+05:30,1.25,1.25,1.25,1.25,0,4500
618,2022-07-06 13:41:00+05:30,1.25,1.25,1.25,1.25,0,4500
619,2022-07-06 13:47:00+05:30,1.25,1.25,1.25,1.25,0,4500
620,2022-07-06 13:48:00+05:30,1.25,1.25,1.25,1.25,0,4500
621,2022-07-06 13:49:00+05:30,1.25,1.25,1.25,1.25,0,4500
622,2022-07-06 13:50:00+05:30,1.25,1.25,1.25,1.25,0,4500
623,2022-07-06 13:54:00+05:30,1.25,1.25,1.25,1.25,0,4500
624,2022-07-06 13:56:00+05:30,1.25,1.25,1.25,1.25,0,4500
625,2022-07-06 13:58:00+05:30,1.25,1.25,1.25,1.25,0,4500
626,2022-07-06 13:59:00+05:30,1.25,1.25,1.25,1.25,0,4500
627,2022-07-06 14:00:00+05:30,1.25,1.25,1.25,1.25,0,4500
628,2022-07-06 14:02:00+05:30,1.25,1.25,1.25,1.25,0,4500
629,2022-07-06 14:03:00+05:30,1.25,1.25,1.25,1.25,0,4500
630,2022-07-06 14:04:00+05:30,1.25,1.25,1.25,1.25,0,4500
631,2022-07-06 14:05:00+05:30,1.25,1.25,1.25,1.25,0,4500
632,2022-07-06 14:07:00+05:30,1.25,1.25,1.25,1.25,0,4500
633,2022-07-06 14:09:00+05:30,1.25,1.25,1.25,1.25,0,4500
634,2022-07-06 14:13:00+05:30,1.25,1.25,1.25,1.25,0,4500
635,2022-07-06 14:14:00+05:30,1.25,1.25,1.1,1.1,50,4500
636,2022-07-06 14:15:00+05:30,1.1,1.1,1.1,1.1,0,4500
637,2022-07-06 14:16:00+05:30,1.1,1.1,1.1,1.1,0,4500
638,2022-07-06 14:17:00+05:30,1.1,1.1,1.1,1.1,0,4500
639,2022-07-06 14:18:00+05:30,1.1,1.1,1.1,1.1,0,4500
640,2022-07-06 14:19:00+05:30,1.1,1.1,1.1,1.1,0,4500
641,2022-07-06 14:20:00+05:30,1.1,1.1,1.1,1.1,0,4500
642,2022-07-06 14:21:00+05:30,1.1,1.1,1.1,1.1,0,4500
643,2022-07-06 14:22:00+05:30,1.1,1.1,1.1,1.1,0,4500
644,2022-07-06 14:23:00+05:30,1.1,1.1,1.1,1.1,0,4500
645,2022-07-06 14:24:00+05:30,1.1,1.1,1.1,1.1,0,4500
646,2022-07-06 14:25:00+05:30,1.1,1.1,1.1,1.1,0,4500
647,2022-07-06 14:26:00+05:30,1.1,1.1,1.1,1.1,0,4500
648,2022-07-06 14:27:00+05:30,1.1,1.1,1.1,1.1,0,4500
649,2022-07-06 14:28:00+05:30,1.1,1.1,1.1,1.1,0,4500
650,2022-07-06 14:29:00+05:30,1.1,1.1,1.1,1.1,0,4500
651,2022-07-06 14:30:00+05:30,1.1,1.1,1.1,1.1,0,4500
652,2022-07-06 14:31:00+05:30,1.1,1.1,1.1,1.1,200,4500
653,2022-07-06 14:32:00+05:30,1.1,1.1,1.1,1.1,0,4500
654,2022-07-06 14:33:00+05:30,1.1,1.1,1.1,1.1,0,4500
655,2022-07-06 14:34:00+05:30,1.1,1.1,1.1,1.1,0,4500
656,2022-07-06 14:35:00+05:30,1.1,1.1,1.1,1.1,0,4500
657,2022-07-06 14:36:00+05:30,1.1,1.1,1.1,1.1,0,4500
658,2022-07-06 14:37:00+05:30,1.1,1.1,1.1,1.1,0,4500
659,2022-07-06 14:38:00+05:30,1.1,1.1,1.1,1.1,0,4500
660,2022-07-06 14:39:00+05:30,1.1,1.1,1.1,1.1,0,4500
661,2022-07-06 14:40:00+05:30,1.1,1.1,1.1,1.1,0,4500
662,2022-07-06 14:41:00+05:30,1.1,1.1,1.1,1.1,0,4500
663,2022-07-06 14:42:00+05:30,1.1,1.1,1.1,1.1,0,4500
664,2022-07-06 14:43:00+05:30,1.1,1.1,1.1,1.1,0,4500
665,2022-07-06 14:44:00+05:30,1.1,1.1,1.1,1.1,0,4500
666,2022-07-06 14:45:00+05:30,1.1,1.1,1.1,1.1,0,4500
667,2022-07-06 14:46:00+05:30,1.1,1.1,1.1,1.1,0,4500
668,2022-07-06 14:47:00+05:30,1.1,1.1,1.1,1.1,0,4500
669,2022-07-06 14:48:00+05:30,1.1,1.1,1.1,1.1,0,4500
670,2022-07-06 14:49:00+05:30,1.1,1.1,1.1,1.1,0,4500
671,2022-07-06 14:50:00+05:30,1.1,1.1,1.1,1.1,0,4500
672,2022-07-06 14:51:00+05:30,1.1,1.1,1.1,1.1,0,4500
673,2022-07-06 14:52:00+05:30,1.1,1.1,1.1,1.1,0,4500
674,2022-07-06 14:53:00+05:30,1.1,1.1,1.1,1.1,0,4500
675,2022-07-06 14:54:00+05:30,1.1,1.1,1.1,1.1,0,4500
676,2022-07-06 14:55:00+05:30,1.1,1.1,1.1,1.1,0,4500
677,2022-07-06 14:56:00+05:30,1.1,1.1,1.1,1.1,0,4500
678,2022-07-06 14:57:00+05:30,1.1,1.1,1.1,1.1,0,4500
679,2022-07-06 14:58:00+05:30,1.1,1.1,1.1,1.1,0,4500
680,2022-07-06 14:59:00+05:30,1.1,1.1,1.1,1.1,0,4500
681,2022-07-06 15:00:00+05:30,1.1,1.1,1.1,1.1,0,4500
682,2022-07-06 15:01:00+05:30,1.1,1.1,1.1,1.1,0,4500
683,2022-07-06 15:02:00+05:30,1.1,1.1,1.1,1.1,0,4500
684,2022-07-06 15:03:00+05:30,1.1,1.1,1.1,1.1,0,4500
685,2022-07-06 15:04:00+05:30,1.1,1.1,1.1,1.1,0,4500
686,2022-07-06 15:05:00+05:30,1.1,1.1,1.1,1.1,0,4500
687,2022-07-06 15:06:00+05:30,1.1,1.1,1.1,1.1,0,4500
688,2022-07-06 15:07:00+05:30,1.1,1.1,1.1,1.1,0,4500
689,2022-07-06 15:08:00+05:30,1.1,1.1,1.1,1.1,0,4500
690,2022-07-06 15:09:00+05:30,1.1,1.1,1.1,1.1,0,4500
691,2022-07-06 15:10:00+05:30,1.1,1.1,1.1,1.1,0,4500
692,2022-07-06 15:11:00+05:30,1.1,1.1,1.1,1.1,0,4500
693,2022-07-06 15:12:00+05:30,1.1,1.1,1.1,1.1,0,4500
694,2022-07-06 15:13:00+05:30,1.1,1.1,1.1,1.1,0,4500
695,2022-07-06 15:14:00+05:30,1.1,1.1,1.1,1.1,0,4500
696,2022-07-06 15:15:00+05:30,1.1,1.1,1.1,1.1,0,4500
697,2022-07-06 15:16:00+05:30,1.1,1.1,1.1,1.1,0,4500
698,2022-07-06 15:17:00+05:30,1.1,1.1,1.1,1.1,0,4500
699,2022-07-06 15:18:00+05:30,1.1,1.1,1.1,1.1,0,4500
700,2022-07-06 15:20:00+05:30,1.1,1.1,1.1,1.1,0,4500
701,2022-07-06 15:22:00+05:30,0.9,0.9,0.9,0.9,2000,4500
702,2022-07-06 15:23:00+05:30,0.9,0.9,0.9,0.9,0,4500
703,2022-07-06 15:24:00+05:30,0.9,0.9,0.9,0.9,0,4500
704,2022-07-06 15:25:00+05:30,0.9,0.9,0.9,0.9,0,4500
705,2022-07-06 15:26:00+05:30,0.9,0.9,0.9,0.9,0,4500
706,2022-07-06 15:27:00+05:30,0.9,0.9,0.9,0.9,0,4500
707,2022-07-06 15:28:00+05:30,0.9,0.9,0.9,0.9,0,4500
708,2022-07-06 15:29:00+05:30,0.9,0.9,0.9,0.9,0,4500
709,2022-07-07 09:38:00+05:30,0.7,0.95,0.7,0.95,100,4950
710,2022-07-07 09:39:00+05:30,0.95,0.95,0.95,0.95,0,4950
711,2022-07-07 09:40:00+05:30,0.95,0.95,0.85,0.85,550,4950
712,2022-07-07 09:41:00+05:30,0.85,0.85,0.85,0.85,0,4950
713,2022-07-07 09:42:00+05:30,0.85,0.85,0.85,0.85,0,4950
714,2022-07-07 09:43:00+05:30,0.85,0.85,0.85,0.85,0,4950
715,2022-07-07 09:44:00+05:30,0.85,0.85,0.85,0.85,0,4950
716,2022-07-07 09:45:00+05:30,0.85,0.85,0.85,0.85,0,4950
717,2022-07-07 09:46:00+05:30,0.85,0.85,0.85,0.85,0,4950
718,2022-07-07 09:47:00+05:30,0.85,0.85,0.85,0.85,0,4950
719,2022-07-07 09:48:00+05:30,0.85,0.95,0.85,0.95,1000,4350
720,2022-07-07 09:49:00+05:30,0.95,0.95,0.95,0.95,0,4350
721,2022-07-07 09:50:00+05:30,0.95,0.95,0.85,0.85,550,4350
722,2022-07-07 09:51:00+05:30,0.85,0.85,0.85,0.85,0,4350
723,2022-07-07 09:52:00+05:30,0.85,0.85,0.85,0.85,0,4350
724,2022-07-07 09:53:00+05:30,0.85,0.85,0.85,0.85,0,4350
725,2022-07-07 09:54:00+05:30,0.85,0.85,0.85,0.85,0,4350
726,2022-07-07 09:55:00+05:30,0.85,0.85,0.85,0.85,0,4350
727,2022-07-07 09:56:00+05:30,0.85,0.85,0.85,0.85,0,4350
728,2022-07-07 09:57:00+05:30,0.85,0.85,0.85,0.85,0,4350
729,2022-07-07 09:58:00+05:30,0.85,0.85,0.85,0.85,0,4350
730,2022-07-07 09:59:00+05:30,0.85,0.85,0.85,0.85,0,4350
731,2022-07-07 10:00:00+05:30,0.85,0.85,0.85,0.85,0,4350
732,2022-07-07 10:01:00+05:30,0.85,0.85,0.85,0.85,0,4350
733,2022-07-07 10:02:00+05:30,0.85,0.85,0.85,0.85,0,4350
734,2022-07-07 10:03:00+05:30,0.85,0.85,0.85,0.85,0,4350
735,2022-07-07 10:04:00+05:30,0.85,0.85,0.85,0.85,0,4350
736,2022-07-07 10:05:00+05:30,0.85,0.85,0.85,0.85,0,4350
737,2022-07-07 10:06:00+05:30,0.85,0.85,0.85,0.85,0,4350
738,2022-07-07 10:07:00+05:30,0.85,0.85,0.85,0.85,0,4350
739,2022-07-07 10:08:00+05:30,0.85,0.85,0.85,0.85,0,4350
740,2022-07-07 10:09:00+05:30,0.85,0.85,0.85,0.85,0,4350
741,2022-07-07 10:10:00+05:30,0.85,0.85,0.85,0.85,0,4350
742,2022-07-07 10:11:00+05:30,0.85,0.85,0.85,0.85,0,4350
743,2022-07-07 10:12:00+05:30,0.85,0.85,0.85,0.85,0,4350
744,2022-07-07 10:13:00+05:30,0.85,0.85,0.85,0.85,0,4350
745,2022-07-07 10:14:00+05:30,0.85,0.85,0.85,0.85,0,4350
746,2022-07-07 10:15:00+05:30,0.85,0.85,0.85,0.85,0,4350
747,2022-07-07 10:16:00+05:30,0.85,0.85,0.85,0.85,0,4350
748,2022-07-07 10:17:00+05:30,0.85,0.85,0.85,0.85,0,4350
749,2022-07-07 10:18:00+05:30,0.85,0.85,0.85,0.85,0,4350
750,2022-07-07 10:19:00+05:30,0.85,0.85,0.85,0.85,0,4350
751,2022-07-07 10:20:00+05:30,0.85,0.85,0.85,0.85,0,4350
752,2022-07-07 10:21:00+05:30,0.85,0.85,0.85,0.85,0,4350
753,2022-07-07 10:22:00+05:30,0.85,0.85,0.85,0.85,0,4350
754,2022-07-07 10:23:00+05:30,0.85,0.85,0.85,0.85,0,4350
755,2022-07-07 10:24:00+05:30,0.85,0.85,0.85,0.85,0,4350
756,2022-07-07 10:25:00+05:30,0.85,0.85,0.85,0.85,0,4350
757,2022-07-07 10:26:00+05:30,0.85,0.85,0.85,0.85,0,4350
758,2022-07-07 10:27:00+05:30,0.85,0.85,0.85,0.85,0,4350
759,2022-07-07 10:28:00+05:30,0.85,0.85,0.85,0.85,0,4350
760,2022-07-07 10:29:00+05:30,0.85,0.85,0.85,0.85,0,4350
761,2022-07-07 10:30:00+05:30,0.85,0.85,0.85,0.85,0,4350
762,2022-07-07 10:31:00+05:30,0.85,0.85,0.85,0.85,0,4350
763,2022-07-07 10:32:00+05:30,0.85,0.85,0.85,0.85,0,4350
764,2022-07-07 10:33:00+05:30,0.85,0.95,0.85,0.95,850,3800
765,2022-07-07 10:34:00+05:30,0.95,0.95,0.95,0.95,0,3800
766,2022-07-07 10:35:00+05:30,0.95,0.95,0.95,0.95,0,3800
767,2022-07-07 10:36:00+05:30,0.95,0.95,0.95,0.95,200,3800
768,2022-07-07 10:37:00+05:30,0.95,0.95,0.95,0.95,50,3800
769,2022-07-07 10:38:00+05:30,0.95,1.0,0.95,1.0,300,3800
770,2022-07-07 10:39:00+05:30,1.0,1.0,1.0,1.0,0,3800
771,2022-07-07 10:40:00+05:30,1.0,1.0,1.0,1.0,0,3800
772,2022-07-07 10:41:00+05:30,1.0,1.0,1.0,1.0,0,3800
773,2022-07-07 10:42:00+05:30,1.0,1.0,1.0,1.0,0,3800
774,2022-07-07 10:43:00+05:30,1.0,1.1,1.0,1.1,2150,3250
775,2022-07-07 10:44:00+05:30,1.1,1.1,1.05,1.05,450,3250
776,2022-07-07 10:45:00+05:30,1.05,1.05,1.05,1.05,0,3250
777,2022-07-07 10:46:00+05:30,1.05,1.05,1.05,1.05,0,3250
778,2022-07-07 10:47:00+05:30,1.05,1.05,1.05,1.05,0,3250
779,2022-07-07 10:48:00+05:30,1.05,1.05,1.05,1.05,0,3250
780,2022-07-07 10:49:00+05:30,1.05,1.05,1.05,1.05,0,3250
781,2022-07-07 10:50:00+05:30,1.05,1.05,1.05,1.05,0,3250
782,2022-07-07 10:51:00+05:30,1.05,1.05,1.05,1.05,0,3250
783,2022-07-07 10:52:00+05:30,1.05,1.05,1.05,1.05,0,3250
784,2022-07-07 10:53:00+05:30,1.05,1.05,1.05,1.05,0,3250
785,2022-07-07 10:54:00+05:30,1.05,1.05,1.05,1.05,0,3250
786,2022-07-07 10:55:00+05:30,1.05,1.05,1.05,1.05,0,3250
787,2022-07-07 10:56:00+05:30,1.05,1.05,1.05,1.05,0,3250
788,2022-07-07 10:57:00+05:30,1.05,1.15,1.05,1.15,100,4450
789,2022-07-07 10:58:00+05:30,1.15,1.15,1.15,1.15,0,4450
790,2022-07-07 10:59:00+05:30,1.15,1.15,1.15,1.15,0,4450
791,2022-07-07 11:00:00+05:30,1.15,1.15,1.1,1.1,100,4550
792,2022-07-07 11:01:00+05:30,1.1,1.1,1.1,1.1,0,4550
793,2022-07-07 11:02:00+05:30,1.1,1.1,1.1,1.1,0,4550
794,2022-07-07 11:03:00+05:30,1.1,1.1,1.1,1.1,0,4550
795,2022-07-07 11:04:00+05:30,1.1,1.1,1.1,1.1,0,4550
796,2022-07-07 11:05:00+05:30,1.1,1.1,1.1,1.1,0,4550
797,2022-07-07 11:06:00+05:30,1.1,1.1,1.1,1.1,0,4550
798,2022-07-07 11:07:00+05:30,1.1,1.1,1.1,1.1,0,4550
799,2022-07-07 11:08:00+05:30,1.1,1.1,1.1,1.1,0,4550
800,2022-07-07 11:09:00+05:30,1.1,1.1,1.1,1.1,0,4550
801,2022-07-07 11:10:00+05:30,1.1,1.1,1.1,1.1,0,4550
802,2022-07-07 11:11:00+05:30,1.1,1.1,1.1,1.1,0,4550
803,2022-07-07 11:12:00+05:30,1.1,1.1,1.1,1.1,0,4550
804,2022-07-07 11:13:00+05:30,1.1,1.1,1.1,1.1,0,4550
805,2022-07-07 11:14:00+05:30,1.1,1.1,1.1,1.1,0,4550
806,2022-07-07 11:15:00+05:30,1.1,1.1,1.1,1.1,0,4550
807,2022-07-07 11:16:00+05:30,1.1,1.1,1.1,1.1,0,4550
808,2022-07-07 11:17:00+05:30,1.1,1.1,1.1,1.1,0,4550
809,2022-07-07 11:18:00+05:30,1.1,1.1,1.1,1.1,0,4550
810,2022-07-07 11:19:00+05:30,1.1,1.1,1.1,1.1,0,4550
811,2022-07-07 11:20:00+05:30,1.1,1.1,1.1,1.1,0,4550
812,2022-07-07 11:21:00+05:30,1.1,1.1,1.1,1.1,0,4550
813,2022-07-07 11:22:00+05:30,1.1,1.1,1.1,1.1,0,4550
814,2022-07-07 11:23:00+05:30,1.1,1.1,1.1,1.1,0,4550
815,2022-07-07 11:24:00+05:30,1.1,1.1,1.1,1.1,0,4550
816,2022-07-07 11:25:00+05:30,1.1,1.1,1.1,1.1,0,4550
817,2022-07-07 11:26:00+05:30,1.1,1.1,1.1,1.1,0,4550
818,2022-07-07 11:27:00+05:30,1.1,1.1,1.1,1.1,0,4550
819,2022-07-07 11:28:00+05:30,1.1,1.1,1.1,1.1,0,4550
820,2022-07-07 11:29:00+05:30,1.1,1.1,1.1,1.1,0,4550
821,2022-07-07 11:30:00+05:30,1.1,1.1,1.1,1.1,0,4550
822,2022-07-07 11:31:00+05:30,1.1,1.1,1.1,1.1,0,4550
823,2022-07-07 11:32:00+05:30,1.1,1.1,1.1,1.1,0,4550
824,2022-07-07 11:33:00+05:30,1.1,1.1,1.1,1.1,0,4550
825,2022-07-07 11:34:00+05:30,1.1,1.1,1.1,1.1,0,4550
826,2022-07-07 11:35:00+05:30,1.1,1.1,1.1,1.1,0,4550
827,2022-07-07 11:36:00+05:30,1.1,1.1,1.1,1.1,0,4550
828,2022-07-07 11:37:00+05:30,1.1,1.1,1.1,1.1,0,4550
829,2022-07-07 11:38:00+05:30,1.1,1.1,1.1,1.1,0,4550
830,2022-07-07 11:39:00+05:30,1.1,1.1,1.1,1.1,0,4550
831,2022-07-07 11:40:00+05:30,1.1,1.1,1.1,1.1,0,4550
832,2022-07-07 11:41:00+05:30,1.1,1.1,1.1,1.1,0,4550
833,2022-07-07 11:42:00+05:30,1.1,1.1,1.1,1.1,0,4550
834,2022-07-07 11:43:00+05:30,1.1,1.1,1.1,1.1,0,4550
835,2022-07-07 11:44:00+05:30,1.1,1.1,1.1,1.1,0,4550
836,2022-07-07 11:45:00+05:30,1.1,1.1,1.1,1.1,0,4550
837,2022-07-07 11:47:00+05:30,1.1,1.1,1.1,1.1,0,4550
838,2022-07-07 11:48:00+05:30,1.1,1.1,1.1,1.1,0,4550
839,2022-07-07 11:49:00+05:30,1.1,1.1,1.1,1.1,0,4550
840,2022-07-07 11:51:00+05:30,1.1,1.1,1.1,1.1,0,4550
841,2022-07-07 11:52:00+05:30,1.1,1.1,1.1,1.1,0,4550
842,2022-07-07 11:53:00+05:30,1.1,1.1,1.1,1.1,0,4550
843,2022-07-07 11:54:00+05:30,1.1,1.1,1.1,1.1,0,4550
844,2022-07-07 11:55:00+05:30,1.1,1.1,1.1,1.1,0,4550
845,2022-07-07 11:56:00+05:30,1.1,1.1,1.1,1.1,0,4550
846,2022-07-07 11:57:00+05:30,1.1,1.1,1.1,1.1,0,4550
847,2022-07-07 11:58:00+05:30,1.1,1.1,1.1,1.1,0,4550
848,2022-07-07 11:59:00+05:30,1.1,1.1,1.1,1.1,0,4550
849,2022-07-07 12:00:00+05:30,1.1,1.1,1.1,1.1,0,4550
850,2022-07-07 12:01:00+05:30,1.1,1.1,1.1,1.1,0,4550
851,2022-07-07 12:03:00+05:30,1.1,1.1,1.1,1.1,0,4550
852,2022-07-07 12:04:00+05:30,1.1,1.1,1.1,1.1,0,4550
853,2022-07-07 12:05:00+05:30,1.1,1.1,1.1,1.1,0,4550
854,2022-07-07 12:06:00+05:30,1.1,1.1,1.1,1.1,0,4550
855,2022-07-07 12:07:00+05:30,1.1,1.1,1.1,1.1,0,4550
856,2022-07-07 12:08:00+05:30,1.1,1.1,1.1,1.1,0,4550
857,2022-07-07 12:10:00+05:30,1.1,1.1,1.1,1.1,0,4550
858,2022-07-07 12:11:00+05:30,1.1,1.1,1.1,1.1,0,4550
859,2022-07-07 12:12:00+05:30,1.1,1.1,1.1,1.1,0,4550
860,2022-07-07 12:13:00+05:30,1.1,1.1,1.1,1.1,0,4550
861,2022-07-07 12:15:00+05:30,1.1,1.1,1.1,1.1,0,4550
862,2022-07-07 12:17:00+05:30,1.1,1.1,1.1,1.1,0,4550
863,2022-07-07 12:18:00+05:30,1.1,1.1,1.1,1.1,0,4550
864,2022-07-07 12:19:00+05:30,1.1,1.1,1.1,1.1,0,4550
865,2022-07-07 12:22:00+05:30,1.1,1.1,1.1,1.1,0,4550
866,2022-07-07 12:23:00+05:30,1.1,1.1,1.1,1.1,0,4550
867,2022-07-07 12:24:00+05:30,1.1,1.1,1.1,1.1,0,4550
868,2022-07-07 12:25:00+05:30,1.1,1.1,1.1,1.1,0,4550
869,2022-07-07 12:26:00+05:30,1.1,1.1,1.1,1.1,0,4550
870,2022-07-07 12:27:00+05:30,1.1,1.1,1.1,1.1,0,4550
871,2022-07-07 12:28:00+05:30,1.1,1.1,1.1,1.1,0,4550
872,2022-07-07 12:29:00+05:30,1.1,1.1,1.1,1.1,0,4550
873,2022-07-07 12:30:00+05:30,1.1,1.1,1.1,1.1,0,4550
874,2022-07-07 12:31:00+05:30,1.1,1.1,1.1,1.1,0,4550
875,2022-07-07 12:32:00+05:30,1.1,1.1,1.1,1.1,0,4550
876,2022-07-07 12:33:00+05:30,1.1,1.1,1.1,1.1,0,4550
877,2022-07-07 12:34:00+05:30,1.1,1.1,1.1,1.1,0,4550
878,2022-07-07 12:35:00+05:30,1.1,1.1,1.1,1.1,0,4550
879,2022-07-07 12:36:00+05:30,1.1,1.1,1.1,1.1,0,4550
880,2022-07-07 12:37:00+05:30,1.1,1.1,1.1,1.1,0,4550
881,2022-07-07 12:38:00+05:30,1.1,1.1,1.1,1.1,0,4550
882,2022-07-07 12:39:00+05:30,1.1,1.1,1.1,1.1,0,4550
883,2022-07-07 12:40:00+05:30,1.1,1.1,1.1,1.1,0,4550
884,2022-07-07 12:41:00+05:30,1.1,1.1,1.1,1.1,0,4550
885,2022-07-07 12:42:00+05:30,1.1,1.1,1.1,1.1,0,4550
886,2022-07-07 12:43:00+05:30,1.1,1.1,1.1,1.1,0,4550
887,2022-07-07 12:44:00+05:30,1.1,1.1,1.1,1.1,0,4550
888,2022-07-07 12:45:00+05:30,1.1,1.1,1.1,1.1,0,4550
889,2022-07-07 12:46:00+05:30,1.1,1.1,1.1,1.1,0,4550
890,2022-07-07 12:47:00+05:30,1.1,1.1,1.1,1.1,0,4550
891,2022-07-07 12:48:00+05:30,1.1,1.1,1.1,1.1,0,4550
892,2022-07-07 12:49:00+05:30,1.1,1.1,1.1,1.1,0,4550
893,2022-07-07 12:50:00+05:30,1.1,1.1,1.1,1.1,0,4550
894,2022-07-07 12:51:00+05:30,1.1,1.1,1.1,1.1,0,4550
895,2022-07-07 12:52:00+05:30,1.1,1.1,1.1,1.1,0,4550
896,2022-07-07 12:54:00+05:30,1.1,1.1,1.1,1.1,0,4550
897,2022-07-07 12:55:00+05:30,1.1,1.1,1.1,1.1,50,4550
898,2022-07-07 12:56:00+05:30,1.1,1.1,1.1,1.1,0,4550
899,2022-07-07 12:57:00+05:30,1.1,1.1,1.1,1.1,0,4550
900,2022-07-07 12:58:00+05:30,1.1,1.1,1.1,1.1,0,4550
901,2022-07-07 12:59:00+05:30,1.1,1.1,1.1,1.1,0,4550
902,2022-07-07 13:00:00+05:30,1.1,1.1,1.1,1.1,0,4550
903,2022-07-07 13:01:00+05:30,1.1,1.1,1.1,1.1,0,4550
904,2022-07-07 13:02:00+05:30,1.1,1.1,1.1,1.1,0,4550
905,2022-07-07 13:03:00+05:30,1.1,1.1,1.1,1.1,0,4550
906,2022-07-07 13:04:00+05:30,1.1,1.1,1.1,1.1,0,4550
907,2022-07-07 13:05:00+05:30,1.1,1.1,1.1,1.1,0,4550
908,2022-07-07 13:06:00+05:30,1.1,1.1,1.1,1.1,0,4550
909,2022-07-07 13:07:00+05:30,1.1,1.1,1.1,1.1,0,4550
910,2022-07-07 13:09:00+05:30,1.1,1.1,1.1,1.1,0,4550
911,2022-07-07 13:10:00+05:30,1.1,1.1,1.1,1.1,0,4550
912,2022-07-07 13:11:00+05:30,1.1,1.1,1.1,1.1,0,4550
913,2022-07-07 13:12:00+05:30,1.1,1.1,1.1,1.1,0,4550
914,2022-07-07 13:13:00+05:30,1.1,1.1,1.1,1.1,0,4550
915,2022-07-07 13:14:00+05:30,1.1,1.1,1.1,1.1,0,4550
916,2022-07-07 13:15:00+05:30,1.1,1.1,1.1,1.1,0,4550
917,2022-07-07 13:16:00+05:30,1.1,1.1,1.1,1.1,0,4550
918,2022-07-07 13:17:00+05:30,1.1,1.1,1.1,1.1,0,4550
919,2022-07-07 13:18:00+05:30,1.1,1.1,1.1,1.1,0,4550
920,2022-07-07 13:19:00+05:30,1.1,1.1,1.1,1.1,0,4550
921,2022-07-07 13:20:00+05:30,1.1,1.1,1.1,1.1,0,4550
922,2022-07-07 13:21:00+05:30,1.1,1.1,1.1,1.1,0,4550
923,2022-07-07 13:22:00+05:30,1.1,1.1,1.1,1.1,0,4550
924,2022-07-07 13:23:00+05:30,1.1,1.1,1.1,1.1,0,4550
925,2022-07-07 13:24:00+05:30,1.1,1.1,1.1,1.1,1000,4600
926,2022-07-07 13:25:00+05:30,1.05,1.05,1.05,1.05,150,4600
927,2022-07-07 13:26:00+05:30,1.05,1.05,1.0,1.0,100,4600
928,2022-07-07 13:27:00+05:30,1.0,1.0,1.0,1.0,0,4600
929,2022-07-07 13:28:00+05:30,1.0,1.0,1.0,1.0,0,4600
930,2022-07-07 13:29:00+05:30,1.0,1.0,1.0,1.0,0,4600
931,2022-07-07 13:30:00+05:30,1.0,1.0,1.0,1.0,0,4600
932,2022-07-07 13:31:00+05:30,1.0,1.0,1.0,1.0,0,4600
933,2022-07-07 13:32:00+05:30,1.0,1.0,1.0,1.0,0,4600
934,2022-07-07 13:33:00+05:30,1.0,1.0,1.0,1.0,0,4600
935,2022-07-07 13:34:00+05:30,1.0,1.0,1.0,1.0,0,4600
936,2022-07-07 13:35:00+05:30,1.0,1.0,1.0,1.0,0,4600
937,2022-07-07 13:36:00+05:30,1.0,1.0,1.0,1.0,0,4600
938,2022-07-07 13:37:00+05:30,1.0,1.0,1.0,1.0,0,4600
939,2022-07-07 13:38:00+05:30,1.0,1.0,1.0,1.0,0,4600
940,2022-07-07 13:39:00+05:30,1.0,1.0,1.0,1.0,0,4600
941,2022-07-07 13:40:00+05:30,1.0,1.0,1.0,1.0,0,4600
942,2022-07-07 13:41:00+05:30,1.0,1.0,1.0,1.0,0,4600
943,2022-07-07 13:42:00+05:30,1.0,1.0,1.0,1.0,0,4600
944,2022-07-07 13:43:00+05:30,1.0,1.0,1.0,1.0,28000,5650
945,2022-07-07 13:44:00+05:30,1.0,1.0,1.0,1.0,0,5650
946,2022-07-07 13:45:00+05:30,1.0,1.0,1.0,1.0,0,5650
947,2022-07-07 13:46:00+05:30,1.0,1.0,1.0,1.0,0,5650
948,2022-07-07 13:47:00+05:30,1.0,1.0,1.0,1.0,0,5650
949,2022-07-07 13:48:00+05:30,1.0,1.0,1.0,1.0,0,5650
950,2022-07-07 13:49:00+05:30,1.0,1.0,1.0,1.0,0,5650
951,2022-07-07 13:50:00+05:30,1.0,1.0,0.8,0.8,1100,5650
952,2022-07-07 13:51:00+05:30,0.8,0.8,0.8,0.8,0,5650
953,2022-07-07 13:52:00+05:30,0.8,0.8,0.8,0.8,0,5650
954,2022-07-07 13:53:00+05:30,0.8,0.8,0.8,0.8,0,5650
955,2022-07-07 13:54:00+05:30,0.8,0.8,0.8,0.8,0,5650
956,2022-07-07 13:55:00+05:30,0.8,0.8,0.8,0.8,0,5650
957,2022-07-07 13:56:00+05:30,0.8,0.8,0.8,0.8,0,5650
958,2022-07-07 13:57:00+05:30,0.8,0.8,0.8,0.8,0,5650
959,2022-07-07 13:58:00+05:30,0.8,0.8,0.8,0.8,0,5650
960,2022-07-07 13:59:00+05:30,0.8,0.8,0.8,0.8,0,5650
961,2022-07-07 14:00:00+05:30,0.8,0.8,0.8,0.8,0,5650
962,2022-07-07 14:01:00+05:30,0.8,0.8,0.8,0.8,0,5650
963,2022-07-07 14:02:00+05:30,0.8,0.8,0.8,0.8,0,5650
964,2022-07-07 14:03:00+05:30,0.8,0.8,0.8,0.8,0,5650
965,2022-07-07 14:04:00+05:30,0.8,0.8,0.8,0.8,0,5650
966,2022-07-07 14:05:00+05:30,0.8,0.8,0.8,0.8,0,5650
967,2022-07-07 14:06:00+05:30,0.8,0.8,0.8,0.8,0,5650
968,2022-07-07 14:07:00+05:30,0.8,0.8,0.8,0.8,0,5650
969,2022-07-07 14:08:00+05:30,0.8,0.8,0.8,0.8,0,5650
970,2022-07-07 14:09:00+05:30,0.8,0.8,0.8,0.8,0,5650
971,2022-07-07 14:10:00+05:30,0.8,0.8,0.8,0.8,0,5650
972,2022-07-07 14:11:00+05:30,0.8,0.8,0.8,0.8,0,5650
973,2022-07-07 14:12:00+05:30,0.8,0.95,0.8,0.95,50,5200
974,2022-07-07 14:13:00+05:30,0.95,0.95,0.95,0.95,0,5200
975,2022-07-07 14:14:00+05:30,0.95,0.95,0.95,0.95,0,5200
976,2022-07-07 14:15:00+05:30,0.95,0.95,0.95,0.95,0,5200
977,2022-07-07 14:16:00+05:30,0.95,0.95,0.95,0.95,0,5200
978,2022-07-07 14:17:00+05:30,0.95,0.95,0.95,0.95,0,5200
979,2022-07-07 14:18:00+05:30,0.95,0.95,0.95,0.95,0,5200
980,2022-07-07 14:19:00+05:30,0.95,0.95,0.95,0.95,0,5200
981,2022-07-07 14:20:00+05:30,0.95,0.95,0.95,0.95,0,5200
982,2022-07-07 14:21:00+05:30,0.95,0.95,0.95,0.95,50,5250
983,2022-07-07 14:22:00+05:30,0.95,0.95,0.95,0.95,0,5250
984,2022-07-07 14:23:00+05:30,0.95,0.95,0.95,0.95,0,5250
985,2022-07-07 14:24:00+05:30,0.95,0.95,0.95,0.95,0,5250
986,2022-07-07 14:25:00+05:30,0.95,0.95,0.95,0.95,0,5250
987,2022-07-07 14:26:00+05:30,0.95,0.95,0.95,0.95,0,5250
988,2022-07-07 14:27:00+05:30,0.95,0.95,0.95,0.95,0,5250
989,2022-07-07 14:28:00+05:30,0.95,0.95,0.95,0.95,0,5250
990,2022-07-07 14:29:00+05:30,0.95,0.95,0.95,0.95,0,5250
991,2022-07-07 14:31:00+05:30,0.95,0.95,0.95,0.95,0,5250
992,2022-07-07 14:32:00+05:30,0.95,0.95,0.95,0.95,0,5250
993,2022-07-07 14:33:00+05:30,0.95,0.95,0.95,0.95,0,5250
994,2022-07-07 14:34:00+05:30,0.95,0.95,0.95,0.95,0,5250
995,2022-07-07 14:35:00+05:30,0.95,0.95,0.95,0.95,0,5250
996,2022-07-07 14:36:00+05:30,0.95,0.95,0.95,0.95,0,5250
997,2022-07-07 14:37:00+05:30,0.95,0.95,0.95,0.95,0,5250
998,2022-07-07 14:38:00+05:30,0.95,0.95,0.95,0.95,0,5250
999,2022-07-07 14:39:00+05:30,0.95,0.95,0.95,0.95,0,5250
1000,2022-07-07 14:40:00+05:30,0.95,0.95,0.95,0.95,0,5250
1001,2022-07-07 14:41:00+05:30,0.95,0.95,0.95,0.95,0,5250
1002,2022-07-07 14:42:00+05:30,0.95,0.95,0.95,0.95,0,5250
1003,2022-07-07 14:43:00+05:30,0.95,0.95,0.9,0.9,50,5300
1004,2022-07-07 14:44:00+05:30,0.9,0.9,0.9,0.9,0,5300
1005,2022-07-07 14:45:00+05:30,0.9,0.9,0.9,0.9,0,5300
1006,2022-07-07 14:46:00+05:30,0.9,0.9,0.9,0.9,0,5300
1007,2022-07-07 14:47:00+05:30,0.9,0.9,0.9,0.9,0,5300
1008,2022-07-07 14:48:00+05:30,0.9,0.9,0.9,0.9,0,5300
1009,2022-07-07 14:49:00+05:30,0.9,0.9,0.9,0.9,0,5300
1010,2022-07-07 14:51:00+05:30,0.9,0.9,0.9,0.9,0,5300
1011,2022-07-07 14:52:00+05:30,0.9,0.9,0.9,0.9,50,5300
1012,2022-07-07 14:53:00+05:30,0.9,0.9,0.9,0.9,50,5300
1013,2022-07-07 14:54:00+05:30,0.9,0.9,0.9,0.9,0,5300
1014,2022-07-07 14:55:00+05:30,0.9,0.9,0.9,0.9,0,5300
1015,2022-07-07 14:56:00+05:30,0.9,0.9,0.9,0.9,0,5300
1016,2022-07-07 14:58:00+05:30,0.9,0.9,0.9,0.9,0,5300
1017,2022-07-07 15:01:00+05:30,0.9,0.9,0.9,0.9,0,5300
1018,2022-07-07 15:02:00+05:30,0.9,0.9,0.9,0.9,0,5300
1019,2022-07-07 15:03:00+05:30,0.9,0.9,0.9,0.9,0,5300
1020,2022-07-07 15:04:00+05:30,0.9,0.9,0.9,0.9,250,5350
1021,2022-07-07 15:05:00+05:30,0.9,0.9,0.9,0.9,0,5350
1022,2022-07-07 15:06:00+05:30,0.9,0.9,0.9,0.9,0,5350
1023,2022-07-07 15:07:00+05:30,0.9,0.9,0.9,0.9,0,5350
1024,2022-07-07 15:08:00+05:30,0.9,0.9,0.9,0.9,0,5350
1025,2022-07-07 15:09:00+05:30,0.9,0.9,0.9,0.9,0,5350
1026,2022-07-07 15:10:00+05:30,0.9,0.9,0.9,0.9,0,5350
1027,2022-07-07 15:11:00+05:30,0.9,0.9,0.9,0.9,0,5350
1028,2022-07-07 15:12:00+05:30,0.9,0.9,0.9,0.9,0,5350
1029,2022-07-07 15:13:00+05:30,0.9,0.9,0.9,0.9,0,5350
1030,2022-07-07 15:14:00+05:30,0.9,0.9,0.85,0.85,1000,5600
1031,2022-07-07 15:15:00+05:30,0.85,0.85,0.85,0.85,0,5600
1032,2022-07-07 15:16:00+05:30,0.85,0.85,0.85,0.85,0,5600
1033,2022-07-07 15:17:00+05:30,0.85,0.85,0.85,0.85,0,5600
1034,2022-07-07 15:18:00+05:30,0.85,0.85,0.85,0.85,0,5600
1035,2022-07-07 15:19:00+05:30,0.85,0.85,0.85,0.85,0,5600
1036,2022-07-07 15:20:00+05:30,0.85,0.85,0.85,0.85,0,5600
1037,2022-07-07 15:21:00+05:30,0.85,0.85,0.85,0.85,0,5600
1038,2022-07-07 15:22:00+05:30,0.85,0.85,0.85,0.85,0,5600
1039,2022-07-07 15:23:00+05:30,0.8,0.8,0.7,0.7,1900,6600
1040,2022-07-07 15:24:00+05:30,0.7,0.7,0.7,0.7,0,6600
1041,2022-07-07 15:25:00+05:30,0.7,0.7,0.7,0.7,0,6600
1042,2022-07-07 15:26:00+05:30,0.7,0.7,0.7,0.7,0,6600
1043,2022-07-07 15:27:00+05:30,0.7,0.7,0.7,0.7,0,6600
1044,2022-07-07 15:28:00+05:30,0.7,0.7,0.7,0.7,0,6600
1045,2022-07-07 15:29:00+05:30,0.7,0.7,0.7,0.7,0,6600
1046,2022-07-08 09:15:00+05:30,0.8,0.8,0.8,0.8,0,6400
1047,2022-07-08 09:16:00+05:30,0.8,0.8,0.8,0.8,0,6400
1048,2022-07-08 09:17:00+05:30,0.8,0.8,0.8,0.8,1550,6400
1049,2022-07-08 09:18:00+05:30,0.8,0.8,0.8,0.8,100,6400
1050,2022-07-08 09:19:00+05:30,0.8,0.8,0.8,0.8,0,6400
1051,2022-07-08 09:20:00+05:30,0.8,0.8,0.8,0.8,150,6500
1052,2022-07-08 09:21:00+05:30,0.8,0.8,0.8,0.8,0,6500
1053,2022-07-08 09:22:00+05:30,0.8,0.8,0.75,0.75,100,6500
1054,2022-07-08 09:23:00+05:30,0.75,0.75,0.75,0.75,0,6500
1055,2022-07-08 09:24:00+05:30,0.75,0.75,0.75,0.75,0,6500
1056,2022-07-08 09:25:00+05:30,0.75,0.75,0.75,0.75,0,6500
1057,2022-07-08 09:26:00+05:30,0.75,0.75,0.75,0.75,0,6500
1058,2022-07-08 09:27:00+05:30,0.75,0.75,0.75,0.75,0,6500
1059,2022-07-08 09:28:00+05:30,0.75,0.75,0.75,0.75,0,6500
1060,2022-07-08 09:29:00+05:30,0.75,0.75,0.75,0.75,0,6500
1061,2022-07-08 09:30:00+05:30,0.75,0.75,0.75,0.75,0,6500
1062,2022-07-08 09:31:00+05:30,0.75,0.75,0.75,0.75,0,6500
1063,2022-07-08 09:32:00+05:30,0.75,0.75,0.75,0.75,0,6750
1064,2022-07-08 09:33:00+05:30,0.75,0.75,0.75,0.75,0,6750
1065,2022-07-08 09:34:00+05:30,0.75,0.75,0.75,0.75,0,6750
1066,2022-07-08 09:35:00+05:30,0.75,0.75,0.75,0.75,0,6750
1067,2022-07-08 09:36:00+05:30,0.75,0.75,0.75,0.75,0,6750
1068,2022-07-08 09:37:00+05:30,0.75,0.75,0.7,0.7,0,6800
1069,2022-07-08 09:38:00+05:30,0.7,0.7,0.7,0.7,0,6800
1070,2022-07-08 09:39:00+05:30,0.7,0.7,0.7,0.7,0,6800
1071,2022-07-08 09:40:00+05:30,0.75,0.75,0.75,0.75,450,6750
1072,2022-07-08 09:41:00+05:30,0.75,0.75,0.75,0.75,0,6750
1073,2022-07-08 09:42:00+05:30,0.75,0.75,0.75,0.75,0,6750
1074,2022-07-08 09:43:00+05:30,0.75,0.75,0.75,0.75,0,6750
1075,2022-07-08 09:44:00+05:30,0.75,0.75,0.75,0.75,0,6750
1076,2022-07-08 09:45:00+05:30,0.75,0.75,0.75,0.75,0,6750
1077,2022-07-08 09:46:00+05:30,0.75,0.75,0.75,0.75,0,6750
1078,2022-07-08 09:47:00+05:30,0.75,0.75,0.75,0.75,100,7000
1079,2022-07-08 09:48:00+05:30,0.75,0.75,0.75,0.75,0,7000
1080,2022-07-08 09:49:00+05:30,0.75,0.75,0.75,0.75,0,7000
1081,2022-07-08 09:50:00+05:30,0.75,0.75,0.7,0.7,0,7000
1082,2022-07-08 09:51:00+05:30,0.7,0.7,0.7,0.7,0,7000
1083,2022-07-08 09:52:00+05:30,0.7,0.7,0.7,0.7,0,7000
1084,2022-07-08 09:53:00+05:30,0.7,0.7,0.7,0.7,0,7000
1085,2022-07-08 09:54:00+05:30,0.7,0.7,0.7,0.7,0,7000
1086,2022-07-08 09:55:00+05:30,0.7,0.7,0.7,0.7,0,7000
1087,2022-07-08 09:56:00+05:30,0.7,0.7,0.7,0.7,0,7000
1088,2022-07-08 09:57:00+05:30,0.7,0.7,0.7,0.7,0,7000
1089,2022-07-08 09:58:00+05:30,0.7,0.7,0.7,0.7,0,7000
1090,2022-07-08 09:59:00+05:30,0.7,0.7,0.7,0.7,0,7050
1091,2022-07-08 10:00:00+05:30,0.7,0.7,0.7,0.7,0,7050
1092,2022-07-08 10:01:00+05:30,0.7,0.7,0.7,0.7,150,7050
1093,2022-07-08 10:02:00+05:30,0.7,0.7,0.7,0.7,100,7100
1094,2022-07-08 10:03:00+05:30,0.7,0.7,0.7,0.7,650,7100
1095,2022-07-08 10:04:00+05:30,0.7,0.7,0.7,0.7,0,7100
1096,2022-07-08 10:05:00+05:30,0.7,0.7,0.65,0.65,0,7100
1097,2022-07-08 10:06:00+05:30,0.65,0.65,0.65,0.65,0,7100
1098,2022-07-08 10:07:00+05:30,0.65,0.65,0.65,0.65,0,7100
1099,2022-07-08 10:08:00+05:30,0.65,0.65,0.65,0.65,0,7100
1100,2022-07-08 10:09:00+05:30,0.65,0.65,0.65,0.65,0,7100
1101,2022-07-08 10:10:00+05:30,0.65,0.65,0.65,0.65,0,7100
1102,2022-07-08 10:11:00+05:30,0.65,0.65,0.65,0.65,0,7100
1103,2022-07-08 10:13:00+05:30,0.65,0.65,0.65,0.65,0,7100
1104,2022-07-08 10:14:00+05:30,0.65,0.65,0.65,0.65,0,7100
1105,2022-07-08 10:15:00+05:30,0.65,0.65,0.65,0.65,0,7100
1106,2022-07-08 10:16:00+05:30,0.65,0.65,0.65,0.65,0,7100
1107,2022-07-08 10:17:00+05:30,0.65,0.65,0.65,0.65,0,7100
1108,2022-07-08 10:19:00+05:30,0.65,0.65,0.65,0.65,0,7100
1109,2022-07-08 10:20:00+05:30,0.65,0.65,0.65,0.65,0,7100
1110,2022-07-08 10:21:00+05:30,0.65,0.65,0.65,0.65,0,7100
1111,2022-07-08 10:22:00+05:30,0.65,0.65,0.65,0.65,0,7100
1112,2022-07-08 10:23:00+05:30,0.65,0.65,0.65,0.65,0,7100
1113,2022-07-08 10:24:00+05:30,0.65,0.65,0.65,0.65,0,7100
1114,2022-07-08 10:25:00+05:30,0.65,0.65,0.65,0.65,0,7100
1115,2022-07-08 10:26:00+05:30,0.65,0.65,0.65,0.65,50,8000
1116,2022-07-08 10:27:00+05:30,0.65,0.65,0.65,0.65,0,8000
1117,2022-07-08 10:28:00+05:30,0.65,0.7,0.65,0.7,200,8000
1118,2022-07-08 10:29:00+05:30,0.7,0.7,0.7,0.7,0,8000
1119,2022-07-08 10:30:00+05:30,0.7,0.7,0.7,0.7,0,8000
1120,2022-07-08 10:31:00+05:30,0.7,0.7,0.7,0.7,0,8000
1121,2022-07-08 10:32:00+05:30,0.7,0.7,0.7,0.7,0,8000
1122,2022-07-08 10:33:00+05:30,0.7,0.7,0.7,0.7,50,8050
1123,2022-07-08 10:34:00+05:30,0.7,0.7,0.7,0.7,0,8050
1124,2022-07-08 10:38:00+05:30,0.7,0.7,0.7,0.7,0,8050
1125,2022-07-08 10:39:00+05:30,0.7,0.7,0.7,0.7,0,8050
1126,2022-07-08 10:40:00+05:30,0.7,0.7,0.7,0.7,0,8050
1127,2022-07-08 10:41:00+05:30,0.7,0.7,0.7,0.7,0,8050
1128,2022-07-08 10:42:00+05:30,0.7,0.7,0.7,0.7,0,8050
1129,2022-07-08 10:43:00+05:30,0.7,0.7,0.65,0.65,250,8100
1130,2022-07-08 10:44:00+05:30,0.65,0.65,0.65,0.65,0,8100
1131,2022-07-08 10:45:00+05:30,0.65,0.65,0.65,0.65,0,8100
1132,2022-07-08 10:46:00+05:30,0.65,0.65,0.65,0.65,0,8100
1133,2022-07-08 10:47:00+05:30,0.65,0.65,0.65,0.65,0,8100
1134,2022-07-08 10:48:00+05:30,0.65,0.65,0.65,0.65,0,8100
1135,2022-07-08 10:50:00+05:30,0.65,0.65,0.65,0.65,0,8100
1136,2022-07-08 10:52:00+05:30,0.65,0.65,0.65,0.65,0,8100
1137,2022-07-08 10:54:00+05:30,0.65,0.65,0.65,0.65,0,8100
1138,2022-07-08 10:55:00+05:30,0.65,0.65,0.65,0.65,0,8100
1139,2022-07-08 10:56:00+05:30,0.65,0.65,0.65,0.65,0,8100
1140,2022-07-08 10:57:00+05:30,0.65,0.65,0.65,0.65,0,8100
1141,2022-07-08 10:58:00+05:30,0.65,0.65,0.65,0.65,0,8100
1142,2022-07-08 10:59:00+05:30,0.65,0.65,0.65,0.65,0,8100
1143,2022-07-08 11:00:00+05:30,0.65,0.65,0.65,0.65,0,8100
1144,2022-07-08 11:01:00+05:30,0.65,0.65,0.65,0.65,0,8100
1145,2022-07-08 11:02:00+05:30,0.65,0.65,0.65,0.65,0,8100
1146,2022-07-08 11:03:00+05:30,0.65,0.65,0.65,0.65,0,8100
1147,2022-07-08 11:04:00+05:30,0.65,0.65,0.65,0.65,0,8100
1148,2022-07-08 11:05:00+05:30,0.65,0.65,0.65,0.65,0,8100
1149,2022-07-08 11:06:00+05:30,0.65,0.65,0.65,0.65,0,8100
1150,2022-07-08 11:07:00+05:30,0.65,0.65,0.65,0.65,0,8100
1151,2022-07-08 11:08:00+05:30,0.65,0.65,0.65,0.65,0,8100
1152,2022-07-08 11:09:00+05:30,0.65,0.65,0.65,0.65,0,8100
1153,2022-07-08 11:10:00+05:30,0.65,0.65,0.65,0.65,0,8100
1154,2022-07-08 11:11:00+05:30,0.65,0.7,0.65,0.7,0,8350
1155,2022-07-08 11:12:00+05:30,0.7,0.7,0.7,0.7,0,8350
1156,2022-07-08 11:13:00+05:30,0.7,0.7,0.7,0.7,0,8350
1157,2022-07-08 11:14:00+05:30,0.7,0.7,0.7,0.7,0,8350
1158,2022-07-08 11:15:00+05:30,0.7,0.7,0.7,0.7,0,8850
1159,2022-07-08 11:16:00+05:30,0.7,0.7,0.7,0.7,0,8850
1160,2022-07-08 11:17:00+05:30,0.7,0.7,0.7,0.7,0,8850
1161,2022-07-08 11:18:00+05:30,0.7,0.7,0.7,0.7,0,8850
1162,2022-07-08 11:19:00+05:30,0.7,0.7,0.7,0.7,0,8850
1163,2022-07-08 11:20:00+05:30,0.7,0.7,0.7,0.7,0,8850
1164,2022-07-08 11:22:00+05:30,0.7,0.7,0.7,0.7,0,8850
1165,2022-07-08 11:23:00+05:30,0.7,0.7,0.7,0.7,0,8850
1166,2022-07-08 11:24:00+05:30,0.7,0.7,0.7,0.7,0,8850
1167,2022-07-08 11:25:00+05:30,0.7,0.7,0.7,0.7,0,8850
1168,2022-07-08 11:26:00+05:30,0.7,0.7,0.7,0.7,0,8850
1169,2022-07-08 11:27:00+05:30,0.7,0.7,0.65,0.65,1200,8850
1170,2022-07-08 11:28:00+05:30,0.65,0.65,0.65,0.65,0,8850
1171,2022-07-08 11:29:00+05:30,0.65,0.65,0.65,0.65,0,8850
1172,2022-07-08 11:30:00+05:30,0.65,0.65,0.65,0.65,0,8850
1173,2022-07-08 11:31:00+05:30,0.65,0.65,0.65,0.65,0,8850
1174,2022-07-08 11:32:00+05:30,0.65,0.65,0.65,0.65,0,8850
1175,2022-07-08 11:33:00+05:30,0.65,0.65,0.65,0.65,0,8850
1176,2022-07-08 11:34:00+05:30,0.65,0.65,0.65,0.65,0,8850
1177,2022-07-08 11:35:00+05:30,0.65,0.65,0.65,0.65,0,8850
1178,2022-07-08 11:36:00+05:30,0.65,0.65,0.65,0.65,0,8850
1179,2022-07-08 11:37:00+05:30,0.65,0.65,0.65,0.65,0,8850
1180,2022-07-08 11:38:00+05:30,0.65,0.65,0.65,0.65,0,8850
1181,2022-07-08 11:39:00+05:30,0.65,0.65,0.65,0.65,0,8850
1182,2022-07-08 11:40:00+05:30,0.65,0.65,0.65,0.65,0,8850
1183,2022-07-08 11:41:00+05:30,0.65,0.65,0.65,0.65,0,8850
1184,2022-07-08 11:42:00+05:30,0.65,0.65,0.65,0.65,400,10050
1185,2022-07-08 11:43:00+05:30,0.65,0.65,0.65,0.65,0,10050
1186,2022-07-08 11:44:00+05:30,0.65,0.65,0.65,0.65,0,10050
1187,2022-07-08 11:45:00+05:30,0.65,0.65,0.65,0.65,0,10050
1188,2022-07-08 11:47:00+05:30,0.65,0.65,0.65,0.65,0,10050
1189,2022-07-08 11:48:00+05:30,0.65,0.65,0.65,0.65,0,10050
1190,2022-07-08 11:49:00+05:30,0.65,0.65,0.65,0.65,0,10050
1191,2022-07-08 11:50:00+05:30,0.65,0.65,0.65,0.65,0,10050
1192,2022-07-08 11:52:00+05:30,0.65,0.65,0.65,0.65,0,10050
1193,2022-07-08 11:53:00+05:30,0.65,0.65,0.65,0.65,0,10050
1194,2022-07-08 11:55:00+05:30,0.7,0.7,0.7,0.7,100,10050
1195,2022-07-08 11:56:00+05:30,0.7,0.7,0.7,0.7,0,10050
1196,2022-07-08 11:57:00+05:30,0.7,0.7,0.7,0.7,0,10050
1197,2022-07-08 11:58:00+05:30,0.7,0.7,0.7,0.7,0,10050
1198,2022-07-08 11:59:00+05:30,0.7,0.7,0.7,0.7,0,10050
1199,2022-07-08 12:00:00+05:30,0.7,0.7,0.7,0.7,0,10050
1200,2022-07-08 12:01:00+05:30,0.7,0.7,0.7,0.7,0,10050
1201,2022-07-08 12:02:00+05:30,0.7,0.7,0.7,0.7,0,10050
1202,2022-07-08 12:04:00+05:30,0.7,0.7,0.7,0.7,0,10050
1203,2022-07-08 12:07:00+05:30,0.7,0.7,0.7,0.7,0,10050
1204,2022-07-08 12:08:00+05:30,0.7,0.7,0.7,0.7,0,10050
1205,2022-07-08 12:09:00+05:30,0.7,0.7,0.7,0.7,0,10050
1206,2022-07-08 12:10:00+05:30,0.7,0.7,0.7,0.7,0,10050
1207,2022-07-08 12:11:00+05:30,0.7,0.7,0.7,0.7,0,10050
1208,2022-07-08 12:12:00+05:30,0.7,0.7,0.7,0.7,0,10050
1209,2022-07-08 12:14:00+05:30,0.7,0.7,0.7,0.7,0,10050
1210,2022-07-08 12:15:00+05:30,0.7,0.7,0.65,0.65,50,10150
1211,2022-07-08 12:16:00+05:30,0.65,0.65,0.65,0.65,0,10150
1212,2022-07-08 12:18:00+05:30,0.65,0.65,0.65,0.65,0,10150
1213,2022-07-08 12:19:00+05:30,0.65,0.65,0.65,0.65,0,10150
1214,2022-07-08 12:20:00+05:30,0.65,0.65,0.65,0.65,0,10150
1215,2022-07-08 12:21:00+05:30,0.65,0.65,0.65,0.65,0,10150
1216,2022-07-08 12:22:00+05:30,0.65,0.65,0.65,0.65,0,10150
1217,2022-07-08 12:23:00+05:30,0.65,0.65,0.65,0.65,0,10150
1218,2022-07-08 12:24:00+05:30,0.65,0.65,0.65,0.65,0,10150
1219,2022-07-08 12:25:00+05:30,0.65,0.65,0.65,0.65,0,10150
1220,2022-07-08 12:26:00+05:30,0.65,0.65,0.65,0.65,0,10150
1221,2022-07-08 12:27:00+05:30,0.65,0.65,0.65,0.65,0,10150
1222,2022-07-08 12:29:00+05:30,0.65,0.65,0.65,0.65,0,10150
1223,2022-07-08 12:30:00+05:30,0.65,0.65,0.65,0.65,0,10150
1224,2022-07-08 12:31:00+05:30,0.65,0.65,0.65,0.65,0,10150
1225,2022-07-08 12:32:00+05:30,0.65,0.65,0.65,0.65,0,10150
1226,2022-07-08 12:33:00+05:30,0.65,0.65,0.65,0.65,0,10150
1227,2022-07-08 12:34:00+05:30,0.65,0.65,0.65,0.65,0,10150
1228,2022-07-08 12:35:00+05:30,0.65,0.65,0.65,0.65,0,10150
1229,2022-07-08 12:36:00+05:30,0.65,0.65,0.65,0.65,0,10150
1230,2022-07-08 12:37:00+05:30,0.65,0.65,0.65,0.65,0,10150
1231,2022-07-08 12:39:00+05:30,0.65,0.65,0.65,0.65,0,10150
1232,2022-07-08 12:40:00+05:30,0.65,0.65,0.65,0.65,0,10150
1233,2022-07-08 12:42:00+05:30,0.65,0.65,0.65,0.65,0,10150
1234,2022-07-08 12:43:00+05:30,0.65,0.65,0.65,0.65,0,10150
1235,2022-07-08 12:44:00+05:30,0.65,0.65,0.65,0.65,0,10150
1236,2022-07-08 12:45:00+05:30,0.65,0.65,0.65,0.65,0,10150
1237,2022-07-08 12:48:00+05:30,0.65,0.65,0.65,0.65,100,10200
1238,2022-07-08 12:49:00+05:30,0.65,0.65,0.65,0.65,0,10200
1239,2022-07-08 12:53:00+05:30,0.65,0.65,0.65,0.65,0,10200
1240,2022-07-08 12:54:00+05:30,0.65,0.65,0.65,0.65,50,10250
1241,2022-07-08 12:55:00+05:30,0.65,0.65,0.65,0.65,0,10250
1242,2022-07-08 12:56:00+05:30,0.65,0.65,0.65,0.65,0,10250
1243,2022-07-08 12:58:00+05:30,0.65,0.65,0.65,0.65,0,10250
1244,2022-07-08 12:59:00+05:30,0.65,0.65,0.65,0.65,0,10250
1245,2022-07-08 13:00:00+05:30,0.65,0.65,0.65,0.65,0,10250
1246,2022-07-08 13:01:00+05:30,0.65,0.65,0.65,0.65,18750,10250
1247,2022-07-08 13:02:00+05:30,0.65,0.65,0.65,0.65,11500,10250
1248,2022-07-08 13:03:00+05:30,0.65,0.65,0.65,0.65,10700,10250
1249,2022-07-08 13:04:00+05:30,0.65,0.65,0.65,0.65,18650,10250
1250,2022-07-08 13:05:00+05:30,0.65,0.65,0.65,0.65,9000,10250
1251,2022-07-08 13:06:00+05:30,0.6,0.6,0.6,0.6,50,10500
1252,2022-07-08 13:07:00+05:30,0.6,0.6,0.6,0.6,0,10500
1253,2022-07-08 13:08:00+05:30,0.6,0.6,0.6,0.6,0,10500
1254,2022-07-08 13:09:00+05:30,0.6,0.6,0.6,0.6,0,10500
1255,2022-07-08 13:10:00+05:30,0.6,0.6,0.6,0.6,0,10500
1256,2022-07-08 13:12:00+05:30,0.6,0.6,0.6,0.6,0,10500
1257,2022-07-08 13:13:00+05:30,0.6,0.6,0.6,0.6,0,10500
1258,2022-07-08 13:14:00+05:30,0.6,0.6,0.6,0.6,0,10500
1259,2022-07-08 13:15:00+05:30,0.6,0.6,0.6,0.6,0,10500
1260,2022-07-08 13:16:00+05:30,0.6,0.6,0.6,0.6,0,10500
1261,2022-07-08 13:17:00+05:30,0.6,0.6,0.6,0.6,0,10500
1262,2022-07-08 13:18:00+05:30,0.6,0.6,0.6,0.6,0,10500
1263,2022-07-08 13:19:00+05:30,0.6,0.6,0.6,0.6,0,10500
1264,2022-07-08 13:20:00+05:30,0.6,0.6,0.6,0.6,0,10500
1265,2022-07-08 13:22:00+05:30,0.6,0.6,0.6,0.6,0,10500
1266,2022-07-08 13:23:00+05:30,0.6,0.6,0.6,0.6,0,10500
1267,2022-07-08 13:24:00+05:30,0.6,0.6,0.6,0.6,0,10500
1268,2022-07-08 13:25:00+05:30,0.6,0.6,0.6,0.6,0,10500
1269,2022-07-08 13:26:00+05:30,0.6,0.6,0.6,0.6,0,10500
1270,2022-07-08 13:27:00+05:30,0.6,0.6,0.6,0.6,2500,10500
1271,2022-07-08 13:28:00+05:30,0.6,0.6,0.6,0.6,0,10500
1272,2022-07-08 13:29:00+05:30,0.6,0.6,0.6,0.6,0,10500
1273,2022-07-08 13:30:00+05:30,0.6,0.6,0.6,0.6,0,10500
1274,2022-07-08 13:31:00+05:30,0.6,0.6,0.6,0.6,0,10500
1275,2022-07-08 13:33:00+05:30,0.6,0.6,0.6,0.6,0,10500
1276,2022-07-08 13:34:00+05:30,0.6,0.6,0.6,0.6,0,10500
1277,2022-07-08 13:35:00+05:30,0.6,0.6,0.6,0.6,0,10500
1278,2022-07-08 13:36:00+05:30,0.6,0.6,0.6,0.6,0,10500
1279,2022-07-08 13:37:00+05:30,0.6,0.6,0.6,0.6,0,10500
1280,2022-07-08 13:38:00+05:30,0.6,0.6,0.6,0.6,0,10500
1281,2022-07-08 13:39:00+05:30,0.6,0.6,0.6,0.6,0,10500
1282,2022-07-08 13:40:00+05:30,0.6,0.6,0.6,0.6,0,10500
1283,2022-07-08 13:41:00+05:30,0.6,0.6,0.6,0.6,0,10500
1284,2022-07-08 13:42:00+05:30,0.6,0.6,0.6,0.6,0,10500
1285,2022-07-08 13:43:00+05:30,0.6,0.6,0.6,0.6,0,10500
1286,2022-07-08 13:44:00+05:30,0.6,0.6,0.6,0.6,0,10500
1287,2022-07-08 13:45:00+05:30,0.6,0.6,0.6,0.6,0,10500
1288,2022-07-08 13:46:00+05:30,0.6,0.6,0.6,0.6,0,10500
1289,2022-07-08 13:47:00+05:30,0.6,0.6,0.6,0.6,0,10500
1290,2022-07-08 13:48:00+05:30,0.6,0.6,0.6,0.6,0,10500
1291,2022-07-08 13:49:00+05:30,0.6,0.6,0.6,0.6,0,10500
1292,2022-07-08 13:50:00+05:30,0.6,0.6,0.6,0.6,0,10500
1293,2022-07-08 13:51:00+05:30,0.6,0.6,0.6,0.6,0,10500
1294,2022-07-08 13:52:00+05:30,0.6,0.6,0.6,0.6,0,10500
1295,2022-07-08 13:53:00+05:30,0.6,0.6,0.6,0.6,0,10500
1296,2022-07-08 13:54:00+05:30,0.6,0.6,0.6,0.6,0,10500
1297,2022-07-08 13:55:00+05:30,0.6,0.6,0.6,0.6,0,10500
1298,2022-07-08 13:56:00+05:30,0.6,0.6,0.6,0.6,0,10500
1299,2022-07-08 13:57:00+05:30,0.6,0.6,0.6,0.6,0,10500
1300,2022-07-08 13:58:00+05:30,0.6,0.6,0.6,0.6,0,10500
1301,2022-07-08 13:59:00+05:30,0.6,0.6,0.6,0.6,0,10500
1302,2022-07-08 14:00:00+05:30,0.6,0.6,0.6,0.6,0,10500
1303,2022-07-08 14:01:00+05:30,0.6,0.6,0.6,0.6,0,10500
1304,2022-07-08 14:02:00+05:30,0.6,0.6,0.6,0.6,0,10500
1305,2022-07-08 14:03:00+05:30,0.6,0.6,0.6,0.6,0,10500
1306,2022-07-08 14:05:00+05:30,0.6,0.6,0.6,0.6,0,10500
1307,2022-07-08 14:06:00+05:30,0.6,0.6,0.6,0.6,0,10500
1308,2022-07-08 14:07:00+05:30,0.6,0.6,0.6,0.6,0,10500
1309,2022-07-08 14:08:00+05:30,0.6,0.6,0.6,0.6,0,10500
1310,2022-07-08 14:09:00+05:30,0.6,0.6,0.6,0.6,0,10500
1311,2022-07-08 14:10:00+05:30,0.6,0.6,0.6,0.6,0,10500
1312,2022-07-08 14:11:00+05:30,0.6,0.6,0.6,0.6,0,10500
1313,2022-07-08 14:12:00+05:30,0.6,0.6,0.6,0.6,0,10500
1314,2022-07-08 14:13:00+05:30,0.6,0.6,0.6,0.6,0,10500
1315,2022-07-08 14:14:00+05:30,0.6,0.6,0.6,0.6,0,10500
1316,2022-07-08 14:15:00+05:30,0.6,0.6,0.6,0.6,0,10500
1317,2022-07-08 14:16:00+05:30,0.6,0.6,0.6,0.6,0,10500
1318,2022-07-08 14:17:00+05:30,0.6,0.6,0.6,0.6,0,10500
1319,2022-07-08 14:18:00+05:30,0.6,0.6,0.6,0.6,0,10500
1320,2022-07-08 14:19:00+05:30,0.6,0.6,0.6,0.6,0,10500
1321,2022-07-08 14:20:00+05:30,0.6,0.6,0.6,0.6,0,10500
1322,2022-07-08 14:21:00+05:30,0.6,0.6,0.6,0.6,0,10500
1323,2022-07-08 14:22:00+05:30,0.6,0.6,0.6,0.6,0,10500
1324,2022-07-08 14:23:00+05:30,0.6,0.6,0.6,0.6,2600,12850
1325,2022-07-08 14:24:00+05:30,0.6,0.6,0.6,0.6,0,12850
1326,2022-07-08 14:25:00+05:30,0.6,0.6,0.6,0.6,0,12850
1327,2022-07-08 14:26:00+05:30,0.6,0.6,0.6,0.6,0,12850
1328,2022-07-08 14:27:00+05:30,0.6,0.6,0.6,0.6,0,12850
1329,2022-07-08 14:28:00+05:30,0.6,0.6,0.55,0.6,0,14900
1330,2022-07-08 14:29:00+05:30,0.6,0.6,0.6,0.6,0,14900
1331,2022-07-08 14:30:00+05:30,0.6,0.6,0.6,0.6,0,14900
1332,2022-07-08 14:31:00+05:30,0.6,0.6,0.6,0.6,0,14900
1333,2022-07-08 14:32:00+05:30,0.6,0.6,0.6,0.6,0,14900
1334,2022-07-08 14:33:00+05:30,0.6,0.6,0.6,0.6,0,14900
1335,2022-07-08 14:34:00+05:30,0.6,0.6,0.6,0.6,0,14900
1336,2022-07-08 14:35:00+05:30,0.6,0.6,0.6,0.6,0,14900
1337,2022-07-08 14:36:00+05:30,0.6,0.65,0.6,0.65,50,14900
1338,2022-07-08 14:37:00+05:30,0.65,0.65,0.65,0.65,0,14900
1339,2022-07-08 14:38:00+05:30,0.65,0.65,0.65,0.65,0,14900
1340,2022-07-08 14:39:00+05:30,0.65,0.65,0.65,0.65,0,14900
1341,2022-07-08 14:40:00+05:30,0.65,0.65,0.65,0.65,0,14900
1342,2022-07-08 14:41:00+05:30,0.65,0.65,0.65,0.65,0,14900
1343,2022-07-08 14:42:00+05:30,0.65,0.65,0.65,0.65,0,14900
1344,2022-07-08 14:43:00+05:30,0.65,0.65,0.65,0.65,0,14900
1345,2022-07-08 14:44:00+05:30,0.65,0.65,0.65,0.65,0,14900
1346,2022-07-08 14:45:00+05:30,0.65,0.65,0.65,0.65,0,14900
1347,2022-07-08 14:46:00+05:30,0.65,0.65,0.65,0.65,0,14900
1348,2022-07-08 14:47:00+05:30,0.65,0.65,0.65,0.65,0,14900
1349,2022-07-08 14:48:00+05:30,0.65,0.65,0.65,0.65,0,14900
1350,2022-07-08 14:49:00+05:30,0.65,0.65,0.65,0.65,0,14900
1351,2022-07-08 14:50:00+05:30,0.65,0.65,0.65,0.65,0,14900
1352,2022-07-08 14:51:00+05:30,0.65,0.65,0.65,0.65,0,14900
1353,2022-07-08 14:53:00+05:30,0.65,0.65,0.65,0.65,0,14900
1354,2022-07-08 14:54:00+05:30,0.65,0.65,0.65,0.65,0,14900
1355,2022-07-08 14:55:00+05:30,0.65,0.65,0.65,0.65,0,14900
1356,2022-07-08 14:56:00+05:30,0.65,0.65,0.65,0.65,0,14900
1357,2022-07-08 14:57:00+05:30,0.65,0.65,0.65,0.65,0,14900
1358,2022-07-08 14:58:00+05:30,0.65,0.65,0.65,0.65,0,14900
1359,2022-07-08 14:59:00+05:30,0.65,0.65,0.65,0.65,0,14900
1360,2022-07-08 15:00:00+05:30,0.65,0.65,0.65,0.65,0,14900
1361,2022-07-08 15:01:00+05:30,0.65,0.65,0.65,0.65,0,14900
1362,2022-07-08 15:02:00+05:30,0.65,0.65,0.65,0.65,0,14900
1363,2022-07-08 15:03:00+05:30,0.65,0.65,0.65,0.65,0,14900
1364,2022-07-08 15:04:00+05:30,0.65,0.65,0.65,0.65,0,14900
1365,2022-07-08 15:05:00+05:30,0.65,0.65,0.65,0.65,0,14900
1366,2022-07-08 15:06:00+05:30,0.65,0.65,0.65,0.65,0,14900
1367,2022-07-08 15:07:00+05:30,0.65,0.65,0.65,0.65,0,14900
1368,2022-07-08 15:08:00+05:30,0.65,0.65,0.65,0.65,300,14800
1369,2022-07-08 15:09:00+05:30,0.65,0.65,0.65,0.65,0,14800
1370,2022-07-08 15:10:00+05:30,0.65,0.65,0.65,0.65,0,14800
1371,2022-07-08 15:11:00+05:30,0.65,0.65,0.65,0.65,0,14800
1372,2022-07-08 15:12:00+05:30,0.65,0.65,0.65,0.65,0,14800
1373,2022-07-08 15:13:00+05:30,0.65,0.65,0.65,0.65,0,14800
1374,2022-07-08 15:14:00+05:30,0.65,0.65,0.65,0.65,100,14500
1375,2022-07-08 15:15:00+05:30,0.65,0.65,0.65,0.65,600,14400
1376,2022-07-08 15:16:00+05:30,0.65,0.65,0.6,0.6,8550,14400
1377,2022-07-08 15:17:00+05:30,0.55,0.6,0.55,0.6,1200,14400
1378,2022-07-08 15:18:00+05:30,0.6,0.6,0.6,0.6,0,14400
1379,2022-07-08 15:19:00+05:30,0.6,0.6,0.6,0.6,350,13350
1380,2022-07-08 15:20:00+05:30,0.6,0.6,0.6,0.6,0,13350
1381,2022-07-08 15:21:00+05:30,0.6,0.6,0.6,0.6,0,13350
1382,2022-07-08 15:22:00+05:30,0.6,0.6,0.55,0.55,100,13350
1383,2022-07-08 15:23:00+05:30,0.55,0.55,0.55,0.55,0,13350
1384,2022-07-08 15:24:00+05:30,0.55,0.6,0.55,0.6,0,13350
1385,2022-07-08 15:25:00+05:30,0.6,0.6,0.55,0.6,450,13350
1386,2022-07-08 15:26:00+05:30,0.6,0.6,0.6,0.6,0,13350
1387,2022-07-08 15:27:00+05:30,0.6,0.6,0.55,0.55,700,13350
1388,2022-07-08 15:28:00+05:30,0.55,0.6,0.55,0.6,150,13350
1389,2022-07-08 15:29:00+05:30,0.6,0.6,0.55,0.6,400,13350
1390,2022-07-11 09:15:00+05:30,0.55,0.6,0.55,0.6,1050,12950
1391,2022-07-11 09:16:00+05:30,0.6,0.6,0.6,0.6,0,12950
1392,2022-07-11 09:17:00+05:30,0.6,0.6,0.6,0.6,0,12950
1393,2022-07-11 09:18:00+05:30,0.6,0.6,0.6,0.6,50,12950
1394,2022-07-11 09:19:00+05:30,0.6,0.6,0.55,0.6,500,12950
1395,2022-07-11 09:20:00+05:30,0.6,0.6,0.6,0.6,0,12950
1396,2022-07-11 09:21:00+05:30,0.6,0.6,0.6,0.6,400,12950
1397,2022-07-11 09:22:00+05:30,0.6,0.6,0.6,0.6,0,12950
1398,2022-07-11 09:23:00+05:30,0.6,0.6,0.6,0.6,0,12950
1399,2022-07-11 09:24:00+05:30,0.6,0.65,0.6,0.65,200,12950
1400,2022-07-11 09:25:00+05:30,0.65,0.65,0.65,0.65,0,12950
1401,2022-07-11 09:26:00+05:30,0.65,0.65,0.65,0.65,0,12950
1402,2022-07-11 09:27:00+05:30,0.65,0.65,0.65,0.65,200,12950
1403,2022-07-11 09:28:00+05:30,0.65,0.65,0.65,0.65,0,12950
1404,2022-07-11 09:29:00+05:30,0.65,0.65,0.65,0.65,0,12950
1405,2022-07-11 09:30:00+05:30,0.65,0.65,0.65,0.65,0,12950
1406,2022-07-11 09:31:00+05:30,0.65,0.65,0.65,0.65,100,12950
1407,2022-07-11 09:32:00+05:30,0.65,0.65,0.65,0.65,100,12900
1408,2022-07-11 09:33:00+05:30,0.65,0.65,0.65,0.65,0,12900
1409,2022-07-11 09:34:00+05:30,0.65,0.65,0.65,0.65,0,12900
1410,2022-07-11 09:35:00+05:30,0.65,0.65,0.65,0.65,0,12900
1411,2022-07-11 09:36:00+05:30,0.65,0.65,0.65,0.65,0,12900
1412,2022-07-11 09:37:00+05:30,0.65,0.65,0.65,0.65,0,12900
1413,2022-07-11 09:38:00+05:30,0.65,0.65,0.65,0.65,0,12900
1414,2022-07-11 09:39:00+05:30,0.65,0.65,0.65,0.65,0,12900
1415,2022-07-11 09:40:00+05:30,0.65,0.65,0.65,0.65,0,12900
1416,2022-07-11 09:41:00+05:30,0.65,0.65,0.65,0.65,0,12900
1417,2022-07-11 09:42:00+05:30,0.65,0.65,0.65,0.65,0,12900
1418,2022-07-11 09:43:00+05:30,0.65,0.65,0.65,0.65,0,12900
1419,2022-07-11 09:44:00+05:30,0.65,0.65,0.65,0.65,50,12900
1420,2022-07-11 09:45:00+05:30,0.65,0.65,0.65,0.65,0,12900
1421,2022-07-11 09:46:00+05:30,0.65,0.65,0.65,0.65,0,12900
1422,2022-07-11 09:47:00+05:30,0.65,0.65,0.65,0.65,0,12900
1423,2022-07-11 09:48:00+05:30,0.65,0.65,0.65,0.65,0,12900
1424,2022-07-11 09:49:00+05:30,0.65,0.65,0.65,0.65,0,12900
1425,2022-07-11 09:50:00+05:30,0.65,0.65,0.65,0.65,0,12900
1426,2022-07-11 09:51:00+05:30,0.6,0.6,0.55,0.55,1850,12900
1427,2022-07-11 09:52:00+05:30,0.55,0.55,0.55,0.55,0,12900
1428,2022-07-11 09:53:00+05:30,0.55,0.55,0.55,0.55,0,12900
1429,2022-07-11 09:54:00+05:30,0.55,0.55,0.55,0.55,0,12900
1430,2022-07-11 09:55:00+05:30,0.55,0.55,0.55,0.55,0,12900
1431,2022-07-11 09:56:00+05:30,0.55,0.55,0.55,0.55,0,12900
1432,2022-07-11 09:57:00+05:30,0.55,0.55,0.55,0.55,0,12900
1433,2022-07-11 10:00:00+05:30,0.55,0.55,0.55,0.55,0,12900
1434,2022-07-11 10:01:00+05:30,0.55,0.55,0.55,0.55,0,12900
1435,2022-07-11 10:02:00+05:30,0.55,0.55,0.55,0.55,0,12900
1436,2022-07-11 10:03:00+05:30,0.55,0.55,0.55,0.55,0,12900
1437,2022-07-11 10:04:00+05:30,0.55,0.55,0.55,0.55,0,12900
1438,2022-07-11 10:05:00+05:30,0.55,0.55,0.55,0.55,0,12900
1439,2022-07-11 10:06:00+05:30,0.55,0.55,0.55,0.55,0,12900
1440,2022-07-11 10:07:00+05:30,0.55,0.55,0.55,0.55,0,12900
1441,2022-07-11 10:08:00+05:30,0.55,0.55,0.55,0.55,0,12900
1442,2022-07-11 10:09:00+05:30,0.55,0.55,0.55,0.55,0,12900
1443,2022-07-11 10:10:00+05:30,0.55,0.55,0.55,0.55,0,12900
1444,2022-07-11 10:11:00+05:30,0.55,0.55,0.55,0.55,0,12900
1445,2022-07-11 10:12:00+05:30,0.55,0.6,0.55,0.6,0,14200
1446,2022-07-11 10:13:00+05:30,0.55,0.6,0.55,0.55,50,14200
1447,2022-07-11 10:14:00+05:30,0.55,0.55,0.55,0.55,0,14200
1448,2022-07-11 10:15:00+05:30,0.55,0.55,0.55,0.55,0,14200
1449,2022-07-11 10:16:00+05:30,0.55,0.55,0.55,0.55,0,14200
1450,2022-07-11 10:17:00+05:30,0.55,0.55,0.55,0.55,0,14200
1451,2022-07-11 10:18:00+05:30,0.55,0.55,0.55,0.55,0,14200
1452,2022-07-11 10:19:00+05:30,0.55,0.55,0.55,0.55,0,14200
1453,2022-07-11 10:20:00+05:30,0.55,0.55,0.55,0.55,0,14200
1454,2022-07-11 10:21:00+05:30,0.55,0.55,0.55,0.55,0,14200
1455,2022-07-11 10:22:00+05:30,0.55,0.55,0.55,0.55,0,14200
1456,2022-07-11 10:23:00+05:30,0.55,0.55,0.55,0.55,0,14200
1457,2022-07-11 10:24:00+05:30,0.55,0.55,0.55,0.55,0,14200
1458,2022-07-11 10:25:00+05:30,0.55,0.55,0.55,0.55,0,14200
1459,2022-07-11 10:26:00+05:30,0.55,0.55,0.55,0.55,0,14200
1460,2022-07-11 10:27:00+05:30,0.55,0.55,0.55,0.55,0,14200
1461,2022-07-11 10:28:00+05:30,0.55,0.55,0.55,0.55,0,14200
1462,2022-07-11 10:29:00+05:30,0.55,0.55,0.55,0.55,0,14200
1463,2022-07-11 10:30:00+05:30,0.55,0.55,0.55,0.55,0,14200
1464,2022-07-11 10:31:00+05:30,0.55,0.55,0.55,0.55,0,14200
1465,2022-07-11 10:32:00+05:30,0.55,0.55,0.55,0.55,0,14200
1466,2022-07-11 10:33:00+05:30,0.55,0.55,0.55,0.55,0,14200
1467,2022-07-11 10:34:00+05:30,0.55,0.55,0.55,0.55,0,14200
1468,2022-07-11 10:35:00+05:30,0.55,0.55,0.55,0.55,0,14200
1469,2022-07-11 10:36:00+05:30,0.55,0.55,0.55,0.55,0,14200
1470,2022-07-11 10:37:00+05:30,0.55,0.55,0.55,0.55,0,14200
1471,2022-07-11 10:38:00+05:30,0.55,0.55,0.55,0.55,0,14200
1472,2022-07-11 10:39:00+05:30,0.55,0.55,0.55,0.55,0,14200
1473,2022-07-11 10:40:00+05:30,0.55,0.55,0.55,0.55,0,14200
1474,2022-07-11 10:41:00+05:30,0.55,0.55,0.55,0.55,0,14200
1475,2022-07-11 10:42:00+05:30,0.55,0.55,0.55,0.55,0,14200
1476,2022-07-11 10:43:00+05:30,0.55,0.55,0.55,0.55,0,14200
1477,2022-07-11 10:44:00+05:30,0.55,0.55,0.55,0.55,0,14200
1478,2022-07-11 10:45:00+05:30,0.55,0.55,0.55,0.55,0,14200
1479,2022-07-11 10:47:00+05:30,0.55,0.55,0.55,0.55,0,14200
1480,2022-07-11 10:48:00+05:30,0.55,0.55,0.55,0.55,0,14200
1481,2022-07-11 10:49:00+05:30,0.55,0.55,0.55,0.55,0,14200
1482,2022-07-11 10:50:00+05:30,0.55,0.55,0.55,0.55,0,14200
1483,2022-07-11 10:51:00+05:30,0.55,0.55,0.55,0.55,0,14200
1484,2022-07-11 10:53:00+05:30,0.55,0.55,0.55,0.55,0,14200
1485,2022-07-11 10:54:00+05:30,0.55,0.55,0.55,0.55,0,14200
1486,2022-07-11 10:55:00+05:30,0.55,0.55,0.55,0.55,0,14200
1487,2022-07-11 10:56:00+05:30,0.55,0.55,0.55,0.55,0,14200
1488,2022-07-11 11:01:00+05:30,0.55,0.55,0.55,0.55,0,14200
1489,2022-07-11 11:02:00+05:30,0.55,0.55,0.55,0.55,0,14200
1490,2022-07-11 11:04:00+05:30,0.55,0.55,0.55,0.55,0,14200
1491,2022-07-11 11:06:00+05:30,0.55,0.55,0.55,0.55,0,14200
1492,2022-07-11 11:10:00+05:30,0.55,0.55,0.55,0.55,0,14200
1493,2022-07-11 11:12:00+05:30,0.55,0.55,0.55,0.55,0,14200
1494,2022-07-11 11:13:00+05:30,0.55,0.55,0.55,0.55,0,14200
1495,2022-07-11 11:14:00+05:30,0.55,0.55,0.55,0.55,9700,14200
1496,2022-07-11 11:15:00+05:30,0.55,0.55,0.55,0.55,20000,14200
1497,2022-07-11 11:16:00+05:30,0.55,0.55,0.55,0.55,18000,14200
1498,2022-07-11 11:17:00+05:30,0.55,0.55,0.55,0.55,12150,14200
1499,2022-07-11 11:18:00+05:30,0.55,0.55,0.55,0.55,17400,14650
1500,2022-07-11 11:19:00+05:30,0.55,0.55,0.55,0.55,17250,14650
1501,2022-07-11 11:20:00+05:30,0.55,0.55,0.55,0.55,18450,16550
1502,2022-07-11 11:21:00+05:30,0.55,0.55,0.55,0.55,16350,16550
1503,2022-07-11 11:22:00+05:30,0.55,0.55,0.55,0.55,8000,16550
1504,2022-07-11 11:23:00+05:30,0.55,0.55,0.55,0.55,0,16550
1505,2022-07-11 11:24:00+05:30,0.55,0.55,0.55,0.55,0,16550
1506,2022-07-11 11:25:00+05:30,0.55,0.55,0.55,0.55,0,16550
1507,2022-07-11 11:26:00+05:30,0.55,0.55,0.55,0.55,0,16550
1508,2022-07-11 11:27:00+05:30,0.55,0.55,0.55,0.55,18350,14650
1509,2022-07-11 11:28:00+05:30,0.55,0.55,0.55,0.55,35300,14650
1510,2022-07-11 11:29:00+05:30,0.55,0.55,0.55,0.55,7750,14650
1511,2022-07-11 11:30:00+05:30,0.55,0.55,0.55,0.55,13400,14650
1512,2022-07-11 11:31:00+05:30,0.55,0.55,0.55,0.55,20850,14650
1513,2022-07-11 11:32:00+05:30,0.55,0.55,0.55,0.55,15000,17200
1514,2022-07-11 11:33:00+05:30,0.55,0.55,0.55,0.55,9000,17200
1515,2022-07-11 11:34:00+05:30,0.55,0.55,0.55,0.55,5950,17200
1516,2022-07-11 11:35:00+05:30,0.55,0.55,0.55,0.55,350,14650
1517,2022-07-11 11:36:00+05:30,0.55,0.55,0.5,0.55,8400,14650
1518,2022-07-11 11:37:00+05:30,0.55,0.55,0.55,0.55,0,14650
1519,2022-07-11 11:38:00+05:30,0.55,0.55,0.55,0.55,0,14650
1520,2022-07-11 11:39:00+05:30,0.55,0.55,0.55,0.55,0,14650
1521,2022-07-11 11:40:00+05:30,0.55,0.55,0.55,0.55,0,14650
1522,2022-07-11 11:41:00+05:30,0.55,0.55,0.55,0.55,0,14650
1523,2022-07-11 11:42:00+05:30,0.55,0.55,0.55,0.55,0,14650
1524,2022-07-11 11:43:00+05:30,0.55,0.55,0.55,0.55,0,14650
1525,2022-07-11 11:44:00+05:30,0.55,0.55,0.55,0.55,0,14650
1526,2022-07-11 11:45:00+05:30,0.55,0.55,0.55,0.55,0,14650
1527,2022-07-11 11:46:00+05:30,0.55,0.55,0.55,0.55,0,14650
1528,2022-07-11 11:47:00+05:30,0.55,0.55,0.55,0.55,0,14650
1529,2022-07-11 11:48:00+05:30,0.55,0.55,0.55,0.55,0,14650
1530,2022-07-11 11:49:00+05:30,0.55,0.55,0.55,0.55,0,14650
1531,2022-07-11 11:50:00+05:30,0.55,0.55,0.55,0.55,0,14650
1532,2022-07-11 11:52:00+05:30,0.55,0.55,0.55,0.55,0,14650
1533,2022-07-11 11:53:00+05:30,0.55,0.55,0.55,0.55,0,14650
1534,2022-07-11 11:54:00+05:30,0.55,0.55,0.55,0.55,0,14650
1535,2022-07-11 11:55:00+05:30,0.55,0.55,0.55,0.55,0,14650
1536,2022-07-11 11:57:00+05:30,0.55,0.55,0.55,0.55,0,14650
1537,2022-07-11 11:59:00+05:30,0.55,0.55,0.55,0.55,0,14650
1538,2022-07-11 12:00:00+05:30,0.55,0.55,0.55,0.55,0,14650
1539,2022-07-11 12:01:00+05:30,0.55,0.55,0.55,0.55,0,14650
1540,2022-07-11 12:02:00+05:30,0.55,0.55,0.55,0.55,0,14650
1541,2022-07-11 12:03:00+05:30,0.55,0.55,0.55,0.55,0,14650
1542,2022-07-11 12:04:00+05:30,0.55,0.55,0.55,0.55,0,14650
1543,2022-07-11 12:05:00+05:30,0.55,0.55,0.55,0.55,0,14650
1544,2022-07-11 12:06:00+05:30,0.55,0.55,0.55,0.55,0,14650
1545,2022-07-11 12:07:00+05:30,0.55,0.55,0.55,0.55,0,14650
1546,2022-07-11 12:08:00+05:30,0.55,0.55,0.55,0.55,0,14650
1547,2022-07-11 12:09:00+05:30,0.55,0.55,0.55,0.55,0,14650
1548,2022-07-11 12:10:00+05:30,0.55,0.55,0.55,0.55,0,14650
1549,2022-07-11 12:11:00+05:30,0.55,0.6,0.55,0.6,200,15200
1550,2022-07-11 12:12:00+05:30,0.6,0.6,0.6,0.6,200,15200
1551,2022-07-11 12:13:00+05:30,0.6,0.6,0.55,0.55,500,15200
1552,2022-07-11 12:14:00+05:30,0.55,0.55,0.55,0.55,0,15200
1553,2022-07-11 12:15:00+05:30,0.55,0.6,0.5,0.5,50,14200
1554,2022-07-11 12:17:00+05:30,0.5,0.5,0.5,0.5,0,14200
1555,2022-07-11 12:18:00+05:30,0.5,0.5,0.5,0.5,0,14200
1556,2022-07-11 12:19:00+05:30,0.5,0.5,0.5,0.5,0,14200
1557,2022-07-11 12:20:00+05:30,0.5,0.5,0.5,0.5,0,14200
1558,2022-07-11 12:21:00+05:30,0.5,0.5,0.5,0.5,0,14200
1559,2022-07-11 12:24:00+05:30,0.5,0.5,0.5,0.5,0,14200
1560,2022-07-11 12:25:00+05:30,0.5,0.5,0.5,0.5,0,14200
1561,2022-07-11 12:28:00+05:30,0.5,0.5,0.5,0.5,0,14200
1562,2022-07-11 12:29:00+05:30,0.5,0.5,0.5,0.5,0,14200
1563,2022-07-11 12:30:00+05:30,0.5,0.5,0.5,0.5,50,14200
1564,2022-07-11 12:31:00+05:30,0.5,0.5,0.5,0.5,0,14200
1565,2022-07-11 12:32:00+05:30,0.5,0.5,0.5,0.5,0,14200
1566,2022-07-11 12:33:00+05:30,0.5,0.5,0.5,0.5,0,14200
1567,2022-07-11 12:34:00+05:30,0.5,0.5,0.5,0.5,0,14200
1568,2022-07-11 12:35:00+05:30,0.5,0.5,0.5,0.5,0,14200
1569,2022-07-11 12:36:00+05:30,0.5,0.5,0.5,0.5,0,14200
1570,2022-07-11 12:37:00+05:30,0.5,0.5,0.5,0.5,0,14200
1571,2022-07-11 12:38:00+05:30,0.5,0.5,0.5,0.5,0,14200
1572,2022-07-11 12:39:00+05:30,0.5,0.5,0.5,0.5,0,14200
1573,2022-07-11 12:40:00+05:30,0.5,0.5,0.5,0.5,0,14200
1574,2022-07-11 12:41:00+05:30,0.5,0.5,0.5,0.5,50,14200
1575,2022-07-11 12:42:00+05:30,0.5,0.55,0.5,0.55,0,14200
1576,2022-07-11 12:43:00+05:30,0.55,0.55,0.55,0.55,0,14200
1577,2022-07-11 12:44:00+05:30,0.55,0.55,0.55,0.55,0,14200
1578,2022-07-11 12:45:00+05:30,0.55,0.55,0.55,0.55,0,14200
1579,2022-07-11 12:46:00+05:30,0.55,0.55,0.55,0.55,0,14200
1580,2022-07-11 12:47:00+05:30,0.55,0.55,0.55,0.55,0,14200
1581,2022-07-11 12:48:00+05:30,0.55,0.55,0.55,0.55,0,14200
1582,2022-07-11 12:49:00+05:30,0.55,0.55,0.55,0.55,0,14200
1583,2022-07-11 12:50:00+05:30,0.55,0.55,0.55,0.55,0,14200
1584,2022-07-11 12:51:00+05:30,0.55,0.55,0.55,0.55,4550,14650
1585,2022-07-11 12:52:00+05:30,0.55,0.55,0.55,0.55,0,14650
1586,2022-07-11 12:53:00+05:30,0.55,0.55,0.55,0.55,0,14650
1587,2022-07-11 12:54:00+05:30,0.55,0.55,0.55,0.55,0,14650
1588,2022-07-11 12:55:00+05:30,0.55,0.55,0.55,0.55,0,14650
1589,2022-07-11 12:56:00+05:30,0.55,0.55,0.55,0.55,0,14650
1590,2022-07-11 12:57:00+05:30,0.55,0.55,0.55,0.55,0,14650
1591,2022-07-11 12:58:00+05:30,0.55,0.6,0.55,0.6,6250,21150
1592,2022-07-11 12:59:00+05:30,0.6,0.6,0.6,0.6,0,21150
1593,2022-07-11 13:00:00+05:30,0.6,0.6,0.6,0.6,0,21150
1594,2022-07-11 13:01:00+05:30,0.6,0.6,0.6,0.6,0,21150
1595,2022-07-11 13:02:00+05:30,0.65,0.65,0.65,0.65,500,15450
1596,2022-07-11 13:03:00+05:30,0.65,0.65,0.65,0.65,0,15450
1597,2022-07-11 13:04:00+05:30,0.65,0.65,0.65,0.65,0,15450
1598,2022-07-11 13:05:00+05:30,0.65,0.65,0.65,0.65,0,15450
1599,2022-07-11 13:06:00+05:30,0.65,0.65,0.65,0.65,0,15450
1600,2022-07-11 13:07:00+05:30,0.65,0.65,0.6,0.6,100,15600
1601,2022-07-11 13:08:00+05:30,0.6,0.6,0.6,0.6,0,15600
1602,2022-07-11 13:09:00+05:30,0.6,0.6,0.6,0.6,0,15600
1603,2022-07-11 13:10:00+05:30,0.6,0.6,0.6,0.6,0,15600
1604,2022-07-11 13:11:00+05:30,0.6,0.6,0.6,0.6,0,15600
1605,2022-07-11 13:12:00+05:30,0.6,0.6,0.6,0.6,0,15600
1606,2022-07-11 13:13:00+05:30,0.6,0.6,0.6,0.6,0,15600
1607,2022-07-11 13:14:00+05:30,0.6,0.6,0.6,0.6,0,15600
1608,2022-07-11 13:15:00+05:30,0.6,0.6,0.6,0.6,0,15600
1609,2022-07-11 13:16:00+05:30,0.6,0.6,0.6,0.6,0,15600
1610,2022-07-11 13:17:00+05:30,0.6,0.6,0.6,0.6,0,15600
1611,2022-07-11 13:18:00+05:30,0.6,0.6,0.6,0.6,0,15600
1612,2022-07-11 13:19:00+05:30,0.6,0.6,0.6,0.6,0,15600
1613,2022-07-11 13:20:00+05:30,0.6,0.6,0.6,0.6,0,15600
1614,2022-07-11 13:21:00+05:30,0.6,0.6,0.6,0.6,0,15600
1615,2022-07-11 13:22:00+05:30,0.6,0.6,0.6,0.6,0,15600
1616,2022-07-11 13:23:00+05:30,0.6,0.6,0.6,0.6,0,15600
1617,2022-07-11 13:24:00+05:30,0.6,0.6,0.6,0.6,0,15600
1618,2022-07-11 13:25:00+05:30,0.6,0.6,0.6,0.6,0,15600
1619,2022-07-11 13:26:00+05:30,0.6,0.6,0.6,0.6,16600,18300
1620,2022-07-11 13:27:00+05:30,0.6,0.6,0.6,0.6,8400,18300
1621,2022-07-11 13:28:00+05:30,0.6,0.6,0.6,0.6,2150,18300
1622,2022-07-11 13:29:00+05:30,0.6,0.6,0.6,0.6,8850,18300
1623,2022-07-11 13:30:00+05:30,0.6,0.6,0.6,0.6,0,18300
1624,2022-07-11 13:31:00+05:30,0.6,0.6,0.6,0.6,0,18300
1625,2022-07-11 13:32:00+05:30,0.6,0.6,0.6,0.6,0,18300
1626,2022-07-11 13:33:00+05:30,0.6,0.6,0.6,0.6,0,18300
1627,2022-07-11 13:34:00+05:30,0.6,0.6,0.6,0.6,0,18300
1628,2022-07-11 13:35:00+05:30,0.6,0.6,0.6,0.6,0,18300
1629,2022-07-11 13:36:00+05:30,0.6,0.6,0.6,0.6,0,18300
1630,2022-07-11 13:37:00+05:30,0.6,0.6,0.6,0.6,0,18300
1631,2022-07-11 13:38:00+05:30,0.6,0.6,0.6,0.6,0,18300
1632,2022-07-11 13:39:00+05:30,0.6,0.6,0.6,0.6,0,18300
1633,2022-07-11 13:40:00+05:30,0.6,0.6,0.6,0.6,0,18300
1634,2022-07-11 13:41:00+05:30,0.6,0.6,0.6,0.6,0,18300
1635,2022-07-11 13:42:00+05:30,0.6,0.65,0.6,0.65,50,15600
1636,2022-07-11 13:43:00+05:30,0.65,0.65,0.55,0.55,50,15600
1637,2022-07-11 13:44:00+05:30,0.55,0.55,0.55,0.55,0,15600
1638,2022-07-11 13:45:00+05:30,0.55,0.55,0.55,0.55,0,15600
1639,2022-07-11 13:46:00+05:30,0.55,0.55,0.55,0.55,0,15600
1640,2022-07-11 13:47:00+05:30,0.55,0.55,0.55,0.55,0,15600
1641,2022-07-11 13:48:00+05:30,0.55,0.55,0.55,0.55,0,15600
1642,2022-07-11 13:49:00+05:30,0.55,0.55,0.55,0.55,0,15600
1643,2022-07-11 13:50:00+05:30,0.55,0.55,0.55,0.55,0,15600
1644,2022-07-11 13:52:00+05:30,0.55,0.55,0.55,0.55,0,15600
1645,2022-07-11 13:53:00+05:30,0.55,0.55,0.55,0.55,0,15600
1646,2022-07-11 13:54:00+05:30,0.55,0.55,0.55,0.55,0,15600
1647,2022-07-11 13:55:00+05:30,0.55,0.55,0.55,0.55,0,15600
1648,2022-07-11 13:56:00+05:30,0.55,0.55,0.55,0.55,0,15600
1649,2022-07-11 13:57:00+05:30,0.55,0.55,0.55,0.55,0,15600
1650,2022-07-11 13:58:00+05:30,0.55,0.55,0.55,0.55,0,15600
1651,2022-07-11 13:59:00+05:30,0.55,0.55,0.55,0.55,0,15600
1652,2022-07-11 14:00:00+05:30,0.55,0.55,0.55,0.55,0,15600
1653,2022-07-11 14:01:00+05:30,0.55,0.55,0.55,0.55,0,15600
1654,2022-07-11 14:02:00+05:30,0.55,0.55,0.55,0.55,0,15600
1655,2022-07-11 14:03:00+05:30,0.55,0.55,0.55,0.55,0,15600
1656,2022-07-11 14:04:00+05:30,0.55,0.55,0.55,0.55,50,15600
1657,2022-07-11 14:05:00+05:30,0.55,0.55,0.55,0.55,0,15600
1658,2022-07-11 14:06:00+05:30,0.55,0.55,0.55,0.55,0,15600
1659,2022-07-11 14:07:00+05:30,0.55,0.55,0.55,0.55,0,15600
1660,2022-07-11 14:08:00+05:30,0.55,0.55,0.55,0.55,0,15600
1661,2022-07-11 14:09:00+05:30,0.55,0.55,0.55,0.55,0,15600
1662,2022-07-11 14:10:00+05:30,0.55,0.55,0.55,0.55,0,15600
1663,2022-07-11 14:11:00+05:30,0.55,0.55,0.55,0.55,0,15600
1664,2022-07-11 14:12:00+05:30,0.65,0.65,0.55,0.55,50,15600
1665,2022-07-11 14:13:00+05:30,0.55,0.55,0.55,0.55,0,15600
1666,2022-07-11 14:14:00+05:30,0.55,0.55,0.55,0.55,0,15600
1667,2022-07-11 14:15:00+05:30,0.55,0.55,0.55,0.55,0,15600
1668,2022-07-11 14:16:00+05:30,0.55,0.55,0.55,0.55,0,15600
1669,2022-07-11 14:17:00+05:30,0.55,0.55,0.55,0.55,0,15600
1670,2022-07-11 14:18:00+05:30,0.55,0.55,0.55,0.55,0,15600
1671,2022-07-11 14:19:00+05:30,0.55,0.55,0.55,0.55,0,15600
1672,2022-07-11 14:20:00+05:30,0.55,0.55,0.55,0.55,0,15600
1673,2022-07-11 14:21:00+05:30,0.55,0.55,0.55,0.55,0,15600
1674,2022-07-11 14:22:00+05:30,0.55,0.55,0.55,0.55,0,15600
1675,2022-07-11 14:23:00+05:30,0.55,0.55,0.55,0.55,0,15600
1676,2022-07-11 14:24:00+05:30,0.55,0.55,0.55,0.55,0,15600
1677,2022-07-11 14:25:00+05:30,0.55,0.55,0.55,0.55,0,15600
1678,2022-07-11 14:26:00+05:30,0.55,0.55,0.55,0.55,0,15600
1679,2022-07-11 14:27:00+05:30,0.55,0.55,0.55,0.55,0,15600
1680,2022-07-11 14:28:00+05:30,0.55,0.55,0.55,0.55,0,15600
1681,2022-07-11 14:29:00+05:30,0.55,0.55,0.55,0.55,0,15600
1682,2022-07-11 14:30:00+05:30,0.55,0.55,0.55,0.55,0,15600
1683,2022-07-11 14:33:00+05:30,0.55,0.55,0.55,0.55,0,15600
1684,2022-07-11 14:36:00+05:30,0.55,0.55,0.55,0.55,0,15600
1685,2022-07-11 14:37:00+05:30,0.55,0.55,0.55,0.55,0,15600
1686,2022-07-11 14:40:00+05:30,0.55,0.55,0.55,0.55,0,15600
1687,2022-07-11 14:41:00+05:30,0.55,0.55,0.55,0.55,3600,15600
1688,2022-07-11 14:42:00+05:30,0.55,0.55,0.55,0.55,0,15600
1689,2022-07-11 14:43:00+05:30,0.55,0.55,0.55,0.55,0,15600
1690,2022-07-11 14:44:00+05:30,0.55,0.55,0.55,0.55,0,15600
1691,2022-07-11 14:45:00+05:30,0.55,0.55,0.55,0.55,0,15600
1692,2022-07-11 14:46:00+05:30,0.55,0.55,0.55,0.55,0,15600
1693,2022-07-11 14:47:00+05:30,0.55,0.55,0.55,0.55,0,15600
1694,2022-07-11 14:48:00+05:30,0.55,0.55,0.55,0.55,0,15600
1695,2022-07-11 14:49:00+05:30,0.55,0.55,0.55,0.55,0,15600
1696,2022-07-11 14:50:00+05:30,0.55,0.55,0.55,0.55,0,15600
1697,2022-07-11 14:51:00+05:30,0.55,0.55,0.55,0.55,0,15600
1698,2022-07-11 14:52:00+05:30,0.55,0.55,0.55,0.55,0,15600
1699,2022-07-11 14:54:00+05:30,0.55,0.55,0.55,0.55,0,15600
1700,2022-07-11 14:55:00+05:30,0.55,0.55,0.55,0.55,0,15600
1701,2022-07-11 14:56:00+05:30,0.55,0.55,0.55,0.55,0,15600
1702,2022-07-11 14:57:00+05:30,0.55,0.55,0.55,0.55,0,15600
1703,2022-07-11 14:58:00+05:30,0.55,0.55,0.55,0.55,0,15600
1704,2022-07-11 14:59:00+05:30,0.55,0.55,0.55,0.55,0,15600
1705,2022-07-11 15:00:00+05:30,0.55,0.55,0.55,0.55,0,15600
1706,2022-07-11 15:01:00+05:30,0.55,0.55,0.5,0.5,450,15600
1707,2022-07-11 15:02:00+05:30,0.5,0.5,0.5,0.5,0,15600
1708,2022-07-11 15:03:00+05:30,0.5,0.5,0.5,0.5,0,15600
1709,2022-07-11 15:04:00+05:30,0.5,0.5,0.5,0.5,0,15600
1710,2022-07-11 15:05:00+05:30,0.5,0.5,0.5,0.5,0,15600
1711,2022-07-11 15:06:00+05:30,0.5,0.5,0.5,0.5,0,15600
1712,2022-07-11 15:07:00+05:30,0.5,0.5,0.5,0.5,50,15600
1713,2022-07-11 15:08:00+05:30,0.5,0.5,0.5,0.5,0,15600
1714,2022-07-11 15:09:00+05:30,0.55,0.55,0.55,0.55,50,15600
1715,2022-07-11 15:10:00+05:30,0.55,0.55,0.55,0.55,0,15600
1716,2022-07-11 15:11:00+05:30,0.55,0.55,0.55,0.55,0,15600
1717,2022-07-11 15:12:00+05:30,0.55,0.55,0.55,0.55,0,15600
1718,2022-07-11 15:13:00+05:30,0.55,0.55,0.55,0.55,0,15600
1719,2022-07-11 15:14:00+05:30,0.55,0.55,0.55,0.55,0,15600
1720,2022-07-11 15:15:00+05:30,0.55,0.55,0.55,0.55,0,15600
1721,2022-07-11 15:16:00+05:30,0.55,0.55,0.55,0.55,0,15600
1722,2022-07-11 15:17:00+05:30,0.55,0.55,0.55,0.55,0,15600
1723,2022-07-11 15:18:00+05:30,0.55,0.55,0.55,0.55,400,15600
1724,2022-07-11 15:19:00+05:30,0.55,0.55,0.55,0.55,0,15600
1725,2022-07-11 15:20:00+05:30,0.55,0.55,0.55,0.55,0,15600
1726,2022-07-11 15:21:00+05:30,0.55,0.55,0.55,0.55,0,15600
1727,2022-07-11 15:22:00+05:30,0.55,0.55,0.55,0.55,0,15600
1728,2022-07-11 15:23:00+05:30,0.55,0.55,0.55,0.55,0,15600
1729,2022-07-11 15:24:00+05:30,0.55,0.55,0.55,0.55,0,15600
1730,2022-07-11 15:25:00+05:30,0.5,0.5,0.5,0.5,300,15600
1731,2022-07-11 15:26:00+05:30,0.5,0.5,0.5,0.5,0,15600
1732,2022-07-11 15:27:00+05:30,0.5,0.5,0.5,0.5,0,15600
1733,2022-07-11 15:28:00+05:30,0.5,0.55,0.5,0.55,150,15600
1734,2022-07-11 15:29:00+05:30,0.55,0.55,0.5,0.5,100,15600
1735,2022-07-12 09:25:00+05:30,0.55,0.55,0.55,0.55,300,15450
1736,2022-07-12 09:26:00+05:30,0.55,0.55,0.55,0.55,0,15450
1737,2022-07-12 09:27:00+05:30,0.55,0.55,0.55,0.55,0,15450
1738,2022-07-12 09:28:00+05:30,0.55,0.55,0.55,0.55,0,15450
1739,2022-07-12 09:29:00+05:30,0.55,0.55,0.55,0.55,0,15450
1740,2022-07-12 09:30:00+05:30,0.55,0.55,0.55,0.55,0,15450
1741,2022-07-12 09:31:00+05:30,0.55,0.55,0.55,0.55,0,15450
1742,2022-07-12 09:32:00+05:30,0.55,0.55,0.55,0.55,0,15450
1743,2022-07-12 09:34:00+05:30,0.55,0.55,0.55,0.55,100,15100
1744,2022-07-12 09:38:00+05:30,0.55,0.55,0.55,0.55,550,15100
1745,2022-07-12 09:39:00+05:30,0.55,0.55,0.55,0.55,0,15100
1746,2022-07-12 09:40:00+05:30,0.55,0.55,0.55,0.55,0,15100
1747,2022-07-12 09:41:00+05:30,0.55,0.55,0.55,0.55,0,15100
1748,2022-07-12 09:42:00+05:30,0.55,0.55,0.55,0.55,0,15100
1749,2022-07-12 09:43:00+05:30,0.55,0.55,0.55,0.55,0,15100
1750,2022-07-12 09:44:00+05:30,0.55,0.55,0.55,0.55,0,15100
1751,2022-07-12 09:45:00+05:30,0.55,0.55,0.55,0.55,750,15450
1752,2022-07-12 09:46:00+05:30,0.55,0.55,0.55,0.55,300,15450
1753,2022-07-12 09:47:00+05:30,0.55,0.55,0.55,0.55,0,15450
1754,2022-07-12 09:48:00+05:30,0.55,0.55,0.55,0.55,0,15450
1755,2022-07-12 09:49:00+05:30,0.55,0.55,0.55,0.55,0,15450
1756,2022-07-12 09:50:00+05:30,0.55,0.55,0.55,0.55,0,15450
1757,2022-07-12 09:51:00+05:30,0.55,0.55,0.55,0.55,0,15450
1758,2022-07-12 09:52:00+05:30,0.55,0.55,0.55,0.55,0,15450
1759,2022-07-12 09:53:00+05:30,0.55,0.55,0.55,0.55,0,15450
1760,2022-07-12 09:54:00+05:30,0.55,0.55,0.55,0.55,0,15450
1761,2022-07-12 09:55:00+05:30,0.55,0.55,0.55,0.55,0,15450
1762,2022-07-12 09:56:00+05:30,0.55,0.55,0.55,0.55,0,15450
1763,2022-07-12 09:57:00+05:30,0.55,0.55,0.55,0.55,0,15450
1764,2022-07-12 09:58:00+05:30,0.55,0.55,0.55,0.55,0,15450
1765,2022-07-12 09:59:00+05:30,0.55,0.55,0.55,0.55,0,15450
1766,2022-07-12 10:01:00+05:30,0.55,0.55,0.55,0.55,0,15450
1767,2022-07-12 10:02:00+05:30,0.55,0.55,0.55,0.55,0,15450
1768,2022-07-12 10:03:00+05:30,0.55,0.55,0.55,0.55,0,15450
1769,2022-07-12 10:04:00+05:30,0.55,0.55,0.55,0.55,0,15450
1770,2022-07-12 10:05:00+05:30,0.55,0.55,0.55,0.55,0,15450
1771,2022-07-12 10:06:00+05:30,0.55,0.55,0.55,0.55,0,15450
1772,2022-07-12 10:07:00+05:30,0.55,0.55,0.55,0.55,0,15450
1773,2022-07-12 10:08:00+05:30,0.55,0.55,0.45,0.45,50,15150
1774,2022-07-12 10:09:00+05:30,0.45,0.45,0.45,0.45,0,15150
1775,2022-07-12 10:10:00+05:30,0.45,0.45,0.45,0.45,0,15150
1776,2022-07-12 10:11:00+05:30,0.45,0.45,0.45,0.45,0,15150
1777,2022-07-12 10:12:00+05:30,0.45,0.45,0.45,0.45,50,15150
1778,2022-07-12 10:13:00+05:30,0.45,0.45,0.45,0.45,0,15150
1779,2022-07-12 10:14:00+05:30,0.45,0.55,0.45,0.45,400,15150
1780,2022-07-12 10:15:00+05:30,0.45,0.5,0.45,0.5,150,15150
1781,2022-07-12 10:16:00+05:30,0.5,0.5,0.5,0.5,0,15150
1782,2022-07-12 10:17:00+05:30,0.5,0.5,0.5,0.5,0,15150
1783,2022-07-12 10:18:00+05:30,0.5,0.5,0.5,0.5,0,15150
1784,2022-07-12 10:19:00+05:30,0.5,0.5,0.5,0.5,0,15150
1785,2022-07-12 10:20:00+05:30,0.5,0.5,0.45,0.45,50,15150
1786,2022-07-12 10:21:00+05:30,0.45,0.45,0.45,0.45,0,15150
1787,2022-07-12 10:22:00+05:30,0.45,0.45,0.45,0.45,0,15150
1788,2022-07-12 10:23:00+05:30,0.45,0.45,0.45,0.45,0,15150
1789,2022-07-12 10:24:00+05:30,0.45,0.45,0.45,0.45,0,15150
1790,2022-07-12 10:25:00+05:30,0.45,0.45,0.45,0.45,0,15150
1791,2022-07-12 10:26:00+05:30,0.45,0.45,0.45,0.45,0,15150
1792,2022-07-12 10:27:00+05:30,0.45,0.45,0.45,0.45,0,15150
1793,2022-07-12 10:28:00+05:30,0.45,0.45,0.45,0.45,0,15150
1794,2022-07-12 10:29:00+05:30,0.45,0.45,0.45,0.45,0,15150
1795,2022-07-12 10:30:00+05:30,0.45,0.45,0.45,0.45,0,15150
1796,2022-07-12 10:31:00+05:30,0.45,0.45,0.45,0.45,0,15150
1797,2022-07-12 10:32:00+05:30,0.45,0.45,0.45,0.45,0,15150
1798,2022-07-12 10:33:00+05:30,0.45,0.45,0.45,0.45,0,15150
1799,2022-07-12 10:34:00+05:30,0.45,0.45,0.45,0.45,0,15150
1800,2022-07-12 10:35:00+05:30,0.45,0.45,0.45,0.45,0,15150
1801,2022-07-12 10:36:00+05:30,0.45,0.45,0.45,0.45,0,15150
1802,2022-07-12 10:37:00+05:30,0.45,0.5,0.45,0.45,50,15150
1803,2022-07-12 10:38:00+05:30,0.45,0.45,0.45,0.45,0,15150
1804,2022-07-12 10:39:00+05:30,0.45,0.5,0.45,0.45,0,15150
1805,2022-07-12 10:40:00+05:30,0.45,0.45,0.45,0.45,0,15150
1806,2022-07-12 10:41:00+05:30,0.45,0.45,0.45,0.45,0,15150
1807,2022-07-12 10:42:00+05:30,0.45,0.45,0.45,0.45,0,15150
1808,2022-07-12 10:43:00+05:30,0.45,0.45,0.45,0.45,0,15150
1809,2022-07-12 10:44:00+05:30,0.45,0.45,0.45,0.45,0,15150
1810,2022-07-12 10:45:00+05:30,0.45,0.45,0.45,0.45,0,15150
1811,2022-07-12 10:46:00+05:30,0.45,0.45,0.45,0.45,0,15150
1812,2022-07-12 10:47:00+05:30,0.45,0.45,0.45,0.45,0,15150
1813,2022-07-12 10:48:00+05:30,0.45,0.45,0.45,0.45,0,15150
1814,2022-07-12 10:49:00+05:30,0.45,0.45,0.45,0.45,0,15150
1815,2022-07-12 10:50:00+05:30,0.45,0.5,0.45,0.5,0,15150
1816,2022-07-12 10:51:00+05:30,0.5,0.5,0.5,0.5,0,15150
1817,2022-07-12 10:52:00+05:30,0.5,0.5,0.5,0.5,0,15150
1818,2022-07-12 10:53:00+05:30,0.5,0.5,0.5,0.5,0,15150
1819,2022-07-12 10:54:00+05:30,0.5,0.5,0.5,0.5,0,15150
1820,2022-07-12 10:55:00+05:30,0.5,0.5,0.5,0.5,0,15150
1821,2022-07-12 10:57:00+05:30,0.5,0.5,0.5,0.5,0,15150
1822,2022-07-12 10:58:00+05:30,0.5,0.5,0.5,0.5,0,15150
1823,2022-07-12 10:59:00+05:30,0.5,0.5,0.5,0.5,0,15150
1824,2022-07-12 11:00:00+05:30,0.5,0.5,0.5,0.5,0,15150
1825,2022-07-12 11:01:00+05:30,0.5,0.5,0.5,0.5,0,15150
1826,2022-07-12 11:02:00+05:30,0.5,0.5,0.5,0.5,0,15150
1827,2022-07-12 11:04:00+05:30,0.5,0.5,0.5,0.5,0,15150
1828,2022-07-12 11:05:00+05:30,0.5,0.5,0.5,0.5,0,15150
1829,2022-07-12 11:06:00+05:30,0.5,0.5,0.5,0.5,0,15150
1830,2022-07-12 11:07:00+05:30,0.5,0.5,0.5,0.5,0,15150
1831,2022-07-12 11:08:00+05:30,0.5,0.5,0.5,0.5,0,15150
1832,2022-07-12 11:09:00+05:30,0.5,0.5,0.5,0.5,0,15150
1833,2022-07-12 11:10:00+05:30,0.5,0.5,0.5,0.5,0,15150
1834,2022-07-12 11:11:00+05:30,0.5,0.5,0.5,0.5,0,15150
1835,2022-07-12 11:12:00+05:30,0.5,0.5,0.5,0.5,0,15150
1836,2022-07-12 11:14:00+05:30,0.5,0.5,0.5,0.5,0,15150
1837,2022-07-12 11:15:00+05:30,0.5,0.5,0.5,0.5,0,15150
1838,2022-07-12 11:16:00+05:30,0.5,0.5,0.5,0.5,0,15150
1839,2022-07-12 11:17:00+05:30,0.5,0.5,0.5,0.5,0,15150
1840,2022-07-12 11:18:00+05:30,0.5,0.5,0.5,0.5,0,15150
1841,2022-07-12 11:19:00+05:30,0.5,0.5,0.5,0.5,36100,15100
1842,2022-07-12 11:20:00+05:30,0.5,0.5,0.5,0.5,35300,43550
1843,2022-07-12 11:21:00+05:30,0.5,0.5,0.5,0.5,0,43550
1844,2022-07-12 11:22:00+05:30,0.5,0.5,0.5,0.5,0,43550
1845,2022-07-12 11:23:00+05:30,0.5,0.5,0.5,0.5,0,43550
1846,2022-07-12 11:24:00+05:30,0.45,0.45,0.45,0.45,300,15600
1847,2022-07-12 11:25:00+05:30,0.45,0.45,0.45,0.45,350,15600
1848,2022-07-12 11:26:00+05:30,0.45,0.45,0.45,0.45,0,15600
1849,2022-07-12 11:27:00+05:30,0.45,0.45,0.45,0.45,0,15600
1850,2022-07-12 11:28:00+05:30,0.45,0.45,0.45,0.45,0,15600
1851,2022-07-12 11:29:00+05:30,0.45,0.45,0.45,0.45,0,15600
1852,2022-07-12 11:30:00+05:30,0.45,0.45,0.45,0.45,0,15600
1853,2022-07-12 11:31:00+05:30,0.45,0.45,0.45,0.45,0,15600
1854,2022-07-12 11:32:00+05:30,0.45,0.45,0.45,0.45,0,15600
1855,2022-07-12 11:33:00+05:30,0.45,0.5,0.45,0.5,0,15300
1856,2022-07-12 11:34:00+05:30,0.5,0.5,0.5,0.5,0,15300
1857,2022-07-12 11:35:00+05:30,0.5,0.5,0.5,0.5,0,15300
1858,2022-07-12 11:36:00+05:30,0.5,0.5,0.5,0.5,0,15300
1859,2022-07-12 11:37:00+05:30,0.5,0.5,0.5,0.5,0,15300
1860,2022-07-12 11:38:00+05:30,0.5,0.5,0.5,0.5,0,15300
1861,2022-07-12 11:39:00+05:30,0.5,0.5,0.5,0.5,0,15300
1862,2022-07-12 11:40:00+05:30,0.5,0.5,0.5,0.5,0,15300
1863,2022-07-12 11:41:00+05:30,0.5,0.5,0.5,0.5,0,15300
1864,2022-07-12 11:42:00+05:30,0.5,0.5,0.5,0.5,0,15300
1865,2022-07-12 11:43:00+05:30,0.5,0.5,0.5,0.5,0,15300
1866,2022-07-12 11:44:00+05:30,0.5,0.5,0.5,0.5,0,15300
1867,2022-07-12 11:45:00+05:30,0.5,0.5,0.5,0.5,0,15300
1868,2022-07-12 11:46:00+05:30,0.5,0.5,0.5,0.5,0,15300
1869,2022-07-12 11:47:00+05:30,0.5,0.5,0.5,0.5,0,15300
1870,2022-07-12 11:48:00+05:30,0.5,0.5,0.5,0.5,0,15300
1871,2022-07-12 11:49:00+05:30,0.5,0.5,0.5,0.5,0,15300
1872,2022-07-12 11:50:00+05:30,0.5,0.5,0.5,0.5,0,15300
1873,2022-07-12 11:51:00+05:30,0.5,0.5,0.5,0.5,0,15300
1874,2022-07-12 11:52:00+05:30,0.5,0.5,0.5,0.5,0,15300
1875,2022-07-12 11:53:00+05:30,0.5,0.5,0.5,0.5,0,15300
1876,2022-07-12 11:54:00+05:30,0.5,0.5,0.5,0.5,0,15300
1877,2022-07-12 11:55:00+05:30,0.5,0.5,0.5,0.5,0,15300
1878,2022-07-12 11:56:00+05:30,0.5,0.5,0.5,0.5,0,15300
1879,2022-07-12 11:57:00+05:30,0.5,0.5,0.5,0.5,0,15300
1880,2022-07-12 11:58:00+05:30,0.5,0.5,0.5,0.5,0,15300
1881,2022-07-12 11:59:00+05:30,0.5,0.5,0.5,0.5,0,15300
1882,2022-07-12 12:00:00+05:30,0.5,0.5,0.5,0.5,0,15300
1883,2022-07-12 12:01:00+05:30,0.5,0.5,0.5,0.5,0,15300
1884,2022-07-12 12:02:00+05:30,0.5,0.5,0.5,0.5,0,15300
1885,2022-07-12 12:03:00+05:30,0.5,0.5,0.5,0.5,0,15300
1886,2022-07-12 12:04:00+05:30,0.5,0.5,0.5,0.5,0,15300
1887,2022-07-12 12:05:00+05:30,0.5,0.5,0.5,0.5,0,15300
1888,2022-07-12 12:06:00+05:30,0.5,0.5,0.5,0.5,0,15300
1889,2022-07-12 12:08:00+05:30,0.5,0.5,0.5,0.5,0,15300
1890,2022-07-12 12:09:00+05:30,0.5,0.5,0.5,0.5,0,15300
1891,2022-07-12 12:10:00+05:30,0.5,0.5,0.5,0.5,0,15300
1892,2022-07-12 12:12:00+05:30,0.5,0.5,0.5,0.5,0,15300
1893,2022-07-12 12:13:00+05:30,0.5,0.5,0.5,0.5,0,15300
1894,2022-07-12 12:14:00+05:30,0.5,0.5,0.5,0.5,0,15300
1895,2022-07-12 12:15:00+05:30,0.5,0.5,0.5,0.5,0,15300
1896,2022-07-12 12:16:00+05:30,0.5,0.5,0.5,0.5,0,15300
1897,2022-07-12 12:17:00+05:30,0.5,0.5,0.5,0.5,0,15300
1898,2022-07-12 12:18:00+05:30,0.5,0.5,0.5,0.5,0,15300
1899,2022-07-12 12:19:00+05:30,0.5,0.5,0.5,0.5,0,15300
1900,2022-07-12 12:20:00+05:30,0.5,0.5,0.5,0.5,0,15300
1901,2022-07-12 12:21:00+05:30,0.5,0.5,0.5,0.5,0,15300
1902,2022-07-12 12:22:00+05:30,0.5,0.5,0.5,0.5,0,15300
1903,2022-07-12 12:23:00+05:30,0.5,0.5,0.5,0.5,0,15300
1904,2022-07-12 12:24:00+05:30,0.5,0.5,0.5,0.5,0,15300
1905,2022-07-12 12:25:00+05:30,0.5,0.5,0.5,0.5,0,15300
1906,2022-07-12 12:26:00+05:30,0.5,0.5,0.5,0.5,0,15300
1907,2022-07-12 12:27:00+05:30,0.5,0.5,0.5,0.5,0,15300
1908,2022-07-12 12:28:00+05:30,0.5,0.5,0.5,0.5,0,15300
1909,2022-07-12 12:29:00+05:30,0.5,0.5,0.5,0.5,0,15300
1910,2022-07-12 12:30:00+05:30,0.5,0.5,0.5,0.5,0,15300
1911,2022-07-12 12:31:00+05:30,0.5,0.5,0.5,0.5,0,15300
1912,2022-07-12 12:32:00+05:30,0.5,0.5,0.5,0.5,300,15300
1913,2022-07-12 12:33:00+05:30,0.5,0.5,0.5,0.5,0,15300
1914,2022-07-12 12:34:00+05:30,0.5,0.5,0.5,0.5,0,15300
1915,2022-07-12 12:35:00+05:30,0.5,0.5,0.5,0.5,0,15300
1916,2022-07-12 12:36:00+05:30,0.5,0.5,0.5,0.5,0,15300
1917,2022-07-12 12:37:00+05:30,0.5,0.5,0.5,0.5,0,15300
1918,2022-07-12 12:38:00+05:30,0.5,0.5,0.5,0.5,0,15300
1919,2022-07-12 12:40:00+05:30,0.5,0.5,0.5,0.5,0,15300
1920,2022-07-12 12:46:00+05:30,0.5,0.5,0.5,0.5,800,15100
1921,2022-07-12 12:47:00+05:30,0.5,0.5,0.5,0.5,0,15100
1922,2022-07-12 12:48:00+05:30,0.5,0.5,0.5,0.5,0,15100
1923,2022-07-12 12:49:00+05:30,0.5,0.5,0.5,0.5,0,15100
1924,2022-07-12 12:50:00+05:30,0.5,0.5,0.5,0.5,0,15100
1925,2022-07-12 12:51:00+05:30,0.5,0.5,0.5,0.5,0,15100
1926,2022-07-12 12:52:00+05:30,0.5,0.5,0.5,0.5,500,15100
1927,2022-07-12 12:53:00+05:30,0.5,0.5,0.5,0.5,0,15100
1928,2022-07-12 12:54:00+05:30,0.5,0.5,0.5,0.5,0,15100
1929,2022-07-12 12:55:00+05:30,0.5,0.5,0.5,0.5,0,15100
1930,2022-07-12 12:56:00+05:30,0.5,0.5,0.5,0.5,0,15100
1931,2022-07-12 12:57:00+05:30,0.5,0.5,0.5,0.5,0,15100
1932,2022-07-12 12:58:00+05:30,0.5,0.5,0.5,0.5,0,15100
1933,2022-07-12 12:59:00+05:30,0.5,0.5,0.5,0.5,0,15100
1934,2022-07-12 13:00:00+05:30,0.5,0.5,0.5,0.5,0,15100
1935,2022-07-12 13:01:00+05:30,0.5,0.5,0.5,0.5,0,15100
1936,2022-07-12 13:02:00+05:30,0.5,0.5,0.5,0.5,0,15100
1937,2022-07-12 13:03:00+05:30,0.5,0.5,0.5,0.5,0,15100
1938,2022-07-12 13:04:00+05:30,0.5,0.5,0.5,0.5,0,15100
1939,2022-07-12 13:05:00+05:30,0.5,0.5,0.5,0.5,0,15100
1940,2022-07-12 13:06:00+05:30,0.5,0.5,0.5,0.5,0,15100
1941,2022-07-12 13:07:00+05:30,0.5,0.5,0.5,0.5,0,15100
1942,2022-07-12 13:08:00+05:30,0.5,0.5,0.5,0.5,0,15100
1943,2022-07-12 13:09:00+05:30,0.5,0.5,0.5,0.5,0,15100
1944,2022-07-12 13:10:00+05:30,0.5,0.5,0.5,0.5,0,15100
1945,2022-07-12 13:11:00+05:30,0.5,0.5,0.5,0.5,0,15100
1946,2022-07-12 13:12:00+05:30,0.5,0.5,0.5,0.5,0,15100
1947,2022-07-12 13:13:00+05:30,0.5,0.5,0.5,0.5,0,15100
1948,2022-07-12 13:14:00+05:30,0.5,0.5,0.5,0.5,0,15100
1949,2022-07-12 13:15:00+05:30,0.5,0.5,0.5,0.5,0,15100
1950,2022-07-12 13:16:00+05:30,0.5,0.5,0.5,0.5,0,15100
1951,2022-07-12 13:17:00+05:30,0.5,0.5,0.5,0.5,0,15100
1952,2022-07-12 13:18:00+05:30,0.5,0.5,0.5,0.5,0,15100
1953,2022-07-12 13:19:00+05:30,0.5,0.5,0.5,0.5,0,15100
1954,2022-07-12 13:20:00+05:30,0.5,0.5,0.5,0.5,0,15100
1955,2022-07-12 13:21:00+05:30,0.5,0.5,0.5,0.5,0,15100
1956,2022-07-12 13:22:00+05:30,0.5,0.5,0.5,0.5,0,15100
1957,2022-07-12 13:23:00+05:30,0.5,0.5,0.5,0.5,0,15100
1958,2022-07-12 13:24:00+05:30,0.5,0.5,0.5,0.5,0,15100
1959,2022-07-12 13:25:00+05:30,0.5,0.5,0.5,0.5,0,15100
1960,2022-07-12 13:26:00+05:30,0.5,0.5,0.5,0.5,0,15100
1961,2022-07-12 13:27:00+05:30,0.5,0.5,0.5,0.5,0,15100
1962,2022-07-12 13:28:00+05:30,0.5,0.5,0.5,0.5,0,15100
1963,2022-07-12 13:29:00+05:30,0.5,0.5,0.5,0.5,0,15100
1964,2022-07-12 13:30:00+05:30,0.5,0.5,0.5,0.5,0,15100
1965,2022-07-12 13:31:00+05:30,0.5,0.5,0.5,0.5,0,15100
1966,2022-07-12 13:32:00+05:30,0.5,0.5,0.5,0.5,0,15100
1967,2022-07-12 13:33:00+05:30,0.5,0.5,0.5,0.5,0,15100
1968,2022-07-12 13:34:00+05:30,0.5,0.5,0.5,0.5,0,15100
1969,2022-07-12 13:35:00+05:30,0.5,0.5,0.5,0.5,0,15100
1970,2022-07-12 13:36:00+05:30,0.5,0.5,0.5,0.5,0,15100
1971,2022-07-12 13:37:00+05:30,0.5,0.5,0.5,0.5,0,15100
1972,2022-07-12 13:38:00+05:30,0.5,0.5,0.5,0.5,0,15100
1973,2022-07-12 13:39:00+05:30,0.5,0.5,0.5,0.5,0,15100
1974,2022-07-12 13:40:00+05:30,0.5,0.5,0.5,0.5,0,15100
1975,2022-07-12 13:41:00+05:30,0.5,0.5,0.5,0.5,0,15100
1976,2022-07-12 13:42:00+05:30,0.5,0.5,0.5,0.5,0,15100
1977,2022-07-12 13:43:00+05:30,0.5,0.5,0.5,0.5,0,15100
1978,2022-07-12 13:44:00+05:30,0.5,0.5,0.5,0.5,0,15100
1979,2022-07-12 13:45:00+05:30,0.5,0.5,0.5,0.5,0,15100
1980,2022-07-12 13:46:00+05:30,0.5,0.5,0.5,0.5,0,15100
1981,2022-07-12 13:48:00+05:30,0.5,0.5,0.5,0.5,0,15100
1982,2022-07-12 13:49:00+05:30,0.5,0.5,0.5,0.5,0,15100
1983,2022-07-12 13:50:00+05:30,0.5,0.5,0.5,0.5,0,15100
1984,2022-07-12 13:51:00+05:30,0.5,0.5,0.5,0.5,0,15100
1985,2022-07-12 13:52:00+05:30,0.5,0.5,0.5,0.5,0,15100
1986,2022-07-12 13:53:00+05:30,0.5,0.5,0.5,0.5,0,15100
1987,2022-07-12 13:54:00+05:30,0.5,0.5,0.5,0.5,0,15100
1988,2022-07-12 13:55:00+05:30,0.5,0.5,0.5,0.5,1000,15100
1989,2022-07-12 13:56:00+05:30,0.5,0.5,0.5,0.5,150,15100
1990,2022-07-12 13:57:00+05:30,0.5,0.5,0.5,0.5,0,15100
1991,2022-07-12 13:58:00+05:30,0.5,0.5,0.5,0.5,0,15100
1992,2022-07-12 13:59:00+05:30,0.5,0.5,0.5,0.5,0,15100
1993,2022-07-12 14:00:00+05:30,0.5,0.5,0.5,0.5,0,15100
1994,2022-07-12 14:01:00+05:30,0.5,0.5,0.5,0.5,0,15100
1995,2022-07-12 14:02:00+05:30,0.5,0.5,0.5,0.5,0,15100
1996,2022-07-12 14:03:00+05:30,0.5,0.5,0.5,0.5,0,15100
1997,2022-07-12 14:04:00+05:30,0.5,0.5,0.5,0.5,0,15100
1998,2022-07-12 14:05:00+05:30,0.5,0.5,0.5,0.5,0,15100
1999,2022-07-12 14:06:00+05:30,0.5,0.5,0.5,0.5,0,15100
2000,2022-07-12 14:07:00+05:30,0.5,0.5,0.5,0.5,0,15100
2001,2022-07-12 14:08:00+05:30,0.5,0.5,0.5,0.5,0,15100
2002,2022-07-12 14:09:00+05:30,0.5,0.5,0.5,0.5,0,15100
2003,2022-07-12 14:10:00+05:30,0.5,0.5,0.5,0.5,0,15100
2004,2022-07-12 14:11:00+05:30,0.5,0.5,0.5,0.5,50,15150
2005,2022-07-12 14:12:00+05:30,0.5,0.5,0.5,0.5,0,15150
2006,2022-07-12 14:13:00+05:30,0.5,0.5,0.5,0.5,0,15150
2007,2022-07-12 14:14:00+05:30,0.5,0.5,0.5,0.5,0,15150
2008,2022-07-12 14:15:00+05:30,0.5,0.5,0.5,0.5,0,15150
2009,2022-07-12 14:16:00+05:30,0.5,0.5,0.5,0.5,0,15150
2010,2022-07-12 14:17:00+05:30,0.5,0.5,0.5,0.5,0,15150
2011,2022-07-12 14:18:00+05:30,0.5,0.5,0.5,0.5,0,15150
2012,2022-07-12 14:19:00+05:30,0.5,0.5,0.5,0.5,0,15150
2013,2022-07-12 14:20:00+05:30,0.5,0.5,0.5,0.5,0,15150
2014,2022-07-12 14:21:00+05:30,0.5,0.55,0.5,0.55,2100,15150
2015,2022-07-12 14:22:00+05:30,0.55,0.55,0.5,0.5,1650,15150
2016,2022-07-12 14:23:00+05:30,0.5,0.5,0.5,0.5,0,15150
2017,2022-07-12 14:24:00+05:30,0.5,0.5,0.5,0.5,0,15150
2018,2022-07-12 14:25:00+05:30,0.5,0.5,0.5,0.5,0,15150
2019,2022-07-12 14:26:00+05:30,0.5,0.6,0.5,0.6,2200,15150
2020,2022-07-12 14:27:00+05:30,0.6,0.6,0.55,0.55,50,17400
2021,2022-07-12 14:28:00+05:30,0.55,0.55,0.55,0.55,0,17400
2022,2022-07-12 14:29:00+05:30,0.55,0.55,0.55,0.55,0,17400
2023,2022-07-12 14:30:00+05:30,0.55,0.55,0.55,0.55,0,17400
2024,2022-07-12 14:31:00+05:30,0.55,0.55,0.55,0.55,0,17400
2025,2022-07-12 14:32:00+05:30,0.55,0.55,0.55,0.55,0,17400
2026,2022-07-12 14:33:00+05:30,0.55,0.55,0.55,0.55,0,17400
2027,2022-07-12 14:34:00+05:30,0.55,0.55,0.55,0.55,0,17400
2028,2022-07-12 14:35:00+05:30,0.55,0.55,0.55,0.55,0,17400
2029,2022-07-12 14:36:00+05:30,0.55,0.6,0.55,0.6,2800,17400
2030,2022-07-12 14:37:00+05:30,0.6,0.6,0.55,0.55,2300,17400
2031,2022-07-12 14:38:00+05:30,0.55,0.55,0.55,0.55,0,17400
2032,2022-07-12 14:39:00+05:30,0.55,0.55,0.55,0.55,0,17400
2033,2022-07-12 14:40:00+05:30,0.55,0.55,0.55,0.55,0,17400
2034,2022-07-12 14:41:00+05:30,0.55,0.55,0.55,0.55,0,17400
2035,2022-07-12 14:42:00+05:30,0.55,0.55,0.55,0.55,0,17400
2036,2022-07-12 14:43:00+05:30,0.55,0.55,0.55,0.55,0,17400
2037,2022-07-12 14:44:00+05:30,0.55,0.55,0.55,0.55,0,17400
2038,2022-07-12 14:45:00+05:30,0.55,0.55,0.55,0.55,0,17400
2039,2022-07-12 14:46:00+05:30,0.55,0.55,0.55,0.55,0,17400
2040,2022-07-12 14:47:00+05:30,0.55,0.6,0.55,0.6,2800,19300
2041,2022-07-12 14:48:00+05:30,0.6,0.6,0.55,0.55,50,19300
2042,2022-07-12 14:49:00+05:30,0.55,0.55,0.55,0.55,0,19300
2043,2022-07-12 14:50:00+05:30,0.55,0.55,0.55,0.55,0,19300
2044,2022-07-12 14:51:00+05:30,0.55,0.55,0.55,0.55,0,19300
2045,2022-07-12 14:52:00+05:30,0.55,0.55,0.55,0.55,0,19300
2046,2022-07-12 14:53:00+05:30,0.55,0.55,0.55,0.55,0,19300
2047,2022-07-12 14:54:00+05:30,0.55,0.55,0.55,0.55,2950,19250
2048,2022-07-12 14:55:00+05:30,0.55,0.55,0.55,0.55,0,19250
2049,2022-07-12 14:56:00+05:30,0.55,0.55,0.55,0.55,0,19250
2050,2022-07-12 14:57:00+05:30,0.55,0.55,0.55,0.55,0,19250
2051,2022-07-12 14:58:00+05:30,0.55,0.55,0.55,0.55,0,19250
2052,2022-07-12 14:59:00+05:30,0.55,0.55,0.55,0.55,1400,17100
2053,2022-07-12 15:00:00+05:30,0.55,0.55,0.55,0.55,0,17100
2054,2022-07-12 15:01:00+05:30,0.55,0.55,0.55,0.55,0,17100
2055,2022-07-12 15:02:00+05:30,0.55,0.55,0.55,0.55,0,17100
2056,2022-07-12 15:03:00+05:30,0.55,0.55,0.55,0.55,0,17100
2057,2022-07-12 15:04:00+05:30,0.55,0.55,0.55,0.55,0,17100
2058,2022-07-12 15:05:00+05:30,0.55,0.55,0.55,0.55,0,17100
2059,2022-07-12 15:06:00+05:30,0.55,0.55,0.55,0.55,0,17100
2060,2022-07-12 15:07:00+05:30,0.55,0.6,0.55,0.6,1250,15700
2061,2022-07-12 15:08:00+05:30,0.6,0.65,0.6,0.6,1900,15700
2062,2022-07-12 15:09:00+05:30,0.6,0.6,0.6,0.6,0,15700
2063,2022-07-12 15:10:00+05:30,0.6,0.6,0.6,0.6,0,15700
2064,2022-07-12 15:11:00+05:30,0.6,0.6,0.6,0.6,0,15700
2065,2022-07-12 15:12:00+05:30,0.6,0.6,0.6,0.6,0,15700
2066,2022-07-12 15:13:00+05:30,0.6,0.6,0.6,0.6,0,15700
2067,2022-07-12 15:14:00+05:30,0.6,0.6,0.6,0.6,0,15700
2068,2022-07-12 15:15:00+05:30,0.6,0.6,0.6,0.6,0,15700
2069,2022-07-12 15:16:00+05:30,0.6,0.6,0.6,0.6,0,15700
2070,2022-07-12 15:17:00+05:30,0.6,0.6,0.6,0.6,0,15700
2071,2022-07-12 15:18:00+05:30,0.6,0.65,0.6,0.65,350,16600
2072,2022-07-12 15:19:00+05:30,0.65,0.65,0.65,0.65,0,16600
2073,2022-07-12 15:20:00+05:30,0.65,0.7,0.65,0.7,1500,16600
2074,2022-07-12 15:21:00+05:30,0.7,0.7,0.7,0.7,2200,18050
2075,2022-07-12 15:22:00+05:30,0.7,0.8,0.7,0.75,2700,18050
2076,2022-07-12 15:23:00+05:30,0.75,0.75,0.75,0.75,0,18050
2077,2022-07-12 15:24:00+05:30,0.75,0.85,0.75,0.75,7150,22600
2078,2022-07-12 15:25:00+05:30,0.75,0.75,0.75,0.75,0,22600
2079,2022-07-12 15:26:00+05:30,0.75,0.75,0.75,0.75,0,22600
2080,2022-07-12 15:27:00+05:30,0.75,0.75,0.75,0.75,350,27750
2081,2022-07-12 15:28:00+05:30,0.75,0.75,0.75,0.75,0,27750
2082,2022-07-12 15:29:00+05:30,0.75,0.75,0.65,0.75,250,27750
2083,2022-07-13 09:15:00+05:30,0.75,0.75,0.75,0.75,0,28100
2084,2022-07-13 09:16:00+05:30,0.65,0.65,0.55,0.55,700,28100
2085,2022-07-13 09:17:00+05:30,0.55,0.6,0.5,0.5,600,27700
2086,2022-07-13 09:18:00+05:30,0.5,0.5,0.5,0.5,1800,27700
2087,2022-07-13 09:19:00+05:30,0.5,0.5,0.5,0.5,0,27700
2088,2022-07-13 09:20:00+05:30,0.5,0.5,0.4,0.4,2450,25800
2089,2022-07-13 09:21:00+05:30,0.4,0.4,0.4,0.4,0,25800
2090,2022-07-13 09:22:00+05:30,0.4,0.45,0.4,0.45,1550,25800
2091,2022-07-13 09:23:00+05:30,0.45,0.45,0.45,0.45,0,25800
2092,2022-07-13 09:24:00+05:30,0.45,0.45,0.45,0.45,0,25800
2093,2022-07-13 09:25:00+05:30,0.45,0.45,0.45,0.45,0,25800
2094,2022-07-13 09:26:00+05:30,0.45,0.45,0.45,0.45,0,25800
2095,2022-07-13 09:27:00+05:30,0.45,0.45,0.45,0.45,850,24900
2096,2022-07-13 09:28:00+05:30,0.45,0.45,0.45,0.45,0,24900
2097,2022-07-13 09:29:00+05:30,0.45,0.45,0.45,0.45,0,24900
2098,2022-07-13 09:30:00+05:30,0.45,0.45,0.45,0.45,0,24900
2099,2022-07-13 09:31:00+05:30,0.45,0.45,0.45,0.45,50,24500
2100,2022-07-13 09:32:00+05:30,0.45,0.45,0.45,0.45,0,24500
2101,2022-07-13 09:33:00+05:30,0.45,0.45,0.45,0.45,0,24500
2102,2022-07-13 09:34:00+05:30,0.45,0.45,0.45,0.45,0,24500
2103,2022-07-13 09:35:00+05:30,0.45,0.45,0.45,0.45,0,24500
2104,2022-07-13 09:36:00+05:30,0.45,0.45,0.45,0.45,0,24500
2105,2022-07-13 09:37:00+05:30,0.45,0.45,0.45,0.45,0,24500
2106,2022-07-13 09:38:00+05:30,0.45,0.45,0.45,0.45,0,24500
2107,2022-07-13 09:39:00+05:30,0.45,0.45,0.4,0.4,500,24450
2108,2022-07-13 09:40:00+05:30,0.4,0.4,0.4,0.4,0,24450
2109,2022-07-13 09:41:00+05:30,0.4,0.4,0.4,0.4,0,24450
2110,2022-07-13 09:42:00+05:30,0.4,0.4,0.4,0.4,0,24450
2111,2022-07-13 09:43:00+05:30,0.4,0.45,0.4,0.45,250,24450
2112,2022-07-13 09:44:00+05:30,0.45,0.45,0.45,0.45,0,24450
2113,2022-07-13 09:45:00+05:30,0.45,0.45,0.45,0.45,0,24450
2114,2022-07-13 09:46:00+05:30,0.45,0.45,0.45,0.45,0,24450
2115,2022-07-13 09:47:00+05:30,0.45,0.45,0.45,0.45,0,24450
2116,2022-07-13 09:48:00+05:30,0.45,0.45,0.45,0.45,0,24450
2117,2022-07-13 09:49:00+05:30,0.45,0.45,0.45,0.45,0,24450
2118,2022-07-13 09:50:00+05:30,0.45,0.45,0.45,0.45,0,24450
2119,2022-07-13 09:51:00+05:30,0.45,0.45,0.45,0.45,0,24450
2120,2022-07-13 09:52:00+05:30,0.45,0.45,0.45,0.45,0,24450
2121,2022-07-13 09:53:00+05:30,0.45,0.45,0.45,0.45,0,24450
2122,2022-07-13 09:54:00+05:30,0.45,0.45,0.45,0.45,0,24450
2123,2022-07-13 09:55:00+05:30,0.45,0.45,0.45,0.45,0,24450
2124,2022-07-13 09:56:00+05:30,0.45,0.45,0.45,0.45,0,24450
2125,2022-07-13 09:58:00+05:30,0.45,0.45,0.45,0.45,0,24450
2126,2022-07-13 09:59:00+05:30,0.45,0.45,0.45,0.45,0,24450
2127,2022-07-13 10:00:00+05:30,0.45,0.45,0.45,0.45,0,24450
2128,2022-07-13 10:01:00+05:30,0.45,0.45,0.45,0.45,0,24450
2129,2022-07-13 10:02:00+05:30,0.45,0.45,0.45,0.45,0,24450
2130,2022-07-13 10:03:00+05:30,0.45,0.45,0.45,0.45,0,24450
2131,2022-07-13 10:04:00+05:30,0.45,0.45,0.45,0.45,0,24450
2132,2022-07-13 10:05:00+05:30,0.45,0.45,0.45,0.45,0,24450
2133,2022-07-13 10:06:00+05:30,0.45,0.45,0.45,0.45,0,24450
2134,2022-07-13 10:08:00+05:30,0.45,0.45,0.45,0.45,0,24450
2135,2022-07-13 10:09:00+05:30,0.45,0.45,0.45,0.45,0,24450
2136,2022-07-13 10:10:00+05:30,0.45,0.45,0.45,0.45,0,24450
2137,2022-07-13 10:11:00+05:30,0.45,0.45,0.45,0.45,0,24450
2138,2022-07-13 10:12:00+05:30,0.45,0.45,0.35,0.35,4800,24450
2139,2022-07-13 10:13:00+05:30,0.35,0.35,0.35,0.35,0,24450
2140,2022-07-13 10:14:00+05:30,0.35,0.35,0.35,0.35,0,24450
2141,2022-07-13 10:15:00+05:30,0.35,0.35,0.35,0.35,0,24450
2142,2022-07-13 10:16:00+05:30,0.35,0.35,0.35,0.35,0,24450
2143,2022-07-13 10:17:00+05:30,0.35,0.35,0.35,0.35,0,24450
2144,2022-07-13 10:18:00+05:30,0.35,0.35,0.35,0.35,0,24450
2145,2022-07-13 10:19:00+05:30,0.35,0.35,0.35,0.35,0,24450
2146,2022-07-13 10:20:00+05:30,0.35,0.35,0.35,0.35,0,24450
2147,2022-07-13 10:21:00+05:30,0.35,0.35,0.35,0.35,0,24450
2148,2022-07-13 10:22:00+05:30,0.35,0.35,0.35,0.35,0,24450
2149,2022-07-13 10:23:00+05:30,0.35,0.35,0.35,0.35,0,24450
2150,2022-07-13 10:24:00+05:30,0.35,0.4,0.35,0.4,2200,21650
2151,2022-07-13 10:25:00+05:30,0.4,0.4,0.4,0.4,0,21650
2152,2022-07-13 10:26:00+05:30,0.4,0.4,0.4,0.4,0,21650
2153,2022-07-13 10:27:00+05:30,0.4,0.4,0.4,0.4,0,21650
2154,2022-07-13 10:28:00+05:30,0.4,0.4,0.4,0.4,0,21650
2155,2022-07-13 10:29:00+05:30,0.4,0.4,0.4,0.4,0,21650
2156,2022-07-13 10:30:00+05:30,0.4,0.4,0.4,0.4,0,21650
2157,2022-07-13 10:31:00+05:30,0.4,0.4,0.4,0.4,0,21650
2158,2022-07-13 10:32:00+05:30,0.4,0.4,0.4,0.4,0,21650
2159,2022-07-13 10:33:00+05:30,0.4,0.4,0.4,0.4,0,21650
2160,2022-07-13 10:34:00+05:30,0.4,0.4,0.4,0.4,0,21650
2161,2022-07-13 10:35:00+05:30,0.4,0.4,0.4,0.4,600,21650
2162,2022-07-13 10:36:00+05:30,0.4,0.4,0.4,0.4,550,21650
2163,2022-07-13 10:37:00+05:30,0.4,0.45,0.4,0.45,100,21650
2164,2022-07-13 10:38:00+05:30,0.45,0.45,0.45,0.45,0,21650
2165,2022-07-13 10:41:00+05:30,0.45,0.45,0.45,0.45,0,21650
2166,2022-07-13 10:42:00+05:30,0.45,0.45,0.45,0.45,50,21650
2167,2022-07-13 10:43:00+05:30,0.45,0.45,0.4,0.4,100,21650
2168,2022-07-13 10:44:00+05:30,0.4,0.4,0.4,0.4,0,21650
2169,2022-07-13 10:45:00+05:30,0.4,0.4,0.4,0.4,0,21650
2170,2022-07-13 10:46:00+05:30,0.4,0.4,0.4,0.4,0,21650
2171,2022-07-13 10:47:00+05:30,0.4,0.4,0.4,0.4,0,21650
2172,2022-07-13 10:48:00+05:30,0.4,0.4,0.4,0.4,0,21650
2173,2022-07-13 10:49:00+05:30,0.4,0.4,0.4,0.4,0,21650
2174,2022-07-13 10:50:00+05:30,0.4,0.4,0.4,0.4,0,21650
2175,2022-07-13 10:51:00+05:30,0.4,0.4,0.4,0.4,100,21650
2176,2022-07-13 10:52:00+05:30,0.4,0.45,0.4,0.45,50,21650
2177,2022-07-13 10:53:00+05:30,0.45,0.45,0.45,0.45,0,21650
2178,2022-07-13 10:54:00+05:30,0.45,0.45,0.45,0.45,0,21650
2179,2022-07-13 10:55:00+05:30,0.45,0.45,0.45,0.45,0,21650
2180,2022-07-13 10:57:00+05:30,0.45,0.45,0.45,0.45,300,21650
2181,2022-07-13 10:58:00+05:30,0.45,0.45,0.45,0.45,0,21650
2182,2022-07-13 10:59:00+05:30,0.45,0.45,0.45,0.45,0,21650
2183,2022-07-13 11:00:00+05:30,0.45,0.45,0.45,0.45,0,21650
2184,2022-07-13 11:01:00+05:30,0.45,0.45,0.45,0.45,2100,21650
2185,2022-07-13 11:02:00+05:30,0.45,0.45,0.45,0.45,0,21650
2186,2022-07-13 11:03:00+05:30,0.45,0.45,0.45,0.45,0,21650
2187,2022-07-13 11:04:00+05:30,0.45,0.45,0.45,0.45,0,21650
2188,2022-07-13 11:05:00+05:30,0.45,0.45,0.45,0.45,0,21650
2189,2022-07-13 11:06:00+05:30,0.45,0.45,0.4,0.4,50,21650
2190,2022-07-13 11:07:00+05:30,0.4,0.4,0.4,0.4,0,21650
2191,2022-07-13 11:08:00+05:30,0.4,0.4,0.4,0.4,0,21650
2192,2022-07-13 11:09:00+05:30,0.4,0.4,0.4,0.4,0,21650
2193,2022-07-13 11:10:00+05:30,0.4,0.4,0.4,0.4,0,21650
2194,2022-07-13 11:11:00+05:30,0.4,0.4,0.4,0.4,0,21650
2195,2022-07-13 11:12:00+05:30,0.4,0.4,0.4,0.4,0,21650
2196,2022-07-13 11:13:00+05:30,0.4,0.4,0.4,0.4,0,21650
2197,2022-07-13 11:14:00+05:30,0.4,0.4,0.4,0.4,0,21650
2198,2022-07-13 11:15:00+05:30,0.4,0.4,0.4,0.4,0,21650
2199,2022-07-13 11:16:00+05:30,0.4,0.4,0.4,0.4,0,21650
2200,2022-07-13 11:17:00+05:30,0.4,0.4,0.4,0.4,0,21650
2201,2022-07-13 11:18:00+05:30,0.4,0.4,0.4,0.4,0,21650
2202,2022-07-13 11:19:00+05:30,0.4,0.4,0.4,0.4,0,21650
2203,2022-07-13 11:20:00+05:30,0.4,0.4,0.4,0.4,0,21650
2204,2022-07-13 11:21:00+05:30,0.4,0.4,0.4,0.4,0,21650
2205,2022-07-13 11:22:00+05:30,0.4,0.4,0.4,0.4,0,21650
2206,2022-07-13 11:23:00+05:30,0.4,0.4,0.4,0.4,0,21650
2207,2022-07-13 11:24:00+05:30,0.4,0.4,0.4,0.4,0,21650
2208,2022-07-13 11:25:00+05:30,0.4,0.4,0.4,0.4,0,21650
2209,2022-07-13 11:26:00+05:30,0.4,0.4,0.4,0.4,0,21650
2210,2022-07-13 11:27:00+05:30,0.4,0.4,0.4,0.4,0,21650
2211,2022-07-13 11:28:00+05:30,0.4,0.4,0.4,0.4,0,21650
2212,2022-07-13 11:29:00+05:30,0.4,0.4,0.4,0.4,0,21650
2213,2022-07-13 11:30:00+05:30,0.4,0.4,0.4,0.4,0,21650
2214,2022-07-13 11:31:00+05:30,0.4,0.4,0.4,0.4,0,21650
2215,2022-07-13 11:32:00+05:30,0.4,0.4,0.4,0.4,0,21650
2216,2022-07-13 11:33:00+05:30,0.4,0.4,0.4,0.4,0,21650
2217,2022-07-13 11:34:00+05:30,0.4,0.4,0.4,0.4,0,21650
2218,2022-07-13 11:35:00+05:30,0.4,0.4,0.4,0.4,0,21650
2219,2022-07-13 11:36:00+05:30,0.4,0.4,0.4,0.4,0,21650
2220,2022-07-13 11:37:00+05:30,0.4,0.4,0.4,0.4,0,21650
2221,2022-07-13 11:38:00+05:30,0.4,0.4,0.4,0.4,0,21650
2222,2022-07-13 11:39:00+05:30,0.4,0.4,0.4,0.4,0,21650
2223,2022-07-13 11:40:00+05:30,0.4,0.4,0.4,0.4,0,21650
2224,2022-07-13 11:41:00+05:30,0.4,0.4,0.4,0.4,0,21650
2225,2022-07-13 11:42:00+05:30,0.4,0.4,0.4,0.4,0,21650
2226,2022-07-13 11:43:00+05:30,0.4,0.4,0.4,0.4,0,21650
2227,2022-07-13 11:44:00+05:30,0.4,0.4,0.4,0.4,0,21650
2228,2022-07-13 11:45:00+05:30,0.4,0.4,0.4,0.4,0,21650
2229,2022-07-13 11:46:00+05:30,0.4,0.4,0.4,0.4,0,21650
2230,2022-07-13 11:47:00+05:30,0.4,0.4,0.4,0.4,0,21650
2231,2022-07-13 11:48:00+05:30,0.4,0.4,0.4,0.4,0,21650
2232,2022-07-13 11:49:00+05:30,0.4,0.4,0.4,0.4,0,21650
2233,2022-07-13 11:50:00+05:30,0.4,0.4,0.4,0.4,0,21650
2234,2022-07-13 11:51:00+05:30,0.4,0.4,0.4,0.4,0,21650
2235,2022-07-13 11:52:00+05:30,0.4,0.4,0.4,0.4,0,21650
2236,2022-07-13 11:53:00+05:30,0.4,0.4,0.4,0.4,0,21650
2237,2022-07-13 11:54:00+05:30,0.4,0.4,0.4,0.4,0,21650
2238,2022-07-13 11:55:00+05:30,0.4,0.4,0.4,0.4,0,21650
2239,2022-07-13 11:57:00+05:30,0.4,0.4,0.4,0.4,0,21650
2240,2022-07-13 11:58:00+05:30,0.4,0.4,0.4,0.4,0,21650
2241,2022-07-13 11:59:00+05:30,0.4,0.4,0.4,0.4,0,21650
2242,2022-07-13 12:00:00+05:30,0.4,0.4,0.4,0.4,0,21650
2243,2022-07-13 12:01:00+05:30,0.4,0.4,0.35,0.35,300,21650
2244,2022-07-13 12:02:00+05:30,0.35,0.35,0.35,0.35,0,21650
2245,2022-07-13 12:03:00+05:30,0.35,0.35,0.35,0.35,0,21650
2246,2022-07-13 12:05:00+05:30,0.35,0.4,0.35,0.4,200,21650
2247,2022-07-13 12:06:00+05:30,0.4,0.4,0.4,0.4,0,21650
2248,2022-07-13 12:07:00+05:30,0.4,0.4,0.4,0.4,0,21650
2249,2022-07-13 12:08:00+05:30,0.4,0.4,0.4,0.4,0,21650
2250,2022-07-13 12:09:00+05:30,0.4,0.4,0.4,0.4,0,21650
2251,2022-07-13 12:10:00+05:30,0.4,0.4,0.4,0.4,0,21650
2252,2022-07-13 12:11:00+05:30,0.4,0.4,0.4,0.4,0,21650
2253,2022-07-13 12:12:00+05:30,0.4,0.4,0.4,0.4,0,21650
2254,2022-07-13 12:13:00+05:30,0.4,0.4,0.4,0.4,0,21650
2255,2022-07-13 12:14:00+05:30,0.4,0.4,0.4,0.4,0,21650
2256,2022-07-13 12:15:00+05:30,0.4,0.4,0.4,0.4,0,21650
2257,2022-07-13 12:16:00+05:30,0.4,0.4,0.4,0.4,0,21650
2258,2022-07-13 12:17:00+05:30,0.4,0.4,0.4,0.4,0,21650
2259,2022-07-13 12:18:00+05:30,0.4,0.4,0.4,0.4,0,21650
2260,2022-07-13 12:19:00+05:30,0.4,0.4,0.4,0.4,0,21650
2261,2022-07-13 12:20:00+05:30,0.4,0.4,0.4,0.4,0,21650
2262,2022-07-13 12:21:00+05:30,0.4,0.4,0.4,0.4,0,21650
2263,2022-07-13 12:22:00+05:30,0.4,0.4,0.4,0.4,0,21650
2264,2022-07-13 12:23:00+05:30,0.4,0.4,0.4,0.4,0,21650
2265,2022-07-13 12:24:00+05:30,0.4,0.4,0.4,0.4,0,21650
2266,2022-07-13 12:25:00+05:30,0.4,0.4,0.4,0.4,0,21650
2267,2022-07-13 12:27:00+05:30,0.4,0.4,0.4,0.4,0,21650
2268,2022-07-13 12:29:00+05:30,0.4,0.4,0.4,0.4,0,21650
2269,2022-07-13 12:30:00+05:30,0.4,0.4,0.4,0.4,0,21650
2270,2022-07-13 12:32:00+05:30,0.4,0.4,0.4,0.4,0,21650
2271,2022-07-13 12:33:00+05:30,0.4,0.4,0.4,0.4,0,21650
2272,2022-07-13 12:34:00+05:30,0.4,0.4,0.4,0.4,50,21650
2273,2022-07-13 12:35:00+05:30,0.4,0.4,0.4,0.4,0,21650
2274,2022-07-13 12:36:00+05:30,0.4,0.4,0.4,0.4,0,21650
2275,2022-07-13 12:37:00+05:30,0.4,0.4,0.4,0.4,0,21650
2276,2022-07-13 12:38:00+05:30,0.4,0.4,0.4,0.4,0,21650
2277,2022-07-13 12:39:00+05:30,0.4,0.4,0.4,0.4,0,21650
2278,2022-07-13 12:40:00+05:30,0.4,0.4,0.4,0.4,0,21650
2279,2022-07-13 12:41:00+05:30,0.4,0.4,0.4,0.4,0,21650
2280,2022-07-13 12:42:00+05:30,0.4,0.4,0.4,0.4,0,21650
2281,2022-07-13 12:43:00+05:30,0.4,0.4,0.4,0.4,0,21650
2282,2022-07-13 12:44:00+05:30,0.4,0.4,0.4,0.4,0,21650
2283,2022-07-13 12:45:00+05:30,0.4,0.4,0.4,0.4,0,21650
2284,2022-07-13 12:46:00+05:30,0.4,0.4,0.4,0.4,0,21650
2285,2022-07-13 12:47:00+05:30,0.4,0.4,0.4,0.4,0,21650
2286,2022-07-13 12:48:00+05:30,0.4,0.4,0.4,0.4,0,21650
2287,2022-07-13 12:49:00+05:30,0.4,0.4,0.4,0.4,0,21650
2288,2022-07-13 12:50:00+05:30,0.4,0.4,0.4,0.4,0,21650
2289,2022-07-13 12:51:00+05:30,0.4,0.4,0.4,0.4,0,21650
2290,2022-07-13 12:52:00+05:30,0.4,0.4,0.4,0.4,50,21650
2291,2022-07-13 12:53:00+05:30,0.4,0.4,0.4,0.4,0,21650
2292,2022-07-13 12:54:00+05:30,0.4,0.4,0.3,0.3,50,21650
2293,2022-07-13 12:55:00+05:30,0.3,0.3,0.3,0.3,0,21650
2294,2022-07-13 12:56:00+05:30,0.3,0.3,0.3,0.3,0,21650
2295,2022-07-13 12:57:00+05:30,0.3,0.35,0.3,0.35,50,21650
2296,2022-07-13 12:58:00+05:30,0.35,0.35,0.35,0.35,0,21650
2297,2022-07-13 12:59:00+05:30,0.35,0.4,0.35,0.4,1050,21650
2298,2022-07-13 13:00:00+05:30,0.4,0.4,0.4,0.4,0,21650
2299,2022-07-13 13:01:00+05:30,0.4,0.4,0.4,0.4,3600,21650
2300,2022-07-13 13:02:00+05:30,0.4,0.4,0.4,0.4,0,21650
2301,2022-07-13 13:03:00+05:30,0.4,0.4,0.4,0.4,0,21650
2302,2022-07-13 13:04:00+05:30,0.4,0.4,0.4,0.4,0,21650
2303,2022-07-13 13:05:00+05:30,0.4,0.4,0.4,0.4,0,21650
2304,2022-07-13 13:06:00+05:30,0.4,0.5,0.4,0.5,500,21650
2305,2022-07-13 13:07:00+05:30,0.5,0.5,0.45,0.45,7800,21650
2306,2022-07-13 13:08:00+05:30,0.45,0.45,0.45,0.45,2300,21650
2307,2022-07-13 13:09:00+05:30,0.45,0.45,0.45,0.45,20500,32150
2308,2022-07-13 13:10:00+05:30,0.45,0.45,0.45,0.45,11050,32150
2309,2022-07-13 13:11:00+05:30,0.45,0.45,0.45,0.45,15700,32150
2310,2022-07-13 13:12:00+05:30,0.45,0.45,0.45,0.45,5500,26500
2311,2022-07-13 13:13:00+05:30,0.45,0.45,0.45,0.45,8850,26500
2312,2022-07-13 13:14:00+05:30,0.45,0.45,0.45,0.45,8650,26500
2313,2022-07-13 13:15:00+05:30,0.45,0.45,0.45,0.45,0,26500
2314,2022-07-13 13:16:00+05:30,0.45,0.45,0.45,0.45,0,26500
2315,2022-07-13 13:17:00+05:30,0.45,0.45,0.45,0.45,50,21650
2316,2022-07-13 13:18:00+05:30,0.45,0.45,0.45,0.45,0,21650
2317,2022-07-13 13:19:00+05:30,0.45,0.45,0.45,0.45,0,21650
2318,2022-07-13 13:20:00+05:30,0.45,0.45,0.45,0.45,50,21650
2319,2022-07-13 13:21:00+05:30,0.45,0.45,0.45,0.45,0,21650
2320,2022-07-13 13:22:00+05:30,0.45,0.45,0.45,0.45,0,21650
2321,2022-07-13 13:23:00+05:30,0.45,0.45,0.45,0.45,0,21650
2322,2022-07-13 13:24:00+05:30,0.45,0.45,0.45,0.45,0,21650
2323,2022-07-13 13:25:00+05:30,0.45,0.5,0.45,0.5,950,21650
2324,2022-07-13 13:26:00+05:30,0.5,0.5,0.5,0.5,0,21650
2325,2022-07-13 13:27:00+05:30,0.5,0.5,0.5,0.5,0,21650
2326,2022-07-13 13:28:00+05:30,0.5,0.5,0.45,0.45,50,21650
2327,2022-07-13 13:29:00+05:30,0.45,0.45,0.45,0.45,0,21650
2328,2022-07-13 13:30:00+05:30,0.45,0.55,0.45,0.55,400,21650
2329,2022-07-13 13:31:00+05:30,0.55,0.55,0.55,0.55,0,21650
2330,2022-07-13 13:32:00+05:30,0.55,0.55,0.55,0.55,0,21650
2331,2022-07-13 13:33:00+05:30,0.55,0.55,0.55,0.55,0,21650
2332,2022-07-13 13:34:00+05:30,0.55,0.55,0.55,0.55,50,21800
2333,2022-07-13 13:35:00+05:30,0.45,0.45,0.45,0.45,1400,21800
2334,2022-07-13 13:36:00+05:30,0.45,0.55,0.45,0.55,0,21650
2335,2022-07-13 13:37:00+05:30,0.5,0.5,0.5,0.5,0,21650
2336,2022-07-13 13:38:00+05:30,0.5,0.5,0.5,0.5,0,21650
2337,2022-07-13 13:39:00+05:30,0.5,0.5,0.5,0.5,0,21650
2338,2022-07-13 13:40:00+05:30,0.5,0.5,0.5,0.5,0,21650
2339,2022-07-13 13:41:00+05:30,0.5,0.5,0.5,0.5,0,21650
2340,2022-07-13 13:42:00+05:30,0.5,0.5,0.5,0.5,0,21650
2341,2022-07-13 13:43:00+05:30,0.5,0.5,0.5,0.5,25300,21650
2342,2022-07-13 13:44:00+05:30,0.5,0.5,0.5,0.5,3600,21650
2343,2022-07-13 13:45:00+05:30,0.5,0.5,0.5,0.5,0,21650
2344,2022-07-13 13:46:00+05:30,0.5,0.55,0.5,0.55,1000,21700
2345,2022-07-13 13:47:00+05:30,0.55,0.55,0.55,0.55,0,21700
2346,2022-07-13 13:48:00+05:30,0.55,0.55,0.55,0.55,0,21700
2347,2022-07-13 13:49:00+05:30,0.55,0.55,0.55,0.55,0,21700
2348,2022-07-13 13:50:00+05:30,0.55,0.55,0.55,0.55,0,21700
2349,2022-07-13 13:51:00+05:30,0.55,0.55,0.5,0.5,1500,22700
2350,2022-07-13 13:52:00+05:30,0.5,0.5,0.5,0.5,0,22700
2351,2022-07-13 13:53:00+05:30,0.5,0.5,0.5,0.5,0,22700
2352,2022-07-13 13:54:00+05:30,0.5,0.5,0.5,0.5,0,22700
2353,2022-07-13 13:56:00+05:30,0.5,0.5,0.5,0.5,0,22700
2354,2022-07-13 13:57:00+05:30,0.5,0.5,0.5,0.5,0,22700
2355,2022-07-13 13:58:00+05:30,0.5,0.5,0.5,0.5,0,22700
2356,2022-07-13 13:59:00+05:30,0.5,0.5,0.5,0.5,0,22700
2357,2022-07-13 14:00:00+05:30,0.5,0.5,0.5,0.5,0,22700
2358,2022-07-13 14:01:00+05:30,0.5,0.55,0.5,0.55,3000,21650
2359,2022-07-13 14:02:00+05:30,0.55,0.55,0.55,0.55,0,21650
2360,2022-07-13 14:03:00+05:30,0.55,0.55,0.55,0.55,0,21650
2361,2022-07-13 14:04:00+05:30,0.55,0.55,0.55,0.55,600,24600
2362,2022-07-13 14:05:00+05:30,0.55,0.55,0.55,0.55,0,24600
2363,2022-07-13 14:06:00+05:30,0.55,0.55,0.55,0.55,0,24600
2364,2022-07-13 14:07:00+05:30,0.55,0.55,0.55,0.55,0,24600
2365,2022-07-13 14:08:00+05:30,0.55,0.55,0.55,0.55,0,24600
2366,2022-07-13 14:09:00+05:30,0.55,0.55,0.55,0.55,0,24600
2367,2022-07-13 14:11:00+05:30,0.55,0.55,0.55,0.55,0,24600
2368,2022-07-13 14:12:00+05:30,0.55,0.55,0.55,0.55,200,23100
2369,2022-07-13 14:13:00+05:30,0.55,0.55,0.55,0.55,0,23100
2370,2022-07-13 14:14:00+05:30,0.55,0.55,0.55,0.55,0,23100
2371,2022-07-13 14:15:00+05:30,0.55,0.55,0.55,0.55,0,23100
2372,2022-07-13 14:16:00+05:30,0.55,0.55,0.55,0.55,0,23100
2373,2022-07-13 14:17:00+05:30,0.55,0.55,0.55,0.55,0,23100
2374,2022-07-13 14:18:00+05:30,0.55,0.55,0.55,0.55,0,23100
2375,2022-07-13 14:19:00+05:30,0.55,0.55,0.55,0.55,0,23100
2376,2022-07-13 14:20:00+05:30,0.55,0.55,0.55,0.55,0,23100
2377,2022-07-13 14:21:00+05:30,0.55,0.55,0.55,0.55,0,22250
2378,2022-07-13 14:22:00+05:30,0.55,0.55,0.55,0.55,0,22250
2379,2022-07-13 14:23:00+05:30,0.55,0.55,0.55,0.55,0,22250
2380,2022-07-13 14:24:00+05:30,0.55,0.55,0.55,0.55,0,22250
2381,2022-07-13 14:25:00+05:30,0.55,0.55,0.55,0.55,0,22250
2382,2022-07-13 14:26:00+05:30,0.55,0.55,0.55,0.55,0,22250
2383,2022-07-13 14:27:00+05:30,0.55,0.55,0.55,0.55,0,22250
2384,2022-07-13 14:28:00+05:30,0.55,0.55,0.55,0.55,0,22250
2385,2022-07-13 14:29:00+05:30,0.55,0.55,0.55,0.55,0,22250
2386,2022-07-13 14:30:00+05:30,0.55,0.55,0.55,0.55,0,22250
2387,2022-07-13 14:32:00+05:30,0.55,0.55,0.55,0.55,0,22250
2388,2022-07-13 14:33:00+05:30,0.55,0.55,0.55,0.55,0,22250
2389,2022-07-13 14:34:00+05:30,0.55,0.55,0.55,0.55,0,22250
2390,2022-07-13 14:35:00+05:30,0.55,0.6,0.55,0.6,1400,22250
2391,2022-07-13 14:36:00+05:30,0.6,0.6,0.6,0.6,0,22250
2392,2022-07-13 14:37:00+05:30,0.6,0.6,0.6,0.6,0,22250
2393,2022-07-13 14:38:00+05:30,0.6,0.6,0.6,0.6,0,22250
2394,2022-07-13 14:39:00+05:30,0.6,0.6,0.6,0.6,0,22250
2395,2022-07-13 14:40:00+05:30,0.6,0.6,0.6,0.6,0,22250
2396,2022-07-13 14:41:00+05:30,0.6,0.6,0.6,0.6,0,22250
2397,2022-07-13 14:42:00+05:30,0.6,0.6,0.6,0.6,0,22250
2398,2022-07-13 14:43:00+05:30,0.6,0.6,0.6,0.6,0,22250
2399,2022-07-13 14:44:00+05:30,0.6,0.7,0.6,0.6,100,22750
2400,2022-07-13 14:45:00+05:30,0.6,0.6,0.6,0.6,150,22750
2401,2022-07-13 14:46:00+05:30,0.6,0.6,0.6,0.6,0,22750
2402,2022-07-13 14:47:00+05:30,0.6,0.6,0.6,0.6,0,22750
2403,2022-07-13 14:48:00+05:30,0.6,0.6,0.6,0.6,100,22600
2404,2022-07-13 14:49:00+05:30,0.6,0.6,0.6,0.6,0,22600
2405,2022-07-13 14:50:00+05:30,0.6,0.6,0.6,0.6,0,22600
2406,2022-07-13 14:51:00+05:30,0.6,0.6,0.6,0.6,0,22600
2407,2022-07-13 14:52:00+05:30,0.6,0.6,0.6,0.6,0,22600
2408,2022-07-13 14:53:00+05:30,0.6,0.6,0.6,0.6,0,22600
2409,2022-07-13 14:54:00+05:30,0.6,0.6,0.6,0.6,0,22600
2410,2022-07-13 14:55:00+05:30,0.6,0.6,0.55,0.55,800,22550
2411,2022-07-13 14:56:00+05:30,0.55,0.55,0.55,0.55,0,22550
2412,2022-07-13 14:57:00+05:30,0.55,0.55,0.55,0.55,0,22550
2413,2022-07-13 14:58:00+05:30,0.55,0.55,0.55,0.55,0,22550
2414,2022-07-13 14:59:00+05:30,0.55,0.55,0.55,0.55,0,22550
2415,2022-07-13 15:00:00+05:30,0.55,0.55,0.55,0.55,0,22550
2416,2022-07-13 15:01:00+05:30,0.55,0.65,0.55,0.65,1250,22400
2417,2022-07-13 15:02:00+05:30,0.65,0.65,0.65,0.65,0,22400
2418,2022-07-13 15:03:00+05:30,0.65,0.7,0.65,0.7,1000,24150
2419,2022-07-13 15:04:00+05:30,0.7,0.7,0.6,0.6,0,24150
2420,2022-07-13 15:05:00+05:30,0.6,0.6,0.6,0.6,0,24150
2421,2022-07-13 15:06:00+05:30,0.6,0.7,0.6,0.7,1200,24150
2422,2022-07-13 15:07:00+05:30,0.7,0.7,0.7,0.7,0,24150
2423,2022-07-13 15:08:00+05:30,0.7,0.7,0.7,0.7,0,24150
2424,2022-07-13 15:09:00+05:30,0.7,0.7,0.7,0.7,0,24150
2425,2022-07-13 15:10:00+05:30,0.7,0.7,0.7,0.7,0,24150
2426,2022-07-13 15:11:00+05:30,0.6,0.6,0.55,0.55,50,24050
2427,2022-07-13 15:12:00+05:30,0.55,0.6,0.55,0.6,350,23650
2428,2022-07-13 15:13:00+05:30,0.6,0.6,0.6,0.6,0,23650
2429,2022-07-13 15:14:00+05:30,0.6,0.6,0.6,0.6,0,23650
2430,2022-07-13 15:15:00+05:30,0.6,0.6,0.5,0.55,750,23450
2431,2022-07-13 15:16:00+05:30,0.55,0.55,0.55,0.55,0,23450
2432,2022-07-13 15:17:00+05:30,0.55,0.55,0.55,0.55,0,23450
2433,2022-07-13 15:18:00+05:30,0.55,0.55,0.55,0.55,0,23450
2434,2022-07-13 15:19:00+05:30,0.55,0.55,0.55,0.55,50,23450
2435,2022-07-13 15:20:00+05:30,0.55,0.55,0.5,0.5,2100,23450
2436,2022-07-13 15:21:00+05:30,0.5,0.55,0.45,0.55,900,22750
2437,2022-07-13 15:22:00+05:30,0.55,0.55,0.55,0.55,0,22750
2438,2022-07-13 15:23:00+05:30,0.55,0.6,0.45,0.45,2300,22750
2439,2022-07-13 15:24:00+05:30,0.45,0.45,0.45,0.45,0,22750
2440,2022-07-13 15:25:00+05:30,0.45,0.45,0.45,0.45,0,22750
2441,2022-07-13 15:26:00+05:30,0.45,0.45,0.45,0.45,0,22750
2442,2022-07-13 15:27:00+05:30,0.45,0.45,0.45,0.45,0,22750
2443,2022-07-13 15:28:00+05:30,0.45,0.6,0.45,0.55,1000,22350
2444,2022-07-13 15:29:00+05:30,0.55,0.6,0.35,0.35,700,22350
2445,2022-07-14 09:15:00+05:30,0.65,0.65,0.15,0.15,5600,22800
2446,2022-07-14 09:16:00+05:30,0.15,0.15,0.15,0.15,0,22800
2447,2022-07-14 09:17:00+05:30,0.15,0.15,0.15,0.15,500,22550
2448,2022-07-14 09:18:00+05:30,0.15,0.15,0.15,0.15,0,22550
2449,2022-07-14 09:19:00+05:30,0.15,0.2,0.15,0.2,150,22550
2450,2022-07-14 09:20:00+05:30,0.2,0.2,0.15,0.15,1800,22300
2451,2022-07-14 09:21:00+05:30,0.15,0.3,0.15,0.25,2200,22300
2452,2022-07-14 09:22:00+05:30,0.25,0.25,0.25,0.25,0,22300
2453,2022-07-14 09:23:00+05:30,0.25,0.25,0.25,0.25,0,22300
2454,2022-07-14 09:24:00+05:30,0.25,0.25,0.25,0.25,0,22300
2455,2022-07-14 09:25:00+05:30,0.25,0.25,0.25,0.25,0,22300
2456,2022-07-14 09:26:00+05:30,0.25,0.25,0.25,0.25,0,22300
2457,2022-07-14 09:27:00+05:30,0.25,0.25,0.25,0.25,0,22300
2458,2022-07-14 09:28:00+05:30,0.25,0.25,0.25,0.25,0,22300
2459,2022-07-14 09:29:00+05:30,0.25,0.25,0.15,0.15,50,20550
2460,2022-07-14 09:30:00+05:30,0.15,0.15,0.15,0.15,0,20550
2461,2022-07-14 09:31:00+05:30,0.15,0.15,0.15,0.15,0,20550
2462,2022-07-14 09:32:00+05:30,0.15,0.15,0.15,0.15,0,20550
2463,2022-07-14 09:33:00+05:30,0.15,0.15,0.15,0.15,0,20550
2464,2022-07-14 09:34:00+05:30,0.15,0.15,0.15,0.15,0,20550
2465,2022-07-14 09:35:00+05:30,0.15,0.2,0.15,0.2,1700,20550
2466,2022-07-14 09:36:00+05:30,0.2,0.2,0.2,0.2,0,20550
2467,2022-07-14 09:37:00+05:30,0.2,0.2,0.2,0.2,0,20550
2468,2022-07-14 09:38:00+05:30,0.2,0.2,0.2,0.2,0,20550
2469,2022-07-14 09:39:00+05:30,0.2,0.2,0.2,0.2,0,20550
2470,2022-07-14 09:40:00+05:30,0.15,0.15,0.15,0.15,100,19350
2471,2022-07-14 09:41:00+05:30,0.15,0.15,0.15,0.15,0,19350
2472,2022-07-14 09:42:00+05:30,0.15,0.15,0.15,0.15,0,19350
2473,2022-07-14 09:43:00+05:30,0.15,0.15,0.15,0.15,0,19350
2474,2022-07-14 09:44:00+05:30,0.15,0.15,0.15,0.15,0,19350
2475,2022-07-14 09:46:00+05:30,0.2,0.2,0.2,0.2,0,19350
2476,2022-07-14 09:47:00+05:30,0.2,0.2,0.2,0.2,0,19350
2477,2022-07-14 09:48:00+05:30,0.2,0.2,0.2,0.2,0,19350
2478,2022-07-14 09:49:00+05:30,0.2,0.2,0.2,0.2,0,19350
2479,2022-07-14 09:50:00+05:30,0.2,0.2,0.2,0.2,0,19350
2480,2022-07-14 09:51:00+05:30,0.2,0.2,0.2,0.2,0,19350
2481,2022-07-14 09:52:00+05:30,0.2,0.2,0.2,0.2,0,19350
2482,2022-07-14 09:53:00+05:30,0.2,0.2,0.2,0.2,0,19350
2483,2022-07-14 09:54:00+05:30,0.2,0.2,0.2,0.2,0,19350
2484,2022-07-14 09:55:00+05:30,0.2,0.2,0.2,0.2,0,19350
2485,2022-07-14 09:56:00+05:30,0.2,0.2,0.2,0.2,0,19350
2486,2022-07-14 09:57:00+05:30,0.2,0.2,0.2,0.2,0,19350
2487,2022-07-14 09:58:00+05:30,0.2,0.2,0.2,0.2,0,19350
2488,2022-07-14 09:59:00+05:30,0.2,0.2,0.2,0.2,0,19350
2489,2022-07-14 10:00:00+05:30,0.2,0.2,0.2,0.2,0,19350
2490,2022-07-14 10:01:00+05:30,0.2,0.2,0.2,0.2,0,19350
2491,2022-07-14 10:02:00+05:30,0.2,0.2,0.2,0.2,0,19350
2492,2022-07-14 10:03:00+05:30,0.2,0.2,0.2,0.2,0,19350
2493,2022-07-14 10:04:00+05:30,0.2,0.2,0.2,0.2,0,19350
2494,2022-07-14 10:05:00+05:30,0.2,0.2,0.15,0.15,50,19350
2495,2022-07-14 10:06:00+05:30,0.15,0.15,0.15,0.15,0,19350
2496,2022-07-14 10:07:00+05:30,0.15,0.15,0.15,0.15,0,19300
2497,2022-07-14 10:08:00+05:30,0.15,0.15,0.15,0.15,0,19300
2498,2022-07-14 10:09:00+05:30,0.15,0.15,0.15,0.15,0,19300
2499,2022-07-14 10:10:00+05:30,0.15,0.15,0.15,0.15,0,19300
2500,2022-07-14 10:11:00+05:30,0.15,0.15,0.15,0.15,0,19300
2501,2022-07-14 10:12:00+05:30,0.15,0.15,0.15,0.15,0,19300
2502,2022-07-14 10:14:00+05:30,0.15,0.15,0.15,0.15,0,19300
2503,2022-07-14 10:15:00+05:30,0.15,0.15,0.15,0.15,0,19300
2504,2022-07-14 10:16:00+05:30,0.15,0.15,0.15,0.15,0,19300
2505,2022-07-14 10:18:00+05:30,0.15,0.15,0.15,0.15,0,19300
2506,2022-07-14 10:19:00+05:30,0.15,0.15,0.15,0.15,0,19300
2507,2022-07-14 10:20:00+05:30,0.15,0.15,0.15,0.15,0,19300
2508,2022-07-14 10:21:00+05:30,0.15,0.15,0.1,0.1,1350,18900
2509,2022-07-14 10:22:00+05:30,0.1,0.1,0.1,0.1,0,18900
2510,2022-07-14 10:23:00+05:30,0.1,0.1,0.1,0.1,0,18900
2511,2022-07-14 10:24:00+05:30,0.1,0.1,0.1,0.1,0,18900
2512,2022-07-14 10:25:00+05:30,0.1,0.1,0.1,0.1,0,18900
2513,2022-07-14 10:26:00+05:30,0.1,0.1,0.1,0.1,0,18900
2514,2022-07-14 10:27:00+05:30,0.1,0.1,0.1,0.1,0,18900
2515,2022-07-14 10:28:00+05:30,0.1,0.1,0.1,0.1,0,18900
2516,2022-07-14 10:29:00+05:30,0.1,0.1,0.1,0.1,0,18900
2517,2022-07-14 10:30:00+05:30,0.1,0.1,0.1,0.1,0,18900
2518,2022-07-14 10:31:00+05:30,0.1,0.1,0.1,0.1,0,18900
2519,2022-07-14 10:32:00+05:30,0.1,0.1,0.1,0.1,0,18900
2520,2022-07-14 10:33:00+05:30,0.1,0.1,0.1,0.1,0,18900
2521,2022-07-14 10:34:00+05:30,0.1,0.1,0.1,0.1,0,18900
2522,2022-07-14 10:35:00+05:30,0.1,0.1,0.1,0.1,0,18900
2523,2022-07-14 10:36:00+05:30,0.1,0.1,0.1,0.1,0,18900
2524,2022-07-14 10:37:00+05:30,0.1,0.1,0.1,0.1,0,18900
2525,2022-07-14 10:38:00+05:30,0.1,0.1,0.1,0.1,0,18900
2526,2022-07-14 10:39:00+05:30,0.1,0.1,0.1,0.1,0,18900
2527,2022-07-14 10:40:00+05:30,0.1,0.1,0.1,0.1,0,18900
2528,2022-07-14 10:41:00+05:30,0.1,0.1,0.1,0.1,0,18900
2529,2022-07-14 10:42:00+05:30,0.1,0.1,0.1,0.1,0,18900
2530,2022-07-14 10:43:00+05:30,0.1,0.1,0.1,0.1,0,18900
2531,2022-07-14 10:44:00+05:30,0.1,0.1,0.1,0.1,0,18900
2532,2022-07-14 10:45:00+05:30,0.1,0.1,0.1,0.1,0,18900
2533,2022-07-14 10:46:00+05:30,0.1,0.1,0.1,0.1,0,18900
2534,2022-07-14 10:47:00+05:30,0.1,0.1,0.1,0.1,0,18900
2535,2022-07-14 10:48:00+05:30,0.1,0.1,0.1,0.1,0,18900
2536,2022-07-14 10:49:00+05:30,0.1,0.1,0.1,0.1,0,18900
2537,2022-07-14 10:50:00+05:30,0.1,0.1,0.1,0.1,0,18900
2538,2022-07-14 10:51:00+05:30,0.1,0.1,0.1,0.1,0,18900
2539,2022-07-14 10:52:00+05:30,0.1,0.1,0.1,0.1,0,18900
2540,2022-07-14 10:53:00+05:30,0.1,0.1,0.1,0.1,0,18900
2541,2022-07-14 10:54:00+05:30,0.1,0.1,0.1,0.1,100,18900
2542,2022-07-14 10:55:00+05:30,0.1,0.1,0.1,0.1,0,18900
2543,2022-07-14 10:56:00+05:30,0.1,0.1,0.1,0.1,0,18900
2544,2022-07-14 10:57:00+05:30,0.1,0.1,0.1,0.1,0,18900
2545,2022-07-14 10:58:00+05:30,0.1,0.1,0.1,0.1,0,18900
2546,2022-07-14 10:59:00+05:30,0.1,0.1,0.1,0.1,0,18900
2547,2022-07-14 11:00:00+05:30,0.1,0.1,0.1,0.1,0,18900
2548,2022-07-14 11:01:00+05:30,0.1,0.1,0.1,0.1,0,18900
2549,2022-07-14 11:02:00+05:30,0.1,0.1,0.1,0.1,0,18900
2550,2022-07-14 11:03:00+05:30,0.1,0.1,0.1,0.1,0,18900
2551,2022-07-14 11:04:00+05:30,0.1,0.1,0.1,0.1,0,18900
2552,2022-07-14 11:05:00+05:30,0.1,0.1,0.1,0.1,0,18900
2553,2022-07-14 11:06:00+05:30,0.1,0.1,0.1,0.1,0,18900
2554,2022-07-14 11:07:00+05:30,0.1,0.1,0.1,0.1,0,18900
2555,2022-07-14 11:08:00+05:30,0.1,0.1,0.1,0.1,0,18900
2556,2022-07-14 11:09:00+05:30,0.1,0.1,0.1,0.1,0,18900
2557,2022-07-14 11:10:00+05:30,0.1,0.1,0.1,0.1,0,18900
2558,2022-07-14 11:11:00+05:30,0.1,0.1,0.1,0.1,0,18900
2559,2022-07-14 11:12:00+05:30,0.1,0.1,0.1,0.1,0,18900
2560,2022-07-14 11:13:00+05:30,0.1,0.1,0.1,0.1,0,18900
2561,2022-07-14 11:14:00+05:30,0.1,0.1,0.1,0.1,0,18900
2562,2022-07-14 11:15:00+05:30,0.1,0.1,0.1,0.1,0,18900
2563,2022-07-14 11:16:00+05:30,0.1,0.1,0.1,0.1,0,18900
2564,2022-07-14 11:17:00+05:30,0.1,0.1,0.1,0.1,0,18900
2565,2022-07-14 11:18:00+05:30,0.1,0.1,0.1,0.1,0,18900
2566,2022-07-14 11:19:00+05:30,0.1,0.1,0.1,0.1,0,18900
2567,2022-07-14 11:20:00+05:30,0.1,0.1,0.1,0.1,0,18900
2568,2022-07-14 11:21:00+05:30,0.1,0.1,0.1,0.1,0,18900
2569,2022-07-14 11:22:00+05:30,0.1,0.1,0.1,0.1,0,18900
2570,2022-07-14 11:23:00+05:30,0.1,0.1,0.1,0.1,0,18900
2571,2022-07-14 11:24:00+05:30,0.1,0.1,0.1,0.1,0,18900
2572,2022-07-14 11:25:00+05:30,0.1,0.1,0.1,0.1,0,18900
2573,2022-07-14 11:26:00+05:30,0.1,0.1,0.1,0.1,0,18900
2574,2022-07-14 11:27:00+05:30,0.1,0.1,0.1,0.1,0,18900
2575,2022-07-14 11:28:00+05:30,0.1,0.1,0.1,0.1,0,18900
2576,2022-07-14 11:29:00+05:30,0.1,0.1,0.1,0.1,0,18900
2577,2022-07-14 11:30:00+05:30,0.1,0.1,0.1,0.1,0,18900
2578,2022-07-14 11:31:00+05:30,0.1,0.1,0.1,0.1,0,18900
2579,2022-07-14 11:32:00+05:30,0.1,0.1,0.1,0.1,0,18900
2580,2022-07-14 11:33:00+05:30,0.1,0.1,0.1,0.1,0,18900
2581,2022-07-14 11:34:00+05:30,0.1,0.1,0.1,0.1,0,18900
2582,2022-07-14 11:35:00+05:30,0.1,0.1,0.1,0.1,0,18900
2583,2022-07-14 11:36:00+05:30,0.1,0.1,0.1,0.1,0,18900
2584,2022-07-14 11:37:00+05:30,0.1,0.1,0.1,0.1,0,18900
2585,2022-07-14 11:38:00+05:30,0.1,0.1,0.1,0.1,0,18900
2586,2022-07-14 11:39:00+05:30,0.1,0.1,0.1,0.1,0,18900
2587,2022-07-14 11:40:00+05:30,0.1,0.1,0.1,0.1,550,18900
2588,2022-07-14 11:41:00+05:30,0.1,0.1,0.1,0.1,0,18900
2589,2022-07-14 11:42:00+05:30,0.1,0.1,0.1,0.1,0,18900
2590,2022-07-14 11:43:00+05:30,0.1,0.1,0.1,0.1,0,18900
2591,2022-07-14 11:44:00+05:30,0.1,0.1,0.1,0.1,0,18900
2592,2022-07-14 11:45:00+05:30,0.1,0.1,0.1,0.1,1200,18900
2593,2022-07-14 11:46:00+05:30,0.1,0.1,0.1,0.1,550,18900
2594,2022-07-14 11:47:00+05:30,0.1,0.15,0.1,0.1,250,18900
2595,2022-07-14 11:48:00+05:30,0.1,0.1,0.1,0.1,0,18900
2596,2022-07-14 11:50:00+05:30,0.1,0.1,0.1,0.1,0,18900
2597,2022-07-14 11:51:00+05:30,0.1,0.1,0.1,0.1,0,18900
2598,2022-07-14 11:52:00+05:30,0.1,0.1,0.1,0.1,0,18900
2599,2022-07-14 11:53:00+05:30,0.1,0.1,0.1,0.1,500,18900
2600,2022-07-14 11:54:00+05:30,0.1,0.1,0.1,0.1,1000,18900
2601,2022-07-14 11:55:00+05:30,0.1,0.1,0.1,0.1,1800,18900
2602,2022-07-14 11:56:00+05:30,0.1,0.1,0.1,0.1,2150,19350
2603,2022-07-14 11:57:00+05:30,0.1,0.1,0.1,0.1,2000,19350
2604,2022-07-14 11:58:00+05:30,0.1,0.1,0.1,0.1,950,19350
2605,2022-07-14 11:59:00+05:30,0.1,0.1,0.1,0.1,500,19350
2606,2022-07-14 12:00:00+05:30,0.1,0.1,0.1,0.1,0,19350
2607,2022-07-14 12:01:00+05:30,0.1,0.1,0.1,0.1,0,19350
2608,2022-07-14 12:02:00+05:30,0.1,0.1,0.1,0.1,0,19350
2609,2022-07-14 12:03:00+05:30,0.1,0.1,0.1,0.1,0,19350
2610,2022-07-14 12:04:00+05:30,0.1,0.1,0.1,0.1,0,19350
2611,2022-07-14 12:05:00+05:30,0.1,0.1,0.1,0.1,0,19350
2612,2022-07-14 12:06:00+05:30,0.1,0.1,0.1,0.1,0,19350
2613,2022-07-14 12:07:00+05:30,0.1,0.1,0.1,0.1,0,19350
2614,2022-07-14 12:08:00+05:30,0.1,0.1,0.1,0.1,0,19350
2615,2022-07-14 12:09:00+05:30,0.1,0.1,0.05,0.1,3600,18850
2616,2022-07-14 12:10:00+05:30,0.1,0.1,0.1,0.1,4450,18850
2617,2022-07-14 12:11:00+05:30,0.1,0.1,0.05,0.05,150,18850
2618,2022-07-14 12:12:00+05:30,0.05,0.05,0.05,0.05,0,18850
2619,2022-07-14 12:13:00+05:30,0.05,0.05,0.05,0.05,0,18850
2620,2022-07-14 12:14:00+05:30,0.05,0.05,0.05,0.05,0,18850
2621,2022-07-14 12:15:00+05:30,0.05,0.05,0.05,0.05,0,18850
2622,2022-07-14 12:16:00+05:30,0.05,0.05,0.05,0.05,50,18850
2623,2022-07-14 12:17:00+05:30,0.05,0.05,0.05,0.05,0,18850
2624,2022-07-14 12:18:00+05:30,0.05,0.05,0.05,0.05,0,18850
2625,2022-07-14 12:19:00+05:30,0.05,0.05,0.05,0.05,0,18850
2626,2022-07-14 12:20:00+05:30,0.05,0.05,0.05,0.05,0,18850
2627,2022-07-14 12:21:00+05:30,0.05,0.1,0.05,0.1,350,18900
2628,2022-07-14 12:22:00+05:30,0.1,0.1,0.1,0.1,0,18900
2629,2022-07-14 12:23:00+05:30,0.1,0.1,0.1,0.1,0,18900
2630,2022-07-14 12:24:00+05:30,0.1,0.1,0.1,0.1,0,18900
2631,2022-07-14 12:25:00+05:30,0.1,0.1,0.1,0.1,0,18900
2632,2022-07-14 12:26:00+05:30,0.1,0.1,0.1,0.1,0,18900
2633,2022-07-14 12:27:00+05:30,0.1,0.1,0.1,0.1,0,18900
2634,2022-07-14 12:28:00+05:30,0.1,0.1,0.1,0.1,0,18900
2635,2022-07-14 12:29:00+05:30,0.1,0.1,0.1,0.1,0,18900
2636,2022-07-14 12:30:00+05:30,0.1,0.1,0.1,0.1,0,18900
2637,2022-07-14 12:31:00+05:30,0.1,0.1,0.1,0.1,0,18900
2638,2022-07-14 12:32:00+05:30,0.05,0.1,0.05,0.05,200,18900
2639,2022-07-14 12:33:00+05:30,0.05,0.05,0.05,0.05,0,18900
2640,2022-07-14 12:34:00+05:30,0.05,0.05,0.05,0.05,0,18900
2641,2022-07-14 12:35:00+05:30,0.05,0.05,0.05,0.05,0,18900
2642,2022-07-14 12:36:00+05:30,0.05,0.05,0.05,0.05,0,18900
2643,2022-07-14 12:37:00+05:30,0.05,0.05,0.05,0.05,0,18900
2644,2022-07-14 12:38:00+05:30,0.05,0.05,0.05,0.05,0,18900
2645,2022-07-14 12:40:00+05:30,0.05,0.05,0.05,0.05,0,18900
2646,2022-07-14 12:41:00+05:30,0.05,0.05,0.05,0.05,0,18900
2647,2022-07-14 12:42:00+05:30,0.05,0.05,0.05,0.05,0,18900
2648,2022-07-14 12:43:00+05:30,0.05,0.05,0.05,0.05,150,18900
2649,2022-07-14 12:44:00+05:30,0.05,0.05,0.05,0.05,0,18900
2650,2022-07-14 12:45:00+05:30,0.05,0.05,0.05,0.05,0,18900
2651,2022-07-14 12:46:00+05:30,0.05,0.05,0.05,0.05,0,18900
2652,2022-07-14 12:47:00+05:30,0.05,0.05,0.05,0.05,0,18900
2653,2022-07-14 12:48:00+05:30,0.05,0.05,0.05,0.05,0,18900
2654,2022-07-14 12:49:00+05:30,0.05,0.05,0.05,0.05,0,18900
2655,2022-07-14 12:50:00+05:30,0.05,0.05,0.05,0.05,0,18900
2656,2022-07-14 12:51:00+05:30,0.05,0.05,0.05,0.05,0,18900
2657,2022-07-14 12:52:00+05:30,0.05,0.05,0.05,0.05,0,18900
2658,2022-07-14 12:53:00+05:30,0.05,0.05,0.05,0.05,0,18900
2659,2022-07-14 12:54:00+05:30,0.05,0.05,0.05,0.05,0,18900
2660,2022-07-14 12:55:00+05:30,0.05,0.05,0.05,0.05,0,18900
2661,2022-07-14 12:56:00+05:30,0.05,0.05,0.05,0.05,0,18900
2662,2022-07-14 12:57:00+05:30,0.05,0.05,0.05,0.05,0,18900
2663,2022-07-14 12:58:00+05:30,0.05,0.05,0.05,0.05,0,18900
2664,2022-07-14 12:59:00+05:30,0.05,0.05,0.05,0.05,50,18900
2665,2022-07-14 13:00:00+05:30,0.05,0.05,0.05,0.05,0,18900
2666,2022-07-14 13:01:00+05:30,0.05,0.05,0.05,0.05,0,18900
2667,2022-07-14 13:02:00+05:30,0.05,0.05,0.05,0.05,0,18900
2668,2022-07-14 13:03:00+05:30,0.05,0.05,0.05,0.05,0,18900
2669,2022-07-14 13:04:00+05:30,0.05,0.05,0.05,0.05,0,18900
2670,2022-07-14 13:05:00+05:30,0.05,0.05,0.05,0.05,0,18900
2671,2022-07-14 13:06:00+05:30,0.05,0.05,0.05,0.05,0,18900
2672,2022-07-14 13:07:00+05:30,0.05,0.05,0.05,0.05,0,18900
2673,2022-07-14 13:08:00+05:30,0.05,0.05,0.05,0.05,0,18900
2674,2022-07-14 13:09:00+05:30,0.05,0.05,0.05,0.05,0,18900
2675,2022-07-14 13:10:00+05:30,0.05,0.05,0.05,0.05,0,18900
2676,2022-07-14 13:12:00+05:30,0.05,0.05,0.05,0.05,0,18900
2677,2022-07-14 13:13:00+05:30,0.05,0.05,0.05,0.05,0,18900
2678,2022-07-14 13:14:00+05:30,0.05,0.05,0.05,0.05,0,18900
2679,2022-07-14 13:17:00+05:30,0.05,0.05,0.05,0.05,0,18900
2680,2022-07-14 13:18:00+05:30,0.05,0.05,0.05,0.05,0,18900
2681,2022-07-14 13:19:00+05:30,0.05,0.05,0.05,0.05,0,18900
2682,2022-07-14 13:20:00+05:30,0.05,0.05,0.05,0.05,0,18900
2683,2022-07-14 13:21:00+05:30,0.05,0.05,0.05,0.05,0,18900
2684,2022-07-14 13:23:00+05:30,0.05,0.05,0.05,0.05,0,18900
2685,2022-07-14 13:25:00+05:30,0.05,0.05,0.05,0.05,0,18900
2686,2022-07-14 13:28:00+05:30,0.05,0.05,0.05,0.05,50,18900
2687,2022-07-14 13:29:00+05:30,0.05,0.05,0.05,0.05,0,18900
2688,2022-07-14 13:30:00+05:30,0.05,0.05,0.05,0.05,0,18900
2689,2022-07-14 13:31:00+05:30,0.05,0.05,0.05,0.05,0,18900
2690,2022-07-14 13:32:00+05:30,0.05,0.05,0.05,0.05,0,18900
2691,2022-07-14 13:33:00+05:30,0.05,0.05,0.05,0.05,150,18900
2692,2022-07-14 13:34:00+05:30,0.05,0.05,0.05,0.05,500,18900
2693,2022-07-14 13:35:00+05:30,0.05,0.05,0.05,0.05,0,18900
2694,2022-07-14 13:37:00+05:30,0.05,0.05,0.05,0.05,0,18900
2695,2022-07-14 13:39:00+05:30,0.05,0.05,0.05,0.05,0,18900
2696,2022-07-14 13:40:00+05:30,0.05,0.05,0.05,0.05,300,18900
2697,2022-07-14 13:41:00+05:30,0.05,0.05,0.05,0.05,0,18900
2698,2022-07-14 13:42:00+05:30,0.05,0.05,0.05,0.05,0,18900
2699,2022-07-14 13:43:00+05:30,0.05,0.05,0.05,0.05,0,18900
2700,2022-07-14 13:44:00+05:30,0.05,0.05,0.05,0.05,0,18900
2701,2022-07-14 13:45:00+05:30,0.05,0.05,0.05,0.05,0,18900
2702,2022-07-14 13:46:00+05:30,0.05,0.05,0.05,0.05,0,18900
2703,2022-07-14 13:47:00+05:30,0.05,0.05,0.05,0.05,0,18900
2704,2022-07-14 13:48:00+05:30,0.05,0.05,0.05,0.05,0,18900
2705,2022-07-14 13:49:00+05:30,0.05,0.05,0.05,0.05,0,18900
2706,2022-07-14 13:50:00+05:30,0.05,0.05,0.05,0.05,0,18900
2707,2022-07-14 13:51:00+05:30,0.05,0.05,0.05,0.05,0,18900
2708,2022-07-14 13:52:00+05:30,0.05,0.05,0.05,0.05,0,18900
2709,2022-07-14 13:53:00+05:30,0.05,0.05,0.05,0.05,0,18900
2710,2022-07-14 13:54:00+05:30,0.05,0.05,0.05,0.05,0,18900
2711,2022-07-14 13:56:00+05:30,0.05,0.05,0.05,0.05,0,18900
2712,2022-07-14 13:57:00+05:30,0.05,0.05,0.05,0.05,0,18900
2713,2022-07-14 13:59:00+05:30,0.05,0.05,0.05,0.05,0,18900
2714,2022-07-14 14:00:00+05:30,0.05,0.05,0.05,0.05,0,18900
2715,2022-07-14 14:01:00+05:30,0.05,0.05,0.05,0.05,0,18900
2716,2022-07-14 14:02:00+05:30,0.05,0.05,0.05,0.05,0,18900
2717,2022-07-14 14:03:00+05:30,0.05,0.05,0.05,0.05,0,18900
2718,2022-07-14 14:04:00+05:30,0.05,0.05,0.05,0.05,0,18900
2719,2022-07-14 14:05:00+05:30,0.05,0.05,0.05,0.05,0,18900
2720,2022-07-14 14:06:00+05:30,0.05,0.05,0.05,0.05,0,18900
2721,2022-07-14 14:07:00+05:30,0.05,0.05,0.05,0.05,0,18900
2722,2022-07-14 14:08:00+05:30,0.05,0.05,0.05,0.05,0,18900
2723,2022-07-14 14:09:00+05:30,0.05,0.05,0.05,0.05,0,18900
2724,2022-07-14 14:10:00+05:30,0.05,0.05,0.05,0.05,0,18900
2725,2022-07-14 14:11:00+05:30,0.05,0.05,0.05,0.05,0,18900
2726,2022-07-14 14:12:00+05:30,0.05,0.05,0.05,0.05,0,18900
2727,2022-07-14 14:13:00+05:30,0.05,0.05,0.05,0.05,0,18900
2728,2022-07-14 14:14:00+05:30,0.05,0.05,0.05,0.05,0,18900
2729,2022-07-14 14:15:00+05:30,0.1,0.1,0.05,0.05,150,18900
2730,2022-07-14 14:17:00+05:30,0.05,0.05,0.05,0.05,0,18900
2731,2022-07-14 14:18:00+05:30,0.05,0.05,0.05,0.05,0,18900
2732,2022-07-14 14:19:00+05:30,0.05,0.05,0.05,0.05,600,18900
2733,2022-07-14 14:20:00+05:30,0.05,0.05,0.05,0.05,500,18900
2734,2022-07-14 14:21:00+05:30,0.05,0.05,0.05,0.05,450,19550
2735,2022-07-14 14:22:00+05:30,0.05,0.05,0.05,0.05,0,19550
2736,2022-07-14 14:24:00+05:30,0.05,0.05,0.05,0.05,0,19550
2737,2022-07-14 14:25:00+05:30,0.05,0.05,0.05,0.05,0,19550
2738,2022-07-14 14:26:00+05:30,0.05,0.05,0.05,0.05,0,19550
2739,2022-07-14 14:27:00+05:30,0.1,0.1,0.1,0.1,50,20000
2740,2022-07-14 14:28:00+05:30,0.1,0.1,0.1,0.1,0,20000
2741,2022-07-14 14:29:00+05:30,0.1,0.1,0.1,0.1,0,20000
2742,2022-07-14 14:30:00+05:30,0.1,0.1,0.1,0.1,0,20000
2743,2022-07-14 14:31:00+05:30,0.1,0.1,0.1,0.1,0,20000
2744,2022-07-14 14:32:00+05:30,0.1,0.1,0.1,0.1,0,20000
2745,2022-07-14 14:33:00+05:30,0.1,0.1,0.1,0.1,0,20000
2746,2022-07-14 14:34:00+05:30,0.05,0.05,0.05,0.05,0,20000
2747,2022-07-14 14:35:00+05:30,0.05,0.05,0.05,0.05,0,20000
2748,2022-07-14 14:36:00+05:30,0.05,0.05,0.05,0.05,0,20000
2749,2022-07-14 14:37:00+05:30,0.05,0.05,0.05,0.05,0,20000
2750,2022-07-14 14:38:00+05:30,0.05,0.05,0.05,0.05,0,20000
2751,2022-07-14 14:39:00+05:30,0.05,0.05,0.05,0.05,0,20000
2752,2022-07-14 14:40:00+05:30,0.05,0.05,0.05,0.05,0,20000
2753,2022-07-14 14:41:00+05:30,0.05,0.05,0.05,0.05,0,20000
2754,2022-07-14 14:42:00+05:30,0.05,0.05,0.05,0.05,0,20000
2755,2022-07-14 14:43:00+05:30,0.05,0.05,0.05,0.05,0,20000
2756,2022-07-14 14:44:00+05:30,0.1,0.1,0.1,0.1,3200,20050
2757,2022-07-14 14:45:00+05:30,0.1,0.1,0.1,0.1,0,20050
2758,2022-07-14 14:46:00+05:30,0.1,0.1,0.1,0.1,0,20050
2759,2022-07-14 14:47:00+05:30,0.1,0.1,0.1,0.1,0,20050
2760,2022-07-14 14:48:00+05:30,0.1,0.1,0.05,0.05,400,20950
2761,2022-07-14 14:49:00+05:30,0.05,0.05,0.05,0.05,0,20950
2762,2022-07-14 14:50:00+05:30,0.05,0.05,0.05,0.05,0,20950
2763,2022-07-14 14:51:00+05:30,0.05,0.05,0.05,0.05,0,20950
2764,2022-07-14 14:53:00+05:30,0.05,0.05,0.05,0.05,0,20950
2765,2022-07-14 14:54:00+05:30,0.05,0.05,0.05,0.05,0,20950
2766,2022-07-14 14:55:00+05:30,0.05,0.05,0.05,0.05,0,20950
2767,2022-07-14 14:56:00+05:30,0.05,0.05,0.05,0.05,0,20950
2768,2022-07-14 14:57:00+05:30,0.05,0.05,0.05,0.05,0,20950
2769,2022-07-14 14:58:00+05:30,0.05,0.05,0.05,0.05,0,20950
2770,2022-07-14 15:00:00+05:30,0.05,0.05,0.05,0.05,0,20950
2771,2022-07-14 15:01:00+05:30,0.05,0.05,0.05,0.05,0,20950
2772,2022-07-14 15:02:00+05:30,0.05,0.1,0.05,0.1,1600,20950
2773,2022-07-14 15:03:00+05:30,0.1,0.1,0.1,0.1,0,20950
2774,2022-07-14 15:04:00+05:30,0.05,0.05,0.05,0.05,2100,20950
2775,2022-07-14 15:05:00+05:30,0.05,0.05,0.05,0.05,0,20950
2776,2022-07-14 15:06:00+05:30,0.05,0.05,0.05,0.05,0,20950
2777,2022-07-14 15:07:00+05:30,0.05,0.05,0.05,0.05,0,20950
2778,2022-07-14 15:08:00+05:30,0.05,0.05,0.05,0.05,0,20950
2779,2022-07-14 15:09:00+05:30,0.05,0.05,0.05,0.05,0,20950
2780,2022-07-14 15:10:00+05:30,0.05,0.05,0.05,0.05,0,20950
2781,2022-07-14 15:12:00+05:30,0.05,0.05,0.05,0.05,0,20950
2782,2022-07-14 15:13:00+05:30,0.05,0.05,0.05,0.05,0,20950
2783,2022-07-14 15:14:00+05:30,0.05,0.05,0.05,0.05,0,20950
2784,2022-07-14 15:15:00+05:30,0.05,0.05,0.05,0.05,0,20950
2785,2022-07-14 15:16:00+05:30,0.05,0.05,0.05,0.05,0,20950
2786,2022-07-14 15:17:00+05:30,0.05,0.05,0.05,0.05,0,20950
2787,2022-07-14 15:18:00+05:30,0.05,0.05,0.05,0.05,0,20950
2788,2022-07-14 15:19:00+05:30,0.05,0.05,0.05,0.05,0,20950
2789,2022-07-14 15:20:00+05:30,0.05,0.05,0.05,0.05,0,20950
2790,2022-07-14 15:21:00+05:30,0.05,0.05,0.05,0.05,0,20950
2791,2022-07-14 15:22:00+05:30,0.05,0.05,0.05,0.05,0,20950
2792,2022-07-14 15:23:00+05:30,0.05,0.05,0.05,0.05,0,20950
2793,2022-07-14 15:24:00+05:30,0.05,0.05,0.05,0.05,0,20950
2794,2022-07-14 15:25:00+05:30,0.05,0.05,0.05,0.05,0,20950
2795,2022-07-14 15:27:00+05:30,0.05,0.05,0.05,0.05,0,20950
2796,2022-07-14 15:28:00+05:30,0.05,0.05,0.05,0.05,0,20950
2797,2022-07-14 15:29:00+05:30,0.05,0.05,0.05,0.05,0,20950
