,date,open,high,low,close,volume,oi
0,2022-05-25 09:52:00+05:30,27.2,27.2,27.2,27.2,0,0
1,2022-05-25 09:53:00+05:30,27.2,27.2,27.2,27.2,0,0
2,2022-05-25 09:54:00+05:30,27.2,27.2,27.2,27.2,0,0
3,2022-05-25 09:55:00+05:30,27.2,27.2,27.2,27.2,0,0
4,2022-05-25 09:56:00+05:30,27.2,27.2,27.2,27.2,0,0
5,2022-05-25 09:57:00+05:30,27.2,27.2,27.2,27.2,0,0
6,2022-05-25 09:58:00+05:30,27.2,27.2,27.2,27.2,0,0
7,2022-05-25 09:59:00+05:30,27.2,27.2,27.2,27.2,0,0
8,2022-05-25 10:00:00+05:30,27.2,27.2,27.2,27.2,0,0
9,2022-05-25 10:01:00+05:30,27.2,27.2,27.2,27.2,0,0
10,2022-05-25 10:02:00+05:30,27.2,27.2,27.2,27.2,0,0
11,2022-05-25 10:03:00+05:30,27.2,27.2,27.2,27.2,0,0
12,2022-05-25 10:04:00+05:30,27.2,27.2,27.2,27.2,0,0
13,2022-05-25 10:05:00+05:30,27.2,27.2,27.2,27.2,0,0
14,2022-05-25 10:06:00+05:30,27.2,27.2,27.2,27.2,0,0
15,2022-05-25 10:07:00+05:30,27.2,27.2,27.2,27.2,0,0
16,2022-05-25 10:08:00+05:30,27.2,27.2,27.2,27.2,0,0
17,2022-05-25 10:09:00+05:30,27.2,27.2,27.2,27.2,0,0
18,2022-05-25 10:10:00+05:30,27.2,27.2,27.2,27.2,0,0
19,2022-05-25 10:11:00+05:30,27.2,27.2,27.2,27.2,0,0
20,2022-05-25 10:12:00+05:30,27.2,27.2,27.2,27.2,0,0
21,2022-05-25 10:13:00+05:30,27.2,27.2,27.2,27.2,0,0
22,2022-05-25 10:14:00+05:30,27.2,27.2,27.2,27.2,0,0
23,2022-05-25 10:15:00+05:30,27.2,27.2,27.2,27.2,0,0
24,2022-05-25 10:16:00+05:30,27.2,27.2,27.2,27.2,0,0
25,2022-05-25 10:17:00+05:30,27.2,27.2,27.2,27.2,0,0
26,2022-05-25 10:18:00+05:30,27.2,27.2,27.2,27.2,0,0
27,2022-05-25 10:19:00+05:30,27.2,27.2,27.2,27.2,0,0
28,2022-05-25 10:20:00+05:30,27.2,27.2,27.2,27.2,0,0
29,2022-05-25 10:21:00+05:30,27.2,27.2,27.2,27.2,0,0
30,2022-05-25 10:22:00+05:30,27.2,27.2,27.2,27.2,0,0
31,2022-05-25 10:23:00+05:30,27.2,27.2,27.2,27.2,0,0
32,2022-05-25 10:24:00+05:30,27.2,27.2,27.2,27.2,0,0
33,2022-05-25 10:25:00+05:30,27.2,27.2,27.2,27.2,0,0
34,2022-05-25 10:26:00+05:30,27.2,27.2,27.2,27.2,0,0
35,2022-05-25 10:27:00+05:30,27.2,27.2,27.2,27.2,0,0
36,2022-05-25 10:28:00+05:30,27.2,27.2,27.2,27.2,0,0
37,2022-05-25 10:29:00+05:30,27.2,27.2,27.2,27.2,0,0
38,2022-05-25 10:30:00+05:30,27.2,27.2,27.2,27.2,0,0
39,2022-05-25 10:31:00+05:30,27.2,27.2,27.2,27.2,0,0
40,2022-05-25 10:32:00+05:30,27.2,27.2,27.2,27.2,0,0
41,2022-05-25 10:33:00+05:30,27.2,27.2,27.2,27.2,0,0
42,2022-05-25 10:34:00+05:30,27.2,27.2,27.2,27.2,0,0
43,2022-05-25 10:35:00+05:30,27.2,27.2,27.2,27.2,0,0
44,2022-05-25 10:36:00+05:30,27.2,27.2,27.2,27.2,0,0
45,2022-05-25 10:37:00+05:30,27.2,27.2,27.2,27.2,0,0
46,2022-05-25 10:38:00+05:30,27.2,27.2,27.2,27.2,0,0
47,2022-05-25 10:39:00+05:30,27.2,27.2,27.2,27.2,0,0
48,2022-05-25 10:40:00+05:30,27.2,27.2,27.2,27.2,0,0
49,2022-05-25 10:41:00+05:30,27.2,27.2,27.2,27.2,0,0
50,2022-05-25 10:42:00+05:30,27.2,27.2,27.2,27.2,0,0
51,2022-05-25 10:43:00+05:30,27.2,27.2,27.2,27.2,0,0
52,2022-05-25 10:44:00+05:30,27.2,27.2,27.2,27.2,0,0
53,2022-05-25 10:45:00+05:30,27.2,27.2,27.2,27.2,0,0
54,2022-05-25 10:46:00+05:30,27.2,27.2,27.2,27.2,0,0
55,2022-05-25 10:47:00+05:30,27.2,27.2,27.2,27.2,0,0
56,2022-05-25 10:48:00+05:30,27.2,27.2,27.2,27.2,0,0
57,2022-05-25 10:49:00+05:30,27.2,27.2,27.2,27.2,0,0
58,2022-05-25 10:50:00+05:30,27.2,27.2,27.2,27.2,0,0
59,2022-05-25 10:51:00+05:30,27.2,27.2,27.2,27.2,0,0
60,2022-05-25 10:52:00+05:30,27.2,27.2,27.2,27.2,0,0
61,2022-05-25 10:53:00+05:30,27.2,27.2,27.2,27.2,0,0
62,2022-05-25 10:54:00+05:30,27.2,27.2,27.2,27.2,0,0
63,2022-05-25 10:55:00+05:30,27.2,27.2,27.2,27.2,0,0
64,2022-05-25 10:56:00+05:30,27.2,27.2,27.2,27.2,0,0
65,2022-05-25 10:57:00+05:30,27.2,27.2,27.2,27.2,0,0
66,2022-05-25 10:58:00+05:30,27.2,27.2,27.2,27.2,0,0
67,2022-05-25 10:59:00+05:30,27.2,27.2,27.2,27.2,0,0
68,2022-05-25 11:00:00+05:30,27.2,27.2,27.2,27.2,0,0
69,2022-05-25 11:01:00+05:30,27.2,27.2,27.2,27.2,0,0
70,2022-05-25 11:02:00+05:30,27.2,27.2,27.2,27.2,0,0
71,2022-05-25 11:03:00+05:30,27.2,27.2,27.2,27.2,0,0
72,2022-05-25 11:04:00+05:30,27.2,27.2,27.2,27.2,0,0
73,2022-05-25 11:05:00+05:30,27.2,27.2,27.2,27.2,0,0
74,2022-05-25 11:06:00+05:30,27.2,27.2,27.2,27.2,0,0
75,2022-05-25 11:07:00+05:30,27.2,27.2,27.2,27.2,0,0
76,2022-05-25 11:08:00+05:30,27.2,27.2,27.2,27.2,0,0
77,2022-05-25 11:09:00+05:30,27.2,27.2,27.2,27.2,0,0
78,2022-05-25 11:10:00+05:30,27.2,27.2,27.2,27.2,0,0
79,2022-05-25 11:11:00+05:30,27.2,27.2,27.2,27.2,0,0
80,2022-05-25 11:12:00+05:30,27.2,27.2,27.2,27.2,0,0
81,2022-05-25 11:13:00+05:30,27.2,27.2,27.2,27.2,0,0
82,2022-05-25 11:14:00+05:30,27.2,27.2,27.2,27.2,0,0
83,2022-05-25 11:15:00+05:30,27.2,27.2,27.2,27.2,0,0
84,2022-05-25 11:16:00+05:30,27.2,27.2,27.2,27.2,0,0
85,2022-05-25 11:17:00+05:30,27.2,27.2,27.2,27.2,0,0
86,2022-05-25 11:18:00+05:30,27.2,27.2,27.2,27.2,0,0
87,2022-05-25 11:19:00+05:30,27.2,27.2,27.2,27.2,0,0
88,2022-05-25 11:20:00+05:30,27.2,27.2,27.2,27.2,0,0
89,2022-05-25 11:21:00+05:30,27.2,27.2,27.2,27.2,0,0
90,2022-05-25 11:22:00+05:30,27.2,27.2,27.2,27.2,0,0
91,2022-05-25 11:23:00+05:30,27.2,27.2,27.2,27.2,0,0
92,2022-05-25 11:24:00+05:30,27.2,27.2,27.2,27.2,0,0
93,2022-05-25 11:25:00+05:30,27.2,27.2,27.2,27.2,0,0
94,2022-05-25 11:26:00+05:30,27.2,27.2,27.2,27.2,0,0
95,2022-05-25 11:27:00+05:30,27.2,27.2,27.2,27.2,0,0
96,2022-05-25 11:28:00+05:30,27.2,27.2,27.2,27.2,0,0
97,2022-05-25 11:29:00+05:30,27.2,27.2,27.2,27.2,0,0
98,2022-05-25 11:30:00+05:30,27.2,27.2,27.2,27.2,0,0
99,2022-05-25 11:31:00+05:30,27.2,27.2,27.2,27.2,0,0
100,2022-05-25 11:32:00+05:30,27.2,27.2,27.2,27.2,0,0
101,2022-05-25 11:33:00+05:30,27.2,27.2,27.2,27.2,0,0
102,2022-05-25 11:34:00+05:30,27.2,27.2,27.2,27.2,0,0
103,2022-05-25 11:35:00+05:30,27.2,27.2,27.2,27.2,0,0
104,2022-05-25 11:36:00+05:30,27.2,27.2,27.2,27.2,0,0
105,2022-05-25 11:37:00+05:30,27.2,27.2,27.2,27.2,0,0
106,2022-05-25 11:38:00+05:30,27.2,27.2,27.2,27.2,0,0
107,2022-05-25 11:39:00+05:30,27.2,27.2,27.2,27.2,0,0
108,2022-05-25 11:40:00+05:30,27.2,27.2,27.2,27.2,0,0
109,2022-05-25 11:41:00+05:30,27.2,27.2,27.2,27.2,0,0
110,2022-05-25 11:42:00+05:30,27.2,27.2,27.2,27.2,0,0
111,2022-05-25 11:43:00+05:30,27.2,27.2,27.2,27.2,0,0
112,2022-05-25 11:44:00+05:30,27.2,27.2,27.2,27.2,0,0
113,2022-05-25 11:45:00+05:30,27.2,27.2,27.2,27.2,0,0
114,2022-05-25 11:46:00+05:30,27.2,27.2,27.2,27.2,0,0
115,2022-05-25 11:47:00+05:30,27.2,27.2,27.2,27.2,0,0
116,2022-05-25 11:48:00+05:30,27.2,27.2,27.2,27.2,0,0
117,2022-05-25 11:49:00+05:30,27.2,27.2,27.2,27.2,0,0
118,2022-05-25 11:50:00+05:30,27.2,27.2,27.2,27.2,0,0
119,2022-05-25 11:51:00+05:30,27.2,27.2,27.2,27.2,0,0
120,2022-05-25 11:52:00+05:30,27.2,27.2,27.2,27.2,0,0
121,2022-05-25 11:53:00+05:30,27.2,27.2,27.2,27.2,0,0
122,2022-05-25 11:54:00+05:30,27.2,27.2,27.2,27.2,0,0
123,2022-05-25 11:55:00+05:30,27.2,27.2,27.2,27.2,0,0
124,2022-05-25 11:56:00+05:30,27.2,27.2,27.2,27.2,0,0
125,2022-05-25 11:57:00+05:30,27.2,27.2,27.2,27.2,0,0
126,2022-05-25 11:58:00+05:30,27.2,27.2,27.2,27.2,0,0
127,2022-05-25 11:59:00+05:30,27.2,27.2,27.2,27.2,0,0
128,2022-05-25 12:00:00+05:30,27.2,27.2,27.2,27.2,0,0
129,2022-05-25 12:01:00+05:30,27.2,27.2,27.2,27.2,0,0
130,2022-05-25 12:02:00+05:30,27.2,27.2,27.2,27.2,0,0
131,2022-05-25 12:03:00+05:30,27.2,27.2,27.2,27.2,0,0
132,2022-05-25 12:04:00+05:30,27.2,27.2,27.2,27.2,0,0
133,2022-05-25 12:05:00+05:30,27.2,27.2,27.2,27.2,0,0
134,2022-05-25 12:06:00+05:30,27.2,27.2,27.2,27.2,0,0
135,2022-05-25 12:07:00+05:30,27.2,27.2,27.2,27.2,0,0
136,2022-05-25 12:08:00+05:30,27.2,27.2,27.2,27.2,0,0
137,2022-05-25 12:09:00+05:30,27.2,27.2,27.2,27.2,0,0
138,2022-05-25 12:10:00+05:30,27.2,27.2,27.2,27.2,0,0
139,2022-05-25 12:11:00+05:30,27.2,27.2,27.2,27.2,0,0
140,2022-05-25 12:12:00+05:30,27.2,27.2,27.2,27.2,0,0
141,2022-05-25 12:13:00+05:30,27.2,27.2,27.2,27.2,0,0
142,2022-05-25 12:14:00+05:30,27.2,27.2,27.2,27.2,0,0
143,2022-05-25 12:15:00+05:30,27.2,27.2,27.2,27.2,0,0
144,2022-05-25 12:16:00+05:30,27.2,27.2,27.2,27.2,0,0
145,2022-05-25 12:17:00+05:30,27.2,27.2,27.2,27.2,0,0
146,2022-05-25 12:18:00+05:30,27.2,27.2,27.2,27.2,0,0
147,2022-05-25 12:19:00+05:30,27.2,27.2,27.2,27.2,0,0
148,2022-05-25 12:20:00+05:30,27.2,27.2,27.2,27.2,0,0
149,2022-05-25 12:21:00+05:30,27.2,27.2,27.2,27.2,0,0
150,2022-05-25 12:22:00+05:30,27.2,27.2,27.2,27.2,0,0
151,2022-05-25 12:23:00+05:30,27.2,27.2,27.2,27.2,0,0
152,2022-05-25 12:24:00+05:30,27.2,27.2,27.2,27.2,0,0
153,2022-05-25 12:25:00+05:30,27.2,27.2,27.2,27.2,0,0
154,2022-05-25 12:26:00+05:30,27.2,27.2,27.2,27.2,0,0
155,2022-05-25 12:27:00+05:30,27.2,27.2,27.2,27.2,0,0
156,2022-05-25 12:28:00+05:30,27.2,27.2,27.2,27.2,0,0
157,2022-05-25 12:29:00+05:30,27.2,27.2,27.2,27.2,0,0
158,2022-05-25 12:30:00+05:30,27.2,27.2,27.2,27.2,0,0
159,2022-05-25 12:31:00+05:30,27.2,27.2,27.2,27.2,0,0
160,2022-05-25 12:32:00+05:30,27.2,27.2,27.2,27.2,0,0
161,2022-05-25 12:33:00+05:30,27.2,27.2,27.2,27.2,0,0
162,2022-05-25 12:34:00+05:30,27.2,27.2,27.2,27.2,0,0
163,2022-05-25 12:35:00+05:30,27.2,27.2,27.2,27.2,0,0
164,2022-05-25 12:36:00+05:30,27.2,27.2,27.2,27.2,0,0
165,2022-05-25 12:37:00+05:30,27.2,27.2,27.2,27.2,0,0
166,2022-05-25 12:38:00+05:30,27.2,27.2,27.2,27.2,0,0
167,2022-05-25 12:39:00+05:30,27.2,27.2,27.2,27.2,0,0
168,2022-05-25 12:40:00+05:30,27.2,27.2,27.2,27.2,0,0
169,2022-05-25 12:41:00+05:30,27.2,27.2,27.2,27.2,0,0
170,2022-05-25 12:42:00+05:30,27.2,27.2,27.2,27.2,0,0
171,2022-05-25 12:43:00+05:30,27.2,27.2,27.2,27.2,0,0
172,2022-05-25 12:44:00+05:30,27.2,27.2,27.2,27.2,0,0
173,2022-05-25 12:45:00+05:30,27.2,27.2,27.2,27.2,0,0
174,2022-05-25 12:46:00+05:30,27.2,27.2,27.2,27.2,0,0
175,2022-05-25 12:47:00+05:30,27.2,27.2,27.2,27.2,0,0
176,2022-05-25 12:48:00+05:30,27.2,33.6,27.2,33.6,300,600
177,2022-05-25 12:49:00+05:30,33.6,33.6,33.6,33.6,0,600
178,2022-05-25 12:50:00+05:30,33.6,33.6,33.6,33.6,0,600
179,2022-05-25 12:51:00+05:30,33.6,33.6,33.6,33.6,0,600
180,2022-05-25 12:52:00+05:30,33.6,33.6,33.6,33.6,0,600
181,2022-05-25 12:53:00+05:30,33.6,33.6,33.6,33.6,0,600
182,2022-05-25 12:54:00+05:30,33.6,33.6,33.6,33.6,0,600
183,2022-05-25 12:55:00+05:30,33.6,33.6,33.6,33.6,0,600
184,2022-05-25 12:56:00+05:30,33.6,33.6,33.6,33.6,0,600
185,2022-05-25 12:57:00+05:30,33.6,33.6,33.6,33.6,0,600
186,2022-05-25 12:58:00+05:30,33.6,33.6,33.6,33.6,0,600
187,2022-05-25 12:59:00+05:30,33.6,33.6,33.6,33.6,0,600
188,2022-05-25 13:00:00+05:30,33.6,33.6,33.6,33.6,0,600
189,2022-05-25 13:01:00+05:30,33.6,33.6,33.6,33.6,0,600
190,2022-05-25 13:02:00+05:30,33.6,33.6,33.6,33.6,0,600
191,2022-05-25 13:03:00+05:30,33.6,33.6,33.6,33.6,0,600
192,2022-05-25 13:04:00+05:30,33.6,33.6,33.6,33.6,0,600
193,2022-05-25 13:05:00+05:30,33.6,33.6,33.6,33.6,0,600
194,2022-05-25 13:06:00+05:30,33.6,33.6,33.6,33.6,0,600
195,2022-05-25 13:07:00+05:30,33.6,33.6,33.6,33.6,0,600
196,2022-05-25 13:08:00+05:30,33.6,33.6,33.6,33.6,0,600
197,2022-05-25 13:09:00+05:30,33.6,33.6,33.6,33.6,0,600
198,2022-05-25 13:10:00+05:30,33.6,35.2,33.6,35.2,300,900
199,2022-05-25 13:11:00+05:30,35.2,35.2,35.2,35.2,0,900
200,2022-05-25 13:12:00+05:30,35.2,35.2,35.2,35.2,0,900
201,2022-05-25 13:13:00+05:30,35.2,35.2,35.2,35.2,0,900
202,2022-05-25 13:14:00+05:30,35.2,38.6,35.2,38.6,0,1200
203,2022-05-25 13:15:00+05:30,38.6,38.6,38.5,38.5,2100,2400
204,2022-05-25 13:16:00+05:30,38.5,38.5,38.1,38.1,2400,2400
205,2022-05-25 13:17:00+05:30,38.1,38.1,37.85,37.85,900,2400
206,2022-05-25 13:18:00+05:30,37.85,37.85,37.85,37.85,0,2400
207,2022-05-25 13:19:00+05:30,37.85,37.85,37.85,37.85,0,2400
208,2022-05-25 13:20:00+05:30,37.85,37.85,37.85,37.85,0,2400
209,2022-05-25 13:21:00+05:30,37.85,37.85,37.85,37.85,0,2400
210,2022-05-25 13:22:00+05:30,37.85,37.85,37.85,37.85,0,2400
211,2022-05-25 13:23:00+05:30,37.85,37.85,37.85,37.85,0,2400
212,2022-05-25 13:24:00+05:30,37.85,37.85,37.85,37.85,0,2400
213,2022-05-25 13:25:00+05:30,37.85,37.85,37.85,37.85,0,2400
214,2022-05-25 13:26:00+05:30,37.85,37.85,37.85,37.85,0,2400
215,2022-05-25 13:27:00+05:30,37.85,37.85,37.85,37.85,300,6600
216,2022-05-25 13:28:00+05:30,37.85,37.85,37.85,37.85,0,6600
217,2022-05-25 13:29:00+05:30,37.85,37.85,37.85,37.85,0,6600
218,2022-05-25 13:30:00+05:30,37.85,38.8,37.85,38.8,300,6600
219,2022-05-25 13:31:00+05:30,38.8,38.8,38.8,38.8,0,6600
220,2022-05-25 13:32:00+05:30,38.8,38.8,38.8,38.8,0,6600
221,2022-05-25 13:33:00+05:30,38.8,38.8,38.8,38.8,0,6600
222,2022-05-25 13:34:00+05:30,38.8,38.8,38.8,38.8,0,6600
223,2022-05-25 13:35:00+05:30,38.8,38.8,38.8,38.8,0,6600
224,2022-05-25 13:36:00+05:30,38.8,38.8,38.8,38.8,0,6600
225,2022-05-25 13:37:00+05:30,38.8,38.8,38.8,38.8,0,6600
226,2022-05-25 13:38:00+05:30,38.8,38.8,38.8,38.8,0,6600
227,2022-05-25 13:39:00+05:30,38.8,38.8,38.8,38.8,0,6600
228,2022-05-25 13:40:00+05:30,38.8,38.8,38.8,38.8,0,6600
229,2022-05-25 13:41:00+05:30,38.8,38.8,38.8,38.8,0,6600
230,2022-05-25 13:42:00+05:30,38.8,38.8,38.8,38.8,0,6600
231,2022-05-25 13:43:00+05:30,38.8,38.8,38.8,38.8,0,6600
232,2022-05-25 13:44:00+05:30,38.8,38.8,38.8,38.8,0,6600
233,2022-05-25 13:45:00+05:30,38.8,38.8,38.8,38.8,0,6600
234,2022-05-25 13:46:00+05:30,38.8,38.8,38.8,38.8,0,6600
235,2022-05-25 13:47:00+05:30,38.8,38.8,38.8,38.8,0,6600
236,2022-05-25 13:48:00+05:30,38.8,38.8,38.8,38.8,0,6600
237,2022-05-25 13:49:00+05:30,38.8,38.8,38.8,38.8,0,6600
238,2022-05-25 13:50:00+05:30,38.8,38.8,38.8,38.8,0,6600
239,2022-05-25 13:51:00+05:30,38.8,38.8,38.8,38.8,0,6600
240,2022-05-25 13:52:00+05:30,38.8,38.8,38.8,38.8,0,6600
241,2022-05-25 13:53:00+05:30,38.8,38.8,38.8,38.8,0,6600
242,2022-05-25 13:54:00+05:30,38.8,38.8,38.8,38.8,0,6600
243,2022-05-25 13:55:00+05:30,38.8,38.8,38.8,38.8,0,6600
244,2022-05-25 13:56:00+05:30,38.8,38.8,38.8,38.8,0,6600
245,2022-05-25 13:57:00+05:30,38.8,38.8,38.8,38.8,0,6600
246,2022-05-25 13:58:00+05:30,38.8,38.8,38.8,38.8,0,6600
247,2022-05-25 13:59:00+05:30,38.8,38.8,38.8,38.8,0,6600
248,2022-05-25 14:00:00+05:30,38.8,38.8,38.8,38.8,0,6600
249,2022-05-25 14:01:00+05:30,38.8,38.8,38.8,38.8,0,6600
250,2022-05-25 14:02:00+05:30,38.8,38.8,38.8,38.8,0,6600
251,2022-05-25 14:03:00+05:30,38.8,38.8,38.8,38.8,0,6600
252,2022-05-25 14:04:00+05:30,38.8,38.8,38.8,38.8,0,6600
253,2022-05-25 14:05:00+05:30,38.8,38.8,38.8,38.8,0,6600
254,2022-05-25 14:06:00+05:30,38.8,41.75,38.8,41.75,300,6600
255,2022-05-25 14:07:00+05:30,41.75,41.75,41.75,41.75,0,6600
256,2022-05-25 14:08:00+05:30,41.75,41.75,41.75,41.75,0,6600
257,2022-05-25 14:09:00+05:30,41.75,43.05,41.75,43.05,0,6600
258,2022-05-25 14:10:00+05:30,43.05,43.9,43.05,43.25,1500,6600
259,2022-05-25 14:11:00+05:30,43.25,43.25,43.25,43.25,0,6600
260,2022-05-25 14:12:00+05:30,43.3,43.55,43.3,43.55,900,6600
261,2022-05-25 14:13:00+05:30,43.55,43.55,43.55,43.55,0,6600
262,2022-05-25 14:14:00+05:30,43.55,43.55,43.55,43.55,0,6600
263,2022-05-25 14:15:00+05:30,43.4,43.4,43.4,43.4,300,9000
264,2022-05-25 14:16:00+05:30,43.4,43.4,43.4,43.4,0,9000
265,2022-05-25 14:17:00+05:30,43.4,43.4,42.75,42.75,300,9300
266,2022-05-25 14:18:00+05:30,43.65,43.7,43.0,43.0,1500,9300
267,2022-05-25 14:19:00+05:30,43.0,43.1,43.0,43.1,300,10200
268,2022-05-25 14:20:00+05:30,42.75,42.75,42.75,42.75,300,10200
269,2022-05-25 14:21:00+05:30,42.75,42.75,42.75,42.75,0,10200
270,2022-05-25 14:22:00+05:30,42.75,42.75,42.75,42.75,0,10200
271,2022-05-25 14:23:00+05:30,42.75,43.4,42.75,43.4,0,10800
272,2022-05-25 14:24:00+05:30,43.4,43.4,43.35,43.35,600,10800
273,2022-05-25 14:25:00+05:30,43.35,43.35,43.35,43.35,0,10800
274,2022-05-25 14:26:00+05:30,43.35,43.35,43.35,43.35,0,10800
275,2022-05-25 14:27:00+05:30,43.35,43.35,43.35,43.35,300,10800
276,2022-05-25 14:28:00+05:30,43.35,43.35,43.35,43.35,0,10800
277,2022-05-25 14:29:00+05:30,43.35,43.35,43.35,43.35,0,10800
278,2022-05-25 14:30:00+05:30,43.35,43.35,43.35,43.35,600,10800
279,2022-05-25 14:31:00+05:30,43.35,43.35,43.35,43.35,0,10800
280,2022-05-25 14:32:00+05:30,43.35,43.35,43.35,43.35,0,10800
281,2022-05-25 14:33:00+05:30,43.35,43.35,43.35,43.35,0,10800
282,2022-05-25 14:34:00+05:30,43.35,43.35,43.35,43.35,0,10800
283,2022-05-25 14:35:00+05:30,43.35,43.35,43.35,43.35,0,10800
284,2022-05-25 14:36:00+05:30,45.15,46.35,45.15,46.3,900,11100
285,2022-05-25 14:37:00+05:30,46.3,46.6,46.3,46.6,0,11100
286,2022-05-25 14:38:00+05:30,46.6,46.6,46.6,46.6,300,11100
287,2022-05-25 14:39:00+05:30,46.6,46.6,46.1,46.1,600,11100
288,2022-05-25 14:40:00+05:30,46.1,46.1,46.1,46.1,0,11100
289,2022-05-25 14:41:00+05:30,46.35,46.4,46.3,46.3,900,11700
290,2022-05-25 14:42:00+05:30,46.3,46.5,46.3,46.3,600,11700
291,2022-05-25 14:43:00+05:30,46.3,46.3,46.3,46.3,300,13200
292,2022-05-25 14:44:00+05:30,46.3,47.3,46.3,47.3,300,13200
293,2022-05-25 14:45:00+05:30,47.5,47.7,47.5,47.7,300,13800
294,2022-05-25 14:46:00+05:30,47.7,47.7,47.7,47.7,300,13800
295,2022-05-25 14:47:00+05:30,47.7,47.7,47.7,47.7,0,13800
296,2022-05-25 14:48:00+05:30,47.7,47.7,47.7,47.7,0,13800
297,2022-05-25 14:49:00+05:30,47.7,47.7,47.7,47.7,0,13800
298,2022-05-25 14:50:00+05:30,47.7,47.7,47.7,47.7,0,13800
299,2022-05-25 14:51:00+05:30,47.7,47.7,47.7,47.7,0,13800
300,2022-05-25 14:52:00+05:30,47.7,47.7,47.7,47.7,0,13800
301,2022-05-25 14:53:00+05:30,47.7,47.7,47.7,47.7,0,13800
302,2022-05-25 14:54:00+05:30,47.7,47.7,47.7,47.7,0,13800
303,2022-05-25 14:55:00+05:30,47.7,47.7,45.0,45.0,300,13500
304,2022-05-25 14:56:00+05:30,45.0,45.0,45.0,45.0,0,13500
305,2022-05-25 14:57:00+05:30,45.0,45.0,45.0,45.0,0,13500
306,2022-05-25 14:58:00+05:30,45.0,45.0,45.0,45.0,0,13500
307,2022-05-25 14:59:00+05:30,45.0,45.0,45.0,45.0,0,13500
308,2022-05-25 15:00:00+05:30,45.0,45.0,45.0,45.0,0,13500
309,2022-05-25 15:01:00+05:30,45.0,45.0,45.0,45.0,0,13500
310,2022-05-25 15:02:00+05:30,45.0,45.0,45.0,45.0,0,13500
311,2022-05-25 15:03:00+05:30,45.0,45.0,45.0,45.0,0,13500
312,2022-05-25 15:04:00+05:30,45.0,45.0,45.0,45.0,0,13500
313,2022-05-25 15:05:00+05:30,45.0,49.1,45.0,48.7,900,13500
314,2022-05-25 15:06:00+05:30,48.7,48.7,48.7,48.7,0,13500
315,2022-05-25 15:07:00+05:30,48.7,48.7,48.7,48.7,0,13500
316,2022-05-25 15:08:00+05:30,48.7,48.7,48.7,48.7,0,13500
317,2022-05-25 15:09:00+05:30,48.7,48.7,48.7,48.7,0,13500
318,2022-05-25 15:10:00+05:30,48.0,48.0,48.0,48.0,300,13200
319,2022-05-25 15:11:00+05:30,48.0,48.0,48.0,48.0,0,13200
320,2022-05-25 15:12:00+05:30,48.0,48.0,48.0,48.0,0,13200
321,2022-05-25 15:13:00+05:30,48.0,48.0,48.0,48.0,0,13200
322,2022-05-25 15:14:00+05:30,48.0,48.0,48.0,48.0,0,13200
323,2022-05-25 15:15:00+05:30,48.0,48.0,46.05,46.05,300,13500
324,2022-05-25 15:16:00+05:30,46.05,46.05,46.05,46.05,0,13500
325,2022-05-25 15:17:00+05:30,46.05,46.05,46.05,46.05,0,13500
326,2022-05-25 15:18:00+05:30,46.05,46.05,46.05,46.05,0,13500
327,2022-05-25 15:19:00+05:30,46.05,46.05,46.05,46.05,0,13500
328,2022-05-25 15:20:00+05:30,46.05,46.05,46.05,46.05,0,13500
329,2022-05-25 15:21:00+05:30,46.05,46.05,46.05,46.05,0,13500
330,2022-05-25 15:22:00+05:30,46.05,46.05,45.3,45.3,300,13500
331,2022-05-25 15:23:00+05:30,45.3,45.3,45.3,45.3,0,13500
332,2022-05-25 15:24:00+05:30,45.3,45.3,45.3,45.3,0,13500
333,2022-05-25 15:25:00+05:30,45.3,45.3,45.3,45.3,0,13500
334,2022-05-25 15:26:00+05:30,45.3,45.3,45.3,45.3,0,13500
335,2022-05-25 15:27:00+05:30,45.3,45.3,45.3,45.3,0,13500
336,2022-05-25 15:28:00+05:30,45.3,45.3,45.3,45.3,0,13500
337,2022-05-25 15:29:00+05:30,45.3,45.3,45.3,45.3,0,13500
338,2022-05-26 09:23:00+05:30,50.05,50.05,50.05,50.05,0,13500
339,2022-05-26 09:24:00+05:30,50.05,50.05,50.05,50.05,0,13500
340,2022-05-26 09:25:00+05:30,50.05,50.05,50.05,50.05,0,13500
341,2022-05-26 09:26:00+05:30,50.05,50.05,50.05,50.05,0,13500
342,2022-05-26 09:27:00+05:30,50.05,50.05,50.05,50.05,0,13500
343,2022-05-26 09:28:00+05:30,50.05,50.05,50.05,50.05,0,13500
344,2022-05-26 09:29:00+05:30,50.05,50.05,50.05,50.05,0,13500
345,2022-05-26 09:30:00+05:30,50.05,50.05,50.05,50.05,0,13500
346,2022-05-26 09:31:00+05:30,50.05,50.05,50.05,50.05,0,13500
347,2022-05-26 09:32:00+05:30,50.05,50.05,50.05,50.05,0,13500
348,2022-05-26 09:33:00+05:30,50.05,50.05,50.05,50.05,0,13500
349,2022-05-26 09:34:00+05:30,50.05,50.05,50.05,50.05,0,13500
350,2022-05-26 09:35:00+05:30,50.05,50.05,50.05,50.05,0,13500
351,2022-05-26 09:36:00+05:30,50.05,50.05,50.05,50.05,0,13500
352,2022-05-26 09:37:00+05:30,50.05,50.05,50.05,50.05,0,13500
353,2022-05-26 09:38:00+05:30,50.05,50.05,47.05,47.05,0,13500
354,2022-05-26 09:39:00+05:30,47.05,47.05,47.05,47.05,300,13500
355,2022-05-26 09:40:00+05:30,47.05,47.05,47.05,47.05,0,13500
356,2022-05-26 09:41:00+05:30,47.05,47.05,47.05,47.05,0,13500
357,2022-05-26 09:42:00+05:30,47.05,47.05,47.05,47.05,0,13500
358,2022-05-26 09:43:00+05:30,47.05,47.05,47.05,47.05,0,13500
359,2022-05-26 09:44:00+05:30,47.05,47.05,47.05,47.05,0,13500
360,2022-05-26 09:45:00+05:30,47.05,47.05,47.05,47.05,0,13500
361,2022-05-26 09:46:00+05:30,47.05,47.05,47.05,47.05,0,13500
362,2022-05-26 09:47:00+05:30,47.05,47.05,47.05,47.05,0,13500
363,2022-05-26 09:48:00+05:30,47.05,47.05,47.05,47.05,0,13500
364,2022-05-26 09:49:00+05:30,47.05,47.05,47.05,47.05,0,13500
365,2022-05-26 09:50:00+05:30,47.05,47.05,47.05,47.05,0,13500
366,2022-05-26 09:51:00+05:30,47.05,47.05,47.05,47.05,0,13500
367,2022-05-26 09:52:00+05:30,47.05,47.05,47.05,47.05,0,13500
368,2022-05-26 09:53:00+05:30,47.05,47.05,47.05,47.05,0,13500
369,2022-05-26 09:54:00+05:30,47.05,47.05,47.05,47.05,0,13500
370,2022-05-26 09:55:00+05:30,47.05,47.05,47.05,47.05,0,13500
371,2022-05-26 09:56:00+05:30,47.05,47.05,47.05,47.05,0,13500
372,2022-05-26 09:57:00+05:30,47.05,47.05,47.05,47.05,0,13500
373,2022-05-26 09:58:00+05:30,47.05,47.05,47.05,47.05,0,13500
374,2022-05-26 09:59:00+05:30,47.05,47.05,47.05,47.05,0,13500
375,2022-05-26 10:00:00+05:30,47.05,47.05,47.05,47.05,0,13500
376,2022-05-26 10:01:00+05:30,47.05,47.05,47.05,47.05,0,13500
377,2022-05-26 10:02:00+05:30,47.05,47.05,47.05,47.05,0,13500
378,2022-05-26 10:03:00+05:30,47.05,47.05,47.05,47.05,0,13500
379,2022-05-26 10:04:00+05:30,47.05,47.05,47.05,47.05,0,13500
380,2022-05-26 10:05:00+05:30,47.05,47.05,47.05,47.05,0,13500
381,2022-05-26 10:06:00+05:30,47.05,47.05,47.05,47.05,0,13500
382,2022-05-26 10:07:00+05:30,47.05,47.05,47.05,47.05,0,13500
383,2022-05-26 10:08:00+05:30,47.05,47.05,47.05,47.05,0,13500
384,2022-05-26 10:09:00+05:30,47.05,47.05,47.05,47.05,0,13500
385,2022-05-26 10:10:00+05:30,47.05,47.05,47.05,47.05,0,13500
386,2022-05-26 10:11:00+05:30,47.05,47.05,47.05,47.05,0,13500
387,2022-05-26 10:12:00+05:30,47.05,47.05,47.05,47.05,0,13500
388,2022-05-26 10:13:00+05:30,47.05,47.05,47.05,47.05,0,13500
389,2022-05-26 10:14:00+05:30,47.05,47.05,47.05,47.05,0,13500
390,2022-05-26 10:15:00+05:30,47.05,47.05,47.05,47.05,0,13500
391,2022-05-26 10:16:00+05:30,47.05,47.05,47.05,47.05,0,13500
392,2022-05-26 10:17:00+05:30,47.05,47.05,47.05,47.05,0,13500
393,2022-05-26 10:18:00+05:30,47.05,47.05,47.05,47.05,0,13500
394,2022-05-26 10:19:00+05:30,47.05,47.05,47.05,47.05,0,13500
395,2022-05-26 10:20:00+05:30,47.05,47.05,47.05,47.05,0,13500
396,2022-05-26 10:21:00+05:30,47.05,47.05,47.05,47.05,0,13500
397,2022-05-26 10:22:00+05:30,47.05,47.05,47.05,47.05,0,13500
398,2022-05-26 10:23:00+05:30,47.05,47.05,47.05,47.05,0,13500
399,2022-05-26 10:24:00+05:30,47.05,47.05,47.05,47.05,0,13500
400,2022-05-26 10:25:00+05:30,47.05,47.05,47.05,47.05,0,13500
401,2022-05-26 10:26:00+05:30,47.05,47.05,47.05,47.05,0,13500
402,2022-05-26 10:27:00+05:30,47.05,47.05,47.05,47.05,0,13500
403,2022-05-26 10:28:00+05:30,47.05,47.05,47.05,47.05,0,13500
404,2022-05-26 10:29:00+05:30,47.05,47.05,47.05,47.05,0,13500
405,2022-05-26 10:30:00+05:30,47.05,47.05,47.05,47.05,0,13500
406,2022-05-26 10:31:00+05:30,47.05,47.05,47.05,47.05,0,13500
407,2022-05-26 10:32:00+05:30,47.05,47.05,47.05,47.05,0,13500
408,2022-05-26 10:33:00+05:30,47.05,47.05,47.05,47.05,0,13500
409,2022-05-26 10:34:00+05:30,47.05,47.05,47.05,47.05,0,13500
410,2022-05-26 10:35:00+05:30,47.05,47.05,47.05,47.05,0,13500
411,2022-05-26 10:36:00+05:30,47.05,47.05,47.05,47.05,0,13500
412,2022-05-26 10:37:00+05:30,47.05,47.05,47.05,47.05,0,13500
413,2022-05-26 10:38:00+05:30,47.05,47.05,47.05,47.05,0,13500
414,2022-05-26 10:39:00+05:30,47.05,47.05,47.05,47.05,0,13500
415,2022-05-26 10:40:00+05:30,47.05,47.05,47.05,47.05,0,13500
416,2022-05-26 10:41:00+05:30,47.05,47.05,47.05,47.05,0,13500
417,2022-05-26 10:42:00+05:30,47.05,47.05,47.05,47.05,0,13500
418,2022-05-26 10:43:00+05:30,47.05,47.05,47.05,47.05,0,13500
419,2022-05-26 10:44:00+05:30,47.05,47.05,47.05,47.05,0,13500
420,2022-05-26 10:45:00+05:30,47.05,47.05,47.05,47.05,0,13500
421,2022-05-26 10:46:00+05:30,47.05,47.05,47.05,47.05,0,13500
422,2022-05-26 10:47:00+05:30,47.05,47.05,47.05,47.05,0,13500
423,2022-05-26 10:48:00+05:30,47.05,47.05,47.05,47.05,0,13500
424,2022-05-26 10:49:00+05:30,47.05,47.05,47.05,47.05,0,13500
425,2022-05-26 10:50:00+05:30,47.05,47.05,47.05,47.05,0,13500
426,2022-05-26 10:51:00+05:30,47.05,47.05,47.05,47.05,0,13500
427,2022-05-26 10:52:00+05:30,47.05,47.05,47.05,47.05,0,13500
428,2022-05-26 10:53:00+05:30,47.05,47.05,47.05,47.05,0,13500
429,2022-05-26 10:54:00+05:30,47.05,47.05,47.05,47.05,0,13500
430,2022-05-26 10:55:00+05:30,47.05,47.05,47.05,47.05,0,13500
431,2022-05-26 10:56:00+05:30,47.05,47.05,47.05,47.05,0,13500
432,2022-05-26 10:57:00+05:30,47.05,47.05,47.05,47.05,0,13500
433,2022-05-26 10:58:00+05:30,47.05,47.05,47.05,47.05,0,13500
434,2022-05-26 10:59:00+05:30,47.05,47.05,47.05,47.05,0,13500
435,2022-05-26 11:00:00+05:30,47.05,47.05,47.05,47.05,0,13500
436,2022-05-26 11:01:00+05:30,47.05,47.05,47.05,47.05,0,13500
437,2022-05-26 11:02:00+05:30,47.05,47.05,47.05,47.05,0,13500
438,2022-05-26 11:03:00+05:30,47.05,47.05,47.05,47.05,0,13500
439,2022-05-26 11:04:00+05:30,47.05,47.05,47.05,47.05,0,13500
440,2022-05-26 11:05:00+05:30,47.05,47.05,47.05,47.05,0,13500
441,2022-05-26 11:06:00+05:30,47.05,47.05,47.05,47.05,0,13500
442,2022-05-26 11:07:00+05:30,47.05,47.05,47.05,47.05,0,13500
443,2022-05-26 11:08:00+05:30,47.05,47.05,47.05,47.05,0,13500
444,2022-05-26 11:09:00+05:30,47.05,47.05,47.05,47.05,0,13500
445,2022-05-26 11:10:00+05:30,47.05,47.05,47.05,47.05,0,13500
446,2022-05-26 11:11:00+05:30,47.05,47.05,47.05,47.05,0,13500
447,2022-05-26 11:12:00+05:30,47.05,47.05,47.05,47.05,0,13500
448,2022-05-26 11:13:00+05:30,47.05,47.05,47.05,47.05,0,13500
449,2022-05-26 11:14:00+05:30,47.05,47.05,47.05,47.05,0,13500
450,2022-05-26 11:15:00+05:30,47.05,47.05,47.05,47.05,0,13500
451,2022-05-26 11:16:00+05:30,47.05,47.05,47.05,47.05,0,13500
452,2022-05-26 11:17:00+05:30,47.05,47.05,47.05,47.05,0,13500
453,2022-05-26 11:18:00+05:30,47.05,47.05,47.05,47.05,0,13500
454,2022-05-26 11:19:00+05:30,47.05,47.05,47.05,47.05,0,13500
455,2022-05-26 11:20:00+05:30,47.05,47.05,47.05,47.05,0,13500
456,2022-05-26 11:21:00+05:30,47.05,47.05,47.05,47.05,0,13500
457,2022-05-26 11:22:00+05:30,47.05,47.05,47.05,47.05,0,13500
458,2022-05-26 11:23:00+05:30,47.05,47.05,47.05,47.05,0,13500
459,2022-05-26 11:24:00+05:30,47.05,47.05,47.05,47.05,0,13500
460,2022-05-26 11:25:00+05:30,47.05,47.05,47.05,47.05,0,13500
461,2022-05-26 11:26:00+05:30,47.05,47.05,47.05,47.05,0,13500
462,2022-05-26 11:27:00+05:30,47.05,47.05,47.05,47.05,0,13500
463,2022-05-26 11:28:00+05:30,47.05,47.05,47.05,47.05,0,13500
464,2022-05-26 11:29:00+05:30,47.05,47.05,47.05,47.05,0,13500
465,2022-05-26 11:30:00+05:30,47.05,47.05,47.05,47.05,0,13500
466,2022-05-26 11:31:00+05:30,47.05,47.05,47.05,47.05,0,13500
467,2022-05-26 11:32:00+05:30,47.05,47.05,47.05,47.05,0,13500
468,2022-05-26 11:33:00+05:30,47.05,47.05,47.05,47.05,0,13500
469,2022-05-26 11:34:00+05:30,47.05,47.05,47.05,47.05,0,13500
470,2022-05-26 11:35:00+05:30,47.05,47.05,47.05,47.05,0,13500
471,2022-05-26 11:36:00+05:30,47.05,47.05,47.05,47.05,0,13500
472,2022-05-26 11:37:00+05:30,47.05,47.05,47.05,47.05,0,13500
473,2022-05-26 11:38:00+05:30,47.05,47.05,47.05,47.05,0,13500
474,2022-05-26 11:39:00+05:30,47.05,47.05,47.05,47.05,0,13500
475,2022-05-26 11:40:00+05:30,47.05,47.05,47.05,47.05,0,13500
476,2022-05-26 11:41:00+05:30,47.05,47.05,47.05,47.05,0,13500
477,2022-05-26 11:42:00+05:30,47.05,47.05,47.05,47.05,0,13500
478,2022-05-26 11:43:00+05:30,47.05,47.05,47.05,47.05,0,13500
479,2022-05-26 11:44:00+05:30,47.05,47.05,47.05,47.05,0,13500
480,2022-05-26 11:45:00+05:30,47.05,47.05,47.05,47.05,0,13500
481,2022-05-26 11:46:00+05:30,47.05,47.05,47.05,47.05,0,13500
482,2022-05-26 11:47:00+05:30,47.05,47.05,47.05,47.05,0,13500
483,2022-05-26 11:48:00+05:30,47.05,47.05,47.05,47.05,0,13500
484,2022-05-26 11:49:00+05:30,47.05,47.05,47.05,47.05,0,13500
485,2022-05-26 11:50:00+05:30,47.05,47.05,47.05,47.05,0,13500
486,2022-05-26 11:51:00+05:30,47.05,47.05,47.05,47.05,0,13500
487,2022-05-26 11:52:00+05:30,47.05,47.05,47.05,47.05,0,13500
488,2022-05-26 11:53:00+05:30,47.05,47.05,47.05,47.05,0,13500
489,2022-05-26 11:54:00+05:30,47.05,47.05,47.05,47.05,0,13500
490,2022-05-26 11:55:00+05:30,47.05,47.05,47.05,47.05,0,13500
491,2022-05-26 11:56:00+05:30,47.05,47.05,47.05,47.05,0,13500
492,2022-05-26 11:57:00+05:30,47.05,47.05,47.05,47.05,0,13500
493,2022-05-26 11:58:00+05:30,47.05,47.05,47.05,47.05,0,13500
494,2022-05-26 11:59:00+05:30,47.05,47.05,47.05,47.05,0,13500
495,2022-05-26 12:00:00+05:30,47.05,47.05,47.05,47.05,0,13500
496,2022-05-26 12:01:00+05:30,47.05,47.05,47.05,47.05,0,13500
497,2022-05-26 12:02:00+05:30,47.05,47.05,47.05,47.05,0,13500
498,2022-05-26 12:03:00+05:30,47.05,47.05,47.05,47.05,0,13500
499,2022-05-26 12:04:00+05:30,47.05,47.05,47.05,47.05,0,13500
500,2022-05-26 12:05:00+05:30,47.05,47.05,47.05,47.05,0,13500
501,2022-05-26 12:06:00+05:30,47.05,47.05,47.05,47.05,0,13500
502,2022-05-26 12:07:00+05:30,47.05,47.05,47.05,47.05,0,13500
503,2022-05-26 12:08:00+05:30,47.05,47.05,47.05,47.05,0,13500
504,2022-05-26 12:09:00+05:30,47.05,47.05,47.05,47.05,0,13500
505,2022-05-26 12:10:00+05:30,47.05,47.05,47.05,47.05,0,13500
506,2022-05-26 12:11:00+05:30,47.05,47.05,47.05,47.05,0,13500
507,2022-05-26 12:12:00+05:30,47.05,47.05,47.05,47.05,0,13500
508,2022-05-26 12:13:00+05:30,47.05,47.05,47.05,47.05,0,13500
509,2022-05-26 12:14:00+05:30,47.05,47.05,47.05,47.05,0,13500
510,2022-05-26 12:15:00+05:30,47.05,47.05,47.05,47.05,0,13500
511,2022-05-26 12:16:00+05:30,47.05,47.05,47.05,47.05,0,13500
512,2022-05-26 12:17:00+05:30,47.05,47.05,47.05,47.05,0,13500
513,2022-05-26 12:18:00+05:30,47.05,47.05,47.05,47.05,0,13500
514,2022-05-26 12:19:00+05:30,47.05,47.05,47.05,47.05,0,13500
515,2022-05-26 12:20:00+05:30,47.05,47.05,47.05,47.05,0,13500
516,2022-05-26 12:21:00+05:30,47.05,47.05,47.05,47.05,0,13500
517,2022-05-26 12:22:00+05:30,47.05,47.05,47.05,47.05,0,13500
518,2022-05-26 12:23:00+05:30,47.05,47.05,47.05,47.05,0,13500
519,2022-05-26 12:24:00+05:30,47.05,47.05,47.05,47.05,0,13500
520,2022-05-26 12:25:00+05:30,47.05,47.05,47.05,47.05,0,13500
521,2022-05-26 12:26:00+05:30,47.05,47.05,47.05,47.05,0,13500
522,2022-05-26 12:27:00+05:30,47.05,47.05,47.05,47.05,0,13500
523,2022-05-26 12:28:00+05:30,47.05,47.05,47.05,47.05,0,13500
524,2022-05-26 12:29:00+05:30,47.05,47.05,47.05,47.05,0,13500
525,2022-05-26 12:30:00+05:30,47.05,47.05,47.05,47.05,0,13500
526,2022-05-26 12:31:00+05:30,47.05,47.05,47.05,47.05,0,13500
527,2022-05-26 12:32:00+05:30,47.05,47.05,47.05,47.05,0,13500
528,2022-05-26 12:33:00+05:30,47.05,47.05,47.05,47.05,0,13500
529,2022-05-26 12:34:00+05:30,47.05,47.05,47.05,47.05,0,13500
530,2022-05-26 12:35:00+05:30,47.05,47.05,47.05,47.05,0,13500
531,2022-05-26 12:36:00+05:30,47.05,47.05,47.05,47.05,0,13500
532,2022-05-26 12:37:00+05:30,47.05,47.05,47.05,47.05,0,13500
533,2022-05-26 12:38:00+05:30,47.05,47.05,47.05,47.05,0,13500
534,2022-05-26 12:39:00+05:30,47.05,47.05,47.05,47.05,0,13500
535,2022-05-26 12:40:00+05:30,47.05,47.05,47.05,47.05,0,13500
536,2022-05-26 12:41:00+05:30,47.05,47.05,47.05,47.05,0,13500
537,2022-05-26 12:42:00+05:30,47.05,47.05,47.05,47.05,0,13500
538,2022-05-26 12:43:00+05:30,47.05,47.05,47.05,47.05,0,13500
539,2022-05-26 12:44:00+05:30,47.05,47.05,47.05,47.05,0,13500
540,2022-05-26 12:45:00+05:30,47.05,47.05,47.05,47.05,0,13500
541,2022-05-26 12:46:00+05:30,47.05,47.05,47.05,47.05,0,13500
542,2022-05-26 12:47:00+05:30,47.05,47.05,47.05,47.05,0,13500
543,2022-05-26 12:48:00+05:30,47.05,47.05,47.05,47.05,0,13500
544,2022-05-26 12:49:00+05:30,47.05,47.05,47.05,47.05,0,13500
545,2022-05-26 12:50:00+05:30,47.05,47.05,47.05,47.05,0,13500
546,2022-05-26 12:51:00+05:30,47.05,47.05,47.05,47.05,0,13500
547,2022-05-26 12:52:00+05:30,47.05,47.05,47.05,47.05,0,13500
548,2022-05-26 12:53:00+05:30,47.05,47.05,47.05,47.05,0,13500
549,2022-05-26 12:54:00+05:30,47.05,47.05,47.05,47.05,0,13500
550,2022-05-26 12:55:00+05:30,47.05,47.05,47.05,47.05,0,13500
551,2022-05-26 12:56:00+05:30,47.05,47.05,47.05,47.05,0,13500
552,2022-05-26 12:57:00+05:30,47.05,47.05,47.05,47.05,0,13500
553,2022-05-26 12:58:00+05:30,47.05,47.05,47.05,47.05,0,13500
554,2022-05-26 12:59:00+05:30,47.05,47.05,47.05,47.05,0,13500
555,2022-05-26 13:00:00+05:30,47.05,47.05,47.05,47.05,0,13500
556,2022-05-26 13:01:00+05:30,47.05,47.05,47.05,47.05,0,13500
557,2022-05-26 13:02:00+05:30,47.05,47.05,47.05,47.05,0,13500
558,2022-05-26 13:03:00+05:30,47.05,47.05,47.05,47.05,0,13500
559,2022-05-26 13:04:00+05:30,47.05,47.05,47.05,47.05,0,13500
560,2022-05-26 13:05:00+05:30,47.05,47.05,47.05,47.05,0,13500
561,2022-05-26 13:06:00+05:30,47.05,47.05,47.05,47.05,0,13500
562,2022-05-26 13:07:00+05:30,47.05,47.05,47.05,47.05,0,13500
563,2022-05-26 13:08:00+05:30,47.05,47.05,47.05,47.05,0,13500
564,2022-05-26 13:09:00+05:30,47.05,47.05,47.05,47.05,0,13500
565,2022-05-26 13:10:00+05:30,47.05,47.05,47.05,47.05,0,13500
566,2022-05-26 13:11:00+05:30,47.05,47.05,47.05,47.05,0,13500
567,2022-05-26 13:12:00+05:30,47.05,47.05,47.05,47.05,0,13500
568,2022-05-26 13:13:00+05:30,47.05,47.05,47.05,47.05,0,13500
569,2022-05-26 13:14:00+05:30,47.05,47.05,47.05,47.05,0,13500
570,2022-05-26 13:15:00+05:30,47.05,47.05,47.05,47.05,0,13500
571,2022-05-26 13:16:00+05:30,47.05,47.05,47.05,47.05,0,13500
572,2022-05-26 13:17:00+05:30,47.05,47.05,47.05,47.05,0,13500
573,2022-05-26 13:18:00+05:30,47.05,47.05,47.05,47.05,0,13500
574,2022-05-26 13:19:00+05:30,47.05,47.05,47.05,47.05,0,13500
575,2022-05-26 13:20:00+05:30,47.05,47.05,47.05,47.05,0,13500
576,2022-05-26 13:21:00+05:30,47.05,47.05,47.05,47.05,0,13500
577,2022-05-26 13:22:00+05:30,47.05,47.05,47.05,47.05,0,13500
578,2022-05-26 13:23:00+05:30,47.05,47.05,47.05,47.05,0,13500
579,2022-05-26 13:24:00+05:30,47.05,47.05,47.05,47.05,0,13500
580,2022-05-26 13:25:00+05:30,47.05,47.05,47.05,47.05,0,13500
581,2022-05-26 13:26:00+05:30,47.05,47.05,47.05,47.05,0,13500
582,2022-05-26 13:27:00+05:30,47.05,47.05,47.05,47.05,0,13500
583,2022-05-26 13:28:00+05:30,47.05,47.05,47.05,47.05,0,13500
584,2022-05-26 13:29:00+05:30,47.05,47.05,47.05,47.05,0,13500
585,2022-05-26 13:30:00+05:30,47.05,47.05,47.05,47.05,0,13500
586,2022-05-26 13:31:00+05:30,47.05,47.05,47.05,47.05,0,13500
587,2022-05-26 13:32:00+05:30,47.05,47.05,47.05,47.05,0,13500
588,2022-05-26 13:33:00+05:30,47.05,47.05,47.05,47.05,0,13500
589,2022-05-26 13:34:00+05:30,47.05,47.05,47.05,47.05,0,13500
590,2022-05-26 13:35:00+05:30,47.05,47.05,47.05,47.05,0,13500
591,2022-05-26 13:36:00+05:30,47.05,47.05,47.05,47.05,0,13500
592,2022-05-26 13:37:00+05:30,47.05,47.05,47.05,47.05,0,13500
593,2022-05-26 13:38:00+05:30,47.05,47.05,47.05,47.05,0,13500
594,2022-05-26 13:39:00+05:30,47.05,47.05,47.05,47.05,0,13500
595,2022-05-26 13:40:00+05:30,47.05,47.05,47.05,47.05,0,13500
596,2022-05-26 13:41:00+05:30,47.05,47.05,47.05,47.05,0,13500
597,2022-05-26 13:42:00+05:30,47.05,47.05,47.05,47.05,0,13500
598,2022-05-26 13:43:00+05:30,47.05,47.05,47.05,47.05,0,13500
599,2022-05-26 13:44:00+05:30,47.05,47.05,47.05,47.05,0,13500
600,2022-05-26 13:45:00+05:30,47.05,47.05,47.05,47.05,0,13500
601,2022-05-26 13:46:00+05:30,47.05,47.05,47.05,47.05,0,13500
602,2022-05-26 13:47:00+05:30,47.05,47.05,47.05,47.05,0,13500
603,2022-05-26 13:48:00+05:30,47.05,47.05,47.05,47.05,0,13500
604,2022-05-26 13:49:00+05:30,47.05,47.05,47.05,47.05,0,13500
605,2022-05-26 13:50:00+05:30,47.05,47.05,47.05,47.05,0,13500
606,2022-05-26 13:51:00+05:30,47.05,47.05,47.05,47.05,0,13500
607,2022-05-26 13:52:00+05:30,47.05,47.05,47.05,47.05,0,13500
608,2022-05-26 13:53:00+05:30,47.05,47.05,47.05,47.05,0,13500
609,2022-05-26 13:54:00+05:30,47.05,47.05,47.05,47.05,0,13500
610,2022-05-26 13:55:00+05:30,47.05,47.05,47.05,47.05,0,13500
611,2022-05-26 13:56:00+05:30,47.05,47.05,47.05,47.05,0,13500
612,2022-05-26 13:57:00+05:30,47.05,47.05,47.05,47.05,0,13500
613,2022-05-26 13:58:00+05:30,47.05,47.05,47.05,47.05,0,13500
614,2022-05-26 13:59:00+05:30,47.05,47.05,47.05,47.05,0,13500
615,2022-05-26 14:00:00+05:30,47.05,47.05,47.05,47.05,0,13500
616,2022-05-26 14:01:00+05:30,47.05,47.05,47.05,47.05,0,13500
617,2022-05-26 14:02:00+05:30,47.05,47.05,47.05,47.05,0,13500
618,2022-05-26 14:03:00+05:30,47.05,47.05,47.05,47.05,0,13500
619,2022-05-26 14:04:00+05:30,47.05,47.05,47.05,47.05,0,13500
620,2022-05-26 14:05:00+05:30,47.05,47.05,47.05,47.05,0,13500
621,2022-05-26 14:06:00+05:30,47.05,47.05,47.05,47.05,0,13500
622,2022-05-26 14:07:00+05:30,47.05,47.05,47.05,47.05,0,13500
623,2022-05-26 14:08:00+05:30,47.05,47.05,47.05,47.05,0,13500
624,2022-05-26 14:09:00+05:30,47.05,47.05,47.05,47.05,0,13500
625,2022-05-26 14:10:00+05:30,47.05,47.05,47.05,47.05,0,13500
626,2022-05-26 14:11:00+05:30,47.05,47.05,47.05,47.05,0,13500
627,2022-05-26 14:12:00+05:30,47.05,47.05,47.05,47.05,0,13500
628,2022-05-26 14:13:00+05:30,47.05,47.05,47.05,47.05,0,13500
629,2022-05-26 14:14:00+05:30,47.05,47.05,47.05,47.05,0,13500
630,2022-05-26 14:15:00+05:30,47.05,47.05,47.05,47.05,0,13500
631,2022-05-26 14:16:00+05:30,47.05,47.05,47.05,47.05,0,13500
632,2022-05-26 14:17:00+05:30,47.05,47.05,47.05,47.05,0,13500
633,2022-05-26 14:18:00+05:30,47.05,47.05,47.05,47.05,0,13500
634,2022-05-26 14:19:00+05:30,47.05,47.05,47.05,47.05,0,13500
635,2022-05-26 14:20:00+05:30,47.05,47.05,47.05,47.05,0,13500
636,2022-05-26 14:21:00+05:30,47.05,47.05,47.05,47.05,0,13500
637,2022-05-26 14:22:00+05:30,47.05,47.05,47.05,47.05,0,13500
638,2022-05-26 14:23:00+05:30,47.05,47.05,47.05,47.05,0,13500
639,2022-05-26 14:24:00+05:30,47.05,47.05,47.05,47.05,0,13500
640,2022-05-26 14:25:00+05:30,47.05,47.05,47.05,47.05,0,13500
641,2022-05-26 14:26:00+05:30,47.05,47.05,47.05,47.05,0,13500
642,2022-05-26 14:27:00+05:30,47.05,47.05,47.05,47.05,0,13500
643,2022-05-26 14:28:00+05:30,47.05,47.05,47.05,47.05,0,13500
644,2022-05-26 14:29:00+05:30,47.05,47.05,47.05,47.05,0,13500
645,2022-05-26 14:30:00+05:30,47.05,47.05,47.05,47.05,0,13500
646,2022-05-26 14:31:00+05:30,47.05,47.05,47.05,47.05,0,13500
647,2022-05-26 14:32:00+05:30,47.05,47.05,47.05,47.05,0,13500
648,2022-05-26 14:33:00+05:30,47.05,47.05,47.05,47.05,0,13500
649,2022-05-26 14:34:00+05:30,47.05,47.05,47.05,47.05,0,13500
650,2022-05-26 14:35:00+05:30,47.05,47.05,47.05,47.05,0,13500
651,2022-05-26 14:36:00+05:30,47.05,47.05,47.05,47.05,0,13500
652,2022-05-26 14:37:00+05:30,47.05,47.05,47.05,47.05,0,13500
653,2022-05-26 14:38:00+05:30,47.05,47.05,47.05,47.05,0,13500
654,2022-05-26 14:39:00+05:30,47.05,47.05,47.05,47.05,0,13500
655,2022-05-26 14:40:00+05:30,47.05,47.05,47.05,47.05,0,13500
656,2022-05-26 14:41:00+05:30,47.05,47.05,47.05,47.05,0,13500
657,2022-05-26 14:42:00+05:30,47.05,47.05,47.05,47.05,0,13500
658,2022-05-26 14:43:00+05:30,47.05,47.05,47.05,47.05,0,13500
659,2022-05-26 14:44:00+05:30,47.05,47.05,47.05,47.05,0,13500
660,2022-05-26 14:45:00+05:30,47.05,47.05,47.05,47.05,0,13500
661,2022-05-26 14:46:00+05:30,47.05,47.05,47.05,47.05,0,13500
662,2022-05-26 14:47:00+05:30,47.05,47.05,47.05,47.05,0,13500
663,2022-05-26 14:48:00+05:30,47.05,47.05,47.05,47.05,0,13500
664,2022-05-26 14:49:00+05:30,47.05,47.05,47.05,47.05,0,13500
665,2022-05-26 14:50:00+05:30,47.05,47.05,47.05,47.05,0,13500
666,2022-05-26 14:51:00+05:30,47.05,47.05,47.05,47.05,0,13500
667,2022-05-26 14:52:00+05:30,47.05,47.05,47.05,47.05,0,13500
668,2022-05-26 14:53:00+05:30,47.05,47.05,47.05,47.05,0,13500
669,2022-05-26 14:54:00+05:30,47.05,47.05,47.05,47.05,0,13500
670,2022-05-26 14:55:00+05:30,47.05,47.05,47.05,47.05,0,13500
671,2022-05-26 14:56:00+05:30,47.05,47.05,47.05,47.05,0,13500
672,2022-05-26 14:57:00+05:30,47.05,47.05,47.05,47.05,0,13500
673,2022-05-26 14:58:00+05:30,47.05,47.05,47.05,47.05,0,13500
674,2022-05-26 14:59:00+05:30,47.05,47.05,47.05,47.05,0,13500
675,2022-05-26 15:00:00+05:30,47.05,47.05,47.05,47.05,0,13500
676,2022-05-26 15:01:00+05:30,47.05,47.05,47.05,47.05,0,13500
677,2022-05-26 15:02:00+05:30,47.05,47.05,47.05,47.05,0,13500
678,2022-05-26 15:03:00+05:30,47.05,47.05,47.05,47.05,0,13500
679,2022-05-26 15:04:00+05:30,47.05,47.05,47.05,47.05,0,13500
680,2022-05-26 15:05:00+05:30,47.05,47.05,47.05,47.05,0,13500
681,2022-05-26 15:06:00+05:30,47.05,47.05,47.05,47.05,0,13500
682,2022-05-26 15:07:00+05:30,47.05,47.05,47.05,47.05,0,13500
683,2022-05-26 15:08:00+05:30,47.05,47.05,47.05,47.05,0,13500
684,2022-05-26 15:09:00+05:30,47.05,47.05,47.05,47.05,0,13500
685,2022-05-26 15:10:00+05:30,47.05,47.05,47.05,47.05,0,13500
686,2022-05-26 15:11:00+05:30,47.05,47.05,47.05,47.05,0,13500
687,2022-05-26 15:12:00+05:30,47.05,47.05,47.05,47.05,0,13500
688,2022-05-26 15:13:00+05:30,47.05,47.05,47.05,47.05,0,13500
689,2022-05-26 15:14:00+05:30,47.05,47.05,47.05,47.05,0,13500
690,2022-05-26 15:15:00+05:30,47.05,47.05,47.05,47.05,0,13500
691,2022-05-26 15:16:00+05:30,47.05,47.05,47.05,47.05,0,13500
692,2022-05-26 15:17:00+05:30,47.05,47.05,47.05,47.05,0,13500
693,2022-05-26 15:18:00+05:30,47.05,47.05,47.05,47.05,0,13500
694,2022-05-26 15:19:00+05:30,47.05,47.05,47.05,47.05,0,13500
695,2022-05-26 15:20:00+05:30,47.05,47.05,47.05,47.05,0,13500
696,2022-05-26 15:21:00+05:30,47.05,47.05,47.05,47.05,0,13500
697,2022-05-26 15:22:00+05:30,47.05,47.05,47.05,47.05,0,13500
698,2022-05-26 15:23:00+05:30,47.05,47.05,47.05,47.05,0,13500
699,2022-05-26 15:24:00+05:30,47.05,47.05,47.05,47.05,0,13500
700,2022-05-26 15:25:00+05:30,29.65,29.65,29.65,29.65,300,13500
701,2022-05-26 15:26:00+05:30,29.65,29.65,29.65,29.65,0,13500
702,2022-05-26 15:27:00+05:30,29.65,29.65,29.65,29.65,0,13500
703,2022-05-26 15:28:00+05:30,29.65,29.65,29.65,29.65,0,13500
704,2022-05-26 15:29:00+05:30,29.65,29.65,29.65,29.65,0,13500
705,2022-05-27 09:40:00+05:30,31.15,32.15,31.15,32.15,300,13500
706,2022-05-27 09:41:00+05:30,32.15,32.15,30.9,31.45,600,14700
707,2022-05-27 09:42:00+05:30,31.45,31.45,31.3,31.3,600,14700
708,2022-05-27 09:43:00+05:30,31.3,31.3,31.3,31.3,0,14700
709,2022-05-27 09:44:00+05:30,31.3,31.3,30.5,30.5,600,14700
710,2022-05-27 09:45:00+05:30,29.95,30.5,29.75,30.35,3000,14700
711,2022-05-27 09:46:00+05:30,30.35,30.4,30.35,30.4,600,14700
712,2022-05-27 09:47:00+05:30,30.4,30.4,30.1,30.15,600,14700
713,2022-05-27 09:48:00+05:30,30.25,30.25,30.25,30.25,300,16200
714,2022-05-27 09:49:00+05:30,30.25,30.25,30.25,30.25,0,16200
715,2022-05-27 09:50:00+05:30,30.25,30.25,30.0,30.0,300,16200
716,2022-05-27 09:51:00+05:30,30.0,30.0,30.0,30.0,0,16200
717,2022-05-27 09:52:00+05:30,30.0,30.0,30.0,30.0,0,16200
718,2022-05-27 09:53:00+05:30,30.0,30.0,30.0,30.0,0,16200
719,2022-05-27 09:54:00+05:30,30.0,30.0,29.15,29.3,600,16200
720,2022-05-27 09:55:00+05:30,29.35,29.35,29.35,29.35,300,16200
721,2022-05-27 09:56:00+05:30,29.35,29.35,29.35,29.35,0,16200
722,2022-05-27 09:57:00+05:30,29.35,29.35,29.35,29.35,0,16200
723,2022-05-27 09:58:00+05:30,29.35,29.35,29.35,29.35,0,16200
724,2022-05-27 09:59:00+05:30,29.35,29.35,29.35,29.35,0,16200
725,2022-05-27 10:00:00+05:30,29.35,29.35,29.35,29.35,0,16200
726,2022-05-27 10:01:00+05:30,29.35,29.35,29.35,29.35,0,16200
727,2022-05-27 10:02:00+05:30,29.35,29.35,27.0,27.0,300,16200
728,2022-05-27 10:03:00+05:30,27.0,27.0,27.0,27.0,0,16200
729,2022-05-27 10:04:00+05:30,27.0,27.0,27.0,27.0,0,16200
730,2022-05-27 10:05:00+05:30,27.0,27.0,27.0,27.0,0,16200
731,2022-05-27 10:06:00+05:30,27.0,27.7,27.0,27.7,600,16200
732,2022-05-27 10:07:00+05:30,27.8,27.8,27.7,27.8,600,16200
733,2022-05-27 10:08:00+05:30,27.8,27.95,27.8,27.95,300,16200
734,2022-05-27 10:09:00+05:30,27.95,27.95,27.45,27.45,300,16200
735,2022-05-27 10:10:00+05:30,27.45,27.45,27.45,27.45,0,16200
736,2022-05-27 10:11:00+05:30,27.45,27.45,27.45,27.45,0,16200
737,2022-05-27 10:12:00+05:30,27.45,27.45,27.45,27.45,0,16200
738,2022-05-27 10:13:00+05:30,27.45,27.45,27.45,27.45,0,16200
739,2022-05-27 10:14:00+05:30,27.45,27.45,26.85,26.85,300,16200
740,2022-05-27 10:15:00+05:30,26.85,26.85,26.85,26.85,0,16200
741,2022-05-27 10:16:00+05:30,26.85,26.85,26.85,26.85,0,16200
742,2022-05-27 10:17:00+05:30,26.85,26.85,26.85,26.85,0,16200
743,2022-05-27 10:18:00+05:30,26.85,26.85,26.85,26.85,0,16200
744,2022-05-27 10:19:00+05:30,26.85,26.85,26.35,26.35,300,16200
745,2022-05-27 10:20:00+05:30,26.35,26.35,26.35,26.35,0,16200
746,2022-05-27 10:21:00+05:30,26.35,26.35,26.35,26.35,0,16200
747,2022-05-27 10:22:00+05:30,26.35,26.4,26.2,26.2,600,16200
748,2022-05-27 10:23:00+05:30,26.2,26.2,26.2,26.2,0,16200
749,2022-05-27 10:24:00+05:30,26.2,26.2,25.4,25.4,300,16200
750,2022-05-27 10:25:00+05:30,25.4,25.4,25.4,25.4,0,16200
751,2022-05-27 10:26:00+05:30,25.4,25.4,25.4,25.4,0,16200
752,2022-05-27 10:27:00+05:30,25.4,25.4,25.4,25.4,0,16200
753,2022-05-27 10:28:00+05:30,25.4,25.4,25.4,25.4,0,16200
754,2022-05-27 10:29:00+05:30,25.4,25.4,25.4,25.4,0,16200
755,2022-05-27 10:30:00+05:30,25.4,25.4,25.4,25.4,0,16200
756,2022-05-27 10:31:00+05:30,25.4,25.4,25.1,25.1,300,16200
757,2022-05-27 10:32:00+05:30,25.1,25.45,25.1,25.45,600,16200
758,2022-05-27 10:33:00+05:30,25.45,25.45,25.45,25.45,0,16200
759,2022-05-27 10:34:00+05:30,25.45,25.45,25.45,25.45,0,16200
760,2022-05-27 10:35:00+05:30,25.45,25.45,25.45,25.45,0,16200
761,2022-05-27 10:36:00+05:30,25.45,25.45,25.45,25.45,0,16200
762,2022-05-27 10:37:00+05:30,25.45,25.45,25.45,25.45,0,16200
763,2022-05-27 10:38:00+05:30,25.45,25.45,25.45,25.45,0,16200
764,2022-05-27 10:39:00+05:30,25.45,25.45,25.45,25.45,0,16200
765,2022-05-27 10:40:00+05:30,25.45,25.45,25.45,25.45,0,16200
766,2022-05-27 10:41:00+05:30,25.45,25.45,25.45,25.45,0,16200
767,2022-05-27 10:42:00+05:30,25.45,25.45,25.45,25.45,300,16200
768,2022-05-27 10:43:00+05:30,25.45,25.45,25.45,25.45,0,16200
769,2022-05-27 10:44:00+05:30,25.45,25.45,25.45,25.45,0,16200
770,2022-05-27 10:45:00+05:30,25.45,25.45,25.45,25.45,0,16200
771,2022-05-27 10:46:00+05:30,25.45,25.45,25.45,25.45,0,16200
772,2022-05-27 10:47:00+05:30,25.45,25.45,25.45,25.45,0,16200
773,2022-05-27 10:48:00+05:30,25.45,25.45,25.45,25.45,0,16200
774,2022-05-27 10:49:00+05:30,25.45,25.45,25.45,25.45,0,16200
775,2022-05-27 10:50:00+05:30,25.45,25.45,25.45,25.45,0,16200
776,2022-05-27 10:51:00+05:30,25.45,25.45,25.45,25.45,0,16200
777,2022-05-27 10:52:00+05:30,25.45,25.45,25.45,25.45,0,16200
778,2022-05-27 10:53:00+05:30,25.45,25.45,25.45,25.45,0,16200
779,2022-05-27 10:54:00+05:30,25.45,25.45,25.45,25.45,0,16200
780,2022-05-27 10:55:00+05:30,25.45,25.45,25.45,25.45,0,16200
781,2022-05-27 10:56:00+05:30,25.45,25.45,25.45,25.45,0,16200
782,2022-05-27 10:57:00+05:30,25.45,25.45,25.45,25.45,0,16200
783,2022-05-27 10:58:00+05:30,25.45,25.45,25.45,25.45,0,16200
784,2022-05-27 10:59:00+05:30,25.45,25.45,25.45,25.45,0,16200
785,2022-05-27 11:00:00+05:30,25.45,25.45,25.45,25.45,0,16200
786,2022-05-27 11:01:00+05:30,25.45,25.45,25.45,25.45,0,16200
787,2022-05-27 11:02:00+05:30,25.45,25.45,25.45,25.45,0,16200
788,2022-05-27 11:03:00+05:30,25.45,25.45,25.45,25.45,0,16200
789,2022-05-27 11:04:00+05:30,25.45,25.45,25.45,25.45,0,16200
790,2022-05-27 11:05:00+05:30,25.45,25.45,25.45,25.45,0,16200
791,2022-05-27 11:06:00+05:30,25.45,25.45,25.45,25.45,0,16200
792,2022-05-27 11:07:00+05:30,25.45,25.45,25.45,25.45,0,16200
793,2022-05-27 11:08:00+05:30,25.45,25.45,25.45,25.45,0,16200
794,2022-05-27 11:09:00+05:30,25.45,25.45,25.45,25.45,0,16200
795,2022-05-27 11:10:00+05:30,25.45,25.45,25.45,25.45,0,16200
796,2022-05-27 11:11:00+05:30,25.45,25.45,25.45,25.45,0,16200
797,2022-05-27 11:12:00+05:30,25.45,25.45,25.45,25.45,0,16200
798,2022-05-27 11:13:00+05:30,25.45,25.45,25.45,25.45,0,16200
799,2022-05-27 11:14:00+05:30,25.45,25.45,25.45,25.45,0,16200
800,2022-05-27 11:15:00+05:30,25.45,25.45,25.45,25.45,0,16200
801,2022-05-27 11:16:00+05:30,25.45,25.45,25.45,25.45,0,16200
802,2022-05-27 11:17:00+05:30,25.45,25.45,25.45,25.45,0,16200
803,2022-05-27 11:18:00+05:30,25.45,25.45,25.45,25.45,0,16200
804,2022-05-27 11:19:00+05:30,25.45,25.45,25.45,25.45,0,16200
805,2022-05-27 11:20:00+05:30,25.45,25.45,25.45,25.45,0,16200
806,2022-05-27 11:21:00+05:30,25.45,25.45,25.45,25.45,0,16200
807,2022-05-27 11:22:00+05:30,25.45,25.45,25.45,25.45,0,16200
808,2022-05-27 11:23:00+05:30,25.45,25.45,25.45,25.45,0,16200
809,2022-05-27 11:24:00+05:30,25.45,25.45,25.45,25.45,0,16200
810,2022-05-27 11:25:00+05:30,25.45,25.45,25.45,25.45,0,16200
811,2022-05-27 11:26:00+05:30,25.45,25.45,25.45,25.45,0,16200
812,2022-05-27 11:27:00+05:30,25.45,25.45,25.45,25.45,0,16200
813,2022-05-27 11:28:00+05:30,25.45,25.45,25.45,25.45,0,16200
814,2022-05-27 11:29:00+05:30,25.45,25.45,25.45,25.45,0,16200
815,2022-05-27 11:30:00+05:30,25.45,25.45,25.45,25.45,0,16200
816,2022-05-27 11:31:00+05:30,25.45,25.45,25.45,25.45,0,16200
817,2022-05-27 11:32:00+05:30,25.45,25.45,25.45,25.45,0,16200
818,2022-05-27 11:33:00+05:30,25.45,25.45,25.45,25.45,0,16200
819,2022-05-27 11:34:00+05:30,25.45,25.45,25.45,25.45,0,16200
820,2022-05-27 11:35:00+05:30,25.45,25.45,25.45,25.45,0,16200
821,2022-05-27 11:36:00+05:30,25.45,25.45,25.45,25.45,0,16200
822,2022-05-27 11:37:00+05:30,25.45,25.45,25.45,25.45,0,16200
823,2022-05-27 11:38:00+05:30,25.45,25.45,24.7,24.7,300,16500
824,2022-05-27 11:39:00+05:30,24.7,24.8,24.4,24.8,1800,16500
825,2022-05-27 11:40:00+05:30,24.75,24.8,24.75,24.8,600,16500
826,2022-05-27 11:41:00+05:30,24.8,24.8,24.8,24.8,0,16500
827,2022-05-27 11:42:00+05:30,24.8,24.8,24.8,24.8,0,16500
828,2022-05-27 11:43:00+05:30,24.8,24.8,24.8,24.8,0,16500
829,2022-05-27 11:44:00+05:30,24.8,24.8,24.8,24.8,0,16500
830,2022-05-27 11:45:00+05:30,24.8,24.8,24.8,24.8,0,16500
831,2022-05-27 11:46:00+05:30,24.8,24.8,24.8,24.8,0,16500
832,2022-05-27 11:47:00+05:30,24.8,24.95,24.8,24.95,300,16500
833,2022-05-27 11:48:00+05:30,24.95,24.95,24.95,24.95,0,16500
834,2022-05-27 11:49:00+05:30,24.95,24.95,24.8,24.8,300,16500
835,2022-05-27 11:50:00+05:30,24.8,25.1,24.8,25.1,600,16500
836,2022-05-27 11:51:00+05:30,25.1,25.1,24.85,24.85,300,16500
837,2022-05-27 11:52:00+05:30,24.95,24.95,24.85,24.95,300,16500
838,2022-05-27 11:53:00+05:30,24.95,24.95,24.95,24.95,0,16500
839,2022-05-27 11:54:00+05:30,24.95,24.95,24.95,24.95,0,16500
840,2022-05-27 11:55:00+05:30,24.95,24.95,24.95,24.95,0,16500
841,2022-05-27 11:56:00+05:30,24.95,24.95,24.95,24.95,0,16500
842,2022-05-27 11:57:00+05:30,24.95,24.95,24.95,24.95,0,16500
843,2022-05-27 11:58:00+05:30,24.95,25.05,24.95,25.05,300,16500
844,2022-05-27 11:59:00+05:30,25.05,25.05,25.0,25.0,300,16500
845,2022-05-27 12:00:00+05:30,25.0,25.0,25.0,25.0,0,16500
846,2022-05-27 12:01:00+05:30,25.0,25.0,25.0,25.0,0,16500
847,2022-05-27 12:02:00+05:30,25.0,25.0,24.9,24.9,600,16500
848,2022-05-27 12:03:00+05:30,24.9,24.9,24.9,24.9,0,16500
849,2022-05-27 12:04:00+05:30,24.9,24.9,24.9,24.9,0,16500
850,2022-05-27 12:05:00+05:30,24.9,24.9,24.9,24.9,0,16500
851,2022-05-27 12:06:00+05:30,24.9,24.9,24.9,24.9,0,16500
852,2022-05-27 12:07:00+05:30,24.9,24.9,24.9,24.9,0,16500
853,2022-05-27 12:08:00+05:30,24.9,24.9,24.9,24.9,0,16500
854,2022-05-27 12:09:00+05:30,24.9,24.9,24.9,24.9,0,16500
855,2022-05-27 12:10:00+05:30,24.9,24.9,24.9,24.9,0,16500
856,2022-05-27 12:11:00+05:30,24.9,24.9,24.9,24.9,0,16500
857,2022-05-27 12:12:00+05:30,24.9,24.9,24.9,24.9,0,16500
858,2022-05-27 12:13:00+05:30,24.9,24.9,24.65,24.65,300,16500
859,2022-05-27 12:14:00+05:30,24.65,24.65,24.65,24.65,0,16500
860,2022-05-27 12:15:00+05:30,24.65,24.65,24.65,24.65,0,16500
861,2022-05-27 12:16:00+05:30,24.65,24.65,24.65,24.65,0,16500
862,2022-05-27 12:17:00+05:30,24.65,24.65,24.65,24.65,0,16500
863,2022-05-27 12:18:00+05:30,24.65,24.65,24.65,24.65,0,16500
864,2022-05-27 12:19:00+05:30,24.65,24.65,24.65,24.65,0,16500
865,2022-05-27 12:20:00+05:30,24.65,24.65,24.65,24.65,0,16500
866,2022-05-27 12:21:00+05:30,24.65,24.65,24.65,24.65,0,16500
867,2022-05-27 12:22:00+05:30,24.65,24.65,24.65,24.65,0,16500
868,2022-05-27 12:23:00+05:30,24.65,24.65,24.65,24.65,0,16500
869,2022-05-27 12:24:00+05:30,24.65,24.65,22.65,22.65,1800,16500
870,2022-05-27 12:25:00+05:30,22.65,22.65,22.65,22.65,0,16500
871,2022-05-27 12:26:00+05:30,22.65,22.65,22.65,22.65,0,16500
872,2022-05-27 12:27:00+05:30,22.65,22.8,22.65,22.8,300,18300
873,2022-05-27 12:28:00+05:30,22.8,22.8,22.8,22.8,0,18300
874,2022-05-27 12:29:00+05:30,22.8,22.8,22.8,22.8,0,18300
875,2022-05-27 12:30:00+05:30,22.8,22.8,22.8,22.8,0,18300
876,2022-05-27 12:31:00+05:30,22.8,22.8,22.8,22.8,0,18300
877,2022-05-27 12:32:00+05:30,22.8,22.8,22.8,22.8,0,18300
878,2022-05-27 12:33:00+05:30,22.8,22.8,22.8,22.8,0,18300
879,2022-05-27 12:34:00+05:30,22.8,22.8,22.8,22.8,0,18300
880,2022-05-27 12:35:00+05:30,22.8,22.8,22.8,22.8,0,18300
881,2022-05-27 12:36:00+05:30,22.8,22.8,22.8,22.8,0,18300
882,2022-05-27 12:37:00+05:30,22.8,22.8,22.8,22.8,0,18300
883,2022-05-27 12:38:00+05:30,22.8,22.8,22.8,22.8,0,18300
884,2022-05-27 12:39:00+05:30,22.8,22.8,22.8,22.8,0,18300
885,2022-05-27 12:40:00+05:30,22.8,23.45,22.8,23.45,600,18300
886,2022-05-27 12:41:00+05:30,23.45,23.45,23.4,23.4,300,18300
887,2022-05-27 12:42:00+05:30,23.4,23.65,23.4,23.65,600,18900
888,2022-05-27 12:43:00+05:30,23.65,23.65,23.65,23.65,0,18900
889,2022-05-27 12:44:00+05:30,23.65,23.65,23.65,23.65,0,18900
890,2022-05-27 12:45:00+05:30,23.65,23.65,23.65,23.65,0,18900
891,2022-05-27 12:46:00+05:30,23.65,23.65,22.9,22.9,300,19500
892,2022-05-27 12:47:00+05:30,22.9,22.9,22.9,22.9,0,19500
893,2022-05-27 12:48:00+05:30,22.9,22.9,22.9,22.9,0,19500
894,2022-05-27 12:49:00+05:30,22.9,22.9,22.9,22.9,0,19500
895,2022-05-27 12:50:00+05:30,22.9,22.9,22.9,22.9,0,19500
896,2022-05-27 12:51:00+05:30,22.9,22.9,22.9,22.9,0,19500
897,2022-05-27 12:52:00+05:30,22.9,22.9,22.9,22.9,0,19500
898,2022-05-27 12:53:00+05:30,22.9,22.9,22.9,22.9,0,19500
899,2022-05-27 12:54:00+05:30,22.9,22.9,22.9,22.9,300,19800
900,2022-05-27 12:55:00+05:30,22.9,22.9,22.9,22.9,300,19800
901,2022-05-27 12:56:00+05:30,22.9,22.9,22.9,22.9,0,19800
902,2022-05-27 12:57:00+05:30,22.9,22.9,22.9,22.9,0,19800
903,2022-05-27 12:58:00+05:30,22.9,22.9,22.9,22.9,0,19800
904,2022-05-27 12:59:00+05:30,22.9,22.9,22.9,22.9,0,19800
905,2022-05-27 13:00:00+05:30,22.9,22.9,22.9,22.9,0,19800
906,2022-05-27 13:01:00+05:30,22.9,22.9,22.9,22.9,0,19800
907,2022-05-27 13:02:00+05:30,22.9,22.9,22.9,22.9,0,19800
908,2022-05-27 13:03:00+05:30,22.9,22.9,22.9,22.9,0,19800
909,2022-05-27 13:04:00+05:30,22.9,22.9,22.9,22.9,0,19800
910,2022-05-27 13:05:00+05:30,22.9,22.9,22.9,22.9,0,19800
911,2022-05-27 13:06:00+05:30,22.9,22.9,22.9,22.9,0,19800
912,2022-05-27 13:07:00+05:30,22.9,22.9,22.9,22.9,0,19800
913,2022-05-27 13:08:00+05:30,22.9,22.9,22.9,22.9,0,19800
914,2022-05-27 13:09:00+05:30,22.9,22.9,22.9,22.9,0,19800
915,2022-05-27 13:10:00+05:30,22.9,22.9,22.9,22.9,0,19800
916,2022-05-27 13:11:00+05:30,22.9,22.9,22.9,22.9,0,19800
917,2022-05-27 13:12:00+05:30,22.9,22.9,22.9,22.9,0,19800
918,2022-05-27 13:13:00+05:30,22.9,22.9,22.9,22.9,0,19800
919,2022-05-27 13:14:00+05:30,22.9,22.9,22.9,22.9,0,19800
920,2022-05-27 13:15:00+05:30,22.9,22.9,22.9,22.9,0,19800
921,2022-05-27 13:16:00+05:30,22.9,22.9,22.9,22.9,0,19800
922,2022-05-27 13:17:00+05:30,22.9,22.9,22.9,22.9,0,19800
923,2022-05-27 13:18:00+05:30,22.75,22.75,22.5,22.5,600,20100
924,2022-05-27 13:19:00+05:30,22.5,22.5,22.5,22.5,0,20100
925,2022-05-27 13:20:00+05:30,22.5,22.5,22.5,22.5,0,20100
926,2022-05-27 13:21:00+05:30,22.5,22.5,22.5,22.5,0,20100
927,2022-05-27 13:22:00+05:30,22.5,22.5,22.5,22.5,0,20100
928,2022-05-27 13:23:00+05:30,22.5,22.5,22.5,22.5,0,20100
929,2022-05-27 13:24:00+05:30,22.5,22.5,22.5,22.5,0,20100
930,2022-05-27 13:25:00+05:30,22.5,22.5,22.5,22.5,0,20100
931,2022-05-27 13:26:00+05:30,22.5,22.5,22.5,22.5,0,20100
932,2022-05-27 13:27:00+05:30,22.5,22.5,22.5,22.5,0,20100
933,2022-05-27 13:28:00+05:30,22.5,22.5,22.5,22.5,0,20100
934,2022-05-27 13:29:00+05:30,22.5,22.5,22.5,22.5,0,20100
935,2022-05-27 13:30:00+05:30,22.5,22.5,22.5,22.5,0,20100
936,2022-05-27 13:31:00+05:30,22.5,22.5,22.5,22.5,0,20100
937,2022-05-27 13:32:00+05:30,22.5,22.5,22.5,22.5,0,20100
938,2022-05-27 13:33:00+05:30,22.5,22.5,22.5,22.5,0,20100
939,2022-05-27 13:34:00+05:30,22.5,22.5,22.5,22.5,0,20100
940,2022-05-27 13:35:00+05:30,22.5,22.5,22.5,22.5,0,20100
941,2022-05-27 13:36:00+05:30,22.5,22.5,22.5,22.5,0,20100
942,2022-05-27 13:37:00+05:30,22.5,22.5,22.5,22.5,0,20100
943,2022-05-27 13:38:00+05:30,22.5,22.5,22.5,22.5,0,20100
944,2022-05-27 13:39:00+05:30,22.5,22.5,22.5,22.5,0,20100
945,2022-05-27 13:40:00+05:30,22.5,22.5,22.5,22.5,0,20100
946,2022-05-27 13:41:00+05:30,22.5,22.5,22.5,22.5,0,20100
947,2022-05-27 13:42:00+05:30,22.5,22.5,22.5,22.5,0,20100
948,2022-05-27 13:43:00+05:30,22.5,22.5,22.5,22.5,0,20100
949,2022-05-27 13:44:00+05:30,22.5,22.5,22.5,22.5,0,20100
950,2022-05-27 13:45:00+05:30,22.5,22.5,22.5,22.5,0,20100
951,2022-05-27 13:46:00+05:30,22.5,22.5,22.5,22.5,0,20100
952,2022-05-27 13:47:00+05:30,22.5,22.5,22.5,22.5,0,20100
953,2022-05-27 13:48:00+05:30,22.5,22.5,22.5,22.5,0,20100
954,2022-05-27 13:49:00+05:30,22.5,22.5,22.5,22.5,0,20100
955,2022-05-27 13:50:00+05:30,22.5,22.5,22.5,22.5,0,20100
956,2022-05-27 13:51:00+05:30,22.5,22.5,22.5,22.5,0,20100
957,2022-05-27 13:52:00+05:30,22.5,22.5,22.5,22.5,0,20100
958,2022-05-27 13:53:00+05:30,22.5,22.5,22.5,22.5,0,20100
959,2022-05-27 13:54:00+05:30,22.5,22.5,22.5,22.5,0,20100
960,2022-05-27 13:55:00+05:30,22.5,22.5,22.5,22.5,0,20100
961,2022-05-27 13:56:00+05:30,22.5,22.5,22.5,22.5,0,20100
962,2022-05-27 13:57:00+05:30,22.5,22.5,22.5,22.5,0,20100
963,2022-05-27 13:58:00+05:30,22.5,22.5,22.5,22.5,0,20100
964,2022-05-27 13:59:00+05:30,22.5,22.5,22.5,22.5,0,20100
965,2022-05-27 14:00:00+05:30,22.5,22.5,22.5,22.5,0,20100
966,2022-05-27 14:01:00+05:30,22.5,22.5,22.5,22.5,0,20100
967,2022-05-27 14:02:00+05:30,22.5,22.5,22.5,22.5,0,20100
968,2022-05-27 14:03:00+05:30,22.5,22.5,22.5,22.5,0,20100
969,2022-05-27 14:04:00+05:30,22.5,22.5,22.5,22.5,0,20100
970,2022-05-27 14:05:00+05:30,22.5,22.5,22.5,22.5,0,20100
971,2022-05-27 14:06:00+05:30,22.5,22.5,22.5,22.5,0,20100
972,2022-05-27 14:07:00+05:30,22.5,22.5,22.5,22.5,0,20100
973,2022-05-27 14:08:00+05:30,22.5,22.5,22.5,22.5,0,20100
974,2022-05-27 14:09:00+05:30,22.5,22.5,22.5,22.5,0,20100
975,2022-05-27 14:10:00+05:30,22.5,22.5,22.5,22.5,0,20100
976,2022-05-27 14:11:00+05:30,22.5,22.5,22.5,22.5,0,20100
977,2022-05-27 14:12:00+05:30,22.5,22.5,22.5,22.5,0,20100
978,2022-05-27 14:13:00+05:30,22.5,22.5,22.5,22.5,0,20100
979,2022-05-27 14:14:00+05:30,22.5,22.5,22.5,22.5,0,20100
980,2022-05-27 14:15:00+05:30,22.5,22.5,22.5,22.5,0,20100
981,2022-05-27 14:16:00+05:30,22.5,22.5,22.5,22.5,0,20100
982,2022-05-27 14:17:00+05:30,22.5,22.5,22.5,22.5,0,20100
983,2022-05-27 14:18:00+05:30,22.5,22.5,22.5,22.5,0,20100
984,2022-05-27 14:19:00+05:30,22.5,22.5,22.5,22.5,0,20100
985,2022-05-27 14:20:00+05:30,22.5,22.5,22.5,22.5,0,20100
986,2022-05-27 14:21:00+05:30,22.5,22.5,22.5,22.5,0,20100
987,2022-05-27 14:22:00+05:30,22.5,22.5,22.5,22.5,0,20100
988,2022-05-27 14:23:00+05:30,22.5,22.5,22.5,22.5,0,20100
989,2022-05-27 14:24:00+05:30,22.5,22.5,22.5,22.5,0,20100
990,2022-05-27 14:25:00+05:30,22.5,22.5,22.5,22.5,0,20100
991,2022-05-27 14:26:00+05:30,22.5,22.5,22.5,22.5,0,20100
992,2022-05-27 14:27:00+05:30,22.5,22.5,22.5,22.5,0,20100
993,2022-05-27 14:28:00+05:30,22.5,22.5,22.5,22.5,0,20100
994,2022-05-27 14:29:00+05:30,22.5,22.5,22.5,22.5,0,20100
995,2022-05-27 14:30:00+05:30,22.5,22.5,22.5,22.5,0,20100
996,2022-05-27 14:31:00+05:30,22.5,22.5,22.5,22.5,0,20100
997,2022-05-27 14:32:00+05:30,22.5,22.5,22.5,22.5,0,20100
998,2022-05-27 14:33:00+05:30,22.5,22.5,22.5,22.5,0,20100
999,2022-05-27 14:34:00+05:30,22.5,22.5,22.5,22.5,0,20100
1000,2022-05-27 14:35:00+05:30,22.5,22.5,22.5,22.5,0,20100
1001,2022-05-27 14:36:00+05:30,22.5,22.5,22.5,22.5,0,20100
1002,2022-05-27 14:37:00+05:30,22.5,22.5,22.5,22.5,0,20100
1003,2022-05-27 14:38:00+05:30,22.5,22.5,22.5,22.5,0,20100
1004,2022-05-27 14:39:00+05:30,22.5,22.5,22.5,22.5,0,20100
1005,2022-05-27 14:40:00+05:30,22.5,22.5,22.5,22.5,0,20100
1006,2022-05-27 14:41:00+05:30,22.5,22.5,22.5,22.5,0,20100
1007,2022-05-27 14:42:00+05:30,22.5,22.5,22.5,22.5,0,20100
1008,2022-05-27 14:43:00+05:30,22.5,22.5,22.5,22.5,0,20100
1009,2022-05-27 14:44:00+05:30,22.5,22.5,22.5,22.5,0,20100
1010,2022-05-27 14:45:00+05:30,22.5,22.5,22.5,22.5,0,20100
1011,2022-05-27 14:46:00+05:30,22.5,22.5,22.5,22.5,0,20100
1012,2022-05-27 14:47:00+05:30,22.5,22.5,22.5,22.5,0,20100
1013,2022-05-27 14:48:00+05:30,22.5,22.5,22.5,22.5,0,20100
1014,2022-05-27 14:49:00+05:30,22.5,22.5,22.5,22.5,0,20100
1015,2022-05-27 14:50:00+05:30,22.5,22.5,22.5,22.5,0,20100
1016,2022-05-27 14:51:00+05:30,22.5,22.5,22.5,22.5,0,20100
1017,2022-05-27 14:52:00+05:30,22.5,22.5,22.5,22.5,0,20100
1018,2022-05-27 14:53:00+05:30,22.5,22.5,22.5,22.5,0,20100
1019,2022-05-27 14:54:00+05:30,22.5,22.5,22.5,22.5,0,20100
1020,2022-05-27 14:55:00+05:30,22.5,22.5,22.5,22.5,0,20100
1021,2022-05-27 14:56:00+05:30,22.5,22.5,22.5,22.5,0,20100
1022,2022-05-27 14:57:00+05:30,22.5,22.5,22.5,22.5,0,20100
1023,2022-05-27 14:58:00+05:30,22.5,22.5,22.5,22.5,0,20100
1024,2022-05-27 14:59:00+05:30,22.5,22.5,22.5,22.5,0,20100
1025,2022-05-27 15:00:00+05:30,22.5,22.5,22.5,22.5,0,20100
1026,2022-05-27 15:01:00+05:30,22.5,22.5,22.5,22.5,0,20100
1027,2022-05-27 15:02:00+05:30,22.5,22.5,22.5,22.5,0,20100
1028,2022-05-27 15:03:00+05:30,22.5,22.5,22.5,22.5,0,20100
1029,2022-05-27 15:04:00+05:30,22.5,22.5,22.5,22.5,0,20100
1030,2022-05-27 15:05:00+05:30,22.5,22.5,22.5,22.5,0,20100
1031,2022-05-27 15:06:00+05:30,22.5,22.5,22.5,22.5,0,20100
1032,2022-05-27 15:07:00+05:30,22.5,22.5,22.5,22.5,0,20100
1033,2022-05-27 15:08:00+05:30,22.5,22.5,22.5,22.5,0,20100
1034,2022-05-27 15:09:00+05:30,22.5,22.5,22.5,22.5,0,20100
1035,2022-05-27 15:10:00+05:30,22.5,22.5,22.5,22.5,0,20100
1036,2022-05-27 15:11:00+05:30,22.5,22.5,22.5,22.5,0,20100
1037,2022-05-27 15:12:00+05:30,22.5,22.5,22.5,22.5,0,20100
1038,2022-05-27 15:13:00+05:30,22.5,22.5,22.5,22.5,0,20100
1039,2022-05-27 15:14:00+05:30,22.5,22.5,22.5,22.5,0,20100
1040,2022-05-27 15:15:00+05:30,22.5,22.5,22.5,22.5,0,20100
1041,2022-05-27 15:16:00+05:30,22.5,22.5,22.5,22.5,0,20100
1042,2022-05-27 15:17:00+05:30,22.5,22.5,22.5,22.5,0,20100
1043,2022-05-27 15:18:00+05:30,22.5,22.5,22.5,22.5,0,20100
1044,2022-05-27 15:19:00+05:30,22.5,22.5,22.5,22.5,0,20100
1045,2022-05-27 15:20:00+05:30,22.5,22.5,22.5,22.5,0,20100
1046,2022-05-27 15:21:00+05:30,22.5,22.5,22.5,22.5,0,20100
1047,2022-05-27 15:22:00+05:30,22.5,22.5,22.5,22.5,0,20100
1048,2022-05-27 15:23:00+05:30,22.5,22.5,22.5,22.5,0,20100
1049,2022-05-27 15:24:00+05:30,22.5,22.5,22.5,22.5,0,20100
1050,2022-05-27 15:25:00+05:30,22.5,22.5,22.5,22.5,0,20100
1051,2022-05-27 15:26:00+05:30,22.5,22.5,22.5,22.5,0,20100
1052,2022-05-27 15:27:00+05:30,22.5,22.5,22.5,22.5,0,20100
1053,2022-05-27 15:28:00+05:30,22.5,22.5,22.5,22.5,0,20100
1054,2022-05-27 15:29:00+05:30,22.5,22.5,22.5,22.5,0,20100
1055,2022-05-30 11:45:00+05:30,13.05,13.05,13.05,13.05,0,19500
1056,2022-05-30 11:46:00+05:30,13.05,13.05,13.05,13.05,0,19500
1057,2022-05-30 11:47:00+05:30,13.05,13.05,13.05,13.05,0,19500
1058,2022-05-30 11:48:00+05:30,13.05,13.05,13.05,13.05,0,19500
1059,2022-05-30 11:49:00+05:30,13.05,13.05,13.05,13.05,0,19500
1060,2022-05-30 11:50:00+05:30,13.05,13.05,13.05,13.05,0,19500
1061,2022-05-30 11:51:00+05:30,13.05,13.05,13.05,13.05,0,19500
1062,2022-05-30 11:52:00+05:30,13.05,13.05,13.05,13.05,0,19500
1063,2022-05-30 11:53:00+05:30,13.05,13.05,13.05,13.05,0,19500
1064,2022-05-30 11:54:00+05:30,13.05,13.05,13.05,13.05,0,19500
1065,2022-05-30 11:55:00+05:30,13.05,13.05,13.05,13.05,0,19500
1066,2022-05-30 11:56:00+05:30,13.05,13.05,13.05,13.05,0,19500
1067,2022-05-30 11:57:00+05:30,13.05,13.05,13.05,13.05,0,19500
1068,2022-05-30 11:58:00+05:30,13.05,13.05,13.05,13.05,0,19500
1069,2022-05-30 11:59:00+05:30,13.05,13.05,13.05,13.05,0,19500
1070,2022-05-30 12:00:00+05:30,13.05,13.05,13.05,13.05,0,19500
1071,2022-05-30 12:01:00+05:30,13.05,13.05,13.05,13.05,0,19500
1072,2022-05-30 12:02:00+05:30,13.05,13.05,13.05,13.05,0,19500
1073,2022-05-30 12:03:00+05:30,13.05,13.05,13.05,13.05,0,19500
1074,2022-05-30 12:04:00+05:30,13.05,13.05,13.05,13.05,0,19500
1075,2022-05-30 12:05:00+05:30,13.05,13.05,13.05,13.05,0,19500
1076,2022-05-30 12:06:00+05:30,13.05,13.05,13.05,13.05,0,19500
1077,2022-05-30 12:07:00+05:30,13.05,13.05,13.05,13.05,0,19500
1078,2022-05-30 12:08:00+05:30,13.05,13.05,13.05,13.05,0,19500
1079,2022-05-30 12:09:00+05:30,13.05,13.05,13.05,13.05,0,19500
1080,2022-05-30 12:10:00+05:30,13.05,13.05,13.05,13.05,0,19500
1081,2022-05-30 12:11:00+05:30,13.05,13.05,13.05,13.05,0,19500
1082,2022-05-30 12:12:00+05:30,13.05,13.05,13.05,13.05,300,19200
1083,2022-05-30 12:13:00+05:30,13.05,13.05,13.05,13.05,0,19200
1084,2022-05-30 12:14:00+05:30,13.05,13.05,13.05,13.05,0,19200
1085,2022-05-30 12:15:00+05:30,13.05,13.05,13.05,13.05,0,19200
1086,2022-05-30 12:16:00+05:30,13.05,13.05,13.05,13.05,0,19200
1087,2022-05-30 12:17:00+05:30,13.05,13.05,13.05,13.05,0,19200
1088,2022-05-30 12:18:00+05:30,13.05,13.05,13.05,13.05,0,19200
1089,2022-05-30 12:19:00+05:30,13.05,13.05,13.05,13.05,0,19200
1090,2022-05-30 12:20:00+05:30,13.05,13.05,13.05,13.05,0,19200
1091,2022-05-30 12:21:00+05:30,13.05,13.05,13.05,13.05,0,19200
1092,2022-05-30 12:22:00+05:30,13.05,13.05,13.05,13.05,0,19200
1093,2022-05-30 12:23:00+05:30,13.05,13.05,13.05,13.05,0,19200
1094,2022-05-30 12:24:00+05:30,13.05,13.05,13.05,13.05,0,19200
1095,2022-05-30 12:25:00+05:30,13.05,13.05,13.05,13.05,0,19200
1096,2022-05-30 12:26:00+05:30,13.05,13.05,13.05,13.05,0,19200
1097,2022-05-30 12:27:00+05:30,13.05,13.05,13.05,13.05,0,19200
1098,2022-05-30 12:28:00+05:30,13.05,13.05,13.05,13.05,0,19200
1099,2022-05-30 12:29:00+05:30,13.05,13.05,13.05,13.05,0,19200
1100,2022-05-30 12:30:00+05:30,13.05,13.05,13.05,13.05,0,19200
1101,2022-05-30 12:31:00+05:30,13.05,13.05,13.05,13.05,0,19200
1102,2022-05-30 12:32:00+05:30,13.05,13.05,13.05,13.05,0,19200
1103,2022-05-30 12:33:00+05:30,13.05,13.05,13.05,13.05,0,19200
1104,2022-05-30 12:34:00+05:30,13.05,13.05,13.05,13.05,0,19200
1105,2022-05-30 12:35:00+05:30,13.05,13.05,13.05,13.05,0,19200
1106,2022-05-30 12:36:00+05:30,13.05,13.05,13.05,13.05,0,19200
1107,2022-05-30 12:37:00+05:30,13.05,13.05,13.05,13.05,0,19200
1108,2022-05-30 12:38:00+05:30,13.05,13.05,13.05,13.05,0,19200
1109,2022-05-30 12:39:00+05:30,13.05,13.05,13.05,13.05,0,19200
1110,2022-05-30 12:40:00+05:30,13.05,13.05,13.05,13.05,0,19200
1111,2022-05-30 12:41:00+05:30,13.05,13.05,13.05,13.05,0,19200
1112,2022-05-30 12:42:00+05:30,13.05,13.05,13.05,13.05,0,19200
1113,2022-05-30 12:43:00+05:30,13.05,13.05,13.05,13.05,0,19200
1114,2022-05-30 12:44:00+05:30,13.05,13.05,13.05,13.05,0,19200
1115,2022-05-30 12:45:00+05:30,13.05,13.05,13.05,13.05,0,19200
1116,2022-05-30 12:46:00+05:30,13.05,13.05,13.05,13.05,0,19200
1117,2022-05-30 12:47:00+05:30,13.05,13.05,13.05,13.05,0,19200
1118,2022-05-30 12:48:00+05:30,13.05,13.05,13.05,13.05,0,19200
1119,2022-05-30 12:49:00+05:30,13.05,13.05,13.05,13.05,0,19200
1120,2022-05-30 12:50:00+05:30,13.05,13.05,13.0,13.0,1800,19500
1121,2022-05-30 12:51:00+05:30,13.0,13.0,13.0,13.0,0,19500
1122,2022-05-30 12:52:00+05:30,13.0,13.0,13.0,13.0,0,19500
1123,2022-05-30 12:53:00+05:30,13.0,13.0,13.0,13.0,0,19500
1124,2022-05-30 12:54:00+05:30,13.0,13.0,13.0,13.0,0,19500
1125,2022-05-30 12:55:00+05:30,13.0,13.0,13.0,13.0,0,19500
1126,2022-05-30 12:56:00+05:30,13.0,13.0,13.0,13.0,0,19500
1127,2022-05-30 12:57:00+05:30,13.0,13.0,13.0,13.0,0,19500
1128,2022-05-30 12:58:00+05:30,13.0,13.0,13.0,13.0,0,19500
1129,2022-05-30 12:59:00+05:30,13.0,13.0,13.0,13.0,0,19500
1130,2022-05-30 13:00:00+05:30,13.0,13.0,13.0,13.0,0,19500
1131,2022-05-30 13:01:00+05:30,13.0,13.0,13.0,13.0,0,19500
1132,2022-05-30 13:02:00+05:30,13.0,13.0,13.0,13.0,0,19500
1133,2022-05-30 13:03:00+05:30,13.0,13.0,13.0,13.0,0,19500
1134,2022-05-30 13:04:00+05:30,13.0,13.0,13.0,13.0,0,19500
1135,2022-05-30 13:05:00+05:30,13.0,13.0,13.0,13.0,0,19500
1136,2022-05-30 13:06:00+05:30,13.0,13.0,13.0,13.0,0,19500
1137,2022-05-30 13:07:00+05:30,13.0,13.0,13.0,13.0,0,19500
1138,2022-05-30 13:08:00+05:30,13.0,13.0,13.0,13.0,0,19500
1139,2022-05-30 13:09:00+05:30,13.0,13.0,13.0,13.0,0,19500
1140,2022-05-30 13:10:00+05:30,13.0,13.0,13.0,13.0,0,19500
1141,2022-05-30 13:11:00+05:30,13.0,13.0,13.0,13.0,0,19500
1142,2022-05-30 13:12:00+05:30,13.0,13.0,13.0,13.0,0,19500
1143,2022-05-30 13:13:00+05:30,13.0,13.0,13.0,13.0,0,19500
1144,2022-05-30 13:14:00+05:30,13.0,13.0,13.0,13.0,0,19500
1145,2022-05-30 13:15:00+05:30,13.0,13.0,12.8,12.8,300,17700
1146,2022-05-30 13:16:00+05:30,12.8,12.8,12.8,12.8,0,17700
1147,2022-05-30 13:17:00+05:30,12.8,12.8,12.8,12.8,0,17700
1148,2022-05-30 13:18:00+05:30,12.8,12.8,12.8,12.8,0,17700
1149,2022-05-30 13:19:00+05:30,12.8,12.8,12.8,12.8,0,17700
1150,2022-05-30 13:20:00+05:30,12.8,12.8,12.8,12.8,0,17700
1151,2022-05-30 13:21:00+05:30,12.8,12.8,12.2,12.2,300,18000
1152,2022-05-30 13:22:00+05:30,12.2,12.2,12.2,12.2,0,18000
1153,2022-05-30 13:23:00+05:30,12.2,12.2,12.2,12.2,0,18000
1154,2022-05-30 13:24:00+05:30,12.2,12.2,12.2,12.2,0,18000
1155,2022-05-30 13:25:00+05:30,12.2,12.2,12.2,12.2,0,18000
1156,2022-05-30 13:26:00+05:30,12.2,12.2,12.2,12.2,0,18000
1157,2022-05-30 13:27:00+05:30,12.2,12.2,12.1,12.1,300,18000
1158,2022-05-30 13:28:00+05:30,12.1,12.1,12.1,12.1,0,18000
1159,2022-05-30 13:29:00+05:30,12.1,12.1,12.1,12.1,0,18000
1160,2022-05-30 13:30:00+05:30,12.1,12.1,12.1,12.1,0,18000
1161,2022-05-30 13:31:00+05:30,12.1,12.1,12.1,12.1,0,18000
1162,2022-05-30 13:32:00+05:30,12.1,12.1,12.1,12.1,0,18000
1163,2022-05-30 13:33:00+05:30,12.1,12.1,12.1,12.1,0,18000
1164,2022-05-30 13:34:00+05:30,12.1,12.1,12.1,12.1,0,18000
1165,2022-05-30 13:35:00+05:30,12.1,12.1,12.1,12.1,0,18000
1166,2022-05-30 13:36:00+05:30,12.1,12.1,12.1,12.1,0,18000
1167,2022-05-30 13:37:00+05:30,12.1,12.1,12.1,12.1,0,18000
1168,2022-05-30 13:38:00+05:30,12.1,12.1,12.1,12.1,0,18000
1169,2022-05-30 13:39:00+05:30,12.1,12.1,12.1,12.1,0,18000
1170,2022-05-30 13:40:00+05:30,12.1,12.1,12.1,12.1,0,18000
1171,2022-05-30 13:41:00+05:30,12.1,12.1,12.1,12.1,0,18000
1172,2022-05-30 13:42:00+05:30,12.1,12.1,12.1,12.1,0,18000
1173,2022-05-30 13:43:00+05:30,12.1,12.1,12.1,12.1,0,18000
1174,2022-05-30 13:44:00+05:30,12.1,12.1,12.1,12.1,0,18000
1175,2022-05-30 13:45:00+05:30,12.1,12.1,12.1,12.1,0,18000
1176,2022-05-30 13:46:00+05:30,12.1,12.1,12.1,12.1,0,18000
1177,2022-05-30 13:47:00+05:30,12.1,12.1,12.1,12.1,0,18000
1178,2022-05-30 13:48:00+05:30,12.1,12.1,12.1,12.1,0,18000
1179,2022-05-30 13:49:00+05:30,12.1,12.1,12.1,12.1,0,18000
1180,2022-05-30 13:50:00+05:30,12.1,12.1,12.1,12.1,0,18000
1181,2022-05-30 13:51:00+05:30,12.1,12.1,12.1,12.1,0,18000
1182,2022-05-30 13:52:00+05:30,12.1,12.1,12.1,12.1,0,18000
1183,2022-05-30 13:53:00+05:30,12.1,12.1,12.1,12.1,0,18000
1184,2022-05-30 13:54:00+05:30,12.1,12.1,12.1,12.1,0,18000
1185,2022-05-30 13:55:00+05:30,12.1,12.1,12.1,12.1,0,18000
1186,2022-05-30 13:56:00+05:30,12.1,12.1,12.1,12.1,0,18000
1187,2022-05-30 13:57:00+05:30,12.1,12.1,12.1,12.1,0,18000
1188,2022-05-30 13:58:00+05:30,12.1,12.1,12.1,12.1,0,18000
1189,2022-05-30 13:59:00+05:30,12.1,12.1,12.1,12.1,0,18000
1190,2022-05-30 14:00:00+05:30,12.1,12.1,12.1,12.1,0,18000
1191,2022-05-30 14:01:00+05:30,12.1,12.1,12.1,12.1,0,18000
1192,2022-05-30 14:02:00+05:30,12.1,12.1,12.1,12.1,0,18000
1193,2022-05-30 14:03:00+05:30,12.1,12.1,12.1,12.1,0,18000
1194,2022-05-30 14:04:00+05:30,12.1,12.1,12.1,12.1,0,18000
1195,2022-05-30 14:05:00+05:30,12.1,12.1,12.1,12.1,0,18000
1196,2022-05-30 14:06:00+05:30,12.1,12.1,12.1,12.1,0,18000
1197,2022-05-30 14:07:00+05:30,12.1,12.1,12.1,12.1,0,18000
1198,2022-05-30 14:08:00+05:30,12.1,12.1,12.1,12.1,0,18000
1199,2022-05-30 14:09:00+05:30,12.1,12.1,12.1,12.1,0,18000
1200,2022-05-30 14:10:00+05:30,12.1,12.1,12.1,12.1,0,18000
1201,2022-05-30 14:11:00+05:30,12.1,12.1,12.1,12.1,0,18000
1202,2022-05-30 14:12:00+05:30,12.1,12.1,12.1,12.1,0,18000
1203,2022-05-30 14:13:00+05:30,12.1,12.1,12.1,12.1,0,18000
1204,2022-05-30 14:14:00+05:30,12.1,12.1,12.1,12.1,0,18000
1205,2022-05-30 14:15:00+05:30,12.1,12.1,12.1,12.1,0,18000
1206,2022-05-30 14:16:00+05:30,12.1,12.1,12.1,12.1,0,18000
1207,2022-05-30 14:17:00+05:30,12.1,12.1,12.1,12.1,0,18000
1208,2022-05-30 14:18:00+05:30,12.1,12.1,12.1,12.1,0,18000
1209,2022-05-30 14:19:00+05:30,12.1,12.1,12.1,12.1,0,18000
1210,2022-05-30 14:20:00+05:30,12.1,12.1,12.1,12.1,0,18000
1211,2022-05-30 14:21:00+05:30,12.1,12.1,12.1,12.1,0,18000
1212,2022-05-30 14:22:00+05:30,12.1,12.1,12.1,12.1,0,18000
1213,2022-05-30 14:23:00+05:30,12.1,12.1,12.1,12.1,0,18000
1214,2022-05-30 14:24:00+05:30,12.1,12.1,12.1,12.1,0,18000
1215,2022-05-30 14:25:00+05:30,12.1,12.1,12.1,12.1,0,18000
1216,2022-05-30 14:26:00+05:30,12.1,12.1,12.1,12.1,0,18000
1217,2022-05-30 14:27:00+05:30,12.1,12.1,12.1,12.1,0,18000
1218,2022-05-30 14:28:00+05:30,12.1,12.1,12.1,12.1,0,18000
1219,2022-05-30 14:29:00+05:30,12.1,12.1,12.1,12.1,0,18000
1220,2022-05-30 14:30:00+05:30,12.1,12.1,12.1,12.1,0,18000
1221,2022-05-30 14:31:00+05:30,12.1,12.1,12.1,12.1,0,18000
1222,2022-05-30 14:32:00+05:30,12.1,12.1,12.1,12.1,0,18000
1223,2022-05-30 14:33:00+05:30,12.1,12.1,12.1,12.1,0,18000
1224,2022-05-30 14:34:00+05:30,12.1,12.1,12.1,12.1,0,18000
1225,2022-05-30 14:35:00+05:30,12.1,12.1,12.1,12.1,0,18000
1226,2022-05-30 14:36:00+05:30,12.1,12.1,12.1,12.1,0,18000
1227,2022-05-30 14:37:00+05:30,12.1,12.1,12.1,12.1,0,18000
1228,2022-05-30 14:38:00+05:30,12.1,12.1,12.1,12.1,0,18000
1229,2022-05-30 14:39:00+05:30,12.1,12.1,12.1,12.1,0,18000
1230,2022-05-30 14:40:00+05:30,12.1,12.1,12.1,12.1,0,18000
1231,2022-05-30 14:41:00+05:30,12.1,12.1,12.1,12.1,0,18000
1232,2022-05-30 14:42:00+05:30,12.1,12.1,12.1,12.1,0,18000
1233,2022-05-30 14:43:00+05:30,12.1,12.1,12.1,12.1,0,18000
1234,2022-05-30 14:44:00+05:30,12.1,12.1,12.1,12.1,0,18000
1235,2022-05-30 14:45:00+05:30,12.1,12.1,12.1,12.1,0,18000
1236,2022-05-30 14:46:00+05:30,12.1,12.1,12.1,12.1,0,18000
1237,2022-05-30 14:47:00+05:30,12.1,12.1,12.1,12.1,0,18000
1238,2022-05-30 14:48:00+05:30,12.1,12.1,12.1,12.1,0,18000
1239,2022-05-30 14:49:00+05:30,12.1,12.1,12.1,12.1,0,18000
1240,2022-05-30 14:50:00+05:30,12.1,12.1,12.1,12.1,0,18000
1241,2022-05-30 14:51:00+05:30,12.1,12.1,12.1,12.1,0,18000
1242,2022-05-30 14:52:00+05:30,12.1,12.1,12.1,12.1,0,18000
1243,2022-05-30 14:53:00+05:30,12.1,12.1,12.1,12.1,0,18000
1244,2022-05-30 14:54:00+05:30,12.1,12.1,12.1,12.1,0,18000
1245,2022-05-30 14:55:00+05:30,12.1,12.1,12.1,12.1,0,18000
1246,2022-05-30 14:56:00+05:30,12.1,12.1,12.1,12.1,0,18000
1247,2022-05-30 14:57:00+05:30,12.1,12.1,12.1,12.1,0,18000
1248,2022-05-30 14:58:00+05:30,12.1,12.1,12.1,12.1,0,18000
1249,2022-05-30 14:59:00+05:30,12.1,12.1,12.1,12.1,0,18000
1250,2022-05-30 15:00:00+05:30,12.1,12.1,12.1,12.1,0,18000
1251,2022-05-30 15:01:00+05:30,12.1,12.1,12.1,12.1,0,18000
1252,2022-05-30 15:02:00+05:30,12.1,12.1,12.1,12.1,0,18000
1253,2022-05-30 15:03:00+05:30,12.1,12.1,12.1,12.1,0,18000
1254,2022-05-30 15:04:00+05:30,12.1,12.1,12.1,12.1,0,18000
1255,2022-05-30 15:05:00+05:30,12.1,12.1,12.1,12.1,0,18000
1256,2022-05-30 15:06:00+05:30,12.1,12.1,12.1,12.1,0,18000
1257,2022-05-30 15:07:00+05:30,12.1,12.1,12.1,12.1,0,18000
1258,2022-05-30 15:08:00+05:30,12.1,12.1,12.1,12.1,0,18000
1259,2022-05-30 15:09:00+05:30,12.1,12.1,12.1,12.1,0,18000
1260,2022-05-30 15:10:00+05:30,12.1,12.1,12.1,12.1,0,18000
1261,2022-05-30 15:11:00+05:30,12.1,12.1,12.1,12.1,0,18000
1262,2022-05-30 15:12:00+05:30,12.1,12.1,12.1,12.1,0,18000
1263,2022-05-30 15:13:00+05:30,12.1,12.1,12.1,12.1,0,18000
1264,2022-05-30 15:14:00+05:30,12.1,12.1,12.1,12.1,0,18000
1265,2022-05-30 15:15:00+05:30,12.1,12.1,12.1,12.1,0,18000
1266,2022-05-30 15:16:00+05:30,12.1,12.1,12.1,12.1,0,18000
1267,2022-05-30 15:17:00+05:30,12.1,12.1,12.1,12.1,0,18000
1268,2022-05-30 15:18:00+05:30,12.1,12.1,12.1,12.1,0,18000
1269,2022-05-30 15:19:00+05:30,12.1,12.1,12.1,12.1,0,18000
1270,2022-05-30 15:20:00+05:30,12.1,12.1,12.1,12.1,0,18000
1271,2022-05-30 15:21:00+05:30,12.1,12.1,12.1,12.1,0,18000
1272,2022-05-30 15:22:00+05:30,12.1,12.1,12.1,12.1,0,18000
1273,2022-05-30 15:23:00+05:30,12.1,12.1,12.1,12.1,0,18000
1274,2022-05-30 15:24:00+05:30,12.1,12.1,12.1,12.1,0,18000
1275,2022-05-30 15:25:00+05:30,12.1,12.1,12.1,12.1,0,18000
1276,2022-05-30 15:26:00+05:30,12.1,12.1,12.1,12.1,0,18000
1277,2022-05-30 15:27:00+05:30,12.1,12.1,12.1,12.1,0,18000
1278,2022-05-30 15:28:00+05:30,12.1,12.1,12.1,12.1,0,18000
1279,2022-05-30 15:29:00+05:30,12.1,12.1,12.1,12.1,0,18000
1280,2022-05-31 09:50:00+05:30,12.2,12.2,12.2,12.2,0,18000
1281,2022-05-31 09:51:00+05:30,12.2,12.2,12.2,12.2,0,18000
1282,2022-05-31 09:52:00+05:30,12.2,12.2,12.2,12.2,0,18000
1283,2022-05-31 09:53:00+05:30,12.2,12.2,12.2,12.2,0,18000
1284,2022-05-31 09:54:00+05:30,12.2,12.2,12.2,12.2,0,18000
1285,2022-05-31 09:55:00+05:30,12.2,12.4,11.8,11.8,2100,17700
1286,2022-05-31 09:56:00+05:30,11.8,11.8,11.8,11.8,0,17700
1287,2022-05-31 09:57:00+05:30,11.8,11.8,11.8,11.8,0,17700
1288,2022-05-31 09:58:00+05:30,11.8,11.8,11.8,11.8,0,17700
1289,2022-05-31 09:59:00+05:30,11.8,11.8,11.8,11.8,0,17700
1290,2022-05-31 10:00:00+05:30,11.8,11.8,11.8,11.8,0,17700
1291,2022-05-31 10:01:00+05:30,11.8,11.8,11.8,11.8,0,17700
1292,2022-05-31 10:02:00+05:30,11.8,11.8,11.8,11.8,0,17700
1293,2022-05-31 10:03:00+05:30,11.8,11.8,11.8,11.8,0,17700
1294,2022-05-31 10:04:00+05:30,11.8,11.8,11.8,11.8,0,17700
1295,2022-05-31 10:05:00+05:30,11.8,11.8,11.8,11.8,0,17700
1296,2022-05-31 10:06:00+05:30,11.8,11.8,11.8,11.8,0,17700
1297,2022-05-31 10:07:00+05:30,11.8,11.8,11.8,11.8,0,17700
1298,2022-05-31 10:08:00+05:30,11.8,11.8,11.8,11.8,0,17700
1299,2022-05-31 10:09:00+05:30,11.8,11.8,11.8,11.8,0,17700
1300,2022-05-31 10:10:00+05:30,11.8,11.8,11.8,11.8,0,17700
1301,2022-05-31 10:11:00+05:30,11.8,11.8,11.8,11.8,0,17700
1302,2022-05-31 10:12:00+05:30,11.8,11.8,11.8,11.8,0,17700
1303,2022-05-31 10:13:00+05:30,11.8,11.8,11.8,11.8,0,17700
1304,2022-05-31 10:14:00+05:30,11.8,11.8,11.8,11.8,0,17700
1305,2022-05-31 10:15:00+05:30,11.8,11.8,11.8,11.8,0,17700
1306,2022-05-31 10:16:00+05:30,11.8,11.8,11.8,11.8,0,17700
1307,2022-05-31 10:17:00+05:30,11.8,11.8,11.8,11.8,0,17700
1308,2022-05-31 10:18:00+05:30,11.8,11.8,11.8,11.8,0,17700
1309,2022-05-31 10:19:00+05:30,11.8,11.8,11.8,11.8,0,17700
1310,2022-05-31 10:20:00+05:30,11.8,11.8,11.8,11.8,0,17700
1311,2022-05-31 10:21:00+05:30,11.8,11.8,11.8,11.8,0,17700
1312,2022-05-31 10:22:00+05:30,11.8,11.8,11.8,11.8,0,17700
1313,2022-05-31 10:23:00+05:30,11.8,11.8,11.8,11.8,0,17700
1314,2022-05-31 10:24:00+05:30,11.8,11.8,11.8,11.8,0,17700
1315,2022-05-31 10:25:00+05:30,11.8,11.8,11.8,11.8,0,17700
1316,2022-05-31 10:26:00+05:30,11.8,11.8,11.8,11.8,0,17700
1317,2022-05-31 10:27:00+05:30,11.8,11.8,11.8,11.8,0,17700
1318,2022-05-31 10:28:00+05:30,11.8,11.8,11.8,11.8,0,17700
1319,2022-05-31 10:29:00+05:30,11.8,11.8,11.8,11.8,0,17700
1320,2022-05-31 10:30:00+05:30,11.8,11.8,11.8,11.8,0,17700
1321,2022-05-31 10:31:00+05:30,11.8,11.8,11.8,11.8,0,17700
1322,2022-05-31 10:32:00+05:30,11.8,11.8,11.8,11.8,0,17700
1323,2022-05-31 10:33:00+05:30,11.8,11.8,11.8,11.8,0,17700
1324,2022-05-31 10:34:00+05:30,11.8,11.8,11.8,11.8,0,17700
1325,2022-05-31 10:35:00+05:30,11.1,11.1,11.1,11.1,3000,17700
1326,2022-05-31 10:36:00+05:30,11.1,11.1,11.1,11.1,0,17700
1327,2022-05-31 10:37:00+05:30,11.1,11.1,11.1,11.1,0,17700
1328,2022-05-31 10:38:00+05:30,11.1,11.1,11.1,11.1,0,17700
1329,2022-05-31 10:39:00+05:30,11.1,11.1,11.1,11.1,0,17700
1330,2022-05-31 10:40:00+05:30,11.1,11.1,11.1,11.1,0,17700
1331,2022-05-31 10:41:00+05:30,11.1,11.1,11.1,11.1,0,17700
1332,2022-05-31 10:42:00+05:30,11.1,11.1,11.1,11.1,0,17700
1333,2022-05-31 10:43:00+05:30,11.1,11.1,11.1,11.1,0,17700
1334,2022-05-31 10:44:00+05:30,11.1,11.1,11.1,11.1,0,17700
1335,2022-05-31 10:45:00+05:30,11.1,11.1,11.1,11.1,0,17700
1336,2022-05-31 10:46:00+05:30,11.1,11.1,11.1,11.1,0,17700
1337,2022-05-31 10:47:00+05:30,11.1,11.1,11.1,11.1,0,17700
1338,2022-05-31 10:48:00+05:30,11.1,11.1,11.1,11.1,0,17700
1339,2022-05-31 10:49:00+05:30,11.1,11.1,11.1,11.1,0,17700
1340,2022-05-31 10:50:00+05:30,11.1,11.1,11.1,11.1,0,17700
1341,2022-05-31 10:51:00+05:30,11.1,11.1,11.1,11.1,0,17700
1342,2022-05-31 10:52:00+05:30,11.1,11.1,11.1,11.1,0,17700
1343,2022-05-31 10:53:00+05:30,11.1,11.1,11.1,11.1,0,17700
1344,2022-05-31 10:54:00+05:30,11.1,11.1,11.1,11.1,0,17700
1345,2022-05-31 10:55:00+05:30,11.1,11.1,11.1,11.1,0,17700
1346,2022-05-31 10:56:00+05:30,11.1,11.1,11.1,11.1,0,17700
1347,2022-05-31 10:57:00+05:30,11.1,11.1,11.1,11.1,0,17700
1348,2022-05-31 10:58:00+05:30,11.1,11.1,11.1,11.1,0,17700
1349,2022-05-31 10:59:00+05:30,11.1,11.1,11.1,11.1,0,17700
1350,2022-05-31 11:00:00+05:30,11.1,11.1,11.1,11.1,0,17700
1351,2022-05-31 11:01:00+05:30,11.1,11.1,11.1,11.1,0,17700
1352,2022-05-31 11:02:00+05:30,11.1,11.1,11.1,11.1,0,17700
1353,2022-05-31 11:03:00+05:30,11.1,11.1,11.1,11.1,0,17700
1354,2022-05-31 11:04:00+05:30,11.1,11.1,11.1,11.1,0,17700
1355,2022-05-31 11:05:00+05:30,11.1,11.1,11.1,11.1,0,17700
1356,2022-05-31 11:06:00+05:30,11.1,11.1,11.1,11.1,0,17700
1357,2022-05-31 11:07:00+05:30,11.1,11.1,11.1,11.1,0,17700
1358,2022-05-31 11:08:00+05:30,11.1,11.1,11.1,11.1,0,17700
1359,2022-05-31 11:09:00+05:30,11.1,11.1,11.1,11.1,0,17700
1360,2022-05-31 11:10:00+05:30,11.1,11.1,11.1,11.1,0,17700
1361,2022-05-31 11:11:00+05:30,11.1,11.1,11.1,11.1,0,17700
1362,2022-05-31 11:12:00+05:30,11.1,11.1,11.1,11.1,0,17700
1363,2022-05-31 11:13:00+05:30,11.1,11.1,11.1,11.1,0,17700
1364,2022-05-31 11:14:00+05:30,11.1,11.1,11.1,11.1,0,17700
1365,2022-05-31 11:15:00+05:30,11.1,11.1,11.1,11.1,0,17700
1366,2022-05-31 11:16:00+05:30,11.1,11.1,11.1,11.1,0,17700
1367,2022-05-31 11:17:00+05:30,11.1,11.1,11.1,11.1,0,17700
1368,2022-05-31 11:18:00+05:30,11.1,11.1,11.1,11.1,0,17700
1369,2022-05-31 11:19:00+05:30,11.1,11.1,11.1,11.1,0,17700
1370,2022-05-31 11:20:00+05:30,11.1,11.1,11.1,11.1,0,17700
1371,2022-05-31 11:21:00+05:30,11.1,11.1,11.1,11.1,0,17700
1372,2022-05-31 11:22:00+05:30,11.1,11.1,11.1,11.1,0,17700
1373,2022-05-31 11:23:00+05:30,11.1,11.1,11.1,11.1,0,17700
1374,2022-05-31 11:24:00+05:30,11.1,11.1,11.1,11.1,0,17700
1375,2022-05-31 11:25:00+05:30,11.1,11.1,11.1,11.1,0,17700
1376,2022-05-31 11:26:00+05:30,11.1,11.1,11.1,11.1,0,17700
1377,2022-05-31 11:27:00+05:30,11.1,11.1,11.1,11.1,0,17700
1378,2022-05-31 11:28:00+05:30,11.1,11.1,11.1,11.1,0,17700
1379,2022-05-31 11:29:00+05:30,11.1,11.1,11.1,11.1,0,17700
1380,2022-05-31 11:30:00+05:30,11.1,11.1,11.1,11.1,0,17700
1381,2022-05-31 11:31:00+05:30,11.1,11.1,11.1,11.1,0,17700
1382,2022-05-31 11:32:00+05:30,11.1,11.1,11.1,11.1,0,17700
1383,2022-05-31 11:33:00+05:30,11.1,11.3,11.1,11.3,300,19500
1384,2022-05-31 11:34:00+05:30,11.3,11.3,11.3,11.3,0,19500
1385,2022-05-31 11:35:00+05:30,11.3,11.3,11.3,11.3,0,19500
1386,2022-05-31 11:36:00+05:30,11.3,11.3,11.3,11.3,0,19500
1387,2022-05-31 11:37:00+05:30,11.3,11.3,11.3,11.3,0,19500
1388,2022-05-31 11:38:00+05:30,11.3,11.3,11.3,11.3,0,19500
1389,2022-05-31 11:39:00+05:30,11.3,11.3,11.3,11.3,0,19500
1390,2022-05-31 11:40:00+05:30,11.3,11.3,11.3,11.3,0,19500
1391,2022-05-31 11:41:00+05:30,11.3,11.5,11.25,11.5,600,19800
1392,2022-05-31 11:42:00+05:30,11.5,11.5,11.5,11.5,0,19800
1393,2022-05-31 11:43:00+05:30,11.5,11.5,11.5,11.5,0,19800
1394,2022-05-31 11:44:00+05:30,11.5,11.5,11.5,11.5,0,19800
1395,2022-05-31 11:45:00+05:30,11.5,11.5,11.5,11.5,0,19800
1396,2022-05-31 11:46:00+05:30,11.5,11.5,11.5,11.5,0,19800
1397,2022-05-31 11:47:00+05:30,11.5,11.5,11.5,11.5,0,19800
1398,2022-05-31 11:48:00+05:30,11.5,11.5,11.5,11.5,0,19800
1399,2022-05-31 11:49:00+05:30,11.5,11.5,11.5,11.5,0,19800
1400,2022-05-31 11:50:00+05:30,11.5,11.5,11.5,11.5,0,19800
1401,2022-05-31 11:51:00+05:30,11.5,11.5,11.5,11.5,0,19800
1402,2022-05-31 11:52:00+05:30,11.5,11.5,11.5,11.5,0,19800
1403,2022-05-31 11:53:00+05:30,11.5,11.5,11.5,11.5,0,19800
1404,2022-05-31 11:54:00+05:30,11.5,11.5,11.5,11.5,0,19800
1405,2022-05-31 11:55:00+05:30,11.5,11.5,11.5,11.5,0,19800
1406,2022-05-31 11:56:00+05:30,11.5,11.5,11.5,11.5,0,19800
1407,2022-05-31 11:57:00+05:30,11.5,11.5,11.5,11.5,0,19800
1408,2022-05-31 11:58:00+05:30,11.5,11.5,11.5,11.5,0,19800
1409,2022-05-31 11:59:00+05:30,11.5,11.5,11.5,11.5,0,19800
1410,2022-05-31 12:00:00+05:30,11.5,11.5,11.5,11.5,0,19800
1411,2022-05-31 12:01:00+05:30,11.5,11.5,11.5,11.5,0,19800
1412,2022-05-31 12:02:00+05:30,11.5,11.5,11.5,11.5,0,19800
1413,2022-05-31 12:03:00+05:30,11.5,11.5,11.5,11.5,0,19800
1414,2022-05-31 12:04:00+05:30,11.5,11.5,11.5,11.5,0,19800
1415,2022-05-31 12:05:00+05:30,11.5,11.5,11.5,11.5,0,19800
1416,2022-05-31 12:06:00+05:30,11.5,11.5,11.5,11.5,0,19800
1417,2022-05-31 12:07:00+05:30,11.5,11.5,11.5,11.5,0,19800
1418,2022-05-31 12:08:00+05:30,11.5,11.5,11.5,11.5,0,19800
1419,2022-05-31 12:09:00+05:30,11.5,11.5,11.5,11.5,0,19800
1420,2022-05-31 12:10:00+05:30,11.5,11.5,11.5,11.5,0,19800
1421,2022-05-31 12:11:00+05:30,11.5,11.5,11.5,11.5,0,19800
1422,2022-05-31 12:12:00+05:30,11.5,11.5,11.5,11.5,0,19800
1423,2022-05-31 12:13:00+05:30,11.5,11.5,11.5,11.5,0,19800
1424,2022-05-31 12:14:00+05:30,11.5,11.5,11.5,11.5,0,19800
1425,2022-05-31 12:15:00+05:30,11.5,11.5,11.5,11.5,0,19800
1426,2022-05-31 12:16:00+05:30,11.5,11.5,11.5,11.5,0,19800
1427,2022-05-31 12:17:00+05:30,11.5,11.5,11.5,11.5,0,19800
1428,2022-05-31 12:18:00+05:30,11.5,11.5,11.5,11.5,0,19800
1429,2022-05-31 12:19:00+05:30,11.5,11.5,11.5,11.5,0,19800
1430,2022-05-31 12:20:00+05:30,11.5,11.5,11.5,11.5,0,19800
1431,2022-05-31 12:21:00+05:30,11.5,11.5,11.5,11.5,0,19800
1432,2022-05-31 12:22:00+05:30,11.5,11.5,11.5,11.5,0,19800
1433,2022-05-31 12:23:00+05:30,11.5,11.5,11.5,11.5,0,19800
1434,2022-05-31 12:24:00+05:30,11.5,11.5,11.5,11.5,0,19800
1435,2022-05-31 12:25:00+05:30,11.5,11.5,11.5,11.5,0,19800
1436,2022-05-31 12:26:00+05:30,11.5,11.5,11.5,11.5,0,19800
1437,2022-05-31 12:27:00+05:30,11.5,11.5,11.5,11.5,0,19800
1438,2022-05-31 12:28:00+05:30,11.5,11.5,11.5,11.5,0,19800
1439,2022-05-31 12:29:00+05:30,11.5,11.5,11.5,11.5,0,19800
1440,2022-05-31 12:30:00+05:30,11.5,11.5,11.5,11.5,0,19800
1441,2022-05-31 12:31:00+05:30,11.5,11.5,11.5,11.5,0,19800
1442,2022-05-31 12:32:00+05:30,11.5,11.5,11.5,11.5,0,19800
1443,2022-05-31 12:33:00+05:30,11.5,11.5,11.5,11.5,0,19800
1444,2022-05-31 12:34:00+05:30,11.5,11.5,11.5,11.5,0,19800
1445,2022-05-31 12:35:00+05:30,11.5,11.5,11.5,11.5,0,19800
1446,2022-05-31 12:36:00+05:30,11.5,11.5,11.5,11.5,0,19800
1447,2022-05-31 12:37:00+05:30,11.5,11.5,11.5,11.5,0,19800
1448,2022-05-31 12:38:00+05:30,11.5,11.5,11.5,11.5,0,19800
1449,2022-05-31 12:39:00+05:30,11.5,11.5,11.5,11.5,0,19800
1450,2022-05-31 12:40:00+05:30,11.5,11.5,11.5,11.5,0,19800
1451,2022-05-31 12:41:00+05:30,11.5,11.5,11.5,11.5,0,19800
1452,2022-05-31 12:42:00+05:30,11.5,11.5,11.5,11.5,0,19800
1453,2022-05-31 12:43:00+05:30,11.5,11.5,11.5,11.5,0,19800
1454,2022-05-31 12:44:00+05:30,11.5,11.5,11.5,11.5,0,19800
1455,2022-05-31 12:45:00+05:30,11.5,11.5,11.5,11.5,0,19800
1456,2022-05-31 12:46:00+05:30,11.5,11.5,11.5,11.5,0,19800
1457,2022-05-31 12:47:00+05:30,11.5,11.5,11.5,11.5,0,19800
1458,2022-05-31 12:48:00+05:30,11.5,11.5,11.5,11.5,0,19800
1459,2022-05-31 12:49:00+05:30,11.5,11.5,11.5,11.5,0,19800
1460,2022-05-31 12:50:00+05:30,11.5,11.5,11.5,11.5,0,19800
1461,2022-05-31 12:51:00+05:30,11.5,11.5,11.5,11.5,0,19800
1462,2022-05-31 12:52:00+05:30,11.5,11.5,11.5,11.5,0,19800
1463,2022-05-31 12:53:00+05:30,11.5,11.5,11.5,11.5,0,19800
1464,2022-05-31 12:54:00+05:30,11.5,11.5,11.5,11.5,0,19800
1465,2022-05-31 12:55:00+05:30,11.5,11.5,11.5,11.5,0,19800
1466,2022-05-31 12:56:00+05:30,11.5,11.5,11.5,11.5,0,19800
1467,2022-05-31 12:57:00+05:30,11.5,11.5,11.5,11.5,0,19800
1468,2022-05-31 12:58:00+05:30,11.5,11.5,11.5,11.5,0,19800
1469,2022-05-31 12:59:00+05:30,11.5,11.5,11.5,11.5,0,19800
1470,2022-05-31 13:00:00+05:30,11.5,11.5,11.5,11.5,0,19800
1471,2022-05-31 13:01:00+05:30,11.5,11.5,11.5,11.5,0,19800
1472,2022-05-31 13:02:00+05:30,11.5,11.5,11.5,11.5,0,19800
1473,2022-05-31 13:03:00+05:30,11.5,11.5,11.5,11.5,0,19800
1474,2022-05-31 13:04:00+05:30,11.5,11.5,11.5,11.5,0,19800
1475,2022-05-31 13:05:00+05:30,11.5,11.5,11.5,11.5,0,19800
1476,2022-05-31 13:06:00+05:30,11.5,11.5,11.5,11.5,0,19800
1477,2022-05-31 13:07:00+05:30,11.5,11.5,11.5,11.5,0,19800
1478,2022-05-31 13:08:00+05:30,11.5,11.5,11.5,11.5,0,19800
1479,2022-05-31 13:09:00+05:30,11.5,11.5,11.5,11.5,0,19800
1480,2022-05-31 13:10:00+05:30,11.5,11.5,11.5,11.5,0,19800
1481,2022-05-31 13:11:00+05:30,11.5,11.5,11.5,11.5,0,19800
1482,2022-05-31 13:12:00+05:30,11.5,11.5,11.5,11.5,0,19800
1483,2022-05-31 13:13:00+05:30,11.5,11.5,11.5,11.5,0,19800
1484,2022-05-31 13:14:00+05:30,11.5,11.5,11.5,11.5,0,19800
1485,2022-05-31 13:15:00+05:30,11.5,11.5,11.5,11.5,0,19800
1486,2022-05-31 13:16:00+05:30,11.5,11.5,11.5,11.5,0,19800
1487,2022-05-31 13:17:00+05:30,11.5,11.5,11.5,11.5,0,19800
1488,2022-05-31 13:18:00+05:30,11.5,11.5,11.5,11.5,0,19800
1489,2022-05-31 13:19:00+05:30,11.5,11.5,11.5,11.5,0,19800
1490,2022-05-31 13:20:00+05:30,11.5,11.5,11.5,11.5,0,19800
1491,2022-05-31 13:21:00+05:30,11.5,11.5,11.5,11.5,0,19800
1492,2022-05-31 13:22:00+05:30,11.5,11.5,11.5,11.5,0,19800
1493,2022-05-31 13:23:00+05:30,11.5,11.5,11.5,11.5,0,19800
1494,2022-05-31 13:24:00+05:30,11.5,11.5,11.5,11.5,0,19800
1495,2022-05-31 13:25:00+05:30,11.5,11.5,11.5,11.5,0,19800
1496,2022-05-31 13:26:00+05:30,11.5,11.5,11.5,11.5,0,19800
1497,2022-05-31 13:27:00+05:30,11.5,11.5,11.5,11.5,0,19800
1498,2022-05-31 13:28:00+05:30,11.5,11.5,11.5,11.5,0,19800
1499,2022-05-31 13:29:00+05:30,11.5,11.5,11.5,11.5,0,19800
1500,2022-05-31 13:30:00+05:30,11.5,11.5,11.5,11.5,0,19800
1501,2022-05-31 13:31:00+05:30,11.5,11.5,11.5,11.5,0,19800
1502,2022-05-31 13:32:00+05:30,11.5,11.5,11.5,11.5,0,19800
1503,2022-05-31 13:33:00+05:30,11.5,11.5,11.5,11.5,0,19800
1504,2022-05-31 13:34:00+05:30,11.5,11.5,11.5,11.5,0,19800
1505,2022-05-31 13:35:00+05:30,11.5,11.5,11.5,11.5,0,19800
1506,2022-05-31 13:36:00+05:30,11.5,11.5,11.5,11.5,0,19800
1507,2022-05-31 13:37:00+05:30,11.5,11.5,11.5,11.5,0,19800
1508,2022-05-31 13:38:00+05:30,11.5,11.5,11.5,11.5,0,19800
1509,2022-05-31 13:39:00+05:30,11.5,11.5,11.5,11.5,0,19800
1510,2022-05-31 13:40:00+05:30,11.5,11.5,11.5,11.5,0,19800
1511,2022-05-31 13:41:00+05:30,11.5,11.5,11.5,11.5,0,19800
1512,2022-05-31 13:42:00+05:30,11.5,11.5,11.5,11.5,0,19800
1513,2022-05-31 13:43:00+05:30,11.5,11.5,11.5,11.5,0,19800
1514,2022-05-31 13:44:00+05:30,11.5,11.5,11.5,11.5,0,19800
1515,2022-05-31 13:45:00+05:30,11.5,11.5,11.5,11.5,0,19800
1516,2022-05-31 13:46:00+05:30,11.5,11.5,11.5,11.5,0,19800
1517,2022-05-31 13:47:00+05:30,11.5,11.9,11.5,11.9,300,20100
1518,2022-05-31 13:48:00+05:30,11.9,11.9,11.9,11.9,0,20100
1519,2022-05-31 13:49:00+05:30,11.9,11.9,11.9,11.9,0,20100
1520,2022-05-31 13:50:00+05:30,11.9,11.9,11.9,11.9,0,20100
1521,2022-05-31 13:51:00+05:30,11.9,11.9,11.9,11.9,0,20100
1522,2022-05-31 13:52:00+05:30,11.9,11.9,11.9,11.9,0,20100
1523,2022-05-31 13:53:00+05:30,11.9,11.9,11.9,11.9,0,20100
1524,2022-05-31 13:54:00+05:30,11.9,11.9,11.9,11.9,0,20100
1525,2022-05-31 13:55:00+05:30,11.9,11.9,11.9,11.9,0,20100
1526,2022-05-31 13:56:00+05:30,11.9,11.9,11.9,11.9,0,20100
1527,2022-05-31 13:57:00+05:30,11.9,11.9,11.9,11.9,0,20100
1528,2022-05-31 13:58:00+05:30,11.9,11.9,11.9,11.9,0,20100
1529,2022-05-31 13:59:00+05:30,11.9,11.9,11.9,11.9,0,20100
1530,2022-05-31 14:00:00+05:30,11.9,11.9,11.9,11.9,0,20100
1531,2022-05-31 14:01:00+05:30,11.9,11.9,11.9,11.9,0,20100
1532,2022-05-31 14:02:00+05:30,11.9,11.9,11.9,11.9,0,20100
1533,2022-05-31 14:03:00+05:30,11.9,11.9,11.9,11.9,0,20100
1534,2022-05-31 14:04:00+05:30,11.9,11.9,11.9,11.9,0,20100
1535,2022-05-31 14:05:00+05:30,11.9,11.9,11.9,11.9,0,20100
1536,2022-05-31 14:06:00+05:30,11.9,11.9,11.9,11.9,0,20100
1537,2022-05-31 14:07:00+05:30,11.9,11.9,11.9,11.9,0,20100
1538,2022-05-31 14:08:00+05:30,11.9,11.9,11.9,11.9,0,20100
1539,2022-05-31 14:09:00+05:30,11.9,11.9,11.9,11.9,0,20100
1540,2022-05-31 14:10:00+05:30,11.9,11.9,11.9,11.9,0,20100
1541,2022-05-31 14:11:00+05:30,11.9,11.9,11.9,11.9,0,20100
1542,2022-05-31 14:12:00+05:30,11.9,11.9,11.9,11.9,0,20100
1543,2022-05-31 14:13:00+05:30,11.9,11.9,11.9,11.9,0,20100
1544,2022-05-31 14:14:00+05:30,12.85,12.85,12.85,12.85,900,19800
1545,2022-05-31 14:15:00+05:30,12.85,12.85,12.85,12.85,0,19800
1546,2022-05-31 14:16:00+05:30,12.85,12.85,12.85,12.85,0,19800
1547,2022-05-31 14:17:00+05:30,12.85,12.85,12.85,12.85,0,19800
1548,2022-05-31 14:18:00+05:30,12.85,12.85,12.85,12.85,0,19800
1549,2022-05-31 14:19:00+05:30,12.85,12.85,12.85,12.85,0,19800
1550,2022-05-31 14:20:00+05:30,12.85,12.85,12.85,12.85,0,19800
1551,2022-05-31 14:21:00+05:30,12.85,12.85,12.85,12.85,0,19800
1552,2022-05-31 14:22:00+05:30,12.85,12.85,12.85,12.85,0,19800
1553,2022-05-31 14:23:00+05:30,12.85,12.85,12.85,12.85,0,19800
1554,2022-05-31 14:24:00+05:30,12.85,12.85,12.85,12.85,0,19800
1555,2022-05-31 14:25:00+05:30,12.85,12.85,12.85,12.85,0,19800
1556,2022-05-31 14:26:00+05:30,12.85,12.85,12.85,12.85,0,19800
1557,2022-05-31 14:27:00+05:30,12.85,12.85,12.85,12.85,0,19800
1558,2022-05-31 14:28:00+05:30,12.85,12.85,12.85,12.85,0,19800
1559,2022-05-31 14:29:00+05:30,12.85,12.85,12.85,12.85,0,19800
1560,2022-05-31 14:30:00+05:30,12.85,12.85,12.85,12.85,0,19800
1561,2022-05-31 14:31:00+05:30,12.85,12.85,12.85,12.85,0,19800
1562,2022-05-31 14:32:00+05:30,12.85,12.85,12.85,12.85,0,19800
1563,2022-05-31 14:33:00+05:30,12.85,12.85,12.85,12.85,0,19800
1564,2022-05-31 14:34:00+05:30,12.85,12.85,12.85,12.85,0,19800
1565,2022-05-31 14:35:00+05:30,12.85,12.85,12.85,12.85,0,19800
1566,2022-05-31 14:36:00+05:30,12.85,12.85,12.85,12.85,0,19800
1567,2022-05-31 14:37:00+05:30,12.85,12.85,12.85,12.85,0,19800
1568,2022-05-31 14:38:00+05:30,12.85,12.85,12.85,12.85,0,19800
1569,2022-05-31 14:39:00+05:30,12.85,12.85,12.85,12.85,0,19800
1570,2022-05-31 14:40:00+05:30,12.85,12.85,12.85,12.85,0,19800
1571,2022-05-31 14:41:00+05:30,12.85,12.85,12.85,12.85,0,19800
1572,2022-05-31 14:42:00+05:30,12.85,12.85,12.85,12.85,0,19800
1573,2022-05-31 14:43:00+05:30,12.85,12.85,12.85,12.85,0,19800
1574,2022-05-31 14:44:00+05:30,12.85,12.85,12.85,12.85,0,19800
1575,2022-05-31 14:45:00+05:30,12.85,12.85,12.85,12.85,0,19800
1576,2022-05-31 14:46:00+05:30,12.85,12.85,12.85,12.85,0,19800
1577,2022-05-31 14:47:00+05:30,12.85,12.85,12.85,12.85,0,19800
1578,2022-05-31 14:48:00+05:30,12.85,12.85,12.85,12.85,0,19800
1579,2022-05-31 14:49:00+05:30,12.85,12.85,12.85,12.85,0,19800
1580,2022-05-31 14:50:00+05:30,12.85,12.85,12.85,12.85,0,19800
1581,2022-05-31 14:51:00+05:30,12.85,12.85,12.85,12.85,0,19800
1582,2022-05-31 14:52:00+05:30,12.85,12.85,12.85,12.85,0,19800
1583,2022-05-31 14:53:00+05:30,12.85,13.35,12.85,13.35,300,20400
1584,2022-05-31 14:54:00+05:30,13.35,13.35,13.35,13.35,0,20400
1585,2022-05-31 14:55:00+05:30,13.35,13.35,13.35,13.35,0,20400
1586,2022-05-31 14:56:00+05:30,13.35,13.35,13.35,13.35,0,20400
1587,2022-05-31 14:57:00+05:30,13.35,13.35,13.35,13.35,0,20400
1588,2022-05-31 14:58:00+05:30,13.35,13.35,13.35,13.35,0,20400
1589,2022-05-31 14:59:00+05:30,13.35,13.35,13.35,13.35,0,20400
1590,2022-05-31 15:00:00+05:30,13.35,13.35,13.35,13.35,0,20400
1591,2022-05-31 15:01:00+05:30,13.35,13.35,13.35,13.35,0,20400
1592,2022-05-31 15:02:00+05:30,13.35,13.35,13.35,13.35,0,20400
1593,2022-05-31 15:03:00+05:30,13.35,13.35,13.35,13.35,0,20400
1594,2022-05-31 15:04:00+05:30,13.35,13.35,13.35,13.35,0,20400
1595,2022-05-31 15:05:00+05:30,13.35,13.35,13.35,13.35,0,20400
1596,2022-05-31 15:06:00+05:30,13.35,13.35,13.35,13.35,0,20400
1597,2022-05-31 15:07:00+05:30,13.35,13.35,13.35,13.35,0,20400
1598,2022-05-31 15:08:00+05:30,13.35,13.35,13.35,13.35,0,20400
1599,2022-05-31 15:09:00+05:30,13.35,13.35,13.35,13.35,0,20400
1600,2022-05-31 15:10:00+05:30,13.35,13.35,13.35,13.35,0,20400
1601,2022-05-31 15:11:00+05:30,13.35,13.35,13.35,13.35,0,20400
1602,2022-05-31 15:12:00+05:30,13.35,13.35,13.35,13.35,0,20400
1603,2022-05-31 15:13:00+05:30,13.35,13.35,13.35,13.35,0,20400
1604,2022-05-31 15:14:00+05:30,13.35,13.35,13.35,13.35,0,20400
1605,2022-05-31 15:15:00+05:30,13.35,13.35,13.35,13.35,0,20400
1606,2022-05-31 15:16:00+05:30,13.35,13.35,13.35,13.35,0,20400
1607,2022-05-31 15:17:00+05:30,13.35,13.35,13.35,13.35,0,20400
1608,2022-05-31 15:18:00+05:30,13.35,13.35,13.35,13.35,0,20400
1609,2022-05-31 15:19:00+05:30,13.35,13.35,13.35,13.35,0,20400
1610,2022-05-31 15:20:00+05:30,13.35,13.35,13.35,13.35,0,20400
1611,2022-05-31 15:21:00+05:30,13.35,13.35,13.35,13.35,0,20400
1612,2022-05-31 15:22:00+05:30,13.35,13.35,13.35,13.35,0,20400
1613,2022-05-31 15:23:00+05:30,13.35,13.35,13.35,13.35,0,20400
1614,2022-05-31 15:24:00+05:30,13.35,13.35,13.35,13.35,0,20400
1615,2022-05-31 15:25:00+05:30,13.35,13.35,13.35,13.35,0,20400
1616,2022-05-31 15:26:00+05:30,13.35,13.35,13.35,13.35,0,20400
1617,2022-05-31 15:27:00+05:30,13.35,13.35,13.35,13.35,0,20400
1618,2022-05-31 15:28:00+05:30,13.35,13.35,13.35,13.35,0,20400
1619,2022-05-31 15:29:00+05:30,13.35,13.35,13.35,13.35,0,20400
1620,2022-06-01 09:32:00+05:30,14.5,14.5,14.5,14.5,0,20400
1621,2022-06-01 09:33:00+05:30,14.5,14.5,14.5,14.5,0,20400
1622,2022-06-01 09:34:00+05:30,14.5,14.5,14.5,14.5,0,20400
1623,2022-06-01 09:35:00+05:30,14.5,14.5,14.5,14.5,0,20400
1624,2022-06-01 09:36:00+05:30,14.5,14.5,14.5,14.5,0,20400
1625,2022-06-01 09:37:00+05:30,14.5,14.5,14.5,14.5,0,20400
1626,2022-06-01 09:38:00+05:30,14.5,14.5,14.5,14.5,0,20400
1627,2022-06-01 09:39:00+05:30,14.5,14.5,14.5,14.5,0,20400
1628,2022-06-01 09:40:00+05:30,14.5,14.5,14.5,14.5,0,20400
1629,2022-06-01 09:41:00+05:30,14.5,14.5,14.5,14.5,0,20400
1630,2022-06-01 09:42:00+05:30,14.5,14.5,14.5,14.5,0,20400
1631,2022-06-01 09:43:00+05:30,14.5,14.5,14.5,14.5,0,20400
1632,2022-06-01 09:44:00+05:30,14.5,14.5,14.5,14.5,0,20400
1633,2022-06-01 09:45:00+05:30,14.5,14.5,14.5,14.5,0,20400
1634,2022-06-01 09:46:00+05:30,14.5,14.5,14.5,14.5,0,20400
1635,2022-06-01 09:47:00+05:30,14.5,14.5,14.5,14.5,0,20400
1636,2022-06-01 09:48:00+05:30,14.5,14.5,14.5,14.5,0,20400
1637,2022-06-01 09:49:00+05:30,14.5,14.5,14.5,14.5,0,20400
1638,2022-06-01 09:50:00+05:30,14.5,14.7,14.5,14.7,300,20700
1639,2022-06-01 09:51:00+05:30,14.7,14.7,14.7,14.7,0,20700
1640,2022-06-01 09:52:00+05:30,14.7,14.7,14.7,14.7,0,20700
1641,2022-06-01 09:53:00+05:30,14.7,14.7,14.7,14.7,0,20700
1642,2022-06-01 09:54:00+05:30,14.7,14.7,14.7,14.7,0,20700
1643,2022-06-01 09:55:00+05:30,14.7,14.7,14.7,14.7,0,20700
1644,2022-06-01 09:56:00+05:30,14.7,14.7,14.7,14.7,0,20700
1645,2022-06-01 09:57:00+05:30,14.7,14.7,14.7,14.7,0,20700
1646,2022-06-01 09:58:00+05:30,14.7,14.7,14.7,14.7,0,20700
1647,2022-06-01 09:59:00+05:30,14.7,14.7,14.7,14.7,0,20700
1648,2022-06-01 10:00:00+05:30,14.7,14.7,14.7,14.7,0,20700
1649,2022-06-01 10:01:00+05:30,14.7,14.7,14.7,14.7,0,20700
1650,2022-06-01 10:02:00+05:30,14.7,14.7,14.7,14.7,0,20700
1651,2022-06-01 10:03:00+05:30,14.7,14.7,14.7,14.7,0,20700
1652,2022-06-01 10:04:00+05:30,14.7,14.7,14.7,14.7,0,20700
1653,2022-06-01 10:05:00+05:30,14.7,14.7,14.7,14.7,0,20700
1654,2022-06-01 10:06:00+05:30,14.7,14.7,14.7,14.7,0,20700
1655,2022-06-01 10:07:00+05:30,14.7,14.7,14.7,14.7,0,20700
1656,2022-06-01 10:08:00+05:30,14.7,14.7,14.7,14.7,0,20700
1657,2022-06-01 10:09:00+05:30,14.7,14.7,14.7,14.7,0,20700
1658,2022-06-01 10:10:00+05:30,14.7,14.7,14.7,14.7,0,20700
1659,2022-06-01 10:11:00+05:30,14.7,14.7,14.7,14.7,0,20700
1660,2022-06-01 10:12:00+05:30,14.7,14.7,14.7,14.7,0,20700
1661,2022-06-01 10:13:00+05:30,14.7,14.7,14.7,14.7,0,20700
1662,2022-06-01 10:14:00+05:30,14.7,14.7,14.7,14.7,0,20700
1663,2022-06-01 10:15:00+05:30,14.7,14.7,14.7,14.7,0,20700
1664,2022-06-01 10:16:00+05:30,14.7,14.7,14.7,14.7,0,20700
1665,2022-06-01 10:17:00+05:30,14.7,14.7,14.7,14.7,0,20700
1666,2022-06-01 10:18:00+05:30,14.7,14.7,14.7,14.7,0,20700
1667,2022-06-01 10:19:00+05:30,14.7,14.7,14.7,14.7,0,20700
1668,2022-06-01 10:20:00+05:30,14.7,14.7,14.7,14.7,0,20700
1669,2022-06-01 10:21:00+05:30,14.7,14.7,14.7,14.7,0,20700
1670,2022-06-01 10:22:00+05:30,14.7,14.7,14.7,14.7,0,20700
1671,2022-06-01 10:23:00+05:30,14.7,14.7,14.7,14.7,0,20700
1672,2022-06-01 10:24:00+05:30,14.7,14.7,14.7,14.7,0,20700
1673,2022-06-01 10:25:00+05:30,14.7,14.7,14.7,14.7,0,20700
1674,2022-06-01 10:26:00+05:30,14.7,14.7,14.7,14.7,0,20700
1675,2022-06-01 10:27:00+05:30,14.7,14.7,14.7,14.7,0,20700
1676,2022-06-01 10:28:00+05:30,14.7,14.7,14.7,14.7,0,20700
1677,2022-06-01 10:29:00+05:30,14.7,14.7,14.7,14.7,0,20700
1678,2022-06-01 10:30:00+05:30,14.7,14.7,14.7,14.7,0,20700
1679,2022-06-01 10:31:00+05:30,14.7,14.7,14.7,14.7,0,20700
1680,2022-06-01 10:32:00+05:30,14.7,14.7,14.7,14.7,0,20700
1681,2022-06-01 10:33:00+05:30,14.7,14.7,14.7,14.7,0,20700
1682,2022-06-01 10:34:00+05:30,14.7,14.7,14.7,14.7,0,20700
1683,2022-06-01 10:35:00+05:30,14.7,14.7,14.7,14.7,0,20700
1684,2022-06-01 10:36:00+05:30,14.7,14.7,14.7,14.7,0,20700
1685,2022-06-01 10:37:00+05:30,14.7,14.7,14.7,14.7,0,20700
1686,2022-06-01 10:38:00+05:30,14.7,14.7,14.7,14.7,0,20700
1687,2022-06-01 10:39:00+05:30,14.7,14.7,14.7,14.7,0,20700
1688,2022-06-01 10:40:00+05:30,14.7,14.7,14.7,14.7,0,20700
1689,2022-06-01 10:41:00+05:30,14.7,14.7,14.7,14.7,0,20700
1690,2022-06-01 10:42:00+05:30,14.7,14.7,14.7,14.7,0,20700
1691,2022-06-01 10:43:00+05:30,14.7,14.7,14.7,14.7,0,20700
1692,2022-06-01 10:44:00+05:30,14.7,14.7,14.7,14.7,0,20700
1693,2022-06-01 10:45:00+05:30,14.7,14.7,14.7,14.7,0,20700
1694,2022-06-01 10:46:00+05:30,14.7,14.7,14.7,14.7,0,20700
1695,2022-06-01 10:47:00+05:30,14.7,14.7,14.7,14.7,0,20700
1696,2022-06-01 10:48:00+05:30,14.7,14.7,14.7,14.7,0,20700
1697,2022-06-01 10:49:00+05:30,14.7,14.7,14.7,14.7,0,20700
1698,2022-06-01 10:50:00+05:30,14.7,14.7,14.7,14.7,0,20700
1699,2022-06-01 10:51:00+05:30,14.7,14.7,14.7,14.7,0,20700
1700,2022-06-01 10:52:00+05:30,14.7,14.7,14.7,14.7,0,20700
1701,2022-06-01 10:53:00+05:30,14.7,14.7,14.7,14.7,0,20700
1702,2022-06-01 10:54:00+05:30,14.7,14.7,14.7,14.7,0,20700
1703,2022-06-01 10:55:00+05:30,14.7,14.7,14.7,14.7,0,20700
1704,2022-06-01 10:56:00+05:30,14.7,14.7,14.7,14.7,0,20700
1705,2022-06-01 10:57:00+05:30,14.7,14.7,14.7,14.7,0,20700
1706,2022-06-01 10:58:00+05:30,14.7,14.7,14.7,14.7,0,20700
1707,2022-06-01 10:59:00+05:30,14.7,14.7,14.7,14.7,0,20700
1708,2022-06-01 11:00:00+05:30,14.7,14.7,14.7,14.7,0,20700
1709,2022-06-01 11:01:00+05:30,14.7,14.7,14.7,14.7,0,20700
1710,2022-06-01 11:02:00+05:30,14.7,14.7,14.7,14.7,0,20700
1711,2022-06-01 11:03:00+05:30,14.7,14.7,14.7,14.7,0,20700
1712,2022-06-01 11:04:00+05:30,14.7,14.7,14.7,14.7,0,20700
1713,2022-06-01 11:05:00+05:30,14.7,14.7,14.7,14.7,0,20700
1714,2022-06-01 11:06:00+05:30,14.7,14.7,14.7,14.7,0,20700
1715,2022-06-01 11:07:00+05:30,14.7,14.7,14.7,14.7,0,20700
1716,2022-06-01 11:08:00+05:30,14.7,14.7,14.7,14.7,0,20700
1717,2022-06-01 11:09:00+05:30,14.7,14.7,14.7,14.7,0,20700
1718,2022-06-01 11:10:00+05:30,14.7,14.7,14.7,14.7,0,20700
1719,2022-06-01 11:11:00+05:30,14.7,14.7,14.7,14.7,0,20700
1720,2022-06-01 11:12:00+05:30,14.7,14.7,14.7,14.7,0,20700
1721,2022-06-01 11:13:00+05:30,14.7,14.7,14.7,14.7,0,20700
1722,2022-06-01 11:14:00+05:30,14.7,14.7,14.7,14.7,0,20700
1723,2022-06-01 11:15:00+05:30,14.7,14.7,14.7,14.7,0,20700
1724,2022-06-01 11:16:00+05:30,14.7,14.7,14.7,14.7,0,20700
1725,2022-06-01 11:17:00+05:30,14.7,14.7,14.7,14.7,0,20700
1726,2022-06-01 11:18:00+05:30,14.7,17.05,14.7,17.05,300,20700
1727,2022-06-01 11:19:00+05:30,17.05,17.05,17.05,17.05,0,20700
1728,2022-06-01 11:20:00+05:30,17.05,17.05,17.05,17.05,0,20700
1729,2022-06-01 11:21:00+05:30,17.05,17.05,17.05,17.05,0,20700
1730,2022-06-01 11:22:00+05:30,17.05,17.05,17.05,17.05,0,20700
1731,2022-06-01 11:23:00+05:30,17.05,17.05,17.05,17.05,0,20700
1732,2022-06-01 11:24:00+05:30,17.05,17.05,17.05,17.05,0,20700
1733,2022-06-01 11:25:00+05:30,17.05,17.05,17.05,17.05,0,20700
1734,2022-06-01 11:26:00+05:30,17.05,17.05,17.05,17.05,0,20700
1735,2022-06-01 11:27:00+05:30,17.05,17.05,17.05,17.05,0,20700
1736,2022-06-01 11:28:00+05:30,17.05,17.05,17.05,17.05,0,20700
1737,2022-06-01 11:29:00+05:30,17.05,17.05,17.05,17.05,0,20700
1738,2022-06-01 11:30:00+05:30,17.05,17.05,17.05,17.05,0,20700
1739,2022-06-01 11:31:00+05:30,17.05,17.05,17.05,17.05,0,20700
1740,2022-06-01 11:32:00+05:30,17.05,17.05,17.05,17.05,0,20700
1741,2022-06-01 11:33:00+05:30,17.05,17.05,17.05,17.05,0,20700
1742,2022-06-01 11:34:00+05:30,17.05,17.05,17.05,17.05,0,20700
1743,2022-06-01 11:35:00+05:30,17.05,17.05,17.05,17.05,0,20700
1744,2022-06-01 11:36:00+05:30,17.05,17.05,17.05,17.05,0,20700
1745,2022-06-01 11:37:00+05:30,17.05,17.05,17.05,17.05,0,20700
1746,2022-06-01 11:38:00+05:30,17.05,17.05,17.05,17.05,0,20700
1747,2022-06-01 11:39:00+05:30,17.05,17.05,17.05,17.05,0,20700
1748,2022-06-01 11:40:00+05:30,17.05,17.05,17.05,17.05,0,20700
1749,2022-06-01 11:41:00+05:30,17.05,17.05,17.05,17.05,0,20700
1750,2022-06-01 11:42:00+05:30,17.05,17.05,17.05,17.05,0,20700
1751,2022-06-01 11:43:00+05:30,17.05,17.05,17.05,17.05,0,20700
1752,2022-06-01 11:44:00+05:30,17.05,17.05,17.05,17.05,0,20700
1753,2022-06-01 11:45:00+05:30,17.05,17.05,17.05,17.05,0,20700
1754,2022-06-01 11:46:00+05:30,17.05,17.05,17.05,17.05,0,20700
1755,2022-06-01 11:47:00+05:30,17.05,17.05,17.05,17.05,0,20700
1756,2022-06-01 11:48:00+05:30,17.05,17.05,17.05,17.05,0,20700
1757,2022-06-01 11:49:00+05:30,17.05,17.05,17.05,17.05,0,20700
1758,2022-06-01 11:50:00+05:30,17.05,17.05,17.05,17.05,0,20700
1759,2022-06-01 11:51:00+05:30,17.05,17.05,17.05,17.05,0,20700
1760,2022-06-01 11:52:00+05:30,17.05,17.05,17.05,17.05,0,20700
1761,2022-06-01 11:53:00+05:30,17.05,17.05,17.05,17.05,0,20700
1762,2022-06-01 11:54:00+05:30,17.05,17.05,17.05,17.05,0,20700
1763,2022-06-01 11:55:00+05:30,17.05,17.05,17.05,17.05,0,20700
1764,2022-06-01 11:56:00+05:30,17.05,17.05,17.05,17.05,0,20700
1765,2022-06-01 11:57:00+05:30,17.05,17.05,17.05,17.05,0,20700
1766,2022-06-01 11:58:00+05:30,17.05,17.05,17.05,17.05,0,20700
1767,2022-06-01 11:59:00+05:30,17.05,17.05,17.05,17.05,0,20700
1768,2022-06-01 12:00:00+05:30,17.05,17.05,17.05,17.05,0,20700
1769,2022-06-01 12:01:00+05:30,17.05,17.05,17.05,17.05,0,20700
1770,2022-06-01 12:02:00+05:30,17.05,17.05,17.05,17.05,0,20700
1771,2022-06-01 12:03:00+05:30,17.05,17.05,14.85,14.85,300,21000
1772,2022-06-01 12:04:00+05:30,14.85,14.85,14.85,14.85,0,21000
1773,2022-06-01 12:05:00+05:30,14.85,14.85,14.85,14.85,0,21000
1774,2022-06-01 12:06:00+05:30,14.85,14.85,14.85,14.85,0,21000
1775,2022-06-01 12:07:00+05:30,14.85,14.85,14.85,14.85,0,21000
1776,2022-06-01 12:08:00+05:30,14.85,14.85,14.85,14.85,0,21000
1777,2022-06-01 12:09:00+05:30,14.85,14.85,14.85,14.85,0,21000
1778,2022-06-01 12:10:00+05:30,14.85,14.85,14.85,14.85,0,21000
1779,2022-06-01 12:11:00+05:30,14.85,14.85,14.85,14.85,0,21000
1780,2022-06-01 12:12:00+05:30,14.85,14.85,14.85,14.85,0,21000
1781,2022-06-01 12:13:00+05:30,14.85,14.85,14.85,14.85,0,21000
1782,2022-06-01 12:14:00+05:30,14.85,14.85,14.85,14.85,0,21000
1783,2022-06-01 12:15:00+05:30,14.85,14.85,14.85,14.85,0,21000
1784,2022-06-01 12:16:00+05:30,14.85,14.85,14.85,14.85,0,21000
1785,2022-06-01 12:17:00+05:30,14.85,14.85,14.85,14.85,0,21000
1786,2022-06-01 12:18:00+05:30,14.85,14.85,14.85,14.85,0,21000
1787,2022-06-01 12:19:00+05:30,14.85,14.85,14.85,14.85,0,21000
1788,2022-06-01 12:20:00+05:30,14.85,14.85,14.85,14.85,0,21000
1789,2022-06-01 12:21:00+05:30,14.85,14.85,14.85,14.85,0,21000
1790,2022-06-01 12:22:00+05:30,14.85,14.85,14.85,14.85,0,21000
1791,2022-06-01 12:23:00+05:30,14.85,14.85,14.85,14.85,0,21000
1792,2022-06-01 12:24:00+05:30,14.85,14.85,14.85,14.85,0,21000
1793,2022-06-01 12:25:00+05:30,14.85,14.85,14.85,14.85,0,21000
1794,2022-06-01 12:26:00+05:30,14.85,14.85,14.85,14.85,0,21000
1795,2022-06-01 12:27:00+05:30,14.85,14.85,14.85,14.85,0,21000
1796,2022-06-01 12:28:00+05:30,14.85,14.85,14.85,14.85,0,21000
1797,2022-06-01 12:29:00+05:30,14.85,14.85,14.85,14.85,0,21000
1798,2022-06-01 12:30:00+05:30,14.85,14.85,14.85,14.85,0,21000
1799,2022-06-01 12:31:00+05:30,14.85,15.55,14.85,15.55,300,20700
1800,2022-06-01 12:32:00+05:30,15.55,15.55,15.55,15.55,0,20700
1801,2022-06-01 12:33:00+05:30,15.55,15.55,15.55,15.55,0,20700
1802,2022-06-01 12:34:00+05:30,15.55,15.55,15.55,15.55,0,20700
1803,2022-06-01 12:35:00+05:30,15.55,15.55,15.55,15.55,0,20700
1804,2022-06-01 12:36:00+05:30,15.55,15.55,15.55,15.55,0,20700
1805,2022-06-01 12:37:00+05:30,15.55,15.55,15.55,15.55,0,20700
1806,2022-06-01 12:38:00+05:30,15.55,15.55,15.55,15.55,0,20700
1807,2022-06-01 12:39:00+05:30,15.55,15.55,15.55,15.55,0,20700
1808,2022-06-01 12:40:00+05:30,15.55,15.55,15.55,15.55,0,20700
1809,2022-06-01 12:41:00+05:30,15.55,15.55,15.55,15.55,0,20700
1810,2022-06-01 12:42:00+05:30,15.55,15.55,15.55,15.55,0,20700
1811,2022-06-01 12:43:00+05:30,15.55,15.55,15.55,15.55,0,20700
1812,2022-06-01 12:44:00+05:30,15.55,15.55,15.55,15.55,0,20700
1813,2022-06-01 12:45:00+05:30,15.55,15.55,15.55,15.55,0,20700
1814,2022-06-01 12:46:00+05:30,15.55,15.55,14.7,14.7,300,21000
1815,2022-06-01 12:47:00+05:30,14.7,15.55,14.7,15.55,600,21000
1816,2022-06-01 12:48:00+05:30,15.55,15.55,15.55,15.55,0,21000
1817,2022-06-01 12:49:00+05:30,15.55,15.55,15.55,15.55,0,21000
1818,2022-06-01 12:50:00+05:30,15.55,15.55,15.55,15.55,0,21000
1819,2022-06-01 12:51:00+05:30,15.55,15.55,15.55,15.55,0,21000
1820,2022-06-01 12:52:00+05:30,15.55,15.55,15.55,15.55,0,21000
1821,2022-06-01 12:53:00+05:30,15.55,15.55,15.55,15.55,0,21000
1822,2022-06-01 12:54:00+05:30,15.55,15.55,15.55,15.55,0,21000
1823,2022-06-01 12:55:00+05:30,15.55,15.55,15.55,15.55,0,21000
1824,2022-06-01 12:56:00+05:30,15.55,15.55,15.55,15.55,0,21000
1825,2022-06-01 12:57:00+05:30,15.55,15.55,15.55,15.55,0,21000
1826,2022-06-01 12:58:00+05:30,15.55,15.55,15.55,15.55,0,21000
1827,2022-06-01 12:59:00+05:30,15.55,15.55,15.55,15.55,0,21000
1828,2022-06-01 13:00:00+05:30,15.55,15.55,15.55,15.55,0,21000
1829,2022-06-01 13:01:00+05:30,15.55,15.55,15.55,15.55,0,21000
1830,2022-06-01 13:02:00+05:30,15.55,15.55,15.55,15.55,0,21000
1831,2022-06-01 13:03:00+05:30,15.55,15.55,15.55,15.55,0,21000
1832,2022-06-01 13:04:00+05:30,15.55,15.55,15.55,15.55,0,21000
1833,2022-06-01 13:05:00+05:30,15.55,15.55,15.55,15.55,0,21000
1834,2022-06-01 13:06:00+05:30,15.55,15.55,15.55,15.55,0,21000
1835,2022-06-01 13:07:00+05:30,15.55,15.55,15.55,15.55,0,21000
1836,2022-06-01 13:08:00+05:30,15.55,15.55,15.55,15.55,0,21000
1837,2022-06-01 13:09:00+05:30,15.55,15.55,15.55,15.55,0,21000
1838,2022-06-01 13:10:00+05:30,15.55,15.55,15.55,15.55,0,21000
1839,2022-06-01 13:11:00+05:30,15.55,15.55,15.55,15.55,0,21000
1840,2022-06-01 13:12:00+05:30,15.55,15.55,15.55,15.55,0,21000
1841,2022-06-01 13:13:00+05:30,15.55,15.55,15.55,15.55,0,21000
1842,2022-06-01 13:14:00+05:30,15.55,15.55,15.55,15.55,0,21000
1843,2022-06-01 13:15:00+05:30,15.55,15.55,15.55,15.55,0,21000
1844,2022-06-01 13:16:00+05:30,15.55,15.55,15.55,15.55,0,21000
1845,2022-06-01 13:17:00+05:30,15.55,15.55,15.55,15.55,0,21000
1846,2022-06-01 13:18:00+05:30,15.55,15.55,15.55,15.55,0,21000
1847,2022-06-01 13:19:00+05:30,15.55,15.55,15.55,15.55,0,21000
1848,2022-06-01 13:20:00+05:30,15.55,15.55,15.55,15.55,0,21000
1849,2022-06-01 13:21:00+05:30,15.55,15.55,15.55,15.55,0,21000
1850,2022-06-01 13:22:00+05:30,15.55,15.55,15.55,15.55,0,21000
1851,2022-06-01 13:23:00+05:30,15.55,15.55,15.55,15.55,0,21000
1852,2022-06-01 13:24:00+05:30,15.55,15.55,15.55,15.55,0,21000
1853,2022-06-01 13:25:00+05:30,15.55,15.55,15.55,15.55,0,21000
1854,2022-06-01 13:26:00+05:30,15.55,15.55,15.55,15.55,0,21000
1855,2022-06-01 13:27:00+05:30,15.55,15.55,15.55,15.55,0,21000
1856,2022-06-01 13:28:00+05:30,15.55,15.55,15.55,15.55,0,21000
1857,2022-06-01 13:29:00+05:30,15.55,15.55,15.55,15.55,0,21000
1858,2022-06-01 13:30:00+05:30,15.55,15.55,15.55,15.55,0,21000
1859,2022-06-01 13:31:00+05:30,15.55,15.55,15.55,15.55,0,21000
1860,2022-06-01 13:32:00+05:30,15.55,15.55,15.55,15.55,0,21000
1861,2022-06-01 13:33:00+05:30,15.55,15.55,15.55,15.55,0,21000
1862,2022-06-01 13:34:00+05:30,15.55,15.55,15.55,15.55,0,21000
1863,2022-06-01 13:35:00+05:30,15.55,15.55,15.55,15.55,0,21000
1864,2022-06-01 13:36:00+05:30,15.55,15.55,15.55,15.55,0,21000
1865,2022-06-01 13:37:00+05:30,15.55,15.55,15.55,15.55,0,21000
1866,2022-06-01 13:38:00+05:30,15.55,15.55,15.55,15.55,0,21000
1867,2022-06-01 13:39:00+05:30,15.55,15.55,15.55,15.55,0,21000
1868,2022-06-01 13:40:00+05:30,15.55,15.55,15.55,15.55,0,21000
1869,2022-06-01 13:41:00+05:30,15.55,15.55,15.55,15.55,0,21000
1870,2022-06-01 13:42:00+05:30,15.55,15.55,15.55,15.55,0,21000
1871,2022-06-01 13:43:00+05:30,15.55,15.55,15.55,15.55,0,21000
1872,2022-06-01 13:44:00+05:30,15.55,15.55,15.55,15.55,0,21000
1873,2022-06-01 13:45:00+05:30,15.55,15.55,15.55,15.55,0,21000
1874,2022-06-01 13:46:00+05:30,15.55,15.55,15.55,15.55,0,21000
1875,2022-06-01 13:47:00+05:30,15.55,15.55,15.55,15.55,0,21000
1876,2022-06-01 13:48:00+05:30,15.55,15.55,15.55,15.55,0,21000
1877,2022-06-01 13:49:00+05:30,15.55,15.55,15.55,15.55,0,21000
1878,2022-06-01 13:50:00+05:30,15.55,15.55,15.55,15.55,0,21000
1879,2022-06-01 13:51:00+05:30,15.55,15.55,15.55,15.55,0,21000
1880,2022-06-01 13:52:00+05:30,15.55,15.55,15.55,15.55,0,21000
1881,2022-06-01 13:53:00+05:30,15.55,15.55,15.55,15.55,0,21000
1882,2022-06-01 13:54:00+05:30,15.55,15.55,15.55,15.55,0,21000
1883,2022-06-01 13:55:00+05:30,15.55,15.55,15.55,15.55,0,21000
1884,2022-06-01 13:56:00+05:30,15.55,15.55,15.55,15.55,0,21000
1885,2022-06-01 13:57:00+05:30,15.55,15.55,15.55,15.55,0,21000
1886,2022-06-01 13:58:00+05:30,15.55,15.55,15.55,15.55,0,21000
1887,2022-06-01 13:59:00+05:30,15.55,15.55,15.55,15.55,0,21000
1888,2022-06-01 14:00:00+05:30,15.55,15.55,15.55,15.55,0,21000
1889,2022-06-01 14:01:00+05:30,15.55,15.55,15.55,15.55,0,21000
1890,2022-06-01 14:02:00+05:30,15.55,15.55,15.55,15.55,0,21000
1891,2022-06-01 14:03:00+05:30,15.55,15.55,15.55,15.55,0,21000
1892,2022-06-01 14:04:00+05:30,15.55,15.55,15.55,15.55,0,21000
1893,2022-06-01 14:05:00+05:30,15.55,15.55,15.55,15.55,0,21000
1894,2022-06-01 14:06:00+05:30,15.55,15.55,15.55,15.55,0,21000
1895,2022-06-01 14:07:00+05:30,15.55,15.55,15.55,15.55,0,21000
1896,2022-06-01 14:08:00+05:30,15.55,15.55,15.55,15.55,0,21000
1897,2022-06-01 14:09:00+05:30,15.55,15.55,15.55,15.55,0,21000
1898,2022-06-01 14:10:00+05:30,15.55,15.55,15.55,15.55,0,21000
1899,2022-06-01 14:11:00+05:30,15.55,15.55,15.55,15.55,0,21000
1900,2022-06-01 14:12:00+05:30,15.55,15.55,15.55,15.55,0,21000
1901,2022-06-01 14:13:00+05:30,15.55,15.55,15.55,15.55,0,21000
1902,2022-06-01 14:14:00+05:30,15.55,15.55,15.55,15.55,0,21000
1903,2022-06-01 14:15:00+05:30,15.55,15.55,15.55,15.55,0,21000
1904,2022-06-01 14:16:00+05:30,15.55,15.55,15.55,15.55,0,21000
1905,2022-06-01 14:17:00+05:30,15.55,15.55,15.55,15.55,0,21000
1906,2022-06-01 14:18:00+05:30,15.55,15.55,15.55,15.55,0,21000
1907,2022-06-01 14:19:00+05:30,15.55,15.55,15.55,15.55,0,21000
1908,2022-06-01 14:20:00+05:30,15.55,15.55,15.55,15.55,0,21000
1909,2022-06-01 14:21:00+05:30,15.55,15.55,15.55,15.55,0,21000
1910,2022-06-01 14:22:00+05:30,15.55,15.55,15.55,15.55,0,21000
1911,2022-06-01 14:23:00+05:30,15.55,15.55,14.0,14.0,300,21300
1912,2022-06-01 14:24:00+05:30,14.0,14.0,14.0,14.0,0,21300
1913,2022-06-01 14:25:00+05:30,14.0,14.0,14.0,14.0,0,21300
1914,2022-06-01 14:26:00+05:30,14.0,14.0,14.0,14.0,0,21300
1915,2022-06-01 14:27:00+05:30,14.0,14.0,14.0,14.0,0,21300
1916,2022-06-01 14:28:00+05:30,14.0,14.0,14.0,14.0,0,21300
1917,2022-06-01 14:29:00+05:30,14.0,14.0,14.0,14.0,0,21300
1918,2022-06-01 14:30:00+05:30,14.0,14.0,14.0,14.0,0,21300
1919,2022-06-01 14:31:00+05:30,14.0,14.0,14.0,14.0,0,21300
1920,2022-06-01 14:32:00+05:30,14.0,14.0,14.0,14.0,0,21300
1921,2022-06-01 14:33:00+05:30,14.0,14.0,14.0,14.0,0,21300
1922,2022-06-01 14:34:00+05:30,14.0,14.0,14.0,14.0,0,21300
1923,2022-06-01 14:35:00+05:30,14.0,14.0,14.0,14.0,0,21300
1924,2022-06-01 14:36:00+05:30,14.0,14.0,14.0,14.0,0,21300
1925,2022-06-01 14:37:00+05:30,14.0,14.0,14.0,14.0,0,21300
1926,2022-06-01 14:38:00+05:30,14.0,14.0,14.0,14.0,0,21300
1927,2022-06-01 14:39:00+05:30,14.0,14.0,14.0,14.0,0,21300
1928,2022-06-01 14:40:00+05:30,14.0,14.0,14.0,14.0,0,21300
1929,2022-06-01 14:41:00+05:30,14.0,14.0,14.0,14.0,0,21300
1930,2022-06-01 14:42:00+05:30,14.0,14.0,14.0,14.0,0,21300
1931,2022-06-01 14:43:00+05:30,14.0,14.0,14.0,14.0,0,21300
1932,2022-06-01 14:44:00+05:30,14.0,14.0,14.0,14.0,0,21300
1933,2022-06-01 14:45:00+05:30,14.0,14.0,14.0,14.0,0,21300
1934,2022-06-01 14:46:00+05:30,14.0,14.0,14.0,14.0,0,21300
1935,2022-06-01 14:47:00+05:30,14.0,14.0,14.0,14.0,0,21300
1936,2022-06-01 14:48:00+05:30,14.0,14.0,14.0,14.0,0,21300
1937,2022-06-01 14:49:00+05:30,14.0,14.0,14.0,14.0,0,21300
1938,2022-06-01 14:50:00+05:30,14.0,14.0,14.0,14.0,0,21300
1939,2022-06-01 14:51:00+05:30,14.0,14.0,14.0,14.0,0,21300
1940,2022-06-01 14:52:00+05:30,14.0,14.0,14.0,14.0,0,21300
1941,2022-06-01 14:53:00+05:30,14.0,14.0,14.0,14.0,0,21300
1942,2022-06-01 14:54:00+05:30,14.0,14.0,14.0,14.0,0,21300
1943,2022-06-01 14:55:00+05:30,14.0,14.0,14.0,14.0,0,21300
1944,2022-06-01 14:56:00+05:30,14.0,14.0,14.0,14.0,0,21300
1945,2022-06-01 14:57:00+05:30,14.0,14.0,14.0,14.0,0,21300
1946,2022-06-01 14:58:00+05:30,14.0,14.0,14.0,14.0,0,21300
1947,2022-06-01 14:59:00+05:30,14.0,14.0,14.0,14.0,0,21300
1948,2022-06-01 15:00:00+05:30,14.0,14.0,14.0,14.0,0,21300
1949,2022-06-01 15:01:00+05:30,14.0,14.0,14.0,14.0,0,21300
1950,2022-06-01 15:02:00+05:30,14.0,14.0,14.0,14.0,0,21300
1951,2022-06-01 15:03:00+05:30,14.0,14.0,14.0,14.0,0,21300
1952,2022-06-01 15:04:00+05:30,14.0,14.0,14.0,14.0,0,21300
1953,2022-06-01 15:05:00+05:30,14.0,14.0,14.0,14.0,0,21300
1954,2022-06-01 15:06:00+05:30,14.0,14.0,14.0,14.0,0,21300
1955,2022-06-01 15:07:00+05:30,14.0,14.0,14.0,14.0,0,21300
1956,2022-06-01 15:08:00+05:30,14.0,14.0,14.0,14.0,0,21300
1957,2022-06-01 15:09:00+05:30,14.0,14.0,14.0,14.0,0,21300
1958,2022-06-01 15:10:00+05:30,14.0,14.0,14.0,14.0,0,21300
1959,2022-06-01 15:11:00+05:30,14.0,14.0,14.0,14.0,0,21300
1960,2022-06-01 15:12:00+05:30,14.0,14.0,14.0,14.0,0,21300
1961,2022-06-01 15:13:00+05:30,14.0,14.0,14.0,14.0,0,21300
1962,2022-06-01 15:14:00+05:30,14.0,14.0,14.0,14.0,0,21300
1963,2022-06-01 15:15:00+05:30,14.0,14.0,14.0,14.0,0,21300
1964,2022-06-01 15:16:00+05:30,14.0,14.0,14.0,14.0,0,21300
1965,2022-06-01 15:17:00+05:30,14.0,14.0,14.0,14.0,0,21300
1966,2022-06-01 15:18:00+05:30,14.0,14.0,14.0,14.0,0,21300
1967,2022-06-01 15:19:00+05:30,14.0,14.0,14.0,14.0,0,21300
1968,2022-06-01 15:20:00+05:30,14.0,14.0,14.0,14.0,0,21300
1969,2022-06-01 15:21:00+05:30,14.0,14.0,14.0,14.0,0,21300
1970,2022-06-01 15:22:00+05:30,14.0,14.0,14.0,14.0,0,21300
1971,2022-06-01 15:23:00+05:30,14.0,14.0,14.0,14.0,0,21300
1972,2022-06-01 15:24:00+05:30,14.0,14.0,14.0,14.0,0,21300
1973,2022-06-01 15:25:00+05:30,14.0,14.0,14.0,14.0,0,21300
1974,2022-06-01 15:26:00+05:30,14.0,14.0,14.0,14.0,0,21300
1975,2022-06-01 15:27:00+05:30,14.0,14.0,14.0,14.0,0,21300
1976,2022-06-01 15:28:00+05:30,14.0,14.0,14.0,14.0,0,21300
1977,2022-06-01 15:29:00+05:30,14.0,14.0,14.0,14.0,0,21300
1978,2022-06-02 09:15:00+05:30,24.0,24.0,24.0,24.0,0,21600
1979,2022-06-02 09:16:00+05:30,24.0,24.0,24.0,24.0,0,21600
1980,2022-06-02 09:17:00+05:30,24.0,24.0,24.0,24.0,0,21600
1981,2022-06-02 09:18:00+05:30,24.0,24.0,24.0,24.0,0,21600
1982,2022-06-02 09:19:00+05:30,24.0,24.0,24.0,24.0,0,21600
1983,2022-06-02 09:20:00+05:30,24.0,24.0,24.0,24.0,0,21600
1984,2022-06-02 09:21:00+05:30,24.0,24.0,24.0,24.0,0,21600
1985,2022-06-02 09:22:00+05:30,24.0,24.0,24.0,24.0,0,21600
1986,2022-06-02 09:23:00+05:30,24.0,24.0,24.0,24.0,0,21600
1987,2022-06-02 09:24:00+05:30,24.0,24.0,24.0,24.0,0,21600
1988,2022-06-02 09:25:00+05:30,24.0,24.0,23.95,23.95,300,21600
1989,2022-06-02 09:26:00+05:30,23.95,23.95,23.95,23.95,0,21600
1990,2022-06-02 09:27:00+05:30,23.95,23.95,23.95,23.95,0,21600
1991,2022-06-02 09:28:00+05:30,23.95,23.95,23.95,23.95,0,21600
1992,2022-06-02 09:29:00+05:30,23.95,23.95,23.95,23.95,0,21600
1993,2022-06-02 09:30:00+05:30,23.95,23.95,23.95,23.95,0,21600
1994,2022-06-02 09:31:00+05:30,23.95,23.95,23.95,23.95,0,21600
1995,2022-06-02 09:32:00+05:30,23.95,23.95,23.95,23.95,0,21600
1996,2022-06-02 09:33:00+05:30,23.95,23.95,23.95,23.95,0,21600
1997,2022-06-02 09:34:00+05:30,23.95,24.35,23.95,24.35,300,21900
1998,2022-06-02 09:35:00+05:30,24.35,24.4,24.35,24.4,0,21600
1999,2022-06-02 09:36:00+05:30,24.4,24.4,24.4,24.4,300,21600
2000,2022-06-02 09:37:00+05:30,24.4,24.4,24.4,24.4,0,21600
2001,2022-06-02 09:38:00+05:30,24.4,24.4,24.4,24.4,0,21600
2002,2022-06-02 09:39:00+05:30,24.4,24.4,24.4,24.4,0,21600
2003,2022-06-02 09:40:00+05:30,24.4,24.4,24.4,24.4,0,21600
2004,2022-06-02 09:41:00+05:30,24.4,24.4,24.4,24.4,0,21600
2005,2022-06-02 09:42:00+05:30,24.4,24.4,24.4,24.4,0,21600
2006,2022-06-02 09:43:00+05:30,24.4,24.4,24.2,24.2,300,21900
2007,2022-06-02 09:44:00+05:30,24.2,24.2,24.2,24.2,0,21900
2008,2022-06-02 09:45:00+05:30,24.2,24.2,24.2,24.2,0,21900
2009,2022-06-02 09:46:00+05:30,24.2,24.6,24.2,24.6,3000,21900
2010,2022-06-02 09:47:00+05:30,24.6,24.6,24.6,24.6,0,21900
2011,2022-06-02 09:48:00+05:30,24.6,24.6,24.6,24.6,0,21900
2012,2022-06-02 09:49:00+05:30,24.6,24.6,24.6,24.6,0,21900
2013,2022-06-02 09:50:00+05:30,24.6,24.6,24.6,24.6,0,21900
2014,2022-06-02 09:51:00+05:30,24.6,24.6,24.6,24.6,0,21900
2015,2022-06-02 09:52:00+05:30,24.6,24.6,24.6,24.6,0,21900
2016,2022-06-02 09:53:00+05:30,24.6,24.6,24.6,24.6,0,21900
2017,2022-06-02 09:54:00+05:30,24.6,24.6,24.6,24.6,0,21900
2018,2022-06-02 09:55:00+05:30,24.6,24.6,24.6,24.6,0,21900
2019,2022-06-02 09:56:00+05:30,23.6,24.6,23.6,23.6,300,24900
2020,2022-06-02 09:57:00+05:30,23.6,23.6,23.6,23.6,0,24900
2021,2022-06-02 09:58:00+05:30,23.6,23.6,23.6,23.6,0,24900
2022,2022-06-02 09:59:00+05:30,23.6,23.6,23.6,23.6,0,24900
2023,2022-06-02 10:00:00+05:30,23.6,23.6,23.6,23.6,0,24900
2024,2022-06-02 10:01:00+05:30,23.6,23.6,23.6,23.6,0,24900
2025,2022-06-02 10:02:00+05:30,23.6,23.6,23.6,23.6,0,24900
2026,2022-06-02 10:03:00+05:30,23.6,23.6,23.6,23.6,0,24900
2027,2022-06-02 10:04:00+05:30,23.6,23.6,23.6,23.6,0,24900
2028,2022-06-02 10:05:00+05:30,23.6,25.8,23.6,25.45,300,24600
2029,2022-06-02 10:06:00+05:30,25.45,25.5,25.45,25.5,900,24600
2030,2022-06-02 10:07:00+05:30,25.5,25.5,25.1,25.1,300,24600
2031,2022-06-02 10:08:00+05:30,25.1,25.1,25.1,25.1,0,24600
2032,2022-06-02 10:09:00+05:30,25.1,25.1,25.1,25.1,0,24600
2033,2022-06-02 10:10:00+05:30,25.1,25.1,25.1,25.1,0,24600
2034,2022-06-02 10:11:00+05:30,25.4,25.4,25.4,25.4,600,24600
2035,2022-06-02 10:12:00+05:30,25.4,25.4,25.4,25.4,0,24600
2036,2022-06-02 10:13:00+05:30,25.4,25.4,25.4,25.4,0,24600
2037,2022-06-02 10:14:00+05:30,25.4,25.4,25.4,25.4,0,24600
2038,2022-06-02 10:15:00+05:30,25.4,25.4,25.4,25.4,0,24600
2039,2022-06-02 10:16:00+05:30,25.4,26.05,25.15,25.15,1800,24000
2040,2022-06-02 10:17:00+05:30,25.15,25.15,24.05,24.05,900,25200
2041,2022-06-02 10:18:00+05:30,24.05,24.05,23.4,23.4,600,25200
2042,2022-06-02 10:19:00+05:30,23.4,23.4,23.15,23.15,300,25200
2043,2022-06-02 10:20:00+05:30,23.15,23.15,23.15,23.15,0,25200
2044,2022-06-02 10:21:00+05:30,23.15,23.15,23.15,23.15,0,25200
2045,2022-06-02 10:22:00+05:30,23.15,23.15,23.15,23.15,0,25200
2046,2022-06-02 10:23:00+05:30,23.15,23.15,21.65,21.65,0,25200
2047,2022-06-02 10:24:00+05:30,21.65,21.65,21.65,21.65,300,25200
2048,2022-06-02 10:25:00+05:30,21.65,21.7,21.65,21.7,300,25200
2049,2022-06-02 10:26:00+05:30,21.7,21.7,21.7,21.7,0,25200
2050,2022-06-02 10:27:00+05:30,21.7,21.7,21.7,21.7,0,25200
2051,2022-06-02 10:28:00+05:30,21.7,21.7,21.7,21.7,0,25200
2052,2022-06-02 10:29:00+05:30,21.7,21.7,21.7,21.7,0,25200
2053,2022-06-02 10:30:00+05:30,21.7,21.7,21.7,21.7,0,25200
2054,2022-06-02 10:31:00+05:30,21.7,21.7,21.7,21.7,0,25200
2055,2022-06-02 10:32:00+05:30,21.7,21.7,21.7,21.7,0,25200
2056,2022-06-02 10:33:00+05:30,21.7,21.7,21.7,21.7,0,25200
2057,2022-06-02 10:34:00+05:30,21.7,21.7,21.7,21.7,0,25200
2058,2022-06-02 10:35:00+05:30,21.7,21.7,21.25,21.55,1200,24900
2059,2022-06-02 10:36:00+05:30,21.55,21.55,21.15,21.15,1500,25500
2060,2022-06-02 10:37:00+05:30,21.15,21.15,21.15,21.15,0,25500
2061,2022-06-02 10:38:00+05:30,21.15,21.15,21.15,21.15,0,25500
2062,2022-06-02 10:39:00+05:30,21.15,21.15,21.15,21.15,0,25500
2063,2022-06-02 10:40:00+05:30,21.15,21.15,20.9,20.9,300,26400
2064,2022-06-02 10:41:00+05:30,20.9,21.1,20.9,21.1,300,26400
2065,2022-06-02 10:42:00+05:30,21.1,21.1,21.1,21.1,0,26400
2066,2022-06-02 10:43:00+05:30,21.1,21.1,21.1,21.1,0,26400
2067,2022-06-02 10:44:00+05:30,21.1,22.65,21.1,22.65,900,27000
2068,2022-06-02 10:45:00+05:30,22.65,22.65,22.65,22.65,300,27000
2069,2022-06-02 10:46:00+05:30,22.65,23.3,22.65,23.3,600,27000
2070,2022-06-02 10:47:00+05:30,23.3,23.3,23.3,23.3,0,27000
2071,2022-06-02 10:48:00+05:30,23.3,23.3,23.3,23.3,0,27000
2072,2022-06-02 10:49:00+05:30,23.3,23.3,23.3,23.3,0,27000
2073,2022-06-02 10:50:00+05:30,23.3,23.3,23.3,23.3,0,27000
2074,2022-06-02 10:51:00+05:30,23.3,23.3,23.3,23.3,0,27000
2075,2022-06-02 10:52:00+05:30,23.3,23.3,23.3,23.3,0,27000
2076,2022-06-02 10:53:00+05:30,23.3,23.3,23.3,23.3,0,27000
2077,2022-06-02 10:54:00+05:30,23.3,23.3,23.3,23.3,0,27000
2078,2022-06-02 10:55:00+05:30,23.3,23.3,23.3,23.3,0,27000
2079,2022-06-02 10:56:00+05:30,23.3,23.3,23.3,23.3,0,27000
2080,2022-06-02 10:57:00+05:30,23.3,23.3,23.3,23.3,0,27000
2081,2022-06-02 10:58:00+05:30,23.3,23.3,23.3,23.3,0,27000
2082,2022-06-02 10:59:00+05:30,23.3,23.3,23.3,23.3,0,27000
2083,2022-06-02 11:00:00+05:30,23.3,23.3,22.25,22.25,0,26100
2084,2022-06-02 11:01:00+05:30,22.25,22.25,22.25,22.25,300,26100
2085,2022-06-02 11:02:00+05:30,22.25,22.25,22.25,22.25,0,26100
2086,2022-06-02 11:03:00+05:30,22.25,22.25,22.25,22.25,0,26100
2087,2022-06-02 11:04:00+05:30,21.25,21.25,21.25,21.25,600,26100
2088,2022-06-02 11:05:00+05:30,21.25,21.7,21.25,21.7,300,26100
2089,2022-06-02 11:06:00+05:30,21.7,21.75,21.7,21.75,300,26100
2090,2022-06-02 11:07:00+05:30,21.75,21.75,21.75,21.75,0,26100
2091,2022-06-02 11:08:00+05:30,21.75,21.75,21.75,21.75,0,26100
2092,2022-06-02 11:09:00+05:30,21.75,21.9,21.75,21.9,300,25800
2093,2022-06-02 11:10:00+05:30,21.9,21.9,21.9,21.9,0,25800
2094,2022-06-02 11:11:00+05:30,21.9,21.9,21.9,21.9,0,25800
2095,2022-06-02 11:12:00+05:30,21.9,21.9,21.9,21.9,0,25800
2096,2022-06-02 11:13:00+05:30,21.9,21.9,21.9,21.9,0,25800
2097,2022-06-02 11:14:00+05:30,21.9,21.9,21.9,21.9,0,25800
2098,2022-06-02 11:15:00+05:30,21.9,21.9,21.9,21.9,0,25800
2099,2022-06-02 11:16:00+05:30,21.9,21.9,21.9,21.9,0,25800
2100,2022-06-02 11:17:00+05:30,21.9,21.9,21.9,21.9,0,25800
2101,2022-06-02 11:18:00+05:30,21.9,21.9,21.9,21.9,0,25800
2102,2022-06-02 11:19:00+05:30,21.9,21.9,21.4,21.4,300,26100
2103,2022-06-02 11:20:00+05:30,21.4,22.0,21.4,22.0,300,26100
2104,2022-06-02 11:21:00+05:30,22.0,22.0,22.0,22.0,0,26100
2105,2022-06-02 11:22:00+05:30,22.0,22.0,22.0,22.0,0,26100
2106,2022-06-02 11:23:00+05:30,22.0,22.0,22.0,22.0,0,26100
2107,2022-06-02 11:24:00+05:30,22.0,22.0,22.0,22.0,0,26100
2108,2022-06-02 11:25:00+05:30,22.0,22.0,22.0,22.0,0,26100
2109,2022-06-02 11:26:00+05:30,22.0,22.0,22.0,22.0,0,26100
2110,2022-06-02 11:27:00+05:30,22.0,22.0,22.0,22.0,0,26100
2111,2022-06-02 11:28:00+05:30,22.0,22.0,22.0,22.0,0,26100
2112,2022-06-02 11:29:00+05:30,22.0,22.0,22.0,22.0,300,26400
2113,2022-06-02 11:30:00+05:30,22.0,22.0,22.0,22.0,0,26400
2114,2022-06-02 11:31:00+05:30,22.0,22.0,22.0,22.0,0,26400
2115,2022-06-02 11:32:00+05:30,22.0,22.0,22.0,22.0,0,26400
2116,2022-06-02 11:33:00+05:30,22.0,22.0,22.0,22.0,0,26400
2117,2022-06-02 11:34:00+05:30,22.0,22.0,22.0,22.0,0,26400
2118,2022-06-02 11:35:00+05:30,22.0,22.0,22.0,22.0,0,26400
2119,2022-06-02 11:36:00+05:30,22.0,22.0,22.0,22.0,0,26400
2120,2022-06-02 11:37:00+05:30,22.0,22.0,22.0,22.0,0,26400
2121,2022-06-02 11:38:00+05:30,22.0,22.0,22.0,22.0,0,26400
2122,2022-06-02 11:39:00+05:30,22.0,22.0,22.0,22.0,0,26400
2123,2022-06-02 11:40:00+05:30,22.0,22.0,22.0,22.0,0,26400
2124,2022-06-02 11:41:00+05:30,22.0,22.0,22.0,22.0,0,26400
2125,2022-06-02 11:42:00+05:30,22.0,22.0,22.0,22.0,0,26400
2126,2022-06-02 11:43:00+05:30,22.0,22.15,22.0,22.15,300,26400
2127,2022-06-02 11:44:00+05:30,22.15,22.15,22.15,22.15,0,26400
2128,2022-06-02 11:45:00+05:30,22.15,22.15,22.15,22.15,0,26400
2129,2022-06-02 11:46:00+05:30,22.15,22.15,22.15,22.15,0,26400
2130,2022-06-02 11:47:00+05:30,22.15,22.15,22.15,22.15,0,26400
2131,2022-06-02 11:48:00+05:30,22.15,22.15,22.15,22.15,0,26400
2132,2022-06-02 11:49:00+05:30,22.15,22.15,22.15,22.15,0,26400
2133,2022-06-02 11:50:00+05:30,22.15,22.15,22.15,22.15,0,26400
2134,2022-06-02 11:51:00+05:30,22.15,22.15,22.15,22.15,0,26400
2135,2022-06-02 11:52:00+05:30,22.15,22.15,22.15,22.15,0,26400
2136,2022-06-02 11:53:00+05:30,22.15,22.15,22.15,22.15,0,26400
2137,2022-06-02 11:54:00+05:30,22.15,22.15,22.15,22.15,0,26400
2138,2022-06-02 11:55:00+05:30,22.15,22.15,21.2,21.2,300,26100
2139,2022-06-02 11:56:00+05:30,21.2,21.2,21.2,21.2,0,26100
2140,2022-06-02 11:57:00+05:30,21.2,21.2,21.2,21.2,0,26100
2141,2022-06-02 11:58:00+05:30,21.2,21.2,21.2,21.2,0,26100
2142,2022-06-02 11:59:00+05:30,21.2,21.2,21.2,21.2,0,26100
2143,2022-06-02 12:00:00+05:30,21.2,21.2,21.2,21.2,0,26100
2144,2022-06-02 12:01:00+05:30,21.2,21.2,21.2,21.2,0,26100
2145,2022-06-02 12:02:00+05:30,21.2,21.2,21.2,21.2,0,26100
2146,2022-06-02 12:03:00+05:30,21.2,21.2,20.9,20.9,300,25800
2147,2022-06-02 12:04:00+05:30,20.9,20.9,20.9,20.9,0,25800
2148,2022-06-02 12:05:00+05:30,20.9,20.9,20.9,20.9,0,25800
2149,2022-06-02 12:06:00+05:30,20.9,20.9,20.9,20.9,0,25800
2150,2022-06-02 12:07:00+05:30,20.9,20.9,20.9,20.9,0,25800
2151,2022-06-02 12:08:00+05:30,20.9,20.9,20.9,20.9,0,25800
2152,2022-06-02 12:09:00+05:30,20.9,20.9,20.9,20.9,0,25800
2153,2022-06-02 12:10:00+05:30,20.9,20.9,20.9,20.9,300,26100
2154,2022-06-02 12:11:00+05:30,20.9,20.9,20.9,20.9,0,26100
2155,2022-06-02 12:12:00+05:30,20.9,20.9,20.9,20.9,0,26100
2156,2022-06-02 12:13:00+05:30,20.9,20.9,20.9,20.9,0,26100
2157,2022-06-02 12:14:00+05:30,20.9,20.9,20.9,20.9,0,26100
2158,2022-06-02 12:15:00+05:30,20.9,20.9,20.9,20.9,0,26100
2159,2022-06-02 12:16:00+05:30,20.9,20.9,20.9,20.9,0,26100
2160,2022-06-02 12:17:00+05:30,20.9,20.9,19.9,19.9,300,26400
2161,2022-06-02 12:18:00+05:30,19.9,19.9,19.9,19.9,0,26400
2162,2022-06-02 12:19:00+05:30,19.8,19.9,19.8,19.9,600,26700
2163,2022-06-02 12:20:00+05:30,19.9,19.9,19.7,19.8,600,26700
2164,2022-06-02 12:21:00+05:30,19.8,19.8,19.8,19.8,0,26700
2165,2022-06-02 12:22:00+05:30,19.8,19.8,19.8,19.8,0,26700
2166,2022-06-02 12:23:00+05:30,19.8,20.7,19.8,20.7,300,27600
2167,2022-06-02 12:24:00+05:30,21.5,21.5,21.5,21.5,300,27900
2168,2022-06-02 12:25:00+05:30,21.5,21.5,21.45,21.45,900,27900
2169,2022-06-02 12:26:00+05:30,21.45,21.45,21.45,21.45,0,27900
2170,2022-06-02 12:27:00+05:30,21.45,21.45,21.45,21.45,0,27900
2171,2022-06-02 12:28:00+05:30,21.45,21.45,21.45,21.45,0,27900
2172,2022-06-02 12:29:00+05:30,21.45,21.45,21.45,21.45,0,27900
2173,2022-06-02 12:30:00+05:30,21.45,21.75,21.45,21.75,300,27000
2174,2022-06-02 12:31:00+05:30,21.75,21.75,21.75,21.75,0,27000
2175,2022-06-02 12:32:00+05:30,21.75,21.75,21.75,21.75,0,27000
2176,2022-06-02 12:33:00+05:30,21.75,21.75,21.75,21.75,0,27000
2177,2022-06-02 12:34:00+05:30,21.75,21.75,21.75,21.75,0,27000
2178,2022-06-02 12:35:00+05:30,21.75,21.75,20.9,20.9,300,26700
2179,2022-06-02 12:36:00+05:30,20.9,20.9,20.9,20.9,0,26700
2180,2022-06-02 12:37:00+05:30,20.9,20.9,20.9,20.9,0,26700
2181,2022-06-02 12:38:00+05:30,20.9,20.9,20.9,20.9,0,26700
2182,2022-06-02 12:39:00+05:30,20.9,20.9,20.9,20.9,0,26700
2183,2022-06-02 12:40:00+05:30,20.9,20.9,20.9,20.9,0,26700
2184,2022-06-02 12:41:00+05:30,20.9,20.9,20.9,20.9,0,26700
2185,2022-06-02 12:42:00+05:30,20.9,21.75,20.9,21.75,0,26700
2186,2022-06-02 12:43:00+05:30,21.75,21.75,21.75,21.75,300,26700
2187,2022-06-02 12:44:00+05:30,21.75,21.75,21.75,21.75,0,26700
2188,2022-06-02 12:45:00+05:30,21.75,21.75,21.75,21.75,0,26700
2189,2022-06-02 12:46:00+05:30,21.75,21.75,21.75,21.75,0,26700
2190,2022-06-02 12:47:00+05:30,21.75,21.75,21.75,21.75,0,26700
2191,2022-06-02 12:48:00+05:30,21.75,22.1,21.75,22.1,300,26400
2192,2022-06-02 12:49:00+05:30,22.1,22.1,22.1,22.1,0,26400
2193,2022-06-02 12:50:00+05:30,22.1,22.1,22.1,22.1,0,26400
2194,2022-06-02 12:51:00+05:30,22.1,22.1,22.1,22.1,0,26400
2195,2022-06-02 12:52:00+05:30,22.1,22.1,22.1,22.1,0,26400
2196,2022-06-02 12:53:00+05:30,22.1,22.1,22.1,22.1,0,26400
2197,2022-06-02 12:54:00+05:30,22.1,22.1,22.1,22.1,0,26400
2198,2022-06-02 12:55:00+05:30,22.1,22.1,22.1,22.1,0,26400
2199,2022-06-02 12:56:00+05:30,22.1,22.1,22.1,22.1,0,26400
2200,2022-06-02 12:57:00+05:30,22.1,22.1,22.1,22.1,0,26400
2201,2022-06-02 12:58:00+05:30,22.1,22.1,22.1,22.1,0,26400
2202,2022-06-02 12:59:00+05:30,22.1,22.1,22.1,22.1,0,26400
2203,2022-06-02 13:00:00+05:30,22.1,22.1,22.1,22.1,0,26400
2204,2022-06-02 13:01:00+05:30,22.1,22.1,22.1,22.1,0,26400
2205,2022-06-02 13:02:00+05:30,22.1,22.1,22.1,22.1,0,26400
2206,2022-06-02 13:03:00+05:30,22.1,22.1,22.1,22.1,0,26400
2207,2022-06-02 13:04:00+05:30,22.1,22.1,22.1,22.1,0,26400
2208,2022-06-02 13:05:00+05:30,22.1,22.1,22.1,22.1,0,26400
2209,2022-06-02 13:06:00+05:30,22.1,22.1,22.1,22.1,0,26400
2210,2022-06-02 13:07:00+05:30,22.1,22.1,22.1,22.1,0,26400
2211,2022-06-02 13:08:00+05:30,22.1,22.1,22.1,22.1,0,26400
2212,2022-06-02 13:09:00+05:30,22.1,22.1,22.1,22.1,0,26400
2213,2022-06-02 13:10:00+05:30,22.1,22.1,22.1,22.1,0,26400
2214,2022-06-02 13:11:00+05:30,22.1,22.1,22.1,22.1,0,26400
2215,2022-06-02 13:12:00+05:30,22.1,22.1,22.1,22.1,0,26400
2216,2022-06-02 13:13:00+05:30,22.1,22.1,22.1,22.1,0,26400
2217,2022-06-02 13:14:00+05:30,22.1,22.1,22.1,22.1,0,26400
2218,2022-06-02 13:15:00+05:30,22.1,22.1,22.1,22.1,0,26400
2219,2022-06-02 13:16:00+05:30,22.1,22.1,22.1,22.1,0,26400
2220,2022-06-02 13:17:00+05:30,22.1,22.1,22.1,22.1,0,26400
2221,2022-06-02 13:18:00+05:30,22.1,22.1,22.1,22.1,0,26400
2222,2022-06-02 13:19:00+05:30,22.1,22.1,22.1,22.1,0,26400
2223,2022-06-02 13:20:00+05:30,22.1,22.1,22.1,22.1,0,26400
2224,2022-06-02 13:21:00+05:30,22.1,22.1,22.1,22.1,0,26400
2225,2022-06-02 13:22:00+05:30,22.1,22.1,22.1,22.1,0,26400
2226,2022-06-02 13:23:00+05:30,22.1,22.1,22.1,22.1,0,26400
2227,2022-06-02 13:24:00+05:30,22.1,22.1,22.1,22.1,0,26400
2228,2022-06-02 13:25:00+05:30,22.1,22.1,22.1,22.1,0,26400
2229,2022-06-02 13:26:00+05:30,22.1,22.1,22.1,22.1,0,26400
2230,2022-06-02 13:27:00+05:30,22.1,22.1,22.1,22.1,0,26400
2231,2022-06-02 13:28:00+05:30,22.1,22.1,22.1,22.1,0,26400
2232,2022-06-02 13:29:00+05:30,22.1,22.1,22.1,22.1,0,26400
2233,2022-06-02 13:30:00+05:30,22.1,22.1,22.1,22.1,0,26400
2234,2022-06-02 13:31:00+05:30,22.1,22.1,22.1,22.1,0,26400
2235,2022-06-02 13:32:00+05:30,22.1,22.1,22.1,22.1,0,26400
2236,2022-06-02 13:33:00+05:30,22.1,22.1,22.1,22.1,0,26400
2237,2022-06-02 13:34:00+05:30,22.1,22.1,22.1,22.1,0,26400
2238,2022-06-02 13:35:00+05:30,22.1,22.1,22.1,22.1,0,26400
2239,2022-06-02 13:36:00+05:30,22.1,22.1,22.1,22.1,0,26400
2240,2022-06-02 13:37:00+05:30,22.1,22.1,22.1,22.1,0,26400
2241,2022-06-02 13:38:00+05:30,22.1,22.1,22.1,22.1,0,26400
2242,2022-06-02 13:39:00+05:30,22.1,22.1,22.1,22.1,0,26400
2243,2022-06-02 13:40:00+05:30,22.1,22.1,22.1,22.1,0,26400
2244,2022-06-02 13:41:00+05:30,22.1,22.1,22.1,22.1,0,26400
2245,2022-06-02 13:42:00+05:30,22.1,22.1,22.1,22.1,0,26400
2246,2022-06-02 13:43:00+05:30,22.1,22.1,22.1,22.1,0,26400
2247,2022-06-02 13:44:00+05:30,22.1,22.1,22.1,22.1,0,26400
2248,2022-06-02 13:45:00+05:30,22.1,22.1,22.1,22.1,0,26400
2249,2022-06-02 13:46:00+05:30,22.1,22.1,22.1,22.1,0,26400
2250,2022-06-02 13:47:00+05:30,22.1,22.1,22.1,22.1,0,26400
2251,2022-06-02 13:48:00+05:30,22.1,22.1,22.1,22.1,0,26400
2252,2022-06-02 13:49:00+05:30,22.1,22.1,22.1,22.1,0,26400
2253,2022-06-02 13:50:00+05:30,22.1,22.1,22.1,22.1,0,26400
2254,2022-06-02 13:51:00+05:30,22.1,22.1,22.1,22.1,0,26400
2255,2022-06-02 13:52:00+05:30,22.1,22.1,22.1,22.1,0,26400
2256,2022-06-02 13:53:00+05:30,22.1,22.1,22.1,22.1,0,26400
2257,2022-06-02 13:54:00+05:30,22.1,22.1,22.1,22.1,0,26400
2258,2022-06-02 13:55:00+05:30,22.1,22.1,22.1,22.1,0,26400
2259,2022-06-02 13:56:00+05:30,22.1,23.4,22.1,23.4,0,26100
2260,2022-06-02 13:57:00+05:30,23.4,23.5,23.4,23.5,600,26100
2261,2022-06-02 13:58:00+05:30,23.5,23.5,23.5,23.5,0,26100
2262,2022-06-02 13:59:00+05:30,23.5,23.5,23.5,23.5,0,26100
2263,2022-06-02 14:00:00+05:30,23.5,23.5,23.5,23.5,0,26100
2264,2022-06-02 14:01:00+05:30,23.5,23.5,23.5,23.5,0,26100
2265,2022-06-02 14:02:00+05:30,23.5,23.5,23.5,23.5,0,26100
2266,2022-06-02 14:03:00+05:30,23.5,23.5,23.5,23.5,0,26100
2267,2022-06-02 14:04:00+05:30,23.5,23.5,23.5,23.5,0,26100
2268,2022-06-02 14:05:00+05:30,23.5,23.5,23.5,23.5,0,26100
2269,2022-06-02 14:06:00+05:30,23.5,23.5,23.5,23.5,0,26100
2270,2022-06-02 14:07:00+05:30,23.5,23.5,23.5,23.5,0,26100
2271,2022-06-02 14:08:00+05:30,23.5,23.5,23.5,23.5,0,26100
2272,2022-06-02 14:09:00+05:30,23.5,23.5,23.5,23.5,0,26100
2273,2022-06-02 14:10:00+05:30,23.5,23.5,23.5,23.5,0,26100
2274,2022-06-02 14:11:00+05:30,23.5,23.5,22.15,22.15,300,26400
2275,2022-06-02 14:12:00+05:30,22.15,22.15,22.05,22.05,300,26400
2276,2022-06-02 14:13:00+05:30,22.05,22.05,22.05,22.05,0,26400
2277,2022-06-02 14:14:00+05:30,22.05,22.05,22.05,22.05,0,26400
2278,2022-06-02 14:15:00+05:30,22.05,22.05,22.05,22.05,0,26400
2279,2022-06-02 14:16:00+05:30,22.05,22.05,22.05,22.05,0,26400
2280,2022-06-02 14:17:00+05:30,22.05,22.05,22.05,22.05,0,26400
2281,2022-06-02 14:18:00+05:30,22.05,22.05,21.5,21.5,600,26400
2282,2022-06-02 14:19:00+05:30,21.5,21.5,21.5,21.5,0,26400
2283,2022-06-02 14:20:00+05:30,21.5,21.5,21.2,21.2,300,26400
2284,2022-06-02 14:21:00+05:30,21.2,21.2,21.2,21.2,0,26400
2285,2022-06-02 14:22:00+05:30,21.2,21.2,21.2,21.2,0,26400
2286,2022-06-02 14:23:00+05:30,21.2,21.45,21.2,21.45,300,26400
2287,2022-06-02 14:24:00+05:30,21.45,21.45,21.45,21.45,0,26400
2288,2022-06-02 14:25:00+05:30,21.45,21.45,21.4,21.4,300,26700
2289,2022-06-02 14:26:00+05:30,21.4,21.4,21.4,21.4,0,26700
2290,2022-06-02 14:27:00+05:30,21.4,21.4,21.4,21.4,0,26700
2291,2022-06-02 14:28:00+05:30,21.4,21.4,21.4,21.4,300,26400
2292,2022-06-02 14:29:00+05:30,21.4,21.4,21.4,21.4,0,26400
2293,2022-06-02 14:30:00+05:30,21.4,21.4,21.4,21.4,0,26400
2294,2022-06-02 14:31:00+05:30,21.4,21.4,21.4,21.4,0,26400
2295,2022-06-02 14:32:00+05:30,21.4,21.4,21.4,21.4,0,26400
2296,2022-06-02 14:33:00+05:30,21.4,21.4,21.4,21.4,0,26400
2297,2022-06-02 14:34:00+05:30,21.4,21.4,21.4,21.4,0,26400
2298,2022-06-02 14:35:00+05:30,21.4,21.4,21.4,21.4,0,26400
2299,2022-06-02 14:36:00+05:30,21.4,21.4,21.4,21.4,0,26400
2300,2022-06-02 14:37:00+05:30,21.4,21.4,21.4,21.4,0,26400
2301,2022-06-02 14:38:00+05:30,21.4,21.4,21.4,21.4,0,26400
2302,2022-06-02 14:39:00+05:30,21.4,21.4,21.1,21.1,0,26400
2303,2022-06-02 14:40:00+05:30,21.1,21.1,21.1,21.1,300,26400
2304,2022-06-02 14:41:00+05:30,21.1,21.1,21.1,21.1,0,26400
2305,2022-06-02 14:42:00+05:30,21.1,21.1,21.1,21.1,0,26400
2306,2022-06-02 14:43:00+05:30,21.1,21.1,21.1,21.1,0,26400
2307,2022-06-02 14:44:00+05:30,21.1,21.75,21.1,21.75,300,26100
2308,2022-06-02 14:45:00+05:30,21.75,21.75,21.75,21.75,0,26100
2309,2022-06-02 14:46:00+05:30,21.75,21.75,21.75,21.75,0,26100
2310,2022-06-02 14:47:00+05:30,21.75,21.75,21.75,21.75,0,26100
2311,2022-06-02 14:48:00+05:30,21.75,21.75,21.75,21.75,0,26100
2312,2022-06-02 14:49:00+05:30,21.75,21.75,21.75,21.75,0,26100
2313,2022-06-02 14:50:00+05:30,21.75,21.75,21.75,21.75,0,26100
2314,2022-06-02 14:51:00+05:30,21.75,21.75,21.75,21.75,0,26100
2315,2022-06-02 14:52:00+05:30,21.75,21.75,21.75,21.75,0,26100
2316,2022-06-02 14:53:00+05:30,21.75,21.75,21.75,21.75,0,26100
2317,2022-06-02 14:54:00+05:30,21.75,21.75,21.75,21.75,0,26100
2318,2022-06-02 14:55:00+05:30,21.75,21.75,21.75,21.75,0,26100
2319,2022-06-02 14:56:00+05:30,22.4,22.4,22.35,22.35,300,26400
2320,2022-06-02 14:57:00+05:30,22.35,22.95,22.35,22.9,1200,26400
2321,2022-06-02 14:58:00+05:30,22.9,22.9,22.9,22.9,0,26400
2322,2022-06-02 14:59:00+05:30,22.9,22.9,22.3,22.3,300,24900
2323,2022-06-02 15:00:00+05:30,22.3,22.3,22.3,22.3,0,24900
2324,2022-06-02 15:01:00+05:30,22.3,22.3,22.3,22.3,0,24900
2325,2022-06-02 15:02:00+05:30,22.3,22.3,22.3,22.3,0,24900
2326,2022-06-02 15:03:00+05:30,22.3,22.3,21.7,21.95,600,24900
2327,2022-06-02 15:04:00+05:30,21.95,21.95,21.95,21.95,0,24900
2328,2022-06-02 15:05:00+05:30,21.95,21.95,21.95,21.95,0,24900
2329,2022-06-02 15:06:00+05:30,21.95,21.95,21.95,21.95,0,24900
2330,2022-06-02 15:07:00+05:30,22.2,22.2,22.15,22.15,600,24900
2331,2022-06-02 15:08:00+05:30,22.15,22.15,22.1,22.1,300,24900
2332,2022-06-02 15:09:00+05:30,22.1,22.1,22.1,22.1,0,24900
2333,2022-06-02 15:10:00+05:30,22.1,22.1,22.1,22.1,0,24900
2334,2022-06-02 15:11:00+05:30,22.1,22.1,21.8,21.8,300,24300
2335,2022-06-02 15:12:00+05:30,21.8,21.8,21.45,21.45,300,24300
2336,2022-06-02 15:13:00+05:30,21.45,21.45,21.45,21.45,0,24300
2337,2022-06-02 15:14:00+05:30,21.45,21.45,21.45,21.45,0,24300
2338,2022-06-02 15:15:00+05:30,21.45,21.45,21.45,21.45,0,24300
2339,2022-06-02 15:16:00+05:30,21.45,21.45,21.45,21.45,0,24300
2340,2022-06-02 15:17:00+05:30,21.45,21.45,21.45,21.45,0,24300
2341,2022-06-02 15:18:00+05:30,21.45,21.45,21.45,21.45,0,24300
2342,2022-06-02 15:19:00+05:30,21.45,21.65,21.45,21.55,600,24600
2343,2022-06-02 15:20:00+05:30,21.55,21.65,21.55,21.65,0,24600
2344,2022-06-02 15:21:00+05:30,21.65,21.65,21.65,21.65,300,24600
2345,2022-06-02 15:22:00+05:30,21.65,21.65,21.65,21.65,0,24600
2346,2022-06-02 15:23:00+05:30,21.65,21.65,21.65,21.65,0,24600
2347,2022-06-02 15:24:00+05:30,21.65,21.65,21.65,21.65,0,24600
2348,2022-06-02 15:25:00+05:30,21.65,21.65,21.6,21.6,600,24900
2349,2022-06-02 15:26:00+05:30,21.6,21.6,21.6,21.6,300,24900
2350,2022-06-02 15:27:00+05:30,21.6,21.6,21.6,21.6,0,24900
2351,2022-06-02 15:28:00+05:30,21.6,21.6,21.6,21.6,0,24900
2352,2022-06-02 15:29:00+05:30,21.6,21.6,21.6,21.6,300,25200
2353,2022-06-03 09:38:00+05:30,22.05,22.05,22.05,22.05,0,25200
2354,2022-06-03 09:39:00+05:30,22.05,22.05,22.05,22.05,0,25200
2355,2022-06-03 09:40:00+05:30,22.05,22.05,22.05,22.05,0,25200
2356,2022-06-03 09:41:00+05:30,22.05,22.05,22.05,22.05,0,25200
2357,2022-06-03 09:42:00+05:30,22.05,22.05,22.05,22.05,0,25200
2358,2022-06-03 09:43:00+05:30,22.05,22.05,22.05,22.05,0,25200
2359,2022-06-03 09:44:00+05:30,22.4,22.8,22.4,22.8,300,25200
2360,2022-06-03 09:45:00+05:30,22.8,23.75,22.8,23.75,300,25200
2361,2022-06-03 09:46:00+05:30,23.75,23.75,22.8,22.8,1800,25200
2362,2022-06-03 09:47:00+05:30,22.8,22.8,22.8,22.8,0,25200
2363,2022-06-03 09:48:00+05:30,22.8,22.8,22.8,22.8,0,25200
2364,2022-06-03 09:49:00+05:30,22.8,22.8,22.8,22.8,0,25200
2365,2022-06-03 09:50:00+05:30,22.8,22.8,22.5,22.5,300,24000
2366,2022-06-03 09:51:00+05:30,22.5,22.5,22.5,22.5,0,24000
2367,2022-06-03 09:52:00+05:30,22.5,22.5,22.5,22.5,0,24000
2368,2022-06-03 09:53:00+05:30,22.8,22.8,22.8,22.8,300,24000
2369,2022-06-03 09:54:00+05:30,22.8,22.8,22.8,22.8,0,24000
2370,2022-06-03 09:55:00+05:30,22.8,22.8,22.8,22.8,0,24000
2371,2022-06-03 09:56:00+05:30,22.8,22.95,22.8,22.95,300,24600
2372,2022-06-03 09:57:00+05:30,22.95,22.95,22.95,22.95,0,24600
2373,2022-06-03 09:58:00+05:30,22.95,22.95,22.95,22.95,0,24600
2374,2022-06-03 09:59:00+05:30,22.95,22.95,22.95,22.95,300,24600
2375,2022-06-03 10:00:00+05:30,22.95,22.95,22.95,22.95,0,24600
2376,2022-06-03 10:01:00+05:30,22.95,22.95,22.95,22.95,0,24600
2377,2022-06-03 10:02:00+05:30,22.95,22.95,22.95,22.95,0,24600
2378,2022-06-03 10:03:00+05:30,22.95,22.95,22.95,22.95,0,24600
2379,2022-06-03 10:04:00+05:30,22.95,22.95,22.95,22.95,0,24600
2380,2022-06-03 10:05:00+05:30,22.95,22.95,22.95,22.95,0,24600
2381,2022-06-03 10:06:00+05:30,22.95,22.95,22.95,22.95,0,24600
2382,2022-06-03 10:07:00+05:30,22.95,22.95,22.95,22.95,0,24600
2383,2022-06-03 10:08:00+05:30,22.95,22.95,22.95,22.95,0,24600
2384,2022-06-03 10:09:00+05:30,22.95,22.95,22.95,22.95,0,24600
2385,2022-06-03 10:10:00+05:30,22.95,22.95,22.95,22.95,0,24600
2386,2022-06-03 10:11:00+05:30,22.95,22.95,22.95,22.95,0,24600
2387,2022-06-03 10:12:00+05:30,22.95,22.95,22.95,22.95,0,24600
2388,2022-06-03 10:13:00+05:30,22.95,22.95,22.95,22.95,0,24600
2389,2022-06-03 10:14:00+05:30,22.95,22.95,22.95,22.95,0,24600
2390,2022-06-03 10:15:00+05:30,22.95,22.95,22.95,22.95,0,24600
2391,2022-06-03 10:16:00+05:30,22.95,22.95,22.95,22.95,0,24600
2392,2022-06-03 10:17:00+05:30,22.95,22.95,22.4,22.4,300,24600
2393,2022-06-03 10:18:00+05:30,22.4,22.4,22.4,22.4,0,24600
2394,2022-06-03 10:19:00+05:30,22.4,22.4,22.4,22.4,0,24600
2395,2022-06-03 10:20:00+05:30,22.4,22.4,22.4,22.4,0,24600
2396,2022-06-03 10:21:00+05:30,22.4,22.4,22.4,22.4,0,24600
2397,2022-06-03 10:22:00+05:30,22.4,22.4,22.4,22.4,0,24600
2398,2022-06-03 10:23:00+05:30,22.4,22.4,22.4,22.4,0,24600
2399,2022-06-03 10:24:00+05:30,22.4,22.4,22.4,22.4,0,24600
2400,2022-06-03 10:25:00+05:30,22.4,22.4,22.4,22.4,0,24600
2401,2022-06-03 10:26:00+05:30,22.4,22.4,22.4,22.4,0,24600
2402,2022-06-03 10:27:00+05:30,22.4,22.4,22.4,22.4,0,24600
2403,2022-06-03 10:28:00+05:30,22.4,22.4,22.4,22.4,0,24600
2404,2022-06-03 10:29:00+05:30,22.4,22.4,22.4,22.4,0,24600
2405,2022-06-03 10:30:00+05:30,22.4,22.4,22.4,22.4,0,24600
2406,2022-06-03 10:31:00+05:30,22.4,22.4,22.4,22.4,0,24600
2407,2022-06-03 10:32:00+05:30,22.4,22.4,22.4,22.4,0,24600
2408,2022-06-03 10:33:00+05:30,22.4,22.4,22.4,22.4,0,24600
2409,2022-06-03 10:34:00+05:30,22.4,22.4,22.4,22.4,0,24600
2410,2022-06-03 10:35:00+05:30,22.4,22.4,22.4,22.4,0,24600
2411,2022-06-03 10:36:00+05:30,22.4,22.45,22.4,22.45,300,24600
2412,2022-06-03 10:37:00+05:30,22.45,22.45,22.45,22.45,0,24600
2413,2022-06-03 10:38:00+05:30,22.45,22.45,22.45,22.45,0,24600
2414,2022-06-03 10:39:00+05:30,22.45,22.45,22.45,22.45,0,24600
2415,2022-06-03 10:40:00+05:30,22.45,22.45,22.45,22.45,0,24600
2416,2022-06-03 10:41:00+05:30,22.45,22.45,22.45,22.45,0,24600
2417,2022-06-03 10:42:00+05:30,22.45,22.45,22.45,22.45,0,24600
2418,2022-06-03 10:43:00+05:30,22.45,22.45,22.45,22.45,0,24600
2419,2022-06-03 10:44:00+05:30,22.45,22.45,22.45,22.45,0,24600
2420,2022-06-03 10:45:00+05:30,22.45,22.45,22.45,22.45,0,24600
2421,2022-06-03 10:46:00+05:30,22.45,22.45,21.55,21.55,300,24900
2422,2022-06-03 10:47:00+05:30,21.55,21.55,21.55,21.55,0,24900
2423,2022-06-03 10:48:00+05:30,21.55,21.55,21.55,21.55,0,24900
2424,2022-06-03 10:49:00+05:30,21.55,21.55,21.55,21.55,0,24900
2425,2022-06-03 10:50:00+05:30,21.55,21.55,21.55,21.55,0,24900
2426,2022-06-03 10:51:00+05:30,21.55,21.55,21.15,21.15,300,24600
2427,2022-06-03 10:52:00+05:30,21.15,21.15,21.15,21.15,0,24600
2428,2022-06-03 10:53:00+05:30,21.45,21.45,21.45,21.45,300,24600
2429,2022-06-03 10:54:00+05:30,21.45,21.45,21.45,21.45,0,24600
2430,2022-06-03 10:55:00+05:30,21.45,21.45,21.45,21.45,0,24600
2431,2022-06-03 10:56:00+05:30,21.45,21.45,21.45,21.45,0,24600
2432,2022-06-03 10:57:00+05:30,21.45,21.45,21.45,21.45,0,24600
2433,2022-06-03 10:58:00+05:30,21.45,21.45,21.45,21.45,0,24600
2434,2022-06-03 10:59:00+05:30,21.45,21.45,21.45,21.45,0,24600
2435,2022-06-03 11:00:00+05:30,21.45,21.45,21.45,21.45,0,24600
2436,2022-06-03 11:01:00+05:30,21.45,21.45,21.45,21.45,0,24600
2437,2022-06-03 11:02:00+05:30,21.45,21.45,20.95,20.95,300,24600
2438,2022-06-03 11:03:00+05:30,20.95,21.0,20.95,21.0,300,24600
2439,2022-06-03 11:04:00+05:30,21.0,21.0,21.0,21.0,0,24600
2440,2022-06-03 11:05:00+05:30,21.0,21.0,21.0,21.0,0,24600
2441,2022-06-03 11:06:00+05:30,21.0,21.0,21.0,21.0,0,24600
2442,2022-06-03 11:07:00+05:30,21.0,21.0,21.0,21.0,0,24600
2443,2022-06-03 11:08:00+05:30,21.0,21.0,21.0,21.0,0,24600
2444,2022-06-03 11:09:00+05:30,21.0,21.0,21.0,21.0,0,24600
2445,2022-06-03 11:10:00+05:30,21.0,21.0,21.0,21.0,0,24600
2446,2022-06-03 11:11:00+05:30,21.0,21.0,21.0,21.0,0,24600
2447,2022-06-03 11:12:00+05:30,21.0,21.0,21.0,21.0,0,24600
2448,2022-06-03 11:13:00+05:30,21.0,21.0,21.0,21.0,0,24600
2449,2022-06-03 11:14:00+05:30,21.0,21.0,21.0,21.0,0,24600
2450,2022-06-03 11:15:00+05:30,21.0,21.0,21.0,21.0,0,24600
2451,2022-06-03 11:16:00+05:30,21.0,21.0,21.0,21.0,0,24600
2452,2022-06-03 11:17:00+05:30,21.0,22.9,21.0,22.9,300,24300
2453,2022-06-03 11:18:00+05:30,22.9,22.9,22.9,22.9,0,24300
2454,2022-06-03 11:19:00+05:30,22.9,22.9,22.9,22.9,0,24300
2455,2022-06-03 11:20:00+05:30,22.9,22.9,22.9,22.9,0,24300
2456,2022-06-03 11:21:00+05:30,22.9,22.9,22.9,22.9,0,24300
2457,2022-06-03 11:22:00+05:30,22.9,22.9,22.9,22.9,0,24300
2458,2022-06-03 11:23:00+05:30,22.9,22.9,22.9,22.9,0,24300
2459,2022-06-03 11:24:00+05:30,22.9,23.45,22.9,23.45,0,24600
2460,2022-06-03 11:25:00+05:30,23.45,23.45,23.45,23.45,300,24600
2461,2022-06-03 11:26:00+05:30,23.45,23.45,23.45,23.45,0,24600
2462,2022-06-03 11:27:00+05:30,23.45,23.45,23.45,23.45,0,24600
2463,2022-06-03 11:28:00+05:30,23.45,23.45,23.45,23.45,0,24600
2464,2022-06-03 11:29:00+05:30,23.45,23.45,23.45,23.45,0,24600
2465,2022-06-03 11:30:00+05:30,23.45,23.45,23.45,23.45,0,24600
2466,2022-06-03 11:31:00+05:30,23.45,23.45,23.45,23.45,0,24600
2467,2022-06-03 11:32:00+05:30,23.45,23.45,23.45,23.45,0,24600
2468,2022-06-03 11:33:00+05:30,23.45,23.45,23.45,23.45,0,24600
2469,2022-06-03 11:34:00+05:30,23.45,23.45,23.45,23.45,0,24600
2470,2022-06-03 11:35:00+05:30,23.45,23.45,23.45,23.45,0,24600
2471,2022-06-03 11:36:00+05:30,23.45,23.45,23.45,23.45,0,24600
2472,2022-06-03 11:37:00+05:30,23.45,23.45,23.45,23.45,0,24600
2473,2022-06-03 11:38:00+05:30,23.45,23.45,23.45,23.45,0,24600
2474,2022-06-03 11:39:00+05:30,23.45,24.3,23.45,24.3,900,24900
2475,2022-06-03 11:40:00+05:30,24.3,24.35,24.15,24.15,1200,24900
2476,2022-06-03 11:41:00+05:30,24.15,24.4,24.15,24.4,300,24900
2477,2022-06-03 11:42:00+05:30,24.4,24.4,24.4,24.4,0,24900
2478,2022-06-03 11:43:00+05:30,24.4,24.4,24.4,24.4,0,24900
2479,2022-06-03 11:44:00+05:30,24.4,24.4,24.4,24.4,0,24900
2480,2022-06-03 11:45:00+05:30,24.4,24.4,24.4,24.4,0,24900
2481,2022-06-03 11:46:00+05:30,24.4,24.4,23.95,23.95,300,25500
2482,2022-06-03 11:47:00+05:30,23.95,23.95,23.95,23.95,0,25500
2483,2022-06-03 11:48:00+05:30,23.95,23.95,23.95,23.95,0,25500
2484,2022-06-03 11:49:00+05:30,23.95,23.95,23.3,23.3,900,25500
2485,2022-06-03 11:50:00+05:30,23.3,23.3,23.3,23.3,0,25500
2486,2022-06-03 11:51:00+05:30,23.3,23.3,23.3,23.3,0,25500
2487,2022-06-03 11:52:00+05:30,23.3,23.3,23.3,23.3,0,25500
2488,2022-06-03 11:53:00+05:30,23.3,23.3,23.3,23.3,0,25500
2489,2022-06-03 11:54:00+05:30,23.3,23.3,23.3,23.3,0,25500
2490,2022-06-03 11:55:00+05:30,23.3,23.3,23.3,23.3,0,25500
2491,2022-06-03 11:56:00+05:30,23.3,23.35,23.3,23.35,300,24900
2492,2022-06-03 11:57:00+05:30,23.35,23.35,23.35,23.35,0,24900
2493,2022-06-03 11:58:00+05:30,23.35,23.35,23.35,23.35,0,24900
2494,2022-06-03 11:59:00+05:30,23.35,23.35,23.35,23.35,0,24900
2495,2022-06-03 12:00:00+05:30,23.35,23.35,23.35,23.35,0,24900
2496,2022-06-03 12:01:00+05:30,23.35,23.35,23.35,23.35,0,24900
2497,2022-06-03 12:02:00+05:30,23.35,23.35,23.35,23.35,0,24900
2498,2022-06-03 12:03:00+05:30,23.35,23.35,23.35,23.35,0,24900
2499,2022-06-03 12:04:00+05:30,23.35,23.35,23.35,23.35,0,24900
2500,2022-06-03 12:05:00+05:30,23.35,23.35,23.35,23.35,0,24900
2501,2022-06-03 12:06:00+05:30,23.35,23.35,23.35,23.35,0,24900
2502,2022-06-03 12:07:00+05:30,23.35,23.35,23.35,23.35,0,24900
2503,2022-06-03 12:08:00+05:30,23.35,23.35,23.35,23.35,0,24900
2504,2022-06-03 12:09:00+05:30,23.35,23.35,23.35,23.35,0,24900
2505,2022-06-03 12:10:00+05:30,23.35,23.35,23.35,23.35,0,24900
2506,2022-06-03 12:11:00+05:30,23.35,23.35,23.35,23.35,0,24900
2507,2022-06-03 12:12:00+05:30,22.7,22.7,22.7,22.7,600,24900
2508,2022-06-03 12:13:00+05:30,22.7,22.7,22.7,22.7,0,24900
2509,2022-06-03 12:14:00+05:30,22.7,22.7,22.7,22.7,0,24900
2510,2022-06-03 12:15:00+05:30,22.7,22.7,22.7,22.7,0,24900
2511,2022-06-03 12:16:00+05:30,22.7,22.7,22.7,22.7,0,24900
2512,2022-06-03 12:17:00+05:30,22.7,22.7,22.7,22.7,0,24900
2513,2022-06-03 12:18:00+05:30,22.7,22.7,22.7,22.7,0,24900
2514,2022-06-03 12:19:00+05:30,22.7,22.7,22.7,22.7,0,24900
2515,2022-06-03 12:20:00+05:30,22.7,22.7,22.15,22.15,300,25500
2516,2022-06-03 12:21:00+05:30,22.15,22.15,22.15,22.15,0,25500
2517,2022-06-03 12:22:00+05:30,22.15,22.15,22.15,22.15,0,25500
2518,2022-06-03 12:23:00+05:30,22.15,22.15,22.15,22.15,0,25500
2519,2022-06-03 12:24:00+05:30,22.15,22.15,22.15,22.15,0,25500
2520,2022-06-03 12:25:00+05:30,22.15,22.15,22.15,22.15,0,25500
2521,2022-06-03 12:26:00+05:30,22.15,22.15,22.15,22.15,0,25500
2522,2022-06-03 12:27:00+05:30,22.15,22.15,22.15,22.15,0,25500
2523,2022-06-03 12:28:00+05:30,22.15,22.15,22.15,22.15,0,25500
2524,2022-06-03 12:29:00+05:30,22.15,22.15,22.15,22.15,0,25500
2525,2022-06-03 12:30:00+05:30,22.15,22.15,22.15,22.15,0,25500
2526,2022-06-03 12:31:00+05:30,22.15,22.15,22.15,22.15,0,25500
2527,2022-06-03 12:32:00+05:30,22.15,22.15,22.15,22.15,0,25500
2528,2022-06-03 12:33:00+05:30,22.15,22.15,22.15,22.15,0,25500
2529,2022-06-03 12:34:00+05:30,22.15,22.15,22.15,22.15,0,25500
2530,2022-06-03 12:35:00+05:30,22.15,24.45,22.15,24.45,300,25800
2531,2022-06-03 12:36:00+05:30,24.65,24.65,24.65,24.65,300,26100
2532,2022-06-03 12:37:00+05:30,24.65,24.65,24.65,24.65,0,26100
2533,2022-06-03 12:38:00+05:30,24.65,24.65,24.65,24.65,0,26100
2534,2022-06-03 12:39:00+05:30,24.65,24.65,24.65,24.65,0,26100
2535,2022-06-03 12:40:00+05:30,24.65,24.65,24.65,24.65,0,26100
2536,2022-06-03 12:41:00+05:30,24.65,24.65,24.65,24.65,0,26100
2537,2022-06-03 12:42:00+05:30,24.65,24.65,24.65,24.65,0,26100
2538,2022-06-03 12:43:00+05:30,24.65,24.65,24.65,24.65,0,26100
2539,2022-06-03 12:44:00+05:30,24.65,24.65,24.65,24.65,0,26100
2540,2022-06-03 12:45:00+05:30,24.65,24.65,24.65,24.65,0,26100
2541,2022-06-03 12:46:00+05:30,24.65,24.65,24.65,24.65,0,26100
2542,2022-06-03 12:47:00+05:30,24.65,24.65,24.65,24.65,0,26100
2543,2022-06-03 12:48:00+05:30,24.65,24.65,24.65,24.65,0,26100
2544,2022-06-03 12:49:00+05:30,24.65,24.65,24.65,24.65,0,26100
2545,2022-06-03 12:50:00+05:30,24.65,24.65,24.65,24.65,0,26100
2546,2022-06-03 12:51:00+05:30,24.65,24.65,24.65,24.65,0,26100
2547,2022-06-03 12:52:00+05:30,24.65,24.65,24.65,24.65,0,26100
2548,2022-06-03 12:53:00+05:30,24.65,24.65,24.65,24.65,0,26100
2549,2022-06-03 12:54:00+05:30,24.65,24.65,24.65,24.65,0,26100
2550,2022-06-03 12:55:00+05:30,24.65,24.65,24.65,24.65,0,26100
2551,2022-06-03 12:56:00+05:30,24.65,24.65,24.65,24.65,0,26100
2552,2022-06-03 12:57:00+05:30,24.65,24.65,24.65,24.65,0,26100
2553,2022-06-03 12:58:00+05:30,24.65,24.65,24.65,24.65,0,26100
2554,2022-06-03 12:59:00+05:30,24.65,24.65,24.65,24.65,0,26100
2555,2022-06-03 13:00:00+05:30,24.65,24.65,24.65,24.65,0,26100
2556,2022-06-03 13:01:00+05:30,24.65,24.65,24.65,24.65,0,26100
2557,2022-06-03 13:02:00+05:30,24.65,24.65,24.65,24.65,0,26100
2558,2022-06-03 13:03:00+05:30,24.65,24.65,24.65,24.65,0,26100
2559,2022-06-03 13:04:00+05:30,24.65,24.65,24.65,24.65,0,26100
2560,2022-06-03 13:05:00+05:30,24.65,24.65,24.65,24.65,0,26100
2561,2022-06-03 13:06:00+05:30,24.65,24.65,24.65,24.65,0,26100
2562,2022-06-03 13:07:00+05:30,24.65,24.65,24.65,24.65,0,26100
2563,2022-06-03 13:08:00+05:30,24.65,24.65,24.65,24.65,0,26100
2564,2022-06-03 13:09:00+05:30,24.65,25.9,24.65,25.9,300,26100
2565,2022-06-03 13:10:00+05:30,25.9,25.9,25.9,25.9,0,26100
2566,2022-06-03 13:11:00+05:30,25.9,25.9,25.9,25.9,0,26100
2567,2022-06-03 13:12:00+05:30,25.9,25.9,25.9,25.9,0,26100
2568,2022-06-03 13:13:00+05:30,25.9,25.9,25.9,25.9,0,26100
2569,2022-06-03 13:14:00+05:30,25.9,25.9,25.9,25.9,0,26100
2570,2022-06-03 13:15:00+05:30,25.9,25.9,25.9,25.9,0,26100
2571,2022-06-03 13:16:00+05:30,25.9,25.9,25.9,25.9,0,26100
2572,2022-06-03 13:17:00+05:30,25.9,27.0,25.9,27.0,0,26400
2573,2022-06-03 13:18:00+05:30,27.0,27.0,27.0,27.0,300,26400
2574,2022-06-03 13:19:00+05:30,27.0,27.0,27.0,27.0,0,26400
2575,2022-06-03 13:20:00+05:30,27.0,27.0,27.0,27.0,0,26400
2576,2022-06-03 13:21:00+05:30,27.0,27.0,27.0,27.0,0,26400
2577,2022-06-03 13:22:00+05:30,27.0,27.0,27.0,27.0,0,26400
2578,2022-06-03 13:23:00+05:30,27.0,27.0,25.4,25.4,600,26400
2579,2022-06-03 13:24:00+05:30,25.4,25.4,25.4,25.4,0,26400
2580,2022-06-03 13:25:00+05:30,25.4,26.5,25.4,26.5,600,26400
2581,2022-06-03 13:26:00+05:30,26.5,26.5,26.5,26.5,0,26400
2582,2022-06-03 13:27:00+05:30,26.5,26.5,26.5,26.5,0,26400
2583,2022-06-03 13:28:00+05:30,26.5,26.5,26.5,26.5,0,26400
2584,2022-06-03 13:29:00+05:30,26.5,26.5,26.5,26.5,0,26400
2585,2022-06-03 13:30:00+05:30,26.5,26.5,26.5,26.5,0,26400
2586,2022-06-03 13:31:00+05:30,26.5,26.5,26.5,26.5,0,26400
2587,2022-06-03 13:32:00+05:30,26.5,26.5,26.5,26.5,0,26400
2588,2022-06-03 13:33:00+05:30,26.5,26.5,26.5,26.5,0,26400
2589,2022-06-03 13:34:00+05:30,26.85,26.85,26.85,26.85,300,27000
2590,2022-06-03 13:35:00+05:30,26.85,26.85,26.85,26.85,0,27000
2591,2022-06-03 13:36:00+05:30,26.85,26.85,26.85,26.85,0,27000
2592,2022-06-03 13:37:00+05:30,26.85,26.85,26.85,26.85,0,27000
2593,2022-06-03 13:38:00+05:30,26.85,26.85,26.85,26.85,0,27000
2594,2022-06-03 13:39:00+05:30,26.85,26.85,26.85,26.85,0,27000
2595,2022-06-03 13:40:00+05:30,26.85,26.85,26.85,26.85,0,27000
2596,2022-06-03 13:41:00+05:30,26.85,26.85,26.85,26.85,0,27000
2597,2022-06-03 13:42:00+05:30,26.85,26.85,26.85,26.85,0,27000
2598,2022-06-03 13:43:00+05:30,26.85,26.85,26.85,26.85,0,27000
2599,2022-06-03 13:44:00+05:30,26.85,26.85,26.85,26.85,0,27000
2600,2022-06-03 13:45:00+05:30,27.75,27.75,27.75,27.75,300,27000
2601,2022-06-03 13:46:00+05:30,27.75,27.75,27.75,27.75,0,27000
2602,2022-06-03 13:47:00+05:30,27.75,27.95,27.75,27.95,300,27000
2603,2022-06-03 13:48:00+05:30,27.95,28.0,27.95,28.0,300,27300
2604,2022-06-03 13:49:00+05:30,28.0,28.0,28.0,28.0,0,27300
2605,2022-06-03 13:50:00+05:30,28.0,28.0,28.0,28.0,0,27300
2606,2022-06-03 13:51:00+05:30,28.0,28.0,28.0,28.0,0,27300
2607,2022-06-03 13:52:00+05:30,28.0,28.0,28.0,28.0,0,27300
2608,2022-06-03 13:53:00+05:30,28.0,28.0,28.0,28.0,0,27300
2609,2022-06-03 13:54:00+05:30,28.0,28.0,28.0,28.0,0,27300
2610,2022-06-03 13:55:00+05:30,28.0,28.0,28.0,28.0,0,27300
2611,2022-06-03 13:56:00+05:30,28.0,28.0,28.0,28.0,0,27300
2612,2022-06-03 13:57:00+05:30,28.0,28.0,26.1,26.1,300,27300
2613,2022-06-03 13:58:00+05:30,26.1,26.1,26.1,26.1,0,27300
2614,2022-06-03 13:59:00+05:30,26.1,26.1,26.1,26.1,0,27300
2615,2022-06-03 14:00:00+05:30,26.1,26.1,26.1,26.1,0,27300
2616,2022-06-03 14:01:00+05:30,26.1,26.1,26.1,26.1,0,27300
2617,2022-06-03 14:02:00+05:30,26.1,26.1,26.1,26.1,0,27300
2618,2022-06-03 14:03:00+05:30,26.1,26.1,26.1,26.1,0,27300
2619,2022-06-03 14:04:00+05:30,26.1,26.1,26.1,26.1,0,27300
2620,2022-06-03 14:05:00+05:30,27.05,27.05,27.05,27.05,300,27300
2621,2022-06-03 14:06:00+05:30,27.05,27.05,27.05,27.05,0,27300
2622,2022-06-03 14:07:00+05:30,27.05,27.05,27.05,27.05,0,27300
2623,2022-06-03 14:08:00+05:30,27.05,27.05,27.05,27.05,0,27300
2624,2022-06-03 14:09:00+05:30,27.05,27.05,27.05,27.05,0,27300
2625,2022-06-03 14:10:00+05:30,27.05,27.05,27.05,27.05,0,27300
2626,2022-06-03 14:11:00+05:30,27.05,27.05,27.05,27.05,0,27300
2627,2022-06-03 14:12:00+05:30,27.05,27.05,27.05,27.05,0,27300
2628,2022-06-03 14:13:00+05:30,27.05,27.05,27.05,27.05,0,27300
2629,2022-06-03 14:14:00+05:30,27.05,27.05,27.05,27.05,0,27300
2630,2022-06-03 14:15:00+05:30,27.05,27.05,27.05,27.05,0,27300
2631,2022-06-03 14:16:00+05:30,27.05,27.05,27.05,27.05,0,27300
2632,2022-06-03 14:17:00+05:30,27.05,27.05,27.05,27.05,0,27300
2633,2022-06-03 14:18:00+05:30,27.05,27.05,27.05,27.05,0,27300
2634,2022-06-03 14:19:00+05:30,27.05,27.05,27.05,27.05,0,27300
2635,2022-06-03 14:20:00+05:30,27.05,27.05,27.05,27.05,0,27300
2636,2022-06-03 14:21:00+05:30,27.05,27.05,27.05,27.05,0,27300
2637,2022-06-03 14:22:00+05:30,27.05,27.05,27.05,27.05,0,27300
2638,2022-06-03 14:23:00+05:30,27.05,27.05,27.05,27.05,0,27300
2639,2022-06-03 14:24:00+05:30,27.05,27.05,27.05,27.05,0,27300
2640,2022-06-03 14:25:00+05:30,27.05,27.05,27.05,27.05,0,27300
2641,2022-06-03 14:26:00+05:30,27.05,27.05,27.05,27.05,0,27300
2642,2022-06-03 14:27:00+05:30,27.05,27.05,27.05,27.05,0,27300
2643,2022-06-03 14:28:00+05:30,27.05,27.05,27.05,27.05,0,27300
2644,2022-06-03 14:29:00+05:30,27.05,27.05,27.05,27.05,0,27300
2645,2022-06-03 14:30:00+05:30,27.05,27.05,27.05,27.05,0,27300
2646,2022-06-03 14:31:00+05:30,27.05,27.05,27.05,27.05,0,27300
2647,2022-06-03 14:32:00+05:30,27.05,27.6,27.05,27.6,900,27300
2648,2022-06-03 14:33:00+05:30,27.6,27.6,27.6,27.6,0,27300
2649,2022-06-03 14:34:00+05:30,27.6,27.6,27.6,27.6,0,27300
2650,2022-06-03 14:35:00+05:30,27.6,27.6,27.6,27.6,0,27300
2651,2022-06-03 14:36:00+05:30,27.6,27.6,27.6,27.6,0,27300
2652,2022-06-03 14:37:00+05:30,27.6,27.6,27.6,27.6,0,27300
2653,2022-06-03 14:38:00+05:30,27.6,27.6,27.6,27.6,0,27300
2654,2022-06-03 14:39:00+05:30,27.6,27.6,27.6,27.6,0,27300
2655,2022-06-03 14:40:00+05:30,27.6,27.6,27.6,27.6,0,27300
2656,2022-06-03 14:41:00+05:30,27.6,27.6,27.6,27.6,0,27300
2657,2022-06-03 14:42:00+05:30,27.6,27.6,27.6,27.6,0,27300
2658,2022-06-03 14:43:00+05:30,27.6,27.6,27.6,27.6,0,27300
2659,2022-06-03 14:44:00+05:30,27.6,27.6,27.6,27.6,0,27300
2660,2022-06-03 14:45:00+05:30,27.6,30.0,27.6,30.0,300,27300
2661,2022-06-03 14:46:00+05:30,30.0,30.0,30.0,30.0,0,27300
2662,2022-06-03 14:47:00+05:30,30.0,30.0,30.0,30.0,0,27300
2663,2022-06-03 14:48:00+05:30,31.85,31.85,30.0,31.85,600,27300
2664,2022-06-03 14:49:00+05:30,31.85,31.85,31.85,31.85,0,27300
2665,2022-06-03 14:50:00+05:30,31.85,31.85,31.85,31.85,0,27300
2666,2022-06-03 14:51:00+05:30,31.85,31.85,31.6,31.6,0,28200
2667,2022-06-03 14:52:00+05:30,31.6,31.6,31.6,31.6,300,28200
2668,2022-06-03 14:53:00+05:30,31.6,31.6,31.6,31.6,0,28200
2669,2022-06-03 14:54:00+05:30,31.6,31.6,31.6,31.6,0,28200
2670,2022-06-03 14:55:00+05:30,31.6,31.6,31.6,31.6,0,28200
2671,2022-06-03 14:56:00+05:30,31.6,31.6,31.6,31.6,0,28200
2672,2022-06-03 14:57:00+05:30,31.6,31.6,31.6,31.6,0,28200
2673,2022-06-03 14:58:00+05:30,31.6,32.0,31.6,32.0,0,28200
2674,2022-06-03 14:59:00+05:30,32.0,33.0,32.0,33.0,300,28200
2675,2022-06-03 15:00:00+05:30,33.0,33.3,33.0,33.3,300,28500
2676,2022-06-03 15:01:00+05:30,33.3,33.3,33.3,33.3,300,28500
2677,2022-06-03 15:02:00+05:30,33.3,33.3,33.3,33.3,0,28500
2678,2022-06-03 15:03:00+05:30,33.3,33.3,33.3,33.3,0,28500
2679,2022-06-03 15:04:00+05:30,33.3,33.3,33.3,33.3,0,28500
2680,2022-06-03 15:05:00+05:30,33.3,33.3,33.3,33.3,0,28500
2681,2022-06-03 15:06:00+05:30,33.3,33.3,33.3,33.3,0,28500
2682,2022-06-03 15:07:00+05:30,33.3,33.3,33.3,33.3,300,28800
2683,2022-06-03 15:08:00+05:30,33.3,33.3,33.3,33.3,0,28800
2684,2022-06-03 15:09:00+05:30,33.3,33.3,33.3,33.3,0,28800
2685,2022-06-03 15:10:00+05:30,33.3,33.3,33.3,33.3,0,28800
2686,2022-06-03 15:11:00+05:30,33.3,33.3,33.3,33.3,0,28800
2687,2022-06-03 15:12:00+05:30,33.3,33.3,33.3,33.3,0,28800
2688,2022-06-03 15:13:00+05:30,33.3,33.3,33.3,33.3,0,28800
2689,2022-06-03 15:14:00+05:30,33.3,33.3,33.3,33.3,0,28800
2690,2022-06-03 15:15:00+05:30,33.3,33.3,33.3,33.3,0,28800
2691,2022-06-03 15:16:00+05:30,33.3,33.3,33.3,33.3,0,28800
2692,2022-06-03 15:17:00+05:30,33.3,33.3,33.3,33.3,0,28800
2693,2022-06-03 15:18:00+05:30,33.3,33.3,33.3,33.3,0,28800
2694,2022-06-03 15:19:00+05:30,33.3,33.3,33.3,33.3,0,28800
2695,2022-06-03 15:20:00+05:30,33.3,33.3,33.3,33.3,0,28800
2696,2022-06-03 15:21:00+05:30,33.3,33.3,33.3,33.3,0,28800
2697,2022-06-03 15:22:00+05:30,33.3,33.3,31.2,31.2,900,28800
2698,2022-06-03 15:23:00+05:30,31.2,31.2,31.2,31.2,0,28800
2699,2022-06-03 15:24:00+05:30,31.2,31.2,31.2,31.2,0,28800
2700,2022-06-03 15:25:00+05:30,31.2,32.2,31.2,32.0,600,29700
2701,2022-06-03 15:26:00+05:30,32.0,32.0,32.0,32.0,0,29700
2702,2022-06-03 15:27:00+05:30,32.0,32.0,32.0,32.0,0,29700
2703,2022-06-03 15:28:00+05:30,32.0,32.0,32.0,32.0,0,29700
2704,2022-06-03 15:29:00+05:30,32.0,32.0,32.0,32.0,0,29700
2705,2022-06-06 09:39:00+05:30,40.0,40.7,40.0,40.7,300,30000
2706,2022-06-06 09:40:00+05:30,40.7,40.7,40.7,40.7,0,30000
2707,2022-06-06 09:41:00+05:30,40.7,40.7,40.7,40.7,0,30000
2708,2022-06-06 09:42:00+05:30,40.7,40.7,40.7,40.7,0,30000
2709,2022-06-06 09:43:00+05:30,40.7,40.7,40.7,40.7,0,30000
2710,2022-06-06 09:44:00+05:30,40.7,40.7,40.7,40.7,0,30000
2711,2022-06-06 09:45:00+05:30,40.7,40.7,40.7,40.7,0,30000
2712,2022-06-06 09:46:00+05:30,40.7,40.7,40.7,40.7,0,30000
2713,2022-06-06 09:47:00+05:30,40.7,40.7,40.7,40.7,0,30000
2714,2022-06-06 09:48:00+05:30,40.7,40.7,40.7,40.7,0,30000
2715,2022-06-06 09:49:00+05:30,42.45,42.45,42.45,42.45,300,29400
2716,2022-06-06 09:50:00+05:30,42.45,42.45,42.45,42.45,0,29400
2717,2022-06-06 09:51:00+05:30,42.45,43.85,42.45,43.85,600,29400
2718,2022-06-06 09:52:00+05:30,43.85,43.85,43.85,43.85,0,29400
2719,2022-06-06 09:53:00+05:30,43.85,43.85,43.85,43.85,0,29400
2720,2022-06-06 09:54:00+05:30,43.85,43.85,43.85,43.85,0,29400
2721,2022-06-06 09:55:00+05:30,43.85,43.85,43.85,43.85,0,29400
2722,2022-06-06 09:56:00+05:30,43.85,43.85,43.85,43.85,0,29400
2723,2022-06-06 09:57:00+05:30,43.85,43.85,43.85,43.85,0,29400
2724,2022-06-06 09:58:00+05:30,43.85,44.75,43.85,44.75,300,29100
2725,2022-06-06 09:59:00+05:30,44.75,44.75,44.75,44.75,0,29100
2726,2022-06-06 10:00:00+05:30,44.75,45.05,44.75,45.05,300,28800
2727,2022-06-06 10:01:00+05:30,45.05,45.05,45.05,45.05,0,28800
2728,2022-06-06 10:02:00+05:30,45.05,45.05,43.7,43.7,600,28800
2729,2022-06-06 10:03:00+05:30,43.7,43.7,43.7,43.7,0,28800
2730,2022-06-06 10:04:00+05:30,43.7,43.7,43.7,43.7,0,28800
2731,2022-06-06 10:05:00+05:30,45.55,45.55,43.7,45.55,300,28800
2732,2022-06-06 10:06:00+05:30,46.05,46.05,46.05,46.05,300,28500
2733,2022-06-06 10:07:00+05:30,46.05,46.05,46.05,46.05,0,28500
2734,2022-06-06 10:08:00+05:30,46.05,46.05,46.05,46.05,0,28500
2735,2022-06-06 10:09:00+05:30,46.05,46.05,46.05,46.05,0,28500
2736,2022-06-06 10:10:00+05:30,46.05,46.05,46.05,46.05,0,28500
2737,2022-06-06 10:11:00+05:30,44.85,44.85,44.85,44.85,300,28200
2738,2022-06-06 10:12:00+05:30,44.85,44.85,44.85,44.85,0,28200
2739,2022-06-06 10:13:00+05:30,44.85,44.85,44.85,44.85,0,28200
2740,2022-06-06 10:14:00+05:30,44.85,44.85,44.85,44.85,0,28200
2741,2022-06-06 10:15:00+05:30,44.85,44.85,44.85,44.85,0,28200
2742,2022-06-06 10:16:00+05:30,44.85,46.8,44.85,46.8,300,28200
2743,2022-06-06 10:17:00+05:30,46.8,46.8,46.8,46.8,0,28200
2744,2022-06-06 10:18:00+05:30,46.8,46.8,46.8,46.8,0,28200
2745,2022-06-06 10:19:00+05:30,46.8,46.8,46.8,46.8,0,28200
2746,2022-06-06 10:20:00+05:30,46.8,46.8,46.8,46.8,0,28200
2747,2022-06-06 10:21:00+05:30,46.8,46.8,46.8,46.8,0,28200
2748,2022-06-06 10:22:00+05:30,46.8,46.8,46.8,46.8,0,28200
2749,2022-06-06 10:23:00+05:30,46.8,46.8,46.8,46.8,0,28200
2750,2022-06-06 10:24:00+05:30,46.8,46.8,45.0,45.0,300,27900
2751,2022-06-06 10:25:00+05:30,45.0,45.0,45.0,45.0,0,27900
2752,2022-06-06 10:26:00+05:30,45.0,45.0,45.0,45.0,0,27900
2753,2022-06-06 10:27:00+05:30,45.0,45.0,45.0,45.0,0,27900
2754,2022-06-06 10:28:00+05:30,45.0,45.0,45.0,45.0,0,27900
2755,2022-06-06 10:29:00+05:30,45.0,45.0,45.0,45.0,0,27900
2756,2022-06-06 10:30:00+05:30,45.0,45.0,45.0,45.0,0,27900
2757,2022-06-06 10:31:00+05:30,45.0,45.0,45.0,45.0,1200,28200
2758,2022-06-06 10:32:00+05:30,45.0,45.0,45.0,45.0,0,28200
2759,2022-06-06 10:33:00+05:30,45.0,45.0,44.4,44.4,0,29400
2760,2022-06-06 10:34:00+05:30,44.4,44.4,44.1,44.1,900,29400
2761,2022-06-06 10:35:00+05:30,44.1,44.1,44.1,44.1,0,29400
2762,2022-06-06 10:36:00+05:30,44.1,44.1,44.1,44.1,0,29400
2763,2022-06-06 10:37:00+05:30,44.1,44.1,44.1,44.1,0,29400
2764,2022-06-06 10:38:00+05:30,44.1,44.1,44.1,44.1,0,29400
2765,2022-06-06 10:39:00+05:30,44.1,45.0,44.1,45.0,300,30000
2766,2022-06-06 10:40:00+05:30,45.0,45.0,45.0,45.0,0,30000
2767,2022-06-06 10:41:00+05:30,45.0,45.0,45.0,45.0,0,30000
2768,2022-06-06 10:42:00+05:30,45.0,45.0,45.0,45.0,0,30000
2769,2022-06-06 10:43:00+05:30,45.0,45.0,45.0,45.0,0,30000
2770,2022-06-06 10:44:00+05:30,45.0,45.0,45.0,45.0,0,30000
2771,2022-06-06 10:45:00+05:30,45.0,45.0,45.0,45.0,0,30000
2772,2022-06-06 10:46:00+05:30,45.0,45.0,45.0,45.0,0,30000
2773,2022-06-06 10:47:00+05:30,45.0,45.0,45.0,45.0,0,30000
2774,2022-06-06 10:48:00+05:30,45.0,45.0,45.0,45.0,0,30000
2775,2022-06-06 10:49:00+05:30,45.0,45.0,45.0,45.0,0,30000
2776,2022-06-06 10:50:00+05:30,45.0,45.0,45.0,45.0,0,30000
2777,2022-06-06 10:51:00+05:30,45.0,45.0,45.0,45.0,0,30000
2778,2022-06-06 10:52:00+05:30,45.0,45.0,45.0,45.0,0,30000
2779,2022-06-06 10:53:00+05:30,45.0,45.0,45.0,45.0,0,30000
2780,2022-06-06 10:54:00+05:30,45.0,45.0,45.0,45.0,0,30000
2781,2022-06-06 10:55:00+05:30,45.0,45.0,45.0,45.0,0,30000
2782,2022-06-06 10:56:00+05:30,45.0,45.0,45.0,45.0,0,30000
2783,2022-06-06 10:57:00+05:30,45.0,45.0,45.0,45.0,0,30000
2784,2022-06-06 10:58:00+05:30,45.0,45.0,43.1,43.1,0,29700
2785,2022-06-06 10:59:00+05:30,43.1,43.1,41.2,41.2,600,29700
2786,2022-06-06 11:00:00+05:30,41.2,41.2,41.2,41.2,0,29700
2787,2022-06-06 11:01:00+05:30,41.2,41.2,41.2,41.2,0,29700
2788,2022-06-06 11:02:00+05:30,41.2,41.2,41.2,41.2,0,29700
2789,2022-06-06 11:03:00+05:30,41.2,41.2,41.2,41.2,0,29700
2790,2022-06-06 11:04:00+05:30,41.2,41.2,41.2,41.2,0,29700
2791,2022-06-06 11:05:00+05:30,41.2,41.2,41.2,41.2,0,29700
2792,2022-06-06 11:06:00+05:30,41.2,41.2,41.2,41.2,0,29700
2793,2022-06-06 11:07:00+05:30,41.2,41.2,41.2,41.2,0,29700
2794,2022-06-06 11:08:00+05:30,41.2,41.2,41.2,41.2,0,29700
2795,2022-06-06 11:09:00+05:30,41.2,41.2,41.2,41.2,0,29700
2796,2022-06-06 11:10:00+05:30,43.95,43.95,43.6,43.6,600,30300
2797,2022-06-06 11:11:00+05:30,43.6,43.6,43.6,43.6,0,30300
2798,2022-06-06 11:12:00+05:30,43.6,43.6,43.6,43.6,0,30300
2799,2022-06-06 11:13:00+05:30,43.6,43.6,43.6,43.6,0,30300
2800,2022-06-06 11:14:00+05:30,43.6,43.6,43.6,43.6,0,30300
2801,2022-06-06 11:15:00+05:30,43.6,43.6,43.6,43.6,0,30300
2802,2022-06-06 11:16:00+05:30,43.6,43.6,43.6,43.6,0,30300
2803,2022-06-06 11:17:00+05:30,43.6,43.6,43.6,43.6,0,30300
2804,2022-06-06 11:18:00+05:30,43.6,43.6,43.6,43.6,300,30900
2805,2022-06-06 11:19:00+05:30,43.6,43.6,43.6,43.6,0,30900
2806,2022-06-06 11:20:00+05:30,43.6,43.6,43.6,43.6,0,30900
2807,2022-06-06 11:21:00+05:30,43.6,43.6,43.6,43.6,0,30900
2808,2022-06-06 11:22:00+05:30,43.6,43.7,43.6,43.7,0,31200
2809,2022-06-06 11:23:00+05:30,43.7,43.7,43.7,43.7,300,31200
2810,2022-06-06 11:24:00+05:30,43.7,43.7,43.7,43.7,0,31200
2811,2022-06-06 11:25:00+05:30,43.7,43.7,43.7,43.7,0,31200
2812,2022-06-06 11:26:00+05:30,43.7,43.7,41.9,41.9,300,31500
2813,2022-06-06 11:27:00+05:30,41.9,41.9,41.55,41.55,300,31800
2814,2022-06-06 11:28:00+05:30,41.55,41.55,41.55,41.55,0,31800
2815,2022-06-06 11:29:00+05:30,41.55,41.55,41.55,41.55,0,31800
2816,2022-06-06 11:30:00+05:30,41.55,41.55,41.55,41.55,0,31800
2817,2022-06-06 11:31:00+05:30,41.55,41.55,41.55,41.55,0,31800
2818,2022-06-06 11:32:00+05:30,41.55,41.55,41.55,41.55,0,31800
2819,2022-06-06 11:33:00+05:30,41.55,41.55,41.55,41.55,0,31800
2820,2022-06-06 11:34:00+05:30,41.55,41.55,41.55,41.55,0,31800
2821,2022-06-06 11:35:00+05:30,41.55,41.55,41.55,41.55,0,31800
2822,2022-06-06 11:36:00+05:30,41.55,41.55,41.55,41.55,0,31800
2823,2022-06-06 11:37:00+05:30,41.55,41.55,41.55,41.55,300,31500
2824,2022-06-06 11:38:00+05:30,41.55,41.55,41.55,41.55,0,31500
2825,2022-06-06 11:39:00+05:30,41.55,41.55,41.55,41.55,0,31500
2826,2022-06-06 11:40:00+05:30,41.55,41.55,41.55,41.55,0,31500
2827,2022-06-06 11:41:00+05:30,41.55,41.55,41.55,41.55,0,31500
2828,2022-06-06 11:42:00+05:30,41.55,41.55,41.55,41.55,0,31500
2829,2022-06-06 11:43:00+05:30,41.55,41.55,41.55,41.55,0,31500
2830,2022-06-06 11:44:00+05:30,41.55,41.55,41.55,41.55,0,31500
2831,2022-06-06 11:45:00+05:30,41.55,41.55,41.55,41.55,0,31500
2832,2022-06-06 11:46:00+05:30,41.55,41.55,41.55,41.55,0,31500
2833,2022-06-06 11:47:00+05:30,41.55,41.55,41.55,41.55,0,31500
2834,2022-06-06 11:48:00+05:30,41.55,41.55,41.55,41.55,0,31500
2835,2022-06-06 11:49:00+05:30,41.55,41.55,41.55,41.55,0,31500
2836,2022-06-06 11:50:00+05:30,41.55,41.55,41.55,41.55,0,31500
2837,2022-06-06 11:51:00+05:30,41.55,41.55,41.55,41.55,0,31500
2838,2022-06-06 11:52:00+05:30,41.55,41.55,41.55,41.55,0,31500
2839,2022-06-06 11:53:00+05:30,41.55,41.55,41.55,41.55,0,31500
2840,2022-06-06 11:54:00+05:30,41.55,41.55,41.55,41.55,0,31500
2841,2022-06-06 11:55:00+05:30,41.55,41.55,41.55,41.55,0,31500
2842,2022-06-06 11:56:00+05:30,41.55,41.55,41.55,41.55,0,31500
2843,2022-06-06 11:57:00+05:30,41.55,41.55,41.55,41.55,0,31500
2844,2022-06-06 11:58:00+05:30,41.55,41.55,41.55,41.55,0,31500
2845,2022-06-06 11:59:00+05:30,41.55,41.55,41.55,41.55,0,31500
2846,2022-06-06 12:00:00+05:30,41.55,41.55,41.55,41.55,0,31500
2847,2022-06-06 12:01:00+05:30,41.55,41.55,41.55,41.55,0,31500
2848,2022-06-06 12:02:00+05:30,41.55,41.55,41.55,41.55,0,31500
2849,2022-06-06 12:03:00+05:30,41.55,41.55,37.35,37.35,300,31800
2850,2022-06-06 12:04:00+05:30,37.35,37.35,37.35,37.35,0,31800
2851,2022-06-06 12:05:00+05:30,37.35,37.35,37.35,37.35,0,31800
2852,2022-06-06 12:06:00+05:30,37.35,37.35,37.35,37.35,0,31800
2853,2022-06-06 12:07:00+05:30,37.35,37.35,37.35,37.35,0,31800
2854,2022-06-06 12:08:00+05:30,37.35,37.35,37.35,37.35,0,31800
2855,2022-06-06 12:09:00+05:30,37.35,37.35,37.35,37.35,0,31800
2856,2022-06-06 12:10:00+05:30,37.35,37.35,37.35,37.35,0,31800
2857,2022-06-06 12:11:00+05:30,37.35,37.35,37.35,37.35,0,31800
2858,2022-06-06 12:12:00+05:30,37.35,37.35,37.35,37.35,0,31800
2859,2022-06-06 12:13:00+05:30,37.35,37.35,37.35,37.35,0,31800
2860,2022-06-06 12:14:00+05:30,37.35,37.35,37.35,37.35,0,31800
2861,2022-06-06 12:15:00+05:30,37.35,37.35,37.35,37.35,0,31800
2862,2022-06-06 12:16:00+05:30,37.35,37.35,37.35,37.35,0,31800
2863,2022-06-06 12:17:00+05:30,37.35,37.35,37.35,37.35,0,31800
2864,2022-06-06 12:18:00+05:30,37.35,37.35,37.35,37.35,0,31800
2865,2022-06-06 12:19:00+05:30,37.35,37.35,37.35,37.35,0,31800
2866,2022-06-06 12:20:00+05:30,37.35,37.35,37.35,37.35,0,31800
2867,2022-06-06 12:21:00+05:30,37.35,37.35,37.35,37.35,0,31800
2868,2022-06-06 12:22:00+05:30,37.35,37.35,37.35,37.35,0,31800
2869,2022-06-06 12:23:00+05:30,37.35,37.35,37.35,37.35,0,31800
2870,2022-06-06 12:24:00+05:30,37.35,37.35,37.35,37.35,0,31800
2871,2022-06-06 12:25:00+05:30,37.35,37.35,37.35,37.35,0,31800
2872,2022-06-06 12:26:00+05:30,37.35,37.35,37.35,37.35,0,31800
2873,2022-06-06 12:27:00+05:30,37.35,37.35,37.35,37.35,0,31800
2874,2022-06-06 12:28:00+05:30,37.35,37.35,37.35,37.35,0,31800
2875,2022-06-06 12:29:00+05:30,37.35,37.35,37.35,37.35,0,31800
2876,2022-06-06 12:30:00+05:30,37.35,37.35,37.35,37.35,0,31800
2877,2022-06-06 12:31:00+05:30,37.35,37.35,37.35,37.35,0,31800
2878,2022-06-06 12:32:00+05:30,37.35,37.35,37.35,37.35,0,31800
2879,2022-06-06 12:33:00+05:30,37.35,37.35,37.35,37.35,0,31800
2880,2022-06-06 12:34:00+05:30,37.35,37.35,37.35,37.35,0,31800
2881,2022-06-06 12:35:00+05:30,37.35,37.35,37.35,37.35,0,31800
2882,2022-06-06 12:36:00+05:30,37.35,37.35,37.35,37.35,0,31800
2883,2022-06-06 12:37:00+05:30,37.35,37.35,37.35,37.35,0,31800
2884,2022-06-06 12:38:00+05:30,37.35,37.35,37.35,37.35,0,31800
2885,2022-06-06 12:39:00+05:30,37.35,37.35,37.35,37.35,0,31800
2886,2022-06-06 12:40:00+05:30,37.35,37.35,37.35,37.35,0,31800
2887,2022-06-06 12:41:00+05:30,37.35,37.35,37.35,37.35,0,31800
2888,2022-06-06 12:42:00+05:30,37.35,37.35,37.35,37.35,0,31800
2889,2022-06-06 12:43:00+05:30,37.35,37.35,37.35,37.35,0,31800
2890,2022-06-06 12:44:00+05:30,37.35,37.35,37.35,37.35,0,31800
2891,2022-06-06 12:45:00+05:30,37.35,37.35,34.0,34.0,300,31800
2892,2022-06-06 12:46:00+05:30,34.0,34.0,34.0,34.0,0,31800
2893,2022-06-06 12:47:00+05:30,34.0,34.0,34.0,34.0,0,31800
2894,2022-06-06 12:48:00+05:30,34.0,34.0,34.0,34.0,0,31800
2895,2022-06-06 12:49:00+05:30,34.0,34.0,34.0,34.0,0,31800
2896,2022-06-06 12:50:00+05:30,34.0,34.0,34.0,34.0,0,31800
2897,2022-06-06 12:51:00+05:30,34.0,34.0,34.0,34.0,0,31800
2898,2022-06-06 12:52:00+05:30,34.0,34.0,34.0,34.0,0,31800
2899,2022-06-06 12:53:00+05:30,34.0,34.0,34.0,34.0,0,31800
2900,2022-06-06 12:54:00+05:30,34.0,34.0,34.0,34.0,0,31800
2901,2022-06-06 12:55:00+05:30,34.0,34.0,34.0,34.0,0,31800
2902,2022-06-06 12:56:00+05:30,34.0,34.0,34.0,34.0,0,31800
2903,2022-06-06 12:57:00+05:30,34.0,35.0,34.0,35.0,300,32100
2904,2022-06-06 12:58:00+05:30,35.0,35.0,35.0,35.0,0,32100
2905,2022-06-06 12:59:00+05:30,35.0,35.0,35.0,35.0,0,32100
2906,2022-06-06 13:00:00+05:30,35.0,35.0,35.0,35.0,0,32100
2907,2022-06-06 13:01:00+05:30,35.0,35.0,35.0,35.0,0,32100
2908,2022-06-06 13:02:00+05:30,35.0,35.0,35.0,35.0,0,32100
2909,2022-06-06 13:03:00+05:30,35.0,35.55,35.0,35.55,300,32400
2910,2022-06-06 13:04:00+05:30,35.55,35.55,35.55,35.55,0,32400
2911,2022-06-06 13:05:00+05:30,35.55,35.55,35.55,35.55,0,32400
2912,2022-06-06 13:06:00+05:30,35.55,35.55,35.55,35.55,0,32400
2913,2022-06-06 13:07:00+05:30,35.55,35.55,35.55,35.55,0,32400
2914,2022-06-06 13:08:00+05:30,35.55,35.55,35.55,35.55,0,32400
2915,2022-06-06 13:09:00+05:30,35.55,35.55,35.55,35.55,0,32400
2916,2022-06-06 13:10:00+05:30,35.55,35.55,35.55,35.55,0,32400
2917,2022-06-06 13:11:00+05:30,35.55,35.55,35.55,35.55,0,32400
2918,2022-06-06 13:12:00+05:30,35.55,35.55,35.55,35.55,0,32400
2919,2022-06-06 13:13:00+05:30,35.55,35.55,35.55,35.55,0,32400
2920,2022-06-06 13:14:00+05:30,35.55,35.55,33.05,33.05,300,32700
2921,2022-06-06 13:15:00+05:30,33.05,33.05,33.05,33.05,0,32700
2922,2022-06-06 13:16:00+05:30,33.05,33.05,33.05,33.05,0,32700
2923,2022-06-06 13:17:00+05:30,33.05,33.05,33.05,33.05,0,32700
2924,2022-06-06 13:18:00+05:30,33.05,33.05,33.05,33.05,0,32700
2925,2022-06-06 13:19:00+05:30,33.05,33.05,33.05,33.05,0,32700
2926,2022-06-06 13:20:00+05:30,33.05,33.05,33.05,33.05,0,32700
2927,2022-06-06 13:21:00+05:30,33.05,33.05,33.05,33.05,0,32700
2928,2022-06-06 13:22:00+05:30,33.05,33.05,33.05,33.05,0,32700
2929,2022-06-06 13:23:00+05:30,33.05,33.05,33.05,33.05,0,32700
2930,2022-06-06 13:24:00+05:30,33.05,33.05,33.05,33.05,0,32700
2931,2022-06-06 13:25:00+05:30,33.05,33.05,33.05,33.05,0,32700
2932,2022-06-06 13:26:00+05:30,33.05,33.05,33.05,33.05,0,32700
2933,2022-06-06 13:27:00+05:30,33.05,33.05,33.05,33.05,0,32700
2934,2022-06-06 13:28:00+05:30,33.05,33.05,33.05,33.05,0,32700
2935,2022-06-06 13:29:00+05:30,33.05,33.05,33.05,33.05,0,32700
2936,2022-06-06 13:30:00+05:30,33.05,33.05,33.05,33.05,0,32700
2937,2022-06-06 13:31:00+05:30,33.05,33.05,33.05,33.05,0,32700
2938,2022-06-06 13:32:00+05:30,33.05,33.05,33.05,33.05,0,32700
2939,2022-06-06 13:33:00+05:30,33.05,33.05,33.05,33.05,0,32700
2940,2022-06-06 13:34:00+05:30,33.05,33.05,33.05,33.05,0,32700
2941,2022-06-06 13:35:00+05:30,33.05,33.05,33.05,33.05,0,32700
2942,2022-06-06 13:36:00+05:30,33.05,33.05,33.05,33.05,0,32700
2943,2022-06-06 13:37:00+05:30,33.05,33.05,33.05,33.05,0,32700
2944,2022-06-06 13:38:00+05:30,33.05,33.05,33.05,33.05,0,32700
2945,2022-06-06 13:39:00+05:30,33.05,33.05,33.05,33.05,0,32700
2946,2022-06-06 13:40:00+05:30,33.05,33.05,33.05,33.05,0,32700
2947,2022-06-06 13:41:00+05:30,33.05,33.05,33.05,33.05,0,32700
2948,2022-06-06 13:42:00+05:30,33.05,33.05,33.05,33.05,0,32700
2949,2022-06-06 13:43:00+05:30,33.05,33.05,33.05,33.05,0,32700
2950,2022-06-06 13:44:00+05:30,33.05,33.05,33.05,33.05,0,32700
2951,2022-06-06 13:45:00+05:30,33.05,33.05,33.05,33.05,0,32700
2952,2022-06-06 13:46:00+05:30,33.05,33.05,33.05,33.05,0,32700
2953,2022-06-06 13:47:00+05:30,33.05,33.05,33.05,33.05,0,32700
2954,2022-06-06 13:48:00+05:30,33.05,33.05,33.05,33.05,0,32700
2955,2022-06-06 13:49:00+05:30,33.05,33.05,33.05,33.05,0,32700
2956,2022-06-06 13:50:00+05:30,33.05,33.05,33.05,33.05,0,32700
2957,2022-06-06 13:51:00+05:30,33.05,33.05,33.05,33.05,0,32700
2958,2022-06-06 13:52:00+05:30,33.05,33.05,33.05,33.05,0,32700
2959,2022-06-06 13:53:00+05:30,33.05,33.05,33.05,33.05,0,32700
2960,2022-06-06 13:54:00+05:30,33.05,33.05,33.05,33.05,0,32700
2961,2022-06-06 13:55:00+05:30,33.05,33.05,33.05,33.05,0,32700
2962,2022-06-06 13:56:00+05:30,33.05,33.05,33.05,33.05,0,32700
2963,2022-06-06 13:57:00+05:30,33.05,33.05,33.05,33.05,0,32700
2964,2022-06-06 13:58:00+05:30,33.05,33.05,33.05,33.05,0,32700
2965,2022-06-06 13:59:00+05:30,33.05,33.05,33.05,33.05,0,32700
2966,2022-06-06 14:00:00+05:30,33.05,33.05,33.05,33.05,0,32700
2967,2022-06-06 14:01:00+05:30,33.05,33.05,33.05,33.05,0,32700
2968,2022-06-06 14:02:00+05:30,33.05,33.05,33.05,33.05,0,32700
2969,2022-06-06 14:03:00+05:30,33.05,33.05,33.05,33.05,0,32700
2970,2022-06-06 14:04:00+05:30,33.05,33.05,33.05,33.05,0,32700
2971,2022-06-06 14:05:00+05:30,33.05,33.05,33.05,33.05,0,32700
2972,2022-06-06 14:06:00+05:30,33.05,33.05,33.05,33.05,0,32700
2973,2022-06-06 14:07:00+05:30,33.05,33.05,33.05,33.05,0,32700
2974,2022-06-06 14:08:00+05:30,33.05,33.05,33.05,33.05,0,32700
2975,2022-06-06 14:09:00+05:30,33.5,33.5,33.5,33.5,300,32700
2976,2022-06-06 14:10:00+05:30,33.5,33.5,33.5,33.5,0,32700
2977,2022-06-06 14:11:00+05:30,33.5,33.5,33.5,33.5,0,32700
2978,2022-06-06 14:12:00+05:30,33.5,33.5,33.5,33.5,0,32700
2979,2022-06-06 14:13:00+05:30,33.5,33.5,33.5,33.5,0,32700
2980,2022-06-06 14:14:00+05:30,33.5,33.5,33.5,33.5,0,32700
2981,2022-06-06 14:15:00+05:30,33.5,33.5,33.5,33.5,0,32700
2982,2022-06-06 14:16:00+05:30,33.5,33.5,33.5,33.5,0,32700
2983,2022-06-06 14:17:00+05:30,33.5,33.5,33.5,33.5,0,32700
2984,2022-06-06 14:18:00+05:30,33.5,33.5,33.5,33.5,0,32700
2985,2022-06-06 14:19:00+05:30,33.5,33.5,33.5,33.5,0,32700
2986,2022-06-06 14:20:00+05:30,33.5,33.5,33.5,33.5,0,32700
2987,2022-06-06 14:21:00+05:30,33.5,33.5,33.5,33.5,0,32700
2988,2022-06-06 14:22:00+05:30,33.5,33.5,33.5,33.5,0,32700
2989,2022-06-06 14:23:00+05:30,33.5,33.5,33.5,33.5,0,32700
2990,2022-06-06 14:24:00+05:30,33.5,33.5,33.5,33.5,0,32700
2991,2022-06-06 14:25:00+05:30,33.5,37.8,33.5,37.8,300,32700
2992,2022-06-06 14:26:00+05:30,37.8,37.8,37.8,37.8,0,32700
2993,2022-06-06 14:27:00+05:30,37.8,37.8,37.8,37.8,0,32700
2994,2022-06-06 14:28:00+05:30,37.8,37.8,37.8,37.8,0,32700
2995,2022-06-06 14:29:00+05:30,37.8,37.8,37.8,37.8,0,32700
2996,2022-06-06 14:30:00+05:30,37.8,37.8,37.8,37.8,0,32700
2997,2022-06-06 14:31:00+05:30,37.8,37.8,37.8,37.8,0,32700
2998,2022-06-06 14:32:00+05:30,37.8,37.8,37.8,37.8,0,32700
2999,2022-06-06 14:33:00+05:30,37.8,37.8,37.8,37.8,0,32700
3000,2022-06-06 14:34:00+05:30,37.8,37.8,37.8,37.8,0,32700
3001,2022-06-06 14:35:00+05:30,37.8,37.8,37.8,37.8,0,32700
3002,2022-06-06 14:36:00+05:30,37.8,37.8,37.8,37.8,0,32700
3003,2022-06-06 14:37:00+05:30,37.8,37.8,37.8,37.8,0,32700
3004,2022-06-06 14:38:00+05:30,37.8,37.8,37.8,37.8,0,32700
3005,2022-06-06 14:39:00+05:30,37.8,37.8,37.8,37.8,0,32700
3006,2022-06-06 14:40:00+05:30,37.8,37.8,37.8,37.8,0,32700
3007,2022-06-06 14:41:00+05:30,37.8,37.8,37.8,37.8,0,32700
3008,2022-06-06 14:42:00+05:30,37.8,37.8,37.8,37.8,0,32700
3009,2022-06-06 14:43:00+05:30,37.8,37.8,37.8,37.8,0,32700
3010,2022-06-06 14:44:00+05:30,37.8,37.8,37.8,37.8,0,32700
3011,2022-06-06 14:45:00+05:30,37.8,37.8,37.8,37.8,0,32700
3012,2022-06-06 14:46:00+05:30,37.8,37.8,37.8,37.8,0,32700
3013,2022-06-06 14:47:00+05:30,37.8,37.8,37.8,37.8,0,32700
3014,2022-06-06 14:48:00+05:30,37.8,37.8,37.8,37.8,0,32700
3015,2022-06-06 14:49:00+05:30,37.8,37.8,37.8,37.8,0,32700
3016,2022-06-06 14:50:00+05:30,37.8,37.8,37.8,37.8,0,32700
3017,2022-06-06 14:51:00+05:30,37.8,37.8,37.8,37.8,0,32700
3018,2022-06-06 14:52:00+05:30,37.8,37.8,37.8,37.8,0,32700
3019,2022-06-06 14:53:00+05:30,37.8,37.8,37.8,37.8,0,32700
3020,2022-06-06 14:54:00+05:30,37.8,37.8,37.8,37.8,0,32700
3021,2022-06-06 14:55:00+05:30,37.8,37.8,37.8,37.8,0,32700
3022,2022-06-06 14:56:00+05:30,37.8,37.8,37.8,37.8,0,32700
3023,2022-06-06 14:57:00+05:30,37.8,37.8,37.8,37.8,0,32700
3024,2022-06-06 14:58:00+05:30,37.8,37.8,37.8,37.8,0,32700
3025,2022-06-06 14:59:00+05:30,37.8,37.8,37.8,37.8,0,32700
3026,2022-06-06 15:00:00+05:30,37.8,37.8,37.8,37.8,0,32700
3027,2022-06-06 15:01:00+05:30,37.8,37.8,37.8,37.8,0,32700
3028,2022-06-06 15:02:00+05:30,37.8,37.8,37.8,37.8,0,32700
3029,2022-06-06 15:03:00+05:30,37.8,37.8,37.8,37.8,0,32700
3030,2022-06-06 15:04:00+05:30,37.8,37.8,37.8,37.8,0,32700
3031,2022-06-06 15:05:00+05:30,37.8,37.8,37.8,37.8,0,32700
3032,2022-06-06 15:06:00+05:30,37.8,37.8,37.8,37.8,0,32700
3033,2022-06-06 15:07:00+05:30,37.8,37.8,37.8,37.8,0,32700
3034,2022-06-06 15:08:00+05:30,37.8,37.8,37.8,37.8,0,32700
3035,2022-06-06 15:09:00+05:30,37.8,40.2,37.8,40.2,900,32700
3036,2022-06-06 15:10:00+05:30,40.2,40.2,39.95,39.95,300,32700
3037,2022-06-06 15:11:00+05:30,39.95,39.95,39.8,39.8,300,32700
3038,2022-06-06 15:12:00+05:30,39.8,39.8,39.8,39.8,0,32700
3039,2022-06-06 15:13:00+05:30,39.8,39.8,39.8,39.8,0,32700
3040,2022-06-06 15:14:00+05:30,39.8,39.8,39.45,39.45,900,33900
3041,2022-06-06 15:15:00+05:30,39.45,39.45,39.45,39.45,0,33900
3042,2022-06-06 15:16:00+05:30,39.45,40.0,39.45,40.0,300,34800
3043,2022-06-06 15:17:00+05:30,40.0,40.0,40.0,40.0,0,34800
3044,2022-06-06 15:18:00+05:30,40.0,40.0,40.0,40.0,0,34800
3045,2022-06-06 15:19:00+05:30,40.0,40.0,40.0,40.0,0,34800
3046,2022-06-06 15:20:00+05:30,40.0,40.0,40.0,40.0,0,34800
3047,2022-06-06 15:21:00+05:30,40.0,40.0,40.0,40.0,0,34800
3048,2022-06-06 15:22:00+05:30,40.0,40.0,39.0,39.0,300,34800
3049,2022-06-06 15:23:00+05:30,39.0,39.0,39.0,39.0,0,34800
3050,2022-06-06 15:24:00+05:30,39.0,39.7,39.0,39.3,600,34500
3051,2022-06-06 15:25:00+05:30,39.3,39.3,39.3,39.3,0,34500
3052,2022-06-06 15:26:00+05:30,39.3,39.3,39.3,39.3,0,34500
3053,2022-06-06 15:27:00+05:30,39.3,39.3,39.3,39.3,0,34500
3054,2022-06-06 15:28:00+05:30,39.3,39.3,39.3,39.3,300,33900
3055,2022-06-06 15:29:00+05:30,39.3,39.3,39.3,39.3,0,33900
3056,2022-06-07 09:56:00+05:30,44.9,44.9,44.9,44.9,0,34200
3057,2022-06-07 09:57:00+05:30,44.9,44.9,44.9,44.9,0,34200
3058,2022-06-07 09:58:00+05:30,44.9,44.9,44.9,44.9,0,34200
3059,2022-06-07 09:59:00+05:30,44.9,44.9,44.9,44.9,0,34200
3060,2022-06-07 10:00:00+05:30,44.9,46.35,44.9,46.35,300,34500
3061,2022-06-07 10:01:00+05:30,46.35,46.35,46.35,46.35,0,34500
3062,2022-06-07 10:02:00+05:30,46.35,46.35,46.35,46.35,0,34500
3063,2022-06-07 10:03:00+05:30,46.35,46.35,46.35,46.35,0,34500
3064,2022-06-07 10:04:00+05:30,46.35,46.35,46.35,46.35,0,34500
3065,2022-06-07 10:05:00+05:30,46.35,46.35,43.55,43.55,600,34500
3066,2022-06-07 10:06:00+05:30,43.55,43.55,43.25,43.25,300,34500
3067,2022-06-07 10:07:00+05:30,43.25,43.25,43.25,43.25,0,34500
3068,2022-06-07 10:08:00+05:30,43.25,43.25,43.25,43.25,0,34500
3069,2022-06-07 10:09:00+05:30,43.25,43.25,43.25,43.25,0,34500
3070,2022-06-07 10:10:00+05:30,43.25,43.25,42.35,42.35,300,34800
3071,2022-06-07 10:11:00+05:30,42.35,42.35,41.8,41.8,0,34800
3072,2022-06-07 10:12:00+05:30,41.8,41.8,40.7,40.7,600,34800
3073,2022-06-07 10:13:00+05:30,40.5,40.5,40.5,40.5,300,34800
3074,2022-06-07 10:14:00+05:30,40.5,40.5,39.0,39.0,0,34800
3075,2022-06-07 10:15:00+05:30,39.45,40.15,39.45,40.15,900,34800
3076,2022-06-07 10:16:00+05:30,40.15,40.5,40.15,40.5,300,34800
3077,2022-06-07 10:17:00+05:30,40.5,40.5,40.5,40.5,0,34800
3078,2022-06-07 10:18:00+05:30,40.5,40.5,40.5,40.5,0,34800
3079,2022-06-07 10:19:00+05:30,40.5,40.5,40.5,40.5,0,34800
3080,2022-06-07 10:20:00+05:30,40.5,40.5,40.5,40.5,0,34800
3081,2022-06-07 10:21:00+05:30,40.5,40.5,40.5,40.5,0,34800
3082,2022-06-07 10:22:00+05:30,40.5,42.55,40.5,42.55,300,34500
3083,2022-06-07 10:23:00+05:30,42.55,42.55,42.55,42.55,0,34500
3084,2022-06-07 10:24:00+05:30,42.55,42.55,42.55,42.55,0,34500
3085,2022-06-07 10:25:00+05:30,42.55,42.55,42.55,42.55,0,34500
3086,2022-06-07 10:26:00+05:30,42.55,42.55,42.55,42.55,0,34500
3087,2022-06-07 10:27:00+05:30,42.55,42.55,42.55,42.55,0,34500
3088,2022-06-07 10:28:00+05:30,42.55,42.55,40.55,40.55,300,34500
3089,2022-06-07 10:29:00+05:30,40.55,40.55,40.55,40.55,0,34500
3090,2022-06-07 10:30:00+05:30,39.65,39.65,39.65,39.65,300,34800
3091,2022-06-07 10:31:00+05:30,39.65,40.4,39.65,40.4,300,34800
3092,2022-06-07 10:32:00+05:30,40.4,40.4,40.4,40.4,0,34800
3093,2022-06-07 10:33:00+05:30,40.4,40.4,40.4,40.4,0,34800
3094,2022-06-07 10:34:00+05:30,40.4,40.4,40.3,40.3,300,35400
3095,2022-06-07 10:35:00+05:30,40.3,40.3,40.3,40.3,0,35400
3096,2022-06-07 10:36:00+05:30,40.3,40.3,40.3,40.3,0,35400
3097,2022-06-07 10:37:00+05:30,40.3,40.3,40.3,40.3,0,35400
3098,2022-06-07 10:38:00+05:30,40.3,40.3,40.3,40.3,0,35400
3099,2022-06-07 10:39:00+05:30,40.3,40.3,40.3,40.3,0,35400
3100,2022-06-07 10:40:00+05:30,40.3,40.3,40.3,40.3,0,35400
3101,2022-06-07 10:41:00+05:30,40.3,40.3,40.3,40.3,0,35400
3102,2022-06-07 10:42:00+05:30,40.3,40.3,40.3,40.3,0,35400
3103,2022-06-07 10:43:00+05:30,40.3,40.3,38.85,38.85,300,35400
3104,2022-06-07 10:44:00+05:30,38.85,38.85,38.85,38.85,0,35400
3105,2022-06-07 10:45:00+05:30,38.85,38.85,38.85,38.85,0,35400
3106,2022-06-07 10:46:00+05:30,38.85,38.85,38.85,38.85,0,35400
3107,2022-06-07 10:47:00+05:30,38.85,38.85,38.85,38.85,0,35400
3108,2022-06-07 10:48:00+05:30,38.85,38.85,38.85,38.85,0,35400
3109,2022-06-07 10:49:00+05:30,38.85,39.9,38.85,39.9,300,35700
3110,2022-06-07 10:50:00+05:30,39.9,40.05,39.9,40.05,900,36300
3111,2022-06-07 10:51:00+05:30,40.05,40.05,40.05,40.05,0,36300
3112,2022-06-07 10:52:00+05:30,40.05,40.05,40.05,40.05,0,36300
3113,2022-06-07 10:53:00+05:30,40.05,40.05,40.05,40.05,0,36300
3114,2022-06-07 10:54:00+05:30,40.05,40.05,40.05,40.05,0,36300
3115,2022-06-07 10:55:00+05:30,40.05,40.8,40.05,40.65,300,36600
3116,2022-06-07 10:56:00+05:30,40.65,40.65,39.75,40.45,1500,36600
3117,2022-06-07 10:57:00+05:30,40.45,40.45,39.5,39.5,300,38400
3118,2022-06-07 10:58:00+05:30,39.5,39.6,39.5,39.6,1800,38400
3119,2022-06-07 10:59:00+05:30,39.6,40.25,39.6,40.25,300,38400
3120,2022-06-07 11:00:00+05:30,40.25,40.25,40.0,40.0,300,39300
3121,2022-06-07 11:01:00+05:30,40.0,40.0,40.0,40.0,0,39300
3122,2022-06-07 11:02:00+05:30,40.0,40.0,39.0,39.0,0,39600
3123,2022-06-07 11:03:00+05:30,39.0,39.0,39.0,39.0,300,39600
3124,2022-06-07 11:04:00+05:30,39.0,39.0,38.2,38.2,300,39600
3125,2022-06-07 11:05:00+05:30,38.2,38.2,37.65,37.65,0,39900
3126,2022-06-07 11:06:00+05:30,37.65,38.0,37.65,38.0,600,39900
3127,2022-06-07 11:07:00+05:30,38.0,38.0,38.0,38.0,0,39900
3128,2022-06-07 11:08:00+05:30,38.0,38.0,38.0,38.0,0,39900
3129,2022-06-07 11:09:00+05:30,38.0,39.5,38.0,39.5,0,39900
3130,2022-06-07 11:10:00+05:30,39.5,39.5,39.5,39.5,600,39900
3131,2022-06-07 11:11:00+05:30,39.5,39.5,39.5,39.5,0,39900
3132,2022-06-07 11:12:00+05:30,39.5,39.5,39.5,39.5,0,39900
3133,2022-06-07 11:13:00+05:30,39.5,39.5,39.5,39.5,0,39900
3134,2022-06-07 11:14:00+05:30,39.5,39.5,39.5,39.5,0,39900
3135,2022-06-07 11:15:00+05:30,39.5,39.5,39.5,39.5,0,39900
3136,2022-06-07 11:16:00+05:30,39.5,39.5,39.5,39.5,0,39900
3137,2022-06-07 11:17:00+05:30,39.5,39.5,39.5,39.5,0,39900
3138,2022-06-07 11:18:00+05:30,39.5,39.5,39.5,39.5,0,39900
3139,2022-06-07 11:19:00+05:30,38.7,38.7,38.4,38.4,600,40500
3140,2022-06-07 11:20:00+05:30,38.4,38.4,38.4,38.4,0,40500
3141,2022-06-07 11:21:00+05:30,38.4,39.1,38.4,39.1,1500,40800
3142,2022-06-07 11:22:00+05:30,39.1,39.1,39.05,39.05,300,40800
3143,2022-06-07 11:23:00+05:30,39.05,40.25,39.05,40.25,300,40800
3144,2022-06-07 11:24:00+05:30,40.25,40.25,40.25,40.25,0,40800
3145,2022-06-07 11:25:00+05:30,40.25,40.95,40.25,40.55,600,41100
3146,2022-06-07 11:26:00+05:30,40.55,40.55,40.55,40.55,0,41100
3147,2022-06-07 11:27:00+05:30,40.55,40.55,40.2,40.2,300,41100
3148,2022-06-07 11:28:00+05:30,40.2,40.2,40.2,40.2,0,41100
3149,2022-06-07 11:29:00+05:30,40.2,40.65,40.2,40.65,0,41400
3150,2022-06-07 11:30:00+05:30,40.65,40.65,40.65,40.65,300,41400
3151,2022-06-07 11:31:00+05:30,40.65,40.65,40.65,40.65,0,41400
3152,2022-06-07 11:32:00+05:30,40.65,40.65,40.65,40.65,0,41400
3153,2022-06-07 11:33:00+05:30,40.65,40.65,40.65,40.65,0,41400
3154,2022-06-07 11:34:00+05:30,40.65,40.65,40.65,40.65,0,41400
3155,2022-06-07 11:35:00+05:30,40.65,40.65,40.65,40.65,0,41400
3156,2022-06-07 11:36:00+05:30,40.65,40.65,40.65,40.65,0,41400
3157,2022-06-07 11:37:00+05:30,40.65,40.65,40.65,40.65,0,41400
3158,2022-06-07 11:38:00+05:30,40.65,40.65,40.65,40.65,0,41400
3159,2022-06-07 11:39:00+05:30,40.65,40.65,40.65,40.65,0,41400
3160,2022-06-07 11:40:00+05:30,40.65,40.65,40.65,40.65,0,41400
3161,2022-06-07 11:41:00+05:30,40.65,40.65,40.65,40.65,0,41400
3162,2022-06-07 11:42:00+05:30,40.65,40.65,40.65,40.65,0,41400
3163,2022-06-07 11:43:00+05:30,40.65,40.65,40.65,40.65,0,41400
3164,2022-06-07 11:44:00+05:30,40.65,40.65,40.65,40.65,0,41400
3165,2022-06-07 11:45:00+05:30,40.65,40.65,40.65,40.65,0,41400
3166,2022-06-07 11:46:00+05:30,40.65,40.65,40.65,40.65,0,41400
3167,2022-06-07 11:47:00+05:30,40.65,40.65,40.65,40.65,0,41400
3168,2022-06-07 11:48:00+05:30,40.65,40.65,40.65,40.65,0,41400
3169,2022-06-07 11:49:00+05:30,40.65,40.65,40.65,40.65,0,41400
3170,2022-06-07 11:50:00+05:30,40.65,41.05,40.65,41.05,300,41700
3171,2022-06-07 11:51:00+05:30,41.05,41.05,41.05,41.05,0,41700
3172,2022-06-07 11:52:00+05:30,41.05,41.05,41.05,41.05,0,41700
3173,2022-06-07 11:53:00+05:30,41.05,41.05,41.05,41.05,0,41700
3174,2022-06-07 11:54:00+05:30,41.05,41.05,41.05,41.05,0,41700
3175,2022-06-07 11:55:00+05:30,41.05,41.05,41.05,41.05,0,41700
3176,2022-06-07 11:56:00+05:30,41.05,41.05,41.05,41.05,0,41700
3177,2022-06-07 11:57:00+05:30,41.05,41.05,41.05,41.05,0,41700
3178,2022-06-07 11:58:00+05:30,41.05,41.05,41.05,41.05,0,41700
3179,2022-06-07 11:59:00+05:30,41.05,41.05,41.05,41.05,0,41700
3180,2022-06-07 12:00:00+05:30,41.05,41.05,41.05,41.05,0,41700
3181,2022-06-07 12:01:00+05:30,41.05,41.05,41.05,41.05,0,41700
3182,2022-06-07 12:02:00+05:30,41.05,41.05,41.05,41.05,0,41700
3183,2022-06-07 12:03:00+05:30,41.05,41.05,41.05,41.05,0,41700
3184,2022-06-07 12:04:00+05:30,41.05,41.05,41.05,41.05,0,41700
3185,2022-06-07 12:05:00+05:30,41.05,41.05,41.05,41.05,0,41700
3186,2022-06-07 12:06:00+05:30,41.05,41.05,41.05,41.05,0,41700
3187,2022-06-07 12:07:00+05:30,41.05,41.05,41.05,41.05,0,41700
3188,2022-06-07 12:08:00+05:30,41.05,41.05,41.05,41.05,0,41700
3189,2022-06-07 12:09:00+05:30,41.05,41.05,41.05,41.05,0,41700
3190,2022-06-07 12:10:00+05:30,41.05,41.05,41.05,41.05,0,41700
3191,2022-06-07 12:11:00+05:30,41.05,41.05,40.05,40.05,300,42000
3192,2022-06-07 12:12:00+05:30,40.05,40.05,40.05,40.05,0,42000
3193,2022-06-07 12:13:00+05:30,40.05,40.05,40.05,40.05,0,42000
3194,2022-06-07 12:14:00+05:30,40.05,41.95,40.05,41.95,600,41700
3195,2022-06-07 12:15:00+05:30,41.95,41.95,41.95,41.95,300,41700
3196,2022-06-07 12:16:00+05:30,41.95,43.7,41.95,43.7,300,41700
3197,2022-06-07 12:17:00+05:30,43.7,45.1,43.7,45.1,600,41700
3198,2022-06-07 12:18:00+05:30,45.1,45.1,44.6,44.6,300,41700
3199,2022-06-07 12:19:00+05:30,44.6,44.6,44.6,44.6,0,41700
3200,2022-06-07 12:20:00+05:30,44.6,44.6,44.6,44.6,0,41700
3201,2022-06-07 12:21:00+05:30,44.6,44.6,42.15,42.15,300,42000
3202,2022-06-07 12:22:00+05:30,42.15,42.15,42.15,42.15,0,42000
3203,2022-06-07 12:23:00+05:30,42.15,42.15,42.15,42.15,0,42000
3204,2022-06-07 12:24:00+05:30,42.15,42.15,40.4,40.85,600,42000
3205,2022-06-07 12:25:00+05:30,40.85,40.85,40.85,40.85,0,42000
3206,2022-06-07 12:26:00+05:30,40.85,40.85,40.85,40.85,0,42000
3207,2022-06-07 12:27:00+05:30,40.85,40.85,40.85,40.85,0,42000
3208,2022-06-07 12:28:00+05:30,40.85,40.85,40.85,40.85,0,42000
3209,2022-06-07 12:29:00+05:30,40.85,40.85,40.85,40.85,0,42000
3210,2022-06-07 12:30:00+05:30,40.85,40.85,40.85,40.85,0,42000
3211,2022-06-07 12:31:00+05:30,40.85,40.85,40.85,40.85,0,42000
3212,2022-06-07 12:32:00+05:30,40.85,40.85,40.85,40.85,0,42000
3213,2022-06-07 12:33:00+05:30,40.85,40.85,40.85,40.85,0,42000
3214,2022-06-07 12:34:00+05:30,40.85,40.85,40.85,40.85,0,42000
3215,2022-06-07 12:35:00+05:30,40.85,40.85,40.85,40.85,0,42000
3216,2022-06-07 12:36:00+05:30,40.85,40.85,40.85,40.85,0,42000
3217,2022-06-07 12:37:00+05:30,40.85,40.85,40.85,40.85,0,42000
3218,2022-06-07 12:38:00+05:30,40.85,40.85,40.85,40.85,0,42000
3219,2022-06-07 12:39:00+05:30,40.85,40.85,40.85,40.85,0,42000
3220,2022-06-07 12:40:00+05:30,40.85,40.85,40.85,40.85,0,42000
3221,2022-06-07 12:41:00+05:30,40.85,40.85,40.85,40.85,0,42000
3222,2022-06-07 12:42:00+05:30,40.85,40.85,38.8,38.8,300,41700
3223,2022-06-07 12:43:00+05:30,38.8,38.8,38.8,38.8,0,41700
3224,2022-06-07 12:44:00+05:30,38.8,38.8,38.8,38.8,0,41700
3225,2022-06-07 12:45:00+05:30,38.8,38.8,38.8,38.8,0,41700
3226,2022-06-07 12:46:00+05:30,38.8,38.8,38.8,38.8,0,41700
3227,2022-06-07 12:47:00+05:30,38.8,38.8,38.8,38.8,0,41700
3228,2022-06-07 12:48:00+05:30,38.8,38.8,38.8,38.8,0,41700
3229,2022-06-07 12:49:00+05:30,38.8,38.8,38.8,38.8,0,41700
3230,2022-06-07 12:50:00+05:30,38.8,38.8,38.8,38.8,0,41700
3231,2022-06-07 12:51:00+05:30,38.8,38.8,38.8,38.8,0,41700
3232,2022-06-07 12:52:00+05:30,38.8,38.8,38.8,38.8,0,41700
3233,2022-06-07 12:53:00+05:30,38.8,38.8,38.8,38.8,0,41700
3234,2022-06-07 12:54:00+05:30,38.8,38.8,38.8,38.8,0,41700
3235,2022-06-07 12:55:00+05:30,38.8,38.8,38.8,38.8,0,41700
3236,2022-06-07 12:56:00+05:30,38.8,38.8,38.8,38.8,0,41700
3237,2022-06-07 12:57:00+05:30,38.8,38.8,38.8,38.8,0,41700
3238,2022-06-07 12:58:00+05:30,38.8,38.8,38.8,38.8,0,41700
3239,2022-06-07 12:59:00+05:30,38.8,39.0,38.8,39.0,1500,41700
3240,2022-06-07 13:00:00+05:30,39.0,39.0,39.0,39.0,0,41700
3241,2022-06-07 13:01:00+05:30,39.0,39.0,38.7,38.7,300,42600
3242,2022-06-07 13:02:00+05:30,38.7,38.7,38.7,38.7,0,42600
3243,2022-06-07 13:03:00+05:30,38.7,38.7,38.7,38.7,0,42600
3244,2022-06-07 13:04:00+05:30,38.7,38.7,38.7,38.7,0,42600
3245,2022-06-07 13:05:00+05:30,38.7,39.35,38.7,39.35,600,42600
3246,2022-06-07 13:06:00+05:30,39.35,39.35,39.35,39.35,0,42600
3247,2022-06-07 13:07:00+05:30,39.35,39.35,39.35,39.35,0,42600
3248,2022-06-07 13:08:00+05:30,39.35,39.35,39.35,39.35,0,42600
3249,2022-06-07 13:09:00+05:30,39.35,39.35,39.35,39.35,0,42600
3250,2022-06-07 13:10:00+05:30,39.35,39.35,39.35,39.35,0,42600
3251,2022-06-07 13:11:00+05:30,39.35,39.35,39.35,39.35,0,42600
3252,2022-06-07 13:12:00+05:30,39.35,39.35,39.35,39.35,300,42900
3253,2022-06-07 13:13:00+05:30,39.35,39.35,39.35,39.35,0,42900
3254,2022-06-07 13:14:00+05:30,39.35,39.35,39.35,39.35,0,42900
3255,2022-06-07 13:15:00+05:30,39.35,39.35,39.35,39.35,0,42900
3256,2022-06-07 13:16:00+05:30,39.35,39.35,39.35,39.35,0,42900
3257,2022-06-07 13:17:00+05:30,39.35,39.35,39.35,39.35,0,42900
3258,2022-06-07 13:18:00+05:30,39.35,39.35,39.35,39.35,0,42900
3259,2022-06-07 13:19:00+05:30,39.35,39.35,39.35,39.35,0,42900
3260,2022-06-07 13:20:00+05:30,39.35,39.35,39.35,39.35,0,42900
3261,2022-06-07 13:21:00+05:30,39.35,39.35,39.35,39.35,0,42900
3262,2022-06-07 13:22:00+05:30,39.35,39.35,39.35,39.35,0,42900
3263,2022-06-07 13:23:00+05:30,39.35,39.35,39.35,39.35,0,42900
3264,2022-06-07 13:24:00+05:30,39.35,39.35,39.3,39.3,300,42900
3265,2022-06-07 13:25:00+05:30,39.3,39.3,39.3,39.3,0,42900
3266,2022-06-07 13:26:00+05:30,39.3,39.3,39.3,39.3,0,42900
3267,2022-06-07 13:27:00+05:30,39.3,39.3,39.3,39.3,0,42900
3268,2022-06-07 13:28:00+05:30,39.3,39.3,39.3,39.3,0,42900
3269,2022-06-07 13:29:00+05:30,39.3,39.3,39.3,39.3,0,42900
3270,2022-06-07 13:30:00+05:30,39.3,39.3,39.3,39.3,0,42900
3271,2022-06-07 13:31:00+05:30,39.3,39.3,39.3,39.3,0,42900
3272,2022-06-07 13:32:00+05:30,39.3,39.3,39.3,39.3,0,42900
3273,2022-06-07 13:33:00+05:30,39.3,39.3,39.3,39.3,0,42900
3274,2022-06-07 13:34:00+05:30,39.3,39.3,39.3,39.3,0,42900
3275,2022-06-07 13:35:00+05:30,39.3,39.8,39.3,39.8,300,43200
3276,2022-06-07 13:36:00+05:30,39.8,39.8,39.8,39.8,0,43200
3277,2022-06-07 13:37:00+05:30,39.8,39.8,39.8,39.8,0,43200
3278,2022-06-07 13:38:00+05:30,39.8,39.8,39.8,39.8,0,43200
3279,2022-06-07 13:39:00+05:30,39.8,39.8,39.8,39.8,0,43200
3280,2022-06-07 13:40:00+05:30,39.8,39.8,39.8,39.8,0,43200
3281,2022-06-07 13:41:00+05:30,39.8,39.8,39.8,39.8,0,43200
3282,2022-06-07 13:42:00+05:30,39.8,39.8,39.8,39.8,0,43200
3283,2022-06-07 13:43:00+05:30,39.8,39.8,39.8,39.8,0,43200
3284,2022-06-07 13:44:00+05:30,39.8,39.8,39.8,39.8,0,43200
3285,2022-06-07 13:45:00+05:30,39.8,39.8,39.8,39.8,0,43200
3286,2022-06-07 13:46:00+05:30,39.8,39.8,39.8,39.8,0,43200
3287,2022-06-07 13:47:00+05:30,39.8,39.8,39.8,39.8,0,43200
3288,2022-06-07 13:48:00+05:30,39.8,40.05,39.8,40.05,300,42900
3289,2022-06-07 13:49:00+05:30,40.05,40.05,40.05,40.05,0,42900
3290,2022-06-07 13:50:00+05:30,40.05,40.05,40.05,40.05,0,42900
3291,2022-06-07 13:51:00+05:30,40.05,40.05,40.05,40.05,0,42900
3292,2022-06-07 13:52:00+05:30,40.05,40.4,40.05,40.4,0,43200
3293,2022-06-07 13:53:00+05:30,40.75,41.0,40.75,40.85,1200,43200
3294,2022-06-07 13:54:00+05:30,40.85,40.85,40.85,40.85,0,43200
3295,2022-06-07 13:55:00+05:30,40.85,40.85,40.85,40.85,0,43200
3296,2022-06-07 13:56:00+05:30,40.85,40.85,40.85,40.85,0,43200
3297,2022-06-07 13:57:00+05:30,40.85,40.85,40.85,40.85,0,43200
3298,2022-06-07 13:58:00+05:30,40.85,40.85,40.85,40.85,0,43200
3299,2022-06-07 13:59:00+05:30,40.85,40.85,40.85,40.85,0,43200
3300,2022-06-07 14:00:00+05:30,40.85,40.85,40.85,40.85,0,43200
3301,2022-06-07 14:01:00+05:30,40.85,40.85,40.85,40.85,0,43200
3302,2022-06-07 14:02:00+05:30,40.85,40.85,40.85,40.85,0,43200
3303,2022-06-07 14:03:00+05:30,40.85,40.85,40.85,40.85,0,43200
3304,2022-06-07 14:04:00+05:30,40.85,40.85,40.85,40.85,0,43200
3305,2022-06-07 14:05:00+05:30,40.85,40.85,40.85,40.85,0,43200
3306,2022-06-07 14:06:00+05:30,40.85,40.85,40.85,40.85,0,43200
3307,2022-06-07 14:07:00+05:30,40.85,40.85,40.85,40.85,0,43200
3308,2022-06-07 14:08:00+05:30,41.15,41.15,40.95,40.95,600,44400
3309,2022-06-07 14:09:00+05:30,40.95,40.95,40.95,40.95,0,44400
3310,2022-06-07 14:10:00+05:30,40.95,40.95,40.6,40.6,600,44100
3311,2022-06-07 14:11:00+05:30,40.6,40.6,40.6,40.6,0,44100
3312,2022-06-07 14:12:00+05:30,40.6,40.6,40.6,40.6,0,44100
3313,2022-06-07 14:13:00+05:30,40.6,40.6,40.6,40.6,0,44100
3314,2022-06-07 14:14:00+05:30,40.6,42.9,40.6,42.9,300,43800
3315,2022-06-07 14:15:00+05:30,42.9,42.9,42.9,42.9,0,43800
3316,2022-06-07 14:16:00+05:30,42.9,42.9,42.9,42.9,0,43800
3317,2022-06-07 14:17:00+05:30,42.9,42.9,42.9,42.9,0,43800
3318,2022-06-07 14:18:00+05:30,42.9,42.95,42.9,42.95,300,44100
3319,2022-06-07 14:19:00+05:30,42.95,42.95,42.95,42.95,0,44100
3320,2022-06-07 14:20:00+05:30,42.95,42.95,42.95,42.95,0,44100
3321,2022-06-07 14:21:00+05:30,42.95,42.95,42.95,42.95,0,44100
3322,2022-06-07 14:22:00+05:30,42.95,42.95,42.95,42.95,0,44100
3323,2022-06-07 14:23:00+05:30,42.95,42.95,41.7,41.75,900,44400
3324,2022-06-07 14:24:00+05:30,41.75,41.75,41.75,41.75,0,44400
3325,2022-06-07 14:25:00+05:30,41.75,41.75,41.75,41.75,0,44400
3326,2022-06-07 14:26:00+05:30,41.75,41.75,41.75,41.75,0,44400
3327,2022-06-07 14:27:00+05:30,41.75,41.75,41.75,41.75,0,44400
3328,2022-06-07 14:28:00+05:30,41.75,41.75,41.75,41.75,0,44400
3329,2022-06-07 14:29:00+05:30,41.75,41.75,40.6,40.6,300,44700
3330,2022-06-07 14:30:00+05:30,40.6,40.6,40.6,40.6,0,44700
3331,2022-06-07 14:31:00+05:30,40.6,40.6,40.2,40.2,300,44400
3332,2022-06-07 14:32:00+05:30,40.2,40.2,40.2,40.2,0,44400
3333,2022-06-07 14:33:00+05:30,40.2,40.2,40.2,40.2,0,44400
3334,2022-06-07 14:34:00+05:30,40.2,40.45,40.2,40.45,300,44100
3335,2022-06-07 14:35:00+05:30,40.45,40.45,40.45,40.45,0,44100
3336,2022-06-07 14:36:00+05:30,40.45,40.45,40.45,40.45,0,44100
3337,2022-06-07 14:37:00+05:30,40.45,40.45,40.45,40.45,0,44100
3338,2022-06-07 14:38:00+05:30,40.45,40.55,40.45,40.55,300,43800
3339,2022-06-07 14:39:00+05:30,40.55,40.55,40.55,40.55,0,43800
3340,2022-06-07 14:40:00+05:30,40.55,40.55,40.55,40.55,0,43800
3341,2022-06-07 14:41:00+05:30,40.55,40.55,40.55,40.55,0,43800
3342,2022-06-07 14:42:00+05:30,40.55,40.55,40.55,40.55,0,43800
3343,2022-06-07 14:43:00+05:30,40.55,40.55,40.55,40.55,0,43800
3344,2022-06-07 14:44:00+05:30,40.55,40.55,40.55,40.55,0,43800
3345,2022-06-07 14:45:00+05:30,40.55,40.55,40.55,40.55,0,43800
3346,2022-06-07 14:46:00+05:30,40.55,40.55,40.55,40.55,0,43800
3347,2022-06-07 14:47:00+05:30,41.45,41.45,41.45,41.45,300,43500
3348,2022-06-07 14:48:00+05:30,41.45,41.45,41.35,41.35,300,43500
3349,2022-06-07 14:49:00+05:30,41.35,41.35,41.35,41.35,0,43500
3350,2022-06-07 14:50:00+05:30,41.35,41.35,41.35,41.35,0,43500
3351,2022-06-07 14:51:00+05:30,41.35,41.35,39.9,39.9,300,43800
3352,2022-06-07 14:52:00+05:30,39.9,39.9,39.9,39.9,0,43800
3353,2022-06-07 14:53:00+05:30,39.9,39.9,39.9,39.9,0,43800
3354,2022-06-07 14:54:00+05:30,39.9,39.9,39.9,39.9,0,43800
3355,2022-06-07 14:55:00+05:30,39.9,39.9,39.9,39.9,0,43800
3356,2022-06-07 14:56:00+05:30,39.9,39.9,39.9,39.9,0,43800
3357,2022-06-07 14:57:00+05:30,39.9,39.9,38.3,38.3,300,43500
3358,2022-06-07 14:58:00+05:30,38.3,38.3,38.3,38.3,0,43500
3359,2022-06-07 14:59:00+05:30,38.3,38.3,38.3,38.3,0,43500
3360,2022-06-07 15:00:00+05:30,38.3,38.3,38.3,38.3,0,43500
3361,2022-06-07 15:01:00+05:30,38.3,38.3,38.3,38.3,0,43500
3362,2022-06-07 15:02:00+05:30,38.3,38.3,38.3,38.3,0,43500
3363,2022-06-07 15:03:00+05:30,38.3,38.3,38.3,38.3,0,43500
3364,2022-06-07 15:04:00+05:30,38.3,38.3,34.35,34.35,300,43800
3365,2022-06-07 15:05:00+05:30,34.35,34.35,34.35,34.35,0,43800
3366,2022-06-07 15:06:00+05:30,34.35,34.65,34.35,34.65,900,43800
3367,2022-06-07 15:07:00+05:30,34.6,34.85,34.6,34.85,900,43800
3368,2022-06-07 15:08:00+05:30,34.85,34.85,34.8,34.8,600,43800
3369,2022-06-07 15:09:00+05:30,34.85,34.85,34.85,34.85,600,43800
3370,2022-06-07 15:10:00+05:30,34.85,34.85,34.85,34.85,0,43800
3371,2022-06-07 15:11:00+05:30,34.85,34.85,34.85,34.85,0,43800
3372,2022-06-07 15:12:00+05:30,34.85,34.85,34.5,34.5,1200,46200
3373,2022-06-07 15:13:00+05:30,34.8,35.25,34.8,35.25,600,46200
3374,2022-06-07 15:14:00+05:30,35.25,35.25,35.0,35.0,300,46200
3375,2022-06-07 15:15:00+05:30,35.15,35.55,35.15,35.5,2700,46200
3376,2022-06-07 15:16:00+05:30,35.5,36.05,35.5,36.05,600,48900
3377,2022-06-07 15:17:00+05:30,36.05,37.05,36.05,37.05,1800,48900
3378,2022-06-07 15:18:00+05:30,37.05,37.1,36.8,36.8,900,48900
3379,2022-06-07 15:19:00+05:30,37.2,37.2,37.2,37.2,600,51000
3380,2022-06-07 15:20:00+05:30,37.2,37.2,37.0,37.0,900,51000
3381,2022-06-07 15:21:00+05:30,37.0,37.0,37.0,37.0,900,51000
3382,2022-06-07 15:22:00+05:30,37.0,37.15,37.0,37.15,300,52500
3383,2022-06-07 15:23:00+05:30,37.15,37.15,37.15,37.15,0,52500
3384,2022-06-07 15:24:00+05:30,37.15,37.15,37.0,37.0,300,52200
3385,2022-06-07 15:25:00+05:30,37.0,37.0,37.0,37.0,0,52200
3386,2022-06-07 15:26:00+05:30,37.0,37.6,37.0,37.6,600,52200
3387,2022-06-07 15:27:00+05:30,37.6,37.6,37.6,37.6,0,52200
3388,2022-06-07 15:28:00+05:30,37.6,37.6,36.8,36.8,300,52800
3389,2022-06-07 15:29:00+05:30,36.8,36.8,36.8,36.8,300,52800
3390,2022-06-08 09:39:00+05:30,37.85,37.9,37.85,37.9,300,53100
3391,2022-06-08 09:40:00+05:30,37.9,38.45,37.9,38.45,300,53100
3392,2022-06-08 09:41:00+05:30,38.45,38.45,37.7,37.7,600,53100
3393,2022-06-08 09:42:00+05:30,37.7,37.7,37.7,37.7,0,53100
3394,2022-06-08 09:43:00+05:30,37.7,37.7,36.65,36.65,300,52200
3395,2022-06-08 09:44:00+05:30,36.65,37.0,36.65,37.0,600,52200
3396,2022-06-08 09:45:00+05:30,37.0,37.0,37.0,37.0,0,52200
3397,2022-06-08 09:46:00+05:30,37.0,37.0,37.0,37.0,0,52200
3398,2022-06-08 09:47:00+05:30,37.0,37.0,37.0,37.0,0,52200
3399,2022-06-08 09:48:00+05:30,36.55,36.55,36.55,36.55,300,51300
3400,2022-06-08 09:49:00+05:30,36.55,36.95,36.55,36.95,300,51300
3401,2022-06-08 09:50:00+05:30,36.95,36.95,36.95,36.95,300,51300
3402,2022-06-08 09:51:00+05:30,36.95,36.95,36.95,36.95,0,51300
3403,2022-06-08 09:52:00+05:30,36.95,36.95,36.95,36.95,0,51300
3404,2022-06-08 09:53:00+05:30,36.95,36.95,35.7,35.7,600,51300
3405,2022-06-08 09:54:00+05:30,35.7,35.7,35.7,35.7,0,51300
3406,2022-06-08 09:55:00+05:30,35.7,35.7,35.65,35.65,600,51300
3407,2022-06-08 09:56:00+05:30,35.65,35.65,35.65,35.65,0,51300
3408,2022-06-08 09:57:00+05:30,35.65,35.65,34.65,34.65,300,50700
3409,2022-06-08 09:58:00+05:30,34.65,34.65,33.5,33.5,2700,50700
3410,2022-06-08 09:59:00+05:30,33.15,33.15,33.15,33.15,300,50700
3411,2022-06-08 10:00:00+05:30,33.15,35.5,33.15,35.5,300,48300
3412,2022-06-08 10:01:00+05:30,34.95,34.95,34.95,34.95,300,48300
3413,2022-06-08 10:02:00+05:30,34.95,34.95,34.95,34.95,0,48300
3414,2022-06-08 10:03:00+05:30,34.95,34.95,34.95,34.95,0,48300
3415,2022-06-08 10:04:00+05:30,34.95,34.95,34.95,34.95,0,48300
3416,2022-06-08 10:05:00+05:30,34.95,35.9,34.95,35.9,900,48300
3417,2022-06-08 10:06:00+05:30,35.9,35.9,35.9,35.9,300,48300
3418,2022-06-08 10:07:00+05:30,35.9,35.9,35.9,35.9,0,48300
3419,2022-06-08 10:08:00+05:30,35.9,35.9,34.35,34.95,300,48600
3420,2022-06-08 10:09:00+05:30,34.95,34.95,34.25,34.25,600,48600
3421,2022-06-08 10:10:00+05:30,34.25,34.25,33.25,33.65,600,48600
3422,2022-06-08 10:11:00+05:30,33.65,33.65,33.65,33.65,0,48600
3423,2022-06-08 10:12:00+05:30,33.65,33.65,33.65,33.65,0,48600
3424,2022-06-08 10:13:00+05:30,33.65,33.65,33.65,33.65,0,48600
3425,2022-06-08 10:14:00+05:30,33.65,33.65,31.05,31.05,300,48000
3426,2022-06-08 10:15:00+05:30,31.05,31.05,31.05,31.05,0,48000
3427,2022-06-08 10:16:00+05:30,31.05,31.05,31.05,31.05,0,48000
3428,2022-06-08 10:17:00+05:30,31.05,31.05,31.05,31.05,0,48000
3429,2022-06-08 10:18:00+05:30,31.05,31.75,31.05,31.75,300,47700
3430,2022-06-08 10:19:00+05:30,31.75,31.85,31.75,31.85,300,47700
3431,2022-06-08 10:20:00+05:30,31.85,31.85,31.85,31.85,0,47700
3432,2022-06-08 10:21:00+05:30,31.85,32.3,31.85,32.3,300,47700
3433,2022-06-08 10:22:00+05:30,32.3,32.3,32.3,32.3,0,47700
3434,2022-06-08 10:23:00+05:30,32.3,32.95,32.3,32.95,300,47700
3435,2022-06-08 10:24:00+05:30,32.95,32.95,31.95,31.95,0,47400
3436,2022-06-08 10:25:00+05:30,31.95,31.95,31.95,31.95,300,47400
3437,2022-06-08 10:26:00+05:30,31.95,31.95,31.95,31.95,0,47400
3438,2022-06-08 10:27:00+05:30,31.95,31.95,31.95,31.95,0,47400
3439,2022-06-08 10:28:00+05:30,31.95,31.95,31.4,31.4,300,47400
3440,2022-06-08 10:29:00+05:30,31.4,31.4,31.4,31.4,0,47400
3441,2022-06-08 10:30:00+05:30,31.4,31.4,31.4,31.4,0,47400
3442,2022-06-08 10:31:00+05:30,31.4,31.4,31.4,31.4,0,47400
3443,2022-06-08 10:32:00+05:30,31.4,31.4,31.4,31.4,0,47400
3444,2022-06-08 10:33:00+05:30,31.4,31.4,31.4,31.4,0,47400
3445,2022-06-08 10:34:00+05:30,31.4,31.4,31.4,31.4,0,47400
3446,2022-06-08 10:35:00+05:30,31.4,31.4,31.4,31.4,0,47400
3447,2022-06-08 10:36:00+05:30,31.4,31.4,28.95,28.95,300,47400
3448,2022-06-08 10:37:00+05:30,28.95,28.95,28.95,28.95,0,47400
3449,2022-06-08 10:38:00+05:30,28.95,28.95,28.95,28.95,0,47400
3450,2022-06-08 10:39:00+05:30,28.95,28.95,28.95,28.95,0,47400
3451,2022-06-08 10:40:00+05:30,28.95,28.95,28.95,28.95,0,47400
3452,2022-06-08 10:41:00+05:30,28.95,28.95,28.95,28.95,0,47400
3453,2022-06-08 10:42:00+05:30,28.95,28.95,26.05,26.6,5700,47100
3454,2022-06-08 10:43:00+05:30,26.6,26.6,26.6,26.6,0,47100
3455,2022-06-08 10:44:00+05:30,26.6,26.6,26.25,26.25,0,42000
3456,2022-06-08 10:45:00+05:30,26.25,26.3,26.25,26.3,600,42000
3457,2022-06-08 10:46:00+05:30,26.3,26.3,26.3,26.3,0,42000
3458,2022-06-08 10:47:00+05:30,26.3,26.3,26.3,26.3,0,42000
3459,2022-06-08 10:48:00+05:30,26.3,26.3,26.3,26.3,0,42000
3460,2022-06-08 10:49:00+05:30,26.3,26.3,25.0,25.4,300,41700
3461,2022-06-08 10:50:00+05:30,25.4,25.85,25.4,25.85,900,41700
3462,2022-06-08 10:51:00+05:30,25.85,25.85,25.45,25.45,300,41100
3463,2022-06-08 10:52:00+05:30,25.45,25.45,25.45,25.45,0,41100
3464,2022-06-08 10:53:00+05:30,25.45,25.45,25.45,25.45,0,41100
3465,2022-06-08 10:54:00+05:30,25.45,25.45,25.45,25.45,0,41100
3466,2022-06-08 10:55:00+05:30,25.45,25.45,25.45,25.45,0,41100
3467,2022-06-08 10:56:00+05:30,25.45,25.45,25.45,25.45,0,41100
3468,2022-06-08 10:57:00+05:30,25.45,25.45,25.45,25.45,0,41100
3469,2022-06-08 10:58:00+05:30,25.45,25.45,25.45,25.45,0,41100
3470,2022-06-08 10:59:00+05:30,25.45,25.45,25.45,25.45,0,41100
3471,2022-06-08 11:00:00+05:30,25.45,25.45,25.45,25.45,0,41100
3472,2022-06-08 11:01:00+05:30,25.45,25.45,25.45,25.45,0,41100
3473,2022-06-08 11:02:00+05:30,25.45,25.45,25.45,25.45,0,41100
3474,2022-06-08 11:03:00+05:30,25.45,25.45,25.45,25.45,0,41100
3475,2022-06-08 11:04:00+05:30,25.45,25.45,25.45,25.45,0,41100
3476,2022-06-08 11:05:00+05:30,25.45,25.45,25.45,25.45,0,41100
3477,2022-06-08 11:06:00+05:30,25.45,25.45,25.45,25.45,0,41100
3478,2022-06-08 11:07:00+05:30,25.45,27.65,25.45,27.65,300,40800
3479,2022-06-08 11:08:00+05:30,27.65,27.65,27.65,27.65,0,40800
3480,2022-06-08 11:09:00+05:30,27.65,27.65,27.65,27.65,0,40800
3481,2022-06-08 11:10:00+05:30,27.65,28.0,27.65,28.0,300,41100
3482,2022-06-08 11:11:00+05:30,28.0,28.0,28.0,28.0,0,41100
3483,2022-06-08 11:12:00+05:30,28.0,28.0,28.0,28.0,0,41100
3484,2022-06-08 11:13:00+05:30,28.0,28.0,28.0,28.0,0,41100
3485,2022-06-08 11:14:00+05:30,28.0,28.0,26.55,26.55,300,40800
3486,2022-06-08 11:15:00+05:30,26.55,26.55,26.55,26.55,0,40800
3487,2022-06-08 11:16:00+05:30,26.55,26.55,26.55,26.55,0,40800
3488,2022-06-08 11:17:00+05:30,26.55,26.55,26.55,26.55,0,40800
3489,2022-06-08 11:18:00+05:30,26.55,26.55,26.55,26.55,0,40800
3490,2022-06-08 11:19:00+05:30,26.55,26.55,26.55,26.55,0,40800
3491,2022-06-08 11:20:00+05:30,26.55,26.55,26.3,26.3,300,41100
3492,2022-06-08 11:21:00+05:30,26.3,26.3,26.3,26.3,0,41100
3493,2022-06-08 11:22:00+05:30,26.3,26.3,26.3,26.3,0,41100
3494,2022-06-08 11:23:00+05:30,26.3,26.3,26.3,26.3,0,41100
3495,2022-06-08 11:24:00+05:30,26.3,26.3,26.3,26.3,0,41100
3496,2022-06-08 11:25:00+05:30,26.3,26.3,26.3,26.3,0,41100
3497,2022-06-08 11:26:00+05:30,26.3,26.3,24.2,24.2,300,40800
3498,2022-06-08 11:27:00+05:30,24.2,25.15,24.2,25.15,0,40500
3499,2022-06-08 11:28:00+05:30,25.15,25.15,25.15,25.15,300,40500
3500,2022-06-08 11:29:00+05:30,25.15,25.15,24.45,24.45,300,40500
3501,2022-06-08 11:30:00+05:30,24.45,24.5,24.45,24.5,600,40500
3502,2022-06-08 11:31:00+05:30,24.5,24.5,24.5,24.5,0,40500
3503,2022-06-08 11:32:00+05:30,24.5,24.5,24.5,24.5,0,40500
3504,2022-06-08 11:33:00+05:30,24.5,24.5,24.5,24.5,0,40500
3505,2022-06-08 11:34:00+05:30,24.5,24.5,24.5,24.5,0,40500
3506,2022-06-08 11:35:00+05:30,24.5,24.5,24.5,24.5,0,40500
3507,2022-06-08 11:36:00+05:30,24.5,24.5,24.5,24.5,0,40500
3508,2022-06-08 11:37:00+05:30,24.5,24.5,24.5,24.5,0,40500
3509,2022-06-08 11:38:00+05:30,24.5,24.5,24.5,24.5,0,40500
3510,2022-06-08 11:39:00+05:30,24.5,24.5,24.5,24.5,0,40500
3511,2022-06-08 11:40:00+05:30,24.5,24.5,24.5,24.5,0,40500
3512,2022-06-08 11:41:00+05:30,24.5,24.5,24.5,24.5,0,40500
3513,2022-06-08 11:42:00+05:30,24.5,24.5,24.5,24.5,0,40500
3514,2022-06-08 11:43:00+05:30,24.5,24.5,24.5,24.5,0,40500
3515,2022-06-08 11:44:00+05:30,24.5,24.5,24.5,24.5,0,40500
3516,2022-06-08 11:45:00+05:30,24.5,24.5,24.5,24.5,0,40500
3517,2022-06-08 11:46:00+05:30,24.5,24.5,24.5,24.5,0,40500
3518,2022-06-08 11:47:00+05:30,24.5,24.5,24.5,24.5,0,40500
3519,2022-06-08 11:48:00+05:30,24.5,24.5,24.5,24.5,0,40500
3520,2022-06-08 11:49:00+05:30,24.5,24.5,24.5,24.5,0,40500
3521,2022-06-08 11:50:00+05:30,24.5,24.5,24.5,24.5,0,40500
3522,2022-06-08 11:51:00+05:30,24.5,24.5,24.5,24.5,0,40500
3523,2022-06-08 11:52:00+05:30,24.5,24.5,24.5,24.5,0,40500
3524,2022-06-08 11:53:00+05:30,24.5,24.5,24.5,24.5,0,40500
3525,2022-06-08 11:54:00+05:30,24.5,24.5,24.5,24.5,0,40500
3526,2022-06-08 11:55:00+05:30,24.5,24.5,24.5,24.5,0,40500
3527,2022-06-08 11:56:00+05:30,24.5,24.5,24.5,24.5,0,40500
3528,2022-06-08 11:57:00+05:30,24.5,24.5,24.5,24.5,300,39900
3529,2022-06-08 11:58:00+05:30,24.5,24.5,24.5,24.5,0,39900
3530,2022-06-08 11:59:00+05:30,24.5,24.5,24.5,24.5,0,39900
3531,2022-06-08 12:00:00+05:30,24.5,24.5,24.35,24.35,300,40200
3532,2022-06-08 12:01:00+05:30,24.35,24.35,24.35,24.35,0,40200
3533,2022-06-08 12:02:00+05:30,24.35,24.35,24.35,24.35,0,40200
3534,2022-06-08 12:03:00+05:30,23.6,23.6,22.3,22.45,1800,40200
3535,2022-06-08 12:04:00+05:30,22.45,22.45,22.05,22.05,0,40200
3536,2022-06-08 12:05:00+05:30,22.05,22.05,22.05,22.05,600,40200
3537,2022-06-08 12:06:00+05:30,21.45,21.65,21.45,21.65,600,41100
3538,2022-06-08 12:07:00+05:30,21.65,21.65,21.65,21.65,0,41100
3539,2022-06-08 12:08:00+05:30,21.65,21.65,21.65,21.65,300,41100
3540,2022-06-08 12:09:00+05:30,21.65,21.65,21.65,21.65,0,41100
3541,2022-06-08 12:10:00+05:30,21.65,21.65,21.65,21.65,0,41100
3542,2022-06-08 12:11:00+05:30,21.65,21.65,21.65,21.65,0,41100
3543,2022-06-08 12:12:00+05:30,21.65,22.1,21.65,22.1,300,40500
3544,2022-06-08 12:13:00+05:30,22.1,22.1,22.1,22.1,0,40500
3545,2022-06-08 12:14:00+05:30,21.85,21.85,21.85,21.85,300,40500
3546,2022-06-08 12:15:00+05:30,21.85,21.85,21.85,21.85,0,40500
3547,2022-06-08 12:16:00+05:30,21.85,21.85,21.85,21.85,0,40500
3548,2022-06-08 12:17:00+05:30,21.85,21.85,21.85,21.85,0,40500
3549,2022-06-08 12:18:00+05:30,21.85,21.85,21.85,21.85,0,40500
3550,2022-06-08 12:19:00+05:30,21.85,22.25,21.85,22.25,300,40500
3551,2022-06-08 12:20:00+05:30,22.25,22.25,22.25,22.25,0,40500
3552,2022-06-08 12:21:00+05:30,22.25,22.55,22.25,22.55,1500,40200
3553,2022-06-08 12:22:00+05:30,22.55,22.55,22.55,22.55,0,40200
3554,2022-06-08 12:23:00+05:30,22.55,22.55,22.55,22.55,0,40200
3555,2022-06-08 12:24:00+05:30,22.55,22.55,22.55,22.55,0,40200
3556,2022-06-08 12:25:00+05:30,22.55,22.55,22.55,22.55,0,40200
3557,2022-06-08 12:26:00+05:30,22.55,22.55,22.55,22.55,0,40200
3558,2022-06-08 12:27:00+05:30,22.55,22.55,22.55,22.55,0,40200
3559,2022-06-08 12:28:00+05:30,22.55,22.55,22.55,22.55,0,40200
3560,2022-06-08 12:29:00+05:30,22.55,22.55,22.55,22.55,0,40200
3561,2022-06-08 12:30:00+05:30,22.55,22.55,22.55,22.55,0,40200
3562,2022-06-08 12:31:00+05:30,22.55,22.55,22.55,22.55,0,40200
3563,2022-06-08 12:32:00+05:30,22.55,22.55,22.55,22.55,0,40200
3564,2022-06-08 12:33:00+05:30,22.55,22.55,22.55,22.55,0,40200
3565,2022-06-08 12:34:00+05:30,22.55,22.55,22.55,22.55,0,40200
3566,2022-06-08 12:35:00+05:30,22.55,22.55,22.55,22.55,0,40200
3567,2022-06-08 12:36:00+05:30,22.55,22.55,22.55,22.55,0,40200
3568,2022-06-08 12:37:00+05:30,22.55,22.55,22.55,22.55,0,40200
3569,2022-06-08 12:38:00+05:30,22.55,22.55,22.55,22.55,0,40200
3570,2022-06-08 12:39:00+05:30,22.55,22.55,22.55,22.55,0,40200
3571,2022-06-08 12:40:00+05:30,22.55,22.55,22.55,22.55,0,40200
3572,2022-06-08 12:41:00+05:30,22.55,22.55,22.55,22.55,0,40200
3573,2022-06-08 12:42:00+05:30,22.55,22.55,22.55,22.55,0,40200
3574,2022-06-08 12:43:00+05:30,22.55,22.55,22.55,22.55,0,40200
3575,2022-06-08 12:44:00+05:30,22.55,22.55,22.55,22.55,0,40200
3576,2022-06-08 12:45:00+05:30,22.55,22.55,22.55,22.55,0,40200
3577,2022-06-08 12:46:00+05:30,22.55,22.75,22.4,22.4,300,41700
3578,2022-06-08 12:47:00+05:30,22.45,22.45,22.45,22.45,600,41700
3579,2022-06-08 12:48:00+05:30,22.45,22.45,22.45,22.45,0,41700
3580,2022-06-08 12:49:00+05:30,22.45,22.75,22.45,22.75,300,40800
3581,2022-06-08 12:50:00+05:30,22.75,22.75,22.75,22.75,0,40800
3582,2022-06-08 12:51:00+05:30,22.75,22.95,22.75,22.95,300,40800
3583,2022-06-08 12:52:00+05:30,22.95,22.95,22.95,22.95,0,40800
3584,2022-06-08 12:53:00+05:30,22.95,22.95,22.95,22.95,0,40800
3585,2022-06-08 12:54:00+05:30,22.95,23.5,22.95,23.5,300,40800
3586,2022-06-08 12:55:00+05:30,23.5,23.5,23.5,23.5,0,40800
3587,2022-06-08 12:56:00+05:30,23.5,23.5,23.5,23.5,0,40800
3588,2022-06-08 12:57:00+05:30,23.5,23.5,23.5,23.5,0,40800
3589,2022-06-08 12:58:00+05:30,23.5,23.5,23.5,23.5,0,40800
3590,2022-06-08 12:59:00+05:30,23.5,23.5,23.5,23.5,0,40800
3591,2022-06-08 13:00:00+05:30,23.5,23.5,23.5,23.5,0,40800
3592,2022-06-08 13:01:00+05:30,23.5,23.5,23.5,23.5,0,40800
3593,2022-06-08 13:02:00+05:30,23.5,23.5,23.5,23.5,0,40800
3594,2022-06-08 13:03:00+05:30,23.5,23.5,23.5,23.5,300,40500
3595,2022-06-08 13:04:00+05:30,23.5,23.65,23.5,23.65,0,40500
3596,2022-06-08 13:05:00+05:30,23.65,23.65,23.65,23.65,900,40500
3597,2022-06-08 13:06:00+05:30,23.65,23.65,23.65,23.65,0,40500
3598,2022-06-08 13:07:00+05:30,23.65,23.65,23.65,23.65,0,40500
3599,2022-06-08 13:08:00+05:30,23.65,23.65,23.65,23.65,0,40500
3600,2022-06-08 13:09:00+05:30,23.65,24.35,23.65,24.35,300,40200
3601,2022-06-08 13:10:00+05:30,24.35,24.35,24.35,24.35,0,40200
3602,2022-06-08 13:11:00+05:30,24.35,24.35,24.35,24.35,0,40200
3603,2022-06-08 13:12:00+05:30,24.35,24.35,24.35,24.35,0,40200
3604,2022-06-08 13:13:00+05:30,24.35,24.35,24.35,24.35,0,40200
3605,2022-06-08 13:14:00+05:30,24.35,25.1,24.35,25.1,300,39900
3606,2022-06-08 13:15:00+05:30,25.1,25.1,25.1,25.1,0,39900
3607,2022-06-08 13:16:00+05:30,25.1,25.1,25.1,25.1,0,39900
3608,2022-06-08 13:17:00+05:30,25.1,25.1,25.1,25.1,0,39900
3609,2022-06-08 13:18:00+05:30,25.1,25.1,25.1,25.1,0,39900
3610,2022-06-08 13:19:00+05:30,25.1,25.1,25.1,25.1,0,39900
3611,2022-06-08 13:20:00+05:30,25.1,25.1,25.1,25.1,0,39900
3612,2022-06-08 13:21:00+05:30,25.1,25.1,25.1,25.1,0,39900
3613,2022-06-08 13:22:00+05:30,25.1,25.1,25.1,25.1,0,39900
3614,2022-06-08 13:23:00+05:30,25.1,25.1,25.1,25.1,0,39900
3615,2022-06-08 13:24:00+05:30,25.1,25.1,25.1,25.1,0,39900
3616,2022-06-08 13:25:00+05:30,25.1,25.1,25.1,25.1,0,39900
3617,2022-06-08 13:26:00+05:30,25.1,25.1,25.1,25.1,0,39900
3618,2022-06-08 13:27:00+05:30,25.1,25.1,25.1,25.1,0,39900
3619,2022-06-08 13:28:00+05:30,25.1,25.1,25.1,25.1,0,39900
3620,2022-06-08 13:29:00+05:30,25.1,25.1,25.1,25.1,0,39900
3621,2022-06-08 13:30:00+05:30,25.1,25.1,25.1,25.1,0,39900
3622,2022-06-08 13:31:00+05:30,25.1,25.1,25.1,25.1,0,39900
3623,2022-06-08 13:32:00+05:30,25.1,25.1,25.1,25.1,0,39900
3624,2022-06-08 13:33:00+05:30,25.1,25.1,25.1,25.1,0,39900
3625,2022-06-08 13:34:00+05:30,25.1,25.1,25.1,25.1,0,39900
3626,2022-06-08 13:35:00+05:30,25.1,25.1,25.1,25.1,0,39900
3627,2022-06-08 13:36:00+05:30,25.1,25.1,25.1,25.1,0,39900
3628,2022-06-08 13:37:00+05:30,25.1,25.1,25.1,25.1,0,39900
3629,2022-06-08 13:38:00+05:30,25.1,25.1,25.1,25.1,0,39900
3630,2022-06-08 13:39:00+05:30,25.1,25.1,25.1,25.1,0,39900
3631,2022-06-08 13:40:00+05:30,25.1,25.1,25.1,25.1,0,39900
3632,2022-06-08 13:41:00+05:30,25.1,26.5,25.1,26.5,0,39900
3633,2022-06-08 13:42:00+05:30,26.5,26.5,26.5,26.5,300,39900
3634,2022-06-08 13:43:00+05:30,26.5,26.5,26.5,26.5,0,39900
3635,2022-06-08 13:44:00+05:30,26.5,27.5,26.5,27.5,300,39900
3636,2022-06-08 13:45:00+05:30,27.5,27.5,27.5,27.5,0,39900
3637,2022-06-08 13:46:00+05:30,27.5,27.5,27.5,27.5,0,39900
3638,2022-06-08 13:47:00+05:30,27.5,29.1,27.5,29.1,0,40200
3639,2022-06-08 13:48:00+05:30,29.1,29.1,29.1,29.1,300,40200
3640,2022-06-08 13:49:00+05:30,29.1,29.1,29.1,29.1,0,40200
3641,2022-06-08 13:50:00+05:30,29.1,29.1,29.1,29.1,0,40200
3642,2022-06-08 13:51:00+05:30,29.1,29.1,28.2,28.2,300,40200
3643,2022-06-08 13:52:00+05:30,28.2,28.2,28.2,28.2,0,40200
3644,2022-06-08 13:53:00+05:30,28.2,28.2,28.2,28.2,0,40200
3645,2022-06-08 13:54:00+05:30,28.2,28.2,28.2,28.2,0,40200
3646,2022-06-08 13:55:00+05:30,28.2,28.2,28.2,28.2,0,40200
3647,2022-06-08 13:56:00+05:30,28.2,28.2,28.2,28.2,0,40200
3648,2022-06-08 13:57:00+05:30,28.2,28.2,28.2,28.2,0,40200
3649,2022-06-08 13:58:00+05:30,28.2,28.2,28.2,28.2,0,40200
3650,2022-06-08 13:59:00+05:30,28.2,28.2,28.2,28.2,0,40200
3651,2022-06-08 14:00:00+05:30,28.2,28.9,28.2,28.9,300,40200
3652,2022-06-08 14:01:00+05:30,28.9,28.9,28.9,28.9,0,40200
3653,2022-06-08 14:02:00+05:30,28.9,28.9,28.9,28.9,0,40200
3654,2022-06-08 14:03:00+05:30,28.9,28.9,28.9,28.9,0,40200
3655,2022-06-08 14:04:00+05:30,28.9,28.9,28.9,28.9,0,40200
3656,2022-06-08 14:05:00+05:30,28.9,28.9,28.9,28.9,0,40200
3657,2022-06-08 14:06:00+05:30,28.9,28.9,28.9,28.9,0,40200
3658,2022-06-08 14:07:00+05:30,28.9,28.9,28.9,28.9,0,40200
3659,2022-06-08 14:08:00+05:30,28.9,28.9,28.9,28.9,0,40200
3660,2022-06-08 14:09:00+05:30,28.9,28.9,28.9,28.9,0,40200
3661,2022-06-08 14:10:00+05:30,28.9,28.9,28.9,28.9,0,40200
3662,2022-06-08 14:11:00+05:30,28.9,28.9,28.9,28.9,0,40200
3663,2022-06-08 14:12:00+05:30,28.9,28.9,28.9,28.9,0,40200
3664,2022-06-08 14:13:00+05:30,28.9,28.9,28.9,28.9,0,40200
3665,2022-06-08 14:14:00+05:30,28.9,28.9,28.9,28.9,0,40200
3666,2022-06-08 14:15:00+05:30,28.9,28.9,28.9,28.9,0,40200
3667,2022-06-08 14:16:00+05:30,28.9,28.9,28.9,28.9,0,40200
3668,2022-06-08 14:17:00+05:30,28.9,28.9,28.9,28.9,0,40200
3669,2022-06-08 14:18:00+05:30,29.2,29.2,29.2,29.2,300,40500
3670,2022-06-08 14:19:00+05:30,29.2,29.2,29.2,29.2,0,40500
3671,2022-06-08 14:20:00+05:30,29.2,29.2,29.2,29.2,0,40500
3672,2022-06-08 14:21:00+05:30,29.2,29.2,29.2,29.2,0,40500
3673,2022-06-08 14:22:00+05:30,29.2,29.2,29.2,29.2,0,40500
3674,2022-06-08 14:23:00+05:30,29.2,29.2,29.2,29.2,0,40500
3675,2022-06-08 14:24:00+05:30,29.2,29.2,29.2,29.2,0,40500
3676,2022-06-08 14:25:00+05:30,29.2,29.2,29.2,29.2,0,40500
3677,2022-06-08 14:26:00+05:30,29.2,29.2,29.2,29.2,0,40500
3678,2022-06-08 14:27:00+05:30,29.2,29.2,29.2,29.2,0,40500
3679,2022-06-08 14:28:00+05:30,29.2,29.2,29.2,29.2,0,40500
3680,2022-06-08 14:29:00+05:30,29.2,29.2,29.2,29.2,0,40500
3681,2022-06-08 14:30:00+05:30,29.2,29.2,29.2,29.2,0,40500
3682,2022-06-08 14:31:00+05:30,29.2,29.2,29.2,29.2,0,40500
3683,2022-06-08 14:32:00+05:30,29.2,29.2,29.2,29.2,0,40500
3684,2022-06-08 14:33:00+05:30,29.2,29.2,29.2,29.2,0,40500
3685,2022-06-08 14:34:00+05:30,29.2,29.2,29.2,29.2,0,40500
3686,2022-06-08 14:35:00+05:30,29.2,29.2,29.2,29.2,0,40500
3687,2022-06-08 14:36:00+05:30,29.2,29.2,29.2,29.2,0,40500
3688,2022-06-08 14:37:00+05:30,29.2,29.2,29.2,29.2,0,40500
3689,2022-06-08 14:38:00+05:30,29.2,29.2,29.2,29.2,0,40500
3690,2022-06-08 14:39:00+05:30,29.2,29.2,29.2,29.2,0,40500
3691,2022-06-08 14:40:00+05:30,29.2,29.2,29.2,29.2,0,40500
3692,2022-06-08 14:41:00+05:30,29.2,29.2,29.2,29.2,0,40500
3693,2022-06-08 14:42:00+05:30,29.2,29.2,29.2,29.2,0,40500
3694,2022-06-08 14:43:00+05:30,29.2,29.2,29.2,29.2,0,40500
3695,2022-06-08 14:44:00+05:30,29.2,29.2,29.2,29.2,0,40500
3696,2022-06-08 14:45:00+05:30,29.2,29.2,29.2,29.2,0,40500
3697,2022-06-08 14:46:00+05:30,29.2,29.2,29.2,29.2,0,40500
3698,2022-06-08 14:47:00+05:30,29.2,29.2,29.2,29.2,0,40500
3699,2022-06-08 14:48:00+05:30,29.2,29.2,29.2,29.2,0,40500
3700,2022-06-08 14:49:00+05:30,29.2,29.2,29.2,29.2,0,40500
3701,2022-06-08 14:50:00+05:30,29.2,29.2,29.2,29.2,0,40500
3702,2022-06-08 14:51:00+05:30,29.2,29.2,29.2,29.2,0,40500
3703,2022-06-08 14:52:00+05:30,29.2,29.2,29.2,29.2,0,40500
3704,2022-06-08 14:53:00+05:30,29.2,29.2,29.2,29.2,0,40500
3705,2022-06-08 14:54:00+05:30,29.2,29.2,29.2,29.2,0,40500
3706,2022-06-08 14:55:00+05:30,29.2,29.2,29.2,29.2,0,40500
3707,2022-06-08 14:56:00+05:30,29.2,29.2,29.2,29.2,0,40500
3708,2022-06-08 14:57:00+05:30,29.2,29.2,29.2,29.2,0,40500
3709,2022-06-08 14:58:00+05:30,29.2,29.2,29.2,29.2,0,40500
3710,2022-06-08 14:59:00+05:30,29.2,29.2,29.2,29.2,0,40500
3711,2022-06-08 15:00:00+05:30,29.2,29.2,29.2,29.2,0,40500
3712,2022-06-08 15:01:00+05:30,29.2,29.2,29.2,29.2,0,40500
3713,2022-06-08 15:02:00+05:30,29.2,29.2,29.2,29.2,0,40500
3714,2022-06-08 15:03:00+05:30,29.2,29.2,29.2,29.2,0,40500
3715,2022-06-08 15:04:00+05:30,29.2,29.2,29.2,29.2,0,40500
3716,2022-06-08 15:05:00+05:30,29.2,29.2,29.2,29.2,0,40500
3717,2022-06-08 15:06:00+05:30,29.2,29.2,29.2,29.2,0,40500
3718,2022-06-08 15:07:00+05:30,29.2,29.2,29.2,29.2,0,40500
3719,2022-06-08 15:08:00+05:30,29.2,29.2,29.2,29.2,0,40500
3720,2022-06-08 15:09:00+05:30,29.2,29.2,29.2,29.2,0,40500
3721,2022-06-08 15:10:00+05:30,29.2,29.2,29.2,29.2,0,40500
3722,2022-06-08 15:11:00+05:30,29.2,29.2,27.45,27.45,0,40500
3723,2022-06-08 15:12:00+05:30,27.45,27.45,27.45,27.45,300,40500
3724,2022-06-08 15:13:00+05:30,27.45,27.45,27.45,27.45,0,40500
3725,2022-06-08 15:14:00+05:30,27.45,27.45,27.45,27.45,0,40500
3726,2022-06-08 15:15:00+05:30,27.45,27.45,27.45,27.45,0,40500
3727,2022-06-08 15:16:00+05:30,27.45,27.45,27.45,27.45,0,40500
3728,2022-06-08 15:17:00+05:30,27.45,27.45,27.45,27.45,0,40500
3729,2022-06-08 15:18:00+05:30,27.45,27.45,27.45,27.45,0,40500
3730,2022-06-08 15:19:00+05:30,27.45,27.45,27.45,27.45,0,40500
3731,2022-06-08 15:20:00+05:30,27.45,27.45,26.0,26.0,300,40800
3732,2022-06-08 15:21:00+05:30,26.0,26.0,26.0,26.0,0,40800
3733,2022-06-08 15:22:00+05:30,26.0,26.0,26.0,26.0,0,40800
3734,2022-06-08 15:23:00+05:30,26.0,26.0,26.0,26.0,0,40800
3735,2022-06-08 15:24:00+05:30,26.0,26.0,26.0,26.0,0,40800
3736,2022-06-08 15:25:00+05:30,26.0,26.0,26.0,26.0,0,40800
3737,2022-06-08 15:26:00+05:30,26.0,26.0,26.0,26.0,0,40800
3738,2022-06-08 15:27:00+05:30,26.0,26.0,26.0,26.0,0,40800
3739,2022-06-08 15:28:00+05:30,26.0,26.0,26.0,26.0,0,40800
3740,2022-06-08 15:29:00+05:30,26.0,26.0,26.0,26.0,0,40800
3741,2022-06-09 09:26:00+05:30,31.5,31.5,31.5,31.5,0,40800
3742,2022-06-09 09:27:00+05:30,31.5,31.5,31.5,31.5,0,40800
3743,2022-06-09 09:28:00+05:30,31.5,31.5,31.5,31.5,0,40800
3744,2022-06-09 09:29:00+05:30,31.5,31.5,31.5,31.5,0,40800
3745,2022-06-09 09:30:00+05:30,31.5,31.5,31.5,31.5,0,40800
3746,2022-06-09 09:31:00+05:30,31.5,31.5,31.5,31.5,0,40800
3747,2022-06-09 09:32:00+05:30,31.5,31.5,31.5,31.5,0,40800
3748,2022-06-09 09:33:00+05:30,31.5,31.5,31.5,31.5,0,40800
3749,2022-06-09 09:34:00+05:30,31.5,31.5,31.5,31.5,0,40800
3750,2022-06-09 09:35:00+05:30,31.5,31.5,31.5,31.5,0,40800
3751,2022-06-09 09:36:00+05:30,31.5,31.5,31.5,31.5,0,40800
3752,2022-06-09 09:37:00+05:30,31.5,31.5,30.5,30.5,900,40800
3753,2022-06-09 09:38:00+05:30,30.5,30.5,30.5,30.5,0,40800
3754,2022-06-09 09:39:00+05:30,30.5,30.5,30.5,30.5,0,40800
3755,2022-06-09 09:40:00+05:30,30.5,30.5,30.5,30.5,0,40800
3756,2022-06-09 09:41:00+05:30,30.5,30.5,30.5,30.5,0,40800
3757,2022-06-09 09:42:00+05:30,30.5,30.5,30.5,30.5,0,40800
3758,2022-06-09 09:43:00+05:30,27.15,27.15,27.15,27.15,300,41100
3759,2022-06-09 09:44:00+05:30,27.15,27.15,26.7,26.7,300,41100
3760,2022-06-09 09:45:00+05:30,26.7,26.7,26.7,26.7,0,41700
3761,2022-06-09 09:46:00+05:30,26.6,26.95,26.6,26.95,900,41700
3762,2022-06-09 09:47:00+05:30,26.95,26.95,26.95,26.95,0,41700
3763,2022-06-09 09:48:00+05:30,26.95,26.95,26.95,26.95,0,41700
3764,2022-06-09 09:49:00+05:30,26.95,26.95,26.95,26.95,0,41700
3765,2022-06-09 09:50:00+05:30,26.95,26.95,26.95,26.95,0,41700
3766,2022-06-09 09:51:00+05:30,26.95,26.95,26.95,26.95,0,41700
3767,2022-06-09 09:52:00+05:30,26.95,26.95,26.95,26.95,0,41700
3768,2022-06-09 09:53:00+05:30,26.95,26.95,26.95,26.95,0,41700
3769,2022-06-09 09:54:00+05:30,26.95,26.95,26.95,26.95,0,41700
3770,2022-06-09 09:55:00+05:30,26.95,26.95,26.95,26.95,0,41700
3771,2022-06-09 09:56:00+05:30,26.95,26.95,26.95,26.95,0,41700
3772,2022-06-09 09:57:00+05:30,26.95,26.95,26.95,26.95,0,41700
3773,2022-06-09 09:58:00+05:30,26.95,26.95,26.95,26.95,0,41700
3774,2022-06-09 09:59:00+05:30,26.95,26.95,26.95,26.95,0,41700
3775,2022-06-09 10:00:00+05:30,26.95,26.95,26.95,26.95,0,41700
3776,2022-06-09 10:01:00+05:30,26.95,26.95,26.95,26.95,0,41700
3777,2022-06-09 10:02:00+05:30,26.95,26.95,26.95,26.95,0,41700
3778,2022-06-09 10:03:00+05:30,26.95,29.9,26.95,29.9,0,41700
3779,2022-06-09 10:04:00+05:30,29.9,29.9,29.9,29.9,300,41700
3780,2022-06-09 10:05:00+05:30,29.9,30.95,29.9,30.95,300,41700
3781,2022-06-09 10:06:00+05:30,30.95,30.95,30.95,30.95,0,41700
3782,2022-06-09 10:07:00+05:30,30.95,30.95,30.95,30.95,0,41700
3783,2022-06-09 10:08:00+05:30,30.95,30.95,30.95,30.95,0,41700
3784,2022-06-09 10:09:00+05:30,30.95,30.95,30.95,30.95,0,41700
3785,2022-06-09 10:10:00+05:30,30.95,30.95,30.95,30.95,0,41700
3786,2022-06-09 10:11:00+05:30,30.95,30.95,30.95,30.95,0,41700
3787,2022-06-09 10:12:00+05:30,30.95,30.95,30.95,30.95,0,41700
3788,2022-06-09 10:13:00+05:30,30.5,30.6,30.5,30.6,600,42300
3789,2022-06-09 10:14:00+05:30,30.6,30.6,30.6,30.6,0,42300
3790,2022-06-09 10:15:00+05:30,30.6,30.6,30.6,30.6,0,42300
3791,2022-06-09 10:16:00+05:30,30.6,30.6,30.6,30.6,0,42300
3792,2022-06-09 10:17:00+05:30,30.6,30.6,30.6,30.6,0,42300
3793,2022-06-09 10:18:00+05:30,30.6,30.6,30.6,30.6,0,42300
3794,2022-06-09 10:19:00+05:30,30.6,30.6,30.05,30.05,300,42300
3795,2022-06-09 10:20:00+05:30,30.05,30.05,30.05,30.05,0,42300
3796,2022-06-09 10:21:00+05:30,30.05,30.05,30.05,30.05,0,42300
3797,2022-06-09 10:22:00+05:30,30.05,30.05,30.05,30.05,0,42300
3798,2022-06-09 10:23:00+05:30,30.05,30.05,30.05,30.05,0,42300
3799,2022-06-09 10:24:00+05:30,30.05,30.05,30.05,30.05,0,42300
3800,2022-06-09 10:25:00+05:30,30.05,30.05,30.05,30.05,0,42300
3801,2022-06-09 10:26:00+05:30,30.05,30.05,30.05,30.05,0,42300
3802,2022-06-09 10:27:00+05:30,30.05,30.05,30.05,30.05,0,42300
3803,2022-06-09 10:28:00+05:30,30.05,30.05,30.05,30.05,0,42300
3804,2022-06-09 10:29:00+05:30,30.05,30.05,30.05,30.05,0,42300
3805,2022-06-09 10:30:00+05:30,30.05,30.05,30.05,30.05,0,42300
3806,2022-06-09 10:31:00+05:30,30.05,30.05,30.05,30.05,0,42300
3807,2022-06-09 10:32:00+05:30,30.05,30.05,30.05,30.05,0,42300
3808,2022-06-09 10:33:00+05:30,30.05,30.05,30.05,30.05,0,42300
3809,2022-06-09 10:34:00+05:30,30.05,30.05,30.05,30.05,0,42300
3810,2022-06-09 10:35:00+05:30,30.05,30.05,30.05,30.05,0,42300
3811,2022-06-09 10:36:00+05:30,30.05,30.05,30.05,30.05,0,42300
3812,2022-06-09 10:37:00+05:30,30.05,30.05,30.05,30.05,0,42300
3813,2022-06-09 10:38:00+05:30,30.05,30.05,30.05,30.05,0,42300
3814,2022-06-09 10:39:00+05:30,30.05,30.05,30.05,30.05,0,42300
3815,2022-06-09 10:40:00+05:30,30.05,30.05,30.05,30.05,0,42300
3816,2022-06-09 10:41:00+05:30,30.05,30.05,30.05,30.05,0,42300
3817,2022-06-09 10:42:00+05:30,30.05,30.05,30.05,30.05,0,42300
3818,2022-06-09 10:43:00+05:30,30.05,30.05,30.05,30.05,0,42300
3819,2022-06-09 10:44:00+05:30,30.05,30.05,30.05,30.05,0,42300
3820,2022-06-09 10:45:00+05:30,30.05,30.05,30.05,30.05,0,42300
3821,2022-06-09 10:46:00+05:30,30.05,30.05,30.05,30.05,0,42300
3822,2022-06-09 10:47:00+05:30,30.05,30.05,30.05,30.05,0,42300
3823,2022-06-09 10:48:00+05:30,30.05,30.05,30.05,30.05,0,42300
3824,2022-06-09 10:49:00+05:30,30.05,30.05,30.05,30.05,0,42300
3825,2022-06-09 10:50:00+05:30,30.05,30.05,30.05,30.05,0,42300
3826,2022-06-09 10:51:00+05:30,30.05,30.05,30.05,30.05,0,42300
3827,2022-06-09 10:52:00+05:30,30.05,30.05,30.05,30.05,0,42300
3828,2022-06-09 10:53:00+05:30,30.05,30.05,30.05,30.05,0,42300
3829,2022-06-09 10:54:00+05:30,30.05,30.05,24.55,24.55,300,42300
3830,2022-06-09 10:55:00+05:30,24.55,24.55,24.55,24.55,0,42300
3831,2022-06-09 10:56:00+05:30,24.55,25.3,24.55,25.3,300,42300
3832,2022-06-09 10:57:00+05:30,25.3,25.3,25.3,25.3,0,42300
3833,2022-06-09 10:58:00+05:30,25.3,25.3,25.3,25.3,0,42300
3834,2022-06-09 10:59:00+05:30,25.3,25.3,25.3,25.3,0,42300
3835,2022-06-09 11:00:00+05:30,25.3,25.3,24.75,25.1,900,41700
3836,2022-06-09 11:01:00+05:30,25.1,25.1,25.1,25.1,300,41700
3837,2022-06-09 11:02:00+05:30,25.1,25.1,25.1,25.1,0,41700
3838,2022-06-09 11:03:00+05:30,25.1,25.1,25.1,25.1,0,41700
3839,2022-06-09 11:04:00+05:30,25.1,25.1,25.1,25.1,0,41700
3840,2022-06-09 11:05:00+05:30,25.1,25.1,25.1,25.1,0,41700
3841,2022-06-09 11:06:00+05:30,25.1,25.1,25.1,25.1,0,41700
3842,2022-06-09 11:07:00+05:30,25.1,25.1,25.1,25.1,0,41700
3843,2022-06-09 11:08:00+05:30,25.1,25.1,25.1,25.1,0,41700
3844,2022-06-09 11:09:00+05:30,25.1,25.1,25.1,25.1,0,41700
3845,2022-06-09 11:10:00+05:30,25.1,25.1,25.1,25.1,0,41700
3846,2022-06-09 11:11:00+05:30,25.1,25.1,25.1,25.1,0,41700
3847,2022-06-09 11:12:00+05:30,25.1,25.1,25.1,25.1,0,41700
3848,2022-06-09 11:13:00+05:30,25.1,25.1,25.1,25.1,0,41700
3849,2022-06-09 11:14:00+05:30,25.1,25.1,25.1,25.1,0,41700
3850,2022-06-09 11:15:00+05:30,25.1,25.1,25.1,25.1,0,41700
3851,2022-06-09 11:16:00+05:30,25.1,25.1,25.1,25.1,0,41700
3852,2022-06-09 11:17:00+05:30,25.1,25.1,25.1,25.1,0,41700
3853,2022-06-09 11:18:00+05:30,25.1,25.1,25.1,25.1,0,41700
3854,2022-06-09 11:19:00+05:30,25.1,25.1,25.1,25.1,0,41700
3855,2022-06-09 11:20:00+05:30,25.1,25.1,25.1,25.1,0,41700
3856,2022-06-09 11:21:00+05:30,25.1,25.1,25.1,25.1,0,41700
3857,2022-06-09 11:22:00+05:30,25.1,25.1,25.1,25.1,0,41700
3858,2022-06-09 11:23:00+05:30,25.1,25.1,25.1,25.1,0,41700
3859,2022-06-09 11:24:00+05:30,25.1,25.1,25.1,25.1,0,41700
3860,2022-06-09 11:25:00+05:30,25.1,25.1,25.1,25.1,0,41700
3861,2022-06-09 11:26:00+05:30,25.1,25.1,25.1,25.1,0,41700
3862,2022-06-09 11:27:00+05:30,25.1,25.1,25.1,25.1,0,41700
3863,2022-06-09 11:28:00+05:30,25.1,25.1,25.1,25.1,0,41700
3864,2022-06-09 11:29:00+05:30,25.1,25.1,25.1,25.1,0,41700
3865,2022-06-09 11:30:00+05:30,25.1,25.1,25.1,25.1,0,41700
3866,2022-06-09 11:31:00+05:30,25.1,25.1,25.1,25.1,0,41700
3867,2022-06-09 11:32:00+05:30,25.1,25.1,25.1,25.1,0,41700
3868,2022-06-09 11:33:00+05:30,25.1,25.1,25.1,25.1,0,41700
3869,2022-06-09 11:34:00+05:30,25.1,25.1,25.1,25.1,0,41700
3870,2022-06-09 11:35:00+05:30,25.1,25.1,25.1,25.1,0,41700
3871,2022-06-09 11:36:00+05:30,25.1,25.1,25.1,25.1,0,41700
3872,2022-06-09 11:37:00+05:30,25.1,25.1,25.1,25.1,0,41700
3873,2022-06-09 11:38:00+05:30,25.1,25.1,25.1,25.1,0,41700
3874,2022-06-09 11:39:00+05:30,25.1,25.1,25.1,25.1,0,41700
3875,2022-06-09 11:40:00+05:30,25.1,25.1,25.1,25.1,0,41700
3876,2022-06-09 11:41:00+05:30,25.1,25.1,25.1,25.1,0,41700
3877,2022-06-09 11:42:00+05:30,25.1,25.1,25.1,25.1,0,41700
3878,2022-06-09 11:43:00+05:30,25.1,25.1,25.1,25.1,0,41700
3879,2022-06-09 11:44:00+05:30,25.1,25.1,25.1,25.1,0,41700
3880,2022-06-09 11:45:00+05:30,25.1,25.1,25.1,25.1,0,41700
3881,2022-06-09 11:46:00+05:30,25.1,25.1,25.1,25.1,0,41700
3882,2022-06-09 11:47:00+05:30,25.1,25.1,25.1,25.1,0,41700
3883,2022-06-09 11:48:00+05:30,25.1,25.1,25.1,25.1,0,41700
3884,2022-06-09 11:49:00+05:30,25.1,25.1,25.1,25.1,0,41700
3885,2022-06-09 11:50:00+05:30,25.1,25.1,25.1,25.1,0,41700
3886,2022-06-09 11:51:00+05:30,25.1,25.1,25.1,25.1,0,41700
3887,2022-06-09 11:52:00+05:30,25.1,25.1,25.1,25.1,0,41700
3888,2022-06-09 11:53:00+05:30,25.1,25.1,25.1,25.1,0,41700
3889,2022-06-09 11:54:00+05:30,25.1,25.1,25.1,25.1,0,41700
3890,2022-06-09 11:55:00+05:30,25.1,25.1,25.1,25.1,0,41700
3891,2022-06-09 11:56:00+05:30,25.1,25.1,25.1,25.1,0,41700
3892,2022-06-09 11:57:00+05:30,25.1,26.1,25.1,26.1,300,41100
3893,2022-06-09 11:58:00+05:30,26.1,26.1,24.7,24.7,300,41100
3894,2022-06-09 11:59:00+05:30,24.7,24.7,24.5,24.5,300,41100
3895,2022-06-09 12:00:00+05:30,24.5,24.5,24.5,24.5,0,41100
3896,2022-06-09 12:01:00+05:30,24.5,24.5,24.5,24.5,0,41100
3897,2022-06-09 12:02:00+05:30,24.5,24.5,24.5,24.5,0,41100
3898,2022-06-09 12:03:00+05:30,24.5,24.5,24.5,24.5,0,41100
3899,2022-06-09 12:04:00+05:30,24.5,24.5,24.5,24.5,0,41100
3900,2022-06-09 12:05:00+05:30,24.5,24.5,24.5,24.5,0,41100
3901,2022-06-09 12:06:00+05:30,24.5,24.5,24.5,24.5,0,41100
3902,2022-06-09 12:07:00+05:30,24.5,24.5,24.5,24.5,0,41100
3903,2022-06-09 12:08:00+05:30,24.5,24.5,24.5,24.5,0,41100
3904,2022-06-09 12:09:00+05:30,24.5,24.5,24.5,24.5,0,41100
3905,2022-06-09 12:10:00+05:30,24.5,24.5,24.5,24.5,0,41100
3906,2022-06-09 12:11:00+05:30,24.5,24.5,24.5,24.5,0,41100
3907,2022-06-09 12:12:00+05:30,24.5,24.5,24.5,24.5,0,41100
3908,2022-06-09 12:13:00+05:30,24.5,24.5,24.5,24.5,0,41100
3909,2022-06-09 12:14:00+05:30,24.5,24.5,24.5,24.5,0,41100
3910,2022-06-09 12:15:00+05:30,24.5,24.5,24.5,24.5,0,41100
3911,2022-06-09 12:16:00+05:30,24.5,24.5,24.5,24.5,0,41100
3912,2022-06-09 12:17:00+05:30,24.5,24.5,24.5,24.5,0,41100
3913,2022-06-09 12:18:00+05:30,24.5,24.5,24.5,24.5,0,41100
3914,2022-06-09 12:19:00+05:30,24.5,24.5,24.5,24.5,0,41100
3915,2022-06-09 12:20:00+05:30,24.5,24.5,24.5,24.5,0,41100
3916,2022-06-09 12:21:00+05:30,24.5,24.5,24.5,24.5,0,41100
3917,2022-06-09 12:22:00+05:30,24.5,24.5,24.5,24.5,0,41100
3918,2022-06-09 12:23:00+05:30,24.5,24.5,24.5,24.5,0,41100
3919,2022-06-09 12:24:00+05:30,24.5,24.5,24.5,24.5,0,41100
3920,2022-06-09 12:25:00+05:30,24.5,24.5,24.5,24.5,0,41100
3921,2022-06-09 12:26:00+05:30,24.5,24.5,24.5,24.5,0,41100
3922,2022-06-09 12:27:00+05:30,24.5,24.5,24.5,24.5,0,41100
3923,2022-06-09 12:28:00+05:30,24.5,24.5,24.5,24.5,0,41100
3924,2022-06-09 12:29:00+05:30,24.5,24.5,24.5,24.5,0,41100
3925,2022-06-09 12:30:00+05:30,24.5,24.5,24.5,24.5,0,41100
3926,2022-06-09 12:31:00+05:30,24.5,24.5,24.5,24.5,0,41100
3927,2022-06-09 12:32:00+05:30,24.5,24.5,24.5,24.5,0,41100
3928,2022-06-09 12:33:00+05:30,24.5,24.5,24.5,24.5,0,41100
3929,2022-06-09 12:34:00+05:30,24.5,24.5,24.5,24.5,0,41100
3930,2022-06-09 12:35:00+05:30,24.5,24.5,24.5,24.5,0,41100
3931,2022-06-09 12:36:00+05:30,24.5,24.5,24.5,24.5,0,41100
3932,2022-06-09 12:37:00+05:30,24.5,24.5,24.5,24.5,0,41100
3933,2022-06-09 12:38:00+05:30,24.5,24.5,24.5,24.5,0,41100
3934,2022-06-09 12:39:00+05:30,24.5,24.5,24.5,24.5,0,41100
3935,2022-06-09 12:40:00+05:30,24.5,24.5,24.5,24.5,0,41100
3936,2022-06-09 12:41:00+05:30,24.5,24.5,24.5,24.5,0,41100
3937,2022-06-09 12:42:00+05:30,24.5,24.5,24.5,24.5,0,41100
3938,2022-06-09 12:43:00+05:30,24.5,24.5,24.5,24.5,0,41100
3939,2022-06-09 12:44:00+05:30,24.5,24.5,24.5,24.5,0,41100
3940,2022-06-09 12:45:00+05:30,24.5,24.5,24.5,24.5,0,41100
3941,2022-06-09 12:46:00+05:30,24.5,24.5,24.5,24.5,0,41100
3942,2022-06-09 12:47:00+05:30,24.5,24.5,24.5,24.5,0,41100
3943,2022-06-09 12:48:00+05:30,24.5,24.5,24.5,24.5,0,41100
3944,2022-06-09 12:49:00+05:30,24.5,24.5,24.5,24.5,0,41100
3945,2022-06-09 12:50:00+05:30,24.5,24.5,24.5,24.5,0,41100
3946,2022-06-09 12:51:00+05:30,24.5,24.5,24.5,24.5,0,41100
3947,2022-06-09 12:52:00+05:30,24.5,24.5,24.5,24.5,0,41100
3948,2022-06-09 12:53:00+05:30,24.5,24.5,24.5,24.5,0,41100
3949,2022-06-09 12:54:00+05:30,24.5,24.5,24.5,24.5,0,41100
3950,2022-06-09 12:55:00+05:30,24.5,24.5,24.5,24.5,0,41100
3951,2022-06-09 12:56:00+05:30,24.5,24.5,24.5,24.5,0,41100
3952,2022-06-09 12:57:00+05:30,24.5,24.5,24.5,24.5,0,41100
3953,2022-06-09 12:58:00+05:30,24.5,24.5,24.5,24.5,0,41100
3954,2022-06-09 12:59:00+05:30,24.5,24.5,24.5,24.5,0,41100
3955,2022-06-09 13:00:00+05:30,24.5,24.5,24.5,24.5,0,41100
3956,2022-06-09 13:01:00+05:30,24.5,24.5,24.5,24.5,0,41100
3957,2022-06-09 13:02:00+05:30,24.5,24.5,24.5,24.5,0,41100
3958,2022-06-09 13:03:00+05:30,24.5,24.5,24.5,24.5,0,41100
3959,2022-06-09 13:04:00+05:30,24.5,24.5,24.5,24.5,0,41100
3960,2022-06-09 13:05:00+05:30,24.5,24.5,24.5,24.5,0,41100
3961,2022-06-09 13:06:00+05:30,24.5,24.5,24.5,24.5,0,41100
3962,2022-06-09 13:07:00+05:30,24.5,24.5,24.5,24.5,0,41100
3963,2022-06-09 13:08:00+05:30,24.5,24.5,24.5,24.5,0,41100
3964,2022-06-09 13:09:00+05:30,24.5,24.5,24.5,24.5,0,41100
3965,2022-06-09 13:10:00+05:30,24.5,24.5,24.5,24.5,0,41100
3966,2022-06-09 13:11:00+05:30,24.5,24.5,24.5,24.5,0,41100
3967,2022-06-09 13:12:00+05:30,24.5,24.5,24.5,24.5,0,41100
3968,2022-06-09 13:13:00+05:30,24.5,24.5,24.5,24.5,0,41100
3969,2022-06-09 13:14:00+05:30,24.5,24.5,24.5,24.5,0,41100
3970,2022-06-09 13:15:00+05:30,24.5,24.5,24.5,24.5,0,41100
3971,2022-06-09 13:16:00+05:30,24.5,24.5,24.5,24.5,0,41100
3972,2022-06-09 13:17:00+05:30,24.5,24.5,24.5,24.5,0,41100
3973,2022-06-09 13:18:00+05:30,24.5,24.5,24.5,24.5,0,41100
3974,2022-06-09 13:19:00+05:30,24.5,24.5,24.5,24.5,0,41100
3975,2022-06-09 13:20:00+05:30,24.5,24.5,24.5,24.5,0,41100
3976,2022-06-09 13:21:00+05:30,24.5,24.5,24.5,24.5,0,41100
3977,2022-06-09 13:22:00+05:30,24.5,24.5,24.5,24.5,0,41100
3978,2022-06-09 13:23:00+05:30,24.5,24.5,24.5,24.5,0,41100
3979,2022-06-09 13:24:00+05:30,24.5,24.5,24.5,24.5,0,41100
3980,2022-06-09 13:25:00+05:30,24.5,24.5,24.5,24.5,0,41100
3981,2022-06-09 13:26:00+05:30,24.5,24.5,24.5,24.5,0,41100
3982,2022-06-09 13:27:00+05:30,24.5,24.5,24.5,24.5,0,41100
3983,2022-06-09 13:28:00+05:30,24.5,24.5,24.5,24.5,0,41100
3984,2022-06-09 13:29:00+05:30,24.5,24.5,24.5,24.5,0,41100
3985,2022-06-09 13:30:00+05:30,24.5,24.5,24.5,24.5,0,41100
3986,2022-06-09 13:31:00+05:30,24.5,24.5,24.5,24.5,0,41100
3987,2022-06-09 13:32:00+05:30,24.5,24.5,24.5,24.5,0,41100
3988,2022-06-09 13:33:00+05:30,24.5,24.5,24.5,24.5,0,41100
3989,2022-06-09 13:34:00+05:30,24.5,24.5,24.5,24.5,0,41100
3990,2022-06-09 13:35:00+05:30,24.5,24.5,24.5,24.5,0,41100
3991,2022-06-09 13:36:00+05:30,24.5,24.5,24.5,24.5,0,41100
3992,2022-06-09 13:37:00+05:30,24.5,24.5,24.5,24.5,0,41100
3993,2022-06-09 13:38:00+05:30,24.5,24.5,24.5,24.5,0,41100
3994,2022-06-09 13:39:00+05:30,24.5,24.5,24.5,24.5,0,41100
3995,2022-06-09 13:40:00+05:30,24.5,24.5,24.5,24.5,0,41100
3996,2022-06-09 13:41:00+05:30,24.5,24.5,24.5,24.5,0,41100
3997,2022-06-09 13:42:00+05:30,24.5,24.5,24.5,24.5,0,41100
3998,2022-06-09 13:43:00+05:30,24.5,24.5,24.5,24.5,0,41100
3999,2022-06-09 13:44:00+05:30,24.5,24.5,24.5,24.5,0,41100
4000,2022-06-09 13:45:00+05:30,24.5,24.5,24.5,24.5,0,41100
4001,2022-06-09 13:46:00+05:30,24.5,24.5,24.5,24.5,0,41100
4002,2022-06-09 13:47:00+05:30,24.5,24.5,24.5,24.5,0,41100
4003,2022-06-09 13:48:00+05:30,24.5,24.5,24.5,24.5,0,41100
4004,2022-06-09 13:49:00+05:30,24.5,24.5,24.5,24.5,0,41100
4005,2022-06-09 13:50:00+05:30,24.5,24.5,24.5,24.5,0,41100
4006,2022-06-09 13:51:00+05:30,24.5,24.5,24.5,24.5,0,41100
4007,2022-06-09 13:52:00+05:30,24.5,24.5,24.5,24.5,0,41100
4008,2022-06-09 13:53:00+05:30,24.5,24.5,24.5,24.5,0,41100
4009,2022-06-09 13:54:00+05:30,24.5,24.5,24.5,24.5,0,41100
4010,2022-06-09 13:55:00+05:30,24.5,24.5,24.5,24.5,0,41100
4011,2022-06-09 13:56:00+05:30,24.5,24.5,24.5,24.5,0,41100
4012,2022-06-09 13:57:00+05:30,24.5,24.5,24.5,24.5,0,41100
4013,2022-06-09 13:58:00+05:30,24.5,24.5,24.5,24.5,0,41100
4014,2022-06-09 13:59:00+05:30,24.5,24.5,24.5,24.5,0,41100
4015,2022-06-09 14:00:00+05:30,24.5,24.5,24.5,24.5,0,41100
4016,2022-06-09 14:01:00+05:30,24.5,24.5,24.5,24.5,0,41100
4017,2022-06-09 14:02:00+05:30,24.5,24.5,24.5,24.5,0,41100
4018,2022-06-09 14:03:00+05:30,24.5,24.5,24.5,24.5,0,41100
4019,2022-06-09 14:04:00+05:30,24.5,24.5,24.5,24.5,0,41100
4020,2022-06-09 14:05:00+05:30,24.5,24.5,24.5,24.5,0,41100
4021,2022-06-09 14:06:00+05:30,24.5,24.5,24.5,24.5,0,41100
4022,2022-06-09 14:07:00+05:30,24.5,24.5,24.5,24.5,0,41100
4023,2022-06-09 14:08:00+05:30,24.5,24.5,24.5,24.5,0,41100
4024,2022-06-09 14:09:00+05:30,24.5,24.5,24.5,24.5,0,41100
4025,2022-06-09 14:10:00+05:30,24.5,24.5,24.5,24.5,0,41100
4026,2022-06-09 14:11:00+05:30,24.5,24.5,24.5,24.5,0,41100
4027,2022-06-09 14:12:00+05:30,24.5,24.5,24.5,24.5,0,41100
4028,2022-06-09 14:13:00+05:30,24.5,24.5,24.5,24.5,0,41100
4029,2022-06-09 14:14:00+05:30,24.5,24.5,24.5,24.5,0,41100
4030,2022-06-09 14:15:00+05:30,24.5,24.5,24.5,24.5,0,41100
4031,2022-06-09 14:16:00+05:30,24.5,24.5,24.5,24.5,0,41100
4032,2022-06-09 14:17:00+05:30,24.5,24.5,24.5,24.5,0,41100
4033,2022-06-09 14:18:00+05:30,24.5,24.5,24.5,24.5,0,41100
4034,2022-06-09 14:19:00+05:30,24.5,24.5,24.5,24.5,0,41100
4035,2022-06-09 14:20:00+05:30,24.5,24.5,24.5,24.5,0,41100
4036,2022-06-09 14:21:00+05:30,24.5,24.5,24.5,24.5,0,41100
4037,2022-06-09 14:22:00+05:30,24.5,24.5,24.5,24.5,0,41100
4038,2022-06-09 14:23:00+05:30,24.5,24.5,24.5,24.5,0,41100
4039,2022-06-09 14:24:00+05:30,24.5,24.5,24.5,24.5,0,41100
4040,2022-06-09 14:25:00+05:30,24.5,24.5,24.5,24.5,0,41100
4041,2022-06-09 14:26:00+05:30,24.5,24.5,24.5,24.5,0,41100
4042,2022-06-09 14:27:00+05:30,24.5,24.5,24.5,24.5,0,41100
4043,2022-06-09 14:28:00+05:30,24.5,24.5,24.5,24.5,0,41100
4044,2022-06-09 14:29:00+05:30,24.5,24.5,24.5,24.5,0,41100
4045,2022-06-09 14:30:00+05:30,24.5,24.5,24.5,24.5,0,41100
4046,2022-06-09 14:31:00+05:30,24.5,24.5,24.5,24.5,0,41100
4047,2022-06-09 14:32:00+05:30,24.5,24.5,24.5,24.5,0,41100
4048,2022-06-09 14:33:00+05:30,24.5,24.5,24.5,24.5,0,41100
4049,2022-06-09 14:34:00+05:30,24.5,24.5,24.5,24.5,0,41100
4050,2022-06-09 14:35:00+05:30,24.5,24.5,24.5,24.5,0,41100
4051,2022-06-09 14:36:00+05:30,24.5,24.5,24.5,24.5,0,41100
4052,2022-06-09 14:37:00+05:30,24.5,24.5,24.5,24.5,0,41100
4053,2022-06-09 14:38:00+05:30,24.5,24.5,24.5,24.5,0,41100
4054,2022-06-09 14:39:00+05:30,24.5,24.5,24.5,24.5,0,41100
4055,2022-06-09 14:40:00+05:30,24.5,24.5,24.5,24.5,0,41100
4056,2022-06-09 14:41:00+05:30,24.5,24.5,24.5,24.5,0,41100
4057,2022-06-09 14:42:00+05:30,24.5,24.5,24.5,24.5,0,41100
4058,2022-06-09 14:43:00+05:30,24.5,24.5,24.5,24.5,0,41100
4059,2022-06-09 14:44:00+05:30,24.5,24.5,24.5,24.5,0,41100
4060,2022-06-09 14:45:00+05:30,24.5,24.5,24.5,24.5,0,41100
4061,2022-06-09 14:46:00+05:30,24.5,24.5,24.5,24.5,0,41100
4062,2022-06-09 14:47:00+05:30,24.5,24.5,24.5,24.5,0,41100
4063,2022-06-09 14:48:00+05:30,24.5,24.5,24.5,24.5,0,41100
4064,2022-06-09 14:49:00+05:30,24.5,24.5,24.5,24.5,0,41100
4065,2022-06-09 14:50:00+05:30,24.5,24.5,24.5,24.5,0,41100
4066,2022-06-09 14:51:00+05:30,24.5,24.5,24.5,24.5,0,41100
4067,2022-06-09 14:52:00+05:30,24.5,24.5,24.5,24.5,0,41100
4068,2022-06-09 14:53:00+05:30,24.5,24.5,24.5,24.5,0,41100
4069,2022-06-09 14:54:00+05:30,24.5,24.5,24.5,24.5,0,41100
4070,2022-06-09 14:55:00+05:30,24.5,24.5,24.5,24.5,0,41100
4071,2022-06-09 14:56:00+05:30,24.5,24.5,24.5,24.5,0,41100
4072,2022-06-09 14:57:00+05:30,24.5,24.5,24.5,24.5,0,41100
4073,2022-06-09 14:58:00+05:30,24.5,24.5,24.5,24.5,0,41100
4074,2022-06-09 14:59:00+05:30,24.5,24.5,24.5,24.5,0,41100
4075,2022-06-09 15:00:00+05:30,24.5,24.5,21.8,21.8,300,41400
4076,2022-06-09 15:01:00+05:30,21.8,21.8,21.8,21.8,0,41400
4077,2022-06-09 15:02:00+05:30,21.8,21.8,21.8,21.8,0,41400
4078,2022-06-09 15:03:00+05:30,21.8,21.8,21.8,21.8,0,41400
4079,2022-06-09 15:04:00+05:30,21.8,21.8,21.8,21.8,0,41400
4080,2022-06-09 15:05:00+05:30,21.8,21.8,21.8,21.8,0,41400
4081,2022-06-09 15:06:00+05:30,21.8,21.8,21.8,21.8,0,41400
4082,2022-06-09 15:07:00+05:30,21.8,21.8,21.8,21.8,0,41400
4083,2022-06-09 15:08:00+05:30,21.8,21.8,21.8,21.8,0,41400
4084,2022-06-09 15:09:00+05:30,21.8,21.8,21.8,21.8,0,41400
4085,2022-06-09 15:10:00+05:30,21.8,21.8,21.8,21.8,0,41400
4086,2022-06-09 15:11:00+05:30,21.8,21.8,21.8,21.8,0,41400
4087,2022-06-09 15:12:00+05:30,21.8,21.8,21.8,21.8,0,41400
4088,2022-06-09 15:13:00+05:30,21.8,21.8,21.8,21.8,0,41400
4089,2022-06-09 15:14:00+05:30,21.8,21.8,21.8,21.8,0,41400
4090,2022-06-09 15:15:00+05:30,21.8,21.8,21.8,21.8,0,41400
4091,2022-06-09 15:16:00+05:30,21.8,21.8,21.8,21.8,0,41400
4092,2022-06-09 15:17:00+05:30,21.8,21.8,21.8,21.8,0,41400
4093,2022-06-09 15:18:00+05:30,21.8,21.8,21.8,21.8,0,41400
4094,2022-06-09 15:19:00+05:30,21.8,21.8,21.8,21.8,0,41400
4095,2022-06-09 15:20:00+05:30,21.8,21.8,21.8,21.8,0,41400
4096,2022-06-09 15:21:00+05:30,21.8,21.8,21.8,21.8,0,41400
4097,2022-06-09 15:22:00+05:30,21.8,21.8,21.8,21.8,0,41400
4098,2022-06-09 15:23:00+05:30,21.8,21.8,21.8,21.8,0,41400
4099,2022-06-09 15:24:00+05:30,21.8,21.8,21.8,21.8,0,41400
4100,2022-06-09 15:25:00+05:30,21.8,21.8,21.8,21.8,0,41400
4101,2022-06-09 15:26:00+05:30,21.8,21.8,21.8,21.8,0,41400
4102,2022-06-09 15:27:00+05:30,21.8,21.8,21.8,21.8,0,41400
4103,2022-06-09 15:28:00+05:30,21.8,21.8,21.8,21.8,0,41400
4104,2022-06-09 15:29:00+05:30,21.8,21.8,21.8,21.8,0,41400
4105,2022-06-10 09:36:00+05:30,25.35,25.35,25.35,25.35,0,41400
4106,2022-06-10 09:37:00+05:30,25.35,25.35,25.35,25.35,0,41400
4107,2022-06-10 09:38:00+05:30,25.35,25.35,25.35,25.35,0,41400
4108,2022-06-10 09:39:00+05:30,25.45,25.45,25.45,25.45,300,41400
4109,2022-06-10 09:40:00+05:30,25.45,25.45,25.4,25.4,600,41400
4110,2022-06-10 09:41:00+05:30,25.4,25.4,25.4,25.4,0,41400
4111,2022-06-10 09:42:00+05:30,25.4,25.4,25.4,25.4,0,41400
4112,2022-06-10 09:43:00+05:30,25.4,25.85,25.4,25.85,600,41100
4113,2022-06-10 09:44:00+05:30,25.85,25.85,25.85,25.85,0,41100
4114,2022-06-10 09:45:00+05:30,25.85,25.85,25.85,25.85,0,41100
4115,2022-06-10 09:46:00+05:30,25.85,25.85,25.85,25.85,0,41100
4116,2022-06-10 09:47:00+05:30,25.85,25.85,25.85,25.85,0,41100
4117,2022-06-10 09:48:00+05:30,25.85,25.85,25.85,25.85,0,41100
4118,2022-06-10 09:49:00+05:30,25.85,25.85,25.85,25.85,0,41100
4119,2022-06-10 09:50:00+05:30,25.55,25.55,25.55,25.55,300,40500
4120,2022-06-10 09:51:00+05:30,25.55,25.55,25.55,25.55,0,40500
4121,2022-06-10 09:52:00+05:30,25.55,25.55,25.55,25.55,0,40500
4122,2022-06-10 09:53:00+05:30,25.4,25.4,25.2,25.2,600,40800
4123,2022-06-10 09:54:00+05:30,25.2,25.4,25.2,25.4,300,40800
4124,2022-06-10 09:55:00+05:30,25.4,25.4,25.4,25.4,0,40800
4125,2022-06-10 09:56:00+05:30,25.4,25.4,25.4,25.4,0,40800
4126,2022-06-10 09:57:00+05:30,25.4,26.1,25.4,26.1,0,41400
4127,2022-06-10 09:58:00+05:30,26.1,26.1,26.1,26.1,300,41400
4128,2022-06-10 09:59:00+05:30,26.1,26.1,26.1,26.1,0,41400
4129,2022-06-10 10:00:00+05:30,26.1,26.1,26.1,26.1,0,41400
4130,2022-06-10 10:01:00+05:30,26.1,26.1,26.1,26.1,0,41400
4131,2022-06-10 10:02:00+05:30,26.1,26.1,26.1,26.1,0,41400
4132,2022-06-10 10:03:00+05:30,26.1,26.1,26.1,26.1,0,41400
4133,2022-06-10 10:04:00+05:30,26.1,26.1,26.1,26.1,0,41400
4134,2022-06-10 10:05:00+05:30,26.1,26.1,26.1,26.1,0,41400
4135,2022-06-10 10:06:00+05:30,26.1,26.1,26.1,26.1,0,41400
4136,2022-06-10 10:07:00+05:30,26.1,26.1,26.1,26.1,0,41400
4137,2022-06-10 10:08:00+05:30,26.1,26.1,26.1,26.1,0,41400
4138,2022-06-10 10:09:00+05:30,26.1,26.1,26.1,26.1,0,41400
4139,2022-06-10 10:10:00+05:30,26.1,26.1,26.1,26.1,0,41400
4140,2022-06-10 10:11:00+05:30,26.1,26.1,26.1,26.1,0,41400
4141,2022-06-10 10:12:00+05:30,26.1,26.1,26.1,26.1,0,41400
4142,2022-06-10 10:13:00+05:30,26.1,26.1,26.1,26.1,0,41400
4143,2022-06-10 10:14:00+05:30,26.1,26.9,26.1,26.9,300,41700
4144,2022-06-10 10:15:00+05:30,26.9,26.9,26.9,26.9,0,41700
4145,2022-06-10 10:16:00+05:30,26.9,26.9,26.9,26.9,0,41700
4146,2022-06-10 10:17:00+05:30,27.35,27.35,27.35,27.35,600,41700
4147,2022-06-10 10:18:00+05:30,27.35,27.55,27.35,27.55,300,42300
4148,2022-06-10 10:19:00+05:30,27.55,27.55,27.55,27.55,0,42300
4149,2022-06-10 10:20:00+05:30,27.55,27.55,27.55,27.55,0,42300
4150,2022-06-10 10:21:00+05:30,27.55,27.55,27.55,27.55,0,42300
4151,2022-06-10 10:22:00+05:30,27.55,27.55,27.55,27.55,0,42300
4152,2022-06-10 10:23:00+05:30,27.55,27.55,27.55,27.55,0,42300
4153,2022-06-10 10:24:00+05:30,27.55,27.55,27.55,27.55,0,42300
4154,2022-06-10 10:25:00+05:30,27.55,27.55,27.55,27.55,0,42300
4155,2022-06-10 10:26:00+05:30,27.55,27.55,27.55,27.55,0,42300
4156,2022-06-10 10:27:00+05:30,27.55,27.55,27.55,27.55,0,42300
4157,2022-06-10 10:28:00+05:30,27.55,27.55,27.55,27.55,0,42300
4158,2022-06-10 10:29:00+05:30,27.55,27.55,27.55,27.55,0,42300
4159,2022-06-10 10:30:00+05:30,27.55,27.55,27.55,27.55,0,42300
4160,2022-06-10 10:31:00+05:30,27.55,27.55,27.55,27.55,0,42300
4161,2022-06-10 10:32:00+05:30,27.55,27.55,25.15,25.15,300,42600
4162,2022-06-10 10:33:00+05:30,25.15,25.15,25.05,25.05,300,42600
4163,2022-06-10 10:34:00+05:30,25.05,25.05,25.05,25.05,0,42600
4164,2022-06-10 10:35:00+05:30,25.05,25.05,23.8,24.6,1200,41700
4165,2022-06-10 10:36:00+05:30,24.6,24.6,24.6,24.6,0,41700
4166,2022-06-10 10:37:00+05:30,24.6,24.6,24.6,24.6,0,41700
4167,2022-06-10 10:38:00+05:30,24.6,24.6,24.6,24.6,0,41700
4168,2022-06-10 10:39:00+05:30,24.6,24.6,24.6,24.6,0,41700
4169,2022-06-10 10:40:00+05:30,24.6,24.6,24.6,24.6,0,41700
4170,2022-06-10 10:41:00+05:30,24.6,24.6,24.6,24.6,0,41700
4171,2022-06-10 10:42:00+05:30,24.6,24.6,24.6,24.6,0,41700
4172,2022-06-10 10:43:00+05:30,24.6,24.6,24.6,24.6,0,41700
4173,2022-06-10 10:44:00+05:30,24.6,24.6,24.6,24.6,0,41700
4174,2022-06-10 10:45:00+05:30,24.6,24.6,24.6,24.6,0,41700
4175,2022-06-10 10:46:00+05:30,24.6,24.6,24.6,24.6,0,41700
4176,2022-06-10 10:47:00+05:30,24.6,24.6,24.6,24.6,0,41700
4177,2022-06-10 10:48:00+05:30,24.6,24.6,24.6,24.6,0,41700
4178,2022-06-10 10:49:00+05:30,24.6,24.6,24.6,24.6,0,41700
4179,2022-06-10 10:50:00+05:30,24.6,24.6,24.6,24.6,0,41700
4180,2022-06-10 10:51:00+05:30,24.6,24.6,24.6,24.6,0,41700
4181,2022-06-10 10:52:00+05:30,24.6,24.6,24.6,24.6,0,41700
4182,2022-06-10 10:53:00+05:30,24.6,24.6,24.6,24.6,0,41700
4183,2022-06-10 10:54:00+05:30,24.6,24.6,24.6,24.6,0,41700
4184,2022-06-10 10:55:00+05:30,24.6,24.6,24.6,24.6,0,41700
4185,2022-06-10 10:56:00+05:30,24.6,24.6,24.6,24.6,0,41700
4186,2022-06-10 10:57:00+05:30,24.6,24.6,24.6,24.6,0,41700
4187,2022-06-10 10:58:00+05:30,24.6,24.6,24.6,24.6,0,41700
4188,2022-06-10 10:59:00+05:30,24.6,24.6,24.6,24.6,0,41700
4189,2022-06-10 11:00:00+05:30,24.6,24.6,24.6,24.6,0,41700
4190,2022-06-10 11:01:00+05:30,24.6,24.6,24.6,24.6,0,41700
4191,2022-06-10 11:02:00+05:30,24.6,24.6,24.6,24.6,0,41700
4192,2022-06-10 11:03:00+05:30,24.6,24.6,24.6,24.6,0,41700
4193,2022-06-10 11:04:00+05:30,24.6,24.6,24.6,24.6,0,41700
4194,2022-06-10 11:05:00+05:30,24.6,24.6,24.6,24.6,0,41700
4195,2022-06-10 11:06:00+05:30,24.6,24.6,24.6,24.6,0,41700
4196,2022-06-10 11:07:00+05:30,24.6,24.6,24.6,24.6,0,41700
4197,2022-06-10 11:08:00+05:30,24.6,24.6,24.6,24.6,0,41700
4198,2022-06-10 11:09:00+05:30,24.6,24.6,24.6,24.6,0,41700
4199,2022-06-10 11:10:00+05:30,24.6,24.6,24.6,24.6,0,41700
4200,2022-06-10 11:11:00+05:30,24.6,24.6,24.6,24.6,0,41700
4201,2022-06-10 11:12:00+05:30,24.6,24.6,24.6,24.6,0,41700
4202,2022-06-10 11:13:00+05:30,24.6,24.6,24.6,24.6,0,41700
4203,2022-06-10 11:14:00+05:30,24.6,24.6,24.6,24.6,0,41700
4204,2022-06-10 11:15:00+05:30,24.6,24.6,24.6,24.6,0,41700
4205,2022-06-10 11:16:00+05:30,24.6,24.6,24.6,24.6,0,41700
4206,2022-06-10 11:17:00+05:30,24.6,24.6,24.6,24.6,0,41700
4207,2022-06-10 11:18:00+05:30,24.6,24.6,24.6,24.6,0,41700
4208,2022-06-10 11:19:00+05:30,24.6,24.6,24.6,24.6,0,41700
4209,2022-06-10 11:20:00+05:30,24.6,24.6,24.6,24.6,0,41700
4210,2022-06-10 11:21:00+05:30,24.6,24.6,24.6,24.6,0,41700
4211,2022-06-10 11:22:00+05:30,24.6,24.6,24.6,24.6,0,41700
4212,2022-06-10 11:23:00+05:30,24.6,24.6,24.6,24.6,0,41700
4213,2022-06-10 11:24:00+05:30,24.6,24.6,24.6,24.6,0,41700
4214,2022-06-10 11:25:00+05:30,24.6,24.6,24.6,24.6,0,41700
4215,2022-06-10 11:26:00+05:30,24.6,24.6,24.6,24.6,0,41700
4216,2022-06-10 11:27:00+05:30,24.6,24.6,24.6,24.6,0,41700
4217,2022-06-10 11:28:00+05:30,24.6,24.6,24.6,24.6,0,41700
4218,2022-06-10 11:29:00+05:30,24.6,24.6,24.6,24.6,0,41700
4219,2022-06-10 11:30:00+05:30,24.6,24.6,24.6,24.6,0,41700
4220,2022-06-10 11:31:00+05:30,24.6,24.6,24.6,24.6,0,41700
4221,2022-06-10 11:32:00+05:30,24.6,24.6,24.6,24.6,0,41700
4222,2022-06-10 11:33:00+05:30,24.6,24.6,24.6,24.6,0,41700
4223,2022-06-10 11:34:00+05:30,24.6,24.6,24.6,24.6,0,41700
4224,2022-06-10 11:35:00+05:30,24.6,24.6,24.6,24.6,0,41700
4225,2022-06-10 11:36:00+05:30,24.6,24.6,24.6,24.6,0,41700
4226,2022-06-10 11:37:00+05:30,24.6,24.6,24.6,24.6,0,41700
4227,2022-06-10 11:38:00+05:30,24.6,24.6,24.6,24.6,0,41700
4228,2022-06-10 11:39:00+05:30,24.6,24.6,24.6,24.6,0,41700
4229,2022-06-10 11:40:00+05:30,24.6,24.6,24.6,24.6,0,41700
4230,2022-06-10 11:41:00+05:30,24.6,24.6,24.6,24.6,0,41700
4231,2022-06-10 11:42:00+05:30,24.6,24.6,24.6,24.6,0,41700
4232,2022-06-10 11:43:00+05:30,24.6,24.6,24.6,24.6,0,41700
4233,2022-06-10 11:44:00+05:30,24.6,24.6,24.6,24.6,0,41700
4234,2022-06-10 11:45:00+05:30,24.6,24.6,24.6,24.6,0,41700
4235,2022-06-10 11:46:00+05:30,24.6,24.6,24.6,24.6,0,41700
4236,2022-06-10 11:47:00+05:30,24.6,24.6,24.6,24.6,0,41700
4237,2022-06-10 11:48:00+05:30,24.6,24.6,24.6,24.6,0,41700
4238,2022-06-10 11:49:00+05:30,24.6,24.6,24.6,24.6,0,41700
4239,2022-06-10 11:50:00+05:30,24.6,24.6,24.6,24.6,0,41700
4240,2022-06-10 11:51:00+05:30,24.6,24.6,24.6,24.6,0,41700
4241,2022-06-10 11:52:00+05:30,24.6,24.6,24.6,24.6,0,41700
4242,2022-06-10 11:53:00+05:30,24.6,24.6,24.6,24.6,0,41700
4243,2022-06-10 11:54:00+05:30,24.6,24.6,24.6,24.6,0,41700
4244,2022-06-10 11:55:00+05:30,24.6,24.6,24.6,24.6,0,41700
4245,2022-06-10 11:56:00+05:30,24.6,24.6,24.6,24.6,0,41700
4246,2022-06-10 11:57:00+05:30,24.6,24.6,24.6,24.6,0,41700
4247,2022-06-10 11:58:00+05:30,24.6,24.6,24.6,24.6,0,41700
4248,2022-06-10 11:59:00+05:30,24.6,24.6,24.6,24.6,0,41700
4249,2022-06-10 12:00:00+05:30,24.6,24.6,24.6,24.6,0,41700
4250,2022-06-10 12:01:00+05:30,24.6,24.6,24.6,24.6,0,41700
4251,2022-06-10 12:02:00+05:30,24.6,24.6,24.6,24.6,0,41700
4252,2022-06-10 12:03:00+05:30,24.6,24.6,24.6,24.6,0,41700
4253,2022-06-10 12:04:00+05:30,24.6,24.6,24.6,24.6,0,41700
4254,2022-06-10 12:05:00+05:30,24.6,24.6,24.6,24.6,0,41700
4255,2022-06-10 12:06:00+05:30,22.6,22.6,22.6,22.6,300,41400
4256,2022-06-10 12:07:00+05:30,22.6,22.6,22.6,22.6,0,41400
4257,2022-06-10 12:08:00+05:30,22.6,22.6,22.6,22.6,0,41400
4258,2022-06-10 12:09:00+05:30,22.6,22.6,22.6,22.6,0,41400
4259,2022-06-10 12:10:00+05:30,22.6,22.6,22.6,22.6,0,41400
4260,2022-06-10 12:11:00+05:30,22.6,22.6,22.6,22.6,0,41400
4261,2022-06-10 12:12:00+05:30,22.6,22.6,22.6,22.6,0,41400
4262,2022-06-10 12:13:00+05:30,22.6,22.6,22.6,22.6,0,41400
4263,2022-06-10 12:14:00+05:30,22.6,22.6,22.6,22.6,0,41400
4264,2022-06-10 12:15:00+05:30,22.6,22.6,22.6,22.6,0,41400
4265,2022-06-10 12:16:00+05:30,22.6,22.6,22.6,22.6,0,41400
4266,2022-06-10 12:17:00+05:30,22.6,22.6,22.6,22.6,0,41400
4267,2022-06-10 12:18:00+05:30,22.6,22.6,22.6,22.6,0,41400
4268,2022-06-10 12:19:00+05:30,22.6,22.6,22.6,22.6,0,41400
4269,2022-06-10 12:20:00+05:30,22.6,22.6,22.6,22.6,0,41400
4270,2022-06-10 12:21:00+05:30,22.6,22.6,22.6,22.6,0,41400
4271,2022-06-10 12:22:00+05:30,22.6,22.6,22.6,22.6,0,41400
4272,2022-06-10 12:23:00+05:30,22.6,22.6,22.6,22.6,0,41400
4273,2022-06-10 12:24:00+05:30,22.6,22.6,22.6,22.6,0,41400
4274,2022-06-10 12:25:00+05:30,22.6,22.6,22.6,22.6,0,41400
4275,2022-06-10 12:26:00+05:30,22.6,22.6,22.6,22.6,0,41400
4276,2022-06-10 12:27:00+05:30,22.6,22.6,22.6,22.6,0,41400
4277,2022-06-10 12:28:00+05:30,22.6,22.6,22.6,22.6,0,41400
4278,2022-06-10 12:29:00+05:30,22.6,22.6,22.6,22.6,0,41400
4279,2022-06-10 12:30:00+05:30,22.6,22.6,22.6,22.6,0,41400
4280,2022-06-10 12:31:00+05:30,22.6,22.6,22.6,22.6,0,41400
4281,2022-06-10 12:32:00+05:30,22.6,22.6,22.6,22.6,0,41400
4282,2022-06-10 12:33:00+05:30,22.6,22.6,22.6,22.6,0,41400
4283,2022-06-10 12:34:00+05:30,22.6,22.6,22.6,22.6,0,41400
4284,2022-06-10 12:35:00+05:30,22.6,22.6,22.6,22.6,0,41400
4285,2022-06-10 12:36:00+05:30,22.6,22.6,22.6,22.6,0,41400
4286,2022-06-10 12:37:00+05:30,22.6,22.6,22.6,22.6,0,41400
4287,2022-06-10 12:38:00+05:30,22.6,22.6,22.6,22.6,0,41400
4288,2022-06-10 12:39:00+05:30,22.6,22.6,22.6,22.6,0,41400
4289,2022-06-10 12:40:00+05:30,22.6,22.6,22.6,22.6,0,41400
4290,2022-06-10 12:41:00+05:30,22.6,22.6,22.6,22.6,0,41400
4291,2022-06-10 12:42:00+05:30,22.6,22.6,22.6,22.6,0,41400
4292,2022-06-10 12:43:00+05:30,22.6,22.6,22.6,22.6,0,41400
4293,2022-06-10 12:44:00+05:30,22.6,22.6,22.6,22.6,0,41400
4294,2022-06-10 12:45:00+05:30,22.6,22.6,22.6,22.6,0,41400
4295,2022-06-10 12:46:00+05:30,22.6,22.6,22.6,22.6,0,41400
4296,2022-06-10 12:47:00+05:30,22.6,22.6,22.6,22.6,0,41400
4297,2022-06-10 12:48:00+05:30,22.6,22.6,22.6,22.6,0,41400
4298,2022-06-10 12:49:00+05:30,22.6,22.6,22.6,22.6,0,41400
4299,2022-06-10 12:50:00+05:30,22.6,22.6,22.6,22.6,0,41400
4300,2022-06-10 12:51:00+05:30,22.6,22.6,22.6,22.6,0,41400
4301,2022-06-10 12:52:00+05:30,22.6,22.6,22.6,22.6,0,41400
4302,2022-06-10 12:53:00+05:30,22.6,22.6,22.6,22.6,0,41400
4303,2022-06-10 12:54:00+05:30,22.6,22.6,22.6,22.6,0,41400
4304,2022-06-10 12:55:00+05:30,22.6,22.6,22.6,22.6,0,41400
4305,2022-06-10 12:56:00+05:30,22.6,22.6,22.6,22.6,0,41400
4306,2022-06-10 12:57:00+05:30,22.6,22.6,22.6,22.6,0,41400
4307,2022-06-10 12:58:00+05:30,22.6,22.6,22.6,22.6,0,41400
4308,2022-06-10 12:59:00+05:30,22.6,22.6,22.6,22.6,0,41400
4309,2022-06-10 13:00:00+05:30,22.6,22.6,22.6,22.6,0,41400
4310,2022-06-10 13:01:00+05:30,22.6,22.6,22.6,22.6,0,41400
4311,2022-06-10 13:02:00+05:30,22.6,22.6,22.6,22.6,0,41400
4312,2022-06-10 13:03:00+05:30,22.6,22.6,22.6,22.6,300,41400
4313,2022-06-10 13:04:00+05:30,22.6,22.6,22.6,22.6,0,41400
4314,2022-06-10 13:05:00+05:30,22.6,22.6,22.6,22.6,0,41400
4315,2022-06-10 13:06:00+05:30,22.6,22.6,22.6,22.6,0,41400
4316,2022-06-10 13:07:00+05:30,22.6,22.6,22.6,22.6,0,41400
4317,2022-06-10 13:08:00+05:30,22.6,22.6,22.6,22.6,0,41400
4318,2022-06-10 13:09:00+05:30,22.6,22.6,22.6,22.6,0,41400
4319,2022-06-10 13:10:00+05:30,22.6,22.6,22.6,22.6,0,41400
4320,2022-06-10 13:11:00+05:30,22.6,22.6,22.6,22.6,0,41400
4321,2022-06-10 13:12:00+05:30,22.6,22.6,22.6,22.6,0,41400
4322,2022-06-10 13:13:00+05:30,22.6,22.6,22.6,22.6,0,41400
4323,2022-06-10 13:14:00+05:30,22.6,22.6,22.6,22.6,0,41400
4324,2022-06-10 13:15:00+05:30,22.6,22.6,22.6,22.6,0,41400
4325,2022-06-10 13:16:00+05:30,22.6,22.6,22.6,22.6,0,41400
4326,2022-06-10 13:17:00+05:30,22.6,22.6,22.6,22.6,0,41400
4327,2022-06-10 13:18:00+05:30,22.6,22.6,22.6,22.6,0,41400
4328,2022-06-10 13:19:00+05:30,22.6,22.6,22.6,22.6,0,41400
4329,2022-06-10 13:20:00+05:30,22.6,22.6,22.6,22.6,0,41400
4330,2022-06-10 13:21:00+05:30,22.6,22.6,22.6,22.6,0,41400
4331,2022-06-10 13:22:00+05:30,22.6,22.6,22.6,22.6,0,41400
4332,2022-06-10 13:23:00+05:30,22.6,22.6,22.6,22.6,0,41400
4333,2022-06-10 13:24:00+05:30,22.6,22.6,22.6,22.6,0,41400
4334,2022-06-10 13:25:00+05:30,22.6,22.6,22.6,22.6,0,41400
4335,2022-06-10 13:26:00+05:30,22.6,22.6,22.6,22.6,0,41400
4336,2022-06-10 13:27:00+05:30,22.6,22.6,22.6,22.6,0,41400
4337,2022-06-10 13:28:00+05:30,22.6,22.6,22.6,22.6,0,41400
4338,2022-06-10 13:29:00+05:30,22.6,22.6,22.6,22.6,0,41400
4339,2022-06-10 13:30:00+05:30,22.6,23.7,22.6,23.7,300,41400
4340,2022-06-10 13:31:00+05:30,23.7,23.7,23.7,23.7,0,41400
4341,2022-06-10 13:32:00+05:30,23.7,23.7,23.7,23.7,0,41400
4342,2022-06-10 13:33:00+05:30,23.7,23.7,23.7,23.7,0,41400
4343,2022-06-10 13:34:00+05:30,23.7,23.7,23.7,23.7,0,41400
4344,2022-06-10 13:35:00+05:30,23.7,23.7,23.7,23.7,0,41400
4345,2022-06-10 13:36:00+05:30,23.7,23.7,23.7,23.7,0,41400
4346,2022-06-10 13:37:00+05:30,23.7,23.7,23.7,23.7,0,41400
4347,2022-06-10 13:38:00+05:30,23.7,23.7,23.7,23.7,0,41400
4348,2022-06-10 13:39:00+05:30,23.7,23.7,23.7,23.7,0,41400
4349,2022-06-10 13:40:00+05:30,23.7,23.7,23.7,23.7,0,41400
4350,2022-06-10 13:41:00+05:30,23.7,23.7,23.7,23.7,0,41400
4351,2022-06-10 13:42:00+05:30,23.7,23.7,23.7,23.7,0,41400
4352,2022-06-10 13:43:00+05:30,23.7,23.7,23.7,23.7,0,41400
4353,2022-06-10 13:44:00+05:30,23.7,23.7,23.7,23.7,0,41400
4354,2022-06-10 13:45:00+05:30,23.7,23.7,23.7,23.7,0,41400
4355,2022-06-10 13:46:00+05:30,23.7,23.7,23.7,23.7,0,41400
4356,2022-06-10 13:47:00+05:30,23.7,23.7,23.7,23.7,0,41400
4357,2022-06-10 13:48:00+05:30,23.7,23.7,23.7,23.7,0,41400
4358,2022-06-10 13:49:00+05:30,23.7,23.7,23.7,23.7,0,41400
4359,2022-06-10 13:50:00+05:30,23.7,23.7,23.7,23.7,0,41400
4360,2022-06-10 13:51:00+05:30,23.7,23.7,23.7,23.7,0,41400
4361,2022-06-10 13:52:00+05:30,23.7,23.7,23.7,23.7,0,41400
4362,2022-06-10 13:53:00+05:30,23.7,23.7,23.7,23.7,0,41400
4363,2022-06-10 13:54:00+05:30,23.7,23.7,23.7,23.7,0,41400
4364,2022-06-10 13:55:00+05:30,23.7,23.7,23.7,23.7,0,41400
4365,2022-06-10 13:56:00+05:30,23.7,23.7,23.7,23.7,0,41400
4366,2022-06-10 13:57:00+05:30,23.7,23.7,23.7,23.7,0,41400
4367,2022-06-10 13:58:00+05:30,23.7,23.7,23.7,23.7,0,41400
4368,2022-06-10 13:59:00+05:30,23.7,23.7,23.7,23.7,0,41400
4369,2022-06-10 14:00:00+05:30,23.7,23.7,23.7,23.7,0,41400
4370,2022-06-10 14:01:00+05:30,23.7,23.7,23.7,23.7,0,41400
4371,2022-06-10 14:02:00+05:30,23.7,23.7,23.7,23.7,0,41400
4372,2022-06-10 14:03:00+05:30,23.7,23.7,23.7,23.7,0,41400
4373,2022-06-10 14:04:00+05:30,23.7,23.7,23.7,23.7,0,41400
4374,2022-06-10 14:05:00+05:30,23.7,23.7,23.7,23.7,0,41400
4375,2022-06-10 14:06:00+05:30,23.7,23.7,23.7,23.7,0,41400
4376,2022-06-10 14:07:00+05:30,23.7,23.7,23.7,23.7,0,41400
4377,2022-06-10 14:08:00+05:30,23.7,23.7,23.7,23.7,0,41400
4378,2022-06-10 14:09:00+05:30,23.7,23.7,23.7,23.7,0,41400
4379,2022-06-10 14:10:00+05:30,23.7,23.7,23.7,23.7,0,41400
4380,2022-06-10 14:11:00+05:30,23.7,23.7,23.7,23.7,0,41400
4381,2022-06-10 14:12:00+05:30,23.7,23.7,23.7,23.7,0,41400
4382,2022-06-10 14:13:00+05:30,23.7,23.7,23.7,23.7,0,41400
4383,2022-06-10 14:14:00+05:30,23.7,23.7,23.7,23.7,0,41400
4384,2022-06-10 14:15:00+05:30,23.7,23.7,23.7,23.7,0,41400
4385,2022-06-10 14:16:00+05:30,23.7,23.7,23.7,23.7,0,41400
4386,2022-06-10 14:17:00+05:30,23.7,23.7,23.7,23.7,0,41400
4387,2022-06-10 14:18:00+05:30,23.7,23.7,23.7,23.7,0,41400
4388,2022-06-10 14:19:00+05:30,23.7,23.7,23.7,23.7,0,41400
4389,2022-06-10 14:20:00+05:30,23.7,23.7,23.7,23.7,0,41400
4390,2022-06-10 14:21:00+05:30,23.7,23.7,23.7,23.7,0,41400
4391,2022-06-10 14:22:00+05:30,23.7,23.7,23.7,23.7,0,41400
4392,2022-06-10 14:23:00+05:30,23.7,23.7,23.7,23.7,0,41400
4393,2022-06-10 14:24:00+05:30,23.7,23.7,23.7,23.7,0,41400
4394,2022-06-10 14:25:00+05:30,23.7,23.7,23.7,23.7,0,41400
4395,2022-06-10 14:26:00+05:30,23.7,23.7,23.7,23.7,0,41400
4396,2022-06-10 14:27:00+05:30,23.7,23.7,23.7,23.7,0,41400
4397,2022-06-10 14:28:00+05:30,23.7,23.7,23.7,23.7,0,41400
4398,2022-06-10 14:29:00+05:30,23.7,23.7,23.7,23.7,0,41400
4399,2022-06-10 14:30:00+05:30,23.7,23.7,22.0,22.0,300,41100
4400,2022-06-10 14:31:00+05:30,22.0,22.0,22.0,22.0,0,41100
4401,2022-06-10 14:32:00+05:30,22.0,22.0,22.0,22.0,0,41100
4402,2022-06-10 14:33:00+05:30,22.0,22.0,22.0,22.0,0,41100
4403,2022-06-10 14:34:00+05:30,22.0,22.0,22.0,22.0,0,41100
4404,2022-06-10 14:35:00+05:30,22.0,22.0,22.0,22.0,0,41100
4405,2022-06-10 14:36:00+05:30,22.0,22.0,22.0,22.0,0,41100
4406,2022-06-10 14:37:00+05:30,22.0,22.0,22.0,22.0,300,40800
4407,2022-06-10 14:38:00+05:30,22.0,22.0,22.0,22.0,0,40800
4408,2022-06-10 14:39:00+05:30,22.0,22.0,22.0,22.0,0,40800
4409,2022-06-10 14:40:00+05:30,22.0,22.0,22.0,22.0,0,40800
4410,2022-06-10 14:41:00+05:30,22.0,22.0,22.0,22.0,0,40800
4411,2022-06-10 14:42:00+05:30,22.0,22.0,22.0,22.0,0,40800
4412,2022-06-10 14:43:00+05:30,22.0,22.0,22.0,22.0,0,40800
4413,2022-06-10 14:44:00+05:30,22.0,23.5,22.0,23.5,0,40800
4414,2022-06-10 14:45:00+05:30,23.5,23.5,23.1,23.1,1200,41100
4415,2022-06-10 14:46:00+05:30,23.1,23.1,23.1,23.1,0,41100
4416,2022-06-10 14:47:00+05:30,22.55,23.3,22.55,23.0,900,41100
4417,2022-06-10 14:48:00+05:30,23.0,23.0,23.0,23.0,0,41100
4418,2022-06-10 14:49:00+05:30,23.0,23.0,23.0,23.0,0,41100
4419,2022-06-10 14:50:00+05:30,23.0,23.0,23.0,23.0,0,41100
4420,2022-06-10 14:51:00+05:30,23.0,23.0,23.0,23.0,0,41100
4421,2022-06-10 14:52:00+05:30,23.0,23.0,23.0,23.0,0,41100
4422,2022-06-10 14:53:00+05:30,23.0,23.0,23.0,23.0,0,41100
4423,2022-06-10 14:54:00+05:30,23.0,23.0,23.0,23.0,0,41100
4424,2022-06-10 14:55:00+05:30,23.0,23.0,23.0,23.0,0,41100
4425,2022-06-10 14:56:00+05:30,23.0,23.0,23.0,23.0,0,41100
4426,2022-06-10 14:57:00+05:30,23.0,23.0,23.0,23.0,0,41100
4427,2022-06-10 14:58:00+05:30,23.0,23.0,23.0,23.0,0,41100
4428,2022-06-10 14:59:00+05:30,23.0,23.0,23.0,23.0,0,41100
4429,2022-06-10 15:00:00+05:30,23.0,23.0,23.0,23.0,0,41100
4430,2022-06-10 15:01:00+05:30,23.0,23.0,23.0,23.0,0,41100
4431,2022-06-10 15:02:00+05:30,23.0,23.0,23.0,23.0,0,41100
4432,2022-06-10 15:03:00+05:30,23.0,23.0,23.0,23.0,0,41100
4433,2022-06-10 15:04:00+05:30,23.0,23.0,22.85,22.85,300,41400
4434,2022-06-10 15:05:00+05:30,22.85,22.85,22.85,22.85,300,41400
4435,2022-06-10 15:06:00+05:30,22.85,22.85,22.85,22.85,0,41400
4436,2022-06-10 15:07:00+05:30,22.85,22.85,22.85,22.85,0,41400
4437,2022-06-10 15:08:00+05:30,22.85,22.85,22.85,22.85,0,41400
4438,2022-06-10 15:09:00+05:30,22.85,22.85,22.85,22.85,0,41400
4439,2022-06-10 15:10:00+05:30,22.85,22.85,22.85,22.85,0,41400
4440,2022-06-10 15:11:00+05:30,22.85,22.85,22.85,22.85,0,41400
4441,2022-06-10 15:12:00+05:30,22.85,22.85,22.85,22.85,0,41400
4442,2022-06-10 15:13:00+05:30,22.85,24.6,22.85,24.6,300,41100
4443,2022-06-10 15:14:00+05:30,24.6,24.6,24.6,24.6,0,41100
4444,2022-06-10 15:15:00+05:30,24.6,24.6,24.6,24.6,0,41100
4445,2022-06-10 15:16:00+05:30,24.6,24.6,24.6,24.6,0,41100
4446,2022-06-10 15:17:00+05:30,24.6,25.5,24.6,25.5,300,41100
4447,2022-06-10 15:18:00+05:30,25.5,25.5,25.5,25.5,0,41100
4448,2022-06-10 15:19:00+05:30,25.5,25.5,25.5,25.5,0,41100
4449,2022-06-10 15:20:00+05:30,25.5,26.45,25.5,26.35,300,41100
4450,2022-06-10 15:21:00+05:30,26.35,26.35,26.35,26.35,300,41100
4451,2022-06-10 15:22:00+05:30,26.3,26.3,26.2,26.2,600,41100
4452,2022-06-10 15:23:00+05:30,26.2,26.2,26.2,26.2,0,41100
4453,2022-06-10 15:24:00+05:30,26.2,26.2,26.2,26.2,0,41100
4454,2022-06-10 15:25:00+05:30,26.2,26.45,26.2,26.45,300,41700
4455,2022-06-10 15:26:00+05:30,26.45,26.5,26.45,26.5,300,41700
4456,2022-06-10 15:27:00+05:30,26.5,26.5,26.5,26.5,0,41700
4457,2022-06-10 15:28:00+05:30,26.5,26.5,26.5,26.5,0,41700
4458,2022-06-10 15:29:00+05:30,26.5,26.5,26.5,26.5,0,41700
4459,2022-06-13 09:45:00+05:30,34.05,34.05,34.05,34.05,0,41400
4460,2022-06-13 09:46:00+05:30,34.05,34.05,34.05,34.05,0,41400
4461,2022-06-13 09:47:00+05:30,34.05,35.15,34.0,35.15,1800,41400
4462,2022-06-13 09:48:00+05:30,35.15,35.15,35.15,35.15,0,41400
4463,2022-06-13 09:49:00+05:30,35.55,35.55,35.55,35.55,300,41400
4464,2022-06-13 09:50:00+05:30,35.55,35.55,35.55,35.55,0,41400
4465,2022-06-13 09:51:00+05:30,35.55,35.55,35.55,35.55,0,41400
4466,2022-06-13 09:52:00+05:30,35.55,35.55,35.55,35.55,0,41400
4467,2022-06-13 09:53:00+05:30,35.55,35.55,34.4,34.4,300,39600
4468,2022-06-13 09:54:00+05:30,34.4,34.4,34.4,34.4,0,39600
4469,2022-06-13 09:55:00+05:30,34.4,34.4,34.4,34.4,0,39600
4470,2022-06-13 09:56:00+05:30,34.4,34.4,34.4,34.4,0,39600
4471,2022-06-13 09:57:00+05:30,34.4,34.4,34.4,34.4,0,39600
4472,2022-06-13 09:58:00+05:30,34.4,34.4,34.4,34.4,0,39600
4473,2022-06-13 09:59:00+05:30,34.4,34.4,34.4,34.4,0,39600
4474,2022-06-13 10:00:00+05:30,35.15,35.15,35.15,35.15,600,39600
4475,2022-06-13 10:01:00+05:30,35.15,35.15,35.15,35.15,0,39600
4476,2022-06-13 10:02:00+05:30,35.15,35.15,35.15,35.15,0,39600
4477,2022-06-13 10:03:00+05:30,35.15,35.15,33.8,33.8,300,39600
4478,2022-06-13 10:04:00+05:30,33.8,33.8,33.8,33.8,600,39600
4479,2022-06-13 10:05:00+05:30,33.8,33.8,33.8,33.8,0,39600
4480,2022-06-13 10:06:00+05:30,33.8,33.8,33.8,33.8,0,39600
4481,2022-06-13 10:07:00+05:30,33.8,33.8,33.8,33.8,0,39600
4482,2022-06-13 10:08:00+05:30,33.8,33.8,33.8,33.8,0,39600
4483,2022-06-13 10:09:00+05:30,33.8,33.8,33.8,33.8,0,39600
4484,2022-06-13 10:10:00+05:30,33.8,33.8,33.8,33.8,0,39600
4485,2022-06-13 10:11:00+05:30,33.8,33.8,33.8,33.8,0,39600
4486,2022-06-13 10:12:00+05:30,33.8,33.8,33.8,33.8,0,39600
4487,2022-06-13 10:13:00+05:30,33.8,33.8,33.8,33.8,0,39600
4488,2022-06-13 10:14:00+05:30,33.8,33.8,33.8,33.8,0,39600
4489,2022-06-13 10:15:00+05:30,33.8,33.8,33.8,33.8,0,39600
4490,2022-06-13 10:16:00+05:30,35.2,36.05,35.2,36.05,600,39300
4491,2022-06-13 10:17:00+05:30,36.05,36.35,36.05,36.35,300,39000
4492,2022-06-13 10:18:00+05:30,36.35,36.6,36.35,36.6,300,39000
4493,2022-06-13 10:19:00+05:30,36.6,36.6,36.6,36.6,0,39000
4494,2022-06-13 10:20:00+05:30,36.6,36.6,36.6,36.6,0,39000
4495,2022-06-13 10:21:00+05:30,36.95,36.95,36.95,36.95,300,39300
4496,2022-06-13 10:22:00+05:30,36.95,36.95,36.95,36.95,0,39300
4497,2022-06-13 10:23:00+05:30,37.4,37.4,37.4,37.4,300,39300
4498,2022-06-13 10:24:00+05:30,37.4,37.4,37.4,37.4,0,39300
4499,2022-06-13 10:25:00+05:30,37.4,37.4,37.4,37.4,0,39300
4500,2022-06-13 10:26:00+05:30,37.4,37.4,37.4,37.4,0,39300
4501,2022-06-13 10:27:00+05:30,37.4,37.4,37.4,37.4,0,39300
4502,2022-06-13 10:28:00+05:30,37.4,37.4,37.4,37.4,0,39300
4503,2022-06-13 10:29:00+05:30,37.4,37.4,37.4,37.4,0,39300
4504,2022-06-13 10:30:00+05:30,37.4,37.4,37.4,37.4,0,39300
4505,2022-06-13 10:31:00+05:30,37.4,37.4,37.4,37.4,0,39300
4506,2022-06-13 10:32:00+05:30,37.4,37.4,37.4,37.4,0,39300
4507,2022-06-13 10:33:00+05:30,37.4,37.4,37.4,37.4,0,39300
4508,2022-06-13 10:34:00+05:30,37.4,37.4,37.4,37.4,0,39300
4509,2022-06-13 10:35:00+05:30,30.5,30.8,30.5,30.8,1200,39000
4510,2022-06-13 10:36:00+05:30,30.8,30.8,30.8,30.8,0,39000
4511,2022-06-13 10:37:00+05:30,30.8,30.8,30.8,30.8,0,39000
4512,2022-06-13 10:38:00+05:30,30.8,30.8,30.8,30.8,0,39000
4513,2022-06-13 10:39:00+05:30,30.8,30.8,30.8,30.8,0,39000
4514,2022-06-13 10:40:00+05:30,30.8,30.8,30.8,30.8,0,39000
4515,2022-06-13 10:41:00+05:30,30.8,30.8,30.8,30.8,0,39000
4516,2022-06-13 10:42:00+05:30,30.8,30.8,30.8,30.8,0,39000
4517,2022-06-13 10:43:00+05:30,30.8,30.8,30.8,30.8,0,39000
4518,2022-06-13 10:44:00+05:30,30.8,30.8,30.8,30.8,0,39000
4519,2022-06-13 10:45:00+05:30,30.8,30.8,30.8,30.8,0,39000
4520,2022-06-13 10:46:00+05:30,30.8,30.8,30.25,30.25,300,40200
4521,2022-06-13 10:47:00+05:30,30.25,30.25,30.25,30.25,0,40200
4522,2022-06-13 10:48:00+05:30,30.25,30.25,30.25,30.25,0,40200
4523,2022-06-13 10:49:00+05:30,30.25,30.25,30.25,30.25,0,40200
4524,2022-06-13 10:50:00+05:30,30.25,30.25,30.25,30.25,0,40200
4525,2022-06-13 10:51:00+05:30,30.25,30.25,30.25,30.25,0,40200
4526,2022-06-13 10:52:00+05:30,30.25,30.25,30.25,30.25,0,40200
4527,2022-06-13 10:53:00+05:30,30.25,30.25,30.25,30.25,0,40200
4528,2022-06-13 10:54:00+05:30,30.25,30.25,30.25,30.25,0,40200
4529,2022-06-13 10:55:00+05:30,30.25,30.25,30.25,30.25,0,40200
4530,2022-06-13 10:56:00+05:30,30.25,30.25,26.55,26.55,300,40200
4531,2022-06-13 10:57:00+05:30,26.55,27.2,26.55,27.2,300,40200
4532,2022-06-13 10:58:00+05:30,27.2,27.2,27.2,27.2,0,40200
4533,2022-06-13 10:59:00+05:30,27.2,27.2,27.2,27.2,0,40200
4534,2022-06-13 11:00:00+05:30,27.2,27.2,27.2,27.2,0,40200
4535,2022-06-13 11:01:00+05:30,27.2,27.2,27.2,27.2,0,40200
4536,2022-06-13 11:02:00+05:30,27.2,27.2,27.2,27.2,0,40200
4537,2022-06-13 11:03:00+05:30,27.2,27.2,27.2,27.2,0,40200
4538,2022-06-13 11:04:00+05:30,27.2,27.2,27.2,27.2,0,40200
4539,2022-06-13 11:05:00+05:30,27.2,27.2,27.2,27.2,0,40200
4540,2022-06-13 11:06:00+05:30,27.2,27.2,27.2,27.2,0,40200
4541,2022-06-13 11:07:00+05:30,27.2,27.2,27.2,27.2,0,40200
4542,2022-06-13 11:08:00+05:30,27.2,27.2,27.2,27.2,0,40200
4543,2022-06-13 11:09:00+05:30,27.2,27.2,27.2,27.2,0,40200
4544,2022-06-13 11:10:00+05:30,27.2,27.2,27.2,27.2,0,40200
4545,2022-06-13 11:11:00+05:30,27.2,27.2,27.2,27.2,0,40200
4546,2022-06-13 11:12:00+05:30,27.2,27.2,27.2,27.2,0,40200
4547,2022-06-13 11:13:00+05:30,27.2,27.2,27.2,27.2,0,40200
4548,2022-06-13 11:14:00+05:30,27.2,27.2,27.2,27.2,0,40200
4549,2022-06-13 11:15:00+05:30,27.2,27.2,27.2,27.2,0,40200
4550,2022-06-13 11:16:00+05:30,27.2,27.2,27.2,27.2,0,40200
4551,2022-06-13 11:17:00+05:30,27.2,27.2,27.2,27.2,0,40200
4552,2022-06-13 11:18:00+05:30,27.2,27.2,27.2,27.2,0,40200
4553,2022-06-13 11:19:00+05:30,27.2,27.2,27.2,27.2,0,40200
4554,2022-06-13 11:20:00+05:30,27.2,27.2,27.2,27.2,0,40200
4555,2022-06-13 11:21:00+05:30,27.2,27.2,27.2,27.2,0,40200
4556,2022-06-13 11:22:00+05:30,27.2,27.2,27.2,27.2,0,40200
4557,2022-06-13 11:23:00+05:30,27.2,27.2,27.2,27.2,0,40200
4558,2022-06-13 11:24:00+05:30,27.2,27.2,27.2,27.2,0,40200
4559,2022-06-13 11:25:00+05:30,27.2,27.2,27.2,27.2,0,40200
4560,2022-06-13 11:26:00+05:30,27.2,27.2,27.2,27.2,0,40200
4561,2022-06-13 11:27:00+05:30,27.2,27.2,27.2,27.2,0,40200
4562,2022-06-13 11:28:00+05:30,27.2,27.2,27.2,27.2,0,40200
4563,2022-06-13 11:29:00+05:30,27.2,27.2,27.2,27.2,0,40200
4564,2022-06-13 11:30:00+05:30,27.2,27.2,27.2,27.2,0,40200
4565,2022-06-13 11:31:00+05:30,27.2,27.2,27.2,27.2,0,40200
4566,2022-06-13 11:32:00+05:30,27.2,27.2,27.2,27.2,0,40200
4567,2022-06-13 11:33:00+05:30,27.2,27.2,27.2,27.2,0,40200
4568,2022-06-13 11:34:00+05:30,27.2,27.2,27.2,27.2,0,40200
4569,2022-06-13 11:35:00+05:30,27.2,27.2,27.2,27.2,0,40200
4570,2022-06-13 11:36:00+05:30,27.2,27.2,27.2,27.2,0,40200
4571,2022-06-13 11:37:00+05:30,27.2,27.2,27.2,27.2,0,40200
4572,2022-06-13 11:38:00+05:30,27.2,27.2,27.2,27.2,0,40200
4573,2022-06-13 11:39:00+05:30,27.2,27.2,27.2,27.2,0,40200
4574,2022-06-13 11:40:00+05:30,27.2,27.2,25.75,25.75,300,40200
4575,2022-06-13 11:41:00+05:30,25.75,25.75,25.75,25.75,0,40200
4576,2022-06-13 11:42:00+05:30,25.75,25.75,25.75,25.75,0,40200
4577,2022-06-13 11:43:00+05:30,25.75,25.75,25.75,25.75,0,40200
4578,2022-06-13 11:44:00+05:30,25.75,25.75,25.75,25.75,0,40200
4579,2022-06-13 11:45:00+05:30,25.75,25.75,25.75,25.75,0,40200
4580,2022-06-13 11:46:00+05:30,25.75,25.75,25.75,25.75,0,40200
4581,2022-06-13 11:47:00+05:30,25.75,25.75,25.75,25.75,0,40200
4582,2022-06-13 11:48:00+05:30,25.75,25.75,25.75,25.75,0,40200
4583,2022-06-13 11:49:00+05:30,25.75,25.75,25.75,25.75,0,40200
4584,2022-06-13 11:50:00+05:30,25.75,25.75,25.75,25.75,0,40200
4585,2022-06-13 11:51:00+05:30,25.75,25.75,25.75,25.75,0,40200
4586,2022-06-13 11:52:00+05:30,25.75,25.75,25.75,25.75,0,40200
4587,2022-06-13 11:53:00+05:30,25.75,25.75,25.75,25.75,0,40200
4588,2022-06-13 11:54:00+05:30,25.75,25.75,25.75,25.75,0,40200
4589,2022-06-13 11:55:00+05:30,25.75,25.75,25.75,25.75,0,40200
4590,2022-06-13 11:56:00+05:30,25.75,25.75,25.75,25.75,0,40200
4591,2022-06-13 11:57:00+05:30,25.75,25.75,25.75,25.75,0,40200
4592,2022-06-13 11:58:00+05:30,25.75,25.75,25.75,25.75,0,40200
4593,2022-06-13 11:59:00+05:30,25.75,25.75,25.75,25.75,0,40200
4594,2022-06-13 12:00:00+05:30,25.75,25.75,25.75,25.75,0,40200
4595,2022-06-13 12:01:00+05:30,25.75,25.75,25.75,25.75,0,40200
4596,2022-06-13 12:02:00+05:30,25.75,25.75,25.75,25.75,0,40200
4597,2022-06-13 12:03:00+05:30,25.75,25.75,25.75,25.75,0,40200
4598,2022-06-13 12:04:00+05:30,25.75,25.75,25.75,25.75,0,40200
4599,2022-06-13 12:05:00+05:30,25.75,25.75,25.75,25.75,0,40200
4600,2022-06-13 12:06:00+05:30,25.75,25.75,25.75,25.75,0,40200
4601,2022-06-13 12:07:00+05:30,25.75,25.75,25.75,25.75,0,40200
4602,2022-06-13 12:08:00+05:30,25.75,25.75,23.45,23.45,300,40200
4603,2022-06-13 12:09:00+05:30,23.45,23.45,23.45,23.45,0,40200
4604,2022-06-13 12:10:00+05:30,23.45,23.45,23.45,23.45,0,40200
4605,2022-06-13 12:11:00+05:30,23.45,23.45,23.45,23.45,0,40200
4606,2022-06-13 12:12:00+05:30,23.45,23.45,23.45,23.45,0,40200
4607,2022-06-13 12:13:00+05:30,23.45,23.45,23.45,23.45,0,40200
4608,2022-06-13 12:14:00+05:30,23.45,23.45,23.45,23.45,0,40200
4609,2022-06-13 12:15:00+05:30,23.45,23.45,22.7,22.85,600,40200
4610,2022-06-13 12:16:00+05:30,22.85,22.85,22.85,22.85,0,40200
4611,2022-06-13 12:17:00+05:30,22.85,22.85,22.85,22.85,0,40200
4612,2022-06-13 12:18:00+05:30,22.85,22.85,22.85,22.85,0,40200
4613,2022-06-13 12:19:00+05:30,22.85,22.85,22.85,22.85,0,40200
4614,2022-06-13 12:20:00+05:30,22.85,22.85,22.85,22.85,0,40200
4615,2022-06-13 12:21:00+05:30,22.85,22.85,22.85,22.85,0,40200
4616,2022-06-13 12:22:00+05:30,22.85,22.85,22.85,22.85,0,40200
4617,2022-06-13 12:23:00+05:30,22.85,22.85,22.85,22.85,0,40200
4618,2022-06-13 12:24:00+05:30,22.85,23.2,22.85,23.2,600,40200
4619,2022-06-13 12:25:00+05:30,23.2,23.2,23.2,23.2,0,40200
4620,2022-06-13 12:26:00+05:30,23.2,23.2,23.2,23.2,0,40200
4621,2022-06-13 12:27:00+05:30,23.2,23.75,23.2,23.75,300,40800
4622,2022-06-13 12:28:00+05:30,23.75,23.75,23.75,23.75,0,40800
4623,2022-06-13 12:29:00+05:30,23.75,24.25,23.75,24.25,300,40800
4624,2022-06-13 12:30:00+05:30,24.25,24.25,24.25,24.25,0,40800
4625,2022-06-13 12:31:00+05:30,24.25,24.25,24.25,24.25,0,40800
4626,2022-06-13 12:32:00+05:30,24.25,24.25,24.25,24.25,0,40800
4627,2022-06-13 12:33:00+05:30,24.25,24.25,24.25,24.25,0,40800
4628,2022-06-13 12:34:00+05:30,24.25,24.65,24.25,24.65,300,40800
4629,2022-06-13 12:35:00+05:30,24.65,24.65,24.65,24.65,0,40800
4630,2022-06-13 12:36:00+05:30,24.65,24.65,24.65,24.65,0,40800
4631,2022-06-13 12:37:00+05:30,24.65,24.65,24.65,24.65,0,40800
4632,2022-06-13 12:38:00+05:30,24.65,24.65,24.65,24.65,0,40800
4633,2022-06-13 12:39:00+05:30,24.65,24.65,24.65,24.65,0,40800
4634,2022-06-13 12:40:00+05:30,24.65,24.65,24.65,24.65,0,40800
4635,2022-06-13 12:41:00+05:30,24.65,24.65,24.65,24.65,0,40800
4636,2022-06-13 12:42:00+05:30,24.65,24.65,24.65,24.65,0,40800
4637,2022-06-13 12:43:00+05:30,24.65,24.65,23.6,23.6,300,40800
4638,2022-06-13 12:44:00+05:30,23.6,23.6,23.6,23.6,0,40800
4639,2022-06-13 12:45:00+05:30,23.6,23.6,23.6,23.6,0,40800
4640,2022-06-13 12:46:00+05:30,23.6,23.6,23.6,23.6,0,40800
4641,2022-06-13 12:47:00+05:30,23.6,23.6,23.6,23.6,0,40800
4642,2022-06-13 12:48:00+05:30,23.6,23.6,23.6,23.6,0,40800
4643,2022-06-13 12:49:00+05:30,23.6,23.6,23.6,23.6,0,40800
4644,2022-06-13 12:50:00+05:30,23.6,23.6,23.6,23.6,0,40800
4645,2022-06-13 12:51:00+05:30,23.6,23.6,23.6,23.6,0,40800
4646,2022-06-13 12:52:00+05:30,23.6,23.6,23.6,23.6,0,40800
4647,2022-06-13 12:53:00+05:30,23.6,23.6,23.6,23.6,0,40800
4648,2022-06-13 12:54:00+05:30,23.6,23.6,23.6,23.6,0,40800
4649,2022-06-13 12:55:00+05:30,23.6,23.6,23.6,23.6,0,40800
4650,2022-06-13 12:56:00+05:30,23.6,23.6,23.6,23.6,0,40800
4651,2022-06-13 12:57:00+05:30,23.6,23.6,23.6,23.6,0,40800
4652,2022-06-13 12:58:00+05:30,23.6,23.6,23.6,23.6,0,40800
4653,2022-06-13 12:59:00+05:30,23.6,23.6,23.6,23.6,0,40800
4654,2022-06-13 13:00:00+05:30,23.6,23.6,23.6,23.6,0,40800
4655,2022-06-13 13:01:00+05:30,23.6,23.6,23.6,23.6,0,40800
4656,2022-06-13 13:02:00+05:30,23.6,26.55,23.6,26.55,0,40800
4657,2022-06-13 13:03:00+05:30,26.55,26.55,26.55,26.55,300,40800
4658,2022-06-13 13:04:00+05:30,26.55,26.55,26.55,26.55,0,40800
4659,2022-06-13 13:05:00+05:30,26.55,27.45,26.55,27.45,1500,40800
4660,2022-06-13 13:06:00+05:30,27.45,27.45,27.45,27.45,0,40800
4661,2022-06-13 13:07:00+05:30,27.45,27.45,27.45,27.45,0,40800
4662,2022-06-13 13:08:00+05:30,27.45,27.45,27.45,27.45,0,40800
4663,2022-06-13 13:09:00+05:30,27.45,27.45,27.45,27.45,0,40800
4664,2022-06-13 13:10:00+05:30,27.45,27.45,27.45,27.45,600,42000
4665,2022-06-13 13:11:00+05:30,27.45,27.45,27.45,27.45,300,42000
4666,2022-06-13 13:12:00+05:30,27.45,27.45,27.45,27.45,300,42000
4667,2022-06-13 13:13:00+05:30,27.45,27.45,26.3,26.35,1500,42000
4668,2022-06-13 13:14:00+05:30,26.35,26.35,26.35,26.35,0,42000
4669,2022-06-13 13:15:00+05:30,26.35,26.35,26.35,26.35,0,42000
4670,2022-06-13 13:16:00+05:30,26.35,26.35,26.35,26.35,0,42000
4671,2022-06-13 13:17:00+05:30,26.35,26.35,26.35,26.35,0,42000
4672,2022-06-13 13:18:00+05:30,26.35,26.35,25.2,25.2,300,42300
4673,2022-06-13 13:19:00+05:30,25.2,25.2,25.2,25.2,0,42300
4674,2022-06-13 13:20:00+05:30,25.2,25.2,25.2,25.2,0,42300
4675,2022-06-13 13:21:00+05:30,25.2,25.2,25.05,25.05,0,42000
4676,2022-06-13 13:22:00+05:30,25.05,25.35,25.05,25.35,900,42000
4677,2022-06-13 13:23:00+05:30,25.35,25.35,25.35,25.35,0,42000
4678,2022-06-13 13:24:00+05:30,25.35,26.1,25.35,26.1,300,42000
4679,2022-06-13 13:25:00+05:30,26.1,26.1,26.1,26.1,0,42000
4680,2022-06-13 13:26:00+05:30,26.1,26.1,26.1,26.1,0,42000
4681,2022-06-13 13:27:00+05:30,26.1,26.1,26.1,26.1,0,42000
4682,2022-06-13 13:28:00+05:30,26.1,26.1,26.1,26.1,0,42000
4683,2022-06-13 13:29:00+05:30,26.1,26.1,26.1,26.1,0,42000
4684,2022-06-13 13:30:00+05:30,26.1,26.1,26.1,26.1,0,42000
4685,2022-06-13 13:31:00+05:30,26.1,26.1,26.1,26.1,0,42000
4686,2022-06-13 13:32:00+05:30,26.1,26.4,26.1,26.4,300,42000
4687,2022-06-13 13:33:00+05:30,26.4,26.4,26.4,26.4,0,42000
4688,2022-06-13 13:34:00+05:30,26.4,26.4,26.4,26.4,0,42000
4689,2022-06-13 13:35:00+05:30,26.4,26.4,26.4,26.4,0,42000
4690,2022-06-13 13:36:00+05:30,26.4,26.4,26.4,26.4,0,42000
4691,2022-06-13 13:37:00+05:30,26.4,26.4,26.4,26.4,0,42000
4692,2022-06-13 13:38:00+05:30,26.4,26.4,26.4,26.4,0,42000
4693,2022-06-13 13:39:00+05:30,26.4,26.4,26.4,26.4,0,42000
4694,2022-06-13 13:40:00+05:30,26.4,26.4,26.4,26.4,0,42000
4695,2022-06-13 13:41:00+05:30,26.4,26.4,26.4,26.4,0,42000
4696,2022-06-13 13:42:00+05:30,26.4,26.4,26.4,26.4,0,42000
4697,2022-06-13 13:43:00+05:30,26.4,26.4,26.4,26.4,0,42000
4698,2022-06-13 13:44:00+05:30,26.4,26.4,26.4,26.4,0,42000
4699,2022-06-13 13:45:00+05:30,26.4,26.4,26.4,26.4,0,42000
4700,2022-06-13 13:46:00+05:30,26.4,26.4,26.4,26.4,0,42000
4701,2022-06-13 13:47:00+05:30,26.4,26.4,26.4,26.4,0,42000
4702,2022-06-13 13:48:00+05:30,26.4,26.4,26.4,26.4,0,42000
4703,2022-06-13 13:49:00+05:30,26.35,26.35,26.35,26.35,300,42000
4704,2022-06-13 13:50:00+05:30,26.35,26.4,26.35,26.4,300,42000
4705,2022-06-13 13:51:00+05:30,26.4,26.4,26.4,26.4,0,42000
4706,2022-06-13 13:52:00+05:30,26.4,26.4,26.4,26.4,0,42000
4707,2022-06-13 13:53:00+05:30,26.4,26.4,26.4,26.4,0,42000
4708,2022-06-13 13:54:00+05:30,26.4,26.95,26.4,26.95,300,41400
4709,2022-06-13 13:55:00+05:30,26.95,27.65,26.95,27.65,1200,41100
4710,2022-06-13 13:56:00+05:30,27.65,27.9,27.65,27.9,300,41100
4711,2022-06-13 13:57:00+05:30,27.9,28.35,27.9,28.35,300,41700
4712,2022-06-13 13:58:00+05:30,28.35,28.35,28.35,28.35,0,41700
4713,2022-06-13 13:59:00+05:30,28.35,28.35,28.35,28.35,0,41700
4714,2022-06-13 14:00:00+05:30,28.35,28.35,28.35,28.35,0,41700
4715,2022-06-13 14:01:00+05:30,28.35,28.35,28.35,28.35,0,41700
4716,2022-06-13 14:02:00+05:30,28.35,28.35,28.35,28.35,0,41700
4717,2022-06-13 14:03:00+05:30,28.35,28.35,28.35,28.35,0,41700
4718,2022-06-13 14:04:00+05:30,27.35,27.35,27.35,27.35,600,41700
4719,2022-06-13 14:05:00+05:30,27.35,27.35,27.35,27.35,0,41700
4720,2022-06-13 14:06:00+05:30,27.35,27.35,27.35,27.35,0,41700
4721,2022-06-13 14:07:00+05:30,27.35,27.35,27.35,27.35,0,41700
4722,2022-06-13 14:08:00+05:30,27.35,27.35,27.35,27.35,0,41700
4723,2022-06-13 14:09:00+05:30,27.35,27.35,27.35,27.35,0,41700
4724,2022-06-13 14:10:00+05:30,27.35,27.35,27.35,27.35,0,41700
4725,2022-06-13 14:11:00+05:30,27.35,27.35,27.35,27.35,0,41700
4726,2022-06-13 14:12:00+05:30,27.35,27.35,27.35,27.35,0,41700
4727,2022-06-13 14:13:00+05:30,27.35,27.35,27.35,27.35,0,41700
4728,2022-06-13 14:14:00+05:30,27.35,27.35,27.35,27.35,0,41700
4729,2022-06-13 14:15:00+05:30,27.35,27.35,27.35,27.35,0,41700
4730,2022-06-13 14:16:00+05:30,27.35,27.35,27.35,27.35,0,41700
4731,2022-06-13 14:17:00+05:30,27.35,27.35,27.35,27.35,0,41700
4732,2022-06-13 14:18:00+05:30,27.35,27.35,27.35,27.35,0,41700
4733,2022-06-13 14:19:00+05:30,27.35,27.35,27.3,27.3,300,42300
4734,2022-06-13 14:20:00+05:30,27.3,27.3,27.3,27.3,0,42300
4735,2022-06-13 14:21:00+05:30,27.3,27.3,27.3,27.3,0,42300
4736,2022-06-13 14:22:00+05:30,27.3,27.3,27.3,27.3,0,42300
4737,2022-06-13 14:23:00+05:30,27.3,27.3,27.3,27.3,0,42300
4738,2022-06-13 14:24:00+05:30,27.3,27.3,27.3,27.3,0,42300
4739,2022-06-13 14:25:00+05:30,27.3,27.3,27.3,27.3,0,42300
4740,2022-06-13 14:26:00+05:30,27.3,27.3,27.3,27.3,0,42300
4741,2022-06-13 14:27:00+05:30,27.3,27.3,27.3,27.3,0,42300
4742,2022-06-13 14:28:00+05:30,27.3,27.3,27.3,27.3,0,42300
4743,2022-06-13 14:29:00+05:30,27.3,27.3,27.3,27.3,0,42300
4744,2022-06-13 14:30:00+05:30,27.3,27.3,27.3,27.3,0,42300
4745,2022-06-13 14:31:00+05:30,27.3,27.3,27.15,27.15,600,42300
4746,2022-06-13 14:32:00+05:30,27.15,27.15,27.15,27.15,0,42300
4747,2022-06-13 14:33:00+05:30,27.15,27.15,27.15,27.15,0,42300
4748,2022-06-13 14:34:00+05:30,27.15,27.15,27.15,27.15,0,42300
4749,2022-06-13 14:35:00+05:30,27.15,27.15,26.4,26.4,300,42300
4750,2022-06-13 14:36:00+05:30,26.4,26.4,26.4,26.4,0,42300
4751,2022-06-13 14:37:00+05:30,26.4,26.4,26.4,26.4,0,42300
4752,2022-06-13 14:38:00+05:30,26.4,26.4,26.4,26.4,0,42300
4753,2022-06-13 14:39:00+05:30,26.4,26.4,26.4,26.4,0,42300
4754,2022-06-13 14:40:00+05:30,26.4,26.4,26.4,26.4,0,42300
4755,2022-06-13 14:41:00+05:30,26.4,26.4,26.4,26.4,0,42300
4756,2022-06-13 14:42:00+05:30,26.4,26.4,26.4,26.4,0,42300
4757,2022-06-13 14:43:00+05:30,26.4,26.4,26.4,26.4,0,42300
4758,2022-06-13 14:44:00+05:30,26.4,26.4,26.4,26.4,0,42300
4759,2022-06-13 14:45:00+05:30,26.4,26.4,26.4,26.4,0,42300
4760,2022-06-13 14:46:00+05:30,26.4,26.4,26.4,26.4,0,42300
4761,2022-06-13 14:47:00+05:30,26.4,26.4,26.4,26.4,0,42300
4762,2022-06-13 14:48:00+05:30,26.4,26.4,26.4,26.4,0,42300
4763,2022-06-13 14:49:00+05:30,26.4,26.4,26.4,26.4,0,42300
4764,2022-06-13 14:50:00+05:30,26.4,26.4,26.4,26.4,0,42300
4765,2022-06-13 14:51:00+05:30,26.4,26.4,26.0,26.0,300,42300
4766,2022-06-13 14:52:00+05:30,26.0,26.0,26.0,26.0,0,42300
4767,2022-06-13 14:53:00+05:30,26.0,26.0,26.0,26.0,0,42300
4768,2022-06-13 14:54:00+05:30,26.0,26.0,26.0,26.0,0,42300
4769,2022-06-13 14:55:00+05:30,26.0,26.0,26.0,26.0,0,42300
4770,2022-06-13 14:56:00+05:30,26.0,26.0,26.0,26.0,0,42300
4771,2022-06-13 14:57:00+05:30,26.0,26.0,26.0,26.0,0,42300
4772,2022-06-13 14:58:00+05:30,26.0,26.0,26.0,26.0,0,42300
4773,2022-06-13 14:59:00+05:30,26.0,26.0,26.0,26.0,0,42300
4774,2022-06-13 15:00:00+05:30,26.0,26.0,26.0,26.0,0,42300
4775,2022-06-13 15:01:00+05:30,26.0,26.0,26.0,26.0,0,42300
4776,2022-06-13 15:02:00+05:30,26.0,27.65,26.0,27.65,0,42300
4777,2022-06-13 15:03:00+05:30,27.65,27.65,27.35,27.35,600,42600
4778,2022-06-13 15:04:00+05:30,27.35,27.35,27.35,27.35,0,42600
4779,2022-06-13 15:05:00+05:30,27.35,27.35,27.35,27.35,0,42600
4780,2022-06-13 15:06:00+05:30,27.35,27.35,27.35,27.35,0,42600
4781,2022-06-13 15:07:00+05:30,27.35,27.35,27.35,27.35,0,42600
4782,2022-06-13 15:08:00+05:30,27.35,27.35,27.35,27.35,0,42600
4783,2022-06-13 15:09:00+05:30,27.35,27.35,27.35,27.35,0,42600
4784,2022-06-13 15:10:00+05:30,27.35,27.45,27.25,27.45,900,42600
4785,2022-06-13 15:11:00+05:30,27.45,27.45,27.45,27.45,0,42600
4786,2022-06-13 15:12:00+05:30,27.45,27.45,27.45,27.45,0,42600
4787,2022-06-13 15:13:00+05:30,27.45,27.45,27.45,27.45,0,42600
4788,2022-06-13 15:14:00+05:30,27.45,27.45,27.45,27.45,0,42600
4789,2022-06-13 15:15:00+05:30,27.45,27.45,27.45,27.45,0,42600
4790,2022-06-13 15:16:00+05:30,27.45,27.45,27.45,27.45,0,42600
4791,2022-06-13 15:17:00+05:30,27.45,27.45,26.6,26.6,300,42600
4792,2022-06-13 15:18:00+05:30,26.6,26.6,26.6,26.6,0,42600
4793,2022-06-13 15:19:00+05:30,25.8,25.8,25.8,25.8,600,42600
4794,2022-06-13 15:20:00+05:30,25.8,25.8,25.8,25.8,0,42600
4795,2022-06-13 15:21:00+05:30,25.8,25.8,25.8,25.8,0,42600
4796,2022-06-13 15:22:00+05:30,25.8,25.8,25.8,25.8,0,42600
4797,2022-06-13 15:23:00+05:30,25.8,25.8,25.45,25.45,300,42600
4798,2022-06-13 15:24:00+05:30,25.45,25.45,25.45,25.45,0,42600
4799,2022-06-13 15:25:00+05:30,25.45,25.45,25.45,25.45,0,42600
4800,2022-06-13 15:26:00+05:30,25.45,25.45,25.45,25.45,0,42600
4801,2022-06-13 15:27:00+05:30,25.45,25.45,25.45,25.45,0,42600
4802,2022-06-13 15:28:00+05:30,25.45,25.45,25.2,25.2,300,42600
4803,2022-06-13 15:29:00+05:30,25.2,25.2,25.2,25.2,0,42600
4804,2022-06-14 09:32:00+05:30,28.7,28.7,28.7,28.7,0,42600
4805,2022-06-14 09:33:00+05:30,28.7,28.7,28.7,28.7,0,42600
4806,2022-06-14 09:34:00+05:30,28.7,28.7,28.7,28.7,0,42600
4807,2022-06-14 09:35:00+05:30,28.7,28.7,28.7,28.7,0,42600
4808,2022-06-14 09:36:00+05:30,28.7,28.7,28.7,28.7,0,42600
4809,2022-06-14 09:37:00+05:30,28.7,28.7,28.7,28.7,0,42600
4810,2022-06-14 09:38:00+05:30,28.7,28.7,28.7,28.7,0,42600
4811,2022-06-14 09:39:00+05:30,28.7,28.7,28.7,28.7,0,42600
4812,2022-06-14 09:40:00+05:30,28.7,28.7,28.7,28.7,0,42600
4813,2022-06-14 09:41:00+05:30,28.7,28.7,28.7,28.7,0,42600
4814,2022-06-14 09:42:00+05:30,28.7,28.7,28.7,28.7,0,42600
4815,2022-06-14 09:43:00+05:30,28.7,28.7,28.7,28.7,0,42600
4816,2022-06-14 09:44:00+05:30,28.7,28.7,28.7,28.7,0,42600
4817,2022-06-14 09:45:00+05:30,28.7,28.7,28.7,28.7,0,42600
4818,2022-06-14 09:46:00+05:30,28.7,28.7,28.7,28.7,0,42600
4819,2022-06-14 09:47:00+05:30,28.7,28.7,28.7,28.7,0,42600
4820,2022-06-14 09:48:00+05:30,28.7,28.7,28.7,28.7,0,42600
4821,2022-06-14 09:49:00+05:30,28.7,28.7,28.7,28.7,0,42600
4822,2022-06-14 09:50:00+05:30,28.7,28.7,28.7,28.7,0,42600
4823,2022-06-14 09:51:00+05:30,28.7,28.7,28.7,28.7,0,42600
4824,2022-06-14 09:52:00+05:30,28.7,28.7,28.7,28.7,0,42600
4825,2022-06-14 09:53:00+05:30,28.7,28.7,28.7,28.7,0,42600
4826,2022-06-14 09:54:00+05:30,28.7,28.7,28.7,28.7,0,42600
4827,2022-06-14 09:55:00+05:30,28.7,28.7,28.7,28.7,0,42600
4828,2022-06-14 09:56:00+05:30,28.7,28.7,28.7,28.7,0,42600
4829,2022-06-14 09:57:00+05:30,28.7,28.7,28.7,28.7,0,42600
4830,2022-06-14 09:58:00+05:30,28.7,28.7,28.7,28.7,0,42600
4831,2022-06-14 09:59:00+05:30,28.7,28.7,28.7,28.7,0,42600
4832,2022-06-14 10:00:00+05:30,28.7,28.7,28.7,28.7,0,42600
4833,2022-06-14 10:01:00+05:30,28.7,28.7,28.7,28.7,0,42600
4834,2022-06-14 10:02:00+05:30,28.7,28.7,28.7,28.7,0,42600
4835,2022-06-14 10:03:00+05:30,24.9,24.9,24.9,24.9,300,42600
4836,2022-06-14 10:04:00+05:30,24.9,24.9,24.0,24.0,300,42600
4837,2022-06-14 10:05:00+05:30,24.0,24.3,24.0,24.3,300,42900
4838,2022-06-14 10:06:00+05:30,24.3,24.3,24.3,24.3,0,42900
4839,2022-06-14 10:07:00+05:30,24.3,24.3,24.3,24.3,0,42900
4840,2022-06-14 10:08:00+05:30,24.3,24.3,24.3,24.3,0,42900
4841,2022-06-14 10:09:00+05:30,24.3,24.3,24.3,24.3,0,42900
4842,2022-06-14 10:10:00+05:30,24.3,24.3,24.3,24.3,0,42900
4843,2022-06-14 10:11:00+05:30,24.3,24.3,24.3,24.3,0,42900
4844,2022-06-14 10:12:00+05:30,24.3,24.3,24.3,24.3,0,42900
4845,2022-06-14 10:13:00+05:30,24.3,24.3,24.3,24.3,0,42900
4846,2022-06-14 10:14:00+05:30,24.3,24.3,24.3,24.3,0,42900
4847,2022-06-14 10:15:00+05:30,24.3,24.3,24.3,24.3,0,42900
4848,2022-06-14 10:16:00+05:30,24.3,24.3,24.3,24.3,0,42900
4849,2022-06-14 10:17:00+05:30,24.3,24.3,24.3,24.3,0,42900
4850,2022-06-14 10:18:00+05:30,24.3,24.3,24.3,24.3,0,42900
4851,2022-06-14 10:19:00+05:30,24.3,24.3,24.3,24.3,0,42900
4852,2022-06-14 10:20:00+05:30,24.3,24.3,24.3,24.3,0,42900
4853,2022-06-14 10:21:00+05:30,24.3,24.3,24.3,24.3,0,42900
4854,2022-06-14 10:22:00+05:30,24.3,26.15,24.3,26.15,300,42600
4855,2022-06-14 10:23:00+05:30,26.15,26.15,26.15,26.15,0,42600
4856,2022-06-14 10:24:00+05:30,26.15,26.15,26.15,26.15,0,42600
4857,2022-06-14 10:25:00+05:30,26.15,26.15,26.15,26.15,0,42600
4858,2022-06-14 10:26:00+05:30,26.15,26.15,26.15,26.15,0,42600
4859,2022-06-14 10:27:00+05:30,26.15,26.15,26.15,26.15,0,42600
4860,2022-06-14 10:28:00+05:30,26.15,26.15,26.15,26.15,0,42600
4861,2022-06-14 10:29:00+05:30,26.15,26.15,26.15,26.15,0,42600
4862,2022-06-14 10:30:00+05:30,26.15,26.15,26.15,26.15,0,42600
4863,2022-06-14 10:31:00+05:30,26.15,26.15,26.15,26.15,0,42600
4864,2022-06-14 10:32:00+05:30,26.15,26.15,26.15,26.15,0,42600
4865,2022-06-14 10:33:00+05:30,26.15,26.15,26.15,26.15,0,42600
4866,2022-06-14 10:34:00+05:30,26.15,26.15,26.15,26.15,0,42600
4867,2022-06-14 10:35:00+05:30,26.15,26.15,26.15,26.15,0,42600
4868,2022-06-14 10:36:00+05:30,26.15,26.15,26.15,26.15,0,42600
4869,2022-06-14 10:37:00+05:30,26.15,26.15,22.9,22.9,300,42300
4870,2022-06-14 10:38:00+05:30,22.9,22.9,22.9,22.9,0,42300
4871,2022-06-14 10:39:00+05:30,22.9,22.9,22.9,22.9,0,42300
4872,2022-06-14 10:40:00+05:30,22.9,22.9,22.9,22.9,0,42300
4873,2022-06-14 10:41:00+05:30,22.1,22.1,22.1,22.1,300,42600
4874,2022-06-14 10:42:00+05:30,22.1,22.1,22.1,22.1,0,42600
4875,2022-06-14 10:43:00+05:30,22.1,22.1,22.1,22.1,0,42600
4876,2022-06-14 10:44:00+05:30,22.1,22.1,22.1,22.1,0,42600
4877,2022-06-14 10:45:00+05:30,22.1,22.1,22.1,22.1,0,42600
4878,2022-06-14 10:46:00+05:30,22.1,22.1,22.1,22.1,0,42600
4879,2022-06-14 10:47:00+05:30,22.1,22.1,22.1,22.1,0,42600
4880,2022-06-14 10:48:00+05:30,22.1,22.1,22.1,22.1,0,42600
4881,2022-06-14 10:49:00+05:30,22.1,22.1,22.1,22.1,0,42600
4882,2022-06-14 10:50:00+05:30,22.1,22.1,22.1,22.1,0,42600
4883,2022-06-14 10:51:00+05:30,22.1,22.1,22.1,22.1,0,42600
4884,2022-06-14 10:52:00+05:30,22.1,22.1,22.1,22.1,0,42600
4885,2022-06-14 10:53:00+05:30,22.1,22.1,22.1,22.1,0,42600
4886,2022-06-14 10:54:00+05:30,22.1,22.1,22.1,22.1,0,42600
4887,2022-06-14 10:55:00+05:30,22.1,22.1,22.1,22.1,0,42600
4888,2022-06-14 10:56:00+05:30,22.1,22.1,22.1,22.1,0,42600
4889,2022-06-14 10:57:00+05:30,22.1,22.1,22.1,22.1,0,42600
4890,2022-06-14 10:58:00+05:30,22.1,22.1,22.1,22.1,0,42600
4891,2022-06-14 10:59:00+05:30,22.1,22.1,22.1,22.1,0,42600
4892,2022-06-14 11:00:00+05:30,22.1,22.1,22.1,22.1,0,42600
4893,2022-06-14 11:01:00+05:30,22.1,22.1,22.1,22.1,0,42600
4894,2022-06-14 11:02:00+05:30,22.1,22.1,22.1,22.1,0,42600
4895,2022-06-14 11:03:00+05:30,22.1,22.1,22.1,22.1,0,42600
4896,2022-06-14 11:04:00+05:30,22.1,22.1,22.1,22.1,0,42600
4897,2022-06-14 11:05:00+05:30,22.1,22.1,22.1,22.1,0,42600
4898,2022-06-14 11:06:00+05:30,22.1,22.1,22.1,22.1,0,42600
4899,2022-06-14 11:07:00+05:30,22.1,22.1,22.1,22.1,0,42600
4900,2022-06-14 11:08:00+05:30,22.1,22.1,22.1,22.1,0,42600
4901,2022-06-14 11:09:00+05:30,22.1,22.1,22.1,22.1,0,42600
4902,2022-06-14 11:10:00+05:30,22.1,22.1,22.1,22.1,0,42600
4903,2022-06-14 11:11:00+05:30,22.1,22.1,22.1,22.1,0,42600
4904,2022-06-14 11:12:00+05:30,22.1,22.1,22.1,22.1,0,42600
4905,2022-06-14 11:13:00+05:30,22.1,23.05,22.1,23.05,600,42600
4906,2022-06-14 11:14:00+05:30,23.05,23.05,23.05,23.05,0,42600
4907,2022-06-14 11:15:00+05:30,23.05,23.05,23.05,23.05,0,42600
4908,2022-06-14 11:16:00+05:30,23.05,23.05,23.05,23.05,0,42600
4909,2022-06-14 11:17:00+05:30,23.05,23.05,23.05,23.05,0,42600
4910,2022-06-14 11:18:00+05:30,23.05,23.05,23.05,23.05,0,42600
4911,2022-06-14 11:19:00+05:30,23.05,23.05,23.05,23.05,0,42600
4912,2022-06-14 11:20:00+05:30,23.05,23.05,21.75,21.75,300,42000
4913,2022-06-14 11:21:00+05:30,21.75,21.75,21.75,21.75,0,42000
4914,2022-06-14 11:22:00+05:30,21.75,21.75,21.75,21.75,0,42000
4915,2022-06-14 11:23:00+05:30,21.75,21.75,21.75,21.75,0,42000
4916,2022-06-14 11:24:00+05:30,21.75,21.75,21.75,21.75,0,42000
4917,2022-06-14 11:25:00+05:30,21.75,21.75,21.75,21.75,0,42000
4918,2022-06-14 11:26:00+05:30,21.75,21.75,21.75,21.75,0,42000
4919,2022-06-14 11:27:00+05:30,21.75,21.75,21.75,21.75,0,42000
4920,2022-06-14 11:28:00+05:30,21.75,21.75,21.75,21.75,0,42000
4921,2022-06-14 11:29:00+05:30,21.75,21.75,21.75,21.75,0,42000
4922,2022-06-14 11:30:00+05:30,21.75,21.75,21.75,21.75,0,42000
4923,2022-06-14 11:31:00+05:30,21.75,21.75,21.75,21.75,0,42000
4924,2022-06-14 11:32:00+05:30,21.75,21.75,21.75,21.75,0,42000
4925,2022-06-14 11:33:00+05:30,21.75,21.75,21.75,21.75,0,42000
4926,2022-06-14 11:34:00+05:30,21.75,21.75,21.75,21.75,0,42000
4927,2022-06-14 11:35:00+05:30,21.75,21.75,21.75,21.75,0,42000
4928,2022-06-14 11:36:00+05:30,21.75,21.75,21.75,21.75,0,42000
4929,2022-06-14 11:37:00+05:30,21.75,22.0,21.75,22.0,600,42300
4930,2022-06-14 11:38:00+05:30,22.3,22.3,22.3,22.3,300,42300
4931,2022-06-14 11:39:00+05:30,22.3,22.3,22.3,22.3,0,42300
4932,2022-06-14 11:40:00+05:30,22.3,22.3,22.3,22.3,0,42300
4933,2022-06-14 11:41:00+05:30,22.3,22.3,22.3,22.3,0,42300
4934,2022-06-14 11:42:00+05:30,22.3,22.3,22.3,22.3,0,42300
4935,2022-06-14 11:43:00+05:30,22.3,22.3,22.3,22.3,0,42300
4936,2022-06-14 11:44:00+05:30,22.3,22.3,22.3,22.3,0,42300
4937,2022-06-14 11:45:00+05:30,22.3,22.3,22.3,22.3,0,42300
4938,2022-06-14 11:46:00+05:30,22.3,22.3,22.3,22.3,0,42300
4939,2022-06-14 11:47:00+05:30,22.3,22.3,22.3,22.3,0,42300
4940,2022-06-14 11:48:00+05:30,22.3,22.3,22.3,22.3,0,42300
4941,2022-06-14 11:49:00+05:30,22.3,22.3,22.3,22.3,0,42300
4942,2022-06-14 11:50:00+05:30,22.3,22.3,21.0,21.0,300,41700
4943,2022-06-14 11:51:00+05:30,21.0,21.0,21.0,21.0,0,41700
4944,2022-06-14 11:52:00+05:30,21.0,21.0,21.0,21.0,0,41700
4945,2022-06-14 11:53:00+05:30,21.0,21.8,21.0,21.8,300,41400
4946,2022-06-14 11:54:00+05:30,21.8,21.8,21.8,21.8,0,41400
4947,2022-06-14 11:55:00+05:30,21.8,21.8,21.8,21.8,0,41400
4948,2022-06-14 11:56:00+05:30,21.8,21.8,21.8,21.8,0,41400
4949,2022-06-14 11:57:00+05:30,21.8,21.95,21.8,21.95,300,41100
4950,2022-06-14 11:58:00+05:30,21.95,21.95,21.95,21.95,0,41100
4951,2022-06-14 11:59:00+05:30,21.95,21.95,21.95,21.95,0,41100
4952,2022-06-14 12:00:00+05:30,21.95,21.95,21.95,21.95,0,41100
4953,2022-06-14 12:01:00+05:30,21.95,21.95,21.95,21.95,0,41100
4954,2022-06-14 12:02:00+05:30,21.95,21.95,21.95,21.95,0,41100
4955,2022-06-14 12:03:00+05:30,21.95,21.95,21.95,21.95,0,41100
4956,2022-06-14 12:04:00+05:30,21.95,21.95,21.95,21.95,0,41100
4957,2022-06-14 12:05:00+05:30,21.95,21.95,21.95,21.95,0,41100
4958,2022-06-14 12:06:00+05:30,21.95,21.95,21.95,21.95,0,41100
4959,2022-06-14 12:07:00+05:30,21.95,21.95,21.95,21.95,0,41100
4960,2022-06-14 12:08:00+05:30,21.95,21.95,21.95,21.95,0,41100
4961,2022-06-14 12:09:00+05:30,21.95,21.95,21.95,21.95,0,41100
4962,2022-06-14 12:10:00+05:30,21.95,21.95,21.95,21.95,0,41100
4963,2022-06-14 12:11:00+05:30,21.95,21.95,21.95,21.95,0,41100
4964,2022-06-14 12:12:00+05:30,21.95,21.95,21.95,21.95,0,41100
4965,2022-06-14 12:13:00+05:30,21.95,21.95,21.95,21.95,0,41100
4966,2022-06-14 12:14:00+05:30,21.95,21.95,21.95,21.95,0,41100
4967,2022-06-14 12:15:00+05:30,21.95,21.95,21.95,21.95,0,41100
4968,2022-06-14 12:16:00+05:30,21.95,21.95,21.95,21.95,0,41100
4969,2022-06-14 12:17:00+05:30,21.95,21.95,21.95,21.95,0,41100
4970,2022-06-14 12:18:00+05:30,21.95,21.95,21.95,21.95,0,41100
4971,2022-06-14 12:19:00+05:30,21.95,21.95,21.95,21.95,0,41100
4972,2022-06-14 12:20:00+05:30,21.95,22.5,21.95,22.5,1800,41100
4973,2022-06-14 12:21:00+05:30,22.5,22.5,22.5,22.5,0,41100
4974,2022-06-14 12:22:00+05:30,22.5,22.5,22.45,22.45,300,39900
4975,2022-06-14 12:23:00+05:30,22.45,22.45,22.45,22.45,0,39900
4976,2022-06-14 12:24:00+05:30,22.45,22.45,22.45,22.45,0,39900
4977,2022-06-14 12:25:00+05:30,22.45,22.45,22.45,22.45,0,39900
4978,2022-06-14 12:26:00+05:30,22.45,22.45,22.45,22.45,0,39900
4979,2022-06-14 12:27:00+05:30,22.45,22.45,22.45,22.45,0,39900
4980,2022-06-14 12:28:00+05:30,22.45,22.45,22.45,22.45,0,39900
4981,2022-06-14 12:29:00+05:30,22.45,22.45,22.45,22.45,0,39900
4982,2022-06-14 12:30:00+05:30,22.45,22.45,22.45,22.45,0,39900
4983,2022-06-14 12:31:00+05:30,22.45,22.45,22.45,22.45,0,39900
4984,2022-06-14 12:32:00+05:30,22.45,22.9,22.45,22.9,300,39900
4985,2022-06-14 12:33:00+05:30,22.9,22.9,22.9,22.9,0,39900
4986,2022-06-14 12:34:00+05:30,22.9,22.9,22.9,22.9,0,39900
4987,2022-06-14 12:35:00+05:30,22.9,22.9,22.9,22.9,0,39900
4988,2022-06-14 12:36:00+05:30,22.9,22.9,22.9,22.9,0,39900
4989,2022-06-14 12:37:00+05:30,22.9,22.9,22.8,22.8,300,39900
4990,2022-06-14 12:38:00+05:30,22.8,22.8,22.8,22.8,0,39900
4991,2022-06-14 12:39:00+05:30,22.8,22.8,22.6,22.6,300,39900
4992,2022-06-14 12:40:00+05:30,22.6,22.6,22.6,22.6,300,39900
4993,2022-06-14 12:41:00+05:30,22.6,22.6,22.6,22.6,0,39900
4994,2022-06-14 12:42:00+05:30,22.6,22.6,22.6,22.6,0,39900
4995,2022-06-14 12:43:00+05:30,22.6,22.6,22.6,22.6,0,39900
4996,2022-06-14 12:44:00+05:30,22.6,22.6,22.6,22.6,0,39900
4997,2022-06-14 12:45:00+05:30,22.6,22.6,22.6,22.6,0,39900
4998,2022-06-14 12:46:00+05:30,22.6,22.6,22.6,22.6,0,39900
4999,2022-06-14 12:47:00+05:30,22.6,23.05,22.6,23.05,300,39900
5000,2022-06-14 12:48:00+05:30,23.05,23.05,23.05,23.05,0,39900
5001,2022-06-14 12:49:00+05:30,23.05,23.05,23.05,23.05,0,39900
5002,2022-06-14 12:50:00+05:30,23.05,23.05,23.05,23.05,0,39900
5003,2022-06-14 12:51:00+05:30,23.05,23.05,23.05,23.05,0,39900
5004,2022-06-14 12:52:00+05:30,23.05,23.05,23.05,23.05,0,39900
5005,2022-06-14 12:53:00+05:30,23.05,23.05,23.05,23.05,0,39900
5006,2022-06-14 12:54:00+05:30,23.05,23.05,23.05,23.05,0,39900
5007,2022-06-14 12:55:00+05:30,23.05,23.05,23.05,23.05,0,39900
5008,2022-06-14 12:56:00+05:30,23.05,23.05,23.05,23.05,0,39900
5009,2022-06-14 12:57:00+05:30,23.05,23.05,23.05,23.05,0,39900
5010,2022-06-14 12:58:00+05:30,23.05,23.05,23.05,23.05,0,39900
5011,2022-06-14 12:59:00+05:30,23.05,23.05,23.05,23.05,0,39900
5012,2022-06-14 13:00:00+05:30,23.05,23.05,23.05,23.05,0,39900
5013,2022-06-14 13:01:00+05:30,23.05,23.05,23.05,23.05,0,39900
5014,2022-06-14 13:02:00+05:30,23.05,23.05,23.05,23.05,0,39900
5015,2022-06-14 13:03:00+05:30,23.05,23.05,23.05,23.05,0,39900
5016,2022-06-14 13:04:00+05:30,23.05,23.05,23.05,23.05,0,39900
5017,2022-06-14 13:05:00+05:30,23.05,23.05,23.05,23.05,0,39900
5018,2022-06-14 13:06:00+05:30,23.05,23.05,23.05,23.05,0,39900
5019,2022-06-14 13:07:00+05:30,23.05,23.05,23.05,23.05,0,39900
5020,2022-06-14 13:08:00+05:30,23.05,23.05,23.05,23.05,0,39900
5021,2022-06-14 13:09:00+05:30,23.05,23.05,23.05,23.05,0,39900
5022,2022-06-14 13:10:00+05:30,23.05,23.05,23.05,23.05,0,39900
5023,2022-06-14 13:11:00+05:30,23.05,23.05,23.05,23.05,0,39900
5024,2022-06-14 13:12:00+05:30,23.05,23.05,23.05,23.05,0,39900
5025,2022-06-14 13:13:00+05:30,23.05,23.05,23.05,23.05,0,39900
5026,2022-06-14 13:14:00+05:30,23.05,23.05,23.05,23.05,0,39900
5027,2022-06-14 13:15:00+05:30,23.05,23.05,23.05,23.05,0,39900
5028,2022-06-14 13:16:00+05:30,23.05,23.05,23.05,23.05,0,39900
5029,2022-06-14 13:17:00+05:30,23.05,23.05,23.05,23.05,0,39900
5030,2022-06-14 13:18:00+05:30,23.05,23.05,23.05,23.05,0,39900
5031,2022-06-14 13:19:00+05:30,23.05,23.05,23.05,23.05,0,39900
5032,2022-06-14 13:20:00+05:30,23.05,23.05,23.05,23.05,0,39900
5033,2022-06-14 13:21:00+05:30,23.05,23.05,23.05,23.05,0,39900
5034,2022-06-14 13:22:00+05:30,23.05,23.05,23.05,23.05,0,39900
5035,2022-06-14 13:23:00+05:30,23.05,23.05,23.05,23.05,0,39900
5036,2022-06-14 13:24:00+05:30,23.05,23.05,23.05,23.05,0,39900
5037,2022-06-14 13:25:00+05:30,23.05,23.05,23.05,23.05,0,39900
5038,2022-06-14 13:26:00+05:30,23.05,23.05,23.05,23.05,0,39900
5039,2022-06-14 13:27:00+05:30,23.05,23.05,23.05,23.05,0,39900
5040,2022-06-14 13:28:00+05:30,23.05,23.05,23.05,23.05,0,39900
5041,2022-06-14 13:29:00+05:30,23.05,24.35,23.05,24.35,600,39600
5042,2022-06-14 13:30:00+05:30,24.35,24.35,24.35,24.35,0,39600
5043,2022-06-14 13:31:00+05:30,24.35,24.35,24.35,24.35,0,39600
5044,2022-06-14 13:32:00+05:30,24.35,24.35,24.35,24.35,0,39600
5045,2022-06-14 13:33:00+05:30,24.35,24.35,24.35,24.35,0,39600
5046,2022-06-14 13:34:00+05:30,24.35,24.35,24.35,24.35,0,39600
5047,2022-06-14 13:35:00+05:30,24.35,24.35,24.35,24.35,0,39600
5048,2022-06-14 13:36:00+05:30,24.35,24.35,24.35,24.35,0,39600
5049,2022-06-14 13:37:00+05:30,24.35,24.35,24.35,24.35,0,39600
5050,2022-06-14 13:38:00+05:30,24.35,24.35,24.35,24.35,0,39600
5051,2022-06-14 13:39:00+05:30,24.35,24.35,24.35,24.35,0,39600
5052,2022-06-14 13:40:00+05:30,24.35,24.35,24.35,24.35,0,39600
5053,2022-06-14 13:41:00+05:30,24.35,24.35,24.35,24.35,0,39600
5054,2022-06-14 13:42:00+05:30,24.35,24.35,24.35,24.35,0,39600
5055,2022-06-14 13:43:00+05:30,24.35,24.55,24.35,24.55,300,39600
5056,2022-06-14 13:44:00+05:30,24.55,24.55,24.55,24.55,0,39600
5057,2022-06-14 13:45:00+05:30,24.55,24.55,24.55,24.55,0,39600
5058,2022-06-14 13:46:00+05:30,24.55,24.55,24.55,24.55,0,39600
5059,2022-06-14 13:47:00+05:30,24.55,24.55,24.55,24.55,0,39600
5060,2022-06-14 13:48:00+05:30,24.55,24.55,24.55,24.55,0,39600
5061,2022-06-14 13:49:00+05:30,24.55,24.55,24.55,24.55,0,39600
5062,2022-06-14 13:50:00+05:30,24.55,24.55,24.55,24.55,0,39600
5063,2022-06-14 13:51:00+05:30,24.55,24.55,24.55,24.55,0,39600
5064,2022-06-14 13:52:00+05:30,24.55,24.55,24.55,24.55,0,39600
5065,2022-06-14 13:53:00+05:30,24.55,24.55,24.55,24.55,0,39600
5066,2022-06-14 13:54:00+05:30,24.55,24.55,24.55,24.55,0,39600
5067,2022-06-14 13:55:00+05:30,24.55,24.55,24.55,24.55,0,39600
5068,2022-06-14 13:56:00+05:30,24.55,24.55,24.55,24.55,0,39600
5069,2022-06-14 13:57:00+05:30,24.55,24.55,24.55,24.55,0,39600
5070,2022-06-14 13:58:00+05:30,24.55,24.55,24.55,24.55,0,39600
5071,2022-06-14 13:59:00+05:30,24.55,24.55,24.55,24.55,0,39600
5072,2022-06-14 14:00:00+05:30,24.55,24.55,24.55,24.55,0,39600
5073,2022-06-14 14:01:00+05:30,24.55,24.55,24.55,24.55,0,39600
5074,2022-06-14 14:02:00+05:30,24.55,24.55,24.55,24.55,0,39600
5075,2022-06-14 14:03:00+05:30,24.55,24.55,24.55,24.55,0,39600
5076,2022-06-14 14:04:00+05:30,24.55,24.55,24.55,24.55,0,39600
5077,2022-06-14 14:05:00+05:30,24.55,24.55,24.55,24.55,0,39600
5078,2022-06-14 14:06:00+05:30,24.55,24.55,24.55,24.55,0,39600
5079,2022-06-14 14:07:00+05:30,24.55,24.55,24.55,24.55,0,39600
5080,2022-06-14 14:08:00+05:30,24.55,24.55,24.55,24.55,0,39600
5081,2022-06-14 14:09:00+05:30,24.55,24.55,24.55,24.55,0,39600
5082,2022-06-14 14:10:00+05:30,24.55,24.55,24.55,24.55,0,39600
5083,2022-06-14 14:11:00+05:30,24.55,24.55,24.55,24.55,0,39600
5084,2022-06-14 14:12:00+05:30,24.55,24.55,24.55,24.55,0,39600
5085,2022-06-14 14:13:00+05:30,24.55,24.55,24.55,24.55,0,39600
5086,2022-06-14 14:14:00+05:30,24.55,24.55,24.55,24.55,0,39600
5087,2022-06-14 14:15:00+05:30,24.55,24.55,24.55,24.55,0,39600
5088,2022-06-14 14:16:00+05:30,24.55,24.55,24.55,24.55,0,39600
5089,2022-06-14 14:17:00+05:30,24.55,24.55,24.55,24.55,0,39600
5090,2022-06-14 14:18:00+05:30,24.55,24.55,24.55,24.55,0,39600
5091,2022-06-14 14:19:00+05:30,24.55,24.55,24.55,24.55,0,39600
5092,2022-06-14 14:20:00+05:30,24.55,24.55,24.55,24.55,0,39600
5093,2022-06-14 14:21:00+05:30,24.55,24.55,24.55,24.55,0,39600
5094,2022-06-14 14:22:00+05:30,24.55,24.55,24.55,24.55,0,39600
5095,2022-06-14 14:23:00+05:30,24.55,24.55,24.55,24.55,0,39600
5096,2022-06-14 14:24:00+05:30,24.55,24.55,24.55,24.55,0,39600
5097,2022-06-14 14:25:00+05:30,24.55,24.55,24.55,24.55,0,39600
5098,2022-06-14 14:26:00+05:30,24.55,24.55,24.55,24.55,0,39600
5099,2022-06-14 14:27:00+05:30,24.55,24.55,24.55,24.55,0,39600
5100,2022-06-14 14:28:00+05:30,24.55,24.55,24.55,24.55,0,39600
5101,2022-06-14 14:29:00+05:30,24.55,24.55,24.55,24.55,0,39600
5102,2022-06-14 14:30:00+05:30,24.55,24.55,24.55,24.55,0,39600
5103,2022-06-14 14:31:00+05:30,24.55,24.55,24.55,24.55,0,39600
5104,2022-06-14 14:32:00+05:30,24.55,24.55,24.55,24.55,0,39600
5105,2022-06-14 14:33:00+05:30,24.55,24.55,24.55,24.55,0,39600
5106,2022-06-14 14:34:00+05:30,24.55,25.15,24.55,25.15,0,39600
5107,2022-06-14 14:35:00+05:30,25.0,25.0,25.0,25.0,600,39600
5108,2022-06-14 14:36:00+05:30,25.0,25.0,25.0,25.0,0,39600
5109,2022-06-14 14:37:00+05:30,25.0,25.0,25.0,25.0,0,39600
5110,2022-06-14 14:38:00+05:30,25.0,26.0,25.0,26.0,300,40200
5111,2022-06-14 14:39:00+05:30,26.0,26.0,26.0,26.0,0,40200
5112,2022-06-14 14:40:00+05:30,26.0,26.0,26.0,26.0,0,40200
5113,2022-06-14 14:41:00+05:30,26.0,26.0,26.0,26.0,0,40200
5114,2022-06-14 14:42:00+05:30,26.0,26.0,26.0,26.0,0,40200
5115,2022-06-14 14:43:00+05:30,26.0,26.0,26.0,26.0,0,40200
5116,2022-06-14 14:44:00+05:30,26.0,26.0,26.0,26.0,0,40200
5117,2022-06-14 14:45:00+05:30,26.0,26.0,26.0,26.0,0,40200
5118,2022-06-14 14:46:00+05:30,26.0,26.0,26.0,26.0,0,40200
5119,2022-06-14 14:47:00+05:30,26.0,31.4,26.0,30.85,0,40200
5120,2022-06-14 14:48:00+05:30,30.85,31.75,30.85,31.75,1500,40500
5121,2022-06-14 14:49:00+05:30,33.15,33.5,32.0,32.0,1800,40500
5122,2022-06-14 14:50:00+05:30,32.0,33.0,32.0,33.0,0,40500
5123,2022-06-14 14:51:00+05:30,33.0,33.0,33.0,33.0,600,40500
5124,2022-06-14 14:52:00+05:30,35.9,39.0,33.0,39.0,1500,41700
5125,2022-06-14 14:53:00+05:30,39.0,39.0,37.9,38.0,900,41700
5126,2022-06-14 14:54:00+05:30,38.0,38.0,37.0,37.0,300,42600
5127,2022-06-14 14:55:00+05:30,37.0,37.0,37.0,37.0,0,42600
5128,2022-06-14 14:56:00+05:30,37.0,37.0,37.0,37.0,0,42600
5129,2022-06-14 14:57:00+05:30,38.7,51.9,38.7,50.65,6600,42000
5130,2022-06-14 14:58:00+05:30,50.65,50.65,46.7,46.95,4800,42000
5131,2022-06-14 14:59:00+05:30,45.95,45.95,45.65,45.65,1500,42000
5132,2022-06-14 15:00:00+05:30,45.65,45.65,41.7,41.7,300,47400
5133,2022-06-14 15:01:00+05:30,41.7,41.7,41.5,41.5,600,47400
5134,2022-06-14 15:02:00+05:30,40.0,40.0,37.6,37.7,900,47400
5135,2022-06-14 15:03:00+05:30,37.7,37.7,37.7,37.7,900,47400
5136,2022-06-14 15:04:00+05:30,37.2,39.7,37.2,39.7,1200,47400
5137,2022-06-14 15:05:00+05:30,39.7,41.0,39.7,40.45,9600,47400
5138,2022-06-14 15:06:00+05:30,40.45,41.0,39.1,39.1,3300,50700
5139,2022-06-14 15:07:00+05:30,39.1,39.1,38.0,38.45,1200,50700
5140,2022-06-14 15:08:00+05:30,38.45,38.45,37.75,38.0,900,50700
5141,2022-06-14 15:09:00+05:30,38.0,38.0,37.25,37.25,300,50700
5142,2022-06-14 15:10:00+05:30,37.25,37.25,37.0,37.25,900,50400
5143,2022-06-14 15:11:00+05:30,37.25,37.25,37.25,37.25,0,50400
5144,2022-06-14 15:12:00+05:30,37.25,37.25,37.25,37.25,0,50400
5145,2022-06-14 15:13:00+05:30,37.25,37.25,37.25,37.25,0,50400
5146,2022-06-14 15:14:00+05:30,37.25,37.25,37.25,37.25,0,50400
5147,2022-06-14 15:15:00+05:30,37.25,37.25,37.25,37.25,0,50400
5148,2022-06-14 15:16:00+05:30,37.25,37.25,37.25,37.25,0,50400
5149,2022-06-14 15:17:00+05:30,37.25,37.25,32.3,32.3,600,50400
5150,2022-06-14 15:18:00+05:30,32.3,33.0,32.3,33.0,900,50100
5151,2022-06-14 15:19:00+05:30,33.0,33.0,33.0,33.0,0,50100
5152,2022-06-14 15:20:00+05:30,33.0,33.0,33.0,33.0,0,50100
5153,2022-06-14 15:21:00+05:30,33.0,33.0,33.0,33.0,0,50100
5154,2022-06-14 15:22:00+05:30,33.0,33.0,33.0,33.0,0,50100
5155,2022-06-14 15:23:00+05:30,33.0,33.0,33.0,33.0,300,49800
5156,2022-06-14 15:24:00+05:30,33.0,33.0,33.0,33.0,0,49800
5157,2022-06-14 15:25:00+05:30,33.0,34.45,33.0,34.45,0,49800
5158,2022-06-14 15:26:00+05:30,34.45,34.45,34.0,34.0,600,49800
5159,2022-06-14 15:27:00+05:30,34.0,34.7,33.7,34.0,4500,51600
5160,2022-06-14 15:28:00+05:30,34.0,35.0,34.0,34.3,1200,51600
5161,2022-06-14 15:29:00+05:30,34.3,34.55,34.3,34.5,900,51600
5162,2022-06-15 09:22:00+05:30,34.15,34.15,34.15,34.15,0,52800
5163,2022-06-15 09:23:00+05:30,34.15,34.15,34.15,34.15,0,52800
5164,2022-06-15 09:24:00+05:30,34.15,34.15,34.15,34.15,0,52800
5165,2022-06-15 09:25:00+05:30,34.15,34.15,34.15,34.15,0,52800
5166,2022-06-15 09:26:00+05:30,34.15,34.15,29.5,29.5,300,52800
5167,2022-06-15 09:27:00+05:30,29.5,29.5,29.5,29.5,0,52800
5168,2022-06-15 09:28:00+05:30,29.5,29.5,29.5,29.5,0,52800
5169,2022-06-15 09:29:00+05:30,29.5,29.5,29.5,29.5,0,52800
5170,2022-06-15 09:30:00+05:30,29.5,29.5,29.5,29.5,0,52800
5171,2022-06-15 09:31:00+05:30,29.5,29.5,29.5,29.5,0,52800
5172,2022-06-15 09:32:00+05:30,29.5,29.5,29.5,29.5,0,52800
5173,2022-06-15 09:33:00+05:30,29.5,29.5,27.3,27.3,300,52800
5174,2022-06-15 09:34:00+05:30,27.3,27.45,27.3,27.45,0,52800
5175,2022-06-15 09:35:00+05:30,27.45,27.45,27.45,27.45,300,52800
5176,2022-06-15 09:36:00+05:30,27.45,28.45,27.45,28.45,0,52500
5177,2022-06-15 09:37:00+05:30,28.45,28.45,28.45,28.45,300,52500
5178,2022-06-15 09:38:00+05:30,28.45,28.45,28.45,28.45,0,52500
5179,2022-06-15 09:39:00+05:30,28.45,28.45,28.0,28.0,300,52500
5180,2022-06-15 09:40:00+05:30,28.0,28.0,28.0,28.0,0,52500
5181,2022-06-15 09:41:00+05:30,28.0,28.0,28.0,28.0,0,52500
5182,2022-06-15 09:42:00+05:30,28.0,28.0,28.0,28.0,0,52500
5183,2022-06-15 09:43:00+05:30,28.0,28.0,28.0,28.0,0,52500
5184,2022-06-15 09:44:00+05:30,28.0,28.0,27.3,27.3,600,52200
5185,2022-06-15 09:45:00+05:30,27.3,27.3,27.3,27.3,0,52200
5186,2022-06-15 09:46:00+05:30,27.3,27.3,27.3,27.3,0,52200
5187,2022-06-15 09:47:00+05:30,27.3,27.3,27.3,27.3,0,52200
5188,2022-06-15 09:48:00+05:30,27.3,27.45,27.3,27.45,300,52200
5189,2022-06-15 09:49:00+05:30,27.45,27.45,27.45,27.45,0,52200
5190,2022-06-15 09:50:00+05:30,27.45,27.45,27.45,27.45,0,52200
5191,2022-06-15 09:51:00+05:30,27.45,27.45,27.45,27.45,0,52200
5192,2022-06-15 09:52:00+05:30,27.45,27.45,27.45,27.45,0,52200
5193,2022-06-15 09:53:00+05:30,27.45,27.45,27.45,27.45,0,52200
5194,2022-06-15 09:54:00+05:30,27.45,27.45,27.45,27.45,0,52200
5195,2022-06-15 09:55:00+05:30,27.45,27.45,27.45,27.45,0,52200
5196,2022-06-15 09:56:00+05:30,27.45,27.45,27.45,27.45,0,52200
5197,2022-06-15 09:57:00+05:30,27.45,27.45,27.45,27.45,0,52200
5198,2022-06-15 09:58:00+05:30,27.45,27.45,27.45,27.45,0,52200
5199,2022-06-15 09:59:00+05:30,27.45,27.45,27.45,27.45,0,52200
5200,2022-06-15 10:00:00+05:30,27.45,29.6,27.45,29.6,300,51900
5201,2022-06-15 10:01:00+05:30,29.6,29.6,29.6,29.6,0,51900
5202,2022-06-15 10:02:00+05:30,29.6,29.6,29.6,29.6,0,51900
5203,2022-06-15 10:03:00+05:30,29.6,29.6,29.6,29.6,0,51900
5204,2022-06-15 10:04:00+05:30,29.6,29.6,29.6,29.6,0,51900
5205,2022-06-15 10:05:00+05:30,29.6,29.6,29.6,29.6,0,51900
5206,2022-06-15 10:06:00+05:30,29.6,29.6,29.6,29.6,0,51900
5207,2022-06-15 10:07:00+05:30,29.6,29.6,29.6,29.6,0,51900
5208,2022-06-15 10:08:00+05:30,29.6,29.6,29.0,29.0,300,51900
5209,2022-06-15 10:09:00+05:30,29.0,29.0,29.0,29.0,0,51900
5210,2022-06-15 10:10:00+05:30,29.0,29.0,29.0,29.0,0,51900
5211,2022-06-15 10:11:00+05:30,29.0,29.0,29.0,29.0,0,51900
5212,2022-06-15 10:12:00+05:30,29.0,29.0,26.95,26.95,300,51900
5213,2022-06-15 10:13:00+05:30,26.95,26.95,26.95,26.95,0,51900
5214,2022-06-15 10:14:00+05:30,26.95,26.95,26.95,26.95,0,51900
5215,2022-06-15 10:15:00+05:30,26.95,26.95,26.95,26.95,0,51900
5216,2022-06-15 10:16:00+05:30,26.95,26.95,26.95,26.95,0,51900
5217,2022-06-15 10:17:00+05:30,26.95,26.95,26.95,26.95,0,51900
5218,2022-06-15 10:18:00+05:30,26.95,26.95,26.95,26.95,0,51900
5219,2022-06-15 10:19:00+05:30,26.95,26.95,26.95,26.95,0,51900
5220,2022-06-15 10:20:00+05:30,26.95,26.95,22.0,22.0,9000,51900
5221,2022-06-15 10:21:00+05:30,23.25,24.0,23.25,24.0,3600,51900
5222,2022-06-15 10:22:00+05:30,24.0,24.0,24.0,24.0,0,51900
5223,2022-06-15 10:23:00+05:30,24.0,24.0,24.0,24.0,0,51900
5224,2022-06-15 10:24:00+05:30,24.0,24.0,24.0,24.0,0,51900
5225,2022-06-15 10:25:00+05:30,24.0,24.0,24.0,24.0,0,51900
5226,2022-06-15 10:26:00+05:30,24.0,24.0,24.0,24.0,0,51900
5227,2022-06-15 10:27:00+05:30,24.0,24.85,24.0,24.85,0,47700
5228,2022-06-15 10:28:00+05:30,24.85,24.85,23.05,23.05,1200,47700
5229,2022-06-15 10:29:00+05:30,23.05,23.05,23.05,23.05,0,47700
5230,2022-06-15 10:30:00+05:30,23.05,23.05,23.05,23.05,0,47700
5231,2022-06-15 10:31:00+05:30,23.05,23.05,23.05,23.05,0,47700
5232,2022-06-15 10:32:00+05:30,23.05,23.05,23.05,23.05,0,47700
5233,2022-06-15 10:33:00+05:30,23.05,23.05,23.05,23.05,0,47700
5234,2022-06-15 10:34:00+05:30,23.05,23.05,23.05,23.05,0,47700
5235,2022-06-15 10:35:00+05:30,23.05,23.05,23.05,23.05,0,47700
5236,2022-06-15 10:36:00+05:30,23.05,23.05,23.05,23.05,0,47700
5237,2022-06-15 10:37:00+05:30,23.05,23.05,23.05,23.05,0,47700
5238,2022-06-15 10:38:00+05:30,23.05,23.05,23.05,23.05,0,47700
5239,2022-06-15 10:39:00+05:30,23.05,23.05,23.05,23.05,0,47700
5240,2022-06-15 10:40:00+05:30,23.05,23.05,23.05,23.05,0,47700
5241,2022-06-15 10:41:00+05:30,23.05,23.05,23.05,23.05,0,47700
5242,2022-06-15 10:42:00+05:30,23.05,23.05,23.05,23.05,0,47700
5243,2022-06-15 10:43:00+05:30,23.05,23.05,23.05,23.05,0,47700
5244,2022-06-15 10:44:00+05:30,23.05,24.05,23.05,24.05,300,47700
5245,2022-06-15 10:45:00+05:30,24.05,24.05,24.05,24.05,0,47700
5246,2022-06-15 10:46:00+05:30,24.05,24.05,24.05,24.05,0,47700
5247,2022-06-15 10:47:00+05:30,24.05,24.05,24.05,24.05,0,47700
5248,2022-06-15 10:48:00+05:30,24.05,24.05,24.05,24.05,0,47700
5249,2022-06-15 10:49:00+05:30,24.05,24.5,24.05,24.5,300,47700
5250,2022-06-15 10:50:00+05:30,24.5,24.5,24.5,24.5,0,47700
5251,2022-06-15 10:51:00+05:30,24.5,24.5,24.5,24.5,0,47700
5252,2022-06-15 10:52:00+05:30,24.5,24.5,24.5,24.5,0,47700
5253,2022-06-15 10:53:00+05:30,24.5,25.0,24.5,25.0,300,47700
5254,2022-06-15 10:54:00+05:30,25.0,25.0,25.0,25.0,0,47700
5255,2022-06-15 10:55:00+05:30,25.0,25.0,25.0,25.0,0,47700
5256,2022-06-15 10:56:00+05:30,25.0,25.0,25.0,25.0,0,47700
5257,2022-06-15 10:57:00+05:30,25.0,25.0,25.0,25.0,0,47700
5258,2022-06-15 10:58:00+05:30,25.0,25.0,25.0,25.0,600,47700
5259,2022-06-15 10:59:00+05:30,25.0,25.0,25.0,25.0,0,47700
5260,2022-06-15 11:00:00+05:30,25.0,25.0,25.0,25.0,0,47700
5261,2022-06-15 11:01:00+05:30,25.0,25.0,25.0,25.0,0,47700
5262,2022-06-15 11:02:00+05:30,25.0,25.0,25.0,25.0,0,47700
5263,2022-06-15 11:03:00+05:30,25.0,25.0,25.0,25.0,0,47700
5264,2022-06-15 11:04:00+05:30,25.0,25.0,25.0,25.0,0,47700
5265,2022-06-15 11:05:00+05:30,25.0,25.0,25.0,25.0,0,47700
5266,2022-06-15 11:06:00+05:30,25.0,25.0,23.05,23.05,300,47400
5267,2022-06-15 11:07:00+05:30,23.05,23.05,23.05,23.05,0,47400
5268,2022-06-15 11:08:00+05:30,23.05,23.05,22.0,22.0,300,47400
5269,2022-06-15 11:09:00+05:30,22.0,22.3,22.0,22.3,300,47100
5270,2022-06-15 11:10:00+05:30,22.3,22.3,22.3,22.3,0,47100
5271,2022-06-15 11:11:00+05:30,22.3,22.3,22.3,22.3,0,47100
5272,2022-06-15 11:12:00+05:30,22.3,22.3,22.3,22.3,0,47100
5273,2022-06-15 11:13:00+05:30,22.3,22.3,22.3,22.3,0,47100
5274,2022-06-15 11:14:00+05:30,22.3,22.3,22.3,22.3,0,47100
5275,2022-06-15 11:15:00+05:30,22.3,22.3,22.3,22.3,0,47100
5276,2022-06-15 11:16:00+05:30,22.3,22.3,22.3,22.3,0,47100
5277,2022-06-15 11:17:00+05:30,22.3,22.3,22.3,22.3,0,47100
5278,2022-06-15 11:18:00+05:30,22.3,22.3,22.3,22.3,0,47100
5279,2022-06-15 11:19:00+05:30,22.3,22.3,21.7,21.7,300,47100
5280,2022-06-15 11:20:00+05:30,21.7,21.7,21.7,21.7,0,47100
5281,2022-06-15 11:21:00+05:30,21.7,21.7,21.7,21.7,0,47100
5282,2022-06-15 11:22:00+05:30,21.7,21.7,21.7,21.7,0,47100
5283,2022-06-15 11:23:00+05:30,21.7,21.7,21.6,21.6,300,47100
5284,2022-06-15 11:24:00+05:30,21.6,21.6,21.6,21.6,0,47100
5285,2022-06-15 11:25:00+05:30,21.6,21.6,21.6,21.6,0,47100
5286,2022-06-15 11:26:00+05:30,21.6,21.6,21.6,21.6,0,47100
5287,2022-06-15 11:27:00+05:30,21.6,21.6,20.75,20.75,300,47400
5288,2022-06-15 11:28:00+05:30,20.75,20.75,20.75,20.75,0,47400
5289,2022-06-15 11:29:00+05:30,20.75,21.35,20.75,21.35,600,47400
5290,2022-06-15 11:30:00+05:30,21.35,21.35,21.35,21.35,0,47400
5291,2022-06-15 11:31:00+05:30,21.35,21.35,21.35,21.35,0,47400
5292,2022-06-15 11:32:00+05:30,21.35,21.35,21.35,21.35,0,47400
5293,2022-06-15 11:33:00+05:30,21.35,21.9,21.35,21.9,300,47100
5294,2022-06-15 11:34:00+05:30,21.9,22.3,21.9,22.3,300,47100
5295,2022-06-15 11:35:00+05:30,22.3,22.3,22.3,22.3,0,47100
5296,2022-06-15 11:36:00+05:30,22.3,22.3,22.3,22.3,0,47100
5297,2022-06-15 11:37:00+05:30,22.3,22.3,22.3,22.3,0,47100
5298,2022-06-15 11:38:00+05:30,22.3,22.3,22.3,22.3,0,47100
5299,2022-06-15 11:39:00+05:30,22.3,22.3,22.3,22.3,0,47100
5300,2022-06-15 11:40:00+05:30,22.3,22.3,22.3,22.3,0,47100
5301,2022-06-15 11:41:00+05:30,22.3,22.3,22.3,22.3,0,47100
5302,2022-06-15 11:42:00+05:30,22.3,22.3,22.3,22.3,0,47100
5303,2022-06-15 11:43:00+05:30,22.3,22.3,22.3,22.3,0,47100
5304,2022-06-15 11:44:00+05:30,22.3,22.3,22.3,22.3,0,47100
5305,2022-06-15 11:45:00+05:30,22.3,22.3,22.3,22.3,0,47100
5306,2022-06-15 11:46:00+05:30,22.3,22.3,22.3,22.3,0,47100
5307,2022-06-15 11:47:00+05:30,22.3,22.3,22.3,22.3,0,47100
5308,2022-06-15 11:48:00+05:30,22.3,22.3,22.0,22.0,300,47100
5309,2022-06-15 11:49:00+05:30,22.0,22.0,22.0,22.0,300,47100
5310,2022-06-15 11:50:00+05:30,22.0,22.0,22.0,22.0,0,47100
5311,2022-06-15 11:51:00+05:30,22.0,22.0,22.0,22.0,0,47100
5312,2022-06-15 11:52:00+05:30,22.0,22.0,22.0,22.0,0,47100
5313,2022-06-15 11:53:00+05:30,22.0,22.0,22.0,22.0,0,47100
5314,2022-06-15 11:54:00+05:30,22.0,22.0,22.0,22.0,0,47100
5315,2022-06-15 11:55:00+05:30,22.0,22.0,22.0,22.0,0,47100
5316,2022-06-15 11:56:00+05:30,22.0,22.0,22.0,22.0,0,47100
5317,2022-06-15 11:57:00+05:30,22.0,22.0,22.0,22.0,0,47100
5318,2022-06-15 11:58:00+05:30,22.0,22.0,22.0,22.0,0,47100
5319,2022-06-15 11:59:00+05:30,22.0,22.0,22.0,22.0,0,47100
5320,2022-06-15 12:00:00+05:30,22.0,22.0,22.0,22.0,0,47100
5321,2022-06-15 12:01:00+05:30,22.0,22.0,22.0,22.0,0,47100
5322,2022-06-15 12:02:00+05:30,22.0,22.0,22.0,22.0,0,47100
5323,2022-06-15 12:03:00+05:30,22.0,22.0,22.0,22.0,0,47100
5324,2022-06-15 12:04:00+05:30,22.0,22.0,22.0,22.0,0,47100
5325,2022-06-15 12:05:00+05:30,22.0,22.0,22.0,22.0,0,47100
5326,2022-06-15 12:06:00+05:30,22.0,22.0,22.0,22.0,0,47100
5327,2022-06-15 12:07:00+05:30,22.0,22.0,22.0,22.0,0,47100
5328,2022-06-15 12:08:00+05:30,22.0,22.0,22.0,22.0,0,47100
5329,2022-06-15 12:09:00+05:30,22.0,22.0,22.0,22.0,0,47100
5330,2022-06-15 12:10:00+05:30,22.0,22.0,22.0,22.0,0,47100
5331,2022-06-15 12:11:00+05:30,22.0,22.0,22.0,22.0,0,47100
5332,2022-06-15 12:12:00+05:30,22.0,22.0,22.0,22.0,0,47100
5333,2022-06-15 12:13:00+05:30,22.0,22.0,22.0,22.0,0,47100
5334,2022-06-15 12:14:00+05:30,22.0,22.0,22.0,22.0,0,47100
5335,2022-06-15 12:15:00+05:30,22.0,22.0,22.0,22.0,0,47100
5336,2022-06-15 12:16:00+05:30,22.0,22.0,20.25,20.4,900,47400
5337,2022-06-15 12:17:00+05:30,20.4,20.9,20.4,20.9,300,47400
5338,2022-06-15 12:18:00+05:30,20.9,21.4,20.9,21.4,300,47400
5339,2022-06-15 12:19:00+05:30,21.4,21.4,21.4,21.4,0,47400
5340,2022-06-15 12:20:00+05:30,21.4,21.4,21.4,21.4,0,47400
5341,2022-06-15 12:21:00+05:30,21.4,21.4,20.65,20.65,300,47400
5342,2022-06-15 12:22:00+05:30,20.65,20.65,20.65,20.65,0,47400
5343,2022-06-15 12:23:00+05:30,20.7,20.7,20.45,20.45,600,47400
5344,2022-06-15 12:24:00+05:30,20.45,20.45,20.45,20.45,0,47400
5345,2022-06-15 12:25:00+05:30,20.45,20.45,20.45,20.45,0,47400
5346,2022-06-15 12:26:00+05:30,20.45,20.45,20.45,20.45,0,47400
5347,2022-06-15 12:27:00+05:30,20.45,20.45,20.45,20.45,0,47400
5348,2022-06-15 12:28:00+05:30,20.45,20.45,20.45,20.45,0,47400
5349,2022-06-15 12:29:00+05:30,20.45,20.45,20.45,20.45,0,47400
5350,2022-06-15 12:30:00+05:30,20.45,20.45,20.45,20.45,0,47400
5351,2022-06-15 12:31:00+05:30,20.45,20.45,20.45,20.45,0,47400
5352,2022-06-15 12:32:00+05:30,20.45,20.45,20.45,20.45,0,47400
5353,2022-06-15 12:33:00+05:30,20.45,20.45,20.45,20.45,0,47400
5354,2022-06-15 12:34:00+05:30,20.45,20.45,20.45,20.45,0,47400
5355,2022-06-15 12:35:00+05:30,20.45,20.45,20.45,20.45,0,47400
5356,2022-06-15 12:36:00+05:30,20.45,20.45,20.45,20.45,0,47400
5357,2022-06-15 12:37:00+05:30,20.45,20.45,20.45,20.45,0,47400
5358,2022-06-15 12:38:00+05:30,20.45,20.45,20.45,20.45,0,47400
5359,2022-06-15 12:39:00+05:30,20.45,20.45,20.45,20.45,0,47400
5360,2022-06-15 12:40:00+05:30,20.45,20.45,20.45,20.45,300,47400
5361,2022-06-15 12:41:00+05:30,20.45,20.45,20.45,20.45,0,47400
5362,2022-06-15 12:42:00+05:30,20.45,20.45,20.45,20.45,0,47400
5363,2022-06-15 12:43:00+05:30,20.45,20.45,20.45,20.45,0,47400
5364,2022-06-15 12:44:00+05:30,20.45,20.45,20.45,20.45,0,47400
5365,2022-06-15 12:45:00+05:30,20.45,20.45,20.45,20.45,0,47400
5366,2022-06-15 12:46:00+05:30,20.45,20.45,20.45,20.45,0,47400
5367,2022-06-15 12:47:00+05:30,20.45,20.45,20.45,20.45,0,47400
5368,2022-06-15 12:48:00+05:30,20.45,20.45,20.45,20.45,0,47400
5369,2022-06-15 12:49:00+05:30,20.45,20.45,19.75,19.75,300,47400
5370,2022-06-15 12:50:00+05:30,19.75,19.75,19.75,19.75,0,47400
5371,2022-06-15 12:51:00+05:30,19.75,19.9,19.75,19.9,300,47100
5372,2022-06-15 12:52:00+05:30,19.9,19.9,19.9,19.9,0,47100
5373,2022-06-15 12:53:00+05:30,19.9,19.9,19.9,19.9,0,47100
5374,2022-06-15 12:54:00+05:30,19.9,19.9,19.9,19.9,0,47100
5375,2022-06-15 12:55:00+05:30,19.9,19.9,19.9,19.9,0,47100
5376,2022-06-15 12:56:00+05:30,19.9,19.9,19.9,19.9,0,47100
5377,2022-06-15 12:57:00+05:30,19.9,19.9,19.9,19.9,0,47100
5378,2022-06-15 12:58:00+05:30,19.9,19.9,19.9,19.9,0,47100
5379,2022-06-15 12:59:00+05:30,19.9,19.9,19.9,19.9,0,47100
5380,2022-06-15 13:00:00+05:30,19.9,19.9,19.9,19.9,0,47100
5381,2022-06-15 13:01:00+05:30,19.9,19.9,19.9,19.9,0,47100
5382,2022-06-15 13:02:00+05:30,19.9,19.9,19.9,19.9,0,47100
5383,2022-06-15 13:03:00+05:30,19.9,19.9,19.9,19.9,0,47100
5384,2022-06-15 13:04:00+05:30,19.9,19.9,19.9,19.9,0,47100
5385,2022-06-15 13:05:00+05:30,19.9,19.9,19.9,19.9,0,47100
5386,2022-06-15 13:06:00+05:30,19.9,19.9,19.9,19.9,0,47100
5387,2022-06-15 13:07:00+05:30,19.9,19.9,19.9,19.9,0,47100
5388,2022-06-15 13:08:00+05:30,19.9,19.9,19.9,19.9,0,47100
5389,2022-06-15 13:09:00+05:30,19.9,19.9,19.9,19.9,0,47100
5390,2022-06-15 13:10:00+05:30,19.9,19.9,19.9,19.9,0,47100
5391,2022-06-15 13:11:00+05:30,19.9,19.9,19.9,19.9,0,47100
5392,2022-06-15 13:12:00+05:30,19.9,19.9,19.9,19.9,0,47100
5393,2022-06-15 13:13:00+05:30,19.9,19.9,19.9,19.9,0,47100
5394,2022-06-15 13:14:00+05:30,19.9,19.9,19.9,19.9,0,47100
5395,2022-06-15 13:15:00+05:30,19.9,19.9,19.9,19.9,0,47100
5396,2022-06-15 13:16:00+05:30,19.9,19.9,19.9,19.9,0,47100
5397,2022-06-15 13:17:00+05:30,19.9,19.9,19.9,19.9,0,47100
5398,2022-06-15 13:18:00+05:30,19.9,19.9,19.9,19.9,0,47100
5399,2022-06-15 13:19:00+05:30,19.9,19.9,19.9,19.9,0,47100
5400,2022-06-15 13:20:00+05:30,19.9,19.9,19.9,19.9,0,47100
5401,2022-06-15 13:21:00+05:30,19.9,19.9,19.9,19.9,0,47100
5402,2022-06-15 13:22:00+05:30,19.9,19.9,19.9,19.9,0,47100
5403,2022-06-15 13:23:00+05:30,19.9,19.9,19.9,19.9,0,47100
5404,2022-06-15 13:24:00+05:30,19.9,19.9,19.9,19.9,0,47100
5405,2022-06-15 13:25:00+05:30,19.9,19.9,19.9,19.9,0,47100
5406,2022-06-15 13:26:00+05:30,19.9,19.9,19.9,19.9,0,47100
5407,2022-06-15 13:27:00+05:30,19.9,19.9,19.9,19.9,0,47100
5408,2022-06-15 13:28:00+05:30,19.9,19.9,19.9,19.9,0,47100
5409,2022-06-15 13:29:00+05:30,19.9,19.9,19.9,19.9,0,47100
5410,2022-06-15 13:30:00+05:30,19.9,19.9,19.9,19.9,0,47100
5411,2022-06-15 13:31:00+05:30,19.9,19.9,19.9,19.9,0,47100
5412,2022-06-15 13:32:00+05:30,19.9,19.9,19.9,19.9,0,47100
5413,2022-06-15 13:33:00+05:30,19.9,20.05,19.9,20.05,0,47100
5414,2022-06-15 13:34:00+05:30,20.05,20.05,20.05,20.05,600,47100
5415,2022-06-15 13:35:00+05:30,20.05,20.05,19.4,19.6,900,47100
5416,2022-06-15 13:36:00+05:30,19.6,19.6,19.6,19.6,0,47100
5417,2022-06-15 13:37:00+05:30,19.6,19.6,19.5,19.5,1500,46800
5418,2022-06-15 13:38:00+05:30,19.6,19.6,19.6,19.6,1200,46800
5419,2022-06-15 13:39:00+05:30,19.6,19.6,19.6,19.6,0,46800
5420,2022-06-15 13:40:00+05:30,19.6,19.6,19.6,19.6,0,46800
5421,2022-06-15 13:41:00+05:30,19.6,19.9,19.6,19.9,300,46800
5422,2022-06-15 13:42:00+05:30,19.9,19.9,19.9,19.9,0,46800
5423,2022-06-15 13:43:00+05:30,19.9,19.9,19.9,19.9,0,46800
5424,2022-06-15 13:44:00+05:30,19.9,19.9,19.6,19.6,300,47100
5425,2022-06-15 13:45:00+05:30,19.6,19.6,19.6,19.6,0,47100
5426,2022-06-15 13:46:00+05:30,19.6,19.7,19.6,19.65,1200,47400
5427,2022-06-15 13:47:00+05:30,19.65,19.65,19.65,19.65,0,47400
5428,2022-06-15 13:48:00+05:30,19.65,19.65,19.65,19.65,0,47400
5429,2022-06-15 13:49:00+05:30,19.65,19.65,19.65,19.65,0,47400
5430,2022-06-15 13:50:00+05:30,19.65,19.65,19.65,19.65,0,47400
5431,2022-06-15 13:51:00+05:30,19.65,19.65,19.1,19.1,300,48600
5432,2022-06-15 13:52:00+05:30,19.1,19.1,19.1,19.1,0,48600
5433,2022-06-15 13:53:00+05:30,19.1,19.1,19.1,19.1,0,48600
5434,2022-06-15 13:54:00+05:30,19.1,19.1,19.1,19.1,0,48600
5435,2022-06-15 13:55:00+05:30,19.1,19.1,19.1,19.1,0,48600
5436,2022-06-15 13:56:00+05:30,19.1,19.1,19.1,19.1,0,48600
5437,2022-06-15 13:57:00+05:30,19.1,19.1,19.1,19.1,0,48600
5438,2022-06-15 13:58:00+05:30,19.1,19.3,19.1,19.3,0,48900
5439,2022-06-15 13:59:00+05:30,19.3,19.3,18.2,18.2,1200,48900
5440,2022-06-15 14:00:00+05:30,18.2,18.2,18.2,18.2,0,48900
5441,2022-06-15 14:01:00+05:30,19.2,19.2,19.2,19.2,300,49800
5442,2022-06-15 14:02:00+05:30,19.2,19.2,19.2,19.2,0,49800
5443,2022-06-15 14:03:00+05:30,19.2,19.2,19.2,19.2,0,49800
5444,2022-06-15 14:04:00+05:30,19.2,19.2,19.2,19.2,0,49800
5445,2022-06-15 14:05:00+05:30,19.2,19.2,19.2,19.2,0,49800
5446,2022-06-15 14:06:00+05:30,19.2,19.2,19.2,19.2,0,49800
5447,2022-06-15 14:07:00+05:30,19.2,19.2,19.2,19.2,0,49800
5448,2022-06-15 14:08:00+05:30,19.2,19.2,19.2,19.2,0,49800
5449,2022-06-15 14:09:00+05:30,19.2,19.2,18.95,18.95,1500,50100
5450,2022-06-15 14:10:00+05:30,18.95,18.95,18.35,18.8,600,50100
5451,2022-06-15 14:11:00+05:30,18.8,19.25,18.8,19.25,300,50100
5452,2022-06-15 14:12:00+05:30,19.25,19.65,19.25,19.65,300,50100
5453,2022-06-15 14:13:00+05:30,19.65,21.1,19.65,21.1,600,50700
5454,2022-06-15 14:14:00+05:30,20.9,21.1,20.9,20.9,300,50700
5455,2022-06-15 14:15:00+05:30,20.6,20.6,20.6,20.6,300,50700
5456,2022-06-15 14:16:00+05:30,20.6,20.6,20.6,20.6,0,50700
5457,2022-06-15 14:17:00+05:30,20.6,20.6,20.6,20.6,0,50700
5458,2022-06-15 14:18:00+05:30,21.05,21.05,21.05,21.05,300,49500
5459,2022-06-15 14:19:00+05:30,21.05,21.45,21.05,21.45,300,49200
5460,2022-06-15 14:20:00+05:30,21.45,21.9,21.45,21.9,0,49200
5461,2022-06-15 14:21:00+05:30,21.9,21.9,21.9,21.9,300,49200
5462,2022-06-15 14:22:00+05:30,21.9,21.9,21.9,21.9,0,49200
5463,2022-06-15 14:23:00+05:30,21.55,21.55,21.55,21.55,300,49200
5464,2022-06-15 14:24:00+05:30,21.55,21.55,21.55,21.55,0,49200
5465,2022-06-15 14:25:00+05:30,21.55,21.55,21.55,21.55,0,49200
5466,2022-06-15 14:26:00+05:30,21.55,21.55,21.55,21.55,0,49200
5467,2022-06-15 14:27:00+05:30,21.55,21.55,21.55,21.55,0,49200
5468,2022-06-15 14:28:00+05:30,21.55,21.55,21.55,21.55,0,49200
5469,2022-06-15 14:29:00+05:30,21.55,21.55,21.55,21.55,0,49200
5470,2022-06-15 14:30:00+05:30,21.55,21.55,21.55,21.55,0,49200
5471,2022-06-15 14:31:00+05:30,21.55,21.55,21.55,21.55,0,49200
5472,2022-06-15 14:32:00+05:30,21.55,21.55,21.55,21.55,0,49200
5473,2022-06-15 14:33:00+05:30,21.55,21.55,21.55,21.55,0,49200
5474,2022-06-15 14:34:00+05:30,21.55,21.55,21.55,21.55,0,49200
5475,2022-06-15 14:35:00+05:30,21.55,21.55,21.55,21.55,0,49200
5476,2022-06-15 14:36:00+05:30,21.55,21.55,21.55,21.55,0,49200
5477,2022-06-15 14:37:00+05:30,21.55,21.55,21.55,21.55,0,49200
5478,2022-06-15 14:38:00+05:30,21.55,21.55,21.55,21.55,0,49200
5479,2022-06-15 14:39:00+05:30,21.55,21.55,21.55,21.55,0,49200
5480,2022-06-15 14:40:00+05:30,21.55,21.55,21.55,21.55,0,49200
5481,2022-06-15 14:41:00+05:30,21.55,21.55,21.55,21.55,0,49200
5482,2022-06-15 14:42:00+05:30,21.55,21.55,21.55,21.55,0,49200
5483,2022-06-15 14:43:00+05:30,21.55,21.55,21.55,21.55,0,49200
5484,2022-06-15 14:44:00+05:30,21.55,21.55,20.6,20.6,600,49200
5485,2022-06-15 14:45:00+05:30,20.6,20.6,20.6,20.6,0,49200
5486,2022-06-15 14:46:00+05:30,20.6,21.25,20.6,21.25,600,49200
5487,2022-06-15 14:47:00+05:30,21.4,21.4,21.4,21.4,300,49200
5488,2022-06-15 14:48:00+05:30,21.4,21.4,21.4,21.4,0,49200
5489,2022-06-15 14:49:00+05:30,21.4,21.4,21.4,21.4,0,49200
5490,2022-06-15 14:50:00+05:30,21.4,21.4,21.4,21.4,0,49200
5491,2022-06-15 14:51:00+05:30,21.4,21.4,21.4,21.4,0,49200
5492,2022-06-15 14:52:00+05:30,21.4,21.4,21.4,21.4,0,49200
5493,2022-06-15 14:53:00+05:30,21.4,21.4,21.3,21.3,900,49500
5494,2022-06-15 14:54:00+05:30,21.3,21.3,21.3,21.3,0,49500
5495,2022-06-15 14:55:00+05:30,21.3,21.3,21.05,21.05,300,49200
5496,2022-06-15 14:56:00+05:30,20.5,20.55,20.5,20.55,600,49200
5497,2022-06-15 14:57:00+05:30,20.55,20.55,20.55,20.55,0,49200
5498,2022-06-15 14:58:00+05:30,20.55,20.55,20.55,20.55,0,49200
5499,2022-06-15 14:59:00+05:30,20.55,20.55,20.55,20.55,0,49200
5500,2022-06-15 15:00:00+05:30,20.55,20.55,20.55,20.55,0,49200
5501,2022-06-15 15:01:00+05:30,20.55,20.55,20.55,20.55,0,49200
5502,2022-06-15 15:02:00+05:30,20.55,20.55,20.55,20.55,0,49200
5503,2022-06-15 15:03:00+05:30,20.55,20.55,20.55,20.55,0,49200
5504,2022-06-15 15:04:00+05:30,20.55,20.55,20.55,20.55,0,49200
5505,2022-06-15 15:05:00+05:30,20.55,20.55,20.55,20.55,0,49200
5506,2022-06-15 15:06:00+05:30,20.55,22.05,20.55,22.05,300,49500
5507,2022-06-15 15:07:00+05:30,22.05,22.05,22.05,22.05,300,49500
5508,2022-06-15 15:08:00+05:30,22.05,22.05,21.95,21.95,300,49500
5509,2022-06-15 15:09:00+05:30,21.95,21.95,21.95,21.95,0,49500
5510,2022-06-15 15:10:00+05:30,21.65,21.65,21.65,21.65,300,49500
5511,2022-06-15 15:11:00+05:30,21.65,21.65,21.65,21.65,0,49500
5512,2022-06-15 15:12:00+05:30,21.65,21.65,21.0,21.4,0,49500
5513,2022-06-15 15:13:00+05:30,21.4,21.4,21.4,21.4,600,49500
5514,2022-06-15 15:14:00+05:30,21.4,21.4,21.4,21.4,0,49500
5515,2022-06-15 15:15:00+05:30,21.4,21.4,21.4,21.4,0,49500
5516,2022-06-15 15:16:00+05:30,21.4,21.4,21.35,21.35,300,48900
5517,2022-06-15 15:17:00+05:30,21.35,21.35,21.35,21.35,0,48900
5518,2022-06-15 15:18:00+05:30,21.35,21.35,21.35,21.35,0,48900
5519,2022-06-15 15:19:00+05:30,21.35,21.35,21.35,21.35,0,48900
5520,2022-06-15 15:20:00+05:30,21.35,21.35,21.35,21.35,0,48900
5521,2022-06-15 15:21:00+05:30,21.35,21.35,21.35,21.35,0,48900
5522,2022-06-15 15:22:00+05:30,21.35,21.35,21.35,21.35,0,48900
5523,2022-06-15 15:23:00+05:30,21.35,21.35,21.35,21.35,0,48900
5524,2022-06-15 15:24:00+05:30,21.35,21.35,21.35,21.35,0,48900
5525,2022-06-15 15:25:00+05:30,21.35,21.35,21.35,21.35,0,48900
5526,2022-06-15 15:26:00+05:30,21.35,21.35,21.35,21.35,0,48900
5527,2022-06-15 15:27:00+05:30,21.6,21.6,21.6,21.6,600,48900
5528,2022-06-15 15:28:00+05:30,21.6,21.6,21.6,21.6,0,48900
5529,2022-06-15 15:29:00+05:30,21.6,21.6,21.6,21.6,0,48900
5530,2022-06-16 09:29:00+05:30,17.35,17.35,17.35,17.35,0,48900
5531,2022-06-16 09:30:00+05:30,17.35,17.35,17.35,17.35,300,49200
5532,2022-06-16 09:31:00+05:30,17.35,17.35,17.35,17.35,0,49200
5533,2022-06-16 09:32:00+05:30,17.35,17.35,17.35,17.35,300,49200
5534,2022-06-16 09:33:00+05:30,17.35,18.45,17.35,18.45,600,49500
5535,2022-06-16 09:34:00+05:30,18.45,19.8,18.45,19.8,300,49500
5536,2022-06-16 09:35:00+05:30,19.8,20.35,19.8,20.35,300,49500
5537,2022-06-16 09:36:00+05:30,20.35,20.35,20.35,20.35,0,49500
5538,2022-06-16 09:37:00+05:30,20.35,20.35,20.35,20.35,0,49500
5539,2022-06-16 09:38:00+05:30,20.35,20.35,20.35,20.35,0,49500
5540,2022-06-16 09:39:00+05:30,20.35,20.35,20.35,20.35,0,49500
5541,2022-06-16 09:40:00+05:30,20.35,20.35,20.35,20.35,0,49500
5542,2022-06-16 09:41:00+05:30,20.35,20.35,20.35,20.35,0,49500
5543,2022-06-16 09:42:00+05:30,20.35,20.35,20.35,20.35,0,49500
5544,2022-06-16 09:43:00+05:30,20.35,20.35,20.35,20.35,0,49500
5545,2022-06-16 09:44:00+05:30,20.35,20.35,20.35,20.35,0,49500
5546,2022-06-16 09:45:00+05:30,20.35,20.35,20.35,20.35,0,49500
5547,2022-06-16 09:46:00+05:30,20.35,20.35,20.35,20.35,0,49500
5548,2022-06-16 09:47:00+05:30,20.35,20.35,20.35,20.35,0,49500
5549,2022-06-16 09:48:00+05:30,20.35,20.35,20.35,20.35,0,49500
5550,2022-06-16 09:49:00+05:30,20.35,20.35,20.35,20.35,0,49500
5551,2022-06-16 09:50:00+05:30,22.25,22.25,21.35,21.35,900,50400
5552,2022-06-16 09:51:00+05:30,21.35,21.35,21.35,21.35,0,50400
5553,2022-06-16 09:52:00+05:30,21.35,21.35,21.35,21.35,0,50400
5554,2022-06-16 09:53:00+05:30,21.35,21.35,21.35,21.35,0,50400
5555,2022-06-16 09:54:00+05:30,21.35,21.35,21.35,21.35,0,50400
5556,2022-06-16 09:55:00+05:30,21.35,21.35,21.35,21.35,0,50400
5557,2022-06-16 09:56:00+05:30,21.35,21.35,21.35,21.35,0,50400
5558,2022-06-16 09:57:00+05:30,21.0,21.0,21.0,21.0,300,50400
5559,2022-06-16 09:58:00+05:30,21.0,21.0,21.0,21.0,0,50400
5560,2022-06-16 09:59:00+05:30,21.0,21.0,21.0,21.0,0,50400
5561,2022-06-16 10:00:00+05:30,21.0,21.0,21.0,21.0,0,50400
5562,2022-06-16 10:01:00+05:30,21.0,21.0,21.0,21.0,0,50400
5563,2022-06-16 10:02:00+05:30,21.0,22.35,21.0,22.35,300,50400
5564,2022-06-16 10:03:00+05:30,22.35,22.35,22.35,22.35,0,50400
5565,2022-06-16 10:04:00+05:30,22.05,22.7,22.05,22.3,900,50400
5566,2022-06-16 10:05:00+05:30,22.3,22.3,22.3,22.3,0,50400
5567,2022-06-16 10:06:00+05:30,22.3,22.3,22.3,22.3,0,50400
5568,2022-06-16 10:07:00+05:30,22.3,22.3,22.3,22.3,0,50400
5569,2022-06-16 10:08:00+05:30,22.3,22.3,22.3,22.3,0,50400
5570,2022-06-16 10:09:00+05:30,22.3,22.3,22.3,22.3,0,50400
5571,2022-06-16 10:10:00+05:30,22.3,22.3,21.45,21.6,2700,50400
5572,2022-06-16 10:11:00+05:30,21.6,21.6,21.6,21.6,0,51300
5573,2022-06-16 10:12:00+05:30,21.6,21.6,21.6,21.6,600,51300
5574,2022-06-16 10:13:00+05:30,21.6,21.6,21.6,21.6,0,51300
5575,2022-06-16 10:14:00+05:30,21.6,21.6,21.6,21.6,0,51300
5576,2022-06-16 10:15:00+05:30,21.6,21.6,21.6,21.6,0,51300
5577,2022-06-16 10:16:00+05:30,21.6,21.6,21.6,21.6,0,51300
5578,2022-06-16 10:17:00+05:30,21.6,21.6,21.6,21.6,0,51300
5579,2022-06-16 10:18:00+05:30,21.6,21.6,21.6,21.6,0,51300
5580,2022-06-16 10:19:00+05:30,21.6,21.6,21.6,21.6,0,51300
5581,2022-06-16 10:20:00+05:30,21.6,21.6,21.6,21.6,0,51300
5582,2022-06-16 10:21:00+05:30,21.3,21.3,21.3,21.3,300,51300
5583,2022-06-16 10:22:00+05:30,21.3,21.3,21.3,21.3,0,51300
5584,2022-06-16 10:23:00+05:30,21.3,21.3,21.3,21.3,0,51300
5585,2022-06-16 10:24:00+05:30,21.3,21.3,21.3,21.3,0,51300
5586,2022-06-16 10:25:00+05:30,21.3,21.3,21.3,21.3,0,51300
5587,2022-06-16 10:26:00+05:30,21.3,21.3,21.3,21.3,0,51300
5588,2022-06-16 10:27:00+05:30,21.3,21.3,21.3,21.3,0,51300
5589,2022-06-16 10:28:00+05:30,21.3,22.55,21.3,22.55,300,51300
5590,2022-06-16 10:29:00+05:30,22.55,22.55,22.55,22.55,0,51300
5591,2022-06-16 10:30:00+05:30,22.55,23.0,22.55,23.0,300,51300
5592,2022-06-16 10:31:00+05:30,23.0,23.0,23.0,23.0,0,51300
5593,2022-06-16 10:32:00+05:30,23.0,23.0,23.0,23.0,0,51300
5594,2022-06-16 10:33:00+05:30,23.0,23.0,22.25,22.25,300,51000
5595,2022-06-16 10:34:00+05:30,22.25,22.25,22.25,22.25,0,51000
5596,2022-06-16 10:35:00+05:30,22.25,22.25,22.25,22.25,0,51000
5597,2022-06-16 10:36:00+05:30,22.25,22.25,22.25,22.25,0,51000
5598,2022-06-16 10:37:00+05:30,22.25,22.25,22.25,22.25,0,51000
5599,2022-06-16 10:38:00+05:30,22.25,22.25,22.25,22.25,0,51000
5600,2022-06-16 10:39:00+05:30,22.25,22.25,22.25,22.25,0,51000
5601,2022-06-16 10:40:00+05:30,22.25,22.25,22.25,22.25,0,51000
5602,2022-06-16 10:41:00+05:30,22.25,22.25,22.25,22.25,0,51000
5603,2022-06-16 10:42:00+05:30,22.25,22.25,22.25,22.25,0,51000
5604,2022-06-16 10:43:00+05:30,22.25,22.25,22.25,22.25,0,51000
5605,2022-06-16 10:44:00+05:30,22.25,22.25,22.25,22.25,0,51000
5606,2022-06-16 10:45:00+05:30,22.25,22.25,22.25,22.25,0,51000
5607,2022-06-16 10:46:00+05:30,22.25,22.25,22.25,22.25,0,51000
5608,2022-06-16 10:47:00+05:30,22.25,22.25,22.25,22.25,0,51000
5609,2022-06-16 10:48:00+05:30,22.25,22.25,22.25,22.25,0,51000
5610,2022-06-16 10:49:00+05:30,22.25,22.25,22.25,22.25,0,51000
5611,2022-06-16 10:50:00+05:30,22.25,24.0,22.25,24.0,600,51000
5612,2022-06-16 10:51:00+05:30,24.0,24.0,24.0,24.0,0,51000
5613,2022-06-16 10:52:00+05:30,24.0,24.0,24.0,24.0,0,51000
5614,2022-06-16 10:53:00+05:30,24.0,24.0,24.0,24.0,0,51000
5615,2022-06-16 10:54:00+05:30,24.0,24.0,24.0,24.0,0,51000
5616,2022-06-16 10:55:00+05:30,25.15,25.15,24.3,24.3,600,51000
5617,2022-06-16 10:56:00+05:30,24.3,24.3,24.3,24.3,0,51000
5618,2022-06-16 10:57:00+05:30,24.3,24.3,24.3,24.3,0,51000
5619,2022-06-16 10:58:00+05:30,24.3,24.3,24.3,24.3,0,51000
5620,2022-06-16 10:59:00+05:30,24.3,24.3,24.3,24.3,0,51000
5621,2022-06-16 11:00:00+05:30,24.3,24.3,24.3,24.3,0,51000
5622,2022-06-16 11:01:00+05:30,24.3,24.3,24.3,24.3,0,51000
5623,2022-06-16 11:02:00+05:30,24.3,24.3,24.3,24.3,0,51000
5624,2022-06-16 11:03:00+05:30,24.3,24.3,24.3,24.3,0,51000
5625,2022-06-16 11:04:00+05:30,24.3,24.3,24.3,24.3,0,51000
5626,2022-06-16 11:05:00+05:30,24.3,24.3,24.3,24.3,0,51000
5627,2022-06-16 11:06:00+05:30,24.3,24.3,24.3,24.3,0,51000
5628,2022-06-16 11:07:00+05:30,24.3,24.3,24.3,24.3,0,51000
5629,2022-06-16 11:08:00+05:30,24.3,24.3,24.3,24.3,0,51000
5630,2022-06-16 11:09:00+05:30,24.3,24.3,24.3,24.3,0,51000
5631,2022-06-16 11:10:00+05:30,24.3,24.3,24.3,24.3,0,51000
5632,2022-06-16 11:11:00+05:30,24.3,24.3,24.3,24.3,0,51000
5633,2022-06-16 11:12:00+05:30,24.3,24.3,24.3,24.3,0,51000
5634,2022-06-16 11:13:00+05:30,24.3,24.3,24.3,24.3,0,51000
5635,2022-06-16 11:14:00+05:30,24.3,24.3,24.3,24.3,0,51000
5636,2022-06-16 11:15:00+05:30,24.3,24.3,24.3,24.3,0,51000
5637,2022-06-16 11:16:00+05:30,24.3,24.3,24.3,24.3,0,51000
5638,2022-06-16 11:17:00+05:30,24.3,24.3,24.3,24.3,0,51000
5639,2022-06-16 11:18:00+05:30,24.3,24.3,24.3,24.3,0,51000
5640,2022-06-16 11:19:00+05:30,24.3,24.8,24.3,24.8,300,51000
5641,2022-06-16 11:20:00+05:30,24.8,24.8,24.8,24.8,0,51000
5642,2022-06-16 11:21:00+05:30,24.8,24.8,24.8,24.8,0,51000
5643,2022-06-16 11:22:00+05:30,24.8,24.8,24.8,24.8,0,51000
5644,2022-06-16 11:23:00+05:30,24.8,24.8,24.8,24.8,0,51000
5645,2022-06-16 11:24:00+05:30,24.8,24.8,24.8,24.8,0,51000
5646,2022-06-16 11:25:00+05:30,24.8,24.8,24.8,24.8,0,51000
5647,2022-06-16 11:26:00+05:30,24.8,24.8,24.8,24.8,0,51000
5648,2022-06-16 11:27:00+05:30,24.8,24.8,24.8,24.8,0,51000
5649,2022-06-16 11:28:00+05:30,24.8,24.8,24.8,24.8,0,51000
5650,2022-06-16 11:29:00+05:30,24.8,24.8,24.8,24.8,0,51000
5651,2022-06-16 11:30:00+05:30,24.8,24.8,24.8,24.8,0,51000
5652,2022-06-16 11:31:00+05:30,24.8,24.8,24.8,24.8,0,51000
5653,2022-06-16 11:32:00+05:30,24.8,24.8,24.8,24.8,0,51000
5654,2022-06-16 11:33:00+05:30,24.8,24.8,24.8,24.8,0,51000
5655,2022-06-16 11:34:00+05:30,24.8,24.8,24.8,24.8,0,51000
5656,2022-06-16 11:35:00+05:30,24.8,24.8,24.8,24.8,0,51000
5657,2022-06-16 11:36:00+05:30,24.8,24.8,24.8,24.8,0,51000
5658,2022-06-16 11:37:00+05:30,24.8,24.8,24.8,24.8,0,51000
5659,2022-06-16 11:38:00+05:30,24.8,24.8,24.8,24.8,0,51000
5660,2022-06-16 11:39:00+05:30,24.8,24.8,24.8,24.8,0,51000
5661,2022-06-16 11:40:00+05:30,24.8,24.8,24.8,24.8,0,51000
5662,2022-06-16 11:41:00+05:30,24.8,24.8,24.8,24.8,0,51000
5663,2022-06-16 11:42:00+05:30,24.8,24.8,24.8,24.8,0,51000
5664,2022-06-16 11:43:00+05:30,24.8,24.8,24.8,24.8,0,51000
5665,2022-06-16 11:44:00+05:30,24.8,24.8,24.8,24.8,0,51000
5666,2022-06-16 11:45:00+05:30,24.8,24.8,24.8,24.8,0,51000
5667,2022-06-16 11:46:00+05:30,24.8,24.8,24.8,24.8,0,51000
5668,2022-06-16 11:47:00+05:30,24.8,24.8,24.8,24.8,0,51000
5669,2022-06-16 11:48:00+05:30,24.8,24.8,24.8,24.8,0,51000
5670,2022-06-16 11:49:00+05:30,24.8,24.8,24.8,24.8,0,51000
5671,2022-06-16 11:50:00+05:30,24.8,24.8,24.8,24.8,0,51000
5672,2022-06-16 11:51:00+05:30,24.8,24.8,24.8,24.8,0,51000
5673,2022-06-16 11:52:00+05:30,24.8,24.8,24.8,24.8,0,51000
5674,2022-06-16 11:53:00+05:30,24.8,24.8,24.8,24.8,0,51000
5675,2022-06-16 11:54:00+05:30,24.8,24.8,24.8,24.8,0,51000
5676,2022-06-16 11:55:00+05:30,24.8,24.8,24.8,24.8,0,51000
5677,2022-06-16 11:56:00+05:30,24.8,24.8,24.8,24.8,0,51000
5678,2022-06-16 11:57:00+05:30,24.8,24.8,24.8,24.8,0,51000
5679,2022-06-16 11:58:00+05:30,24.8,28.5,24.8,28.5,300,51000
5680,2022-06-16 11:59:00+05:30,28.5,28.5,28.5,28.5,0,51000
5681,2022-06-16 12:00:00+05:30,28.5,28.5,28.5,28.5,0,51000
5682,2022-06-16 12:01:00+05:30,28.5,28.5,28.5,28.5,0,51000
5683,2022-06-16 12:02:00+05:30,30.0,30.0,30.0,30.0,300,51300
5684,2022-06-16 12:03:00+05:30,30.0,30.0,30.0,30.0,0,51300
5685,2022-06-16 12:04:00+05:30,30.0,30.0,30.0,30.0,0,51300
5686,2022-06-16 12:05:00+05:30,30.0,30.0,30.0,30.0,0,51300
5687,2022-06-16 12:06:00+05:30,30.0,30.0,30.0,30.0,0,51300
5688,2022-06-16 12:07:00+05:30,30.65,30.65,30.5,30.5,600,51600
5689,2022-06-16 12:08:00+05:30,30.5,30.5,30.5,30.5,0,51600
5690,2022-06-16 12:09:00+05:30,30.85,30.85,30.5,30.85,300,51300
5691,2022-06-16 12:10:00+05:30,30.85,30.85,30.85,30.85,0,51300
5692,2022-06-16 12:11:00+05:30,30.85,30.95,30.85,30.95,300,51300
5693,2022-06-16 12:12:00+05:30,30.95,30.95,30.95,30.95,0,51300
5694,2022-06-16 12:13:00+05:30,30.95,30.95,30.95,30.95,0,51300
5695,2022-06-16 12:14:00+05:30,30.95,30.95,30.5,30.5,900,51300
5696,2022-06-16 12:15:00+05:30,30.5,30.5,30.5,30.5,0,51300
5697,2022-06-16 12:16:00+05:30,29.85,29.85,29.85,29.85,300,51300
5698,2022-06-16 12:17:00+05:30,29.85,29.85,29.85,29.85,0,51300
5699,2022-06-16 12:18:00+05:30,29.85,29.85,29.85,29.85,0,51300
5700,2022-06-16 12:19:00+05:30,29.8,30.55,29.8,30.55,600,51300
5701,2022-06-16 12:20:00+05:30,30.55,30.55,30.55,30.55,0,51300
5702,2022-06-16 12:21:00+05:30,30.55,30.55,30.55,30.55,0,51300
5703,2022-06-16 12:22:00+05:30,30.55,30.55,30.55,30.55,0,51300
5704,2022-06-16 12:23:00+05:30,30.55,32.0,30.55,32.0,300,51300
5705,2022-06-16 12:24:00+05:30,32.0,32.0,31.9,31.9,300,51000
5706,2022-06-16 12:25:00+05:30,31.9,31.9,31.9,31.9,0,51000
5707,2022-06-16 12:26:00+05:30,31.9,31.9,31.9,31.9,0,51000
5708,2022-06-16 12:27:00+05:30,31.9,31.9,31.9,31.9,0,51000
5709,2022-06-16 12:28:00+05:30,31.9,31.9,31.9,31.9,0,51000
5710,2022-06-16 12:29:00+05:30,31.9,32.7,31.9,32.7,300,51000
5711,2022-06-16 12:30:00+05:30,32.7,32.7,32.7,32.7,0,51000
5712,2022-06-16 12:31:00+05:30,32.7,32.7,31.8,31.8,300,51000
5713,2022-06-16 12:32:00+05:30,31.8,31.8,31.8,31.8,0,51000
5714,2022-06-16 12:33:00+05:30,31.8,31.8,31.8,31.8,0,51000
5715,2022-06-16 12:34:00+05:30,31.8,31.8,31.8,31.8,0,51000
5716,2022-06-16 12:35:00+05:30,31.8,31.8,31.8,31.8,0,51000
5717,2022-06-16 12:36:00+05:30,31.8,31.8,31.8,31.8,0,51000
5718,2022-06-16 12:37:00+05:30,31.8,31.8,31.8,31.8,0,51000
5719,2022-06-16 12:38:00+05:30,31.8,31.8,31.8,31.8,0,51000
5720,2022-06-16 12:39:00+05:30,31.8,31.8,31.8,31.8,0,51000
5721,2022-06-16 12:40:00+05:30,31.8,31.8,31.8,31.8,0,51000
5722,2022-06-16 12:41:00+05:30,31.8,31.8,31.8,31.8,0,51000
5723,2022-06-16 12:42:00+05:30,31.8,31.8,31.8,31.8,0,51000
5724,2022-06-16 12:43:00+05:30,31.8,31.8,31.8,31.8,0,51000
5725,2022-06-16 12:44:00+05:30,31.45,31.45,31.45,31.45,300,51000
5726,2022-06-16 12:45:00+05:30,31.45,31.45,31.45,31.45,0,51000
5727,2022-06-16 12:46:00+05:30,31.45,31.7,31.45,31.7,300,51300
5728,2022-06-16 12:47:00+05:30,31.7,31.7,31.7,31.7,0,51300
5729,2022-06-16 12:48:00+05:30,31.7,31.7,31.7,31.7,0,51300
5730,2022-06-16 12:49:00+05:30,31.7,31.7,31.7,31.7,0,51300
5731,2022-06-16 12:50:00+05:30,31.7,31.7,31.7,31.7,0,51300
5732,2022-06-16 12:51:00+05:30,31.7,31.7,31.7,31.7,0,51300
5733,2022-06-16 12:52:00+05:30,31.7,31.7,31.7,31.7,0,51300
5734,2022-06-16 12:53:00+05:30,31.7,31.7,31.7,31.7,0,51300
5735,2022-06-16 12:54:00+05:30,34.0,34.0,34.0,34.0,300,51000
5736,2022-06-16 12:55:00+05:30,35.05,35.05,34.4,34.4,600,51000
5737,2022-06-16 12:56:00+05:30,34.4,34.4,34.4,34.4,0,51000
5738,2022-06-16 12:57:00+05:30,34.4,34.4,33.3,33.3,300,51000
5739,2022-06-16 12:58:00+05:30,33.3,33.3,33.3,33.3,0,51000
5740,2022-06-16 12:59:00+05:30,33.3,33.3,32.95,32.95,300,51000
5741,2022-06-16 13:00:00+05:30,32.95,33.05,32.95,33.05,300,51000
5742,2022-06-16 13:01:00+05:30,33.05,33.05,33.05,33.05,0,51000
5743,2022-06-16 13:02:00+05:30,33.05,33.05,33.05,33.05,0,51000
5744,2022-06-16 13:03:00+05:30,33.05,33.05,33.05,33.05,0,51000
5745,2022-06-16 13:04:00+05:30,33.05,33.05,33.05,33.05,0,51000
5746,2022-06-16 13:05:00+05:30,33.05,33.05,33.05,33.05,0,51000
5747,2022-06-16 13:06:00+05:30,33.05,33.05,33.05,33.05,0,51000
5748,2022-06-16 13:07:00+05:30,33.05,33.05,33.05,33.05,0,51000
5749,2022-06-16 13:08:00+05:30,33.05,33.05,33.05,33.05,0,51000
5750,2022-06-16 13:09:00+05:30,33.05,33.05,33.05,33.05,0,51000
5751,2022-06-16 13:10:00+05:30,33.05,33.05,33.05,33.05,0,51000
5752,2022-06-16 13:11:00+05:30,33.05,33.05,33.05,33.05,0,51000
5753,2022-06-16 13:12:00+05:30,33.05,35.3,33.05,35.3,3000,51600
5754,2022-06-16 13:13:00+05:30,35.3,35.3,35.3,35.3,0,51600
5755,2022-06-16 13:14:00+05:30,35.3,35.4,35.3,35.4,300,51600
5756,2022-06-16 13:15:00+05:30,35.4,35.4,35.4,35.4,0,51600
5757,2022-06-16 13:16:00+05:30,35.4,35.4,35.4,35.4,0,51600
5758,2022-06-16 13:17:00+05:30,35.4,35.4,35.4,35.4,0,51600
5759,2022-06-16 13:18:00+05:30,35.4,35.4,35.05,35.05,300,48300
5760,2022-06-16 13:19:00+05:30,35.05,35.05,35.05,35.05,0,48300
5761,2022-06-16 13:20:00+05:30,35.05,35.05,35.05,35.05,0,48300
5762,2022-06-16 13:21:00+05:30,35.05,35.05,35.05,35.05,0,48300
5763,2022-06-16 13:22:00+05:30,35.05,35.05,35.05,35.05,0,48300
5764,2022-06-16 13:23:00+05:30,35.05,35.05,35.05,35.05,0,48300
5765,2022-06-16 13:24:00+05:30,35.05,35.05,35.05,35.05,0,48300
5766,2022-06-16 13:25:00+05:30,35.6,35.6,35.6,35.6,300,48300
5767,2022-06-16 13:26:00+05:30,35.6,35.6,35.6,35.6,0,48300
5768,2022-06-16 13:27:00+05:30,35.6,35.6,35.6,35.6,0,48300
5769,2022-06-16 13:28:00+05:30,35.6,35.6,35.6,35.6,0,48300
5770,2022-06-16 13:29:00+05:30,35.6,37.0,35.6,37.0,0,48300
5771,2022-06-16 13:30:00+05:30,37.0,37.5,37.0,37.5,1200,48300
5772,2022-06-16 13:31:00+05:30,37.5,37.5,37.5,37.5,0,48300
5773,2022-06-16 13:32:00+05:30,37.5,37.5,37.5,37.5,0,48300
5774,2022-06-16 13:33:00+05:30,37.5,37.5,37.5,37.5,0,48300
5775,2022-06-16 13:34:00+05:30,37.5,37.5,34.75,34.75,300,48600
5776,2022-06-16 13:35:00+05:30,34.75,34.75,34.75,34.75,0,48600
5777,2022-06-16 13:36:00+05:30,34.75,34.75,34.75,34.75,0,48600
5778,2022-06-16 13:37:00+05:30,34.75,34.75,34.75,34.75,0,48600
5779,2022-06-16 13:38:00+05:30,34.75,34.75,34.75,34.75,0,48600
5780,2022-06-16 13:39:00+05:30,34.75,34.75,34.75,34.75,0,48600
5781,2022-06-16 13:40:00+05:30,34.75,34.75,34.75,34.75,0,48600
5782,2022-06-16 13:41:00+05:30,34.75,34.75,34.75,34.75,0,48600
5783,2022-06-16 13:42:00+05:30,34.75,34.75,34.75,34.75,0,48600
5784,2022-06-16 13:43:00+05:30,34.75,34.75,34.75,34.75,0,48600
5785,2022-06-16 13:44:00+05:30,34.75,34.75,34.75,34.75,0,48600
5786,2022-06-16 13:45:00+05:30,34.75,34.75,34.75,34.75,0,48600
5787,2022-06-16 13:46:00+05:30,34.0,34.0,34.0,34.0,300,48300
5788,2022-06-16 13:47:00+05:30,34.0,34.0,33.0,33.3,900,48300
5789,2022-06-16 13:48:00+05:30,33.0,33.0,33.0,33.0,300,48300
5790,2022-06-16 13:49:00+05:30,33.0,33.0,33.0,33.0,0,48300
5791,2022-06-16 13:50:00+05:30,33.0,33.0,33.0,33.0,0,48300
5792,2022-06-16 13:51:00+05:30,33.0,33.0,33.0,33.0,0,48300
5793,2022-06-16 13:52:00+05:30,33.0,33.0,33.0,33.0,0,48300
5794,2022-06-16 13:53:00+05:30,33.0,33.0,33.0,33.0,0,48300
5795,2022-06-16 13:54:00+05:30,33.0,35.5,33.0,35.5,1200,47700
5796,2022-06-16 13:55:00+05:30,35.5,35.5,35.5,35.5,0,47700
5797,2022-06-16 13:56:00+05:30,35.5,35.5,35.5,35.5,0,47700
5798,2022-06-16 13:57:00+05:30,35.5,35.5,35.5,35.5,0,47700
5799,2022-06-16 13:58:00+05:30,36.7,36.7,36.7,36.7,300,47700
5800,2022-06-16 13:59:00+05:30,36.7,36.7,36.7,36.7,0,47700
5801,2022-06-16 14:00:00+05:30,36.7,36.7,36.7,36.7,0,47700
5802,2022-06-16 14:01:00+05:30,36.7,38.0,36.7,38.0,600,47700
5803,2022-06-16 14:02:00+05:30,38.0,38.0,38.0,38.0,300,47700
5804,2022-06-16 14:03:00+05:30,38.0,38.0,38.0,38.0,0,47700
5805,2022-06-16 14:04:00+05:30,37.2,37.2,37.2,37.2,300,47400
5806,2022-06-16 14:05:00+05:30,37.2,37.2,37.2,37.2,0,47400
5807,2022-06-16 14:06:00+05:30,37.2,37.4,37.2,37.4,300,47400
5808,2022-06-16 14:07:00+05:30,37.4,37.4,37.4,37.4,0,47400
5809,2022-06-16 14:08:00+05:30,37.4,37.4,37.4,37.4,0,47400
5810,2022-06-16 14:09:00+05:30,37.4,37.4,37.4,37.4,0,47400
5811,2022-06-16 14:10:00+05:30,37.4,37.4,37.4,37.4,0,47400
5812,2022-06-16 14:11:00+05:30,37.4,37.4,37.4,37.4,0,47400
5813,2022-06-16 14:12:00+05:30,37.4,37.4,37.4,37.4,0,47400
5814,2022-06-16 14:13:00+05:30,37.4,37.4,36.0,36.0,600,47400
5815,2022-06-16 14:14:00+05:30,36.0,36.0,36.0,36.0,600,47400
5816,2022-06-16 14:15:00+05:30,36.0,36.0,36.0,36.0,0,47400
5817,2022-06-16 14:16:00+05:30,36.0,36.0,36.0,36.0,0,47400
5818,2022-06-16 14:17:00+05:30,36.0,36.0,36.0,36.0,0,47400
5819,2022-06-16 14:18:00+05:30,36.0,36.9,36.0,36.9,300,47700
5820,2022-06-16 14:19:00+05:30,36.9,36.9,36.9,36.9,0,47700
5821,2022-06-16 14:20:00+05:30,36.9,36.9,36.9,36.9,0,47700
5822,2022-06-16 14:21:00+05:30,36.9,36.9,36.25,36.25,0,47400
5823,2022-06-16 14:22:00+05:30,36.25,36.25,36.25,36.25,300,47400
5824,2022-06-16 14:23:00+05:30,36.25,36.25,36.25,36.25,0,47400
5825,2022-06-16 14:24:00+05:30,36.25,36.25,36.25,36.25,0,47400
5826,2022-06-16 14:25:00+05:30,36.25,36.25,36.25,36.25,0,47400
5827,2022-06-16 14:26:00+05:30,36.25,36.25,34.75,34.75,300,47700
5828,2022-06-16 14:27:00+05:30,34.75,34.75,34.5,34.5,600,47700
5829,2022-06-16 14:28:00+05:30,34.5,34.5,34.45,34.45,300,47400
5830,2022-06-16 14:29:00+05:30,34.45,34.45,34.45,34.45,0,47400
5831,2022-06-16 14:30:00+05:30,34.45,34.45,34.45,34.45,0,47400
5832,2022-06-16 14:31:00+05:30,34.45,34.45,34.45,34.45,0,47400
5833,2022-06-16 14:32:00+05:30,34.45,34.45,34.45,34.45,0,47400
5834,2022-06-16 14:33:00+05:30,34.45,34.45,34.45,34.45,0,47400
5835,2022-06-16 14:34:00+05:30,34.45,34.45,34.45,34.45,0,47400
5836,2022-06-16 14:35:00+05:30,34.45,34.45,34.45,34.45,0,47400
5837,2022-06-16 14:36:00+05:30,34.45,38.9,34.45,38.9,1500,47400
5838,2022-06-16 14:37:00+05:30,38.9,38.9,38.9,38.9,0,47400
5839,2022-06-16 14:38:00+05:30,38.9,40.5,38.9,40.5,300,47400
5840,2022-06-16 14:39:00+05:30,40.5,40.5,40.5,40.5,0,47400
5841,2022-06-16 14:40:00+05:30,40.5,40.5,39.8,39.8,300,46500
5842,2022-06-16 14:41:00+05:30,39.8,39.85,39.8,39.8,300,46500
5843,2022-06-16 14:42:00+05:30,39.8,39.8,39.2,39.2,600,46500
5844,2022-06-16 14:43:00+05:30,39.2,39.7,39.2,39.7,300,47100
5845,2022-06-16 14:44:00+05:30,39.7,39.7,39.6,39.6,300,47100
5846,2022-06-16 14:45:00+05:30,39.6,39.6,39.6,39.6,0,47100
5847,2022-06-16 14:46:00+05:30,39.6,39.6,39.6,39.6,0,47100
5848,2022-06-16 14:47:00+05:30,39.6,39.7,39.6,39.7,300,47400
5849,2022-06-16 14:48:00+05:30,39.7,39.7,39.7,39.7,0,47400
5850,2022-06-16 14:49:00+05:30,39.7,39.7,39.7,39.7,0,47400
5851,2022-06-16 14:50:00+05:30,39.7,39.7,39.7,39.7,0,47400
5852,2022-06-16 14:51:00+05:30,39.7,40.0,39.7,40.0,300,47400
5853,2022-06-16 14:52:00+05:30,40.0,40.0,40.0,40.0,0,47400
5854,2022-06-16 14:53:00+05:30,40.0,40.0,40.0,40.0,0,47400
5855,2022-06-16 14:54:00+05:30,40.0,41.15,40.0,41.15,300,47100
5856,2022-06-16 14:55:00+05:30,41.15,41.15,41.0,41.0,300,47100
5857,2022-06-16 14:56:00+05:30,41.0,41.0,41.0,41.0,300,47100
5858,2022-06-16 14:57:00+05:30,41.0,41.0,39.9,39.9,300,47100
5859,2022-06-16 14:58:00+05:30,39.9,39.9,39.9,39.9,0,47100
5860,2022-06-16 14:59:00+05:30,39.9,39.9,39.1,39.1,300,47100
5861,2022-06-16 15:00:00+05:30,39.1,39.1,39.1,39.1,0,47100
5862,2022-06-16 15:01:00+05:30,39.1,39.1,39.1,39.1,0,47100
5863,2022-06-16 15:02:00+05:30,39.1,39.1,39.1,39.1,0,47100
5864,2022-06-16 15:03:00+05:30,39.1,39.1,39.1,39.1,0,47100
5865,2022-06-16 15:04:00+05:30,39.1,39.1,39.1,39.1,0,47100
5866,2022-06-16 15:05:00+05:30,39.1,39.1,39.1,39.1,0,47100
5867,2022-06-16 15:06:00+05:30,39.1,39.1,39.1,39.1,0,47100
5868,2022-06-16 15:07:00+05:30,39.1,39.1,39.1,39.1,0,47100
5869,2022-06-16 15:08:00+05:30,39.1,39.1,39.1,39.1,0,47100
5870,2022-06-16 15:09:00+05:30,39.1,39.1,39.1,39.1,0,47100
5871,2022-06-16 15:10:00+05:30,39.1,39.1,39.1,39.1,0,47100
5872,2022-06-16 15:11:00+05:30,39.1,39.1,39.1,39.1,0,47100
5873,2022-06-16 15:12:00+05:30,39.1,39.1,39.1,39.1,0,47100
5874,2022-06-16 15:13:00+05:30,39.1,39.1,39.1,39.1,0,47100
5875,2022-06-16 15:14:00+05:30,39.1,39.1,39.1,39.1,0,47100
5876,2022-06-16 15:15:00+05:30,39.1,41.65,39.1,41.65,300,47100
5877,2022-06-16 15:16:00+05:30,41.65,41.65,41.65,41.65,0,47100
5878,2022-06-16 15:17:00+05:30,41.65,41.65,41.65,41.65,0,47100
5879,2022-06-16 15:18:00+05:30,41.65,41.65,41.65,41.65,0,47100
5880,2022-06-16 15:19:00+05:30,41.65,41.65,41.65,41.65,0,47100
5881,2022-06-16 15:20:00+05:30,41.65,41.65,41.65,41.65,600,47100
5882,2022-06-16 15:21:00+05:30,41.65,41.65,41.05,41.05,300,47100
5883,2022-06-16 15:22:00+05:30,41.05,41.05,41.05,41.05,0,47100
5884,2022-06-16 15:23:00+05:30,41.05,41.05,40.85,40.85,0,47100
5885,2022-06-16 15:24:00+05:30,40.85,40.85,40.85,40.85,300,47100
5886,2022-06-16 15:25:00+05:30,40.85,40.85,40.0,40.0,300,47100
5887,2022-06-16 15:26:00+05:30,40.0,40.0,40.0,40.0,0,47100
5888,2022-06-16 15:27:00+05:30,40.0,40.2,40.0,40.2,300,47400
5889,2022-06-16 15:28:00+05:30,40.2,40.2,40.2,40.2,0,47400
5890,2022-06-16 15:29:00+05:30,40.2,40.2,40.2,40.2,0,47400
5891,2022-06-17 09:15:00+05:30,50.25,50.25,50.25,50.25,0,0
5892,2022-06-17 09:19:00+05:30,50.25,50.25,50.25,50.25,0,47400
5893,2022-06-17 09:20:00+05:30,50.25,50.25,48.95,48.95,300,47100
5894,2022-06-17 09:21:00+05:30,48.35,48.35,47.3,47.3,1200,47100
5895,2022-06-17 09:22:00+05:30,47.3,47.3,43.0,43.0,300,47100
5896,2022-06-17 09:23:00+05:30,43.0,43.0,43.0,43.0,300,46500
5897,2022-06-17 09:24:00+05:30,43.0,43.0,43.0,43.0,3300,46500
5898,2022-06-17 09:25:00+05:30,43.0,43.05,43.0,43.05,3300,46500
5899,2022-06-17 09:26:00+05:30,43.05,45.4,43.05,43.3,1200,49500
5900,2022-06-17 09:27:00+05:30,43.9,44.75,43.9,44.75,8100,49500
5901,2022-06-17 09:28:00+05:30,44.75,47.55,44.75,47.55,900,49500
5902,2022-06-17 09:29:00+05:30,47.55,50.0,47.55,50.0,600,47400
5903,2022-06-17 09:30:00+05:30,50.0,50.1,50.0,50.1,600,47400
5904,2022-06-17 09:31:00+05:30,50.1,51.85,50.1,51.85,600,47400
5905,2022-06-17 09:32:00+05:30,50.95,50.95,50.0,50.6,1800,48900
5906,2022-06-17 09:33:00+05:30,50.6,50.6,49.5,49.5,300,48900
5907,2022-06-17 09:34:00+05:30,49.65,51.3,49.5,50.4,1500,48900
5908,2022-06-17 09:35:00+05:30,50.4,50.4,47.4,47.4,1500,49500
5909,2022-06-17 09:36:00+05:30,47.85,48.3,47.85,48.0,1800,49500
5910,2022-06-17 09:37:00+05:30,48.0,48.75,48.0,48.75,600,49500
5911,2022-06-17 09:38:00+05:30,48.75,48.75,48.75,48.75,0,49500
5912,2022-06-17 09:39:00+05:30,48.75,48.75,48.75,48.75,0,49500
5913,2022-06-17 09:40:00+05:30,48.75,49.0,48.75,49.0,300,49500
5914,2022-06-17 09:41:00+05:30,49.0,49.0,46.9,46.9,900,49500
5915,2022-06-17 09:42:00+05:30,44.65,44.65,44.65,44.65,1200,49500
5916,2022-06-17 09:43:00+05:30,44.65,44.65,38.15,38.15,600,49500
5917,2022-06-17 09:44:00+05:30,38.15,38.8,38.15,38.8,300,50400
5918,2022-06-17 09:45:00+05:30,38.8,38.8,38.8,38.8,0,50400
5919,2022-06-17 09:46:00+05:30,38.8,38.8,38.35,38.35,300,50400
5920,2022-06-17 09:47:00+05:30,38.35,38.35,38.35,38.35,0,50400
5921,2022-06-17 09:48:00+05:30,38.35,38.35,38.35,38.35,0,50400
5922,2022-06-17 09:49:00+05:30,38.35,39.2,38.35,39.2,0,50100
5923,2022-06-17 09:50:00+05:30,39.2,39.2,38.55,38.55,1200,49800
5924,2022-06-17 09:51:00+05:30,38.55,38.55,38.55,38.55,0,49800
5925,2022-06-17 09:52:00+05:30,38.55,38.55,38.55,38.55,0,49800
5926,2022-06-17 09:53:00+05:30,38.55,40.7,38.55,40.7,0,50100
5927,2022-06-17 09:54:00+05:30,40.7,40.7,40.7,40.7,300,50100
5928,2022-06-17 09:55:00+05:30,40.7,40.7,40.7,40.7,0,50100
5929,2022-06-17 09:56:00+05:30,40.7,44.0,40.7,44.0,300,50100
5930,2022-06-17 09:57:00+05:30,44.0,44.0,44.0,44.0,0,50100
5931,2022-06-17 09:58:00+05:30,44.0,44.0,44.0,44.0,0,50100
5932,2022-06-17 09:59:00+05:30,44.0,44.0,44.0,44.0,300,50100
5933,2022-06-17 10:00:00+05:30,44.0,44.0,44.0,44.0,0,50100
5934,2022-06-17 10:01:00+05:30,44.2,44.2,44.2,44.2,300,50100
5935,2022-06-17 10:02:00+05:30,44.2,44.35,44.2,44.35,300,50100
5936,2022-06-17 10:03:00+05:30,44.35,46.45,44.35,46.45,300,50100
5937,2022-06-17 10:04:00+05:30,46.45,46.45,46.45,46.45,0,50100
5938,2022-06-17 10:05:00+05:30,46.45,51.0,46.45,51.0,0,49800
5939,2022-06-17 10:06:00+05:30,51.0,51.0,51.0,51.0,300,49800
5940,2022-06-17 10:07:00+05:30,51.0,51.0,51.0,51.0,0,49800
5941,2022-06-17 10:08:00+05:30,51.0,55.4,51.0,55.4,300,49800
5942,2022-06-17 10:09:00+05:30,55.4,57.25,55.4,57.25,300,49800
5943,2022-06-17 10:10:00+05:30,57.25,59.05,57.25,58.7,3300,49800
5944,2022-06-17 10:11:00+05:30,58.0,60.0,58.0,58.95,2700,48000
5945,2022-06-17 10:12:00+05:30,58.95,58.95,58.95,58.95,0,48000
5946,2022-06-17 10:13:00+05:30,58.95,58.95,58.95,58.95,300,48000
5947,2022-06-17 10:14:00+05:30,58.95,59.45,58.3,59.45,900,47700
5948,2022-06-17 10:15:00+05:30,59.45,59.5,57.9,57.9,3300,47700
5949,2022-06-17 10:16:00+05:30,57.7,58.4,56.95,56.95,1200,47700
5950,2022-06-17 10:17:00+05:30,56.95,58.6,56.95,57.7,1500,46500
5951,2022-06-17 10:18:00+05:30,57.7,58.15,57.7,58.15,300,46500
5952,2022-06-17 10:19:00+05:30,58.15,58.5,57.15,57.15,600,46500
5953,2022-06-17 10:20:00+05:30,57.15,57.15,57.15,57.15,0,46500
5954,2022-06-17 10:21:00+05:30,57.15,57.15,57.15,57.15,0,46500
5955,2022-06-17 10:22:00+05:30,57.15,57.15,57.15,57.15,0,46500
5956,2022-06-17 10:23:00+05:30,56.25,56.25,56.05,56.1,1500,46500
5957,2022-06-17 10:24:00+05:30,57.25,57.25,57.25,57.25,300,45300
5958,2022-06-17 10:25:00+05:30,57.25,57.75,57.25,57.25,300,45300
5959,2022-06-17 10:26:00+05:30,57.25,57.25,55.95,56.75,2700,43500
5960,2022-06-17 10:27:00+05:30,56.75,56.75,56.75,56.75,600,43500
5961,2022-06-17 10:28:00+05:30,56.75,56.75,56.2,56.2,0,43500
5962,2022-06-17 10:29:00+05:30,56.2,56.2,56.2,56.2,300,43500
5963,2022-06-17 10:30:00+05:30,56.2,56.2,56.2,56.2,0,43500
5964,2022-06-17 10:31:00+05:30,56.2,56.2,56.0,56.05,300,42900
5965,2022-06-17 10:32:00+05:30,56.0,57.1,55.95,57.1,2400,42900
5966,2022-06-17 10:33:00+05:30,57.1,57.1,55.9,55.9,900,42900
5967,2022-06-17 10:34:00+05:30,55.9,55.9,55.3,55.5,1200,42900
5968,2022-06-17 10:35:00+05:30,55.5,55.95,55.5,55.85,600,42600
5969,2022-06-17 10:36:00+05:30,55.85,55.85,54.0,54.0,300,42600
5970,2022-06-17 10:37:00+05:30,52.6,52.6,51.8,51.8,600,42600
5971,2022-06-17 10:38:00+05:30,51.8,51.8,51.0,51.65,900,42000
5972,2022-06-17 10:39:00+05:30,51.65,52.8,51.65,51.75,1800,42000
5973,2022-06-17 10:40:00+05:30,51.75,51.75,51.75,51.75,0,42000
5974,2022-06-17 10:41:00+05:30,51.75,51.75,51.75,51.75,0,42000
5975,2022-06-17 10:42:00+05:30,51.75,52.3,51.25,51.25,1200,41400
5976,2022-06-17 10:43:00+05:30,50.9,50.9,48.25,48.25,1800,41400
5977,2022-06-17 10:44:00+05:30,48.25,50.0,45.8,46.05,2100,41400
5978,2022-06-17 10:45:00+05:30,46.05,46.3,45.2,45.2,1200,41400
5979,2022-06-17 10:46:00+05:30,45.2,45.2,45.2,45.2,600,41400
5980,2022-06-17 10:47:00+05:30,46.9,46.9,46.15,46.85,1200,41400
5981,2022-06-17 10:48:00+05:30,46.85,46.85,46.85,46.85,0,41400
5982,2022-06-17 10:49:00+05:30,46.85,48.5,46.85,47.95,600,41400
5983,2022-06-17 10:50:00+05:30,47.95,47.95,47.95,47.95,600,41400
5984,2022-06-17 10:51:00+05:30,47.95,47.95,47.95,47.95,0,41400
5985,2022-06-17 10:52:00+05:30,47.95,48.2,47.95,48.2,0,41100
5986,2022-06-17 10:53:00+05:30,48.2,48.2,47.0,47.0,600,41400
5987,2022-06-17 10:54:00+05:30,47.0,47.0,45.3,45.8,600,41400
5988,2022-06-17 10:55:00+05:30,45.8,45.8,45.15,45.4,900,41400
5989,2022-06-17 10:56:00+05:30,45.4,45.4,45.4,45.4,600,40500
5990,2022-06-17 10:57:00+05:30,45.4,45.6,45.4,45.6,600,40500
5991,2022-06-17 10:58:00+05:30,45.6,45.6,45.6,45.6,0,40500
5992,2022-06-17 10:59:00+05:30,45.6,47.55,45.6,47.55,600,40500
5993,2022-06-17 11:00:00+05:30,47.55,47.55,43.75,43.75,0,40500
5994,2022-06-17 11:01:00+05:30,43.75,45.05,43.75,45.05,2100,40500
5995,2022-06-17 11:02:00+05:30,45.05,45.8,45.05,45.8,600,42600
5996,2022-06-17 11:03:00+05:30,45.8,45.8,45.8,45.8,0,42600
5997,2022-06-17 11:04:00+05:30,45.8,45.8,45.4,45.8,600,42600
5998,2022-06-17 11:05:00+05:30,45.8,45.8,45.8,45.8,0,42600
5999,2022-06-17 11:06:00+05:30,45.8,45.8,45.8,45.8,0,42600
6000,2022-06-17 11:07:00+05:30,45.8,46.4,45.15,46.05,4800,41700
6001,2022-06-17 11:08:00+05:30,46.05,48.9,46.05,48.9,4500,40500
6002,2022-06-17 11:09:00+05:30,48.9,50.25,48.9,49.85,6000,40500
6003,2022-06-17 11:10:00+05:30,49.85,51.25,48.2,49.45,20400,40500
6004,2022-06-17 11:11:00+05:30,49.45,49.45,46.95,47.9,1500,33600
6005,2022-06-17 11:12:00+05:30,45.9,46.1,45.85,45.85,2100,33600
6006,2022-06-17 11:13:00+05:30,44.7,44.7,44.7,44.7,2100,33600
6007,2022-06-17 11:14:00+05:30,44.7,44.7,44.35,44.35,300,35100
6008,2022-06-17 11:15:00+05:30,44.35,44.35,44.35,44.35,0,35100
6009,2022-06-17 11:16:00+05:30,44.35,44.35,44.35,44.35,0,35100
6010,2022-06-17 11:17:00+05:30,44.35,44.35,44.35,44.35,0,35100
6011,2022-06-17 11:18:00+05:30,44.35,46.85,44.35,46.85,300,34800
6012,2022-06-17 11:19:00+05:30,46.85,46.85,46.85,46.85,0,34800
6013,2022-06-17 11:20:00+05:30,46.85,46.85,46.85,46.85,0,34800
6014,2022-06-17 11:21:00+05:30,49.7,50.15,49.4,50.15,1800,34500
6015,2022-06-17 11:22:00+05:30,50.15,50.65,50.15,50.65,300,34500
6016,2022-06-17 11:23:00+05:30,50.6,50.6,50.6,50.6,300,34500
6017,2022-06-17 11:24:00+05:30,50.6,50.6,50.6,50.6,0,34500
6018,2022-06-17 11:25:00+05:30,50.6,50.6,50.6,50.6,0,34500
6019,2022-06-17 11:26:00+05:30,50.6,50.6,50.6,50.6,0,34500
6020,2022-06-17 11:27:00+05:30,50.6,50.6,50.6,50.6,0,34500
6021,2022-06-17 11:28:00+05:30,50.6,50.6,50.6,50.6,0,34500
6022,2022-06-17 11:29:00+05:30,50.6,50.6,50.6,50.6,0,34500
6023,2022-06-17 11:30:00+05:30,50.6,50.65,50.5,50.5,900,34500
6024,2022-06-17 11:31:00+05:30,50.5,50.5,50.0,50.0,300,34500
6025,2022-06-17 11:32:00+05:30,50.0,50.0,50.0,50.0,0,34500
6026,2022-06-17 11:33:00+05:30,50.0,50.0,50.0,50.0,0,34500
6027,2022-06-17 11:34:00+05:30,50.0,50.0,50.0,50.0,0,34500
6028,2022-06-17 11:35:00+05:30,50.0,50.0,50.0,50.0,0,34500
6029,2022-06-17 11:36:00+05:30,50.0,50.0,50.0,50.0,0,34500
6030,2022-06-17 11:37:00+05:30,50.0,50.0,50.0,50.0,0,34500
6031,2022-06-17 11:38:00+05:30,50.0,50.0,50.0,50.0,0,34500
6032,2022-06-17 11:39:00+05:30,50.0,50.0,50.0,50.0,0,34500
6033,2022-06-17 11:40:00+05:30,50.0,51.3,50.0,51.3,300,33900
6034,2022-06-17 11:41:00+05:30,51.3,51.3,51.3,51.3,0,33900
6035,2022-06-17 11:42:00+05:30,51.3,52.8,51.3,52.8,300,33900
6036,2022-06-17 11:43:00+05:30,52.15,52.8,52.15,52.15,300,33900
6037,2022-06-17 11:44:00+05:30,52.15,52.15,52.15,52.15,300,33900
6038,2022-06-17 11:45:00+05:30,52.15,52.15,52.15,52.15,0,33900
6039,2022-06-17 11:46:00+05:30,52.15,52.15,52.15,52.15,0,33900
6040,2022-06-17 11:47:00+05:30,52.15,52.15,52.15,52.15,0,33900
6041,2022-06-17 11:48:00+05:30,52.15,52.15,52.15,52.15,0,33900
6042,2022-06-17 11:49:00+05:30,52.15,52.15,52.15,52.15,0,33900
6043,2022-06-17 11:50:00+05:30,52.15,52.15,52.15,52.15,0,33900
6044,2022-06-17 11:51:00+05:30,52.15,52.15,52.15,52.15,0,33900
6045,2022-06-17 11:52:00+05:30,52.15,52.15,52.15,52.15,0,33900
6046,2022-06-17 11:53:00+05:30,52.15,53.7,52.15,53.7,900,33900
6047,2022-06-17 11:54:00+05:30,53.7,53.7,53.7,53.7,300,33900
6048,2022-06-17 11:55:00+05:30,53.7,53.7,53.7,53.7,0,33900
6049,2022-06-17 11:56:00+05:30,53.7,53.7,53.65,53.65,300,33900
6050,2022-06-17 11:57:00+05:30,53.65,53.65,52.7,52.7,300,33000
6051,2022-06-17 11:58:00+05:30,52.7,52.7,52.7,52.7,0,33000
6052,2022-06-17 11:59:00+05:30,52.7,52.7,52.7,52.7,0,33000
6053,2022-06-17 12:00:00+05:30,52.7,52.7,50.1,50.1,600,33000
6054,2022-06-17 12:01:00+05:30,50.1,50.1,50.1,50.1,0,33000
6055,2022-06-17 12:02:00+05:30,50.1,50.1,50.1,50.1,0,33000
6056,2022-06-17 12:03:00+05:30,50.1,52.35,50.1,51.75,600,32700
6057,2022-06-17 12:04:00+05:30,51.75,52.25,51.75,52.25,900,32700
6058,2022-06-17 12:05:00+05:30,52.25,52.25,52.25,52.25,300,32700
6059,2022-06-17 12:06:00+05:30,52.25,52.25,52.25,52.25,0,32700
6060,2022-06-17 12:07:00+05:30,52.25,52.25,52.25,52.25,0,32700
6061,2022-06-17 12:08:00+05:30,52.25,52.5,52.25,52.5,300,32100
6062,2022-06-17 12:09:00+05:30,52.5,52.5,52.5,52.5,0,32100
6063,2022-06-17 12:10:00+05:30,52.5,52.5,52.5,52.5,0,32100
6064,2022-06-17 12:11:00+05:30,52.5,52.5,52.5,52.5,0,32100
6065,2022-06-17 12:12:00+05:30,52.5,54.05,52.5,54.05,300,31800
6066,2022-06-17 12:13:00+05:30,54.05,54.3,54.0,54.0,1200,31800
6067,2022-06-17 12:14:00+05:30,54.0,54.0,53.75,53.75,1200,31800
6068,2022-06-17 12:15:00+05:30,53.75,53.75,53.75,53.75,0,31800
6069,2022-06-17 12:16:00+05:30,53.75,53.75,53.75,53.75,0,31800
6070,2022-06-17 12:17:00+05:30,53.75,53.75,53.75,53.75,0,31800
6071,2022-06-17 12:18:00+05:30,53.75,53.75,53.75,53.75,0,31800
6072,2022-06-17 12:19:00+05:30,52.0,53.75,52.0,52.0,300,30300
6073,2022-06-17 12:20:00+05:30,52.0,52.0,52.0,52.0,0,30300
6074,2022-06-17 12:21:00+05:30,52.0,52.9,52.0,52.9,300,30000
6075,2022-06-17 12:22:00+05:30,52.9,52.9,52.9,52.9,0,30000
6076,2022-06-17 12:23:00+05:30,52.9,52.9,52.9,52.9,0,30000
6077,2022-06-17 12:24:00+05:30,52.9,53.8,52.9,53.8,600,29700
6078,2022-06-17 12:25:00+05:30,53.8,53.8,53.5,53.5,0,29700
6079,2022-06-17 12:26:00+05:30,53.5,53.5,53.5,53.5,300,29700
6080,2022-06-17 12:27:00+05:30,53.5,53.5,53.5,53.5,0,29700
6081,2022-06-17 12:28:00+05:30,53.5,53.5,51.55,51.55,300,28800
6082,2022-06-17 12:29:00+05:30,51.55,51.55,51.55,51.55,0,28800
6083,2022-06-17 12:30:00+05:30,51.55,51.55,49.3,49.3,0,28500
6084,2022-06-17 12:31:00+05:30,49.3,49.3,46.7,46.7,900,28500
6085,2022-06-17 12:32:00+05:30,46.7,46.7,46.7,46.7,300,29100
6086,2022-06-17 12:33:00+05:30,46.7,46.7,45.25,45.3,600,29100
6087,2022-06-17 12:34:00+05:30,45.3,45.3,44.75,45.05,900,29100
6088,2022-06-17 12:35:00+05:30,45.05,45.05,43.6,43.6,600,29100
6089,2022-06-17 12:36:00+05:30,43.6,43.6,42.95,42.95,300,28500
6090,2022-06-17 12:37:00+05:30,42.95,45.1,42.95,45.1,300,28500
6091,2022-06-17 12:38:00+05:30,45.1,45.1,45.1,45.1,0,28500
6092,2022-06-17 12:39:00+05:30,45.1,45.1,45.1,45.1,0,28500
6093,2022-06-17 12:40:00+05:30,45.1,45.1,45.1,45.1,0,28500
6094,2022-06-17 12:41:00+05:30,45.1,45.1,45.1,45.1,0,28500
6095,2022-06-17 12:42:00+05:30,45.1,45.1,45.1,45.1,0,28500
6096,2022-06-17 12:43:00+05:30,45.1,47.35,45.1,47.35,600,27900
6097,2022-06-17 12:44:00+05:30,47.35,47.35,47.35,47.35,0,27900
6098,2022-06-17 12:45:00+05:30,47.35,48.55,47.35,48.55,600,27600
6099,2022-06-17 12:46:00+05:30,48.55,50.2,48.55,50.2,300,27600
6100,2022-06-17 12:47:00+05:30,50.2,50.2,50.2,50.2,0,27600
6101,2022-06-17 12:48:00+05:30,50.2,50.2,50.2,50.2,0,27600
6102,2022-06-17 12:49:00+05:30,50.2,50.2,50.2,50.2,0,27600
6103,2022-06-17 12:50:00+05:30,50.2,50.2,50.2,50.2,0,27600
6104,2022-06-17 12:51:00+05:30,50.2,50.2,50.2,50.2,0,27600
6105,2022-06-17 12:52:00+05:30,47.0,47.0,47.0,47.0,300,27300
6106,2022-06-17 12:53:00+05:30,47.0,47.0,46.7,46.7,600,27300
6107,2022-06-17 12:54:00+05:30,46.7,46.7,46.7,46.7,0,27300
6108,2022-06-17 12:55:00+05:30,46.7,46.7,44.5,44.65,900,27300
6109,2022-06-17 12:56:00+05:30,44.65,44.65,44.65,44.65,0,27300
6110,2022-06-17 12:57:00+05:30,44.65,44.65,44.65,44.65,0,27300
6111,2022-06-17 12:58:00+05:30,44.65,44.65,44.65,44.65,0,27300
6112,2022-06-17 12:59:00+05:30,44.65,44.65,44.65,44.65,600,25800
6113,2022-06-17 13:00:00+05:30,44.65,44.65,44.65,44.65,0,25800
6114,2022-06-17 13:01:00+05:30,44.65,44.65,44.65,44.65,0,25800
6115,2022-06-17 13:02:00+05:30,44.65,44.65,44.65,44.65,0,25800
6116,2022-06-17 13:03:00+05:30,44.65,44.65,44.65,44.65,0,25800
6117,2022-06-17 13:04:00+05:30,44.65,44.65,44.65,44.65,0,25800
6118,2022-06-17 13:05:00+05:30,44.65,44.65,44.65,44.65,0,25800
6119,2022-06-17 13:06:00+05:30,44.65,44.65,44.65,44.65,0,25800
6120,2022-06-17 13:07:00+05:30,44.65,44.65,44.65,44.65,0,25800
6121,2022-06-17 13:08:00+05:30,44.65,44.65,44.65,44.65,0,25800
6122,2022-06-17 13:09:00+05:30,44.65,44.65,44.65,44.65,0,25800
6123,2022-06-17 13:10:00+05:30,44.65,49.75,44.65,49.75,300,25200
6124,2022-06-17 13:11:00+05:30,49.75,49.75,49.75,49.75,0,25200
6125,2022-06-17 13:12:00+05:30,49.75,49.75,49.75,49.75,0,25200
6126,2022-06-17 13:13:00+05:30,49.75,49.75,49.75,49.75,0,25200
6127,2022-06-17 13:14:00+05:30,51.1,51.1,51.1,51.1,300,24900
6128,2022-06-17 13:15:00+05:30,51.1,51.1,51.1,51.1,0,24900
6129,2022-06-17 13:16:00+05:30,51.1,51.1,51.1,51.1,0,24900
6130,2022-06-17 13:17:00+05:30,51.1,51.1,51.1,51.1,0,24900
6131,2022-06-17 13:18:00+05:30,51.1,51.1,51.1,51.1,0,24900
6132,2022-06-17 13:19:00+05:30,51.1,51.1,51.1,51.1,0,24900
6133,2022-06-17 13:20:00+05:30,51.1,51.1,51.1,51.1,0,24900
6134,2022-06-17 13:21:00+05:30,51.1,51.1,51.1,51.1,0,24900
6135,2022-06-17 13:22:00+05:30,51.1,51.1,51.1,51.1,0,24900
6136,2022-06-17 13:23:00+05:30,51.1,51.1,51.1,51.1,0,24900
6137,2022-06-17 13:24:00+05:30,51.1,51.1,51.1,51.1,0,24900
6138,2022-06-17 13:25:00+05:30,51.1,51.1,51.1,51.1,0,24900
6139,2022-06-17 13:26:00+05:30,51.1,51.1,51.1,51.1,0,24900
6140,2022-06-17 13:27:00+05:30,51.1,51.1,51.1,51.1,0,24900
6141,2022-06-17 13:28:00+05:30,51.1,51.1,51.1,51.1,0,24900
6142,2022-06-17 13:29:00+05:30,51.1,51.1,51.1,51.1,0,24900
6143,2022-06-17 13:30:00+05:30,51.1,51.1,51.1,51.1,0,24900
6144,2022-06-17 13:31:00+05:30,51.1,51.1,51.1,51.1,0,24900
6145,2022-06-17 13:32:00+05:30,51.1,51.1,50.7,50.7,300,24900
6146,2022-06-17 13:33:00+05:30,50.7,50.7,50.7,50.7,0,24900
6147,2022-06-17 13:34:00+05:30,50.7,50.7,50.7,50.7,0,24900
6148,2022-06-17 13:35:00+05:30,50.55,50.55,50.55,50.55,300,24900
6149,2022-06-17 13:36:00+05:30,50.55,50.55,50.55,50.55,0,24900
6150,2022-06-17 13:37:00+05:30,50.55,50.55,47.9,47.9,300,24900
6151,2022-06-17 13:38:00+05:30,47.9,47.9,47.7,47.7,300,24900
6152,2022-06-17 13:39:00+05:30,47.7,47.7,47.7,47.7,0,24900
6153,2022-06-17 13:40:00+05:30,47.7,47.7,47.7,47.7,0,24900
6154,2022-06-17 13:41:00+05:30,47.7,47.7,47.7,47.7,0,24900
6155,2022-06-17 13:42:00+05:30,47.7,47.7,47.7,47.7,0,24900
6156,2022-06-17 13:43:00+05:30,47.7,47.7,47.7,47.7,0,24900
6157,2022-06-17 13:44:00+05:30,47.7,47.7,47.7,47.7,0,24900
6158,2022-06-17 13:45:00+05:30,47.7,47.7,47.7,47.7,0,24900
6159,2022-06-17 13:46:00+05:30,47.7,47.7,47.7,47.7,0,24900
6160,2022-06-17 13:47:00+05:30,47.7,47.7,47.7,47.7,0,24900
6161,2022-06-17 13:48:00+05:30,47.7,47.7,47.7,47.7,0,24900
6162,2022-06-17 13:49:00+05:30,47.7,47.7,47.7,47.7,0,24900
6163,2022-06-17 13:50:00+05:30,47.7,47.7,47.7,47.7,0,24900
6164,2022-06-17 13:51:00+05:30,47.7,50.55,47.7,50.55,900,25200
6165,2022-06-17 13:52:00+05:30,50.55,50.95,50.55,50.95,600,25200
6166,2022-06-17 13:53:00+05:30,50.95,50.95,50.95,50.95,0,25200
6167,2022-06-17 13:54:00+05:30,50.95,50.95,50.75,50.75,300,24600
6168,2022-06-17 13:55:00+05:30,50.45,50.45,50.45,50.45,300,24600
6169,2022-06-17 13:56:00+05:30,50.45,50.45,50.45,50.45,0,24600
6170,2022-06-17 13:57:00+05:30,50.45,50.45,50.45,50.45,0,24600
6171,2022-06-17 13:58:00+05:30,50.45,50.5,50.45,50.5,600,24600
6172,2022-06-17 13:59:00+05:30,50.0,50.0,48.9,48.9,600,24000
6173,2022-06-17 14:00:00+05:30,48.9,48.9,46.1,46.1,600,24000
6174,2022-06-17 14:01:00+05:30,46.1,46.1,46.05,46.05,1500,24000
6175,2022-06-17 14:02:00+05:30,46.05,46.05,46.05,46.05,0,24000
6176,2022-06-17 14:03:00+05:30,46.05,47.95,46.05,47.95,300,23100
6177,2022-06-17 14:04:00+05:30,47.95,49.05,47.95,49.05,300,23100
6178,2022-06-17 14:05:00+05:30,49.05,49.05,49.05,49.05,0,23100
6179,2022-06-17 14:06:00+05:30,49.05,49.05,49.05,49.05,0,23100
6180,2022-06-17 14:07:00+05:30,49.05,52.0,49.05,50.7,3000,23100
6181,2022-06-17 14:08:00+05:30,50.7,50.7,50.7,50.7,0,23100
6182,2022-06-17 14:09:00+05:30,50.7,50.7,50.7,50.7,0,23100
6183,2022-06-17 14:10:00+05:30,50.7,50.7,50.7,50.7,0,23100
6184,2022-06-17 14:11:00+05:30,50.7,50.7,50.7,50.7,0,23100
6185,2022-06-17 14:12:00+05:30,50.7,50.7,50.7,50.7,0,23100
6186,2022-06-17 14:13:00+05:30,50.7,50.7,50.7,50.7,0,23100
6187,2022-06-17 14:14:00+05:30,50.7,52.9,50.7,52.9,300,24900
6188,2022-06-17 14:15:00+05:30,52.9,53.8,52.9,53.05,300,24600
6189,2022-06-17 14:16:00+05:30,53.05,54.35,52.7,52.7,2400,24600
6190,2022-06-17 14:17:00+05:30,52.7,52.8,52.45,52.8,600,24600
6191,2022-06-17 14:18:00+05:30,52.8,53.2,52.8,53.2,300,25800
6192,2022-06-17 14:19:00+05:30,53.2,53.2,53.2,53.2,0,25800
6193,2022-06-17 14:20:00+05:30,56.0,56.35,56.0,56.35,2100,25500
6194,2022-06-17 14:21:00+05:30,56.35,56.35,55.45,55.45,300,25500
6195,2022-06-17 14:22:00+05:30,55.45,55.45,55.45,55.45,0,25500
6196,2022-06-17 14:23:00+05:30,55.45,55.45,55.45,55.45,0,25500
6197,2022-06-17 14:24:00+05:30,55.45,55.45,55.45,55.45,0,25500
6198,2022-06-17 14:25:00+05:30,55.45,55.45,54.5,54.5,300,26100
6199,2022-06-17 14:26:00+05:30,54.5,54.5,54.5,54.5,0,26100
6200,2022-06-17 14:27:00+05:30,54.5,54.5,54.5,54.5,0,26100
6201,2022-06-17 14:28:00+05:30,54.5,54.5,51.8,52.1,600,26100
6202,2022-06-17 14:29:00+05:30,52.1,52.1,52.1,52.1,0,26100
6203,2022-06-17 14:30:00+05:30,52.1,52.1,52.1,52.1,0,26100
6204,2022-06-17 14:31:00+05:30,52.1,52.1,52.1,52.1,0,26100
6205,2022-06-17 14:32:00+05:30,52.1,52.1,52.1,52.1,0,26100
6206,2022-06-17 14:33:00+05:30,52.1,52.1,52.1,52.1,0,26100
6207,2022-06-17 14:34:00+05:30,52.1,52.1,52.1,52.1,0,26100
6208,2022-06-17 14:35:00+05:30,52.1,52.1,52.1,52.1,0,26100
6209,2022-06-17 14:36:00+05:30,52.1,52.1,48.8,48.8,300,25500
6210,2022-06-17 14:37:00+05:30,48.8,48.8,48.8,48.8,0,25500
6211,2022-06-17 14:38:00+05:30,48.8,48.8,48.25,48.25,900,25500
6212,2022-06-17 14:39:00+05:30,48.25,48.25,47.5,47.5,600,24300
6213,2022-06-17 14:40:00+05:30,47.5,47.5,47.5,47.5,600,24300
6214,2022-06-17 14:41:00+05:30,47.55,47.55,47.55,47.55,300,24300
6215,2022-06-17 14:42:00+05:30,47.55,47.55,47.55,47.55,0,24300
6216,2022-06-17 14:43:00+05:30,47.55,47.55,47.55,47.55,0,24300
6217,2022-06-17 14:44:00+05:30,47.55,47.55,47.55,47.55,0,24300
6218,2022-06-17 14:45:00+05:30,47.55,48.95,47.55,48.95,300,24900
6219,2022-06-17 14:46:00+05:30,48.95,49.95,48.95,49.95,300,24900
6220,2022-06-17 14:47:00+05:30,49.95,49.95,49.95,49.95,0,24900
6221,2022-06-17 14:48:00+05:30,49.95,49.95,49.0,49.0,300,25200
6222,2022-06-17 14:49:00+05:30,49.0,49.0,49.0,49.0,300,25200
6223,2022-06-17 14:50:00+05:30,49.0,49.0,49.0,49.0,0,25200
6224,2022-06-17 14:51:00+05:30,49.0,49.1,49.0,49.1,300,25200
6225,2022-06-17 14:52:00+05:30,49.1,49.1,49.1,49.1,0,25200
6226,2022-06-17 14:53:00+05:30,49.1,49.1,49.1,49.1,0,25200
6227,2022-06-17 14:54:00+05:30,49.1,49.1,46.2,46.2,900,25200
6228,2022-06-17 14:55:00+05:30,46.2,46.2,45.0,45.55,1200,25200
6229,2022-06-17 14:56:00+05:30,45.55,45.55,43.9,43.9,600,25200
6230,2022-06-17 14:57:00+05:30,43.75,43.75,43.55,43.55,600,24900
6231,2022-06-17 14:58:00+05:30,43.55,43.55,43.55,43.55,0,24900
6232,2022-06-17 14:59:00+05:30,43.55,43.55,41.3,41.5,300,24900
6233,2022-06-17 15:00:00+05:30,41.5,44.0,41.5,44.0,1200,25200
6234,2022-06-17 15:01:00+05:30,44.0,47.85,44.0,47.85,300,25200
6235,2022-06-17 15:02:00+05:30,47.85,49.0,47.85,49.0,1500,25200
6236,2022-06-17 15:03:00+05:30,48.45,48.45,48.45,48.45,300,24900
6237,2022-06-17 15:04:00+05:30,48.45,53.05,48.45,53.05,600,24900
6238,2022-06-17 15:05:00+05:30,53.05,53.05,53.05,53.05,0,24900
6239,2022-06-17 15:06:00+05:30,53.8,53.85,53.8,53.85,1200,24900
6240,2022-06-17 15:07:00+05:30,53.85,53.85,52.05,52.05,300,24900
6241,2022-06-17 15:08:00+05:30,52.05,52.05,51.0,51.0,900,24900
6242,2022-06-17 15:09:00+05:30,51.0,51.75,51.0,51.75,300,24900
6243,2022-06-17 15:10:00+05:30,51.75,53.0,51.75,53.0,1500,24900
6244,2022-06-17 15:11:00+05:30,53.0,53.0,52.35,52.4,900,24900
6245,2022-06-17 15:12:00+05:30,52.4,52.4,52.15,52.15,0,24600
6246,2022-06-17 15:13:00+05:30,52.15,52.15,52.15,52.15,1500,24600
6247,2022-06-17 15:14:00+05:30,52.15,52.8,52.15,52.8,300,24600
6248,2022-06-17 15:15:00+05:30,52.8,52.8,52.6,52.6,300,24300
6249,2022-06-17 15:16:00+05:30,52.6,52.6,52.6,52.6,0,24300
6250,2022-06-17 15:17:00+05:30,52.6,52.6,51.5,51.5,300,24300
6251,2022-06-17 15:18:00+05:30,51.5,52.45,51.5,52.45,600,23700
6252,2022-06-17 15:19:00+05:30,52.45,52.45,52.45,52.45,0,23700
6253,2022-06-17 15:20:00+05:30,52.45,52.45,52.45,52.45,0,23700
6254,2022-06-17 15:21:00+05:30,52.45,52.45,52.45,52.45,0,23700
6255,2022-06-17 15:22:00+05:30,52.45,52.45,49.4,49.4,300,24300
6256,2022-06-17 15:23:00+05:30,49.4,49.4,49.4,49.4,0,24300
6257,2022-06-17 15:24:00+05:30,49.4,49.4,48.8,48.8,300,24300
6258,2022-06-17 15:25:00+05:30,48.8,48.8,47.5,48.7,600,24300
6259,2022-06-17 15:26:00+05:30,48.7,48.7,48.7,48.7,300,24300
6260,2022-06-17 15:27:00+05:30,48.7,48.7,48.7,48.7,0,24300
6261,2022-06-17 15:28:00+05:30,48.7,49.1,48.7,49.1,0,24900
6262,2022-06-17 15:29:00+05:30,49.1,49.9,49.1,49.9,1500,24900
6263,2022-06-20 09:15:00+05:30,54.95,54.95,54.95,54.95,0,0
6264,2022-06-20 09:16:00+05:30,55.0,55.0,55.0,55.0,0,24000
6265,2022-06-20 09:17:00+05:30,55.0,55.0,55.0,55.0,0,24000
6266,2022-06-20 09:18:00+05:30,55.0,64.3,55.0,62.0,900,24300
6267,2022-06-20 09:19:00+05:30,62.0,62.0,59.0,60.8,4500,24300
6268,2022-06-20 09:20:00+05:30,60.6,63.05,59.6,59.6,3600,29100
6269,2022-06-20 09:21:00+05:30,59.6,59.6,59.6,59.6,300,29100
6270,2022-06-20 09:22:00+05:30,59.6,59.6,59.05,59.05,600,29100
6271,2022-06-20 09:23:00+05:30,59.0,59.0,58.75,58.75,300,29700
6272,2022-06-20 09:24:00+05:30,58.75,58.75,58.75,58.75,300,29700
6273,2022-06-20 09:25:00+05:30,58.75,59.0,58.75,59.0,0,29700
6274,2022-06-20 09:26:00+05:30,57.95,57.95,57.6,57.6,1200,30600
6275,2022-06-20 09:27:00+05:30,55.05,55.5,55.05,55.5,900,30600
6276,2022-06-20 09:28:00+05:30,55.5,55.5,55.0,55.0,600,30600
6277,2022-06-20 09:29:00+05:30,55.0,55.0,55.0,55.0,0,30600
6278,2022-06-20 09:30:00+05:30,55.0,55.0,55.0,55.0,0,30600
6279,2022-06-20 09:31:00+05:30,54.85,54.85,54.85,54.85,300,30900
6280,2022-06-20 09:32:00+05:30,54.85,55.0,54.85,55.0,600,30900
6281,2022-06-20 09:33:00+05:30,55.0,55.0,52.0,52.0,300,31500
6282,2022-06-20 09:34:00+05:30,52.25,52.25,52.0,52.0,1200,31500
6283,2022-06-20 09:35:00+05:30,52.0,52.0,50.55,50.9,1200,30600
6284,2022-06-20 09:36:00+05:30,50.9,50.9,50.9,50.9,600,30600
6285,2022-06-20 09:37:00+05:30,52.0,52.0,50.6,50.6,300,30600
6286,2022-06-20 09:38:00+05:30,52.0,52.0,52.0,52.0,600,30600
6287,2022-06-20 09:39:00+05:30,52.0,52.0,52.0,52.0,0,30600
6288,2022-06-20 09:40:00+05:30,51.6,51.6,51.0,51.0,600,30300
6289,2022-06-20 09:41:00+05:30,51.0,51.0,51.0,51.0,0,30300
6290,2022-06-20 09:42:00+05:30,51.0,51.0,48.65,50.15,1200,30300
6291,2022-06-20 09:43:00+05:30,50.15,50.35,50.15,50.35,300,30300
6292,2022-06-20 09:44:00+05:30,50.35,50.4,50.35,50.4,600,30300
6293,2022-06-20 09:45:00+05:30,50.4,50.4,50.4,50.4,0,30300
6294,2022-06-20 09:46:00+05:30,50.4,50.4,47.1,47.1,900,29100
6295,2022-06-20 09:47:00+05:30,47.75,47.75,45.9,45.9,900,29100
6296,2022-06-20 09:48:00+05:30,45.9,45.9,45.9,45.9,0,29100
6297,2022-06-20 09:49:00+05:30,45.6,45.6,45.0,45.0,900,29100
6298,2022-06-20 09:50:00+05:30,45.0,45.0,42.35,43.1,600,29100
6299,2022-06-20 09:51:00+05:30,42.5,42.9,42.5,42.9,3000,29100
6300,2022-06-20 09:52:00+05:30,42.9,46.4,42.9,46.4,900,29100
6301,2022-06-20 09:53:00+05:30,45.3,45.3,45.0,45.0,600,27000
6302,2022-06-20 09:54:00+05:30,45.0,45.0,45.0,45.0,300,27000
6303,2022-06-20 09:55:00+05:30,45.0,45.0,45.0,45.0,0,27000
6304,2022-06-20 09:56:00+05:30,45.0,45.0,45.0,45.0,0,27000
6305,2022-06-20 09:57:00+05:30,43.55,43.55,43.55,43.55,300,26700
6306,2022-06-20 09:58:00+05:30,43.55,43.55,43.55,43.55,0,26700
6307,2022-06-20 09:59:00+05:30,43.55,43.55,43.55,43.55,0,26700
6308,2022-06-20 10:00:00+05:30,43.55,44.0,43.55,44.0,300,26400
6309,2022-06-20 10:01:00+05:30,44.0,44.0,42.0,42.0,1800,26400
6310,2022-06-20 10:02:00+05:30,42.0,42.0,42.0,42.0,0,26400
6311,2022-06-20 10:03:00+05:30,42.0,42.0,38.55,38.55,1200,25800
6312,2022-06-20 10:04:00+05:30,38.55,38.55,38.55,38.55,0,25800
6313,2022-06-20 10:05:00+05:30,38.55,41.5,38.55,41.5,600,25800
6314,2022-06-20 10:06:00+05:30,39.85,39.85,39.8,39.8,600,26400
6315,2022-06-20 10:07:00+05:30,39.8,39.8,39.8,39.8,0,26400
6316,2022-06-20 10:08:00+05:30,39.8,40.65,39.8,40.65,300,26400
6317,2022-06-20 10:09:00+05:30,40.65,40.65,40.65,40.65,0,26400
6318,2022-06-20 10:10:00+05:30,40.65,40.65,40.65,40.65,0,26400
6319,2022-06-20 10:11:00+05:30,40.65,40.65,40.65,40.65,0,26400
6320,2022-06-20 10:12:00+05:30,40.8,40.8,39.8,39.8,600,25800
6321,2022-06-20 10:13:00+05:30,39.2,39.7,39.2,39.7,300,25800
6322,2022-06-20 10:14:00+05:30,39.4,39.4,38.55,38.55,900,25800
6323,2022-06-20 10:15:00+05:30,38.55,39.45,38.55,39.45,0,26100
6324,2022-06-20 10:16:00+05:30,39.45,39.45,38.0,38.0,300,26100
6325,2022-06-20 10:17:00+05:30,36.3,37.25,36.3,37.0,3300,27900
6326,2022-06-20 10:18:00+05:30,37.0,37.3,37.0,37.3,300,27900
6327,2022-06-20 10:19:00+05:30,37.3,37.3,37.3,37.3,0,27900
6328,2022-06-20 10:20:00+05:30,37.3,37.3,37.3,37.3,0,27900
6329,2022-06-20 10:21:00+05:30,37.3,40.2,37.3,40.2,0,27600
6330,2022-06-20 10:22:00+05:30,40.2,40.2,40.2,40.2,300,27600
6331,2022-06-20 10:23:00+05:30,40.2,42.55,40.2,42.55,1200,27300
6332,2022-06-20 10:24:00+05:30,42.55,42.9,42.55,42.9,600,27300
6333,2022-06-20 10:25:00+05:30,43.9,44.0,43.0,43.0,1200,27300
6334,2022-06-20 10:26:00+05:30,43.0,43.0,43.0,43.0,0,27300
6335,2022-06-20 10:27:00+05:30,43.0,43.0,40.9,40.9,600,26100
6336,2022-06-20 10:28:00+05:30,40.9,41.6,40.9,41.55,900,26100
6337,2022-06-20 10:29:00+05:30,41.55,41.55,41.45,41.45,0,26400
6338,2022-06-20 10:30:00+05:30,41.45,43.8,41.45,43.8,1200,26400
6339,2022-06-20 10:31:00+05:30,43.8,44.15,43.8,44.15,600,26400
6340,2022-06-20 10:32:00+05:30,44.15,44.15,43.1,43.1,0,24900
6341,2022-06-20 10:33:00+05:30,43.1,43.1,42.85,42.85,1500,24900
6342,2022-06-20 10:34:00+05:30,42.85,42.85,41.75,41.75,1200,24900
6343,2022-06-20 10:35:00+05:30,41.75,42.5,41.75,42.5,300,26400
6344,2022-06-20 10:36:00+05:30,42.5,42.5,42.5,42.5,300,26400
6345,2022-06-20 10:37:00+05:30,42.5,42.65,42.5,42.65,0,26400
6346,2022-06-20 10:38:00+05:30,42.65,42.65,41.8,41.8,600,26400
6347,2022-06-20 10:39:00+05:30,41.8,41.8,41.8,41.8,0,26400
6348,2022-06-20 10:40:00+05:30,41.8,41.8,41.8,41.8,0,26400
6349,2022-06-20 10:41:00+05:30,41.8,41.8,41.55,41.55,300,26400
6350,2022-06-20 10:42:00+05:30,41.55,41.55,41.55,41.55,0,26400
6351,2022-06-20 10:43:00+05:30,41.55,41.55,41.55,41.55,0,26400
6352,2022-06-20 10:44:00+05:30,41.55,41.55,41.55,41.55,0,26400
6353,2022-06-20 10:45:00+05:30,41.55,41.55,41.55,41.55,0,26400
6354,2022-06-20 10:46:00+05:30,41.55,41.55,41.2,41.2,0,26100
6355,2022-06-20 10:47:00+05:30,41.2,41.2,41.2,41.2,300,26100
6356,2022-06-20 10:48:00+05:30,41.2,41.2,41.2,41.2,0,26100
6357,2022-06-20 10:49:00+05:30,41.2,41.2,41.2,41.2,0,26100
6358,2022-06-20 10:50:00+05:30,41.2,41.2,40.95,40.95,600,25800
6359,2022-06-20 10:51:00+05:30,40.95,40.95,40.95,40.95,0,25800
6360,2022-06-20 10:52:00+05:30,40.95,40.95,40.95,40.95,0,25800
6361,2022-06-20 10:53:00+05:30,40.95,40.95,40.95,40.95,300,25800
6362,2022-06-20 10:54:00+05:30,40.95,42.1,40.95,42.1,0,25800
6363,2022-06-20 10:55:00+05:30,42.1,42.1,42.1,42.1,300,25800
6364,2022-06-20 10:56:00+05:30,42.1,42.1,41.2,41.2,300,25800
6365,2022-06-20 10:57:00+05:30,41.2,41.2,41.2,41.2,0,25800
6366,2022-06-20 10:58:00+05:30,41.2,41.2,40.1,40.1,300,25800
6367,2022-06-20 10:59:00+05:30,40.1,40.1,40.1,40.1,300,25800
6368,2022-06-20 11:00:00+05:30,40.1,40.1,40.1,40.1,0,25800
6369,2022-06-20 11:01:00+05:30,40.1,40.1,40.1,40.1,0,25800
6370,2022-06-20 11:02:00+05:30,40.1,40.1,40.1,40.1,0,25800
6371,2022-06-20 11:03:00+05:30,40.1,40.1,40.1,40.1,0,25800
6372,2022-06-20 11:04:00+05:30,40.1,40.1,40.1,40.1,0,25800
6373,2022-06-20 11:05:00+05:30,40.1,40.1,40.1,40.1,0,25800
6374,2022-06-20 11:06:00+05:30,40.1,40.1,38.25,38.25,0,26100
6375,2022-06-20 11:07:00+05:30,38.25,38.25,38.25,38.25,300,26100
6376,2022-06-20 11:08:00+05:30,38.25,38.25,38.25,38.25,0,26100
6377,2022-06-20 11:09:00+05:30,38.25,38.25,38.25,38.25,0,26100
6378,2022-06-20 11:10:00+05:30,38.25,38.25,38.25,38.25,0,26100
6379,2022-06-20 11:11:00+05:30,38.25,38.25,38.25,38.25,0,26100
6380,2022-06-20 11:12:00+05:30,38.25,38.25,38.0,38.0,300,26100
6381,2022-06-20 11:13:00+05:30,38.0,38.0,38.0,38.0,0,26100
6382,2022-06-20 11:14:00+05:30,38.0,38.0,38.0,38.0,0,26100
6383,2022-06-20 11:15:00+05:30,38.0,38.0,38.0,38.0,0,26100
6384,2022-06-20 11:16:00+05:30,38.0,38.0,37.0,37.0,900,26400
6385,2022-06-20 11:17:00+05:30,37.0,37.0,37.0,37.0,0,26400
6386,2022-06-20 11:18:00+05:30,37.0,38.05,37.0,38.05,600,26700
6387,2022-06-20 11:19:00+05:30,38.05,38.05,38.05,38.05,0,26700
6388,2022-06-20 11:20:00+05:30,38.05,38.05,38.05,38.05,0,26700
6389,2022-06-20 11:21:00+05:30,38.05,38.05,38.05,38.05,0,26700
6390,2022-06-20 11:22:00+05:30,38.05,38.05,38.05,38.05,0,26700
6391,2022-06-20 11:23:00+05:30,38.05,39.8,38.05,39.8,0,27300
6392,2022-06-20 11:24:00+05:30,39.8,39.8,38.55,39.25,3000,27300
6393,2022-06-20 11:25:00+05:30,39.65,39.65,38.65,38.65,900,27300
6394,2022-06-20 11:26:00+05:30,38.65,38.65,38.4,38.4,300,27300
6395,2022-06-20 11:27:00+05:30,38.4,38.4,38.0,38.0,300,26100
6396,2022-06-20 11:28:00+05:30,38.0,38.0,38.0,38.0,0,26100
6397,2022-06-20 11:29:00+05:30,38.0,38.0,38.0,38.0,0,26100
6398,2022-06-20 11:30:00+05:30,38.0,38.2,38.0,38.2,300,26400
6399,2022-06-20 11:31:00+05:30,38.2,38.2,38.2,38.2,0,26400
6400,2022-06-20 11:32:00+05:30,38.2,38.2,38.2,38.2,0,26400
6401,2022-06-20 11:33:00+05:30,38.2,38.2,38.2,38.2,0,26400
6402,2022-06-20 11:34:00+05:30,38.2,38.2,38.2,38.2,0,26400
6403,2022-06-20 11:35:00+05:30,38.2,41.1,38.2,41.1,300,26100
6404,2022-06-20 11:36:00+05:30,41.1,41.1,41.1,41.1,0,26100
6405,2022-06-20 11:37:00+05:30,41.1,41.1,41.1,41.1,0,26100
6406,2022-06-20 11:38:00+05:30,41.1,41.1,41.1,41.1,0,26100
6407,2022-06-20 11:39:00+05:30,41.1,42.5,41.1,42.5,300,26100
6408,2022-06-20 11:40:00+05:30,42.5,42.7,42.5,42.7,300,26100
6409,2022-06-20 11:41:00+05:30,42.7,43.9,42.7,43.9,300,26100
6410,2022-06-20 11:42:00+05:30,43.9,43.9,43.6,43.6,0,26100
6411,2022-06-20 11:43:00+05:30,43.6,44.0,43.6,44.0,1200,26100
6412,2022-06-20 11:44:00+05:30,44.0,44.0,43.65,43.65,300,26100
6413,2022-06-20 11:45:00+05:30,43.65,43.65,43.65,43.65,0,26100
6414,2022-06-20 11:46:00+05:30,44.0,44.0,44.0,44.0,300,26100
6415,2022-06-20 11:47:00+05:30,44.0,44.0,44.0,44.0,0,26100
6416,2022-06-20 11:48:00+05:30,44.0,44.0,44.0,44.0,300,26100
6417,2022-06-20 11:49:00+05:30,44.0,44.0,44.0,44.0,0,26100
6418,2022-06-20 11:50:00+05:30,44.0,44.0,43.75,43.75,300,26100
6419,2022-06-20 11:51:00+05:30,43.75,43.75,43.75,43.75,0,26100
6420,2022-06-20 11:52:00+05:30,43.75,43.75,43.75,43.75,0,26100
6421,2022-06-20 11:53:00+05:30,43.75,43.75,43.75,43.75,0,26100
6422,2022-06-20 11:54:00+05:30,43.75,43.75,43.75,43.75,0,26100
6423,2022-06-20 11:55:00+05:30,43.75,43.75,43.75,43.75,0,26100
6424,2022-06-20 11:56:00+05:30,43.75,43.75,43.75,43.75,0,26100
6425,2022-06-20 11:57:00+05:30,43.75,43.75,42.5,42.5,300,26400
6426,2022-06-20 11:58:00+05:30,42.5,42.5,42.2,42.5,600,26400
6427,2022-06-20 11:59:00+05:30,42.5,43.35,42.5,43.35,300,26400
6428,2022-06-20 12:00:00+05:30,43.35,43.35,43.35,43.35,0,26400
6429,2022-06-20 12:01:00+05:30,45.0,45.0,44.5,44.5,900,26400
6430,2022-06-20 12:02:00+05:30,44.5,44.5,44.5,44.5,0,26400
6431,2022-06-20 12:03:00+05:30,44.5,44.5,43.05,43.05,300,26700
6432,2022-06-20 12:04:00+05:30,43.05,43.05,43.05,43.05,0,26700
6433,2022-06-20 12:05:00+05:30,43.05,43.05,43.05,43.05,0,26700
6434,2022-06-20 12:06:00+05:30,43.05,43.05,43.05,43.05,0,26700
6435,2022-06-20 12:07:00+05:30,43.05,43.05,43.05,43.05,0,26700
6436,2022-06-20 12:08:00+05:30,43.05,43.05,43.05,43.05,0,26700
6437,2022-06-20 12:09:00+05:30,43.05,43.05,43.05,43.05,0,26700
6438,2022-06-20 12:10:00+05:30,43.05,43.05,43.05,43.05,0,26700
6439,2022-06-20 12:11:00+05:30,43.05,43.05,43.05,43.05,0,26700
6440,2022-06-20 12:12:00+05:30,43.05,43.05,43.05,43.05,0,26700
6441,2022-06-20 12:13:00+05:30,43.05,44.45,43.0,44.45,900,26700
6442,2022-06-20 12:14:00+05:30,44.45,44.45,44.45,44.45,0,26700
6443,2022-06-20 12:15:00+05:30,44.45,44.45,44.45,44.45,0,26700
6444,2022-06-20 12:16:00+05:30,44.45,44.45,44.45,44.45,0,26700
6445,2022-06-20 12:17:00+05:30,44.45,44.45,44.45,44.45,0,26700
6446,2022-06-20 12:18:00+05:30,44.45,44.7,44.45,44.7,300,27000
6447,2022-06-20 12:19:00+05:30,44.7,45.45,44.7,45.4,300,27000
6448,2022-06-20 12:20:00+05:30,45.4,45.4,45.4,45.4,600,27000
6449,2022-06-20 12:21:00+05:30,45.4,45.4,45.4,45.4,0,27000
6450,2022-06-20 12:22:00+05:30,45.4,45.4,45.4,45.4,0,27000
6451,2022-06-20 12:23:00+05:30,45.4,45.4,45.4,45.4,0,27000
6452,2022-06-20 12:24:00+05:30,45.4,45.4,45.4,45.4,0,27000
6453,2022-06-20 12:25:00+05:30,45.4,45.4,45.4,45.4,0,27000
6454,2022-06-20 12:26:00+05:30,45.4,45.4,45.4,45.4,0,27000
6455,2022-06-20 12:27:00+05:30,45.4,45.4,44.7,44.9,1500,27000
6456,2022-06-20 12:28:00+05:30,44.9,44.9,44.9,44.9,0,27000
6457,2022-06-20 12:29:00+05:30,44.9,45.1,44.9,45.1,300,27000
6458,2022-06-20 12:30:00+05:30,45.1,45.1,45.1,45.1,0,27000
6459,2022-06-20 12:31:00+05:30,45.1,45.4,45.1,45.4,300,27000
6460,2022-06-20 12:32:00+05:30,45.4,45.4,45.4,45.4,0,27000
6461,2022-06-20 12:33:00+05:30,45.4,45.4,45.4,45.4,0,27000
6462,2022-06-20 12:34:00+05:30,45.4,45.4,45.4,45.4,0,27000
6463,2022-06-20 12:35:00+05:30,45.4,45.4,45.4,45.4,0,27000
6464,2022-06-20 12:36:00+05:30,45.4,45.4,45.4,45.4,0,27000
6465,2022-06-20 12:37:00+05:30,45.4,45.4,45.4,45.4,0,27000
6466,2022-06-20 12:38:00+05:30,45.4,45.4,45.4,45.4,0,27000
6467,2022-06-20 12:39:00+05:30,45.4,45.4,45.4,45.4,0,27000
6468,2022-06-20 12:40:00+05:30,45.4,45.4,45.4,45.4,0,27000
6469,2022-06-20 12:41:00+05:30,45.4,45.4,45.4,45.4,0,27000
6470,2022-06-20 12:42:00+05:30,45.4,45.4,45.4,45.4,0,27000
6471,2022-06-20 12:43:00+05:30,45.4,45.4,45.05,45.05,0,27000
6472,2022-06-20 12:44:00+05:30,45.05,45.05,45.05,45.05,300,27000
6473,2022-06-20 12:45:00+05:30,45.05,45.05,45.05,45.05,0,27000
6474,2022-06-20 12:46:00+05:30,45.05,45.05,45.05,45.05,0,27000
6475,2022-06-20 12:47:00+05:30,45.05,47.25,45.05,47.25,0,27000
6476,2022-06-20 12:48:00+05:30,47.25,47.25,46.35,46.35,600,26700
6477,2022-06-20 12:49:00+05:30,46.35,46.6,46.35,46.6,300,26700
6478,2022-06-20 12:50:00+05:30,46.6,46.6,46.6,46.6,0,26700
6479,2022-06-20 12:51:00+05:30,46.6,46.6,46.6,46.6,0,26700
6480,2022-06-20 12:52:00+05:30,46.6,47.0,46.55,47.0,600,27000
6481,2022-06-20 12:53:00+05:30,47.0,47.0,47.0,47.0,0,27000
6482,2022-06-20 12:54:00+05:30,47.0,47.0,47.0,47.0,0,27000
6483,2022-06-20 12:55:00+05:30,47.0,48.15,47.0,48.15,900,26700
6484,2022-06-20 12:56:00+05:30,48.15,48.15,47.6,47.6,1200,26700
6485,2022-06-20 12:57:00+05:30,47.6,47.6,47.6,47.6,300,25800
6486,2022-06-20 12:58:00+05:30,47.6,47.6,46.8,46.8,300,25800
6487,2022-06-20 12:59:00+05:30,46.8,47.4,46.8,47.3,600,25800
6488,2022-06-20 13:00:00+05:30,47.3,47.3,47.3,47.3,300,25800
6489,2022-06-20 13:01:00+05:30,47.3,47.3,46.5,46.5,300,25800
6490,2022-06-20 13:02:00+05:30,46.5,46.5,46.5,46.5,0,25800
6491,2022-06-20 13:03:00+05:30,46.5,47.5,46.5,47.5,0,25500
6492,2022-06-20 13:04:00+05:30,47.5,48.0,47.5,48.0,300,25500
6493,2022-06-20 13:05:00+05:30,48.0,48.0,48.0,48.0,300,25500
6494,2022-06-20 13:06:00+05:30,48.0,50.1,48.0,50.1,600,25500
6495,2022-06-20 13:07:00+05:30,50.1,50.1,50.1,50.1,0,25500
6496,2022-06-20 13:08:00+05:30,50.1,50.55,50.1,50.55,300,25500
6497,2022-06-20 13:09:00+05:30,50.55,50.55,50.55,50.55,0,25500
6498,2022-06-20 13:10:00+05:30,50.55,50.55,50.55,50.55,0,25500
6499,2022-06-20 13:11:00+05:30,50.55,51.05,50.55,51.05,300,25500
6500,2022-06-20 13:12:00+05:30,51.05,51.05,51.0,51.05,600,25500
6501,2022-06-20 13:13:00+05:30,51.05,51.05,50.25,50.25,300,25500
6502,2022-06-20 13:14:00+05:30,50.25,50.25,50.25,50.25,0,25500
6503,2022-06-20 13:15:00+05:30,50.25,50.25,50.25,50.25,0,25500
6504,2022-06-20 13:16:00+05:30,50.25,50.65,49.8,50.65,600,25500
6505,2022-06-20 13:17:00+05:30,50.65,50.65,50.65,50.65,300,25500
6506,2022-06-20 13:18:00+05:30,50.65,50.65,50.65,50.65,0,25500
6507,2022-06-20 13:19:00+05:30,50.65,50.65,50.65,50.65,0,25500
6508,2022-06-20 13:20:00+05:30,50.65,51.3,50.65,51.3,0,25200
6509,2022-06-20 13:21:00+05:30,51.3,51.3,51.3,51.3,300,25200
6510,2022-06-20 13:22:00+05:30,51.3,52.25,51.3,52.25,900,25200
6511,2022-06-20 13:23:00+05:30,52.25,52.25,52.25,52.25,0,25200
6512,2022-06-20 13:24:00+05:30,52.25,52.25,51.25,51.25,600,24900
6513,2022-06-20 13:25:00+05:30,51.25,51.25,51.25,51.25,0,24900
6514,2022-06-20 13:26:00+05:30,51.25,51.25,51.25,51.25,0,24900
6515,2022-06-20 13:27:00+05:30,51.25,51.25,49.95,49.95,300,24900
6516,2022-06-20 13:28:00+05:30,49.95,49.95,49.95,49.95,300,24900
6517,2022-06-20 13:29:00+05:30,49.95,49.95,49.95,49.95,300,24900
6518,2022-06-20 13:30:00+05:30,49.95,49.95,49.95,49.95,0,24900
6519,2022-06-20 13:31:00+05:30,49.95,50.0,49.95,50.0,900,24900
6520,2022-06-20 13:32:00+05:30,50.0,50.0,50.0,50.0,0,24900
6521,2022-06-20 13:33:00+05:30,50.0,51.75,50.0,51.75,0,25200
6522,2022-06-20 13:34:00+05:30,51.75,52.45,51.75,52.45,600,25200
6523,2022-06-20 13:35:00+05:30,52.45,52.45,52.45,52.45,0,25200
6524,2022-06-20 13:36:00+05:30,52.45,52.45,52.45,52.45,0,25200
6525,2022-06-20 13:37:00+05:30,52.45,52.45,52.45,52.45,0,25200
6526,2022-06-20 13:38:00+05:30,52.45,52.45,52.45,52.45,0,25200
6527,2022-06-20 13:39:00+05:30,52.45,52.45,52.45,52.45,0,25200
6528,2022-06-20 13:40:00+05:30,52.45,52.45,52.45,52.45,0,25200
6529,2022-06-20 13:41:00+05:30,52.45,52.45,52.45,52.45,0,25200
6530,2022-06-20 13:42:00+05:30,52.45,52.45,52.45,52.45,0,25200
6531,2022-06-20 13:43:00+05:30,52.45,52.45,52.45,52.45,0,25200
6532,2022-06-20 13:44:00+05:30,52.45,52.45,52.45,52.45,0,25200
6533,2022-06-20 13:45:00+05:30,52.45,53.25,52.45,52.85,600,24600
6534,2022-06-20 13:46:00+05:30,52.85,52.85,52.65,52.65,900,24600
6535,2022-06-20 13:47:00+05:30,52.65,54.0,52.65,53.7,1500,24600
6536,2022-06-20 13:48:00+05:30,53.65,53.65,53.65,53.65,300,24600
6537,2022-06-20 13:49:00+05:30,53.65,53.65,53.65,53.65,0,24600
6538,2022-06-20 13:50:00+05:30,53.65,53.65,53.65,53.65,0,24600
6539,2022-06-20 13:51:00+05:30,52.8,52.8,52.8,52.8,300,24300
6540,2022-06-20 13:52:00+05:30,52.8,52.8,51.05,51.5,1200,24300
6541,2022-06-20 13:53:00+05:30,51.5,51.5,51.5,51.5,0,24300
6542,2022-06-20 13:54:00+05:30,51.5,51.5,51.5,51.5,0,24300
6543,2022-06-20 13:55:00+05:30,51.5,51.5,51.5,51.5,0,24300
6544,2022-06-20 13:56:00+05:30,51.5,53.75,51.5,53.7,600,24000
6545,2022-06-20 13:57:00+05:30,53.7,53.7,53.65,53.65,900,23700
6546,2022-06-20 13:58:00+05:30,53.65,53.65,53.65,53.65,0,23700
6547,2022-06-20 13:59:00+05:30,53.65,53.65,53.65,53.65,0,23700
6548,2022-06-20 14:00:00+05:30,51.5,52.6,51.5,52.6,600,22500
6549,2022-06-20 14:01:00+05:30,52.6,52.6,52.6,52.6,300,22500
6550,2022-06-20 14:02:00+05:30,52.6,52.6,52.6,52.6,0,22500
6551,2022-06-20 14:03:00+05:30,52.6,52.6,52.6,52.6,0,22500
6552,2022-06-20 14:04:00+05:30,52.6,53.0,52.6,53.0,300,22200
6553,2022-06-20 14:05:00+05:30,53.0,53.0,53.0,53.0,300,22200
6554,2022-06-20 14:06:00+05:30,53.0,53.0,53.0,53.0,0,22200
6555,2022-06-20 14:07:00+05:30,53.0,53.0,53.0,53.0,0,22200
6556,2022-06-20 14:08:00+05:30,54.25,54.25,54.15,54.15,600,21900
6557,2022-06-20 14:09:00+05:30,54.15,54.15,54.15,54.15,0,21900
6558,2022-06-20 14:10:00+05:30,54.15,54.15,52.5,52.5,600,21900
6559,2022-06-20 14:11:00+05:30,52.55,52.75,52.55,52.75,600,21900
6560,2022-06-20 14:12:00+05:30,52.75,52.75,52.75,52.75,0,21900
6561,2022-06-20 14:13:00+05:30,52.75,52.75,52.75,52.75,0,21900
6562,2022-06-20 14:14:00+05:30,52.75,52.75,52.75,52.75,0,21900
6563,2022-06-20 14:15:00+05:30,52.75,52.75,51.0,51.0,300,22200
6564,2022-06-20 14:16:00+05:30,51.0,51.0,51.0,51.0,0,22200
6565,2022-06-20 14:17:00+05:30,51.0,51.0,51.0,51.0,0,22200
6566,2022-06-20 14:18:00+05:30,50.05,50.05,50.05,50.05,300,22200
6567,2022-06-20 14:19:00+05:30,50.05,50.05,50.05,50.05,0,22200
6568,2022-06-20 14:20:00+05:30,50.05,50.05,50.05,50.05,0,22200
6569,2022-06-20 14:21:00+05:30,50.05,50.05,50.05,50.05,0,22200
6570,2022-06-20 14:22:00+05:30,50.05,50.05,50.05,50.05,0,22200
6571,2022-06-20 14:23:00+05:30,50.05,50.05,50.05,50.05,0,22200
6572,2022-06-20 14:24:00+05:30,50.05,50.05,50.05,50.05,0,22200
6573,2022-06-20 14:25:00+05:30,50.05,51.75,50.05,51.75,600,22200
6574,2022-06-20 14:26:00+05:30,51.75,52.0,51.75,52.0,0,22200
6575,2022-06-20 14:27:00+05:30,52.0,52.0,52.0,52.0,1200,21300
6576,2022-06-20 14:28:00+05:30,54.85,56.4,54.85,56.4,1800,21300
6577,2022-06-20 14:29:00+05:30,55.95,56.5,55.95,56.25,1800,21300
6578,2022-06-20 14:30:00+05:30,56.4,57.1,55.25,56.1,6900,21600
6579,2022-06-20 14:31:00+05:30,56.1,59.8,56.1,58.6,3900,21600
6580,2022-06-20 14:32:00+05:30,58.9,62.35,58.45,61.7,7500,21600
6581,2022-06-20 14:33:00+05:30,62.3,63.45,59.35,59.45,4800,25800
6582,2022-06-20 14:34:00+05:30,59.45,60.8,59.4,59.4,10800,25800
6583,2022-06-20 14:35:00+05:30,59.4,60.7,59.4,60.7,900,25800
6584,2022-06-20 14:36:00+05:30,60.7,60.7,58.55,58.55,1800,29400
6585,2022-06-20 14:37:00+05:30,58.55,58.55,56.7,56.9,900,29400
6586,2022-06-20 14:38:00+05:30,56.9,56.9,56.2,56.2,900,29400
6587,2022-06-20 14:39:00+05:30,56.2,56.2,54.65,55.0,900,29400
6588,2022-06-20 14:40:00+05:30,55.0,57.35,55.0,57.15,900,29400
6589,2022-06-20 14:41:00+05:30,57.15,57.15,57.15,57.15,0,29400
6590,2022-06-20 14:42:00+05:30,57.15,57.15,57.1,57.1,300,30000
6591,2022-06-20 14:43:00+05:30,57.1,57.1,57.1,57.1,0,30000
6592,2022-06-20 14:44:00+05:30,57.1,57.1,57.1,57.1,0,30000
6593,2022-06-20 14:45:00+05:30,57.75,57.75,57.75,57.75,600,30000
6594,2022-06-20 14:46:00+05:30,57.75,58.2,57.75,58.2,300,29400
6595,2022-06-20 14:47:00+05:30,58.2,58.2,57.8,57.8,900,29400
6596,2022-06-20 14:48:00+05:30,57.8,58.75,57.8,57.85,2700,30600
6597,2022-06-20 14:49:00+05:30,57.85,57.85,54.65,55.75,2100,30600
6598,2022-06-20 14:50:00+05:30,56.05,56.05,55.05,55.05,900,30600
6599,2022-06-20 14:51:00+05:30,54.15,54.45,53.6,54.45,2400,30900
6600,2022-06-20 14:52:00+05:30,54.45,55.4,54.45,55.4,300,30900
6601,2022-06-20 14:53:00+05:30,55.4,55.4,54.8,54.8,300,30900
6602,2022-06-20 14:54:00+05:30,54.8,54.8,54.8,54.8,0,30900
6603,2022-06-20 14:55:00+05:30,54.8,54.85,54.8,54.85,300,30300
6604,2022-06-20 14:56:00+05:30,54.85,54.85,54.85,54.85,0,30300
6605,2022-06-20 14:57:00+05:30,54.85,56.1,54.85,56.1,300,30000
6606,2022-06-20 14:58:00+05:30,56.1,56.1,56.1,56.1,0,30000
6607,2022-06-20 14:59:00+05:30,56.1,56.1,56.1,56.1,0,30000
6608,2022-06-20 15:00:00+05:30,56.1,57.4,56.1,57.1,1200,30000
6609,2022-06-20 15:01:00+05:30,57.1,58.55,57.1,58.25,900,30000
6610,2022-06-20 15:02:00+05:30,56.55,56.55,56.0,56.0,900,30000
6611,2022-06-20 15:03:00+05:30,56.0,56.0,56.0,56.0,0,30000
6612,2022-06-20 15:04:00+05:30,56.0,56.0,53.9,53.9,0,31500
6613,2022-06-20 15:05:00+05:30,53.9,54.05,53.9,54.05,900,31500
6614,2022-06-20 15:06:00+05:30,54.05,54.05,54.05,54.05,0,31500
6615,2022-06-20 15:07:00+05:30,54.05,54.3,54.05,54.3,600,30900
6616,2022-06-20 15:08:00+05:30,54.3,54.3,54.3,54.3,0,30900
6617,2022-06-20 15:09:00+05:30,54.3,54.3,54.3,54.3,600,30900
6618,2022-06-20 15:10:00+05:30,54.3,54.3,54.3,54.3,0,30900
6619,2022-06-20 15:11:00+05:30,54.3,54.3,54.3,54.3,0,30900
6620,2022-06-20 15:12:00+05:30,54.3,54.3,51.45,51.45,1800,30900
6621,2022-06-20 15:13:00+05:30,51.45,51.45,51.45,51.45,0,30900
6622,2022-06-20 15:14:00+05:30,53.0,53.0,53.0,53.0,600,30900
6623,2022-06-20 15:15:00+05:30,53.0,53.0,53.0,53.0,0,30900
6624,2022-06-20 15:16:00+05:30,53.0,53.0,50.3,50.3,600,29400
6625,2022-06-20 15:17:00+05:30,50.3,50.3,49.95,49.95,300,29400
6626,2022-06-20 15:18:00+05:30,49.4,49.95,49.4,49.4,300,29400
6627,2022-06-20 15:19:00+05:30,49.4,49.4,49.4,49.4,0,29400
6628,2022-06-20 15:20:00+05:30,49.4,49.4,49.4,49.4,0,29400
6629,2022-06-20 15:21:00+05:30,49.4,49.4,49.4,49.4,0,29400
6630,2022-06-20 15:22:00+05:30,49.4,50.5,49.4,50.5,1200,29700
6631,2022-06-20 15:23:00+05:30,50.5,50.5,50.5,50.5,1800,29700
6632,2022-06-20 15:24:00+05:30,50.5,50.5,49.0,49.0,600,28200
6633,2022-06-20 15:25:00+05:30,49.0,49.0,49.0,49.0,600,28200
6634,2022-06-20 15:26:00+05:30,49.0,49.0,47.2,47.2,600,28200
6635,2022-06-20 15:27:00+05:30,47.2,47.2,47.2,47.2,0,28200
6636,2022-06-20 15:28:00+05:30,47.2,47.2,47.2,47.2,0,28200
6637,2022-06-20 15:29:00+05:30,47.2,47.2,47.2,47.2,0,28200
6638,2022-06-21 09:21:00+05:30,46.55,46.55,39.65,41.15,0,27900
6639,2022-06-21 09:22:00+05:30,42.35,43.1,42.15,42.5,4800,27900
6640,2022-06-21 09:23:00+05:30,41.85,42.0,41.15,41.4,4500,29700
6641,2022-06-21 09:24:00+05:30,41.55,44.15,41.1,44.05,3300,29700
6642,2022-06-21 09:25:00+05:30,44.15,44.15,43.0,43.5,5700,29700
6643,2022-06-21 09:26:00+05:30,43.5,43.65,42.4,43.35,0,30600
6644,2022-06-21 09:27:00+05:30,43.35,43.55,43.35,43.55,4500,30600
6645,2022-06-21 09:28:00+05:30,43.25,43.6,43.25,43.6,1200,30600
6646,2022-06-21 09:29:00+05:30,43.6,43.6,43.6,43.6,0,30600
6647,2022-06-21 09:30:00+05:30,43.6,45.0,42.85,44.9,3000,30900
6648,2022-06-21 09:31:00+05:30,44.9,44.9,44.2,44.2,900,30900
6649,2022-06-21 09:32:00+05:30,42.7,43.3,42.0,42.0,900,34200
6650,2022-06-21 09:33:00+05:30,42.0,43.7,42.0,43.7,1200,34200
6651,2022-06-21 09:34:00+05:30,43.7,43.7,43.7,43.7,900,34200
6652,2022-06-21 09:35:00+05:30,43.7,43.7,43.1,43.25,600,34200
6653,2022-06-21 09:36:00+05:30,43.25,43.25,42.85,42.85,600,35100
6654,2022-06-21 09:37:00+05:30,42.85,42.85,42.85,42.85,0,35100
6655,2022-06-21 09:38:00+05:30,43.55,43.55,43.55,43.55,300,35100
6656,2022-06-21 09:39:00+05:30,43.55,43.7,43.55,43.7,600,34800
6657,2022-06-21 09:40:00+05:30,43.7,43.7,43.7,43.7,0,34800
6658,2022-06-21 09:41:00+05:30,42.2,42.85,41.85,42.05,2700,36600
6659,2022-06-21 09:42:00+05:30,42.05,42.05,40.75,40.75,0,36600
6660,2022-06-21 09:43:00+05:30,40.75,41.75,40.75,41.15,600,36600
6661,2022-06-21 09:44:00+05:30,41.4,41.4,40.7,40.7,1500,36900
6662,2022-06-21 09:45:00+05:30,40.7,40.7,40.7,40.7,600,36900
6663,2022-06-21 09:46:00+05:30,40.7,40.7,37.5,38.15,1800,36900
6664,2022-06-21 09:47:00+05:30,38.15,38.15,35.55,35.55,600,37500
6665,2022-06-21 09:48:00+05:30,35.55,35.55,34.0,34.0,1500,37500
6666,2022-06-21 09:49:00+05:30,33.35,34.25,33.3,33.3,1500,37500
6667,2022-06-21 09:50:00+05:30,33.3,33.55,33.3,33.55,600,37500
6668,2022-06-21 09:51:00+05:30,33.55,33.55,33.2,33.2,300,37200
6669,2022-06-21 09:52:00+05:30,33.2,33.6,33.0,33.6,2700,37200
6670,2022-06-21 09:53:00+05:30,33.6,33.6,33.0,33.0,900,36900
6671,2022-06-21 09:54:00+05:30,33.0,33.15,32.9,33.15,600,36900
6672,2022-06-21 09:55:00+05:30,33.15,33.15,32.65,32.65,600,36900
6673,2022-06-21 09:56:00+05:30,32.65,32.65,32.25,32.25,600,36900
6674,2022-06-21 09:57:00+05:30,32.25,32.25,32.25,32.25,0,36900
6675,2022-06-21 09:58:00+05:30,32.25,32.3,32.25,32.3,900,38100
6676,2022-06-21 09:59:00+05:30,32.3,32.95,32.3,32.3,1500,38100
6677,2022-06-21 10:00:00+05:30,32.25,32.5,32.25,32.5,1800,37200
6678,2022-06-21 10:01:00+05:30,32.5,32.5,32.25,32.25,300,37200
6679,2022-06-21 10:02:00+05:30,32.25,32.25,31.8,31.8,600,37200
6680,2022-06-21 10:03:00+05:30,31.8,31.8,28.3,28.3,300,37200
6681,2022-06-21 10:04:00+05:30,28.3,28.3,27.5,27.5,600,37200
6682,2022-06-21 10:05:00+05:30,27.5,28.75,27.5,28.75,1500,37500
6683,2022-06-21 10:06:00+05:30,28.75,28.75,26.3,26.3,1200,37500
6684,2022-06-21 10:07:00+05:30,26.95,27.85,25.7,25.7,1500,37500
6685,2022-06-21 10:08:00+05:30,25.35,25.6,25.35,25.6,300,37200
6686,2022-06-21 10:09:00+05:30,24.25,24.25,23.65,23.65,3600,37200
6687,2022-06-21 10:10:00+05:30,23.65,24.15,23.5,24.15,600,37200
6688,2022-06-21 10:11:00+05:30,24.45,25.05,24.45,25.05,900,37200
6689,2022-06-21 10:12:00+05:30,25.05,25.5,25.05,25.5,300,36600
6690,2022-06-21 10:13:00+05:30,25.5,25.5,25.5,25.5,0,36600
6691,2022-06-21 10:14:00+05:30,25.5,25.5,25.5,25.5,0,36600
6692,2022-06-21 10:15:00+05:30,25.5,25.5,25.5,25.5,0,36600
6693,2022-06-21 10:16:00+05:30,25.5,25.5,25.5,25.5,0,36600
6694,2022-06-21 10:17:00+05:30,27.0,27.0,27.0,27.0,900,36900
6695,2022-06-21 10:18:00+05:30,27.0,27.0,27.0,27.0,0,36900
6696,2022-06-21 10:19:00+05:30,27.0,27.0,27.0,27.0,0,36900
6697,2022-06-21 10:20:00+05:30,27.0,27.0,27.0,27.0,0,36900
6698,2022-06-21 10:21:00+05:30,27.0,27.0,27.0,27.0,0,36900
6699,2022-06-21 10:22:00+05:30,27.0,27.0,27.0,27.0,0,36900
6700,2022-06-21 10:23:00+05:30,27.0,27.0,27.0,27.0,0,36900
6701,2022-06-21 10:24:00+05:30,27.0,27.0,27.0,27.0,0,36900
6702,2022-06-21 10:25:00+05:30,27.0,27.0,27.0,27.0,0,36900
6703,2022-06-21 10:26:00+05:30,27.0,27.0,26.8,26.8,300,36900
6704,2022-06-21 10:27:00+05:30,26.8,26.8,26.8,26.8,0,36900
6705,2022-06-21 10:28:00+05:30,26.8,26.8,26.8,26.8,0,36900
6706,2022-06-21 10:29:00+05:30,26.8,26.8,26.8,26.8,0,36900
6707,2022-06-21 10:30:00+05:30,26.8,26.8,26.8,26.8,0,36900
6708,2022-06-21 10:31:00+05:30,26.8,26.8,26.8,26.8,0,36900
6709,2022-06-21 10:32:00+05:30,26.8,26.8,26.35,26.35,1200,37200
6710,2022-06-21 10:33:00+05:30,26.35,26.35,26.35,26.35,0,37200
6711,2022-06-21 10:34:00+05:30,26.35,26.35,26.35,26.35,0,37200
6712,2022-06-21 10:35:00+05:30,26.35,26.35,26.35,26.35,0,37200
6713,2022-06-21 10:36:00+05:30,26.35,28.65,26.35,28.65,300,36900
6714,2022-06-21 10:37:00+05:30,29.15,29.55,29.15,29.55,600,36900
6715,2022-06-21 10:38:00+05:30,29.5,29.5,29.5,29.5,300,36900
6716,2022-06-21 10:39:00+05:30,29.5,29.5,29.5,29.5,0,36900
6717,2022-06-21 10:40:00+05:30,29.5,29.5,29.5,29.5,0,36900
6718,2022-06-21 10:41:00+05:30,29.5,29.5,29.5,29.5,0,36900
6719,2022-06-21 10:42:00+05:30,29.5,29.5,29.5,29.5,0,36900
6720,2022-06-21 10:43:00+05:30,29.5,29.6,29.5,29.6,0,36000
6721,2022-06-21 10:44:00+05:30,29.6,30.85,29.6,30.85,1200,36000
6722,2022-06-21 10:45:00+05:30,30.85,31.5,30.85,31.5,900,36300
6723,2022-06-21 10:46:00+05:30,31.5,31.5,31.5,31.5,0,36300
6724,2022-06-21 10:47:00+05:30,31.5,31.5,31.5,31.5,0,36300
6725,2022-06-21 10:48:00+05:30,31.5,31.5,31.5,31.5,0,36300
6726,2022-06-21 10:49:00+05:30,31.5,31.5,31.5,31.5,0,36300
6727,2022-06-21 10:50:00+05:30,31.5,31.5,31.5,31.5,0,36300
6728,2022-06-21 10:51:00+05:30,31.5,31.5,31.5,31.5,0,36300
6729,2022-06-21 10:52:00+05:30,31.5,31.5,31.5,31.5,0,36300
6730,2022-06-21 10:53:00+05:30,31.5,31.5,31.0,31.0,1500,36600
6731,2022-06-21 10:54:00+05:30,31.0,31.0,31.0,31.0,0,36600
6732,2022-06-21 10:55:00+05:30,31.0,31.0,31.0,31.0,0,36600
6733,2022-06-21 10:56:00+05:30,31.0,31.2,31.0,31.2,300,36300
6734,2022-06-21 10:57:00+05:30,31.2,31.2,31.2,31.2,0,36300
6735,2022-06-21 10:58:00+05:30,31.2,31.7,31.2,31.7,300,36300
6736,2022-06-21 10:59:00+05:30,31.7,31.7,31.7,31.7,0,36300
6737,2022-06-21 11:00:00+05:30,31.7,31.7,31.7,31.7,0,36300
6738,2022-06-21 11:01:00+05:30,31.7,31.7,31.7,31.7,0,36300
6739,2022-06-21 11:02:00+05:30,31.7,31.7,31.7,31.7,0,36300
6740,2022-06-21 11:03:00+05:30,31.7,31.7,31.7,31.7,0,36300
6741,2022-06-21 11:04:00+05:30,31.7,31.7,31.7,31.7,0,36300
6742,2022-06-21 11:05:00+05:30,31.7,31.7,31.7,31.7,0,36300
6743,2022-06-21 11:06:00+05:30,31.7,31.7,31.7,31.7,0,36300
6744,2022-06-21 11:07:00+05:30,31.7,31.7,31.7,31.7,0,36300
6745,2022-06-21 11:08:00+05:30,31.7,31.7,31.7,31.7,0,36300
6746,2022-06-21 11:09:00+05:30,31.7,31.7,31.7,31.7,0,36300
6747,2022-06-21 11:10:00+05:30,31.7,31.7,31.7,31.7,0,36300
6748,2022-06-21 11:11:00+05:30,31.7,31.7,31.7,31.7,0,36300
6749,2022-06-21 11:12:00+05:30,31.7,31.7,31.7,31.7,0,36300
6750,2022-06-21 11:13:00+05:30,31.7,31.7,31.7,31.7,0,36300
6751,2022-06-21 11:14:00+05:30,31.7,31.7,31.7,31.7,0,36300
6752,2022-06-21 11:15:00+05:30,31.7,31.7,31.7,31.7,0,36300
6753,2022-06-21 11:16:00+05:30,31.7,31.7,31.7,31.7,0,36300
6754,2022-06-21 11:17:00+05:30,31.7,31.7,31.7,31.7,0,36300
6755,2022-06-21 11:18:00+05:30,31.7,31.7,31.7,31.7,0,36300
6756,2022-06-21 11:19:00+05:30,31.7,31.7,31.7,31.7,0,36300
6757,2022-06-21 11:20:00+05:30,31.7,31.7,31.7,31.7,0,36300
6758,2022-06-21 11:21:00+05:30,31.7,31.7,31.7,31.7,0,36300
6759,2022-06-21 11:22:00+05:30,31.7,31.7,31.7,31.7,0,36300
6760,2022-06-21 11:23:00+05:30,31.7,31.7,31.7,31.7,0,36300
6761,2022-06-21 11:24:00+05:30,31.7,31.7,31.7,31.7,0,36300
6762,2022-06-21 11:25:00+05:30,31.7,31.7,31.7,31.7,0,36300
6763,2022-06-21 11:26:00+05:30,31.7,31.7,31.7,31.7,0,36300
6764,2022-06-21 11:27:00+05:30,31.7,31.7,31.7,31.7,0,36300
6765,2022-06-21 11:28:00+05:30,31.7,31.7,31.7,31.7,0,36300
6766,2022-06-21 11:29:00+05:30,31.7,32.3,31.7,32.2,600,36600
6767,2022-06-21 11:30:00+05:30,32.2,32.2,32.2,32.2,0,36600
6768,2022-06-21 11:31:00+05:30,32.2,32.2,32.2,32.2,0,36600
6769,2022-06-21 11:32:00+05:30,32.2,32.2,32.2,32.2,0,36600
6770,2022-06-21 11:33:00+05:30,32.2,32.2,32.2,32.2,0,36600
6771,2022-06-21 11:34:00+05:30,32.2,32.2,32.2,32.2,0,36600
6772,2022-06-21 11:35:00+05:30,32.2,32.2,32.2,32.2,0,36600
6773,2022-06-21 11:36:00+05:30,32.2,32.2,32.2,32.2,0,36600
6774,2022-06-21 11:37:00+05:30,32.2,32.2,32.2,32.2,0,36600
6775,2022-06-21 11:38:00+05:30,32.2,32.2,31.5,31.5,300,37200
6776,2022-06-21 11:39:00+05:30,31.5,31.5,31.5,31.5,0,37200
6777,2022-06-21 11:40:00+05:30,31.5,31.5,31.5,31.5,0,37200
6778,2022-06-21 11:41:00+05:30,31.5,31.5,31.5,31.5,0,37200
6779,2022-06-21 11:42:00+05:30,31.5,31.5,31.5,31.5,0,37200
6780,2022-06-21 11:43:00+05:30,31.5,31.5,31.5,31.5,0,37200
6781,2022-06-21 11:44:00+05:30,31.5,31.5,31.5,31.5,0,37200
6782,2022-06-21 11:45:00+05:30,31.5,31.5,31.5,31.5,0,37200
6783,2022-06-21 11:46:00+05:30,31.5,31.5,31.5,31.5,0,37200
6784,2022-06-21 11:47:00+05:30,31.5,31.5,31.5,31.5,0,37200
6785,2022-06-21 11:48:00+05:30,31.5,31.5,31.5,31.5,0,37200
6786,2022-06-21 11:49:00+05:30,31.5,31.5,31.5,31.5,0,37200
6787,2022-06-21 11:50:00+05:30,31.5,31.5,30.1,30.1,0,37200
6788,2022-06-21 11:51:00+05:30,30.1,30.1,30.1,30.1,2100,37200
6789,2022-06-21 11:52:00+05:30,30.1,30.1,30.1,30.1,0,37200
6790,2022-06-21 11:53:00+05:30,30.1,30.1,30.1,30.1,0,37200
6791,2022-06-21 11:54:00+05:30,30.1,30.1,30.1,30.1,0,37200
6792,2022-06-21 11:55:00+05:30,30.1,30.1,30.1,30.1,0,37200
6793,2022-06-21 11:56:00+05:30,30.1,30.1,30.1,30.1,0,37200
6794,2022-06-21 11:57:00+05:30,30.1,30.1,30.1,30.1,0,37200
6795,2022-06-21 11:58:00+05:30,30.1,30.1,30.1,30.1,0,37200
6796,2022-06-21 11:59:00+05:30,30.1,30.1,30.1,30.1,0,37200
6797,2022-06-21 12:00:00+05:30,30.1,30.1,30.1,30.1,0,37200
6798,2022-06-21 12:01:00+05:30,30.1,30.1,30.1,30.1,0,37200
6799,2022-06-21 12:02:00+05:30,30.1,30.1,30.1,30.1,0,37200
6800,2022-06-21 12:03:00+05:30,30.1,30.1,30.1,30.1,0,37200
6801,2022-06-21 12:04:00+05:30,30.1,30.1,30.1,30.1,0,37200
6802,2022-06-21 12:05:00+05:30,30.1,31.4,29.8,29.8,1800,36900
6803,2022-06-21 12:06:00+05:30,29.8,31.35,29.8,31.35,600,36900
6804,2022-06-21 12:07:00+05:30,31.35,31.55,30.15,31.55,900,36900
6805,2022-06-21 12:08:00+05:30,31.55,31.55,31.55,31.55,0,36900
6806,2022-06-21 12:09:00+05:30,31.55,31.55,31.55,31.55,0,36900
6807,2022-06-21 12:10:00+05:30,31.55,31.55,31.55,31.55,0,36900
6808,2022-06-21 12:11:00+05:30,31.55,34.2,31.55,33.9,600,37200
6809,2022-06-21 12:12:00+05:30,33.9,33.9,33.9,33.9,0,37200
6810,2022-06-21 12:13:00+05:30,33.9,33.9,33.9,33.9,0,37200
6811,2022-06-21 12:14:00+05:30,33.9,34.3,33.9,34.3,300,37200
6812,2022-06-21 12:15:00+05:30,34.3,34.3,34.3,34.3,0,37200
6813,2022-06-21 12:16:00+05:30,34.3,34.3,34.3,34.3,0,37200
6814,2022-06-21 12:17:00+05:30,34.3,34.3,34.3,34.3,0,37200
6815,2022-06-21 12:18:00+05:30,34.3,34.3,34.3,34.3,0,37200
6816,2022-06-21 12:19:00+05:30,34.3,34.3,34.3,34.3,0,37200
6817,2022-06-21 12:20:00+05:30,34.3,34.3,34.3,34.3,0,37200
6818,2022-06-21 12:21:00+05:30,34.3,34.3,34.3,34.3,0,37200
6819,2022-06-21 12:22:00+05:30,34.3,34.3,34.3,34.3,0,37200
6820,2022-06-21 12:23:00+05:30,34.3,34.3,34.3,34.3,0,37200
6821,2022-06-21 12:24:00+05:30,34.3,34.3,34.3,34.3,0,37200
6822,2022-06-21 12:25:00+05:30,34.3,34.3,33.95,33.95,600,37200
6823,2022-06-21 12:26:00+05:30,33.95,33.95,33.35,33.35,300,37200
6824,2022-06-21 12:27:00+05:30,33.35,33.35,33.35,33.35,0,37200
6825,2022-06-21 12:28:00+05:30,33.35,33.35,33.35,33.35,0,37200
6826,2022-06-21 12:29:00+05:30,33.35,33.35,33.35,33.35,0,37200
6827,2022-06-21 12:30:00+05:30,33.35,33.35,33.35,33.35,0,37200
6828,2022-06-21 12:31:00+05:30,33.35,33.35,33.35,33.35,0,37200
6829,2022-06-21 12:32:00+05:30,33.35,33.35,33.35,33.35,0,37200
6830,2022-06-21 12:33:00+05:30,33.35,33.35,33.35,33.35,0,37200
6831,2022-06-21 12:34:00+05:30,33.35,33.35,33.35,33.35,0,37200
6832,2022-06-21 12:35:00+05:30,33.35,33.35,33.35,33.35,0,37200
6833,2022-06-21 12:36:00+05:30,33.35,33.35,33.35,33.35,0,37200
6834,2022-06-21 12:37:00+05:30,33.35,33.35,33.35,33.35,0,37200
6835,2022-06-21 12:38:00+05:30,33.35,33.35,33.35,33.35,0,37200
6836,2022-06-21 12:39:00+05:30,33.35,33.35,33.35,33.35,0,37200
6837,2022-06-21 12:40:00+05:30,33.35,33.35,33.35,33.35,0,37200
6838,2022-06-21 12:41:00+05:30,33.35,33.35,33.35,33.35,0,37200
6839,2022-06-21 12:42:00+05:30,33.35,33.35,33.35,33.35,0,37200
6840,2022-06-21 12:43:00+05:30,33.35,33.35,33.35,33.35,0,37200
6841,2022-06-21 12:44:00+05:30,33.35,33.35,33.35,33.35,0,37200
6842,2022-06-21 12:45:00+05:30,33.35,33.35,33.35,33.35,0,37200
6843,2022-06-21 12:46:00+05:30,33.35,33.35,33.35,33.35,0,37200
6844,2022-06-21 12:47:00+05:30,33.35,33.35,33.35,33.35,0,37200
6845,2022-06-21 12:48:00+05:30,33.35,33.35,32.4,32.4,300,37500
6846,2022-06-21 12:49:00+05:30,32.4,32.4,32.4,32.4,0,37500
6847,2022-06-21 12:50:00+05:30,32.4,32.4,32.4,32.4,0,37500
6848,2022-06-21 12:51:00+05:30,32.4,32.4,32.4,32.4,0,37500
6849,2022-06-21 12:52:00+05:30,32.4,33.0,32.4,33.0,300,37500
6850,2022-06-21 12:53:00+05:30,33.0,33.0,33.0,33.0,0,37500
6851,2022-06-21 12:54:00+05:30,33.0,33.0,33.0,33.0,0,37500
6852,2022-06-21 12:55:00+05:30,33.0,33.0,33.0,33.0,0,37500
6853,2022-06-21 12:56:00+05:30,33.0,33.0,33.0,33.0,0,37500
6854,2022-06-21 12:57:00+05:30,33.0,33.0,33.0,33.0,0,37500
6855,2022-06-21 12:58:00+05:30,33.0,33.0,33.0,33.0,0,37500
6856,2022-06-21 12:59:00+05:30,33.0,33.0,33.0,33.0,0,37500
6857,2022-06-21 13:00:00+05:30,33.0,33.0,33.0,33.0,0,37500
6858,2022-06-21 13:01:00+05:30,33.0,33.0,33.0,33.0,0,37500
6859,2022-06-21 13:02:00+05:30,33.0,33.3,33.0,33.3,300,37500
6860,2022-06-21 13:03:00+05:30,33.3,33.3,33.3,33.3,0,37500
6861,2022-06-21 13:04:00+05:30,33.0,33.0,32.45,32.45,600,37500
6862,2022-06-21 13:05:00+05:30,32.45,32.45,32.45,32.45,0,37500
6863,2022-06-21 13:06:00+05:30,32.45,32.45,32.45,32.45,0,37500
6864,2022-06-21 13:07:00+05:30,32.45,32.45,32.45,32.45,0,37500
6865,2022-06-21 13:08:00+05:30,32.45,32.45,32.45,32.45,0,37500
6866,2022-06-21 13:09:00+05:30,32.45,32.45,32.3,32.3,300,37800
6867,2022-06-21 13:10:00+05:30,32.3,32.3,32.3,32.3,0,37800
6868,2022-06-21 13:11:00+05:30,32.3,32.3,32.3,32.3,0,37800
6869,2022-06-21 13:12:00+05:30,32.3,32.3,32.3,32.3,0,37800
6870,2022-06-21 13:13:00+05:30,32.3,32.3,32.3,32.3,0,37800
6871,2022-06-21 13:14:00+05:30,32.3,32.3,32.3,32.3,0,37800
6872,2022-06-21 13:15:00+05:30,32.3,32.3,32.3,32.3,0,37800
6873,2022-06-21 13:16:00+05:30,32.3,32.3,32.3,32.3,0,37800
6874,2022-06-21 13:17:00+05:30,32.3,32.3,32.3,32.3,0,37800
6875,2022-06-21 13:18:00+05:30,32.3,32.3,32.3,32.3,0,37800
6876,2022-06-21 13:19:00+05:30,32.3,32.3,30.55,30.55,3000,37800
6877,2022-06-21 13:20:00+05:30,31.45,31.45,30.55,31.25,9000,37800
6878,2022-06-21 13:21:00+05:30,31.25,31.25,31.25,31.25,0,37800
6879,2022-06-21 13:22:00+05:30,31.25,31.25,31.25,31.25,0,37800
6880,2022-06-21 13:23:00+05:30,31.25,31.25,31.25,31.25,0,37800
6881,2022-06-21 13:24:00+05:30,31.25,31.25,31.25,31.25,0,37800
6882,2022-06-21 13:25:00+05:30,31.25,31.25,31.25,31.25,0,37800
6883,2022-06-21 13:26:00+05:30,31.25,31.25,31.25,31.25,0,37800
6884,2022-06-21 13:27:00+05:30,31.25,31.25,31.25,31.25,0,37800
6885,2022-06-21 13:28:00+05:30,31.25,31.25,31.25,31.25,0,37800
6886,2022-06-21 13:29:00+05:30,31.25,31.25,31.25,31.25,0,37800
6887,2022-06-21 13:30:00+05:30,31.25,31.25,31.25,31.25,0,37800
6888,2022-06-21 13:31:00+05:30,31.25,31.25,31.25,31.25,0,37800
6889,2022-06-21 13:32:00+05:30,31.25,31.25,31.25,31.25,0,37800
6890,2022-06-21 13:33:00+05:30,31.25,31.25,31.25,31.25,0,37800
6891,2022-06-21 13:34:00+05:30,31.25,31.25,31.25,31.25,0,37800
6892,2022-06-21 13:35:00+05:30,31.25,31.25,31.25,31.25,0,37800
6893,2022-06-21 13:36:00+05:30,31.25,31.25,31.25,31.25,0,37800
6894,2022-06-21 13:37:00+05:30,31.25,31.25,31.25,31.25,0,37800
6895,2022-06-21 13:38:00+05:30,31.25,31.25,31.25,31.25,0,37800
6896,2022-06-21 13:39:00+05:30,31.25,31.25,31.25,31.25,0,37800
6897,2022-06-21 13:40:00+05:30,31.25,31.25,31.25,31.25,0,37800
6898,2022-06-21 13:41:00+05:30,31.25,31.25,31.25,31.25,0,37800
6899,2022-06-21 13:42:00+05:30,31.25,31.25,31.25,31.25,0,37800
6900,2022-06-21 13:43:00+05:30,31.25,31.25,31.25,31.25,0,37800
6901,2022-06-21 13:44:00+05:30,31.25,31.25,31.25,31.25,0,37800
6902,2022-06-21 13:45:00+05:30,31.25,31.25,31.25,31.25,0,37800
6903,2022-06-21 13:46:00+05:30,31.25,31.25,31.25,31.25,0,37800
6904,2022-06-21 13:47:00+05:30,31.25,31.25,31.25,31.25,0,37800
6905,2022-06-21 13:48:00+05:30,31.25,31.25,31.25,31.25,0,37800
6906,2022-06-21 13:49:00+05:30,31.25,31.25,31.25,31.25,0,37800
6907,2022-06-21 13:50:00+05:30,31.25,31.25,31.25,31.25,0,37800
6908,2022-06-21 13:51:00+05:30,31.25,31.25,31.25,31.25,0,37800
6909,2022-06-21 13:52:00+05:30,31.25,31.25,31.25,31.25,0,37800
6910,2022-06-21 13:53:00+05:30,30.8,30.8,30.8,30.8,300,36000
6911,2022-06-21 13:54:00+05:30,30.8,30.8,30.8,30.8,0,36000
6912,2022-06-21 13:55:00+05:30,30.8,30.8,30.8,30.8,0,36000
6913,2022-06-21 13:56:00+05:30,30.8,30.8,30.8,30.8,0,36000
6914,2022-06-21 13:57:00+05:30,30.8,30.8,30.8,30.8,0,36000
6915,2022-06-21 13:58:00+05:30,30.8,32.6,30.8,32.6,900,36300
6916,2022-06-21 13:59:00+05:30,32.6,32.6,32.6,32.6,0,36300
6917,2022-06-21 14:00:00+05:30,32.6,32.6,32.6,32.6,0,36300
6918,2022-06-21 14:01:00+05:30,32.6,32.6,32.6,32.6,0,36300
6919,2022-06-21 14:02:00+05:30,32.6,32.6,32.6,32.6,0,36300
6920,2022-06-21 14:03:00+05:30,32.6,32.6,32.6,32.6,0,36300
6921,2022-06-21 14:04:00+05:30,32.6,32.6,32.6,32.6,0,36300
6922,2022-06-21 14:05:00+05:30,32.6,32.6,32.6,32.6,0,36300
6923,2022-06-21 14:06:00+05:30,32.6,32.6,32.6,32.6,0,36300
6924,2022-06-21 14:07:00+05:30,32.6,32.6,32.6,32.6,0,36300
6925,2022-06-21 14:08:00+05:30,32.6,32.6,32.6,32.6,0,36300
6926,2022-06-21 14:09:00+05:30,32.6,32.6,32.6,32.6,0,36300
6927,2022-06-21 14:10:00+05:30,32.6,32.6,32.6,32.6,0,36300
6928,2022-06-21 14:11:00+05:30,34.5,34.5,34.5,34.5,600,36300
6929,2022-06-21 14:12:00+05:30,34.5,34.5,34.5,34.5,0,36300
6930,2022-06-21 14:13:00+05:30,34.5,34.5,34.5,34.5,0,36300
6931,2022-06-21 14:14:00+05:30,34.5,34.5,34.5,34.5,0,36300
6932,2022-06-21 14:15:00+05:30,34.5,34.5,32.7,32.7,600,36000
6933,2022-06-21 14:16:00+05:30,32.7,32.7,32.2,32.2,0,36600
6934,2022-06-21 14:17:00+05:30,32.2,32.45,32.2,32.45,300,36600
6935,2022-06-21 14:18:00+05:30,32.45,32.7,32.45,32.7,600,36300
6936,2022-06-21 14:19:00+05:30,32.7,32.7,32.7,32.7,0,36300
6937,2022-06-21 14:20:00+05:30,32.7,33.15,32.7,33.15,300,36300
6938,2022-06-21 14:21:00+05:30,33.15,33.15,33.15,33.15,0,36300
6939,2022-06-21 14:22:00+05:30,33.15,33.15,33.15,33.15,0,36300
6940,2022-06-21 14:23:00+05:30,33.0,33.0,33.0,33.0,300,36000
6941,2022-06-21 14:24:00+05:30,33.0,33.0,33.0,33.0,0,36000
6942,2022-06-21 14:25:00+05:30,33.0,33.0,33.0,33.0,0,36000
6943,2022-06-21 14:26:00+05:30,33.0,33.0,33.0,33.0,0,36000
6944,2022-06-21 14:27:00+05:30,33.0,33.0,33.0,33.0,0,36000
6945,2022-06-21 14:28:00+05:30,33.0,33.0,33.0,33.0,0,36000
6946,2022-06-21 14:29:00+05:30,33.0,33.0,33.0,33.0,0,36000
6947,2022-06-21 14:30:00+05:30,33.0,33.0,33.0,33.0,0,36000
6948,2022-06-21 14:31:00+05:30,33.0,33.0,33.0,33.0,0,36000
6949,2022-06-21 14:32:00+05:30,33.0,33.0,33.0,33.0,0,36000
6950,2022-06-21 14:33:00+05:30,33.0,33.0,33.0,33.0,0,36000
6951,2022-06-21 14:34:00+05:30,33.0,33.0,33.0,33.0,0,36000
6952,2022-06-21 14:35:00+05:30,33.0,33.0,33.0,33.0,0,36000
6953,2022-06-21 14:36:00+05:30,33.0,33.0,33.0,33.0,0,36000
6954,2022-06-21 14:37:00+05:30,33.0,33.0,33.0,33.0,0,36000
6955,2022-06-21 14:38:00+05:30,33.0,33.0,33.0,33.0,0,36000
6956,2022-06-21 14:39:00+05:30,33.0,33.0,33.0,33.0,0,36000
6957,2022-06-21 14:40:00+05:30,31.2,31.2,31.2,31.2,300,36000
6958,2022-06-21 14:41:00+05:30,31.2,31.2,31.2,31.2,0,36000
6959,2022-06-21 14:42:00+05:30,31.2,31.2,31.2,31.2,0,36000
6960,2022-06-21 14:43:00+05:30,31.2,31.8,31.2,31.8,300,36000
6961,2022-06-21 14:44:00+05:30,31.8,31.8,31.75,31.75,300,36000
6962,2022-06-21 14:45:00+05:30,32.25,32.25,32.25,32.25,600,36000
6963,2022-06-21 14:46:00+05:30,32.25,32.25,32.25,32.25,0,36000
6964,2022-06-21 14:47:00+05:30,32.25,32.25,32.25,32.25,0,36000
6965,2022-06-21 14:48:00+05:30,32.25,32.25,32.25,32.25,0,36000
6966,2022-06-21 14:49:00+05:30,32.25,32.25,32.25,32.25,0,36000
6967,2022-06-21 14:50:00+05:30,32.25,32.25,32.25,32.25,0,36000
6968,2022-06-21 14:51:00+05:30,32.25,32.25,32.25,32.25,0,36000
6969,2022-06-21 14:52:00+05:30,32.25,32.25,32.25,32.25,0,36000
6970,2022-06-21 14:53:00+05:30,32.25,32.25,32.25,32.25,0,36000
6971,2022-06-21 14:54:00+05:30,32.25,32.25,32.25,32.25,0,36000
6972,2022-06-21 14:55:00+05:30,32.25,32.25,30.75,30.75,300,36900
6973,2022-06-21 14:56:00+05:30,30.75,30.75,30.75,30.75,0,36900
6974,2022-06-21 14:57:00+05:30,30.75,30.75,30.75,30.75,0,36900
6975,2022-06-21 14:58:00+05:30,30.75,31.0,30.75,31.0,300,36900
6976,2022-06-21 14:59:00+05:30,31.0,31.0,31.0,31.0,0,36900
6977,2022-06-21 15:00:00+05:30,31.0,31.2,31.0,31.2,300,36900
6978,2022-06-21 15:01:00+05:30,31.2,31.2,30.25,30.25,0,36600
6979,2022-06-21 15:02:00+05:30,30.25,30.25,30.25,30.25,300,36600
6980,2022-06-21 15:03:00+05:30,30.25,30.25,30.25,30.25,0,36600
6981,2022-06-21 15:04:00+05:30,30.25,30.5,30.25,30.5,300,36900
6982,2022-06-21 15:05:00+05:30,30.5,30.5,30.5,30.5,0,36900
6983,2022-06-21 15:06:00+05:30,30.5,30.5,30.3,30.3,600,36900
6984,2022-06-21 15:07:00+05:30,30.0,30.0,30.0,30.0,600,36900
6985,2022-06-21 15:08:00+05:30,30.0,30.0,30.0,30.0,0,36900
6986,2022-06-21 15:09:00+05:30,30.0,30.2,30.0,30.2,300,36900
6987,2022-06-21 15:10:00+05:30,30.2,30.2,29.9,29.9,300,37200
6988,2022-06-21 15:11:00+05:30,29.9,30.0,29.9,30.0,300,37200
6989,2022-06-21 15:12:00+05:30,29.75,29.75,29.75,29.75,300,37200
6990,2022-06-21 15:13:00+05:30,29.75,29.75,29.75,29.75,0,37200
6991,2022-06-21 15:14:00+05:30,29.75,29.75,29.5,29.5,300,36900
6992,2022-06-21 15:15:00+05:30,29.95,29.95,29.95,29.95,300,36900
6993,2022-06-21 15:16:00+05:30,29.95,29.95,29.95,29.95,0,36900
6994,2022-06-21 15:17:00+05:30,29.95,29.95,29.45,29.45,0,37200
6995,2022-06-21 15:18:00+05:30,29.45,29.6,29.45,29.6,600,37200
6996,2022-06-21 15:19:00+05:30,29.6,29.6,29.5,29.5,300,37200
6997,2022-06-21 15:20:00+05:30,29.5,29.5,29.5,29.5,0,37200
6998,2022-06-21 15:21:00+05:30,29.5,29.5,29.5,29.5,0,37200
6999,2022-06-21 15:22:00+05:30,29.5,29.5,29.5,29.5,0,37200
7000,2022-06-21 15:23:00+05:30,29.5,29.5,29.5,29.5,0,37200
7001,2022-06-21 15:24:00+05:30,29.5,30.4,29.5,30.35,300,37200
7002,2022-06-21 15:25:00+05:30,30.35,30.35,30.35,30.35,600,37200
7003,2022-06-21 15:26:00+05:30,30.35,30.35,30.35,30.35,0,37200
7004,2022-06-21 15:27:00+05:30,30.35,30.35,30.35,30.35,0,37200
7005,2022-06-21 15:28:00+05:30,30.35,30.35,30.35,30.35,0,37200
7006,2022-06-21 15:29:00+05:30,30.35,30.35,30.35,30.35,0,37200
7007,2022-06-22 09:15:00+05:30,33.45,33.45,33.45,33.45,0,0
7008,2022-06-22 09:20:00+05:30,35.2,35.2,35.2,35.2,600,36900
7009,2022-06-22 09:21:00+05:30,35.2,35.2,35.2,35.2,0,36900
7010,2022-06-22 09:22:00+05:30,35.2,35.2,35.2,35.2,0,36900
7011,2022-06-22 09:23:00+05:30,35.2,35.2,29.35,29.35,300,36900
7012,2022-06-22 09:24:00+05:30,29.35,29.35,29.1,29.1,300,37200
7013,2022-06-22 09:25:00+05:30,29.1,29.1,29.1,29.1,0,37200
7014,2022-06-22 09:26:00+05:30,29.1,29.1,29.1,29.1,0,37200
7015,2022-06-22 09:27:00+05:30,29.1,29.1,29.1,29.1,0,37200
7016,2022-06-22 09:28:00+05:30,29.1,29.1,29.1,29.1,0,37200
7017,2022-06-22 09:29:00+05:30,29.1,29.1,29.1,29.1,0,37200
7018,2022-06-22 09:30:00+05:30,29.1,29.1,29.1,29.1,0,37200
7019,2022-06-22 09:31:00+05:30,29.1,30.5,29.1,30.5,300,37200
7020,2022-06-22 09:32:00+05:30,29.95,29.95,29.95,29.95,300,37200
7021,2022-06-22 09:33:00+05:30,29.95,29.95,29.95,29.95,0,37200
7022,2022-06-22 09:34:00+05:30,29.95,29.95,29.95,29.95,0,37200
7023,2022-06-22 09:35:00+05:30,29.95,29.95,29.95,29.95,0,37200
7024,2022-06-22 09:36:00+05:30,29.95,29.95,29.95,29.95,0,37200
7025,2022-06-22 09:37:00+05:30,29.95,29.95,29.95,29.95,0,37200
7026,2022-06-22 09:38:00+05:30,29.95,29.95,29.95,29.95,0,37200
7027,2022-06-22 09:39:00+05:30,29.95,29.95,29.95,29.95,0,37200
7028,2022-06-22 09:40:00+05:30,29.95,29.95,29.95,29.95,0,37200
7029,2022-06-22 09:41:00+05:30,29.95,30.0,29.95,30.0,300,36900
7030,2022-06-22 09:42:00+05:30,30.0,30.0,30.0,30.0,0,36900
7031,2022-06-22 09:43:00+05:30,30.0,30.0,30.0,30.0,0,36900
7032,2022-06-22 09:44:00+05:30,30.0,30.0,29.35,29.35,300,37200
7033,2022-06-22 09:45:00+05:30,29.35,29.35,29.35,29.35,0,37200
7034,2022-06-22 09:46:00+05:30,29.0,29.0,28.6,28.65,2100,37200
7035,2022-06-22 09:47:00+05:30,28.65,28.65,28.65,28.65,0,37200
7036,2022-06-22 09:48:00+05:30,28.65,28.65,28.65,28.65,0,37200
7037,2022-06-22 09:49:00+05:30,28.65,28.65,28.65,28.65,0,37200
7038,2022-06-22 09:50:00+05:30,28.65,28.65,28.65,28.65,0,37200
7039,2022-06-22 09:51:00+05:30,28.65,28.65,28.65,28.65,0,37200
7040,2022-06-22 09:52:00+05:30,28.65,28.65,28.65,28.65,0,37200
7041,2022-06-22 09:53:00+05:30,28.65,28.65,28.65,28.65,0,37200
7042,2022-06-22 09:54:00+05:30,28.65,28.65,28.65,28.65,0,37200
7043,2022-06-22 09:55:00+05:30,28.65,28.65,28.65,28.65,0,37200
7044,2022-06-22 09:56:00+05:30,28.65,28.65,28.65,28.65,0,37200
7045,2022-06-22 09:57:00+05:30,28.65,28.65,26.9,26.9,600,38700
7046,2022-06-22 09:58:00+05:30,26.9,26.95,26.9,26.95,300,38700
7047,2022-06-22 09:59:00+05:30,26.95,27.05,26.95,27.05,600,38700
7048,2022-06-22 10:00:00+05:30,25.3,25.8,25.3,25.6,2100,38100
7049,2022-06-22 10:01:00+05:30,25.6,25.7,25.6,25.7,600,38100
7050,2022-06-22 10:02:00+05:30,25.7,25.7,25.7,25.7,0,38100
7051,2022-06-22 10:03:00+05:30,25.7,25.85,25.7,25.75,1500,38100
7052,2022-06-22 10:04:00+05:30,25.75,25.75,24.6,24.6,1200,38100
7053,2022-06-22 10:05:00+05:30,24.6,24.6,24.6,24.6,300,38100
7054,2022-06-22 10:06:00+05:30,24.3,24.3,24.3,24.3,300,37500
7055,2022-06-22 10:07:00+05:30,24.3,24.3,24.3,24.3,300,37500
7056,2022-06-22 10:08:00+05:30,24.3,24.3,24.3,24.3,0,37500
7057,2022-06-22 10:09:00+05:30,24.3,24.3,24.3,24.3,0,37500
7058,2022-06-22 10:10:00+05:30,24.3,24.3,24.3,24.3,0,37500
7059,2022-06-22 10:11:00+05:30,24.3,26.65,24.3,25.4,600,37200
7060,2022-06-22 10:12:00+05:30,25.4,25.4,24.35,24.35,300,37200
7061,2022-06-22 10:13:00+05:30,24.35,24.6,24.35,24.6,300,37200
7062,2022-06-22 10:14:00+05:30,24.6,24.6,24.6,24.6,0,37200
7063,2022-06-22 10:15:00+05:30,25.5,25.5,24.95,24.95,1800,37500
7064,2022-06-22 10:16:00+05:30,24.5,24.5,24.0,24.0,600,37500
7065,2022-06-22 10:17:00+05:30,24.0,24.0,22.8,22.95,300,38100
7066,2022-06-22 10:18:00+05:30,23.45,23.5,23.15,23.5,1500,38100
7067,2022-06-22 10:19:00+05:30,23.5,23.5,23.5,23.5,0,38100
7068,2022-06-22 10:20:00+05:30,23.95,23.95,23.95,23.95,300,38100
7069,2022-06-22 10:21:00+05:30,23.95,23.95,23.0,23.0,300,37800
7070,2022-06-22 10:22:00+05:30,23.0,23.0,23.0,23.0,0,37800
7071,2022-06-22 10:23:00+05:30,23.0,23.0,21.7,21.7,1800,37800
7072,2022-06-22 10:24:00+05:30,22.5,22.7,22.4,22.7,600,39000
7073,2022-06-22 10:25:00+05:30,22.7,22.7,22.7,22.7,300,39000
7074,2022-06-22 10:26:00+05:30,22.85,22.85,22.2,22.2,1200,39000
7075,2022-06-22 10:27:00+05:30,22.2,23.1,22.2,23.1,2100,40200
7076,2022-06-22 10:28:00+05:30,23.1,23.1,23.1,23.1,300,40200
7077,2022-06-22 10:29:00+05:30,23.1,23.1,22.55,22.55,0,41100
7078,2022-06-22 10:30:00+05:30,22.55,22.55,21.4,21.4,1500,41100
7079,2022-06-22 10:31:00+05:30,21.4,21.6,21.4,21.45,1500,41100
7080,2022-06-22 10:32:00+05:30,21.45,22.0,21.45,21.7,900,41100
7081,2022-06-22 10:33:00+05:30,21.7,21.95,21.5,21.95,600,44100
7082,2022-06-22 10:34:00+05:30,21.95,21.95,21.9,21.9,600,44100
7083,2022-06-22 10:35:00+05:30,21.9,21.9,21.9,21.9,600,44100
7084,2022-06-22 10:36:00+05:30,21.9,21.9,21.9,21.9,0,44100
7085,2022-06-22 10:37:00+05:30,21.9,21.9,21.55,21.55,0,45600
7086,2022-06-22 10:38:00+05:30,21.55,21.55,21.55,21.55,300,45600
7087,2022-06-22 10:39:00+05:30,21.55,21.55,21.55,21.55,0,45600
7088,2022-06-22 10:40:00+05:30,21.55,21.55,21.55,21.55,0,45600
7089,2022-06-22 10:41:00+05:30,21.55,21.55,21.55,21.55,0,45600
7090,2022-06-22 10:42:00+05:30,21.55,21.55,21.55,21.55,0,45600
7091,2022-06-22 10:43:00+05:30,20.7,20.7,19.7,19.7,2400,45600
7092,2022-06-22 10:44:00+05:30,19.85,20.15,19.85,20.15,900,45600
7093,2022-06-22 10:45:00+05:30,20.15,20.15,20.15,20.15,0,45600
7094,2022-06-22 10:46:00+05:30,20.15,20.15,20.15,20.15,300,45000
7095,2022-06-22 10:47:00+05:30,20.15,20.15,20.15,20.15,0,45000
7096,2022-06-22 10:48:00+05:30,20.15,20.15,20.15,20.15,0,45000
7097,2022-06-22 10:49:00+05:30,20.15,20.15,20.15,20.15,0,45000
7098,2022-06-22 10:50:00+05:30,20.15,20.15,20.15,20.15,0,45000
7099,2022-06-22 10:51:00+05:30,20.15,20.55,20.15,20.55,300,44700
7100,2022-06-22 10:52:00+05:30,20.55,20.55,20.55,20.55,0,44700
7101,2022-06-22 10:53:00+05:30,20.55,20.95,20.55,20.95,300,44700
7102,2022-06-22 10:54:00+05:30,20.95,21.15,20.95,21.15,300,44400
7103,2022-06-22 10:55:00+05:30,21.15,21.15,21.15,21.15,300,44400
7104,2022-06-22 10:56:00+05:30,21.15,21.15,21.15,21.15,0,44400
7105,2022-06-22 10:57:00+05:30,21.15,21.15,21.15,21.15,0,44400
7106,2022-06-22 10:58:00+05:30,21.15,21.65,21.15,21.65,300,44100
7107,2022-06-22 10:59:00+05:30,21.65,21.65,21.65,21.65,0,44100
7108,2022-06-22 11:00:00+05:30,21.75,21.75,21.75,21.75,300,44400
7109,2022-06-22 11:01:00+05:30,21.75,21.75,21.5,21.5,600,44400
7110,2022-06-22 11:02:00+05:30,21.5,21.5,21.5,21.5,0,44400
7111,2022-06-22 11:03:00+05:30,21.5,21.5,21.5,21.5,0,44400
7112,2022-06-22 11:04:00+05:30,21.5,21.5,21.5,21.5,0,44400
7113,2022-06-22 11:05:00+05:30,21.5,21.5,21.5,21.5,0,44400
7114,2022-06-22 11:06:00+05:30,21.5,21.5,20.5,20.5,300,44700
7115,2022-06-22 11:07:00+05:30,20.5,20.5,20.5,20.5,0,44700
7116,2022-06-22 11:08:00+05:30,20.5,20.5,20.5,20.5,0,44700
7117,2022-06-22 11:09:00+05:30,20.5,20.5,20.5,20.5,0,44700
7118,2022-06-22 11:10:00+05:30,20.5,20.6,20.5,20.6,300,44700
7119,2022-06-22 11:11:00+05:30,20.6,20.6,20.6,20.6,0,44700
7120,2022-06-22 11:12:00+05:30,20.6,20.6,20.6,20.6,0,44700
7121,2022-06-22 11:13:00+05:30,20.6,20.6,20.6,20.6,0,44700
7122,2022-06-22 11:14:00+05:30,20.6,20.6,20.6,20.6,0,44700
7123,2022-06-22 11:15:00+05:30,20.0,20.0,20.0,20.0,300,44700
7124,2022-06-22 11:16:00+05:30,20.0,20.2,20.0,20.2,600,44700
7125,2022-06-22 11:17:00+05:30,20.2,20.2,20.2,20.2,0,44700
7126,2022-06-22 11:18:00+05:30,20.2,20.2,20.2,20.2,0,44700
7127,2022-06-22 11:19:00+05:30,20.2,20.2,20.2,20.2,0,44700
7128,2022-06-22 11:20:00+05:30,20.2,20.2,20.2,20.2,0,44700
7129,2022-06-22 11:21:00+05:30,21.3,21.6,21.3,21.6,1200,45000
7130,2022-06-22 11:22:00+05:30,21.6,21.6,21.6,21.6,300,45000
7131,2022-06-22 11:23:00+05:30,21.6,22.0,21.6,22.0,300,45000
7132,2022-06-22 11:24:00+05:30,22.0,22.05,22.0,22.05,300,46200
7133,2022-06-22 11:25:00+05:30,22.05,22.05,22.05,22.05,0,46200
7134,2022-06-22 11:26:00+05:30,22.05,22.65,22.05,22.25,300,46200
7135,2022-06-22 11:27:00+05:30,22.25,22.75,22.25,22.75,900,45600
7136,2022-06-22 11:28:00+05:30,22.75,23.35,22.75,23.2,1200,45600
7137,2022-06-22 11:29:00+05:30,23.0,23.05,23.0,23.05,600,45600
7138,2022-06-22 11:30:00+05:30,23.05,23.05,22.5,22.5,300,46500
7139,2022-06-22 11:31:00+05:30,22.5,22.5,22.5,22.5,0,46500
7140,2022-06-22 11:32:00+05:30,22.5,22.5,22.5,22.5,0,46500
7141,2022-06-22 11:33:00+05:30,22.5,22.5,22.5,22.5,0,46500
7142,2022-06-22 11:34:00+05:30,22.5,22.5,22.5,22.5,0,46500
7143,2022-06-22 11:35:00+05:30,22.5,22.5,22.5,22.5,0,46500
7144,2022-06-22 11:36:00+05:30,22.5,22.5,22.5,22.5,0,46500
7145,2022-06-22 11:37:00+05:30,22.5,22.5,22.5,22.5,0,46500
7146,2022-06-22 11:38:00+05:30,22.5,22.5,22.5,22.5,0,46500
7147,2022-06-22 11:39:00+05:30,22.5,22.5,22.5,22.5,0,46500
7148,2022-06-22 11:40:00+05:30,22.5,22.5,22.5,22.5,0,46500
7149,2022-06-22 11:41:00+05:30,22.5,22.5,22.5,22.5,0,46500
7150,2022-06-22 11:42:00+05:30,22.5,22.5,22.5,22.5,0,46500
7151,2022-06-22 11:43:00+05:30,22.5,22.5,21.75,21.75,300,46500
7152,2022-06-22 11:44:00+05:30,21.75,21.75,21.75,21.75,0,46500
7153,2022-06-22 11:45:00+05:30,21.75,22.65,21.75,22.65,300,46800
7154,2022-06-22 11:46:00+05:30,22.65,22.65,22.0,22.0,300,46800
7155,2022-06-22 11:47:00+05:30,22.0,22.0,22.0,22.0,0,46800
7156,2022-06-22 11:48:00+05:30,22.0,22.0,22.0,22.0,0,46800
7157,2022-06-22 11:49:00+05:30,22.0,22.0,22.0,22.0,0,46800
7158,2022-06-22 11:50:00+05:30,22.0,22.0,22.0,22.0,0,46800
7159,2022-06-22 11:51:00+05:30,22.0,22.55,22.0,22.55,300,46800
7160,2022-06-22 11:52:00+05:30,22.55,22.55,22.55,22.55,0,46800
7161,2022-06-22 11:53:00+05:30,22.55,22.55,22.45,22.45,600,46800
7162,2022-06-22 11:54:00+05:30,22.45,22.45,22.45,22.45,0,46800
7163,2022-06-22 11:55:00+05:30,22.45,22.45,22.45,22.45,0,46800
7164,2022-06-22 11:56:00+05:30,22.45,22.45,22.45,22.45,0,46800
7165,2022-06-22 11:57:00+05:30,22.45,22.45,22.45,22.45,0,46800
7166,2022-06-22 11:58:00+05:30,22.45,23.6,22.45,23.5,300,46500
7167,2022-06-22 11:59:00+05:30,23.5,23.5,23.25,23.25,600,46500
7168,2022-06-22 12:00:00+05:30,23.25,24.0,23.25,24.0,300,46200
7169,2022-06-22 12:01:00+05:30,24.0,24.1,24.0,24.1,900,46200
7170,2022-06-22 12:02:00+05:30,24.1,24.1,24.1,24.1,0,46200
7171,2022-06-22 12:03:00+05:30,24.1,24.1,24.1,24.1,0,46200
7172,2022-06-22 12:04:00+05:30,24.1,24.1,23.8,23.8,300,46200
7173,2022-06-22 12:05:00+05:30,23.8,23.8,23.8,23.8,0,46200
7174,2022-06-22 12:06:00+05:30,23.8,23.9,23.8,23.9,300,46200
7175,2022-06-22 12:07:00+05:30,23.9,23.9,23.9,23.9,0,46200
7176,2022-06-22 12:08:00+05:30,23.9,23.9,23.9,23.9,0,46200
7177,2022-06-22 12:09:00+05:30,23.9,23.9,23.6,23.6,300,46200
7178,2022-06-22 12:10:00+05:30,23.6,23.6,23.6,23.6,0,46200
7179,2022-06-22 12:11:00+05:30,23.6,23.6,23.6,23.6,0,46200
7180,2022-06-22 12:12:00+05:30,23.6,23.65,23.6,23.65,300,46500
7181,2022-06-22 12:13:00+05:30,23.65,23.7,23.65,23.7,300,46500
7182,2022-06-22 12:14:00+05:30,23.7,23.7,23.7,23.7,0,46500
7183,2022-06-22 12:15:00+05:30,23.7,23.7,23.55,23.55,300,46800
7184,2022-06-22 12:16:00+05:30,23.55,23.85,23.55,23.85,300,46800
7185,2022-06-22 12:17:00+05:30,23.85,23.85,23.85,23.85,0,46800
7186,2022-06-22 12:18:00+05:30,23.85,23.85,23.85,23.85,0,46800
7187,2022-06-22 12:19:00+05:30,23.85,23.85,23.85,23.85,0,46800
7188,2022-06-22 12:20:00+05:30,23.85,23.85,23.85,23.85,0,46800
7189,2022-06-22 12:21:00+05:30,23.85,23.85,23.85,23.85,0,46800
7190,2022-06-22 12:22:00+05:30,23.85,23.85,23.85,23.85,0,46800
7191,2022-06-22 12:23:00+05:30,23.85,23.85,23.85,23.85,0,46800
7192,2022-06-22 12:24:00+05:30,23.85,23.85,23.85,23.85,0,46800
7193,2022-06-22 12:25:00+05:30,23.85,23.85,23.85,23.85,0,46800
7194,2022-06-22 12:26:00+05:30,23.85,23.85,22.55,22.9,600,47400
7195,2022-06-22 12:27:00+05:30,22.9,22.9,22.9,22.9,0,47400
7196,2022-06-22 12:28:00+05:30,22.9,23.5,22.9,23.5,0,47400
7197,2022-06-22 12:29:00+05:30,23.5,23.5,23.5,23.5,300,47400
7198,2022-06-22 12:30:00+05:30,23.5,23.5,23.5,23.5,0,47400
7199,2022-06-22 12:31:00+05:30,23.5,23.5,23.5,23.5,0,47400
7200,2022-06-22 12:32:00+05:30,23.5,23.5,23.5,23.5,0,47400
7201,2022-06-22 12:33:00+05:30,24.0,24.0,24.0,24.0,300,47100
7202,2022-06-22 12:34:00+05:30,24.0,24.0,24.0,24.0,0,47100
7203,2022-06-22 12:35:00+05:30,24.0,24.0,24.0,24.0,0,47100
7204,2022-06-22 12:36:00+05:30,24.0,24.0,24.0,24.0,0,47100
7205,2022-06-22 12:37:00+05:30,24.0,24.0,24.0,24.0,0,47100
7206,2022-06-22 12:38:00+05:30,24.0,24.0,24.0,24.0,0,47100
7207,2022-06-22 12:39:00+05:30,24.0,24.0,24.0,24.0,0,47100
7208,2022-06-22 12:40:00+05:30,24.0,24.0,24.0,24.0,0,47100
7209,2022-06-22 12:41:00+05:30,24.0,24.0,24.0,24.0,0,47100
7210,2022-06-22 12:42:00+05:30,24.0,24.0,24.0,24.0,0,47100
7211,2022-06-22 12:43:00+05:30,24.0,24.0,24.0,24.0,0,47100
7212,2022-06-22 12:44:00+05:30,24.0,24.0,24.0,24.0,0,47100
7213,2022-06-22 12:45:00+05:30,23.5,23.5,23.5,23.5,300,47100
7214,2022-06-22 12:46:00+05:30,23.5,23.5,23.5,23.5,0,47100
7215,2022-06-22 12:47:00+05:30,23.5,23.5,23.5,23.5,0,47100
7216,2022-06-22 12:48:00+05:30,23.5,23.5,23.5,23.5,0,47100
7217,2022-06-22 12:49:00+05:30,23.5,23.5,23.5,23.5,0,47100
7218,2022-06-22 12:50:00+05:30,23.5,23.5,23.5,23.5,0,47100
7219,2022-06-22 12:51:00+05:30,23.5,23.5,23.5,23.5,0,47100
7220,2022-06-22 12:52:00+05:30,23.5,23.5,23.5,23.5,0,47100
7221,2022-06-22 12:53:00+05:30,24.25,24.25,24.25,24.25,300,47400
7222,2022-06-22 12:54:00+05:30,24.25,24.25,24.25,24.25,0,47400
7223,2022-06-22 12:55:00+05:30,24.25,24.25,24.25,24.25,0,47400
7224,2022-06-22 12:56:00+05:30,24.25,24.25,24.25,24.25,0,47400
7225,2022-06-22 12:57:00+05:30,24.25,24.25,24.25,24.25,0,47400
7226,2022-06-22 12:58:00+05:30,24.25,24.25,24.25,24.25,0,47400
7227,2022-06-22 12:59:00+05:30,24.25,24.25,24.25,24.25,0,47400
7228,2022-06-22 13:00:00+05:30,24.25,24.25,24.25,24.25,0,47400
7229,2022-06-22 13:01:00+05:30,24.25,24.25,24.25,24.25,0,47400
7230,2022-06-22 13:02:00+05:30,24.25,24.25,24.25,24.25,0,47400
7231,2022-06-22 13:03:00+05:30,24.25,24.25,24.25,24.25,0,47400
7232,2022-06-22 13:04:00+05:30,24.25,24.25,24.25,24.25,0,47400
7233,2022-06-22 13:05:00+05:30,24.25,24.25,24.25,24.25,0,47400
7234,2022-06-22 13:06:00+05:30,24.25,24.25,24.25,24.25,0,47400
7235,2022-06-22 13:07:00+05:30,24.25,24.25,24.25,24.25,0,47400
7236,2022-06-22 13:08:00+05:30,24.25,24.25,24.25,24.25,0,47400
7237,2022-06-22 13:09:00+05:30,24.25,24.25,24.25,24.25,0,47400
7238,2022-06-22 13:10:00+05:30,24.25,24.25,24.25,24.25,0,47400
7239,2022-06-22 13:11:00+05:30,24.25,24.25,24.25,24.25,0,47400
7240,2022-06-22 13:12:00+05:30,24.25,24.25,24.25,24.25,0,47400
7241,2022-06-22 13:13:00+05:30,24.25,24.25,24.25,24.25,0,47400
7242,2022-06-22 13:14:00+05:30,24.25,24.25,24.25,24.25,0,47400
7243,2022-06-22 13:15:00+05:30,24.25,24.25,24.25,24.25,0,47400
7244,2022-06-22 13:16:00+05:30,24.25,24.25,24.25,24.25,0,47400
7245,2022-06-22 13:17:00+05:30,24.25,24.25,24.25,24.25,0,47400
7246,2022-06-22 13:18:00+05:30,24.25,25.95,24.25,25.95,0,47100
7247,2022-06-22 13:19:00+05:30,25.95,25.95,25.95,25.95,300,47100
7248,2022-06-22 13:20:00+05:30,25.95,25.95,25.95,25.95,0,47100
7249,2022-06-22 13:21:00+05:30,25.95,25.95,25.95,25.95,0,47100
7250,2022-06-22 13:22:00+05:30,25.95,25.95,25.95,25.95,0,47100
7251,2022-06-22 13:23:00+05:30,25.95,25.95,25.95,25.95,0,47100
7252,2022-06-22 13:24:00+05:30,25.95,25.95,25.95,25.95,0,47100
7253,2022-06-22 13:25:00+05:30,25.95,25.95,25.4,25.4,300,47100
7254,2022-06-22 13:26:00+05:30,25.4,25.4,25.4,25.4,0,47100
7255,2022-06-22 13:27:00+05:30,25.4,25.4,25.4,25.4,0,47100
7256,2022-06-22 13:28:00+05:30,25.4,25.4,25.4,25.4,0,47100
7257,2022-06-22 13:29:00+05:30,25.4,25.95,25.4,25.95,900,46800
7258,2022-06-22 13:30:00+05:30,25.8,25.8,25.15,25.15,3000,47400
7259,2022-06-22 13:31:00+05:30,25.65,25.65,24.9,24.9,2400,47400
7260,2022-06-22 13:32:00+05:30,24.9,25.0,24.9,25.0,1200,47400
7261,2022-06-22 13:33:00+05:30,25.0,25.0,25.0,25.0,900,47400
7262,2022-06-22 13:34:00+05:30,25.0,25.0,25.0,25.0,0,47400
7263,2022-06-22 13:35:00+05:30,25.0,25.0,25.0,25.0,0,47400
7264,2022-06-22 13:36:00+05:30,25.0,25.0,25.0,25.0,0,47400
7265,2022-06-22 13:37:00+05:30,25.0,25.15,25.0,25.15,300,46500
7266,2022-06-22 13:38:00+05:30,25.15,25.15,25.15,25.15,0,46500
7267,2022-06-22 13:39:00+05:30,25.15,25.15,25.15,25.15,0,46500
7268,2022-06-22 13:40:00+05:30,25.15,25.4,24.15,24.15,300,46500
7269,2022-06-22 13:41:00+05:30,24.15,24.15,24.15,24.15,300,46500
7270,2022-06-22 13:42:00+05:30,24.15,24.15,23.8,23.8,300,46500
7271,2022-06-22 13:43:00+05:30,23.8,23.8,23.8,23.8,0,46500
7272,2022-06-22 13:44:00+05:30,23.8,23.8,23.8,23.8,0,46500
7273,2022-06-22 13:45:00+05:30,23.8,23.8,23.8,23.8,0,46500
7274,2022-06-22 13:46:00+05:30,23.8,23.8,23.8,23.8,0,46500
7275,2022-06-22 13:47:00+05:30,23.8,23.8,23.8,23.8,0,46500
7276,2022-06-22 13:48:00+05:30,23.8,23.8,23.8,23.8,0,46500
7277,2022-06-22 13:49:00+05:30,23.8,23.8,23.8,23.8,0,46500
7278,2022-06-22 13:50:00+05:30,23.8,23.8,23.8,23.8,0,46500
7279,2022-06-22 13:51:00+05:30,23.8,23.8,23.8,23.8,0,46500
7280,2022-06-22 13:52:00+05:30,23.8,23.8,23.8,23.8,0,46500
7281,2022-06-22 13:53:00+05:30,23.8,23.8,23.8,23.8,0,46500
7282,2022-06-22 13:54:00+05:30,23.8,23.8,23.8,23.8,0,46500
7283,2022-06-22 13:55:00+05:30,23.8,23.8,23.8,23.8,0,46500
7284,2022-06-22 13:56:00+05:30,23.8,23.8,23.8,23.8,0,46500
7285,2022-06-22 13:57:00+05:30,23.8,23.8,23.8,23.8,0,46500
7286,2022-06-22 13:58:00+05:30,23.8,23.8,23.8,23.8,0,46500
7287,2022-06-22 13:59:00+05:30,23.8,23.8,23.8,23.8,0,46500
7288,2022-06-22 14:00:00+05:30,23.8,23.8,23.8,23.8,0,46500
7289,2022-06-22 14:01:00+05:30,23.8,23.8,23.8,23.8,0,46500
7290,2022-06-22 14:02:00+05:30,23.8,23.8,23.8,23.8,0,46500
7291,2022-06-22 14:03:00+05:30,23.8,23.8,23.8,23.8,0,46500
7292,2022-06-22 14:04:00+05:30,23.8,23.8,23.8,23.8,0,46500
7293,2022-06-22 14:05:00+05:30,23.8,23.8,23.8,23.8,0,46500
7294,2022-06-22 14:06:00+05:30,23.8,23.8,23.8,23.8,0,46500
7295,2022-06-22 14:07:00+05:30,23.8,23.8,23.8,23.8,0,46500
7296,2022-06-22 14:08:00+05:30,23.8,23.8,23.8,23.8,0,46500
7297,2022-06-22 14:09:00+05:30,23.8,23.8,23.8,23.8,0,46500
7298,2022-06-22 14:10:00+05:30,23.8,23.8,23.8,23.8,0,46500
7299,2022-06-22 14:11:00+05:30,23.8,23.8,22.95,22.95,300,46500
7300,2022-06-22 14:12:00+05:30,22.95,22.95,22.95,22.95,0,46500
7301,2022-06-22 14:13:00+05:30,22.95,22.95,22.95,22.95,0,46500
7302,2022-06-22 14:14:00+05:30,22.95,23.1,22.95,23.1,300,46500
7303,2022-06-22 14:15:00+05:30,23.1,23.1,23.1,23.1,0,46500
7304,2022-06-22 14:16:00+05:30,23.1,24.0,23.1,24.0,300,46800
7305,2022-06-22 14:17:00+05:30,24.0,24.0,24.0,24.0,0,46800
7306,2022-06-22 14:18:00+05:30,24.0,24.0,24.0,24.0,0,46800
7307,2022-06-22 14:19:00+05:30,23.95,23.95,23.95,23.95,600,46500
7308,2022-06-22 14:20:00+05:30,23.85,23.85,23.85,23.85,300,46500
7309,2022-06-22 14:21:00+05:30,23.85,23.85,23.85,23.85,0,46500
7310,2022-06-22 14:22:00+05:30,23.85,23.85,22.5,22.5,0,47100
7311,2022-06-22 14:23:00+05:30,22.5,22.5,22.5,22.5,300,47100
7312,2022-06-22 14:24:00+05:30,22.5,22.5,22.5,22.5,0,47100
7313,2022-06-22 14:25:00+05:30,22.5,22.5,22.0,22.0,0,47400
7314,2022-06-22 14:26:00+05:30,22.0,22.0,22.0,22.0,300,47400
7315,2022-06-22 14:27:00+05:30,22.0,22.0,22.0,22.0,0,47400
7316,2022-06-22 14:28:00+05:30,22.0,22.0,22.0,22.0,0,47400
7317,2022-06-22 14:29:00+05:30,22.0,22.0,22.0,22.0,0,47400
7318,2022-06-22 14:30:00+05:30,22.0,22.0,22.0,22.0,0,47400
7319,2022-06-22 14:31:00+05:30,22.0,22.0,22.0,22.0,0,47400
7320,2022-06-22 14:32:00+05:30,22.0,22.0,22.0,22.0,0,47400
7321,2022-06-22 14:33:00+05:30,22.0,22.0,22.0,22.0,0,47400
7322,2022-06-22 14:34:00+05:30,22.0,22.0,22.0,22.0,0,47400
7323,2022-06-22 14:35:00+05:30,22.0,22.0,22.0,22.0,0,47400
7324,2022-06-22 14:36:00+05:30,22.0,22.0,22.0,22.0,0,47400
7325,2022-06-22 14:37:00+05:30,22.0,22.8,22.0,22.8,300,47700
7326,2022-06-22 14:38:00+05:30,22.8,22.8,22.8,22.8,300,47700
7327,2022-06-22 14:39:00+05:30,22.8,22.8,22.8,22.8,0,47700
7328,2022-06-22 14:40:00+05:30,22.8,22.8,22.8,22.8,0,47700
7329,2022-06-22 14:41:00+05:30,22.8,23.35,22.8,23.35,0,47100
7330,2022-06-22 14:42:00+05:30,23.35,23.35,23.35,23.35,900,47100
7331,2022-06-22 14:43:00+05:30,23.35,23.35,23.35,23.35,0,47100
7332,2022-06-22 14:44:00+05:30,23.35,23.35,23.35,23.35,0,47100
7333,2022-06-22 14:45:00+05:30,23.35,23.35,23.35,23.35,0,47100
7334,2022-06-22 14:46:00+05:30,23.35,23.35,23.35,23.35,0,47100
7335,2022-06-22 14:47:00+05:30,23.35,23.35,23.35,23.35,0,47100
7336,2022-06-22 14:48:00+05:30,23.35,23.35,23.35,23.35,0,47100
7337,2022-06-22 14:49:00+05:30,23.35,23.35,23.35,23.35,0,47100
7338,2022-06-22 14:50:00+05:30,23.35,23.35,23.35,23.35,0,47100
7339,2022-06-22 14:51:00+05:30,23.35,23.35,23.35,23.35,0,47100
7340,2022-06-22 14:52:00+05:30,23.35,23.35,21.8,21.8,600,46200
7341,2022-06-22 14:53:00+05:30,21.8,21.8,21.7,21.7,300,46200
7342,2022-06-22 14:54:00+05:30,21.7,21.7,21.7,21.7,0,46200
7343,2022-06-22 14:55:00+05:30,21.7,21.7,21.7,21.7,0,46200
7344,2022-06-22 14:56:00+05:30,21.7,22.95,21.7,22.95,0,47100
7345,2022-06-22 14:57:00+05:30,22.95,22.95,22.95,22.95,600,47100
7346,2022-06-22 14:58:00+05:30,22.95,22.95,22.95,22.95,0,47100
7347,2022-06-22 14:59:00+05:30,22.95,22.95,22.95,22.95,0,47100
7348,2022-06-22 15:00:00+05:30,22.95,22.95,22.95,22.95,0,47100
7349,2022-06-22 15:01:00+05:30,22.95,22.95,22.95,22.95,0,47100
7350,2022-06-22 15:02:00+05:30,22.95,22.95,22.95,22.95,0,47100
7351,2022-06-22 15:03:00+05:30,22.95,22.95,22.95,22.95,0,47100
7352,2022-06-22 15:04:00+05:30,22.95,22.95,22.95,22.95,0,47100
7353,2022-06-22 15:05:00+05:30,22.95,22.95,22.95,22.95,0,47100
7354,2022-06-22 15:06:00+05:30,22.95,22.95,22.95,22.95,0,47100
7355,2022-06-22 15:07:00+05:30,22.95,22.95,22.95,22.95,0,47100
7356,2022-06-22 15:08:00+05:30,22.95,22.95,22.6,22.6,300,46500
7357,2022-06-22 15:09:00+05:30,22.6,22.6,22.6,22.6,0,46500
7358,2022-06-22 15:10:00+05:30,22.6,22.6,22.6,22.6,0,46500
7359,2022-06-22 15:11:00+05:30,22.6,22.6,22.6,22.6,0,46500
7360,2022-06-22 15:12:00+05:30,22.6,22.9,22.6,22.9,300,46800
7361,2022-06-22 15:13:00+05:30,22.9,22.9,22.7,22.7,300,46800
7362,2022-06-22 15:14:00+05:30,22.7,22.7,22.7,22.7,0,46800
7363,2022-06-22 15:15:00+05:30,22.7,22.7,22.7,22.7,0,46800
7364,2022-06-22 15:16:00+05:30,22.7,22.7,22.7,22.7,300,46800
7365,2022-06-22 15:17:00+05:30,22.7,22.7,22.7,22.7,0,46800
7366,2022-06-22 15:18:00+05:30,22.7,22.7,22.7,22.7,0,46800
7367,2022-06-22 15:19:00+05:30,22.7,22.7,22.7,22.7,0,46800
7368,2022-06-22 15:20:00+05:30,22.7,23.9,22.7,23.9,300,46500
7369,2022-06-22 15:21:00+05:30,23.9,23.9,23.9,23.9,0,46500
7370,2022-06-22 15:22:00+05:30,23.9,23.9,23.9,23.9,0,46500
7371,2022-06-22 15:23:00+05:30,23.9,23.9,23.9,23.9,0,46500
7372,2022-06-22 15:24:00+05:30,23.9,23.9,22.25,22.25,1800,46200
7373,2022-06-22 15:25:00+05:30,22.25,22.25,22.1,22.1,300,45600
7374,2022-06-22 15:26:00+05:30,22.1,22.2,22.1,22.2,300,45600
7375,2022-06-22 15:27:00+05:30,22.05,22.45,22.05,22.45,900,45600
7376,2022-06-22 15:28:00+05:30,22.45,22.45,22.45,22.45,0,45600
7377,2022-06-22 15:29:00+05:30,22.45,22.45,22.45,22.45,0,45600
7378,2022-06-23 09:15:00+05:30,12.0,12.0,12.0,12.0,0,45000
7379,2022-06-23 09:16:00+05:30,12.0,12.0,12.0,12.0,300,45000
7380,2022-06-23 09:17:00+05:30,12.0,12.0,12.0,12.0,0,45000
7381,2022-06-23 09:18:00+05:30,12.5,12.5,11.0,11.0,600,45600
7382,2022-06-23 09:19:00+05:30,11.05,11.7,10.85,11.7,3300,45600
7383,2022-06-23 09:20:00+05:30,11.7,11.7,11.7,11.7,0,45600
7384,2022-06-23 09:21:00+05:30,11.65,11.95,11.6,11.95,900,43500
7385,2022-06-23 09:22:00+05:30,11.95,11.95,8.4,8.7,600,43500
7386,2022-06-23 09:23:00+05:30,8.7,8.7,7.55,8.0,2700,43500
7387,2022-06-23 09:24:00+05:30,7.65,8.0,7.5,7.85,3300,42300
7388,2022-06-23 09:25:00+05:30,8.05,8.05,7.25,7.25,1200,42300
7389,2022-06-23 09:26:00+05:30,7.25,7.25,6.65,6.75,1500,39600
7390,2022-06-23 09:27:00+05:30,6.75,6.75,6.75,6.75,2100,39600
7391,2022-06-23 09:28:00+05:30,6.75,6.9,6.75,6.9,600,39600
7392,2022-06-23 09:29:00+05:30,6.8,6.8,6.55,6.7,1500,39900
7393,2022-06-23 09:30:00+05:30,6.7,6.7,6.7,6.7,300,39900
7394,2022-06-23 09:31:00+05:30,6.7,6.7,6.7,6.7,0,39900
7395,2022-06-23 09:32:00+05:30,6.7,6.95,6.7,6.95,0,39600
7396,2022-06-23 09:33:00+05:30,6.95,6.95,6.85,6.85,600,39600
7397,2022-06-23 09:34:00+05:30,6.85,6.85,6.65,6.65,3300,39600
7398,2022-06-23 09:35:00+05:30,6.65,7.05,6.65,7.05,300,39600
7399,2022-06-23 09:36:00+05:30,7.15,7.15,7.0,7.0,600,37500
7400,2022-06-23 09:37:00+05:30,7.0,7.0,7.0,7.0,0,37500
7401,2022-06-23 09:38:00+05:30,7.0,7.0,7.0,7.0,0,37500
7402,2022-06-23 09:39:00+05:30,7.0,7.0,7.0,7.0,0,37500
7403,2022-06-23 09:40:00+05:30,7.05,7.35,7.05,7.25,1500,37800
7404,2022-06-23 09:41:00+05:30,7.25,7.25,7.25,7.25,300,37200
7405,2022-06-23 09:42:00+05:30,7.25,7.4,7.25,7.4,600,37200
7406,2022-06-23 09:43:00+05:30,7.4,7.4,7.3,7.3,600,37200
7407,2022-06-23 09:44:00+05:30,7.3,7.35,7.25,7.25,300,37500
7408,2022-06-23 09:45:00+05:30,7.25,7.25,7.15,7.15,1500,37500
7409,2022-06-23 09:46:00+05:30,7.15,7.15,7.1,7.1,600,37500
7410,2022-06-23 09:47:00+05:30,7.1,7.1,6.45,6.45,600,37500
7411,2022-06-23 09:48:00+05:30,6.45,6.45,6.45,6.45,0,37500
7412,2022-06-23 09:49:00+05:30,6.45,6.45,6.45,6.45,0,37500
7413,2022-06-23 09:50:00+05:30,6.45,6.6,6.45,6.6,600,36300
7414,2022-06-23 09:51:00+05:30,6.6,6.6,6.5,6.5,1500,36000
7415,2022-06-23 09:52:00+05:30,6.5,6.5,6.45,6.5,1200,36000
7416,2022-06-23 09:53:00+05:30,6.5,6.5,6.3,6.3,900,36000
7417,2022-06-23 09:54:00+05:30,6.35,6.35,6.35,6.35,300,35400
7418,2022-06-23 09:55:00+05:30,6.35,6.35,6.35,6.35,0,35400
7419,2022-06-23 09:56:00+05:30,6.35,6.4,6.35,6.4,0,35700
7420,2022-06-23 09:57:00+05:30,6.4,6.5,6.4,6.5,1200,35700
7421,2022-06-23 09:58:00+05:30,6.6,7.0,6.6,6.95,1800,35700
7422,2022-06-23 09:59:00+05:30,6.95,7.05,6.95,7.05,300,35700
7423,2022-06-23 10:00:00+05:30,7.0,7.1,7.0,7.1,300,36000
7424,2022-06-23 10:01:00+05:30,7.0,7.0,6.8,6.8,600,36000
7425,2022-06-23 10:02:00+05:30,6.8,6.8,6.8,6.8,300,36000
7426,2022-06-23 10:03:00+05:30,6.8,6.8,6.8,6.8,0,36000
7427,2022-06-23 10:04:00+05:30,6.8,6.8,6.8,6.8,0,36000
7428,2022-06-23 10:05:00+05:30,6.8,6.8,6.8,6.8,0,36000
7429,2022-06-23 10:06:00+05:30,6.8,6.8,6.8,6.8,0,36000
7430,2022-06-23 10:07:00+05:30,6.8,6.8,6.8,6.8,0,36000
7431,2022-06-23 10:08:00+05:30,6.8,6.8,6.8,6.8,0,36000
7432,2022-06-23 10:09:00+05:30,6.9,6.9,6.9,6.9,600,36300
7433,2022-06-23 10:10:00+05:30,6.9,6.9,6.9,6.9,0,36300
7434,2022-06-23 10:11:00+05:30,6.9,6.9,6.9,6.9,0,36300
7435,2022-06-23 10:12:00+05:30,6.95,7.2,6.9,7.2,2700,34500
7436,2022-06-23 10:13:00+05:30,7.2,7.2,7.0,7.0,300,34500
7437,2022-06-23 10:14:00+05:30,7.0,7.0,7.0,7.0,0,34500
7438,2022-06-23 10:15:00+05:30,7.0,7.0,7.0,7.0,0,34500
7439,2022-06-23 10:16:00+05:30,7.0,7.0,7.0,7.0,0,34500
7440,2022-06-23 10:17:00+05:30,7.0,7.0,7.0,7.0,0,34500
7441,2022-06-23 10:18:00+05:30,7.0,7.0,7.0,7.0,0,34500
7442,2022-06-23 10:19:00+05:30,7.0,7.0,7.0,7.0,0,34500
7443,2022-06-23 10:20:00+05:30,7.0,7.0,7.0,7.0,0,34500
7444,2022-06-23 10:21:00+05:30,7.35,7.35,7.35,7.35,600,35100
7445,2022-06-23 10:22:00+05:30,7.35,7.35,7.35,7.35,0,35100
7446,2022-06-23 10:23:00+05:30,7.35,7.35,7.35,7.35,0,35100
7447,2022-06-23 10:24:00+05:30,7.35,7.35,7.35,7.35,0,35100
7448,2022-06-23 10:25:00+05:30,7.35,7.35,7.35,7.35,0,35100
7449,2022-06-23 10:26:00+05:30,7.35,7.35,7.35,7.35,0,35100
7450,2022-06-23 10:27:00+05:30,7.35,7.35,6.75,6.75,0,35700
7451,2022-06-23 10:28:00+05:30,6.75,6.75,6.75,6.75,300,35700
7452,2022-06-23 10:29:00+05:30,6.75,6.75,6.75,6.75,0,35700
7453,2022-06-23 10:30:00+05:30,6.75,6.75,6.75,6.75,0,35700
7454,2022-06-23 10:31:00+05:30,7.35,7.35,7.35,7.35,600,35700
7455,2022-06-23 10:32:00+05:30,7.35,7.35,7.35,7.35,0,35700
7456,2022-06-23 10:33:00+05:30,7.35,7.35,7.35,7.35,0,35700
7457,2022-06-23 10:34:00+05:30,7.35,7.35,7.0,7.0,600,35700
7458,2022-06-23 10:35:00+05:30,7.0,7.0,7.0,7.0,0,35700
7459,2022-06-23 10:36:00+05:30,7.0,7.0,7.0,7.0,0,35700
7460,2022-06-23 10:37:00+05:30,7.0,7.0,7.0,7.0,0,35700
7461,2022-06-23 10:38:00+05:30,7.0,7.0,7.0,7.0,0,35700
7462,2022-06-23 10:39:00+05:30,7.0,7.0,7.0,7.0,0,35700
7463,2022-06-23 10:40:00+05:30,7.0,7.0,7.0,7.0,0,35700
7464,2022-06-23 10:41:00+05:30,7.0,7.0,7.0,7.0,0,35700
7465,2022-06-23 10:42:00+05:30,7.0,7.0,6.85,6.95,600,36300
7466,2022-06-23 10:43:00+05:30,6.95,6.95,6.95,6.95,0,36300
7467,2022-06-23 10:44:00+05:30,6.95,6.95,6.95,6.95,0,36300
7468,2022-06-23 10:45:00+05:30,6.95,6.95,6.95,6.95,0,36300
7469,2022-06-23 10:46:00+05:30,6.95,6.95,6.95,6.95,0,36300
7470,2022-06-23 10:47:00+05:30,6.95,6.95,6.95,6.95,0,36300
7471,2022-06-23 10:48:00+05:30,6.95,6.95,6.95,6.95,0,36300
7472,2022-06-23 10:49:00+05:30,6.95,7.05,6.95,7.05,300,36000
7473,2022-06-23 10:50:00+05:30,7.05,7.05,6.9,6.9,300,36000
7474,2022-06-23 10:51:00+05:30,6.9,6.9,6.9,6.9,0,36000
7475,2022-06-23 10:52:00+05:30,6.9,6.9,6.7,6.7,300,36000
7476,2022-06-23 10:53:00+05:30,6.7,6.7,6.7,6.7,0,36000
7477,2022-06-23 10:54:00+05:30,6.7,6.7,6.6,6.65,900,36000
7478,2022-06-23 10:55:00+05:30,6.65,6.8,6.65,6.65,600,36000
7479,2022-06-23 10:56:00+05:30,6.65,6.65,6.65,6.65,0,36000
7480,2022-06-23 10:57:00+05:30,6.65,6.65,6.65,6.65,0,36000
7481,2022-06-23 10:58:00+05:30,6.65,6.65,6.65,6.65,0,36000
7482,2022-06-23 10:59:00+05:30,6.65,6.65,6.5,6.5,300,36000
7483,2022-06-23 11:00:00+05:30,6.5,6.5,6.15,6.3,2100,36000
7484,2022-06-23 11:01:00+05:30,6.3,6.3,6.3,6.3,1200,36000
7485,2022-06-23 11:02:00+05:30,6.3,6.6,6.3,6.45,1500,36000
7486,2022-06-23 11:03:00+05:30,6.45,6.55,6.45,6.55,600,35700
7487,2022-06-23 11:04:00+05:30,6.7,6.7,6.65,6.65,900,35700
7488,2022-06-23 11:05:00+05:30,6.55,6.55,6.5,6.5,1200,35700
7489,2022-06-23 11:06:00+05:30,6.5,6.5,6.5,6.5,0,35700
7490,2022-06-23 11:07:00+05:30,6.5,6.5,6.5,6.5,0,35700
7491,2022-06-23 11:08:00+05:30,6.5,6.5,6.2,6.2,0,35100
7492,2022-06-23 11:09:00+05:30,6.2,6.2,6.2,6.2,300,35100
7493,2022-06-23 11:10:00+05:30,6.2,6.2,6.2,6.2,300,35100
7494,2022-06-23 11:11:00+05:30,6.2,6.2,6.2,6.2,0,35100
7495,2022-06-23 11:12:00+05:30,6.2,6.45,6.0,6.2,3600,35400
7496,2022-06-23 11:13:00+05:30,6.2,6.25,6.05,6.25,1500,35400
7497,2022-06-23 11:14:00+05:30,6.25,6.25,6.25,6.25,0,35400
7498,2022-06-23 11:15:00+05:30,6.25,6.25,6.25,6.25,0,35400
7499,2022-06-23 11:16:00+05:30,6.25,6.25,6.1,6.1,600,36300
7500,2022-06-23 11:17:00+05:30,6.1,6.1,6.1,6.1,600,36300
7501,2022-06-23 11:18:00+05:30,6.1,6.25,6.1,6.25,600,35700
7502,2022-06-23 11:19:00+05:30,6.25,6.25,6.25,6.25,300,35700
7503,2022-06-23 11:20:00+05:30,6.25,6.25,6.1,6.1,1200,35700
7504,2022-06-23 11:21:00+05:30,6.1,6.1,6.1,6.1,0,35700
7505,2022-06-23 11:22:00+05:30,6.1,6.1,6.1,6.1,0,35700
7506,2022-06-23 11:23:00+05:30,6.1,6.1,6.1,6.1,300,33600
7507,2022-06-23 11:24:00+05:30,6.1,6.1,6.1,6.1,0,33600
7508,2022-06-23 11:25:00+05:30,6.1,6.1,6.1,6.1,0,33600
7509,2022-06-23 11:26:00+05:30,6.1,6.1,6.1,6.1,0,33600
7510,2022-06-23 11:27:00+05:30,6.1,6.3,6.1,6.3,300,33600
7511,2022-06-23 11:28:00+05:30,6.3,6.3,6.3,6.3,0,33600
7512,2022-06-23 11:29:00+05:30,6.3,6.3,6.3,6.3,0,33600
7513,2022-06-23 11:30:00+05:30,6.3,6.3,6.3,6.3,0,33600
7514,2022-06-23 11:31:00+05:30,6.3,6.55,6.3,6.5,600,33300
7515,2022-06-23 11:32:00+05:30,6.5,6.6,6.5,6.6,600,33300
7516,2022-06-23 11:33:00+05:30,6.6,6.6,6.4,6.4,600,32700
7517,2022-06-23 11:34:00+05:30,6.4,6.4,6.4,6.4,0,32700
7518,2022-06-23 11:35:00+05:30,6.4,6.4,6.35,6.35,300,32700
7519,2022-06-23 11:36:00+05:30,6.35,6.4,6.35,6.4,0,33300
7520,2022-06-23 11:37:00+05:30,6.4,6.4,6.4,6.4,300,33300
7521,2022-06-23 11:38:00+05:30,6.4,6.4,6.2,6.2,300,33300
7522,2022-06-23 11:39:00+05:30,6.2,6.2,6.2,6.2,0,33300
7523,2022-06-23 11:40:00+05:30,6.2,6.2,6.2,6.2,0,33300
7524,2022-06-23 11:41:00+05:30,6.2,6.2,6.2,6.2,0,33300
7525,2022-06-23 11:42:00+05:30,6.2,6.2,6.2,6.2,0,33300
7526,2022-06-23 11:43:00+05:30,6.2,6.2,6.2,6.2,0,33300
7527,2022-06-23 11:44:00+05:30,6.2,6.2,6.2,6.2,0,33300
7528,2022-06-23 11:45:00+05:30,6.2,6.2,5.9,6.1,600,33600
7529,2022-06-23 11:46:00+05:30,6.1,6.1,6.1,6.1,0,33600
7530,2022-06-23 11:47:00+05:30,6.1,6.1,6.1,6.1,0,33600
7531,2022-06-23 11:48:00+05:30,6.1,6.1,6.1,6.1,0,33600
7532,2022-06-23 11:49:00+05:30,6.1,6.1,6.1,6.1,0,33600
7533,2022-06-23 11:50:00+05:30,6.1,6.1,6.1,6.1,0,33600
7534,2022-06-23 11:51:00+05:30,6.1,6.25,6.1,6.25,0,34200
7535,2022-06-23 11:52:00+05:30,6.25,6.6,6.25,6.45,1200,34200
7536,2022-06-23 11:53:00+05:30,6.4,6.6,6.4,6.6,900,34200
7537,2022-06-23 11:54:00+05:30,6.6,6.6,6.45,6.6,300,34500
7538,2022-06-23 11:55:00+05:30,6.6,6.6,6.45,6.45,900,34500
7539,2022-06-23 11:56:00+05:30,6.45,6.45,6.4,6.4,0,34500
7540,2022-06-23 11:57:00+05:30,6.4,6.4,6.4,6.4,300,34500
7541,2022-06-23 11:58:00+05:30,6.4,6.4,6.4,6.4,0,34500
7542,2022-06-23 11:59:00+05:30,6.4,6.4,6.3,6.3,300,34500
7543,2022-06-23 12:00:00+05:30,6.3,6.3,6.3,6.3,0,34500
7544,2022-06-23 12:01:00+05:30,6.3,6.3,6.3,6.3,0,34500
7545,2022-06-23 12:02:00+05:30,6.3,6.3,6.3,6.3,0,34500
7546,2022-06-23 12:03:00+05:30,6.3,6.3,6.3,6.3,0,34500
7547,2022-06-23 12:04:00+05:30,6.3,6.3,6.3,6.3,0,34500
7548,2022-06-23 12:05:00+05:30,6.3,6.3,6.3,6.3,900,34500
7549,2022-06-23 12:06:00+05:30,6.3,6.3,6.3,6.3,0,34500
7550,2022-06-23 12:07:00+05:30,6.3,6.4,6.3,6.4,300,35400
7551,2022-06-23 12:08:00+05:30,6.4,6.4,6.4,6.4,0,35400
7552,2022-06-23 12:09:00+05:30,6.3,6.3,6.3,6.3,300,35400
7553,2022-06-23 12:10:00+05:30,6.3,6.3,6.3,6.3,0,35400
7554,2022-06-23 12:11:00+05:30,6.3,6.3,6.3,6.3,0,35400
7555,2022-06-23 12:12:00+05:30,6.3,6.3,6.3,6.3,0,35400
7556,2022-06-23 12:13:00+05:30,6.3,6.3,6.0,6.0,0,35700
7557,2022-06-23 12:14:00+05:30,6.0,6.0,6.0,6.0,300,35700
7558,2022-06-23 12:15:00+05:30,6.0,6.0,6.0,6.0,0,35700
7559,2022-06-23 12:16:00+05:30,6.0,6.15,6.0,6.15,300,36000
7560,2022-06-23 12:17:00+05:30,6.15,6.2,6.15,6.2,300,36000
7561,2022-06-23 12:18:00+05:30,6.2,6.2,6.2,6.2,0,36000
7562,2022-06-23 12:19:00+05:30,6.2,6.3,6.2,6.3,1800,36000
7563,2022-06-23 12:20:00+05:30,6.15,6.15,6.15,6.15,600,36000
7564,2022-06-23 12:21:00+05:30,6.15,6.15,6.15,6.15,0,36000
7565,2022-06-23 12:22:00+05:30,6.15,6.15,6.15,6.15,0,36000
7566,2022-06-23 12:23:00+05:30,6.15,6.15,6.15,6.15,0,36000
7567,2022-06-23 12:24:00+05:30,6.15,6.15,6.15,6.15,0,36000
7568,2022-06-23 12:25:00+05:30,6.15,6.2,6.15,6.2,300,35700
7569,2022-06-23 12:26:00+05:30,6.2,6.25,6.2,6.2,600,35700
7570,2022-06-23 12:27:00+05:30,6.0,6.0,6.0,6.0,600,35700
7571,2022-06-23 12:28:00+05:30,6.0,6.0,6.0,6.0,0,35700
7572,2022-06-23 12:29:00+05:30,6.0,6.0,6.0,6.0,0,35700
7573,2022-06-23 12:30:00+05:30,6.0,6.0,6.0,6.0,0,35700
7574,2022-06-23 12:31:00+05:30,6.0,6.0,6.0,6.0,0,35700
7575,2022-06-23 12:32:00+05:30,6.0,6.0,6.0,6.0,0,35700
7576,2022-06-23 12:33:00+05:30,6.0,6.0,6.0,6.0,0,35700
7577,2022-06-23 12:34:00+05:30,6.0,6.0,6.0,6.0,0,35700
7578,2022-06-23 12:35:00+05:30,6.0,6.0,6.0,6.0,0,35700
7579,2022-06-23 12:36:00+05:30,6.0,6.0,6.0,6.0,0,35700
7580,2022-06-23 12:37:00+05:30,6.0,6.0,6.0,6.0,0,35700
7581,2022-06-23 12:38:00+05:30,6.0,6.0,6.0,6.0,0,35700
7582,2022-06-23 12:39:00+05:30,6.0,6.0,6.0,6.0,0,35700
7583,2022-06-23 12:40:00+05:30,6.0,6.0,6.0,6.0,0,35700
7584,2022-06-23 12:41:00+05:30,6.45,6.45,6.45,6.45,300,36600
7585,2022-06-23 12:42:00+05:30,6.35,6.45,6.35,6.4,900,36900
7586,2022-06-23 12:43:00+05:30,6.4,6.4,6.4,6.4,0,36900
7587,2022-06-23 12:44:00+05:30,6.4,6.4,6.35,6.35,300,36900
7588,2022-06-23 12:45:00+05:30,6.35,6.35,6.35,6.35,0,36900
7589,2022-06-23 12:46:00+05:30,6.35,6.35,6.35,6.35,0,36900
7590,2022-06-23 12:47:00+05:30,6.35,7.05,6.35,7.05,1500,36900
7591,2022-06-23 12:48:00+05:30,7.05,7.05,6.95,6.95,300,36300
7592,2022-06-23 12:49:00+05:30,6.95,6.95,6.95,6.95,0,36300
7593,2022-06-23 12:50:00+05:30,6.95,6.95,6.8,6.8,300,36300
7594,2022-06-23 12:51:00+05:30,6.8,6.8,6.5,6.5,300,36300
7595,2022-06-23 12:52:00+05:30,6.5,6.5,6.5,6.5,0,36300
7596,2022-06-23 12:53:00+05:30,6.5,6.5,6.5,6.5,0,36300
7597,2022-06-23 12:54:00+05:30,6.5,6.5,6.5,6.5,0,36300
7598,2022-06-23 12:55:00+05:30,7.1,7.9,7.1,7.75,4200,36300
7599,2022-06-23 12:56:00+05:30,7.75,7.75,7.4,7.7,1200,36300
7600,2022-06-23 12:57:00+05:30,7.5,7.7,7.3,7.4,1200,38100
7601,2022-06-23 12:58:00+05:30,7.4,7.55,7.4,7.55,300,38100
7602,2022-06-23 12:59:00+05:30,7.55,7.55,7.35,7.35,900,38100
7603,2022-06-23 13:00:00+05:30,7.35,7.35,7.35,7.35,0,38100
7604,2022-06-23 13:01:00+05:30,7.35,7.35,7.0,7.0,300,38700
7605,2022-06-23 13:02:00+05:30,7.0,7.0,7.0,7.0,0,38700
7606,2022-06-23 13:03:00+05:30,7.0,7.0,7.0,7.0,0,38700
7607,2022-06-23 13:04:00+05:30,6.95,6.95,6.65,6.65,1200,38700
7608,2022-06-23 13:05:00+05:30,6.8,6.8,6.8,6.8,300,38700
7609,2022-06-23 13:06:00+05:30,6.8,6.8,6.65,6.65,900,38700
7610,2022-06-23 13:07:00+05:30,6.65,6.65,6.65,6.65,0,38700
7611,2022-06-23 13:08:00+05:30,6.65,6.8,6.65,6.8,300,38700
7612,2022-06-23 13:09:00+05:30,6.8,6.8,6.8,6.8,0,38700
7613,2022-06-23 13:10:00+05:30,6.8,6.8,6.8,6.8,0,38700
7614,2022-06-23 13:11:00+05:30,6.8,7.0,6.8,7.0,300,38400
7615,2022-06-23 13:12:00+05:30,7.0,7.0,6.8,6.8,300,38100
7616,2022-06-23 13:13:00+05:30,6.8,6.8,6.8,6.8,0,38100
7617,2022-06-23 13:14:00+05:30,6.8,6.8,6.8,6.8,0,38100
7618,2022-06-23 13:15:00+05:30,6.8,6.8,6.8,6.8,0,38100
7619,2022-06-23 13:16:00+05:30,6.8,6.8,6.8,6.8,0,38100
7620,2022-06-23 13:17:00+05:30,6.8,6.8,6.1,6.3,900,37800
7621,2022-06-23 13:18:00+05:30,6.3,6.3,6.3,6.3,0,37800
7622,2022-06-23 13:19:00+05:30,6.3,6.3,6.3,6.3,0,37800
7623,2022-06-23 13:20:00+05:30,6.3,6.3,6.3,6.3,0,37800
7624,2022-06-23 13:21:00+05:30,6.3,6.3,6.3,6.3,0,37800
7625,2022-06-23 13:22:00+05:30,6.3,6.3,6.3,6.3,0,37800
7626,2022-06-23 13:23:00+05:30,6.3,6.3,6.3,6.3,0,37800
7627,2022-06-23 13:24:00+05:30,6.3,6.3,6.3,6.3,0,37800
7628,2022-06-23 13:25:00+05:30,6.3,6.3,6.3,6.3,0,37800
7629,2022-06-23 13:26:00+05:30,6.3,6.65,6.3,6.65,300,37800
7630,2022-06-23 13:27:00+05:30,6.65,6.65,6.65,6.65,0,37800
7631,2022-06-23 13:28:00+05:30,6.65,6.65,6.65,6.65,0,37800
7632,2022-06-23 13:29:00+05:30,6.65,6.65,6.65,6.65,0,37800
7633,2022-06-23 13:30:00+05:30,6.65,6.65,6.45,6.45,300,37800
7634,2022-06-23 13:31:00+05:30,6.45,6.5,6.2,6.5,1200,38100
7635,2022-06-23 13:32:00+05:30,6.5,6.5,6.3,6.4,600,38100
7636,2022-06-23 13:33:00+05:30,6.4,6.4,6.4,6.4,0,38100
7637,2022-06-23 13:34:00+05:30,6.4,6.4,6.4,6.4,0,38100
7638,2022-06-23 13:35:00+05:30,6.4,6.4,6.4,6.4,0,38100
7639,2022-06-23 13:36:00+05:30,6.4,6.4,6.4,6.4,0,38100
7640,2022-06-23 13:37:00+05:30,6.4,6.4,6.0,6.0,300,38700
7641,2022-06-23 13:38:00+05:30,6.0,6.0,6.0,6.0,0,38700
7642,2022-06-23 13:39:00+05:30,6.0,6.0,6.0,6.0,0,38700
7643,2022-06-23 13:40:00+05:30,6.0,6.05,6.0,6.05,600,39000
7644,2022-06-23 13:41:00+05:30,6.05,6.3,6.05,6.3,300,39000
7645,2022-06-23 13:42:00+05:30,6.3,6.3,6.3,6.3,0,39000
7646,2022-06-23 13:43:00+05:30,6.3,6.3,6.3,6.3,0,39000
7647,2022-06-23 13:44:00+05:30,6.3,6.75,6.3,6.75,600,38400
7648,2022-06-23 13:45:00+05:30,6.75,6.75,6.75,6.75,900,38400
7649,2022-06-23 13:46:00+05:30,6.75,6.75,6.75,6.75,0,38400
7650,2022-06-23 13:47:00+05:30,6.75,6.75,6.75,6.75,0,38400
7651,2022-06-23 13:48:00+05:30,6.75,6.75,6.45,6.45,600,38400
7652,2022-06-23 13:49:00+05:30,6.45,6.45,6.45,6.45,0,38400
7653,2022-06-23 13:50:00+05:30,6.45,6.45,6.45,6.45,0,38400
7654,2022-06-23 13:51:00+05:30,6.45,6.45,6.45,6.45,0,38400
7655,2022-06-23 13:52:00+05:30,6.45,6.45,6.45,6.45,0,38400
7656,2022-06-23 13:53:00+05:30,6.45,6.55,6.45,6.55,300,38100
7657,2022-06-23 13:54:00+05:30,6.55,6.55,6.55,6.55,0,38100
7658,2022-06-23 13:55:00+05:30,6.55,6.55,6.55,6.55,0,38100
7659,2022-06-23 13:56:00+05:30,6.55,6.55,6.55,6.55,0,38100
7660,2022-06-23 13:57:00+05:30,6.55,6.55,6.55,6.55,0,38100
7661,2022-06-23 13:58:00+05:30,6.55,6.55,6.55,6.55,0,38100
7662,2022-06-23 13:59:00+05:30,6.55,6.55,6.55,6.55,0,38100
7663,2022-06-23 14:00:00+05:30,6.55,6.55,6.55,6.55,0,38100
7664,2022-06-23 14:01:00+05:30,6.25,6.45,6.25,6.45,600,38100
7665,2022-06-23 14:02:00+05:30,6.45,6.45,6.45,6.45,0,38100
7666,2022-06-23 14:03:00+05:30,6.45,6.45,6.45,6.45,0,38100
7667,2022-06-23 14:04:00+05:30,6.45,6.45,6.45,6.45,0,38100
7668,2022-06-23 14:05:00+05:30,6.45,6.45,6.45,6.45,0,38100
7669,2022-06-23 14:06:00+05:30,6.45,6.45,6.45,6.45,0,38100
7670,2022-06-23 14:07:00+05:30,6.45,6.45,6.45,6.45,0,38100
7671,2022-06-23 14:08:00+05:30,6.45,6.45,6.45,6.45,0,38100
7672,2022-06-23 14:09:00+05:30,6.45,6.45,6.45,6.45,0,38100
7673,2022-06-23 14:10:00+05:30,6.45,6.75,6.45,6.75,0,38100
7674,2022-06-23 14:11:00+05:30,6.55,6.55,6.55,6.55,600,38100
7675,2022-06-23 14:12:00+05:30,6.55,6.55,6.55,6.55,0,38100
7676,2022-06-23 14:13:00+05:30,6.55,6.55,6.55,6.55,0,38100
7677,2022-06-23 14:14:00+05:30,6.55,6.55,6.55,6.55,0,38100
7678,2022-06-23 14:15:00+05:30,6.55,6.55,6.55,6.55,0,38100
7679,2022-06-23 14:16:00+05:30,6.55,6.55,6.4,6.4,300,38100
7680,2022-06-23 14:17:00+05:30,6.4,6.4,6.4,6.4,0,38100
7681,2022-06-23 14:18:00+05:30,6.4,6.4,6.4,6.4,0,38100
7682,2022-06-23 14:19:00+05:30,6.4,6.4,6.4,6.4,0,38100
7683,2022-06-23 14:20:00+05:30,6.4,6.4,6.4,6.4,0,38100
7684,2022-06-23 14:21:00+05:30,6.4,6.4,6.4,6.4,0,38100
7685,2022-06-23 14:22:00+05:30,6.4,6.4,6.4,6.4,0,38100
7686,2022-06-23 14:23:00+05:30,6.4,6.4,6.4,6.4,0,38100
7687,2022-06-23 14:24:00+05:30,6.4,6.4,6.4,6.4,0,38100
7688,2022-06-23 14:25:00+05:30,6.4,6.4,6.4,6.4,0,38100
7689,2022-06-23 14:26:00+05:30,6.4,6.4,6.4,6.4,0,38100
7690,2022-06-23 14:27:00+05:30,6.4,6.4,6.4,6.4,0,38100
7691,2022-06-23 14:28:00+05:30,6.4,6.4,6.4,6.4,0,38100
7692,2022-06-23 14:29:00+05:30,6.4,6.4,6.4,6.4,0,38100
7693,2022-06-23 14:30:00+05:30,6.4,6.4,6.1,6.1,300,37800
7694,2022-06-23 14:31:00+05:30,6.1,6.1,6.1,6.1,0,37800
7695,2022-06-23 14:32:00+05:30,6.1,6.1,6.1,6.1,0,37800
7696,2022-06-23 14:33:00+05:30,6.1,6.1,6.1,6.1,0,37800
7697,2022-06-23 14:34:00+05:30,6.1,6.1,6.1,6.1,0,37800
7698,2022-06-23 14:35:00+05:30,6.1,6.1,6.1,6.1,0,37800
7699,2022-06-23 14:36:00+05:30,6.1,6.3,6.1,6.3,300,37500
7700,2022-06-23 14:37:00+05:30,6.3,6.3,6.3,6.3,0,37500
7701,2022-06-23 14:38:00+05:30,6.3,6.3,6.3,6.3,0,37500
7702,2022-06-23 14:39:00+05:30,6.3,6.3,6.3,6.3,0,37500
7703,2022-06-23 14:40:00+05:30,6.3,6.3,6.3,6.3,0,37500
7704,2022-06-23 14:41:00+05:30,6.3,6.3,6.3,6.3,0,37500
7705,2022-06-23 14:42:00+05:30,6.3,6.3,6.3,6.3,0,37500
7706,2022-06-23 14:43:00+05:30,6.3,6.3,6.3,6.3,0,37500
7707,2022-06-23 14:44:00+05:30,6.3,6.3,6.3,6.3,0,37500
7708,2022-06-23 14:45:00+05:30,6.3,6.3,5.2,5.25,900,38400
7709,2022-06-23 14:46:00+05:30,5.25,5.25,5.15,5.15,1200,38400
7710,2022-06-23 14:47:00+05:30,5.15,5.15,5.15,5.15,0,38400
7711,2022-06-23 14:48:00+05:30,5.15,5.15,5.15,5.15,0,38400
7712,2022-06-23 14:49:00+05:30,5.15,5.15,5.15,5.15,0,38400
7713,2022-06-23 14:50:00+05:30,5.15,5.15,5.15,5.15,0,38400
7714,2022-06-23 14:51:00+05:30,5.15,5.15,5.15,5.15,0,38400
7715,2022-06-23 14:52:00+05:30,5.15,5.15,5.15,5.15,0,38400
7716,2022-06-23 14:53:00+05:30,5.15,5.2,5.15,5.15,600,38100
7717,2022-06-23 14:54:00+05:30,5.15,5.15,5.15,5.15,300,37800
7718,2022-06-23 14:55:00+05:30,5.15,5.15,5.15,5.15,300,37800
7719,2022-06-23 14:56:00+05:30,5.15,5.2,5.15,5.2,300,37800
7720,2022-06-23 14:57:00+05:30,5.2,5.2,5.15,5.2,1200,37800
7721,2022-06-23 14:58:00+05:30,5.2,5.5,5.2,5.5,300,38100
7722,2022-06-23 14:59:00+05:30,5.5,5.5,5.5,5.5,300,38100
7723,2022-06-23 15:00:00+05:30,5.5,5.65,5.5,5.6,1800,38100
7724,2022-06-23 15:01:00+05:30,5.6,5.6,5.6,5.6,0,38100
7725,2022-06-23 15:02:00+05:30,5.6,5.6,5.6,5.6,0,38100
7726,2022-06-23 15:03:00+05:30,5.6,5.6,5.6,5.6,0,38100
7727,2022-06-23 15:04:00+05:30,5.6,5.6,5.6,5.6,0,38100
7728,2022-06-23 15:05:00+05:30,5.6,5.6,5.6,5.6,0,38100
7729,2022-06-23 15:06:00+05:30,5.6,5.6,5.35,5.35,300,36600
7730,2022-06-23 15:07:00+05:30,5.35,5.6,5.35,5.6,600,36600
7731,2022-06-23 15:08:00+05:30,5.6,5.6,5.4,5.4,300,36600
7732,2022-06-23 15:09:00+05:30,5.4,5.5,5.4,5.5,600,35400
7733,2022-06-23 15:10:00+05:30,5.5,5.5,5.0,5.0,2700,35400
7734,2022-06-23 15:11:00+05:30,5.0,5.0,5.0,5.0,0,35400
7735,2022-06-23 15:12:00+05:30,5.0,5.0,4.85,4.85,900,35400
7736,2022-06-23 15:13:00+05:30,4.85,4.85,4.85,4.85,0,35400
7737,2022-06-23 15:14:00+05:30,4.85,4.85,4.85,4.85,300,33300
7738,2022-06-23 15:15:00+05:30,4.85,4.85,4.85,4.85,0,33300
7739,2022-06-23 15:16:00+05:30,4.85,4.85,4.85,4.85,0,33300
7740,2022-06-23 15:17:00+05:30,4.85,4.9,4.85,4.85,1200,33300
7741,2022-06-23 15:18:00+05:30,4.85,4.85,4.85,4.85,300,33300
7742,2022-06-23 15:19:00+05:30,4.85,4.85,4.85,4.85,0,33300
7743,2022-06-23 15:20:00+05:30,5.0,5.0,4.95,4.95,1200,34500
7744,2022-06-23 15:21:00+05:30,5.05,5.05,4.9,4.9,600,34500
7745,2022-06-23 15:22:00+05:30,4.9,5.15,4.9,5.15,600,33900
7746,2022-06-23 15:23:00+05:30,5.15,5.15,5.15,5.15,0,33900
7747,2022-06-23 15:24:00+05:30,5.15,5.15,5.15,5.15,0,33900
7748,2022-06-23 15:25:00+05:30,5.15,5.15,5.15,5.15,0,33900
7749,2022-06-23 15:26:00+05:30,5.15,5.15,5.15,5.15,0,33900
7750,2022-06-23 15:27:00+05:30,5.15,5.15,5.15,5.15,0,33900
7751,2022-06-23 15:28:00+05:30,5.15,5.15,5.15,5.15,0,33900
7752,2022-06-23 15:29:00+05:30,5.15,5.15,5.15,5.15,0,33900
7753,2022-06-24 09:15:00+05:30,5.3,5.3,5.3,5.3,0,34500
7754,2022-06-24 09:16:00+05:30,5.3,5.3,5.3,5.3,0,34500
7755,2022-06-24 09:17:00+05:30,4.5,4.5,4.5,4.5,300,34500
7756,2022-06-24 09:18:00+05:30,4.5,4.5,3.7,3.7,0,35100
7757,2022-06-24 09:19:00+05:30,3.7,3.85,3.7,3.85,900,35100
7758,2022-06-24 09:20:00+05:30,3.85,3.85,3.85,3.85,0,35100
7759,2022-06-24 09:21:00+05:30,3.85,3.85,3.85,3.85,0,35100
7760,2022-06-24 09:22:00+05:30,3.85,3.85,3.85,3.85,0,35100
7761,2022-06-24 09:23:00+05:30,3.85,3.85,3.85,3.85,0,35100
7762,2022-06-24 09:24:00+05:30,3.85,3.85,3.85,3.85,0,35100
7763,2022-06-24 09:25:00+05:30,3.85,3.85,3.85,3.85,0,35100
7764,2022-06-24 09:26:00+05:30,3.85,3.85,3.65,3.65,300,35100
7765,2022-06-24 09:27:00+05:30,3.65,4.0,3.65,4.0,900,35100
7766,2022-06-24 09:28:00+05:30,4.0,4.0,3.75,3.75,300,35100
7767,2022-06-24 09:29:00+05:30,3.75,3.75,3.75,3.75,0,35100
7768,2022-06-24 09:30:00+05:30,3.75,4.0,3.7,3.7,1200,35100
7769,2022-06-24 09:31:00+05:30,3.7,3.7,3.7,3.7,300,35100
7770,2022-06-24 09:32:00+05:30,3.7,3.7,3.7,3.7,0,35100
7771,2022-06-24 09:33:00+05:30,3.7,3.7,3.45,3.5,1200,35100
7772,2022-06-24 09:34:00+05:30,3.5,3.5,3.3,3.4,900,35100
7773,2022-06-24 09:35:00+05:30,3.3,3.3,3.3,3.3,900,35100
7774,2022-06-24 09:36:00+05:30,3.3,3.3,3.3,3.3,0,35100
7775,2022-06-24 09:37:00+05:30,3.3,3.3,3.3,3.3,300,34500
7776,2022-06-24 09:38:00+05:30,3.3,3.3,3.05,3.05,300,34500
7777,2022-06-24 09:39:00+05:30,3.05,3.05,2.9,3.0,2100,34500
7778,2022-06-24 09:40:00+05:30,3.0,3.0,2.4,2.8,3300,34500
7779,2022-06-24 09:41:00+05:30,2.85,2.9,2.85,2.9,6300,34500
7780,2022-06-24 09:42:00+05:30,2.9,3.05,2.9,3.05,0,34500
7781,2022-06-24 09:43:00+05:30,3.05,3.05,2.9,2.9,300,40800
7782,2022-06-24 09:44:00+05:30,3.0,3.05,2.95,3.0,3600,40800
7783,2022-06-24 09:45:00+05:30,3.0,3.15,3.0,3.15,2400,40800
7784,2022-06-24 09:46:00+05:30,3.15,3.3,3.15,3.3,1200,40500
7785,2022-06-24 09:47:00+05:30,3.3,3.35,3.15,3.2,1800,40500
7786,2022-06-24 09:48:00+05:30,3.2,3.3,3.2,3.3,2100,40500
7787,2022-06-24 09:49:00+05:30,3.35,3.35,3.2,3.2,1200,39300
7788,2022-06-24 09:50:00+05:30,3.2,3.2,3.2,3.2,300,39300
7789,2022-06-24 09:51:00+05:30,3.2,3.25,3.2,3.25,300,39300
7790,2022-06-24 09:52:00+05:30,3.25,3.25,3.25,3.25,0,39300
7791,2022-06-24 09:53:00+05:30,3.25,3.25,3.25,3.25,0,39300
7792,2022-06-24 09:54:00+05:30,3.25,3.25,2.95,2.95,600,39600
7793,2022-06-24 09:55:00+05:30,2.95,2.95,2.95,2.95,300,39600
7794,2022-06-24 09:56:00+05:30,2.95,3.15,2.95,3.15,300,39600
7795,2022-06-24 09:57:00+05:30,3.15,3.6,3.15,3.6,900,39600
7796,2022-06-24 09:58:00+05:30,3.6,3.6,3.4,3.4,1200,39300
7797,2022-06-24 09:59:00+05:30,3.4,3.4,3.4,3.4,0,39300
7798,2022-06-24 10:00:00+05:30,3.4,3.4,3.1,3.1,600,39300
7799,2022-06-24 10:01:00+05:30,3.1,3.1,3.1,3.1,0,39300
7800,2022-06-24 10:02:00+05:30,3.1,3.1,3.1,3.1,0,39300
7801,2022-06-24 10:03:00+05:30,3.1,3.1,3.1,3.1,0,39300
7802,2022-06-24 10:04:00+05:30,3.1,3.2,3.1,3.2,600,39600
7803,2022-06-24 10:05:00+05:30,3.2,3.2,3.2,3.2,0,39600
7804,2022-06-24 10:06:00+05:30,3.2,3.2,3.1,3.1,0,39600
7805,2022-06-24 10:07:00+05:30,3.1,3.1,3.1,3.1,900,39600
7806,2022-06-24 10:08:00+05:30,3.1,3.1,3.1,3.1,0,39600
7807,2022-06-24 10:09:00+05:30,3.1,3.3,3.1,3.15,1500,38100
7808,2022-06-24 10:10:00+05:30,3.15,3.15,3.0,3.0,600,38100
7809,2022-06-24 10:11:00+05:30,3.0,3.05,3.0,3.05,300,38100
7810,2022-06-24 10:12:00+05:30,3.05,3.1,3.05,3.1,900,38100
7811,2022-06-24 10:13:00+05:30,3.1,3.1,3.1,3.1,0,38400
7812,2022-06-24 10:14:00+05:30,3.1,3.1,3.1,3.1,300,38400
7813,2022-06-24 10:15:00+05:30,3.1,3.1,3.1,3.1,0,38400
7814,2022-06-24 10:16:00+05:30,3.1,3.1,3.1,3.1,0,38400
7815,2022-06-24 10:17:00+05:30,3.1,3.1,3.1,3.1,0,38400
7816,2022-06-24 10:18:00+05:30,3.1,3.1,3.1,3.1,0,38400
7817,2022-06-24 10:19:00+05:30,3.1,3.1,3.1,3.1,0,38400
7818,2022-06-24 10:20:00+05:30,3.1,3.1,3.1,3.1,0,38400
7819,2022-06-24 10:21:00+05:30,3.1,3.1,3.1,3.1,0,38400
7820,2022-06-24 10:22:00+05:30,3.1,3.1,3.1,3.1,0,38400
7821,2022-06-24 10:23:00+05:30,3.1,3.1,3.1,3.1,0,38400
7822,2022-06-24 10:24:00+05:30,3.1,3.1,3.05,3.05,0,38400
7823,2022-06-24 10:25:00+05:30,3.05,3.05,3.05,3.05,600,38400
7824,2022-06-24 10:26:00+05:30,3.0,3.0,3.0,3.0,300,39000
7825,2022-06-24 10:27:00+05:30,3.0,3.0,2.8,2.8,300,39000
7826,2022-06-24 10:28:00+05:30,2.8,2.8,2.6,2.6,300,39000
7827,2022-06-24 10:29:00+05:30,2.5,2.65,2.5,2.65,1200,39000
7828,2022-06-24 10:30:00+05:30,2.65,2.65,2.65,2.65,600,39000
7829,2022-06-24 10:31:00+05:30,2.65,2.65,2.6,2.65,1800,39000
7830,2022-06-24 10:32:00+05:30,2.65,2.65,2.65,2.65,2100,39000
7831,2022-06-24 10:33:00+05:30,2.65,2.65,2.55,2.55,900,39000
7832,2022-06-24 10:34:00+05:30,2.55,2.55,2.55,2.55,0,39000
7833,2022-06-24 10:35:00+05:30,2.55,2.55,2.55,2.55,0,39000
7834,2022-06-24 10:36:00+05:30,2.55,2.65,2.55,2.65,300,38700
7835,2022-06-24 10:37:00+05:30,2.65,2.7,2.65,2.7,600,39000
7836,2022-06-24 10:38:00+05:30,2.7,2.7,2.7,2.7,600,39000
7837,2022-06-24 10:39:00+05:30,2.7,2.7,2.7,2.7,0,39000
7838,2022-06-24 10:40:00+05:30,2.7,2.7,2.7,2.7,0,39000
7839,2022-06-24 10:41:00+05:30,2.7,2.7,2.7,2.7,0,39000
7840,2022-06-24 10:42:00+05:30,2.7,2.7,2.7,2.7,0,39000
7841,2022-06-24 10:43:00+05:30,2.7,2.7,2.7,2.7,0,39000
7842,2022-06-24 10:44:00+05:30,2.7,2.7,2.7,2.7,0,39000
7843,2022-06-24 10:45:00+05:30,2.7,2.7,2.7,2.7,0,39000
7844,2022-06-24 10:46:00+05:30,2.7,2.7,2.7,2.7,0,39000
7845,2022-06-24 10:47:00+05:30,2.7,2.7,2.7,2.7,0,39000
7846,2022-06-24 10:48:00+05:30,2.7,2.7,2.7,2.7,0,39000
7847,2022-06-24 10:49:00+05:30,2.7,2.7,2.7,2.7,0,39000
7848,2022-06-24 10:50:00+05:30,2.7,2.7,2.7,2.7,0,39000
7849,2022-06-24 10:51:00+05:30,2.7,2.7,2.7,2.7,0,39000
7850,2022-06-24 10:52:00+05:30,2.7,2.7,2.7,2.7,0,39000
7851,2022-06-24 10:53:00+05:30,2.7,2.7,2.7,2.7,0,39000
7852,2022-06-24 10:54:00+05:30,2.7,2.75,2.7,2.75,300,39300
7853,2022-06-24 10:55:00+05:30,2.75,2.75,2.75,2.75,0,39300
7854,2022-06-24 10:56:00+05:30,2.75,2.75,2.75,2.75,900,39300
7855,2022-06-24 10:57:00+05:30,2.75,2.75,2.75,2.75,0,39300
7856,2022-06-24 10:58:00+05:30,2.75,2.75,2.6,2.6,900,39900
7857,2022-06-24 10:59:00+05:30,2.6,2.6,2.6,2.6,0,39900
7858,2022-06-24 11:00:00+05:30,2.6,3.0,2.6,3.0,300,39900
7859,2022-06-24 11:01:00+05:30,3.0,3.0,3.0,3.0,1200,39900
7860,2022-06-24 11:02:00+05:30,3.0,3.05,3.0,3.0,900,40200
7861,2022-06-24 11:03:00+05:30,3.0,3.05,3.0,3.05,300,40200
7862,2022-06-24 11:04:00+05:30,3.05,3.1,3.05,3.1,600,40200
7863,2022-06-24 11:05:00+05:30,3.1,3.15,3.1,3.15,0,40200
7864,2022-06-24 11:06:00+05:30,3.15,3.15,3.15,3.15,600,40200
7865,2022-06-24 11:07:00+05:30,3.15,3.15,3.15,3.15,300,40200
7866,2022-06-24 11:08:00+05:30,3.15,3.15,3.15,3.15,0,40200
7867,2022-06-24 11:09:00+05:30,3.15,3.2,3.15,3.2,600,40200
7868,2022-06-24 11:10:00+05:30,3.2,3.2,3.2,3.2,0,40200
7869,2022-06-24 11:11:00+05:30,3.2,3.2,3.2,3.2,0,40200
7870,2022-06-24 11:12:00+05:30,3.2,3.2,3.15,3.15,600,40200
7871,2022-06-24 11:13:00+05:30,3.15,3.15,3.15,3.15,0,40200
7872,2022-06-24 11:14:00+05:30,3.15,3.15,3.15,3.15,0,40200
7873,2022-06-24 11:15:00+05:30,3.15,3.15,3.15,3.15,0,40200
7874,2022-06-24 11:16:00+05:30,3.15,3.15,3.15,3.15,0,40200
7875,2022-06-24 11:17:00+05:30,3.15,3.15,3.15,3.15,0,40200
7876,2022-06-24 11:18:00+05:30,3.15,3.15,3.15,3.15,0,40200
7877,2022-06-24 11:19:00+05:30,3.15,3.15,3.15,3.15,0,40200
7878,2022-06-24 11:20:00+05:30,3.15,3.15,3.15,3.15,0,40200
7879,2022-06-24 11:21:00+05:30,3.15,3.15,3.15,3.15,0,40200
7880,2022-06-24 11:22:00+05:30,3.15,3.15,3.15,3.15,0,40200
7881,2022-06-24 11:23:00+05:30,3.15,3.15,3.15,3.15,0,40200
7882,2022-06-24 11:24:00+05:30,3.15,3.15,3.15,3.15,0,40200
7883,2022-06-24 11:25:00+05:30,3.15,3.15,3.15,3.15,0,40200
7884,2022-06-24 11:26:00+05:30,3.15,3.15,3.15,3.15,0,40200
7885,2022-06-24 11:27:00+05:30,3.15,3.15,3.15,3.15,0,40200
7886,2022-06-24 11:28:00+05:30,3.15,3.15,3.1,3.1,300,39900
7887,2022-06-24 11:29:00+05:30,3.1,3.1,3.1,3.1,300,39900
7888,2022-06-24 11:30:00+05:30,3.1,3.15,3.1,3.15,1200,39900
7889,2022-06-24 11:31:00+05:30,3.15,3.15,3.1,3.1,0,39900
7890,2022-06-24 11:32:00+05:30,3.1,3.1,3.1,3.1,600,39900
7891,2022-06-24 11:33:00+05:30,3.1,3.1,3.1,3.1,0,39900
7892,2022-06-24 11:34:00+05:30,3.1,3.1,3.1,3.1,0,39900
7893,2022-06-24 11:35:00+05:30,3.1,3.1,3.1,3.1,0,39900
7894,2022-06-24 11:36:00+05:30,3.1,3.1,3.1,3.1,0,39900
7895,2022-06-24 11:37:00+05:30,3.1,3.1,3.1,3.1,0,39900
7896,2022-06-24 11:38:00+05:30,3.1,3.1,3.1,3.1,0,39900
7897,2022-06-24 11:39:00+05:30,3.1,3.1,3.1,3.1,0,39900
7898,2022-06-24 11:40:00+05:30,3.05,3.05,3.05,3.05,600,39300
7899,2022-06-24 11:41:00+05:30,3.05,3.05,3.05,3.05,0,39300
7900,2022-06-24 11:42:00+05:30,3.05,3.05,3.05,3.05,0,39300
7901,2022-06-24 11:43:00+05:30,3.05,3.05,3.05,3.05,0,39300
7902,2022-06-24 11:44:00+05:30,3.05,3.05,3.05,3.05,0,39300
7903,2022-06-24 11:45:00+05:30,3.05,3.05,3.05,3.05,0,39300
7904,2022-06-24 11:46:00+05:30,3.05,3.05,3.05,3.05,0,39300
7905,2022-06-24 11:47:00+05:30,3.05,3.05,3.05,3.05,0,39300
7906,2022-06-24 11:48:00+05:30,3.05,3.05,3.05,3.05,0,39300
7907,2022-06-24 11:49:00+05:30,3.05,3.05,3.05,3.05,0,39300
7908,2022-06-24 11:50:00+05:30,3.05,3.05,3.05,3.05,0,39300
7909,2022-06-24 11:51:00+05:30,3.05,3.05,3.05,3.05,0,39300
7910,2022-06-24 11:52:00+05:30,3.05,3.05,3.05,3.05,0,39300
7911,2022-06-24 11:53:00+05:30,3.05,3.05,3.05,3.05,0,39300
7912,2022-06-24 11:54:00+05:30,3.05,3.05,3.05,3.05,0,39300
7913,2022-06-24 11:55:00+05:30,3.05,3.05,3.05,3.05,0,39300
7914,2022-06-24 11:56:00+05:30,3.05,3.05,3.05,3.05,0,39300
7915,2022-06-24 11:57:00+05:30,3.05,3.05,3.05,3.05,0,39300
7916,2022-06-24 11:58:00+05:30,3.05,3.05,2.9,2.9,900,38700
7917,2022-06-24 11:59:00+05:30,2.9,2.9,2.9,2.9,0,38700
7918,2022-06-24 12:00:00+05:30,2.9,2.9,2.9,2.9,0,38700
7919,2022-06-24 12:01:00+05:30,2.9,2.9,2.9,2.9,0,38700
7920,2022-06-24 12:02:00+05:30,2.9,2.9,2.9,2.9,0,38100
7921,2022-06-24 12:03:00+05:30,2.9,2.9,2.9,2.9,600,38100
7922,2022-06-24 12:04:00+05:30,2.9,2.9,2.9,2.9,0,38100
7923,2022-06-24 12:05:00+05:30,2.9,2.9,2.65,2.65,0,37800
7924,2022-06-24 12:06:00+05:30,2.65,2.65,2.65,2.65,3000,37800
7925,2022-06-24 12:07:00+05:30,2.65,2.65,2.65,2.65,0,37800
7926,2022-06-24 12:08:00+05:30,2.65,2.65,2.65,2.65,0,37800
7927,2022-06-24 12:09:00+05:30,2.65,2.65,2.65,2.65,0,37800
7928,2022-06-24 12:10:00+05:30,2.65,2.75,2.65,2.75,1200,40500
7929,2022-06-24 12:11:00+05:30,2.75,2.75,2.7,2.7,300,40500
7930,2022-06-24 12:12:00+05:30,2.7,2.8,2.7,2.8,600,40500
7931,2022-06-24 12:13:00+05:30,2.8,2.85,2.8,2.85,300,40500
7932,2022-06-24 12:14:00+05:30,2.85,2.85,2.85,2.85,0,40500
7933,2022-06-24 12:15:00+05:30,3.0,3.0,2.95,3.0,600,40800
7934,2022-06-24 12:16:00+05:30,3.0,3.0,3.0,3.0,0,40800
7935,2022-06-24 12:17:00+05:30,3.0,3.0,3.0,3.0,300,41100
7936,2022-06-24 12:18:00+05:30,3.0,3.0,3.0,3.0,600,41100
7937,2022-06-24 12:19:00+05:30,3.0,3.0,3.0,3.0,0,41100
7938,2022-06-24 12:20:00+05:30,3.0,3.0,2.95,2.95,300,41100
7939,2022-06-24 12:21:00+05:30,2.95,2.95,2.95,2.95,0,41100
7940,2022-06-24 12:22:00+05:30,2.95,3.0,2.85,2.85,1500,41100
7941,2022-06-24 12:23:00+05:30,2.85,2.85,2.85,2.85,0,41100
7942,2022-06-24 12:24:00+05:30,2.85,2.85,2.85,2.85,0,41100
7943,2022-06-24 12:25:00+05:30,2.85,2.85,2.85,2.85,0,41100
7944,2022-06-24 12:26:00+05:30,2.85,2.85,2.85,2.85,0,41100
7945,2022-06-24 12:27:00+05:30,2.85,2.85,2.85,2.85,0,41100
7946,2022-06-24 12:28:00+05:30,2.85,2.95,2.85,2.95,300,41100
7947,2022-06-24 12:29:00+05:30,2.95,2.95,2.95,2.95,0,41100
7948,2022-06-24 12:30:00+05:30,2.85,2.95,2.85,2.85,300,41100
7949,2022-06-24 12:31:00+05:30,2.85,2.85,2.85,2.85,0,41100
7950,2022-06-24 12:32:00+05:30,2.85,2.85,2.85,2.85,0,41100
7951,2022-06-24 12:33:00+05:30,2.85,2.85,2.85,2.85,0,41100
7952,2022-06-24 12:34:00+05:30,2.85,2.85,2.85,2.85,0,41100
7953,2022-06-24 12:35:00+05:30,2.85,2.85,2.85,2.85,0,41100
7954,2022-06-24 12:36:00+05:30,2.85,2.95,2.85,2.95,300,41100
7955,2022-06-24 12:37:00+05:30,2.95,2.95,2.95,2.95,0,41100
7956,2022-06-24 12:38:00+05:30,2.95,2.95,2.95,2.95,0,41100
7957,2022-06-24 12:39:00+05:30,2.95,2.95,2.9,2.9,300,41100
7958,2022-06-24 12:40:00+05:30,2.9,2.9,2.9,2.9,0,41100
7959,2022-06-24 12:41:00+05:30,2.9,2.9,2.9,2.9,0,41100
7960,2022-06-24 12:42:00+05:30,2.9,2.9,2.9,2.9,0,41100
7961,2022-06-24 12:43:00+05:30,2.9,2.9,2.9,2.9,0,41100
7962,2022-06-24 12:44:00+05:30,2.9,2.9,2.9,2.9,0,41100
7963,2022-06-24 12:45:00+05:30,2.9,2.9,2.9,2.9,0,41100
7964,2022-06-24 12:46:00+05:30,2.9,2.9,2.9,2.9,0,41100
7965,2022-06-24 12:47:00+05:30,2.9,2.9,2.9,2.9,0,41100
7966,2022-06-24 12:48:00+05:30,2.9,2.9,2.9,2.9,0,41100
7967,2022-06-24 12:49:00+05:30,2.9,2.9,2.9,2.9,0,41100
7968,2022-06-24 12:50:00+05:30,2.85,2.85,2.85,2.85,300,41400
7969,2022-06-24 12:51:00+05:30,2.85,2.85,2.85,2.85,0,41400
7970,2022-06-24 12:52:00+05:30,2.85,2.85,2.85,2.85,0,41400
7971,2022-06-24 12:53:00+05:30,2.85,2.85,2.85,2.85,0,41400
7972,2022-06-24 12:54:00+05:30,2.85,2.85,2.85,2.85,0,41400
7973,2022-06-24 12:55:00+05:30,2.85,2.85,2.85,2.85,0,41400
7974,2022-06-24 12:56:00+05:30,2.85,2.85,2.85,2.85,0,41400
7975,2022-06-24 12:57:00+05:30,2.85,2.85,2.85,2.85,300,41100
7976,2022-06-24 12:58:00+05:30,2.85,2.85,2.85,2.85,0,41100
7977,2022-06-24 12:59:00+05:30,2.85,2.85,2.85,2.85,0,41100
7978,2022-06-24 13:00:00+05:30,2.85,2.85,2.85,2.85,0,41100
7979,2022-06-24 13:01:00+05:30,2.85,2.85,2.85,2.85,0,41100
7980,2022-06-24 13:02:00+05:30,2.85,2.85,2.85,2.85,0,41100
7981,2022-06-24 13:03:00+05:30,2.85,2.85,2.85,2.85,0,41100
7982,2022-06-24 13:04:00+05:30,2.85,2.85,2.85,2.85,0,41100
7983,2022-06-24 13:05:00+05:30,2.85,2.85,2.85,2.85,0,41100
7984,2022-06-24 13:06:00+05:30,2.85,2.85,2.85,2.85,0,41100
7985,2022-06-24 13:07:00+05:30,2.85,2.85,2.85,2.85,0,41100
7986,2022-06-24 13:08:00+05:30,2.85,2.85,2.85,2.85,0,41100
7987,2022-06-24 13:09:00+05:30,2.85,2.85,2.85,2.85,0,41100
7988,2022-06-24 13:10:00+05:30,2.85,2.85,2.85,2.85,0,41100
7989,2022-06-24 13:11:00+05:30,2.85,2.85,2.85,2.85,0,41100
7990,2022-06-24 13:12:00+05:30,2.85,2.85,2.85,2.85,0,41100
7991,2022-06-24 13:13:00+05:30,2.85,2.85,2.85,2.85,0,41100
7992,2022-06-24 13:14:00+05:30,2.85,2.85,2.85,2.85,0,41100
7993,2022-06-24 13:15:00+05:30,2.85,2.85,2.85,2.85,0,41100
7994,2022-06-24 13:16:00+05:30,2.85,2.85,2.85,2.85,0,41100
7995,2022-06-24 13:17:00+05:30,2.85,2.85,2.85,2.85,0,41100
7996,2022-06-24 13:18:00+05:30,2.85,2.85,2.85,2.85,0,41100
7997,2022-06-24 13:19:00+05:30,2.85,2.85,2.8,2.8,300,40800
7998,2022-06-24 13:20:00+05:30,2.8,2.8,2.8,2.8,0,40800
7999,2022-06-24 13:21:00+05:30,2.8,2.8,2.8,2.8,0,40800
8000,2022-06-24 13:22:00+05:30,2.8,2.8,2.8,2.8,0,40800
8001,2022-06-24 13:23:00+05:30,2.8,2.8,2.8,2.8,0,40800
8002,2022-06-24 13:24:00+05:30,2.8,2.8,2.8,2.8,0,40800
8003,2022-06-24 13:25:00+05:30,2.8,2.8,2.8,2.8,0,40800
8004,2022-06-24 13:26:00+05:30,2.8,2.8,2.8,2.8,0,40800
8005,2022-06-24 13:27:00+05:30,2.8,3.25,2.8,3.2,900,41100
8006,2022-06-24 13:28:00+05:30,3.2,3.3,3.2,3.3,300,41100
8007,2022-06-24 13:29:00+05:30,3.3,3.3,3.3,3.3,0,41100
8008,2022-06-24 13:30:00+05:30,3.3,3.3,3.1,3.1,900,41100
8009,2022-06-24 13:31:00+05:30,3.1,3.1,3.1,3.1,0,41100
8010,2022-06-24 13:32:00+05:30,3.1,3.15,3.1,3.15,300,41100
8011,2022-06-24 13:33:00+05:30,3.15,3.15,3.15,3.15,0,41100
8012,2022-06-24 13:34:00+05:30,3.15,3.15,3.15,3.15,0,41100
8013,2022-06-24 13:35:00+05:30,3.15,3.15,3.1,3.1,300,41100
8014,2022-06-24 13:36:00+05:30,3.1,3.1,3.1,3.1,0,41100
8015,2022-06-24 13:37:00+05:30,3.1,3.1,3.1,3.1,0,41100
8016,2022-06-24 13:38:00+05:30,3.1,3.1,3.1,3.1,0,41100
8017,2022-06-24 13:39:00+05:30,3.1,3.1,3.1,3.1,0,41100
8018,2022-06-24 13:40:00+05:30,3.1,3.1,3.1,3.1,0,41100
8019,2022-06-24 13:41:00+05:30,3.1,3.1,3.1,3.1,0,41100
8020,2022-06-24 13:42:00+05:30,3.1,3.1,3.1,3.1,0,41100
8021,2022-06-24 13:43:00+05:30,3.1,3.1,3.1,3.1,0,41100
8022,2022-06-24 13:44:00+05:30,3.1,3.1,3.1,3.1,0,41100
8023,2022-06-24 13:45:00+05:30,3.1,3.1,3.1,3.1,0,41100
8024,2022-06-24 13:46:00+05:30,3.1,3.1,3.1,3.1,0,41100
8025,2022-06-24 13:47:00+05:30,3.1,3.1,3.1,3.1,0,41100
8026,2022-06-24 13:48:00+05:30,3.1,3.1,3.1,3.1,0,41100
8027,2022-06-24 13:49:00+05:30,3.1,3.1,3.1,3.1,0,41100
8028,2022-06-24 13:50:00+05:30,3.1,3.1,3.1,3.1,0,41100
8029,2022-06-24 13:51:00+05:30,3.1,3.1,3.1,3.1,0,41100
8030,2022-06-24 13:52:00+05:30,3.1,3.1,3.1,3.1,0,41100
8031,2022-06-24 13:53:00+05:30,3.0,3.0,3.0,3.0,300,40800
8032,2022-06-24 13:54:00+05:30,3.0,3.0,3.0,3.0,0,40800
8033,2022-06-24 13:55:00+05:30,3.0,3.0,3.0,3.0,0,40800
8034,2022-06-24 13:56:00+05:30,3.0,3.0,2.95,2.95,300,40800
8035,2022-06-24 13:57:00+05:30,2.95,2.95,2.95,2.95,0,40800
8036,2022-06-24 13:58:00+05:30,2.95,2.95,2.95,2.95,0,40800
8037,2022-06-24 13:59:00+05:30,2.95,2.95,2.95,2.95,0,40800
8038,2022-06-24 14:00:00+05:30,2.95,3.05,2.95,3.05,300,40800
8039,2022-06-24 14:01:00+05:30,3.05,3.05,3.05,3.05,0,40800
8040,2022-06-24 14:02:00+05:30,3.05,3.05,3.05,3.05,0,40800
8041,2022-06-24 14:03:00+05:30,3.05,3.05,3.05,3.05,0,40800
8042,2022-06-24 14:04:00+05:30,3.05,3.05,3.05,3.05,0,40800
8043,2022-06-24 14:05:00+05:30,3.05,3.05,3.05,3.05,0,40800
8044,2022-06-24 14:06:00+05:30,3.05,3.05,3.05,3.05,0,40800
8045,2022-06-24 14:07:00+05:30,3.05,3.05,3.05,3.05,0,40800
8046,2022-06-24 14:08:00+05:30,3.05,3.05,3.05,3.05,0,40800
8047,2022-06-24 14:09:00+05:30,3.05,3.05,2.8,2.8,300,40800
8048,2022-06-24 14:10:00+05:30,2.8,2.8,2.8,2.8,0,40800
8049,2022-06-24 14:11:00+05:30,2.8,2.8,2.8,2.8,0,40800
8050,2022-06-24 14:12:00+05:30,2.8,2.8,2.8,2.8,0,40800
8051,2022-06-24 14:13:00+05:30,2.8,2.8,2.8,2.8,0,40800
8052,2022-06-24 14:14:00+05:30,2.8,2.8,2.65,2.65,0,40800
8053,2022-06-24 14:15:00+05:30,2.65,2.65,2.65,2.65,300,40800
8054,2022-06-24 14:16:00+05:30,2.65,2.65,2.6,2.6,300,40800
8055,2022-06-24 14:17:00+05:30,2.6,2.6,2.6,2.6,0,40800
8056,2022-06-24 14:18:00+05:30,2.6,2.6,2.6,2.6,0,40800
8057,2022-06-24 14:19:00+05:30,2.6,2.6,2.6,2.6,0,40800
8058,2022-06-24 14:20:00+05:30,2.6,2.6,2.6,2.6,0,40800
8059,2022-06-24 14:21:00+05:30,2.6,2.6,2.6,2.6,0,40800
8060,2022-06-24 14:22:00+05:30,2.6,2.6,2.6,2.6,0,40800
8061,2022-06-24 14:23:00+05:30,2.6,2.6,2.6,2.6,0,40800
8062,2022-06-24 14:24:00+05:30,2.6,2.6,2.6,2.6,0,40800
8063,2022-06-24 14:25:00+05:30,2.6,2.6,2.6,2.6,0,40800
8064,2022-06-24 14:26:00+05:30,2.6,2.6,2.6,2.6,0,40800
8065,2022-06-24 14:27:00+05:30,2.6,2.75,2.6,2.75,300,41100
8066,2022-06-24 14:28:00+05:30,2.75,2.75,2.65,2.65,1200,41100
8067,2022-06-24 14:29:00+05:30,2.65,2.65,2.65,2.65,0,41100
8068,2022-06-24 14:30:00+05:30,2.65,2.65,2.65,2.65,300,40800
8069,2022-06-24 14:31:00+05:30,2.65,2.65,2.65,2.65,0,40800
8070,2022-06-24 14:32:00+05:30,2.65,2.65,2.65,2.65,0,40800
8071,2022-06-24 14:33:00+05:30,2.65,2.65,2.65,2.65,0,40800
8072,2022-06-24 14:34:00+05:30,2.65,2.65,2.65,2.65,0,40800
8073,2022-06-24 14:35:00+05:30,2.65,2.85,2.65,2.85,300,40800
8074,2022-06-24 14:36:00+05:30,2.85,2.85,2.85,2.85,0,40800
8075,2022-06-24 14:37:00+05:30,2.85,2.85,2.85,2.85,0,40800
8076,2022-06-24 14:38:00+05:30,2.85,2.85,2.85,2.85,0,40800
8077,2022-06-24 14:39:00+05:30,2.85,2.85,2.85,2.85,0,40800
8078,2022-06-24 14:40:00+05:30,2.85,2.9,2.85,2.9,300,40800
8079,2022-06-24 14:41:00+05:30,2.9,2.95,2.75,2.95,1200,41100
8080,2022-06-24 14:42:00+05:30,2.95,2.95,2.95,2.95,300,41100
8081,2022-06-24 14:43:00+05:30,2.95,2.95,2.95,2.95,0,41100
8082,2022-06-24 14:44:00+05:30,2.95,2.95,2.7,2.7,300,41100
8083,2022-06-24 14:45:00+05:30,2.7,2.7,2.6,2.7,600,41100
8084,2022-06-24 14:46:00+05:30,2.65,2.8,2.65,2.8,1500,41100
8085,2022-06-24 14:47:00+05:30,2.8,2.8,2.8,2.8,0,41100
8086,2022-06-24 14:48:00+05:30,2.8,2.8,2.7,2.75,600,40800
8087,2022-06-24 14:49:00+05:30,2.75,2.75,2.75,2.75,0,40800
8088,2022-06-24 14:50:00+05:30,2.75,2.75,2.75,2.75,0,40800
8089,2022-06-24 14:51:00+05:30,2.75,2.75,2.75,2.75,0,40800
8090,2022-06-24 14:52:00+05:30,2.75,2.75,2.75,2.75,0,40800
8091,2022-06-24 14:53:00+05:30,2.7,2.7,2.7,2.7,300,40500
8092,2022-06-24 14:54:00+05:30,2.7,2.7,2.7,2.7,0,40500
8093,2022-06-24 14:55:00+05:30,2.7,2.7,2.7,2.7,0,40500
8094,2022-06-24 14:56:00+05:30,2.7,2.7,2.7,2.7,0,40500
8095,2022-06-24 14:57:00+05:30,2.7,2.7,2.7,2.7,0,40500
8096,2022-06-24 14:58:00+05:30,2.7,2.7,2.7,2.7,0,40500
8097,2022-06-24 14:59:00+05:30,2.7,2.7,2.7,2.7,0,40500
8098,2022-06-24 15:00:00+05:30,2.7,2.7,2.7,2.7,0,40500
8099,2022-06-24 15:01:00+05:30,2.7,2.7,2.7,2.7,0,40500
8100,2022-06-24 15:02:00+05:30,2.7,2.7,2.55,2.55,600,40500
8101,2022-06-24 15:03:00+05:30,2.55,2.55,2.55,2.55,0,40500
8102,2022-06-24 15:04:00+05:30,2.55,2.55,2.5,2.5,300,40500
8103,2022-06-24 15:05:00+05:30,2.5,2.5,2.4,2.4,600,41100
8104,2022-06-24 15:06:00+05:30,2.4,2.45,2.4,2.45,600,41100
8105,2022-06-24 15:07:00+05:30,2.45,2.45,2.35,2.45,1200,41100
8106,2022-06-24 15:08:00+05:30,2.45,2.45,2.45,2.45,600,42000
8107,2022-06-24 15:09:00+05:30,2.5,2.5,2.5,2.5,1800,42000
8108,2022-06-24 15:10:00+05:30,2.5,2.5,2.5,2.5,0,42000
8109,2022-06-24 15:11:00+05:30,2.5,2.5,2.5,2.5,900,39300
8110,2022-06-24 15:12:00+05:30,2.5,2.5,2.5,2.5,900,39300
8111,2022-06-24 15:13:00+05:30,2.5,2.5,2.5,2.5,0,39300
8112,2022-06-24 15:14:00+05:30,2.5,2.5,2.5,2.5,300,39300
8113,2022-06-24 15:15:00+05:30,2.5,2.5,2.5,2.5,0,39300
8114,2022-06-24 15:16:00+05:30,2.5,2.5,2.5,2.5,0,39300
8115,2022-06-24 15:17:00+05:30,2.5,2.5,2.5,2.5,0,39300
8116,2022-06-24 15:18:00+05:30,2.5,2.5,2.45,2.45,600,37500
8117,2022-06-24 15:19:00+05:30,2.45,2.45,2.45,2.45,0,37500
8118,2022-06-24 15:20:00+05:30,2.45,2.45,2.45,2.45,0,37500
8119,2022-06-24 15:21:00+05:30,2.45,2.45,2.45,2.45,0,37500
8120,2022-06-24 15:22:00+05:30,2.45,2.45,2.45,2.45,0,37500
8121,2022-06-24 15:23:00+05:30,2.45,2.45,2.45,2.45,0,37500
8122,2022-06-24 15:24:00+05:30,2.45,2.45,2.45,2.45,0,37500
8123,2022-06-24 15:25:00+05:30,2.45,2.45,2.45,2.45,300,37800
8124,2022-06-24 15:26:00+05:30,2.45,2.45,2.45,2.45,0,37800
8125,2022-06-24 15:27:00+05:30,2.45,2.45,2.45,2.45,0,37800
8126,2022-06-24 15:28:00+05:30,2.45,2.45,2.45,2.45,0,37800
8127,2022-06-24 15:29:00+05:30,2.45,2.45,2.45,2.45,0,37800
8128,2022-06-27 09:15:00+05:30,1.0,1.0,1.0,1.0,0,0
8129,2022-06-27 09:17:00+05:30,1.0,1.0,0.95,0.95,1200,37500
8130,2022-06-27 09:18:00+05:30,0.95,0.95,0.95,0.95,300,37500
8131,2022-06-27 09:19:00+05:30,0.95,0.95,0.95,0.95,0,37500
8132,2022-06-27 09:20:00+05:30,0.95,0.95,0.95,0.95,2400,37500
8133,2022-06-27 09:21:00+05:30,0.95,0.95,0.95,0.95,0,37500
8134,2022-06-27 09:22:00+05:30,0.95,0.95,0.9,0.9,900,37500
8135,2022-06-27 09:23:00+05:30,0.9,0.9,0.9,0.9,0,37500
8136,2022-06-27 09:24:00+05:30,0.9,0.95,0.9,0.95,0,37200
8137,2022-06-27 09:25:00+05:30,0.95,0.95,0.95,0.95,300,37200
8138,2022-06-27 09:26:00+05:30,0.95,1.05,0.95,1.05,300,37200
8139,2022-06-27 09:27:00+05:30,1.05,1.05,1.05,1.05,600,37200
8140,2022-06-27 09:28:00+05:30,1.05,1.05,1.0,1.0,300,37200
8141,2022-06-27 09:29:00+05:30,1.0,1.0,1.0,1.0,1200,37200
8142,2022-06-27 09:30:00+05:30,1.0,1.0,1.0,1.0,0,37200
8143,2022-06-27 09:31:00+05:30,1.0,1.0,1.0,1.0,0,37200
8144,2022-06-27 09:32:00+05:30,1.0,1.0,1.0,1.0,0,37200
8145,2022-06-27 09:33:00+05:30,1.0,1.0,1.0,1.0,0,37200
8146,2022-06-27 09:34:00+05:30,1.0,1.0,1.0,1.0,0,37200
8147,2022-06-27 09:35:00+05:30,1.0,1.0,1.0,1.0,0,37200
8148,2022-06-27 09:36:00+05:30,1.0,1.0,0.95,0.95,600,36600
8149,2022-06-27 09:37:00+05:30,1.05,1.05,1.05,1.05,900,36600
8150,2022-06-27 09:38:00+05:30,1.05,1.05,1.05,1.05,0,36600
8151,2022-06-27 09:39:00+05:30,1.0,1.0,1.0,1.0,300,36300
8152,2022-06-27 09:40:00+05:30,1.0,1.0,1.0,1.0,0,36300
8153,2022-06-27 09:41:00+05:30,1.0,1.0,1.0,1.0,0,36300
8154,2022-06-27 09:42:00+05:30,1.0,1.0,1.0,1.0,0,36300
8155,2022-06-27 09:43:00+05:30,1.0,1.0,1.0,1.0,0,36300
8156,2022-06-27 09:44:00+05:30,1.0,1.0,1.0,1.0,0,36300
8157,2022-06-27 09:45:00+05:30,1.05,1.05,1.05,1.05,600,36300
8158,2022-06-27 09:46:00+05:30,1.05,1.05,1.05,1.05,0,36300
8159,2022-06-27 09:47:00+05:30,1.05,1.05,1.05,1.05,0,36300
8160,2022-06-27 09:48:00+05:30,1.05,1.05,1.05,1.05,0,36300
8161,2022-06-27 09:49:00+05:30,1.05,1.05,1.05,1.05,0,36300
8162,2022-06-27 09:50:00+05:30,1.05,1.05,1.05,1.05,300,36300
8163,2022-06-27 09:51:00+05:30,1.05,1.05,1.05,1.05,300,36300
8164,2022-06-27 09:52:00+05:30,1.05,1.05,1.05,1.05,0,36300
8165,2022-06-27 09:53:00+05:30,1.05,1.05,1.05,1.05,0,36300
8166,2022-06-27 09:54:00+05:30,1.05,1.05,1.05,1.05,0,36300
8167,2022-06-27 09:55:00+05:30,1.0,1.05,1.0,1.0,600,36300
8168,2022-06-27 09:56:00+05:30,1.0,1.0,1.0,1.0,1800,36300
8169,2022-06-27 09:57:00+05:30,1.0,1.05,1.0,1.05,600,35700
8170,2022-06-27 09:58:00+05:30,1.05,1.05,1.0,1.0,0,35700
8171,2022-06-27 09:59:00+05:30,1.0,1.0,1.0,1.0,300,35700
8172,2022-06-27 10:00:00+05:30,1.0,1.0,1.0,1.0,0,35700
8173,2022-06-27 10:01:00+05:30,1.0,1.05,1.0,1.05,0,35400
8174,2022-06-27 10:02:00+05:30,1.05,1.05,1.0,1.05,900,36000
8175,2022-06-27 10:03:00+05:30,1.05,1.1,1.05,1.1,900,36000
8176,2022-06-27 10:04:00+05:30,1.1,1.1,1.1,1.1,300,36000
8177,2022-06-27 10:05:00+05:30,1.1,1.1,1.1,1.1,0,36000
8178,2022-06-27 10:06:00+05:30,1.1,1.1,1.1,1.1,0,36000
8179,2022-06-27 10:07:00+05:30,1.1,1.1,1.1,1.1,0,36000
8180,2022-06-27 10:08:00+05:30,1.1,1.1,1.1,1.1,0,36000
8181,2022-06-27 10:09:00+05:30,1.1,1.1,1.05,1.05,600,36300
8182,2022-06-27 10:10:00+05:30,1.05,1.05,1.05,1.05,0,36300
8183,2022-06-27 10:11:00+05:30,1.05,1.05,1.05,1.05,0,36300
8184,2022-06-27 10:12:00+05:30,1.05,1.05,1.05,1.05,0,36300
8185,2022-06-27 10:13:00+05:30,1.05,1.05,1.05,1.05,0,36300
8186,2022-06-27 10:14:00+05:30,1.05,1.05,0.95,0.95,300,36300
8187,2022-06-27 10:15:00+05:30,0.95,0.95,0.95,0.95,0,36300
8188,2022-06-27 10:16:00+05:30,0.95,0.95,0.95,0.95,0,36300
8189,2022-06-27 10:17:00+05:30,0.95,1.0,0.95,1.0,0,36600
8190,2022-06-27 10:18:00+05:30,1.0,1.0,1.0,1.0,600,36600
8191,2022-06-27 10:19:00+05:30,1.0,1.0,1.0,1.0,0,36600
8192,2022-06-27 10:20:00+05:30,1.0,1.0,1.0,1.0,0,36600
8193,2022-06-27 10:21:00+05:30,1.0,1.0,1.0,1.0,300,36300
8194,2022-06-27 10:22:00+05:30,1.0,1.0,1.0,1.0,0,36300
8195,2022-06-27 10:23:00+05:30,1.0,1.05,1.0,1.05,600,36300
8196,2022-06-27 10:24:00+05:30,1.05,1.05,1.05,1.05,0,36300
8197,2022-06-27 10:25:00+05:30,1.05,1.05,1.05,1.05,0,36300
8198,2022-06-27 10:26:00+05:30,1.05,1.05,1.05,1.05,0,36300
8199,2022-06-27 10:27:00+05:30,1.05,1.05,1.0,1.0,1500,35700
8200,2022-06-27 10:28:00+05:30,1.0,1.0,1.0,1.0,0,35700
8201,2022-06-27 10:29:00+05:30,1.0,1.0,1.0,1.0,0,35700
8202,2022-06-27 10:30:00+05:30,1.0,1.0,1.0,1.0,0,35700
8203,2022-06-27 10:31:00+05:30,1.0,1.0,1.0,1.0,0,35700
8204,2022-06-27 10:32:00+05:30,1.0,1.0,1.0,1.0,0,35700
8205,2022-06-27 10:33:00+05:30,1.0,1.0,1.0,1.0,0,35700
8206,2022-06-27 10:34:00+05:30,1.0,1.05,1.0,1.05,300,34800
8207,2022-06-27 10:35:00+05:30,1.05,1.05,1.05,1.05,0,34800
8208,2022-06-27 10:36:00+05:30,1.05,1.05,1.05,1.05,0,34800
8209,2022-06-27 10:37:00+05:30,1.05,1.05,1.05,1.05,0,34800
8210,2022-06-27 10:38:00+05:30,1.05,1.05,1.05,1.05,0,34800
8211,2022-06-27 10:39:00+05:30,1.05,1.05,1.05,1.05,0,34800
8212,2022-06-27 10:40:00+05:30,1.05,1.05,1.05,1.05,0,34800
8213,2022-06-27 10:41:00+05:30,1.05,1.05,1.05,1.05,0,34800
8214,2022-06-27 10:42:00+05:30,1.05,1.05,1.05,1.05,0,34800
8215,2022-06-27 10:43:00+05:30,1.1,1.1,1.05,1.05,900,34800
8216,2022-06-27 10:44:00+05:30,1.05,1.1,1.05,1.1,0,34800
8217,2022-06-27 10:45:00+05:30,1.1,1.1,1.1,1.1,300,34800
8218,2022-06-27 10:46:00+05:30,1.1,1.1,1.1,1.1,0,34800
8219,2022-06-27 10:47:00+05:30,1.1,1.1,1.1,1.1,0,34800
8220,2022-06-27 10:48:00+05:30,1.1,1.1,1.1,1.1,0,34800
8221,2022-06-27 10:49:00+05:30,1.1,1.15,1.1,1.15,300,34800
8222,2022-06-27 10:50:00+05:30,1.15,1.15,1.15,1.15,0,34800
8223,2022-06-27 10:51:00+05:30,1.15,1.15,1.15,1.15,0,34800
8224,2022-06-27 10:52:00+05:30,1.15,1.15,1.15,1.15,0,34800
8225,2022-06-27 10:53:00+05:30,1.15,1.15,1.15,1.15,0,34800
8226,2022-06-27 10:54:00+05:30,1.15,1.15,1.15,1.15,0,34800
8227,2022-06-27 10:55:00+05:30,1.15,1.15,1.15,1.15,0,34800
8228,2022-06-27 10:56:00+05:30,1.15,1.15,1.15,1.15,0,34800
8229,2022-06-27 10:57:00+05:30,1.15,1.15,1.15,1.15,0,34800
8230,2022-06-27 10:58:00+05:30,1.15,1.15,1.15,1.15,0,34800
8231,2022-06-27 10:59:00+05:30,1.15,1.15,1.15,1.15,0,34800
8232,2022-06-27 11:00:00+05:30,1.15,1.15,1.0,1.0,300,34500
8233,2022-06-27 11:01:00+05:30,1.0,1.0,1.0,1.0,0,34500
8234,2022-06-27 11:02:00+05:30,1.0,1.0,1.0,1.0,0,34500
8235,2022-06-27 11:03:00+05:30,1.0,1.0,1.0,1.0,0,34500
8236,2022-06-27 11:04:00+05:30,1.0,1.0,1.0,1.0,0,34500
8237,2022-06-27 11:05:00+05:30,1.0,1.0,1.0,1.0,0,34500
8238,2022-06-27 11:06:00+05:30,1.0,1.0,1.0,1.0,0,34500
8239,2022-06-27 11:07:00+05:30,1.0,1.0,1.0,1.0,0,34500
8240,2022-06-27 11:08:00+05:30,1.0,1.0,1.0,1.0,0,34500
8241,2022-06-27 11:09:00+05:30,1.0,1.0,1.0,1.0,0,34500
8242,2022-06-27 11:10:00+05:30,1.0,1.0,1.0,1.0,0,34500
8243,2022-06-27 11:11:00+05:30,1.0,1.0,1.0,1.0,0,34500
8244,2022-06-27 11:12:00+05:30,1.0,1.0,1.0,1.0,0,34500
8245,2022-06-27 11:13:00+05:30,1.0,1.0,1.0,1.0,0,34500
8246,2022-06-27 11:14:00+05:30,1.0,1.0,1.0,1.0,0,34500
8247,2022-06-27 11:15:00+05:30,1.0,1.0,1.0,1.0,0,34500
8248,2022-06-27 11:17:00+05:30,1.0,1.0,1.0,1.0,0,34500
8249,2022-06-27 11:18:00+05:30,1.0,1.0,1.0,1.0,0,34500
8250,2022-06-27 11:19:00+05:30,1.0,1.0,1.0,1.0,0,34500
8251,2022-06-27 11:20:00+05:30,1.0,1.0,1.0,1.0,0,34500
8252,2022-06-27 11:21:00+05:30,1.0,1.0,1.0,1.0,0,34500
8253,2022-06-27 11:22:00+05:30,1.0,1.0,1.0,1.0,0,34500
8254,2022-06-27 11:23:00+05:30,1.0,1.0,1.0,1.0,0,34500
8255,2022-06-27 11:24:00+05:30,1.0,1.0,1.0,1.0,0,34500
8256,2022-06-27 11:25:00+05:30,1.0,1.0,1.0,1.0,0,34500
8257,2022-06-27 11:26:00+05:30,1.0,1.0,1.0,1.0,0,34500
8258,2022-06-27 11:27:00+05:30,1.0,1.0,1.0,1.0,0,34500
8259,2022-06-27 11:28:00+05:30,1.0,1.0,1.0,1.0,0,34500
8260,2022-06-27 11:29:00+05:30,1.0,1.0,1.0,1.0,0,34500
8261,2022-06-27 11:30:00+05:30,1.0,1.0,1.0,1.0,0,34500
8262,2022-06-27 11:31:00+05:30,1.0,1.0,1.0,1.0,0,34500
8263,2022-06-27 11:32:00+05:30,1.0,1.0,1.0,1.0,0,34500
8264,2022-06-27 11:33:00+05:30,1.0,1.0,1.0,1.0,0,34500
8265,2022-06-27 11:34:00+05:30,1.0,1.0,1.0,1.0,0,34500
8266,2022-06-27 11:35:00+05:30,1.05,1.05,1.05,1.05,300,34200
8267,2022-06-27 11:36:00+05:30,1.05,1.05,1.05,1.05,300,33900
8268,2022-06-27 11:37:00+05:30,1.05,1.1,1.05,1.1,900,33900
8269,2022-06-27 11:38:00+05:30,1.1,1.1,1.1,1.1,300,32700
8270,2022-06-27 11:39:00+05:30,1.1,1.1,1.1,1.1,0,32700
8271,2022-06-27 11:40:00+05:30,1.1,1.1,1.1,1.1,0,32700
8272,2022-06-27 11:41:00+05:30,1.05,1.05,1.0,1.0,1200,32700
8273,2022-06-27 11:42:00+05:30,1.0,1.1,1.0,1.1,600,33000
8274,2022-06-27 11:43:00+05:30,1.1,1.1,1.1,1.1,0,33000
8275,2022-06-27 11:44:00+05:30,1.1,1.1,1.1,1.1,0,33000
8276,2022-06-27 11:45:00+05:30,1.1,1.1,1.1,1.1,0,33000
8277,2022-06-27 11:46:00+05:30,1.1,1.1,1.1,1.1,0,33000
8278,2022-06-27 11:47:00+05:30,1.1,1.1,1.1,1.1,0,33000
8279,2022-06-27 11:48:00+05:30,1.1,1.1,1.1,1.1,0,33000
8280,2022-06-27 11:49:00+05:30,1.1,1.1,1.1,1.1,0,33000
8281,2022-06-27 11:50:00+05:30,1.1,1.1,1.1,1.1,300,32400
8282,2022-06-27 11:51:00+05:30,1.1,1.1,1.1,1.1,0,32400
8283,2022-06-27 11:52:00+05:30,1.1,1.1,1.1,1.1,0,32400
8284,2022-06-27 11:53:00+05:30,1.1,1.1,1.1,1.1,0,32400
8285,2022-06-27 11:54:00+05:30,1.1,1.1,1.1,1.1,300,32700
8286,2022-06-27 11:55:00+05:30,1.1,1.1,1.1,1.1,0,32700
8287,2022-06-27 11:56:00+05:30,1.1,1.1,1.1,1.1,0,32700
8288,2022-06-27 11:57:00+05:30,1.1,1.1,1.1,1.1,0,32700
8289,2022-06-27 11:58:00+05:30,1.1,1.1,1.1,1.1,0,32700
8290,2022-06-27 11:59:00+05:30,1.1,1.2,1.1,1.2,0,32700
8291,2022-06-27 12:00:00+05:30,1.15,1.15,1.15,1.15,600,32400
8292,2022-06-27 12:01:00+05:30,1.15,1.15,1.15,1.15,300,32400
8293,2022-06-27 12:02:00+05:30,1.15,1.15,1.15,1.15,0,32400
8294,2022-06-27 12:03:00+05:30,1.15,1.15,1.15,1.15,0,32400
8295,2022-06-27 12:04:00+05:30,1.15,1.15,1.15,1.15,0,32400
8296,2022-06-27 12:05:00+05:30,1.15,1.15,1.15,1.15,0,32400
8297,2022-06-27 12:06:00+05:30,1.15,1.15,1.15,1.15,0,32400
8298,2022-06-27 12:07:00+05:30,1.15,1.15,1.15,1.15,0,32400
8299,2022-06-27 12:08:00+05:30,1.15,1.15,1.15,1.15,0,32400
8300,2022-06-27 12:09:00+05:30,1.15,1.15,1.15,1.15,0,32400
8301,2022-06-27 12:10:00+05:30,1.15,1.15,1.15,1.15,0,32400
8302,2022-06-27 12:11:00+05:30,1.1,1.1,1.1,1.1,300,32700
8303,2022-06-27 12:12:00+05:30,1.1,1.1,1.1,1.1,0,32700
8304,2022-06-27 12:13:00+05:30,1.1,1.1,1.1,1.1,0,32700
8305,2022-06-27 12:14:00+05:30,1.1,1.1,1.1,1.1,0,32700
8306,2022-06-27 12:15:00+05:30,1.1,1.1,1.1,1.1,0,32700
8307,2022-06-27 12:16:00+05:30,1.1,1.1,1.1,1.1,0,32700
8308,2022-06-27 12:17:00+05:30,1.1,1.1,1.1,1.1,0,32700
8309,2022-06-27 12:18:00+05:30,1.1,1.1,1.05,1.05,300,32700
8310,2022-06-27 12:19:00+05:30,1.05,1.05,1.05,1.05,0,32700
8311,2022-06-27 12:20:00+05:30,1.05,1.05,1.05,1.05,0,32700
8312,2022-06-27 12:22:00+05:30,1.05,1.05,1.05,1.05,0,32700
8313,2022-06-27 12:23:00+05:30,1.05,1.05,1.05,1.05,0,32700
8314,2022-06-27 12:24:00+05:30,1.05,1.05,1.05,1.05,0,32700
8315,2022-06-27 12:25:00+05:30,1.05,1.05,1.05,1.05,0,32700
8316,2022-06-27 12:26:00+05:30,1.05,1.05,1.05,1.05,600,32700
8317,2022-06-27 12:27:00+05:30,1.05,1.05,1.05,1.05,0,32700
8318,2022-06-27 12:28:00+05:30,1.05,1.05,1.05,1.05,0,32700
8319,2022-06-27 12:30:00+05:30,1.05,1.05,1.05,1.05,0,32700
8320,2022-06-27 12:31:00+05:30,1.05,1.05,1.05,1.05,0,32700
8321,2022-06-27 12:32:00+05:30,1.05,1.05,1.05,1.05,0,32700
8322,2022-06-27 12:33:00+05:30,1.05,1.05,1.05,1.05,0,32700
8323,2022-06-27 12:34:00+05:30,1.05,1.05,1.05,1.05,0,32700
8324,2022-06-27 12:35:00+05:30,1.05,1.05,1.05,1.05,0,32700
8325,2022-06-27 12:37:00+05:30,1.05,1.05,1.05,1.05,0,32700
8326,2022-06-27 12:38:00+05:30,1.05,1.05,1.05,1.05,0,32700
8327,2022-06-27 12:39:00+05:30,1.05,1.05,1.05,1.05,0,32700
8328,2022-06-27 12:40:00+05:30,1.05,1.05,1.05,1.05,0,32700
8329,2022-06-27 12:41:00+05:30,1.05,1.05,1.05,1.05,0,32700
8330,2022-06-27 12:42:00+05:30,1.05,1.05,1.05,1.05,0,32700
8331,2022-06-27 12:43:00+05:30,1.05,1.05,1.05,1.05,0,32700
8332,2022-06-27 12:44:00+05:30,1.05,1.05,1.05,1.05,0,32700
8333,2022-06-27 12:45:00+05:30,1.05,1.05,1.05,1.05,0,32700
8334,2022-06-27 12:46:00+05:30,1.05,1.05,1.05,1.05,0,32700
8335,2022-06-27 12:47:00+05:30,1.05,1.05,1.05,1.05,0,32700
8336,2022-06-27 12:48:00+05:30,1.05,1.05,1.05,1.05,0,32700
8337,2022-06-27 12:49:00+05:30,1.05,1.05,1.05,1.05,0,32700
8338,2022-06-27 12:50:00+05:30,1.05,1.05,1.05,1.05,0,32700
8339,2022-06-27 12:51:00+05:30,1.05,1.05,1.05,1.05,0,32700
8340,2022-06-27 12:52:00+05:30,1.05,1.05,1.05,1.05,0,32700
8341,2022-06-27 12:53:00+05:30,1.05,1.05,1.05,1.05,0,32700
8342,2022-06-27 12:54:00+05:30,1.05,1.05,1.05,1.05,0,32700
8343,2022-06-27 12:55:00+05:30,1.05,1.05,1.05,1.05,0,32700
8344,2022-06-27 12:56:00+05:30,1.05,1.05,1.05,1.05,0,32700
8345,2022-06-27 12:57:00+05:30,1.05,1.05,1.05,1.05,0,32700
8346,2022-06-27 12:58:00+05:30,1.05,1.05,1.05,1.05,0,32700
8347,2022-06-27 12:59:00+05:30,1.05,1.05,1.05,1.05,0,32700
8348,2022-06-27 13:00:00+05:30,1.05,1.05,1.05,1.05,0,32700
8349,2022-06-27 13:01:00+05:30,1.05,1.05,1.05,1.05,0,32700
8350,2022-06-27 13:02:00+05:30,1.05,1.05,1.05,1.05,0,32700
8351,2022-06-27 13:04:00+05:30,1.05,1.05,1.05,1.05,0,32700
8352,2022-06-27 13:05:00+05:30,1.05,1.05,1.05,1.05,0,32700
8353,2022-06-27 13:06:00+05:30,1.05,1.05,1.05,1.05,0,32700
8354,2022-06-27 13:07:00+05:30,1.05,1.05,1.05,1.05,0,32700
8355,2022-06-27 13:08:00+05:30,1.05,1.05,1.05,1.05,0,32700
8356,2022-06-27 13:09:00+05:30,1.05,1.05,1.05,1.05,0,32700
8357,2022-06-27 13:10:00+05:30,1.05,1.05,0.9,0.9,600,32700
8358,2022-06-27 13:11:00+05:30,0.9,0.9,0.9,0.9,0,32700
8359,2022-06-27 13:12:00+05:30,0.9,0.9,0.9,0.9,0,32700
8360,2022-06-27 13:13:00+05:30,0.9,0.9,0.9,0.9,0,32700
8361,2022-06-27 13:14:00+05:30,0.9,0.9,0.9,0.9,0,32700
8362,2022-06-27 13:15:00+05:30,0.9,0.9,0.9,0.9,0,32700
8363,2022-06-27 13:16:00+05:30,0.9,1.1,0.9,1.1,900,32700
8364,2022-06-27 13:17:00+05:30,1.1,1.1,1.1,1.1,0,32700
8365,2022-06-27 13:18:00+05:30,1.1,1.1,1.1,1.1,0,32700
8366,2022-06-27 13:19:00+05:30,1.1,1.1,1.1,1.1,0,32700
8367,2022-06-27 13:21:00+05:30,1.1,1.1,1.1,1.1,0,32700
8368,2022-06-27 13:22:00+05:30,1.1,1.1,1.1,1.1,0,32700
8369,2022-06-27 13:23:00+05:30,1.1,1.1,1.1,1.1,0,32700
8370,2022-06-27 13:24:00+05:30,1.1,1.1,1.1,1.1,0,32700
8371,2022-06-27 13:25:00+05:30,1.1,1.1,1.1,1.1,0,32700
8372,2022-06-27 13:26:00+05:30,1.1,1.1,1.1,1.1,0,32700
8373,2022-06-27 13:27:00+05:30,1.1,1.1,1.1,1.1,0,32700
8374,2022-06-27 13:28:00+05:30,1.1,1.1,1.1,1.1,0,32700
8375,2022-06-27 13:29:00+05:30,1.1,1.1,1.1,1.1,0,32700
8376,2022-06-27 13:30:00+05:30,1.1,1.1,1.1,1.1,0,32700
8377,2022-06-27 13:31:00+05:30,1.1,1.1,1.1,1.1,0,32700
8378,2022-06-27 13:32:00+05:30,1.1,1.1,1.1,1.1,0,32700
8379,2022-06-27 13:33:00+05:30,1.1,1.1,1.1,1.1,0,32700
8380,2022-06-27 13:34:00+05:30,1.2,1.2,1.2,1.2,300,32400
8381,2022-06-27 13:35:00+05:30,1.2,1.2,1.2,1.2,0,32400
8382,2022-06-27 13:36:00+05:30,1.2,1.2,1.2,1.2,0,32400
8383,2022-06-27 13:37:00+05:30,1.2,1.2,1.2,1.2,0,32400
8384,2022-06-27 13:38:00+05:30,1.2,1.2,1.2,1.2,0,32400
8385,2022-06-27 13:39:00+05:30,1.2,1.2,1.2,1.2,300,32400
8386,2022-06-27 13:40:00+05:30,1.2,1.2,1.2,1.2,300,32400
8387,2022-06-27 13:41:00+05:30,1.2,1.3,1.2,1.3,1200,32400
8388,2022-06-27 13:42:00+05:30,1.3,1.3,1.3,1.3,300,32400
8389,2022-06-27 13:43:00+05:30,1.3,1.3,1.3,1.3,0,32400
8390,2022-06-27 13:44:00+05:30,1.3,1.3,1.3,1.3,0,32400
8391,2022-06-27 13:45:00+05:30,1.3,1.55,1.3,1.55,0,30900
8392,2022-06-27 13:46:00+05:30,1.55,1.65,1.55,1.65,900,30900
8393,2022-06-27 13:47:00+05:30,1.65,1.7,1.65,1.7,2700,30900
8394,2022-06-27 13:48:00+05:30,1.75,1.75,1.7,1.7,900,30900
8395,2022-06-27 13:49:00+05:30,1.7,1.7,1.7,1.7,0,30900
8396,2022-06-27 13:50:00+05:30,1.7,1.75,1.7,1.75,900,27300
8397,2022-06-27 13:51:00+05:30,1.75,1.8,1.75,1.8,600,26100
8398,2022-06-27 13:52:00+05:30,1.8,1.8,1.75,1.8,3000,26100
8399,2022-06-27 13:53:00+05:30,1.8,2.05,1.8,2.05,300,26100
8400,2022-06-27 13:54:00+05:30,1.95,2.05,1.9,1.9,1200,25800
8401,2022-06-27 13:55:00+05:30,1.9,1.9,1.8,1.8,1200,25800
8402,2022-06-27 13:56:00+05:30,1.7,1.7,1.55,1.55,1500,25800
8403,2022-06-27 13:57:00+05:30,1.65,1.7,1.65,1.7,1800,26400
8404,2022-06-27 13:58:00+05:30,1.7,1.7,1.7,1.7,300,26400
8405,2022-06-27 13:59:00+05:30,1.7,1.75,1.7,1.75,300,26400
8406,2022-06-27 14:00:00+05:30,1.75,1.75,1.75,1.75,0,26400
8407,2022-06-27 14:01:00+05:30,1.75,1.8,1.75,1.8,300,27000
8408,2022-06-27 14:02:00+05:30,1.8,2.0,1.8,2.0,1500,27000
8409,2022-06-27 14:03:00+05:30,2.0,2.0,2.0,2.0,0,27000
8410,2022-06-27 14:04:00+05:30,2.0,2.0,2.0,2.0,0,27000
8411,2022-06-27 14:05:00+05:30,2.0,2.0,2.0,2.0,0,27000
8412,2022-06-27 14:06:00+05:30,2.0,2.0,2.0,2.0,0,27000
8413,2022-06-27 14:07:00+05:30,2.0,2.0,2.0,2.0,0,27000
8414,2022-06-27 14:08:00+05:30,2.0,2.0,2.0,2.0,0,27000
8415,2022-06-27 14:09:00+05:30,2.0,2.0,2.0,2.0,0,27000
8416,2022-06-27 14:10:00+05:30,2.0,2.0,2.0,2.0,0,27000
8417,2022-06-27 14:11:00+05:30,2.0,2.0,2.0,2.0,0,27000
8418,2022-06-27 14:12:00+05:30,2.0,2.0,2.0,2.0,0,27000
8419,2022-06-27 14:13:00+05:30,2.0,2.0,2.0,2.0,0,27000
8420,2022-06-27 14:14:00+05:30,2.0,2.0,2.0,2.0,0,27000
8421,2022-06-27 14:15:00+05:30,2.0,2.0,2.0,2.0,0,27000
8422,2022-06-27 14:16:00+05:30,2.0,2.0,2.0,2.0,0,27000
8423,2022-06-27 14:17:00+05:30,2.0,2.0,2.0,2.0,0,27000
8424,2022-06-27 14:18:00+05:30,2.0,2.0,2.0,2.0,0,27000
8425,2022-06-27 14:19:00+05:30,2.0,2.0,2.0,2.0,0,27000
8426,2022-06-27 14:20:00+05:30,2.0,2.0,2.0,2.0,0,27000
8427,2022-06-27 14:21:00+05:30,2.0,2.0,2.0,2.0,0,27000
8428,2022-06-27 14:22:00+05:30,2.0,2.0,2.0,2.0,0,27000
8429,2022-06-27 14:23:00+05:30,2.0,2.0,2.0,2.0,0,27000
8430,2022-06-27 14:24:00+05:30,2.0,2.0,2.0,2.0,0,27000
8431,2022-06-27 14:25:00+05:30,2.0,2.0,2.0,2.0,0,27000
8432,2022-06-27 14:26:00+05:30,2.0,2.0,2.0,2.0,0,27000
8433,2022-06-27 14:27:00+05:30,2.0,2.0,2.0,2.0,0,27000
8434,2022-06-27 14:28:00+05:30,2.0,2.0,2.0,2.0,0,27000
8435,2022-06-27 14:29:00+05:30,2.0,2.0,2.0,2.0,0,27000
8436,2022-06-27 14:30:00+05:30,2.0,2.0,2.0,2.0,0,27000
8437,2022-06-27 14:31:00+05:30,2.0,2.0,2.0,2.0,0,27000
8438,2022-06-27 14:32:00+05:30,2.0,2.0,2.0,2.0,0,27000
8439,2022-06-27 14:33:00+05:30,2.0,2.0,2.0,2.0,0,27000
8440,2022-06-27 14:34:00+05:30,2.0,2.0,2.0,2.0,0,27000
8441,2022-06-27 14:35:00+05:30,2.0,2.0,2.0,2.0,0,27000
8442,2022-06-27 14:36:00+05:30,2.0,2.0,2.0,2.0,0,27000
8443,2022-06-27 14:37:00+05:30,2.0,2.0,2.0,2.0,0,27000
8444,2022-06-27 14:38:00+05:30,2.0,2.0,2.0,2.0,0,27000
8445,2022-06-27 14:39:00+05:30,2.0,2.0,2.0,2.0,0,27000
8446,2022-06-27 14:40:00+05:30,2.0,2.0,2.0,2.0,0,27000
8447,2022-06-27 14:41:00+05:30,2.0,2.0,2.0,2.0,0,27000
8448,2022-06-27 14:42:00+05:30,2.0,2.0,2.0,2.0,0,27000
8449,2022-06-27 14:43:00+05:30,1.7,1.7,1.7,1.7,600,28500
8450,2022-06-27 14:44:00+05:30,1.7,1.7,1.7,1.7,0,28500
8451,2022-06-27 14:45:00+05:30,1.7,1.7,1.7,1.7,0,28500
8452,2022-06-27 14:46:00+05:30,1.7,1.7,1.7,1.7,0,28500
8453,2022-06-27 14:47:00+05:30,1.7,1.7,1.7,1.7,300,28500
8454,2022-06-27 14:48:00+05:30,1.7,1.7,1.7,1.7,300,28500
8455,2022-06-27 14:49:00+05:30,1.7,1.7,1.7,1.7,0,28500
8456,2022-06-27 14:50:00+05:30,1.7,1.7,1.7,1.7,0,28500
8457,2022-06-27 14:51:00+05:30,1.7,1.7,1.7,1.7,0,28500
8458,2022-06-27 14:52:00+05:30,1.7,1.7,1.7,1.7,0,28500
8459,2022-06-27 14:53:00+05:30,1.7,1.7,1.7,1.7,0,28500
8460,2022-06-27 14:54:00+05:30,1.7,1.7,1.7,1.7,0,28500
8461,2022-06-27 14:55:00+05:30,1.7,1.7,1.7,1.7,0,28500
8462,2022-06-27 14:56:00+05:30,1.7,1.7,1.7,1.7,0,28500
8463,2022-06-27 14:57:00+05:30,1.7,1.7,1.7,1.7,0,28500
8464,2022-06-27 14:58:00+05:30,1.7,1.7,1.65,1.65,300,28200
8465,2022-06-27 14:59:00+05:30,1.65,1.65,1.65,1.65,0,28200
8466,2022-06-27 15:00:00+05:30,1.65,1.65,1.65,1.65,0,28200
8467,2022-06-27 15:01:00+05:30,1.65,1.65,1.65,1.65,0,28200
8468,2022-06-27 15:02:00+05:30,1.65,1.7,1.65,1.7,300,28200
8469,2022-06-27 15:03:00+05:30,1.7,1.7,1.7,1.7,0,28200
8470,2022-06-27 15:04:00+05:30,1.7,1.7,1.7,1.7,0,28200
8471,2022-06-27 15:05:00+05:30,1.7,1.7,1.7,1.7,0,28200
8472,2022-06-27 15:06:00+05:30,1.7,1.7,1.7,1.7,0,28200
8473,2022-06-27 15:07:00+05:30,1.7,1.7,1.7,1.7,0,28200
8474,2022-06-27 15:08:00+05:30,1.7,1.7,1.7,1.7,0,28200
8475,2022-06-27 15:09:00+05:30,1.7,1.7,1.7,1.7,0,28200
8476,2022-06-27 15:10:00+05:30,1.7,1.7,1.7,1.7,0,28200
8477,2022-06-27 15:11:00+05:30,1.7,1.7,1.7,1.7,0,28200
8478,2022-06-27 15:12:00+05:30,1.7,1.7,1.7,1.7,0,28200
8479,2022-06-27 15:13:00+05:30,1.7,1.7,1.7,1.7,0,28200
8480,2022-06-27 15:14:00+05:30,1.7,1.7,1.7,1.7,0,28200
8481,2022-06-27 15:15:00+05:30,1.7,1.7,1.7,1.7,0,28200
8482,2022-06-27 15:16:00+05:30,1.7,1.7,1.7,1.7,0,28200
8483,2022-06-27 15:17:00+05:30,1.7,1.7,1.7,1.7,0,28200
8484,2022-06-27 15:18:00+05:30,1.7,1.7,1.7,1.7,0,28200
8485,2022-06-27 15:19:00+05:30,1.7,1.7,1.7,1.7,0,28200
8486,2022-06-27 15:20:00+05:30,1.7,1.7,1.7,1.7,0,28200
8487,2022-06-27 15:21:00+05:30,1.7,1.7,1.7,1.7,0,28200
8488,2022-06-27 15:22:00+05:30,1.7,1.7,1.7,1.7,0,28200
8489,2022-06-27 15:23:00+05:30,1.7,1.7,1.7,1.7,0,28200
8490,2022-06-27 15:24:00+05:30,1.7,1.7,1.7,1.7,0,28200
8491,2022-06-27 15:25:00+05:30,1.7,1.7,1.7,1.7,0,28200
8492,2022-06-27 15:26:00+05:30,1.4,1.4,1.4,1.4,1800,27900
8493,2022-06-27 15:27:00+05:30,1.4,1.4,1.4,1.4,0,27900
8494,2022-06-27 15:28:00+05:30,1.4,1.4,1.4,1.4,0,27900
8495,2022-06-27 15:29:00+05:30,1.4,1.4,1.4,1.4,0,27900
8496,2022-06-28 09:15:00+05:30,1.6,1.6,1.6,1.6,0,0
8497,2022-06-28 09:19:00+05:30,1.6,1.6,1.6,1.6,0,27300
8498,2022-06-28 09:20:00+05:30,1.6,1.6,1.6,1.6,0,27300
8499,2022-06-28 09:21:00+05:30,1.6,1.6,1.6,1.6,0,27300
8500,2022-06-28 09:22:00+05:30,1.6,1.6,1.6,1.6,0,27300
8501,2022-06-28 09:23:00+05:30,1.6,1.6,1.6,1.6,0,27300
8502,2022-06-28 09:24:00+05:30,1.6,1.6,1.6,1.6,0,27300
8503,2022-06-28 09:25:00+05:30,1.6,1.6,1.6,1.6,0,27300
8504,2022-06-28 09:26:00+05:30,1.6,1.6,1.6,1.6,0,27300
8505,2022-06-28 09:27:00+05:30,1.6,1.6,1.6,1.6,0,27300
8506,2022-06-28 09:28:00+05:30,1.6,1.6,1.6,1.6,0,27300
8507,2022-06-28 09:29:00+05:30,1.6,1.6,1.6,1.6,0,27300
8508,2022-06-28 09:30:00+05:30,1.6,1.6,1.6,1.6,0,27300
8509,2022-06-28 09:31:00+05:30,1.6,1.6,1.6,1.6,0,27300
8510,2022-06-28 09:32:00+05:30,1.6,1.6,1.6,1.6,0,27300
8511,2022-06-28 09:33:00+05:30,1.6,1.6,1.6,1.6,0,27300
8512,2022-06-28 09:34:00+05:30,1.6,1.6,1.6,1.6,0,27300
8513,2022-06-28 09:35:00+05:30,1.6,1.6,1.6,1.6,0,27300
8514,2022-06-28 09:36:00+05:30,1.6,1.6,1.6,1.6,0,27300
8515,2022-06-28 09:38:00+05:30,1.05,1.05,1.05,1.05,300,27600
8516,2022-06-28 09:39:00+05:30,1.05,1.05,1.05,1.05,1500,27600
8517,2022-06-28 09:40:00+05:30,1.05,1.05,1.05,1.05,0,27600
8518,2022-06-28 09:41:00+05:30,1.05,1.05,1.05,1.05,0,27600
8519,2022-06-28 09:42:00+05:30,1.05,1.05,1.05,1.05,0,27600
8520,2022-06-28 09:43:00+05:30,1.05,1.05,1.05,1.05,0,27600
8521,2022-06-28 09:44:00+05:30,1.05,1.05,1.05,1.05,300,28200
8522,2022-06-28 09:45:00+05:30,1.05,1.05,1.05,1.05,0,28200
8523,2022-06-28 09:46:00+05:30,1.05,1.05,1.05,1.05,0,28200
8524,2022-06-28 09:47:00+05:30,1.05,1.05,1.05,1.05,0,28200
8525,2022-06-28 09:48:00+05:30,1.05,1.05,1.05,1.05,0,28200
8526,2022-06-28 09:49:00+05:30,1.05,1.05,1.05,1.05,0,28200
8527,2022-06-28 09:50:00+05:30,1.05,1.05,1.05,1.05,0,28200
8528,2022-06-28 09:51:00+05:30,1.05,1.25,1.05,1.25,300,28200
8529,2022-06-28 09:52:00+05:30,1.25,1.25,1.25,1.25,0,28200
8530,2022-06-28 09:53:00+05:30,1.25,1.25,1.25,1.25,0,28200
8531,2022-06-28 09:54:00+05:30,1.25,1.25,1.25,1.25,0,28200
8532,2022-06-28 09:55:00+05:30,1.25,1.25,1.25,1.25,0,28200
8533,2022-06-28 09:56:00+05:30,1.25,1.25,1.25,1.25,0,28200
8534,2022-06-28 09:57:00+05:30,1.25,1.25,1.25,1.25,0,28200
8535,2022-06-28 09:58:00+05:30,1.25,1.25,1.25,1.25,0,28200
8536,2022-06-28 09:59:00+05:30,1.25,1.25,1.25,1.25,0,28200
8537,2022-06-28 10:00:00+05:30,1.25,1.25,1.25,1.25,0,28200
8538,2022-06-28 10:01:00+05:30,1.25,1.25,1.25,1.25,0,28200
8539,2022-06-28 10:02:00+05:30,1.25,1.25,1.25,1.25,0,28200
8540,2022-06-28 10:03:00+05:30,1.25,1.25,1.25,1.25,0,28200
8541,2022-06-28 10:04:00+05:30,1.25,1.25,1.25,1.25,0,28200
8542,2022-06-28 10:05:00+05:30,1.25,1.25,1.25,1.25,0,28200
8543,2022-06-28 10:06:00+05:30,1.25,1.25,1.25,1.25,0,28200
8544,2022-06-28 10:07:00+05:30,1.25,1.25,1.25,1.25,0,28200
8545,2022-06-28 10:08:00+05:30,1.25,1.25,1.25,1.25,0,28200
8546,2022-06-28 10:09:00+05:30,1.25,1.25,1.25,1.25,0,28200
8547,2022-06-28 10:10:00+05:30,1.25,1.25,1.25,1.25,0,28200
8548,2022-06-28 10:11:00+05:30,1.25,1.25,1.25,1.25,0,28200
8549,2022-06-28 10:12:00+05:30,1.25,1.25,1.25,1.25,0,28200
8550,2022-06-28 10:13:00+05:30,1.25,1.25,1.25,1.25,0,28200
8551,2022-06-28 10:14:00+05:30,1.25,1.25,1.25,1.25,0,28200
8552,2022-06-28 10:15:00+05:30,1.25,1.25,1.25,1.25,0,28200
8553,2022-06-28 10:16:00+05:30,1.25,1.25,1.25,1.25,0,28200
8554,2022-06-28 10:17:00+05:30,1.25,1.25,1.25,1.25,0,28200
8555,2022-06-28 10:18:00+05:30,1.25,1.25,1.25,1.25,0,28200
8556,2022-06-28 10:19:00+05:30,1.25,1.25,1.25,1.25,0,28200
8557,2022-06-28 10:20:00+05:30,1.25,1.25,1.25,1.25,0,28200
8558,2022-06-28 10:21:00+05:30,1.25,1.25,1.25,1.25,0,28200
8559,2022-06-28 10:22:00+05:30,1.25,1.25,1.25,1.25,0,28200
8560,2022-06-28 10:23:00+05:30,1.25,1.25,0.9,0.9,300,27900
8561,2022-06-28 10:24:00+05:30,0.9,0.9,0.9,0.9,0,27900
8562,2022-06-28 10:25:00+05:30,0.9,0.9,0.9,0.9,0,27900
8563,2022-06-28 10:26:00+05:30,0.9,0.9,0.9,0.9,0,27900
8564,2022-06-28 10:27:00+05:30,0.9,0.9,0.9,0.9,0,27900
8565,2022-06-28 10:28:00+05:30,0.9,0.9,0.9,0.9,0,27900
8566,2022-06-28 10:29:00+05:30,0.9,0.9,0.9,0.9,0,27900
8567,2022-06-28 10:30:00+05:30,0.9,0.9,0.9,0.9,0,27900
8568,2022-06-28 10:31:00+05:30,0.9,1.0,0.9,0.95,300,27900
8569,2022-06-28 10:32:00+05:30,0.95,0.95,0.95,0.95,300,27900
8570,2022-06-28 10:33:00+05:30,0.95,0.95,0.95,0.95,0,27900
8571,2022-06-28 10:34:00+05:30,0.95,0.95,0.95,0.95,0,27900
8572,2022-06-28 10:35:00+05:30,0.95,0.95,0.95,0.95,0,27900
8573,2022-06-28 10:36:00+05:30,0.95,0.95,0.95,0.95,0,27900
8574,2022-06-28 10:37:00+05:30,0.95,0.95,0.95,0.95,0,27900
8575,2022-06-28 10:38:00+05:30,0.95,0.95,0.95,0.95,0,27900
8576,2022-06-28 10:39:00+05:30,0.95,0.95,0.95,0.95,0,27900
8577,2022-06-28 10:40:00+05:30,0.95,0.95,0.95,0.95,0,27900
8578,2022-06-28 10:41:00+05:30,0.95,0.95,0.95,0.95,0,27900
8579,2022-06-28 10:42:00+05:30,0.95,0.95,0.95,0.95,0,27900
8580,2022-06-28 10:43:00+05:30,0.95,0.95,0.95,0.95,0,27900
8581,2022-06-28 10:44:00+05:30,0.95,0.95,0.95,0.95,0,27900
8582,2022-06-28 10:45:00+05:30,0.95,0.95,0.95,0.95,0,27900
8583,2022-06-28 10:46:00+05:30,0.95,0.95,0.95,0.95,0,27900
8584,2022-06-28 10:47:00+05:30,0.95,0.95,0.95,0.95,0,27900
8585,2022-06-28 10:48:00+05:30,0.95,0.95,0.95,0.95,0,27900
8586,2022-06-28 10:51:00+05:30,0.95,0.95,0.95,0.95,0,27900
8587,2022-06-28 10:52:00+05:30,0.95,0.95,0.95,0.95,0,27900
8588,2022-06-28 10:53:00+05:30,0.95,0.95,0.95,0.95,0,27900
8589,2022-06-28 10:54:00+05:30,0.95,0.95,0.95,0.95,0,27900
8590,2022-06-28 10:55:00+05:30,0.95,0.95,0.95,0.95,0,27900
8591,2022-06-28 10:56:00+05:30,0.95,0.95,0.95,0.95,0,27900
8592,2022-06-28 10:57:00+05:30,0.95,0.95,0.95,0.95,0,27900
8593,2022-06-28 10:59:00+05:30,0.95,0.95,0.95,0.95,0,27900
8594,2022-06-28 11:00:00+05:30,0.95,0.95,0.95,0.95,0,27900
8595,2022-06-28 11:01:00+05:30,0.95,1.0,0.95,1.0,300,27600
8596,2022-06-28 11:02:00+05:30,1.0,1.0,1.0,1.0,0,27600
8597,2022-06-28 11:05:00+05:30,1.0,1.0,1.0,1.0,0,27600
8598,2022-06-28 11:06:00+05:30,1.0,1.0,1.0,1.0,0,27600
8599,2022-06-28 11:07:00+05:30,1.0,1.0,1.0,1.0,0,27600
8600,2022-06-28 11:11:00+05:30,1.0,1.0,1.0,1.0,0,27600
8601,2022-06-28 11:12:00+05:30,1.0,1.0,1.0,1.0,0,27600
8602,2022-06-28 11:13:00+05:30,1.0,1.0,1.0,1.0,0,27600
8603,2022-06-28 11:14:00+05:30,1.0,1.0,1.0,1.0,0,27600
8604,2022-06-28 11:15:00+05:30,1.0,1.0,1.0,1.0,0,27600
8605,2022-06-28 11:20:00+05:30,1.0,1.0,1.0,1.0,0,27600
8606,2022-06-28 11:21:00+05:30,1.0,1.0,1.0,1.0,0,27600
8607,2022-06-28 11:24:00+05:30,1.0,1.0,1.0,1.0,0,27600
8608,2022-06-28 11:25:00+05:30,1.0,1.0,1.0,1.0,0,27600
8609,2022-06-28 11:28:00+05:30,1.0,1.0,1.0,1.0,0,27600
8610,2022-06-28 11:29:00+05:30,1.0,1.0,1.0,1.0,0,27600
8611,2022-06-28 11:33:00+05:30,1.0,1.0,1.0,1.0,0,27600
8612,2022-06-28 11:34:00+05:30,1.0,1.0,1.0,1.0,0,27600
8613,2022-06-28 11:41:00+05:30,1.0,1.0,1.0,1.0,0,27600
8614,2022-06-28 11:42:00+05:30,1.0,1.0,1.0,1.0,0,27600
8615,2022-06-28 11:46:00+05:30,1.0,1.0,1.0,1.0,0,27600
8616,2022-06-28 11:53:00+05:30,1.2,1.2,1.2,1.2,300,27300
8617,2022-06-28 11:54:00+05:30,1.2,1.2,1.2,1.2,0,27300
8618,2022-06-28 11:55:00+05:30,1.2,1.2,1.2,1.2,0,27300
8619,2022-06-28 11:56:00+05:30,1.2,1.2,1.2,1.2,0,27300
8620,2022-06-28 11:57:00+05:30,1.2,1.2,1.2,1.2,0,27300
8621,2022-06-28 11:58:00+05:30,1.2,1.2,1.2,1.2,0,27300
8622,2022-06-28 11:59:00+05:30,1.2,1.2,1.2,1.2,0,27300
8623,2022-06-28 12:00:00+05:30,1.2,1.2,1.2,1.2,0,27300
8624,2022-06-28 12:01:00+05:30,1.2,1.2,1.2,1.2,0,27300
8625,2022-06-28 12:02:00+05:30,1.2,1.2,1.2,1.2,0,27300
8626,2022-06-28 12:03:00+05:30,1.2,1.2,1.2,1.2,0,27300
8627,2022-06-28 12:04:00+05:30,1.2,1.2,1.2,1.2,0,27300
8628,2022-06-28 12:05:00+05:30,1.2,1.2,1.2,1.2,0,27300
8629,2022-06-28 12:06:00+05:30,1.2,1.2,1.2,1.2,0,27300
8630,2022-06-28 12:07:00+05:30,1.2,1.2,1.2,1.2,0,27300
8631,2022-06-28 12:09:00+05:30,1.2,1.2,1.2,1.2,0,27300
8632,2022-06-28 12:13:00+05:30,1.2,1.2,1.2,1.2,0,27300
8633,2022-06-28 12:15:00+05:30,1.2,1.2,1.2,1.2,0,27300
8634,2022-06-28 12:17:00+05:30,1.2,1.2,1.2,1.2,0,27300
8635,2022-06-28 12:18:00+05:30,1.2,1.2,1.0,1.0,300,27300
8636,2022-06-28 12:19:00+05:30,1.0,1.1,1.0,1.1,600,27300
8637,2022-06-28 12:20:00+05:30,1.1,1.1,1.1,1.1,0,27300
8638,2022-06-28 12:21:00+05:30,1.1,1.1,1.1,1.1,0,27300
8639,2022-06-28 12:23:00+05:30,1.1,1.1,1.1,1.1,0,27300
8640,2022-06-28 12:24:00+05:30,1.1,1.1,1.1,1.1,0,27300
8641,2022-06-28 12:25:00+05:30,1.1,1.1,1.1,1.1,0,27300
8642,2022-06-28 12:26:00+05:30,1.1,1.1,1.1,1.1,300,27300
8643,2022-06-28 12:27:00+05:30,1.1,1.1,1.1,1.1,0,27300
8644,2022-06-28 12:28:00+05:30,1.1,1.1,1.1,1.1,0,27300
8645,2022-06-28 12:29:00+05:30,1.1,1.1,1.1,1.1,0,27300
8646,2022-06-28 12:30:00+05:30,1.1,1.1,1.1,1.1,0,27300
8647,2022-06-28 12:31:00+05:30,1.1,1.1,1.1,1.1,0,27300
8648,2022-06-28 12:32:00+05:30,1.1,1.1,1.1,1.1,0,27300
8649,2022-06-28 12:33:00+05:30,1.1,1.1,1.1,1.1,0,27300
8650,2022-06-28 12:34:00+05:30,1.1,1.1,1.1,1.1,0,27300
8651,2022-06-28 12:35:00+05:30,1.1,1.1,1.1,1.1,0,27300
8652,2022-06-28 12:36:00+05:30,1.1,1.1,1.1,1.1,0,27300
8653,2022-06-28 12:37:00+05:30,1.1,1.1,1.1,1.1,0,27300
8654,2022-06-28 12:38:00+05:30,1.1,1.1,1.1,1.1,0,27300
8655,2022-06-28 12:39:00+05:30,1.1,1.1,1.1,1.1,0,27300
8656,2022-06-28 12:40:00+05:30,1.1,1.1,1.1,1.1,0,27300
8657,2022-06-28 12:41:00+05:30,1.1,1.1,1.1,1.1,0,27300
8658,2022-06-28 12:42:00+05:30,1.1,1.1,1.1,1.1,0,27300
8659,2022-06-28 12:43:00+05:30,1.1,1.1,1.0,1.0,900,27000
8660,2022-06-28 12:44:00+05:30,1.0,1.0,1.0,1.0,0,27000
8661,2022-06-28 12:45:00+05:30,1.0,1.0,1.0,1.0,0,27000
8662,2022-06-28 12:46:00+05:30,1.0,1.0,1.0,1.0,900,27000
8663,2022-06-28 12:47:00+05:30,1.0,1.1,1.0,1.1,300,27000
8664,2022-06-28 12:48:00+05:30,1.1,1.1,1.1,1.1,0,27000
8665,2022-06-28 12:49:00+05:30,1.1,1.1,1.1,1.1,0,27000
8666,2022-06-28 12:50:00+05:30,1.1,1.1,1.1,1.1,0,27000
8667,2022-06-28 12:51:00+05:30,1.1,1.1,1.1,1.1,0,27000
8668,2022-06-28 12:52:00+05:30,1.1,1.1,1.1,1.1,0,27000
8669,2022-06-28 12:53:00+05:30,1.1,1.1,1.1,1.1,0,27000
8670,2022-06-28 12:54:00+05:30,1.1,1.1,1.1,1.1,0,27000
8671,2022-06-28 12:56:00+05:30,1.1,1.1,1.1,1.1,0,27000
8672,2022-06-28 12:57:00+05:30,1.1,1.1,1.1,1.1,0,27000
8673,2022-06-28 12:58:00+05:30,1.1,1.1,1.1,1.1,0,27000
8674,2022-06-28 12:59:00+05:30,1.1,1.1,1.1,1.1,0,27000
8675,2022-06-28 13:00:00+05:30,1.1,1.1,1.1,1.1,0,27000
8676,2022-06-28 13:01:00+05:30,1.1,1.1,1.1,1.1,0,27000
8677,2022-06-28 13:02:00+05:30,1.1,1.1,1.1,1.1,0,27000
8678,2022-06-28 13:03:00+05:30,1.1,1.1,1.1,1.1,0,27000
8679,2022-06-28 13:04:00+05:30,1.1,1.1,1.1,1.1,0,27000
8680,2022-06-28 13:05:00+05:30,1.1,1.1,1.1,1.1,0,27000
8681,2022-06-28 13:06:00+05:30,1.1,1.1,1.1,1.1,0,27000
8682,2022-06-28 13:07:00+05:30,1.1,1.1,1.1,1.1,0,27000
8683,2022-06-28 13:08:00+05:30,1.1,1.1,1.1,1.1,0,27000
8684,2022-06-28 13:09:00+05:30,1.1,1.1,1.1,1.1,0,27000
8685,2022-06-28 13:10:00+05:30,1.1,1.1,1.1,1.1,0,27000
8686,2022-06-28 13:11:00+05:30,1.1,1.1,1.1,1.1,0,27000
8687,2022-06-28 13:12:00+05:30,1.1,1.1,1.1,1.1,0,27000
8688,2022-06-28 13:13:00+05:30,1.1,1.1,1.1,1.1,0,27000
8689,2022-06-28 13:14:00+05:30,1.1,1.1,1.1,1.1,0,27000
8690,2022-06-28 13:15:00+05:30,1.1,1.1,1.1,1.1,0,27000
8691,2022-06-28 13:16:00+05:30,1.1,1.1,1.1,1.1,0,27000
8692,2022-06-28 13:17:00+05:30,1.1,1.1,1.1,1.1,0,27000
8693,2022-06-28 13:18:00+05:30,1.1,1.1,1.1,1.1,0,27000
8694,2022-06-28 13:19:00+05:30,1.1,1.1,1.1,1.1,0,27000
8695,2022-06-28 13:20:00+05:30,1.1,1.1,1.1,1.1,0,27000
8696,2022-06-28 13:21:00+05:30,1.1,1.1,1.1,1.1,0,27000
8697,2022-06-28 13:22:00+05:30,1.1,1.1,1.1,1.1,0,27000
8698,2022-06-28 13:23:00+05:30,1.1,1.1,1.1,1.1,0,27000
8699,2022-06-28 13:24:00+05:30,1.1,1.1,1.1,1.1,0,27000
8700,2022-06-28 13:25:00+05:30,1.1,1.1,1.1,1.1,0,27000
8701,2022-06-28 13:26:00+05:30,1.1,1.1,1.1,1.1,0,27000
8702,2022-06-28 13:27:00+05:30,1.1,1.1,1.1,1.1,0,27000
8703,2022-06-28 13:28:00+05:30,1.1,1.1,1.1,1.1,0,27000
8704,2022-06-28 13:29:00+05:30,1.1,1.1,1.1,1.1,0,27000
8705,2022-06-28 13:30:00+05:30,1.1,1.1,1.1,1.1,0,27000
8706,2022-06-28 13:31:00+05:30,1.1,1.1,1.1,1.1,0,27000
8707,2022-06-28 13:32:00+05:30,1.1,1.1,1.1,1.1,0,27000
8708,2022-06-28 13:33:00+05:30,1.1,1.1,1.1,1.1,0,27000
8709,2022-06-28 13:34:00+05:30,1.1,1.1,1.1,1.1,0,27000
8710,2022-06-28 13:35:00+05:30,1.1,1.1,1.1,1.1,0,27000
8711,2022-06-28 13:36:00+05:30,1.1,1.1,1.1,1.1,0,27000
8712,2022-06-28 13:37:00+05:30,1.1,1.1,1.1,1.1,0,27000
8713,2022-06-28 13:38:00+05:30,1.1,1.1,1.1,1.1,0,27000
8714,2022-06-28 13:39:00+05:30,1.1,1.1,1.1,1.1,0,27000
8715,2022-06-28 13:40:00+05:30,1.1,1.1,1.1,1.1,0,27000
8716,2022-06-28 13:41:00+05:30,1.1,1.1,1.1,1.1,0,27000
8717,2022-06-28 13:42:00+05:30,1.1,1.1,0.95,0.95,300,27600
8718,2022-06-28 13:43:00+05:30,0.95,0.95,0.95,0.95,300,27600
8719,2022-06-28 13:44:00+05:30,0.95,0.95,0.95,0.95,0,27600
8720,2022-06-28 13:45:00+05:30,0.95,0.95,0.95,0.95,0,27600
8721,2022-06-28 13:46:00+05:30,0.95,0.95,0.95,0.95,0,27600
8722,2022-06-28 13:47:00+05:30,0.95,0.95,0.95,0.95,300,27600
8723,2022-06-28 13:48:00+05:30,0.95,0.95,0.95,0.95,0,27600
8724,2022-06-28 13:49:00+05:30,0.95,0.95,0.9,0.9,600,27900
8725,2022-06-28 13:50:00+05:30,0.9,0.9,0.9,0.9,0,27900
8726,2022-06-28 13:51:00+05:30,0.9,0.9,0.9,0.9,0,27900
8727,2022-06-28 13:52:00+05:30,0.9,0.9,0.9,0.9,0,27900
8728,2022-06-28 13:53:00+05:30,0.9,0.9,0.9,0.9,0,27900
8729,2022-06-28 13:54:00+05:30,0.9,0.9,0.9,0.9,0,27900
8730,2022-06-28 13:55:00+05:30,0.9,0.9,0.9,0.9,0,27900
8731,2022-06-28 13:56:00+05:30,0.9,0.9,0.9,0.9,0,27900
8732,2022-06-28 13:57:00+05:30,0.9,0.9,0.9,0.9,0,27900
8733,2022-06-28 13:59:00+05:30,0.9,0.9,0.9,0.9,0,27900
8734,2022-06-28 14:00:00+05:30,0.9,0.9,0.9,0.9,0,27900
8735,2022-06-28 14:01:00+05:30,0.9,0.9,0.9,0.9,0,27900
8736,2022-06-28 14:02:00+05:30,0.9,0.9,0.9,0.9,0,27900
8737,2022-06-28 14:03:00+05:30,0.9,0.9,0.9,0.9,0,27900
8738,2022-06-28 14:04:00+05:30,0.9,0.9,0.9,0.9,0,27900
8739,2022-06-28 14:05:00+05:30,0.9,0.9,0.9,0.9,0,27900
8740,2022-06-28 14:06:00+05:30,0.9,0.9,0.8,0.8,3900,27900
8741,2022-06-28 14:07:00+05:30,0.8,0.8,0.8,0.8,0,27900
8742,2022-06-28 14:08:00+05:30,0.8,0.8,0.8,0.8,0,27900
8743,2022-06-28 14:09:00+05:30,0.8,0.8,0.8,0.8,0,27900
8744,2022-06-28 14:10:00+05:30,0.8,0.8,0.8,0.8,0,27900
8745,2022-06-28 14:11:00+05:30,0.8,0.8,0.8,0.8,0,27900
8746,2022-06-28 14:12:00+05:30,0.8,0.8,0.8,0.8,0,27900
8747,2022-06-28 14:13:00+05:30,0.8,0.8,0.8,0.8,0,27900
8748,2022-06-28 14:14:00+05:30,0.8,0.8,0.8,0.8,0,27900
8749,2022-06-28 14:15:00+05:30,0.8,0.8,0.8,0.8,0,27900
8750,2022-06-28 14:16:00+05:30,0.8,0.8,0.8,0.8,0,27900
8751,2022-06-28 14:17:00+05:30,0.8,0.8,0.8,0.8,0,27900
8752,2022-06-28 14:18:00+05:30,0.8,0.8,0.8,0.8,0,27900
8753,2022-06-28 14:19:00+05:30,0.8,0.8,0.8,0.8,0,27900
8754,2022-06-28 14:20:00+05:30,0.75,0.75,0.75,0.75,900,30000
8755,2022-06-28 14:21:00+05:30,0.75,0.75,0.75,0.75,0,30000
8756,2022-06-28 14:22:00+05:30,0.75,0.75,0.75,0.75,0,30000
8757,2022-06-28 14:23:00+05:30,0.75,0.75,0.75,0.75,0,30000
8758,2022-06-28 14:24:00+05:30,0.75,0.75,0.75,0.75,0,30000
8759,2022-06-28 14:25:00+05:30,0.75,0.75,0.75,0.75,0,30000
8760,2022-06-28 14:26:00+05:30,0.75,0.75,0.75,0.75,0,30000
8761,2022-06-28 14:27:00+05:30,0.75,0.75,0.75,0.75,0,30000
8762,2022-06-28 14:28:00+05:30,0.75,0.75,0.75,0.75,0,30000
8763,2022-06-28 14:29:00+05:30,0.75,0.75,0.75,0.75,0,30000
8764,2022-06-28 14:30:00+05:30,0.75,0.75,0.75,0.75,0,30000
8765,2022-06-28 14:31:00+05:30,0.75,0.75,0.75,0.75,0,30000
8766,2022-06-28 14:32:00+05:30,0.75,0.75,0.75,0.75,0,30000
8767,2022-06-28 14:33:00+05:30,0.75,0.75,0.75,0.75,0,30000
8768,2022-06-28 14:34:00+05:30,0.75,0.75,0.75,0.75,0,30000
8769,2022-06-28 14:35:00+05:30,0.75,0.75,0.75,0.75,0,30000
8770,2022-06-28 14:36:00+05:30,0.75,0.75,0.75,0.75,0,30000
8771,2022-06-28 14:37:00+05:30,0.75,0.75,0.75,0.75,0,30000
8772,2022-06-28 14:38:00+05:30,0.75,0.75,0.75,0.75,0,30000
8773,2022-06-28 14:39:00+05:30,0.75,0.75,0.75,0.75,0,30000
8774,2022-06-28 14:40:00+05:30,0.75,0.75,0.75,0.75,0,30000
8775,2022-06-28 14:41:00+05:30,0.75,0.75,0.75,0.75,0,30000
8776,2022-06-28 14:42:00+05:30,0.75,0.75,0.75,0.75,0,30000
8777,2022-06-28 14:43:00+05:30,0.75,0.75,0.75,0.75,0,30000
8778,2022-06-28 14:44:00+05:30,0.75,0.75,0.75,0.75,0,30000
8779,2022-06-28 14:46:00+05:30,0.75,0.75,0.75,0.75,0,30000
8780,2022-06-28 14:47:00+05:30,0.75,0.75,0.75,0.75,0,30000
8781,2022-06-28 14:48:00+05:30,0.75,0.75,0.75,0.75,0,30000
8782,2022-06-28 14:49:00+05:30,0.75,0.75,0.75,0.75,0,30000
8783,2022-06-28 14:50:00+05:30,0.75,0.75,0.75,0.75,0,30000
8784,2022-06-28 14:51:00+05:30,0.75,0.75,0.75,0.75,0,30000
8785,2022-06-28 14:52:00+05:30,0.75,0.75,0.75,0.75,0,30000
8786,2022-06-28 14:53:00+05:30,0.75,0.75,0.75,0.75,0,30000
8787,2022-06-28 14:54:00+05:30,0.75,0.75,0.75,0.75,0,30000
8788,2022-06-28 14:55:00+05:30,0.75,0.75,0.75,0.75,0,30000
8789,2022-06-28 14:56:00+05:30,0.75,0.75,0.75,0.75,0,30000
8790,2022-06-28 14:57:00+05:30,0.75,0.75,0.75,0.75,0,30000
8791,2022-06-28 14:58:00+05:30,0.75,0.75,0.75,0.75,0,30000
8792,2022-06-28 14:59:00+05:30,0.75,0.75,0.75,0.75,0,30000
8793,2022-06-28 15:00:00+05:30,0.75,0.75,0.75,0.75,0,30000
8794,2022-06-28 15:01:00+05:30,0.75,0.75,0.75,0.75,0,30000
8795,2022-06-28 15:02:00+05:30,0.75,0.75,0.75,0.75,0,30000
8796,2022-06-28 15:03:00+05:30,0.75,0.75,0.75,0.75,0,30000
8797,2022-06-28 15:04:00+05:30,0.75,0.75,0.75,0.75,0,30000
8798,2022-06-28 15:05:00+05:30,0.75,0.75,0.75,0.75,0,30000
8799,2022-06-28 15:06:00+05:30,0.75,0.75,0.75,0.75,0,30000
8800,2022-06-28 15:07:00+05:30,0.75,0.75,0.75,0.75,0,30000
8801,2022-06-28 15:08:00+05:30,0.75,0.75,0.75,0.75,0,30000
8802,2022-06-28 15:10:00+05:30,0.75,0.75,0.75,0.75,0,30000
8803,2022-06-28 15:11:00+05:30,0.75,0.75,0.75,0.75,0,30000
8804,2022-06-28 15:16:00+05:30,0.75,0.75,0.75,0.75,0,30000
8805,2022-06-28 15:17:00+05:30,0.75,0.75,0.75,0.75,0,30000
8806,2022-06-28 15:18:00+05:30,1.0,1.0,1.0,1.0,300,30000
8807,2022-06-28 15:19:00+05:30,1.0,1.0,1.0,1.0,0,30000
8808,2022-06-28 15:23:00+05:30,1.0,1.0,1.0,1.0,0,30000
8809,2022-06-28 15:24:00+05:30,1.0,1.0,1.0,1.0,0,30000
8810,2022-06-28 15:25:00+05:30,1.0,1.0,1.0,1.0,0,30000
8811,2022-06-28 15:26:00+05:30,1.0,1.0,1.0,1.0,0,30000
8812,2022-06-28 15:27:00+05:30,1.0,1.0,1.0,1.0,0,30000
8813,2022-06-28 15:28:00+05:30,1.0,1.0,1.0,1.0,0,30000
8814,2022-06-28 15:29:00+05:30,1.0,1.0,1.0,1.0,0,30000
8815,2022-06-29 09:32:00+05:30,0.5,0.5,0.5,0.5,0,29700
8816,2022-06-29 09:33:00+05:30,0.5,0.5,0.5,0.5,0,29700
8817,2022-06-29 09:34:00+05:30,0.5,0.5,0.5,0.5,0,29700
8818,2022-06-29 09:36:00+05:30,0.5,0.5,0.5,0.5,300,29100
8819,2022-06-29 09:38:00+05:30,0.5,0.85,0.45,0.45,300,28500
8820,2022-06-29 09:39:00+05:30,0.45,0.45,0.45,0.45,300,28500
8821,2022-06-29 09:41:00+05:30,0.45,0.45,0.45,0.45,0,28500
8822,2022-06-29 09:42:00+05:30,0.45,0.45,0.45,0.45,0,28500
8823,2022-06-29 09:43:00+05:30,0.45,0.45,0.45,0.45,0,28500
8824,2022-06-29 09:44:00+05:30,0.45,0.45,0.45,0.45,0,28500
8825,2022-06-29 09:45:00+05:30,0.45,0.45,0.45,0.45,0,28500
8826,2022-06-29 09:46:00+05:30,0.45,0.45,0.45,0.45,0,28500
8827,2022-06-29 09:47:00+05:30,0.45,0.45,0.45,0.45,0,28500
8828,2022-06-29 09:50:00+05:30,0.45,0.45,0.45,0.45,0,28500
8829,2022-06-29 09:51:00+05:30,0.45,0.45,0.45,0.45,0,28500
8830,2022-06-29 09:52:00+05:30,0.45,0.45,0.45,0.45,0,28500
8831,2022-06-29 10:07:00+05:30,0.5,0.5,0.5,0.5,300,28200
8832,2022-06-29 10:08:00+05:30,0.5,0.5,0.5,0.5,0,28200
8833,2022-06-29 10:12:00+05:30,0.5,0.5,0.5,0.5,0,28200
8834,2022-06-29 10:13:00+05:30,0.5,0.5,0.5,0.5,0,28200
8835,2022-06-29 10:20:00+05:30,0.5,0.5,0.5,0.5,0,28200
8836,2022-06-29 10:25:00+05:30,0.5,0.5,0.5,0.5,0,28200
8837,2022-06-29 10:29:00+05:30,0.5,0.5,0.5,0.5,0,28200
8838,2022-06-29 10:30:00+05:30,0.5,0.5,0.5,0.5,0,28200
8839,2022-06-29 10:32:00+05:30,0.5,0.5,0.5,0.5,300,28200
8840,2022-06-29 10:33:00+05:30,0.5,0.5,0.5,0.5,0,28200
8841,2022-06-29 10:34:00+05:30,0.5,0.5,0.5,0.5,300,28200
8842,2022-06-29 10:35:00+05:30,0.5,0.5,0.5,0.5,0,28200
8843,2022-06-29 10:44:00+05:30,0.5,0.5,0.5,0.5,0,28200
8844,2022-06-29 10:50:00+05:30,0.5,0.5,0.5,0.5,0,28200
8845,2022-06-29 11:01:00+05:30,0.55,0.55,0.55,0.55,300,28200
8846,2022-06-29 11:03:00+05:30,0.55,0.55,0.55,0.55,0,28200
8847,2022-06-29 11:04:00+05:30,0.55,0.55,0.55,0.55,0,28200
8848,2022-06-29 11:05:00+05:30,0.55,0.55,0.55,0.55,0,28200
8849,2022-06-29 11:06:00+05:30,0.55,0.55,0.55,0.55,0,28200
8850,2022-06-29 11:09:00+05:30,0.55,0.55,0.55,0.55,0,28200
8851,2022-06-29 11:10:00+05:30,0.55,0.55,0.55,0.55,0,28200
8852,2022-06-29 11:11:00+05:30,0.55,0.55,0.55,0.55,0,28200
8853,2022-06-29 11:12:00+05:30,0.55,0.55,0.55,0.55,0,28200
8854,2022-06-29 11:13:00+05:30,0.55,0.55,0.55,0.55,0,28200
8855,2022-06-29 11:14:00+05:30,0.55,0.55,0.55,0.55,0,28200
8856,2022-06-29 11:15:00+05:30,0.55,0.55,0.55,0.55,0,28200
8857,2022-06-29 11:17:00+05:30,0.55,0.55,0.55,0.55,0,28200
8858,2022-06-29 11:18:00+05:30,0.55,0.55,0.55,0.55,0,28200
8859,2022-06-29 11:19:00+05:30,0.55,0.55,0.55,0.55,0,28200
8860,2022-06-29 11:21:00+05:30,0.55,0.55,0.55,0.55,0,28200
8861,2022-06-29 11:22:00+05:30,0.55,0.55,0.55,0.55,0,28200
8862,2022-06-29 11:23:00+05:30,0.55,0.55,0.55,0.55,0,28200
8863,2022-06-29 11:24:00+05:30,0.55,0.55,0.55,0.55,0,28200
8864,2022-06-29 11:25:00+05:30,0.55,0.55,0.55,0.55,0,28200
8865,2022-06-29 11:26:00+05:30,0.55,0.55,0.55,0.55,0,28200
8866,2022-06-29 11:48:00+05:30,0.55,0.55,0.55,0.55,0,28200
8867,2022-06-29 11:51:00+05:30,0.55,0.55,0.55,0.55,0,28200
8868,2022-06-29 11:52:00+05:30,0.55,0.55,0.55,0.55,0,28200
8869,2022-06-29 12:08:00+05:30,0.55,0.55,0.55,0.55,0,28200
8870,2022-06-29 12:11:00+05:30,0.55,0.55,0.55,0.55,0,28200
8871,2022-06-29 12:12:00+05:30,0.55,0.55,0.55,0.55,0,28200
8872,2022-06-29 12:13:00+05:30,0.55,0.55,0.55,0.55,0,28200
8873,2022-06-29 12:15:00+05:30,0.55,0.55,0.55,0.55,0,28200
8874,2022-06-29 12:18:00+05:30,0.55,0.55,0.55,0.55,0,28200
8875,2022-06-29 12:20:00+05:30,0.55,0.55,0.55,0.55,0,28200
8876,2022-06-29 12:43:00+05:30,0.55,0.55,0.55,0.55,0,28200
8877,2022-06-29 12:46:00+05:30,0.45,0.45,0.45,0.45,600,28200
8878,2022-06-29 12:47:00+05:30,0.45,0.45,0.45,0.45,0,28200
8879,2022-06-29 12:48:00+05:30,0.45,0.45,0.45,0.45,0,28200
8880,2022-06-29 12:49:00+05:30,0.45,0.45,0.45,0.45,0,28200
8881,2022-06-29 12:50:00+05:30,0.45,0.45,0.45,0.45,0,28200
8882,2022-06-29 12:52:00+05:30,0.45,0.45,0.45,0.45,0,28200
8883,2022-06-29 12:55:00+05:30,0.45,0.45,0.45,0.45,0,28200
8884,2022-06-29 12:58:00+05:30,0.45,0.55,0.45,0.55,600,27600
8885,2022-06-29 12:59:00+05:30,0.55,0.55,0.55,0.55,0,27600
8886,2022-06-29 13:02:00+05:30,0.55,0.55,0.55,0.55,0,27600
8887,2022-06-29 13:21:00+05:30,0.55,0.55,0.55,0.55,0,27600
8888,2022-06-29 13:23:00+05:30,0.55,0.55,0.55,0.55,0,27600
8889,2022-06-29 13:24:00+05:30,0.55,0.55,0.55,0.55,300,27000
8890,2022-06-29 13:26:00+05:30,0.55,0.55,0.55,0.55,0,27000
8891,2022-06-29 13:28:00+05:30,0.55,0.55,0.55,0.55,0,27000
8892,2022-06-29 13:51:00+05:30,0.55,0.55,0.55,0.55,0,27000
8893,2022-06-29 13:54:00+05:30,0.55,0.55,0.55,0.55,0,27000
8894,2022-06-29 14:16:00+05:30,0.55,0.55,0.55,0.55,0,27000
8895,2022-06-29 14:28:00+05:30,0.55,0.55,0.55,0.55,0,27000
8896,2022-06-29 14:59:00+05:30,0.55,0.55,0.55,0.55,0,27000
8897,2022-06-29 15:13:00+05:30,0.55,0.55,0.55,0.55,0,27000
8898,2022-06-29 15:14:00+05:30,0.55,0.55,0.55,0.55,0,27000
8899,2022-06-29 15:19:00+05:30,0.55,0.55,0.55,0.55,0,27000
8900,2022-06-29 15:27:00+05:30,0.55,0.55,0.55,0.55,0,27000
8901,2022-06-29 15:28:00+05:30,0.55,0.55,0.55,0.55,0,27000
8902,2022-06-30 09:22:00+05:30,0.3,0.3,0.3,0.3,0,27000
8903,2022-06-30 09:23:00+05:30,0.3,0.3,0.3,0.3,0,27000
8904,2022-06-30 09:24:00+05:30,0.3,0.3,0.3,0.3,300,26400
8905,2022-06-30 09:26:00+05:30,0.3,0.3,0.3,0.3,0,26400
8906,2022-06-30 09:27:00+05:30,0.3,0.3,0.3,0.3,0,26400
8907,2022-06-30 09:28:00+05:30,0.3,0.3,0.3,0.3,0,26400
8908,2022-06-30 09:29:00+05:30,0.3,0.3,0.15,0.15,300,26400
8909,2022-06-30 09:30:00+05:30,0.15,0.5,0.15,0.5,1200,26400
8910,2022-06-30 09:31:00+05:30,0.5,0.75,0.5,0.75,1200,26400
8911,2022-06-30 09:32:00+05:30,0.9,0.9,0.9,0.9,600,26400
8912,2022-06-30 09:33:00+05:30,0.9,0.9,0.9,0.9,0,26400
8913,2022-06-30 09:34:00+05:30,0.9,0.9,0.9,0.9,0,26400
8914,2022-06-30 09:35:00+05:30,0.9,0.9,0.9,0.9,0,26400
8915,2022-06-30 09:36:00+05:30,0.25,0.25,0.25,0.25,300,24000
8916,2022-06-30 09:37:00+05:30,0.25,0.25,0.25,0.25,0,24000
8917,2022-06-30 09:41:00+05:30,0.25,0.25,0.25,0.25,0,24000
8918,2022-06-30 09:42:00+05:30,0.25,0.25,0.2,0.2,1500,24000
8919,2022-06-30 09:43:00+05:30,0.2,0.2,0.2,0.2,0,24000
8920,2022-06-30 09:44:00+05:30,0.2,0.2,0.2,0.2,0,24000
8921,2022-06-30 09:45:00+05:30,0.2,0.2,0.2,0.2,0,24000
8922,2022-06-30 09:49:00+05:30,0.2,0.2,0.2,0.2,0,24000
8923,2022-06-30 09:50:00+05:30,0.2,0.2,0.2,0.2,0,24000
8924,2022-06-30 09:55:00+05:30,0.2,0.2,0.2,0.2,0,24000
8925,2022-06-30 09:57:00+05:30,0.2,0.2,0.2,0.2,0,24000
8926,2022-06-30 10:01:00+05:30,0.2,0.2,0.2,0.2,0,24000
8927,2022-06-30 10:02:00+05:30,0.2,0.2,0.2,0.2,0,24000
8928,2022-06-30 10:03:00+05:30,0.2,0.2,0.2,0.2,0,24000
8929,2022-06-30 10:04:00+05:30,0.2,0.2,0.2,0.2,0,24000
8930,2022-06-30 10:05:00+05:30,0.2,0.2,0.2,0.2,0,24000
8931,2022-06-30 10:06:00+05:30,0.2,0.2,0.2,0.2,0,24000
8932,2022-06-30 10:07:00+05:30,0.2,0.2,0.2,0.2,0,24000
8933,2022-06-30 10:08:00+05:30,0.2,0.2,0.2,0.2,0,24000
8934,2022-06-30 10:09:00+05:30,0.2,0.2,0.2,0.2,0,24000
8935,2022-06-30 10:10:00+05:30,0.05,0.05,0.05,0.05,1500,24000
8936,2022-06-30 10:11:00+05:30,0.05,0.05,0.05,0.05,0,24000
8937,2022-06-30 10:12:00+05:30,0.05,0.05,0.05,0.05,0,24000
8938,2022-06-30 10:13:00+05:30,0.05,0.05,0.05,0.05,0,24000
8939,2022-06-30 10:14:00+05:30,0.05,0.05,0.05,0.05,0,24000
8940,2022-06-30 10:15:00+05:30,0.05,0.05,0.05,0.05,0,24000
8941,2022-06-30 10:16:00+05:30,0.05,0.05,0.05,0.05,0,24000
8942,2022-06-30 10:18:00+05:30,0.05,0.05,0.05,0.05,0,24000
8943,2022-06-30 10:19:00+05:30,0.05,0.05,0.05,0.05,0,24000
8944,2022-06-30 10:20:00+05:30,0.05,0.05,0.05,0.05,0,24000
8945,2022-06-30 10:21:00+05:30,0.05,0.05,0.05,0.05,0,24000
8946,2022-06-30 10:22:00+05:30,0.1,0.1,0.1,0.1,300,22500
8947,2022-06-30 10:23:00+05:30,0.1,0.1,0.1,0.1,0,22500
8948,2022-06-30 10:26:00+05:30,0.1,0.1,0.1,0.1,0,22500
8949,2022-06-30 10:28:00+05:30,0.1,0.1,0.1,0.1,0,22500
8950,2022-06-30 10:29:00+05:30,0.1,0.1,0.1,0.1,0,22500
8951,2022-06-30 10:30:00+05:30,0.1,0.1,0.1,0.1,0,22500
8952,2022-06-30 10:33:00+05:30,0.1,0.1,0.1,0.1,0,22500
8953,2022-06-30 10:35:00+05:30,0.1,0.1,0.1,0.1,0,22500
8954,2022-06-30 10:36:00+05:30,0.1,0.1,0.1,0.1,0,22500
8955,2022-06-30 10:41:00+05:30,0.1,0.1,0.1,0.1,300,22200
8956,2022-06-30 10:59:00+05:30,0.1,0.1,0.1,0.1,0,22200
8957,2022-06-30 11:00:00+05:30,0.1,0.1,0.1,0.1,0,22200
8958,2022-06-30 11:01:00+05:30,0.1,0.1,0.1,0.1,0,22200
8959,2022-06-30 11:02:00+05:30,0.1,0.1,0.1,0.1,0,22200
8960,2022-06-30 11:05:00+05:30,0.05,0.05,0.05,0.05,600,21900
8961,2022-06-30 11:10:00+05:30,0.05,0.05,0.05,0.05,300,21300
8962,2022-06-30 12:18:00+05:30,0.05,0.05,0.05,0.05,0,21300
8963,2022-06-30 12:23:00+05:30,0.05,0.05,0.05,0.05,0,21300
8964,2022-06-30 12:43:00+05:30,0.05,0.05,0.05,0.05,0,21300
8965,2022-06-30 12:53:00+05:30,0.05,0.05,0.05,0.05,0,21300
8966,2022-06-30 12:57:00+05:30,0.05,0.05,0.05,0.05,0,21300
8967,2022-06-30 13:05:00+05:30,0.05,0.05,0.05,0.05,0,21300
8968,2022-06-30 13:06:00+05:30,0.05,0.05,0.05,0.05,0,21300
8969,2022-06-30 13:34:00+05:30,0.05,0.05,0.05,0.05,300,21000
8970,2022-06-30 13:35:00+05:30,0.05,0.05,0.05,0.05,300,21000
8971,2022-06-30 13:43:00+05:30,0.05,0.05,0.05,0.05,0,21000
8972,2022-06-30 13:52:00+05:30,0.05,0.05,0.05,0.05,0,21000
8973,2022-06-30 14:11:00+05:30,0.05,0.05,0.05,0.05,0,21000
8974,2022-06-30 14:13:00+05:30,0.05,0.05,0.05,0.05,0,21000
8975,2022-06-30 14:14:00+05:30,0.05,0.05,0.05,0.05,0,21000
8976,2022-06-30 14:21:00+05:30,0.05,0.05,0.05,0.05,0,21000
8977,2022-06-30 14:22:00+05:30,0.05,0.05,0.05,0.05,0,21000
8978,2022-06-30 14:24:00+05:30,0.05,0.05,0.05,0.05,0,21000
8979,2022-06-30 14:25:00+05:30,0.05,0.05,0.05,0.05,0,21000
8980,2022-06-30 14:26:00+05:30,0.05,0.05,0.05,0.05,0,21000
8981,2022-06-30 14:27:00+05:30,0.05,0.05,0.05,0.05,0,21000
8982,2022-06-30 14:37:00+05:30,0.05,0.05,0.05,0.05,0,20400
8983,2022-06-30 14:38:00+05:30,0.05,0.05,0.05,0.05,300,20400
8984,2022-06-30 14:46:00+05:30,0.05,0.05,0.05,0.05,0,20400
8985,2022-06-30 14:49:00+05:30,0.05,0.05,0.05,0.05,0,20400
8986,2022-06-30 14:50:00+05:30,0.05,0.05,0.05,0.05,0,20400
8987,2022-06-30 14:53:00+05:30,0.05,0.05,0.05,0.05,0,20400
8988,2022-06-30 14:54:00+05:30,0.05,0.05,0.05,0.05,0,20400
8989,2022-06-30 14:55:00+05:30,0.05,0.05,0.05,0.05,0,20400
8990,2022-06-30 14:59:00+05:30,0.05,0.05,0.05,0.05,0,20400
8991,2022-06-30 15:13:00+05:30,0.05,0.05,0.05,0.05,0,20400
8992,2022-06-30 15:17:00+05:30,0.05,0.05,0.05,0.05,0,20400
8993,2022-06-30 15:22:00+05:30,0.05,0.05,0.05,0.05,0,20400
8994,2022-06-30 15:27:00+05:30,0.05,0.05,0.05,0.05,0,20400
