,datetime,open,high,low,close,volume,oi,vwap,best_bid,best_offer
0,2021-08-03 09:15:00,-1.0,-1.0,-1.0,-1.0,-1,-1,-1.0,-1.0,-1.0
1,2021-08-03 09:16:00,-1.0,-1.0,-1.0,-1.0,-1,-1,-1.0,-1.0,-1.0
2,2021-08-03 09:17:00,-1.0,-1.0,-1.0,-1.0,-1,-1,-1.0,-1.0,-1.0
3,2021-08-03 09:18:00,-1.0,-1.0,-1.0,-1.0,-1,-1,-1.0,-1.0,-1.0
4,2021-08-03 09:19:00,-1.0,-1.0,-1.0,-1.0,-1,-1,-1.0,-1.0,-1.0
5,2021-08-03 09:20:00,-1.0,-1.0,-1.0,-1.0,-1,-1,-1.0,-1.0,-1.0
6,2021-08-03 09:21:00,-1.0,-1.0,-1.0,-1.0,-1,-1,-1.0,-1.0,-1.0
7,2021-08-03 09:22:00,-1.0,-1.0,-1.0,-1.0,-1,-1,-1.0,-1.0,-1.0
8,2021-08-03 09:23:00,-1.0,-1.0,-1.0,-1.0,-1,-1,-1.0,-1.0,-1.0
9,2021-08-03 09:24:00,-1.0,-1.0,-1.0,-1.0,-1,-1,-1.0,-1.0,-1.0
10,2021-08-03 09:25:00,-1.0,-1.0,-1.0,-1.0,-1,-1,-1.0,-1.0,-1.0
11,2021-08-03 09:26:00,-1.0,-1.0,-1.0,-1.0,-1,-1,-1.0,-1.0,-1.0
12,2021-08-03 09:27:00,-1.0,-1.0,-1.0,-1.0,-1,-1,-1.0,-1.0,-1.0
13,2021-08-03 09:28:00,-1.0,-1.0,-1.0,-1.0,-1,-1,-1.0,-1.0,-1.0
14,2021-08-03 09:29:00,-1.0,-1.0,-1.0,-1.0,-1,-1,-1.0,-1.0,-1.0
15,2021-08-03 09:30:00,-1.0,-1.0,-1.0,-1.0,-1,-1,-1.0,-1.0,-1.0
16,2021-08-03 09:31:00,-1.0,-1.0,-1.0,-1.0,-1,-1,-1.0,-1.0,-1.0
17,2021-08-03 09:32:00,-1.0,-1.0,-1.0,-1.0,-1,-1,-1.0,-1.0,-1.0
18,2021-08-03 09:33:00,-1.0,-1.0,-1.0,-1.0,-1,-1,-1.0,-1.0,-1.0
19,2021-08-03 09:34:00,-1.0,-1.0,-1.0,-1.0,-1,-1,-1.0,-1.0,-1.0
20,2021-08-03 09:35:00,-1.0,-1.0,-1.0,-1.0,-1,-1,-1.0,-1.0,-1.0
21,2021-08-03 09:36:00,-1.0,-1.0,-1.0,-1.0,-1,-1,-1.0,-1.0,-1.0
22,2021-08-03 09:37:00,-1.0,-1.0,-1.0,-1.0,-1,-1,-1.0,-1.0,-1.0
23,2021-08-03 09:38:00,-1.0,-1.0,-1.0,-1.0,-1,-1,-1.0,-1.0,-1.0
24,2021-08-03 09:39:00,-1.0,-1.0,-1.0,-1.0,-1,-1,-1.0,-1.0,-1.0
25,2021-08-03 09:40:00,-1.0,-1.0,-1.0,-1.0,-1,-1,-1.0,-1.0,-1.0
26,2021-08-03 09:41:00,-1.0,-1.0,-1.0,-1.0,-1,-1,-1.0,-1.0,-1.0
27,2021-08-03 09:42:00,-1.0,-1.0,-1.0,-1.0,-1,-1,-1.0,-1.0,-1.0
28,2021-08-03 09:43:00,-1.0,-1.0,-1.0,-1.0,-1,-1,-1.0,-1.0,-1.0
29,2021-08-03 09:44:00,-1.0,-1.0,-1.0,-1.0,-1,-1,-1.0,-1.0,-1.0
30,2021-08-03 09:45:00,-1.0,-1.0,-1.0,-1.0,-1,-1,-1.0,-1.0,-1.0
31,2021-08-03 09:46:00,-1.0,-1.0,-1.0,-1.0,-1,-1,-1.0,-1.0,-1.0
32,2021-08-03 09:47:00,-1.0,-1.0,-1.0,-1.0,-1,-1,-1.0,-1.0,-1.0
33,2021-08-03 09:48:00,-1.0,-1.0,-1.0,-1.0,-1,-1,-1.0,-1.0,-1.0
34,2021-08-03 09:49:00,-1.0,-1.0,-1.0,-1.0,-1,-1,-1.0,-1.0,-1.0
35,2021-08-03 09:50:00,-1.0,-1.0,-1.0,-1.0,-1,-1,-1.0,-1.0,-1.0
36,2021-08-03 09:51:00,-1.0,-1.0,-1.0,-1.0,-1,-1,-1.0,-1.0,-1.0
37,2021-08-03 09:52:00,-1.0,-1.0,-1.0,-1.0,-1,-1,-1.0,-1.0,-1.0
38,2021-08-03 09:53:00,-1.0,-1.0,-1.0,-1.0,-1,-1,-1.0,-1.0,-1.0
39,2021-08-03 09:54:00,-1.0,-1.0,-1.0,-1.0,-1,-1,-1.0,-1.0,-1.0
40,2021-08-03 09:55:00,-1.0,-1.0,-1.0,-1.0,-1,-1,-1.0,-1.0,-1.0
41,2021-08-03 09:56:00,-1.0,-1.0,-1.0,-1.0,-1,-1,-1.0,-1.0,-1.0
42,2021-08-03 09:57:00,-1.0,-1.0,-1.0,-1.0,-1,-1,-1.0,-1.0,-1.0
43,2021-08-03 09:58:00,-1.0,-1.0,-1.0,-1.0,-1,-1,-1.0,-1.0,-1.0
44,2021-08-03 09:59:00,-1.0,-1.0,-1.0,-1.0,-1,-1,-1.0,-1.0,-1.0
45,2021-08-03 10:00:00,-1.0,-1.0,-1.0,-1.0,-1,-1,-1.0,-1.0,-1.0
46,2021-08-03 10:01:00,-1.0,-1.0,-1.0,-1.0,-1,-1,-1.0,-1.0,-1.0
47,2021-08-03 10:02:00,-1.0,-1.0,-1.0,-1.0,-1,-1,-1.0,-1.0,-1.0
48,2021-08-03 10:03:00,-1.0,-1.0,-1.0,-1.0,-1,-1,-1.0,-1.0,-1.0
49,2021-08-03 10:04:00,-1.0,-1.0,-1.0,-1.0,-1,-1,-1.0,-1.0,-1.0
50,2021-08-03 10:05:00,-1.0,-1.0,-1.0,-1.0,-1,-1,-1.0,-1.0,-1.0
51,2021-08-03 10:06:00,-1.0,-1.0,-1.0,-1.0,-1,-1,-1.0,-1.0,-1.0
52,2021-08-03 10:07:00,-1.0,-1.0,-1.0,-1.0,-1,-1,-1.0,-1.0,-1.0
53,2021-08-03 10:08:00,-1.0,-1.0,-1.0,-1.0,-1,-1,-1.0,-1.0,-1.0
54,2021-08-03 10:09:00,-1.0,-1.0,-1.0,-1.0,-1,-1,-1.0,-1.0,-1.0
55,2021-08-03 10:10:00,-1.0,-1.0,-1.0,-1.0,-1,-1,-1.0,-1.0,-1.0
56,2021-08-03 10:11:00,-1.0,-1.0,-1.0,-1.0,-1,-1,-1.0,-1.0,-1.0
57,2021-08-03 10:12:00,-1.0,-1.0,-1.0,-1.0,-1,-1,-1.0,-1.0,-1.0
58,2021-08-03 10:13:00,-1.0,-1.0,-1.0,-1.0,-1,-1,-1.0,-1.0,-1.0
59,2021-08-03 10:14:00,-1.0,-1.0,-1.0,-1.0,-1,-1,-1.0,-1.0,-1.0
60,2021-08-03 10:15:00,-1.0,-1.0,-1.0,-1.0,-1,-1,-1.0,-1.0,-1.0
61,2021-08-03 10:16:00,-1.0,-1.0,-1.0,-1.0,-1,-1,-1.0,-1.0,-1.0
62,2021-08-03 10:17:00,-1.0,-1.0,-1.0,-1.0,-1,-1,-1.0,-1.0,-1.0
63,2021-08-03 10:18:00,-1.0,-1.0,-1.0,-1.0,-1,-1,-1.0,-1.0,-1.0
64,2021-08-03 10:19:00,-1.0,-1.0,-1.0,-1.0,-1,-1,-1.0,-1.0,-1.0
65,2021-08-03 10:20:00,-1.0,-1.0,-1.0,-1.0,-1,-1,-1.0,-1.0,-1.0
66,2021-08-03 10:21:00,-1.0,-1.0,-1.0,-1.0,-1,-1,-1.0,-1.0,-1.0
67,2021-08-03 10:22:00,-1.0,-1.0,-1.0,-1.0,-1,-1,-1.0,-1.0,-1.0
68,2021-08-03 10:23:00,-1.0,-1.0,-1.0,-1.0,-1,-1,-1.0,-1.0,-1.0
69,2021-08-03 10:24:00,-1.0,-1.0,-1.0,-1.0,-1,-1,-1.0,-1.0,-1.0
70,2021-08-03 10:25:00,-1.0,-1.0,-1.0,-1.0,-1,-1,-1.0,-1.0,-1.0
71,2021-08-03 10:26:00,-1.0,-1.0,-1.0,-1.0,-1,-1,-1.0,-1.0,-1.0
72,2021-08-03 10:27:00,-1.0,-1.0,-1.0,-1.0,-1,-1,-1.0,-1.0,-1.0
73,2021-08-03 10:28:00,-1.0,-1.0,-1.0,-1.0,-1,-1,-1.0,-1.0,-1.0
74,2021-08-03 10:29:00,-1.0,-1.0,-1.0,-1.0,-1,-1,-1.0,-1.0,-1.0
75,2021-08-03 10:30:00,-1.0,-1.0,-1.0,-1.0,-1,-1,-1.0,-1.0,-1.0
76,2021-08-03 10:31:00,-1.0,-1.0,-1.0,-1.0,-1,-1,-1.0,-1.0,-1.0
77,2021-08-03 10:32:00,-1.0,-1.0,-1.0,-1.0,-1,-1,-1.0,-1.0,-1.0
78,2021-08-03 10:33:00,-1.0,-1.0,-1.0,-1.0,-1,-1,-1.0,-1.0,-1.0
79,2021-08-03 10:34:00,-1.0,-1.0,-1.0,-1.0,-1,-1,-1.0,-1.0,-1.0
80,2021-08-03 10:35:00,-1.0,-1.0,-1.0,-1.0,-1,-1,-1.0,-1.0,-1.0
81,2021-08-03 10:36:00,-1.0,-1.0,-1.0,-1.0,-1,-1,-1.0,-1.0,-1.0
82,2021-08-03 10:37:00,-1.0,-1.0,-1.0,-1.0,-1,-1,-1.0,-1.0,-1.0
83,2021-08-03 10:38:00,-1.0,-1.0,-1.0,-1.0,-1,-1,-1.0,-1.0,-1.0
84,2021-08-03 10:39:00,-1.0,-1.0,-1.0,-1.0,-1,-1,-1.0,-1.0,-1.0
85,2021-08-03 10:40:00,-1.0,-1.0,-1.0,-1.0,-1,-1,-1.0,-1.0,-1.0
86,2021-08-03 10:41:00,-1.0,-1.0,-1.0,-1.0,-1,-1,-1.0,-1.0,-1.0
87,2021-08-03 10:42:00,-1.0,-1.0,-1.0,-1.0,-1,-1,-1.0,-1.0,-1.0
88,2021-08-03 10:43:00,-1.0,-1.0,-1.0,-1.0,-1,-1,-1.0,-1.0,-1.0
89,2021-08-03 10:44:00,-1.0,-1.0,-1.0,-1.0,-1,-1,-1.0,-1.0,-1.0
90,2021-08-03 10:45:00,-1.0,-1.0,-1.0,-1.0,-1,-1,-1.0,-1.0,-1.0
91,2021-08-03 10:46:00,-1.0,-1.0,-1.0,-1.0,-1,-1,-1.0,-1.0,-1.0
92,2021-08-03 10:47:00,-1.0,-1.0,-1.0,-1.0,-1,-1,-1.0,-1.0,-1.0
93,2021-08-03 10:48:00,-1.0,-1.0,-1.0,-1.0,-1,-1,-1.0,-1.0,-1.0
94,2021-08-03 10:49:00,-1.0,-1.0,-1.0,-1.0,-1,-1,-1.0,-1.0,-1.0
95,2021-08-03 10:50:00,-1.0,-1.0,-1.0,-1.0,-1,-1,-1.0,-1.0,-1.0
96,2021-08-03 10:51:00,-1.0,-1.0,-1.0,-1.0,-1,-1,-1.0,-1.0,-1.0
97,2021-08-03 10:52:00,-1.0,-1.0,-1.0,-1.0,-1,-1,-1.0,-1.0,-1.0
98,2021-08-03 10:53:00,-1.0,-1.0,-1.0,-1.0,-1,-1,-1.0,-1.0,-1.0
99,2021-08-03 10:54:00,-1.0,-1.0,-1.0,-1.0,-1,-1,-1.0,-1.0,-1.0
100,2021-08-03 10:55:00,-1.0,-1.0,-1.0,-1.0,-1,-1,-1.0,-1.0,-1.0
101,2021-08-03 10:56:00,-1.0,-1.0,-1.0,-1.0,-1,-1,-1.0,-1.0,-1.0
102,2021-08-03 10:57:00,-1.0,-1.0,-1.0,-1.0,-1,-1,-1.0,-1.0,-1.0
103,2021-08-03 10:58:00,-1.0,-1.0,-1.0,-1.0,-1,-1,-1.0,-1.0,-1.0
104,2021-08-03 10:59:00,-1.0,-1.0,-1.0,-1.0,-1,-1,-1.0,-1.0,-1.0
105,2021-08-03 11:00:00,-1.0,-1.0,-1.0,-1.0,-1,-1,-1.0,-1.0,-1.0
106,2021-08-03 11:01:00,-1.0,-1.0,-1.0,-1.0,-1,-1,-1.0,-1.0,-1.0
107,2021-08-03 11:02:00,-1.0,-1.0,-1.0,-1.0,-1,-1,-1.0,-1.0,-1.0
108,2021-08-03 11:03:00,-1.0,-1.0,-1.0,-1.0,-1,-1,-1.0,-1.0,-1.0
109,2021-08-03 11:04:00,-1.0,-1.0,-1.0,-1.0,-1,-1,-1.0,-1.0,-1.0
110,2021-08-03 11:05:00,-1.0,-1.0,-1.0,-1.0,-1,-1,-1.0,-1.0,-1.0
111,2021-08-03 11:06:00,-1.0,-1.0,-1.0,-1.0,-1,-1,-1.0,-1.0,-1.0
112,2021-08-03 11:07:00,-1.0,-1.0,-1.0,-1.0,-1,-1,-1.0,-1.0,-1.0
113,2021-08-03 11:08:00,-1.0,-1.0,-1.0,-1.0,-1,-1,-1.0,-1.0,-1.0
114,2021-08-03 11:09:00,-1.0,-1.0,-1.0,-1.0,-1,-1,-1.0,-1.0,-1.0
115,2021-08-03 11:10:00,-1.0,-1.0,-1.0,-1.0,-1,-1,-1.0,-1.0,-1.0
116,2021-08-03 11:11:00,-1.0,-1.0,-1.0,-1.0,-1,-1,-1.0,-1.0,-1.0
117,2021-08-03 11:12:00,-1.0,-1.0,-1.0,-1.0,-1,-1,-1.0,-1.0,-1.0
118,2021-08-03 11:13:00,-1.0,-1.0,-1.0,-1.0,-1,-1,-1.0,-1.0,-1.0
119,2021-08-03 11:14:00,-1.0,-1.0,-1.0,-1.0,-1,-1,-1.0,-1.0,-1.0
120,2021-08-03 11:15:00,-1.0,-1.0,-1.0,-1.0,-1,-1,-1.0,-1.0,-1.0
121,2021-08-03 11:16:00,-1.0,-1.0,-1.0,-1.0,-1,-1,-1.0,-1.0,-1.0
122,2021-08-03 11:17:00,-1.0,-1.0,-1.0,-1.0,-1,-1,-1.0,-1.0,-1.0
123,2021-08-03 11:18:00,-1.0,-1.0,-1.0,-1.0,-1,-1,-1.0,-1.0,-1.0
124,2021-08-03 11:19:00,-1.0,-1.0,-1.0,-1.0,-1,-1,-1.0,-1.0,-1.0
125,2021-08-03 11:20:00,-1.0,-1.0,-1.0,-1.0,-1,-1,-1.0,-1.0,-1.0
126,2021-08-03 11:21:00,-1.0,-1.0,-1.0,-1.0,-1,-1,-1.0,-1.0,-1.0
127,2021-08-03 11:22:00,-1.0,-1.0,-1.0,-1.0,-1,-1,-1.0,-1.0,-1.0
128,2021-08-03 11:23:00,-1.0,-1.0,-1.0,-1.0,-1,-1,-1.0,-1.0,-1.0
129,2021-08-03 11:24:00,-1.0,-1.0,-1.0,-1.0,-1,-1,-1.0,-1.0,-1.0
130,2021-08-03 11:25:00,-1.0,-1.0,-1.0,-1.0,-1,-1,-1.0,-1.0,-1.0
131,2021-08-03 11:26:00,-1.0,-1.0,-1.0,-1.0,-1,-1,-1.0,-1.0,-1.0
132,2021-08-03 11:27:00,-1.0,-1.0,-1.0,-1.0,-1,-1,-1.0,-1.0,-1.0
133,2021-08-03 11:28:00,-1.0,-1.0,-1.0,-1.0,-1,-1,-1.0,-1.0,-1.0
134,2021-08-03 11:29:00,-1.0,-1.0,-1.0,-1.0,-1,-1,-1.0,-1.0,-1.0
135,2021-08-03 11:30:00,-1.0,-1.0,-1.0,-1.0,-1,-1,-1.0,-1.0,-1.0
136,2021-08-03 11:31:00,-1.0,-1.0,-1.0,-1.0,-1,-1,-1.0,-1.0,-1.0
137,2021-08-03 11:32:00,-1.0,-1.0,-1.0,-1.0,-1,-1,-1.0,-1.0,-1.0
138,2021-08-03 11:33:00,-1.0,-1.0,-1.0,-1.0,-1,-1,-1.0,-1.0,-1.0
139,2021-08-03 11:34:00,-1.0,-1.0,-1.0,-1.0,-1,-1,-1.0,-1.0,-1.0
140,2021-08-03 11:35:00,-1.0,-1.0,-1.0,-1.0,-1,-1,-1.0,-1.0,-1.0
141,2021-08-03 11:36:00,-1.0,-1.0,-1.0,-1.0,-1,-1,-1.0,-1.0,-1.0
142,2021-08-03 11:37:00,-1.0,-1.0,-1.0,-1.0,-1,-1,-1.0,-1.0,-1.0
143,2021-08-03 11:38:00,-1.0,-1.0,-1.0,-1.0,-1,-1,-1.0,-1.0,-1.0
144,2021-08-03 11:39:00,-1.0,-1.0,-1.0,-1.0,-1,-1,-1.0,-1.0,-1.0
145,2021-08-03 11:40:00,-1.0,-1.0,-1.0,-1.0,-1,-1,-1.0,-1.0,-1.0
146,2021-08-03 11:41:00,-1.0,-1.0,-1.0,-1.0,-1,-1,-1.0,-1.0,-1.0
147,2021-08-03 11:42:00,-1.0,-1.0,-1.0,-1.0,-1,-1,-1.0,-1.0,-1.0
148,2021-08-03 11:43:00,-1.0,-1.0,-1.0,-1.0,-1,-1,-1.0,-1.0,-1.0
149,2021-08-03 11:44:00,-1.0,-1.0,-1.0,-1.0,-1,-1,-1.0,-1.0,-1.0
150,2021-08-03 11:45:00,-1.0,-1.0,-1.0,-1.0,-1,-1,-1.0,-1.0,-1.0
151,2021-08-03 11:46:00,-1.0,-1.0,-1.0,-1.0,-1,-1,-1.0,-1.0,-1.0
152,2021-08-03 11:47:00,-1.0,-1.0,-1.0,-1.0,-1,-1,-1.0,-1.0,-1.0
153,2021-08-03 11:48:00,-1.0,-1.0,-1.0,-1.0,-1,-1,-1.0,-1.0,-1.0
154,2021-08-03 11:49:00,-1.0,-1.0,-1.0,-1.0,-1,-1,-1.0,-1.0,-1.0
155,2021-08-03 11:50:00,-1.0,-1.0,-1.0,-1.0,-1,-1,-1.0,-1.0,-1.0
156,2021-08-03 11:51:00,-1.0,-1.0,-1.0,-1.0,-1,-1,-1.0,-1.0,-1.0
157,2021-08-03 11:52:00,-1.0,-1.0,-1.0,-1.0,-1,-1,-1.0,-1.0,-1.0
158,2021-08-03 11:53:00,-1.0,-1.0,-1.0,-1.0,-1,-1,-1.0,-1.0,-1.0
159,2021-08-03 11:54:00,-1.0,-1.0,-1.0,-1.0,-1,-1,-1.0,-1.0,-1.0
160,2021-08-03 11:55:00,-1.0,-1.0,-1.0,-1.0,-1,-1,-1.0,-1.0,-1.0
161,2021-08-03 11:56:00,-1.0,-1.0,-1.0,-1.0,-1,-1,-1.0,-1.0,-1.0
162,2021-08-03 11:57:00,-1.0,-1.0,-1.0,-1.0,-1,-1,-1.0,-1.0,-1.0
163,2021-08-03 11:58:00,-1.0,-1.0,-1.0,-1.0,-1,-1,-1.0,-1.0,-1.0
164,2021-08-03 11:59:00,-1.0,-1.0,-1.0,-1.0,-1,-1,-1.0,-1.0,-1.0
165,2021-08-03 12:00:00,-1.0,-1.0,-1.0,-1.0,-1,-1,-1.0,-1.0,-1.0
166,2021-08-03 12:01:00,-1.0,-1.0,-1.0,-1.0,-1,-1,-1.0,-1.0,-1.0
167,2021-08-03 12:02:00,-1.0,-1.0,-1.0,-1.0,-1,-1,-1.0,-1.0,-1.0
168,2021-08-03 12:03:00,-1.0,-1.0,-1.0,-1.0,-1,-1,-1.0,-1.0,-1.0
169,2021-08-03 12:04:00,-1.0,-1.0,-1.0,-1.0,-1,-1,-1.0,-1.0,-1.0
170,2021-08-03 12:05:00,-1.0,-1.0,-1.0,-1.0,-1,-1,-1.0,-1.0,-1.0
171,2021-08-03 12:06:00,-1.0,-1.0,-1.0,-1.0,-1,-1,-1.0,-1.0,-1.0
172,2021-08-03 12:07:00,-1.0,-1.0,-1.0,-1.0,-1,-1,-1.0,-1.0,-1.0
173,2021-08-03 12:08:00,-1.0,-1.0,-1.0,-1.0,-1,-1,-1.0,-1.0,-1.0
174,2021-08-03 12:09:00,-1.0,-1.0,-1.0,-1.0,-1,-1,-1.0,-1.0,-1.0
175,2021-08-03 12:10:00,-1.0,-1.0,-1.0,-1.0,-1,-1,-1.0,-1.0,-1.0
176,2021-08-03 12:11:00,-1.0,-1.0,-1.0,-1.0,-1,-1,-1.0,-1.0,-1.0
177,2021-08-03 12:12:00,-1.0,-1.0,-1.0,-1.0,-1,-1,-1.0,-1.0,-1.0
178,2021-08-03 12:13:00,-1.0,-1.0,-1.0,-1.0,-1,-1,-1.0,-1.0,-1.0
179,2021-08-03 12:14:00,-1.0,-1.0,-1.0,-1.0,-1,-1,-1.0,-1.0,-1.0
180,2021-08-03 12:15:00,-1.0,-1.0,-1.0,-1.0,-1,-1,-1.0,-1.0,-1.0
181,2021-08-03 12:16:00,-1.0,-1.0,-1.0,-1.0,-1,-1,-1.0,-1.0,-1.0
182,2021-08-03 12:17:00,-1.0,-1.0,-1.0,-1.0,-1,-1,-1.0,-1.0,-1.0
183,2021-08-03 12:18:00,-1.0,-1.0,-1.0,-1.0,-1,-1,-1.0,-1.0,-1.0
184,2021-08-03 12:19:00,-1.0,-1.0,-1.0,-1.0,-1,-1,-1.0,-1.0,-1.0
185,2021-08-03 12:20:00,-1.0,-1.0,-1.0,-1.0,-1,-1,-1.0,-1.0,-1.0
186,2021-08-03 12:21:00,-1.0,-1.0,-1.0,-1.0,-1,-1,-1.0,-1.0,-1.0
187,2021-08-03 12:22:00,-1.0,-1.0,-1.0,-1.0,-1,-1,-1.0,-1.0,-1.0
188,2021-08-03 12:23:00,-1.0,-1.0,-1.0,-1.0,-1,-1,-1.0,-1.0,-1.0
189,2021-08-03 12:24:00,-1.0,-1.0,-1.0,-1.0,-1,-1,-1.0,-1.0,-1.0
190,2021-08-03 12:25:00,-1.0,-1.0,-1.0,-1.0,-1,-1,-1.0,-1.0,-1.0
191,2021-08-03 12:26:00,-1.0,-1.0,-1.0,-1.0,-1,-1,-1.0,-1.0,-1.0
192,2021-08-03 12:27:00,-1.0,-1.0,-1.0,-1.0,-1,-1,-1.0,-1.0,-1.0
193,2021-08-03 12:28:00,-1.0,-1.0,-1.0,-1.0,-1,-1,-1.0,-1.0,-1.0
194,2021-08-03 12:29:00,-1.0,-1.0,-1.0,-1.0,-1,-1,-1.0,-1.0,-1.0
195,2021-08-03 12:30:00,-1.0,-1.0,-1.0,-1.0,-1,-1,-1.0,-1.0,-1.0
196,2021-08-03 12:31:00,-1.0,-1.0,-1.0,-1.0,-1,-1,-1.0,-1.0,-1.0
197,2021-08-03 12:32:00,-1.0,-1.0,-1.0,-1.0,-1,-1,-1.0,-1.0,-1.0
198,2021-08-03 12:33:00,-1.0,-1.0,-1.0,-1.0,-1,-1,-1.0,-1.0,-1.0
199,2021-08-03 12:34:00,-1.0,-1.0,-1.0,-1.0,-1,-1,-1.0,-1.0,-1.0
200,2021-08-03 12:35:00,-1.0,-1.0,-1.0,-1.0,-1,-1,-1.0,-1.0,-1.0
201,2021-08-03 12:36:00,-1.0,-1.0,-1.0,-1.0,-1,-1,-1.0,-1.0,-1.0
202,2021-08-03 12:37:00,-1.0,-1.0,-1.0,-1.0,-1,-1,-1.0,-1.0,-1.0
203,2021-08-03 12:38:00,-1.0,-1.0,-1.0,-1.0,-1,-1,-1.0,-1.0,-1.0
204,2021-08-03 12:39:00,-1.0,-1.0,-1.0,-1.0,-1,-1,-1.0,-1.0,-1.0
205,2021-08-03 12:40:00,-1.0,-1.0,-1.0,-1.0,-1,-1,-1.0,-1.0,-1.0
206,2021-08-03 12:41:00,-1.0,-1.0,-1.0,-1.0,-1,-1,-1.0,-1.0,-1.0
207,2021-08-03 12:42:00,-1.0,-1.0,-1.0,-1.0,-1,-1,-1.0,-1.0,-1.0
208,2021-08-03 12:43:00,-1.0,-1.0,-1.0,-1.0,-1,-1,-1.0,-1.0,-1.0
209,2021-08-03 12:44:00,-1.0,-1.0,-1.0,-1.0,-1,-1,-1.0,-1.0,-1.0
210,2021-08-03 12:45:00,-1.0,-1.0,-1.0,-1.0,-1,-1,-1.0,-1.0,-1.0
211,2021-08-03 12:46:00,-1.0,-1.0,-1.0,-1.0,-1,-1,-1.0,-1.0,-1.0
212,2021-08-03 12:47:00,-1.0,-1.0,-1.0,-1.0,-1,-1,-1.0,-1.0,-1.0
213,2021-08-03 12:48:00,-1.0,-1.0,-1.0,-1.0,-1,-1,-1.0,-1.0,-1.0
214,2021-08-03 12:49:00,-1.0,-1.0,-1.0,-1.0,-1,-1,-1.0,-1.0,-1.0
215,2021-08-03 12:50:00,-1.0,-1.0,-1.0,-1.0,-1,-1,-1.0,-1.0,-1.0
216,2021-08-03 12:51:00,-1.0,-1.0,-1.0,-1.0,-1,-1,-1.0,-1.0,-1.0
217,2021-08-03 12:52:00,-1.0,-1.0,-1.0,-1.0,-1,-1,-1.0,-1.0,-1.0
218,2021-08-03 12:53:00,-1.0,-1.0,-1.0,-1.0,-1,-1,-1.0,-1.0,-1.0
219,2021-08-03 12:54:00,-1.0,-1.0,-1.0,-1.0,-1,-1,-1.0,-1.0,-1.0
220,2021-08-03 12:55:00,-1.0,-1.0,-1.0,-1.0,-1,-1,-1.0,-1.0,-1.0
221,2021-08-03 12:56:00,-1.0,-1.0,-1.0,-1.0,-1,-1,-1.0,-1.0,-1.0
222,2021-08-03 12:57:00,-1.0,-1.0,-1.0,-1.0,-1,-1,-1.0,-1.0,-1.0
223,2021-08-03 12:58:00,-1.0,-1.0,-1.0,-1.0,-1,-1,-1.0,-1.0,-1.0
224,2021-08-03 12:59:00,-1.0,-1.0,-1.0,-1.0,-1,-1,-1.0,-1.0,-1.0
225,2021-08-03 13:00:00,-1.0,-1.0,-1.0,-1.0,-1,-1,-1.0,-1.0,-1.0
226,2021-08-03 13:01:00,-1.0,-1.0,-1.0,-1.0,-1,-1,-1.0,-1.0,-1.0
227,2021-08-03 13:02:00,-1.0,-1.0,-1.0,-1.0,-1,-1,-1.0,-1.0,-1.0
228,2021-08-03 13:03:00,-1.0,-1.0,-1.0,-1.0,-1,-1,-1.0,-1.0,-1.0
229,2021-08-03 13:04:00,-1.0,-1.0,-1.0,-1.0,-1,-1,-1.0,-1.0,-1.0
230,2021-08-03 13:05:00,-1.0,-1.0,-1.0,-1.0,-1,-1,-1.0,-1.0,-1.0
231,2021-08-03 13:06:00,-1.0,-1.0,-1.0,-1.0,-1,-1,-1.0,-1.0,-1.0
232,2021-08-03 13:07:00,-1.0,-1.0,-1.0,-1.0,-1,-1,-1.0,-1.0,-1.0
233,2021-08-03 13:08:00,-1.0,-1.0,-1.0,-1.0,-1,-1,-1.0,-1.0,-1.0
234,2021-08-03 13:09:00,-1.0,-1.0,-1.0,-1.0,-1,-1,-1.0,-1.0,-1.0
235,2021-08-03 13:10:00,-1.0,-1.0,-1.0,-1.0,-1,-1,-1.0,-1.0,-1.0
236,2021-08-03 13:11:00,-1.0,-1.0,-1.0,-1.0,-1,-1,-1.0,-1.0,-1.0
237,2021-08-03 13:12:00,-1.0,-1.0,-1.0,-1.0,-1,-1,-1.0,-1.0,-1.0
238,2021-08-03 13:13:00,-1.0,-1.0,-1.0,-1.0,-1,-1,-1.0,-1.0,-1.0
239,2021-08-03 13:14:00,-1.0,-1.0,-1.0,-1.0,-1,-1,-1.0,-1.0,-1.0
240,2021-08-03 13:15:00,-1.0,-1.0,-1.0,-1.0,-1,-1,-1.0,-1.0,-1.0
241,2021-08-03 13:16:00,-1.0,-1.0,-1.0,-1.0,-1,-1,-1.0,-1.0,-1.0
242,2021-08-03 13:17:00,-1.0,-1.0,-1.0,-1.0,-1,-1,-1.0,-1.0,-1.0
243,2021-08-03 13:18:00,-1.0,-1.0,-1.0,-1.0,-1,-1,-1.0,-1.0,-1.0
244,2021-08-03 13:19:00,-1.0,-1.0,-1.0,-1.0,-1,-1,-1.0,-1.0,-1.0
245,2021-08-03 13:20:00,-1.0,-1.0,-1.0,-1.0,-1,-1,-1.0,-1.0,-1.0
246,2021-08-03 13:21:00,-1.0,-1.0,-1.0,-1.0,-1,-1,-1.0,-1.0,-1.0
247,2021-08-03 13:22:00,-1.0,-1.0,-1.0,-1.0,-1,-1,-1.0,-1.0,-1.0
248,2021-08-03 13:23:00,-1.0,-1.0,-1.0,-1.0,-1,-1,-1.0,-1.0,-1.0
249,2021-08-03 13:24:00,-1.0,-1.0,-1.0,-1.0,-1,-1,-1.0,-1.0,-1.0
250,2021-08-03 13:25:00,-1.0,-1.0,-1.0,-1.0,-1,-1,-1.0,-1.0,-1.0
251,2021-08-03 13:26:00,-1.0,-1.0,-1.0,-1.0,-1,-1,-1.0,-1.0,-1.0
252,2021-08-03 13:27:00,-1.0,-1.0,-1.0,-1.0,-1,-1,-1.0,-1.0,-1.0
253,2021-08-03 13:28:00,-1.0,-1.0,-1.0,-1.0,-1,-1,-1.0,-1.0,-1.0
254,2021-08-03 13:29:00,-1.0,-1.0,-1.0,-1.0,-1,-1,-1.0,-1.0,-1.0
255,2021-08-03 13:30:00,-1.0,-1.0,-1.0,-1.0,-1,-1,-1.0,-1.0,-1.0
256,2021-08-03 13:31:00,-1.0,-1.0,-1.0,-1.0,-1,-1,-1.0,-1.0,-1.0
257,2021-08-03 13:32:00,-1.0,-1.0,-1.0,-1.0,-1,-1,-1.0,-1.0,-1.0
258,2021-08-03 13:33:00,-1.0,-1.0,-1.0,-1.0,-1,-1,-1.0,-1.0,-1.0
259,2021-08-03 13:34:00,-1.0,-1.0,-1.0,-1.0,-1,-1,-1.0,-1.0,-1.0
260,2021-08-03 13:35:00,-1.0,-1.0,-1.0,-1.0,-1,-1,-1.0,-1.0,-1.0
261,2021-08-03 13:36:00,-1.0,-1.0,-1.0,-1.0,-1,-1,-1.0,-1.0,-1.0
262,2021-08-03 13:37:00,-1.0,-1.0,-1.0,-1.0,-1,-1,-1.0,-1.0,-1.0
263,2021-08-03 13:38:00,-1.0,-1.0,-1.0,-1.0,-1,-1,-1.0,-1.0,-1.0
264,2021-08-03 13:39:00,-1.0,-1.0,-1.0,-1.0,-1,-1,-1.0,-1.0,-1.0
265,2021-08-03 13:40:00,-1.0,-1.0,-1.0,-1.0,-1,-1,-1.0,-1.0,-1.0
266,2021-08-03 13:41:00,-1.0,-1.0,-1.0,-1.0,-1,-1,-1.0,-1.0,-1.0
267,2021-08-03 13:42:00,-1.0,-1.0,-1.0,-1.0,-1,-1,-1.0,-1.0,-1.0
268,2021-08-03 13:43:00,-1.0,-1.0,-1.0,-1.0,-1,-1,-1.0,-1.0,-1.0
269,2021-08-03 13:44:00,-1.0,-1.0,-1.0,-1.0,-1,-1,-1.0,-1.0,-1.0
270,2021-08-03 13:45:00,-1.0,-1.0,-1.0,-1.0,-1,-1,-1.0,-1.0,-1.0
271,2021-08-03 13:46:00,-1.0,-1.0,-1.0,-1.0,-1,-1,-1.0,-1.0,-1.0
272,2021-08-03 13:47:00,-1.0,-1.0,-1.0,-1.0,-1,-1,-1.0,-1.0,-1.0
273,2021-08-03 13:48:00,-1.0,-1.0,-1.0,-1.0,-1,-1,-1.0,-1.0,-1.0
274,2021-08-03 13:49:00,-1.0,-1.0,-1.0,-1.0,-1,-1,-1.0,-1.0,-1.0
275,2021-08-03 13:50:00,-1.0,-1.0,-1.0,-1.0,-1,-1,-1.0,-1.0,-1.0
276,2021-08-03 13:51:00,-1.0,-1.0,-1.0,-1.0,-1,-1,-1.0,-1.0,-1.0
277,2021-08-03 13:52:00,-1.0,-1.0,-1.0,-1.0,-1,-1,-1.0,-1.0,-1.0
278,2021-08-03 13:53:00,-1.0,-1.0,-1.0,-1.0,-1,-1,-1.0,-1.0,-1.0
279,2021-08-03 13:54:00,-1.0,-1.0,-1.0,-1.0,-1,-1,-1.0,-1.0,-1.0
280,2021-08-03 13:55:00,-1.0,-1.0,-1.0,-1.0,-1,-1,-1.0,-1.0,-1.0
281,2021-08-03 13:56:00,-1.0,-1.0,-1.0,-1.0,-1,-1,-1.0,-1.0,-1.0
282,2021-08-03 13:57:00,-1.0,-1.0,-1.0,-1.0,-1,-1,-1.0,-1.0,-1.0
283,2021-08-03 13:58:00,-1.0,-1.0,-1.0,-1.0,-1,-1,-1.0,-1.0,-1.0
284,2021-08-03 13:59:00,-1.0,-1.0,-1.0,-1.0,-1,-1,-1.0,-1.0,-1.0
285,2021-08-03 14:00:00,-1.0,-1.0,-1.0,-1.0,-1,-1,-1.0,-1.0,-1.0
286,2021-08-03 14:01:00,-1.0,-1.0,-1.0,-1.0,-1,-1,-1.0,-1.0,-1.0
287,2021-08-03 14:02:00,-1.0,-1.0,-1.0,-1.0,-1,-1,-1.0,-1.0,-1.0
288,2021-08-03 14:03:00,-1.0,-1.0,-1.0,-1.0,-1,-1,-1.0,-1.0,-1.0
289,2021-08-03 14:04:00,-1.0,-1.0,-1.0,-1.0,-1,-1,-1.0,-1.0,-1.0
290,2021-08-03 14:05:00,-1.0,-1.0,-1.0,-1.0,-1,-1,-1.0,-1.0,-1.0
291,2021-08-03 14:06:00,-1.0,-1.0,-1.0,-1.0,-1,-1,-1.0,-1.0,-1.0
292,2021-08-03 14:07:00,-1.0,-1.0,-1.0,-1.0,-1,-1,-1.0,-1.0,-1.0
293,2021-08-03 14:08:00,-1.0,-1.0,-1.0,-1.0,-1,-1,-1.0,-1.0,-1.0
294,2021-08-03 14:09:00,-1.0,-1.0,-1.0,-1.0,-1,-1,-1.0,-1.0,-1.0
295,2021-08-03 14:10:00,-1.0,-1.0,-1.0,-1.0,-1,-1,-1.0,-1.0,-1.0
296,2021-08-03 14:11:00,-1.0,-1.0,-1.0,-1.0,-1,-1,-1.0,-1.0,-1.0
297,2021-08-03 14:12:00,-1.0,-1.0,-1.0,-1.0,-1,-1,-1.0,-1.0,-1.0
298,2021-08-03 14:13:00,-1.0,-1.0,-1.0,-1.0,-1,-1,-1.0,-1.0,-1.0
299,2021-08-03 14:14:00,-1.0,-1.0,-1.0,-1.0,-1,-1,-1.0,-1.0,-1.0
300,2021-08-03 14:15:00,-1.0,-1.0,-1.0,-1.0,-1,-1,-1.0,-1.0,-1.0
301,2021-08-03 14:16:00,-1.0,-1.0,-1.0,-1.0,-1,-1,-1.0,-1.0,-1.0
302,2021-08-03 14:17:00,-1.0,-1.0,-1.0,-1.0,-1,-1,-1.0,-1.0,-1.0
303,2021-08-03 14:18:00,-1.0,-1.0,-1.0,-1.0,-1,-1,-1.0,-1.0,-1.0
304,2021-08-03 14:19:00,-1.0,-1.0,-1.0,-1.0,-1,-1,-1.0,-1.0,-1.0
305,2021-08-03 14:20:00,-1.0,-1.0,-1.0,-1.0,-1,-1,-1.0,-1.0,-1.0
306,2021-08-03 14:21:00,-1.0,-1.0,-1.0,-1.0,-1,-1,-1.0,-1.0,-1.0
307,2021-08-03 14:22:00,-1.0,-1.0,-1.0,-1.0,-1,-1,-1.0,-1.0,-1.0
308,2021-08-03 14:23:00,-1.0,-1.0,-1.0,-1.0,-1,-1,-1.0,-1.0,-1.0
309,2021-08-03 14:24:00,-1.0,-1.0,-1.0,-1.0,-1,-1,-1.0,-1.0,-1.0
310,2021-08-03 14:25:00,-1.0,-1.0,-1.0,-1.0,-1,-1,-1.0,-1.0,-1.0
311,2021-08-03 14:26:00,-1.0,-1.0,-1.0,-1.0,-1,-1,-1.0,-1.0,-1.0
312,2021-08-03 14:27:00,-1.0,-1.0,-1.0,-1.0,-1,-1,-1.0,-1.0,-1.0
313,2021-08-03 14:28:00,-1.0,-1.0,-1.0,-1.0,-1,-1,-1.0,-1.0,-1.0
314,2021-08-03 14:29:00,-1.0,-1.0,-1.0,-1.0,-1,-1,-1.0,-1.0,-1.0
315,2021-08-03 14:30:00,-1.0,-1.0,-1.0,-1.0,-1,-1,-1.0,-1.0,-1.0
316,2021-08-03 14:31:00,-1.0,-1.0,-1.0,-1.0,-1,-1,-1.0,-1.0,-1.0
317,2021-08-03 14:32:00,-1.0,-1.0,-1.0,-1.0,-1,-1,-1.0,-1.0,-1.0
318,2021-08-03 14:33:00,-1.0,-1.0,-1.0,-1.0,-1,-1,-1.0,-1.0,-1.0
319,2021-08-03 14:34:00,-1.0,-1.0,-1.0,-1.0,-1,-1,-1.0,-1.0,-1.0
320,2021-08-03 14:35:00,-1.0,-1.0,-1.0,-1.0,-1,-1,-1.0,-1.0,-1.0
321,2021-08-03 14:36:00,-1.0,-1.0,-1.0,-1.0,-1,-1,-1.0,-1.0,-1.0
322,2021-08-03 14:37:00,-1.0,-1.0,-1.0,-1.0,-1,-1,-1.0,-1.0,-1.0
323,2021-08-03 14:38:00,-1.0,-1.0,-1.0,-1.0,-1,-1,-1.0,-1.0,-1.0
324,2021-08-03 14:39:00,-1.0,-1.0,-1.0,-1.0,-1,-1,-1.0,-1.0,-1.0
325,2021-08-03 14:40:00,-1.0,-1.0,-1.0,-1.0,-1,-1,-1.0,-1.0,-1.0
326,2021-08-03 14:41:00,-1.0,-1.0,-1.0,-1.0,-1,-1,-1.0,-1.0,-1.0
327,2021-08-03 14:42:00,-1.0,-1.0,-1.0,-1.0,-1,-1,-1.0,-1.0,-1.0
328,2021-08-03 14:43:00,-1.0,-1.0,-1.0,-1.0,-1,-1,-1.0,-1.0,-1.0
329,2021-08-03 14:44:00,-1.0,-1.0,-1.0,-1.0,-1,-1,-1.0,-1.0,-1.0
330,2021-08-03 14:45:00,-1.0,-1.0,-1.0,-1.0,-1,-1,-1.0,-1.0,-1.0
331,2021-08-03 14:46:00,-1.0,-1.0,-1.0,-1.0,-1,-1,-1.0,-1.0,-1.0
332,2021-08-03 14:47:00,-1.0,-1.0,-1.0,-1.0,-1,-1,-1.0,-1.0,-1.0
333,2021-08-03 14:48:00,-1.0,-1.0,-1.0,-1.0,-1,-1,-1.0,-1.0,-1.0
334,2021-08-03 14:49:00,-1.0,-1.0,-1.0,-1.0,-1,-1,-1.0,-1.0,-1.0
335,2021-08-03 14:50:00,82.25,82.25,82.25,82.25,25,0,82.25,58.6,81.1
336,2021-08-03 14:51:00,71.5,71.5,59.8,71.5,50,0,71.18,62.75,80.1
337,2021-08-03 14:52:00,71.5,71.5,59.8,71.5,50,0,71.18,62.75,80.1
338,2021-08-03 14:53:00,71.5,71.5,59.8,71.5,50,0,71.18,62.75,80.1
339,2021-08-03 14:54:00,71.5,71.5,59.8,71.5,50,0,71.18,62.75,80.1
340,2021-08-03 14:55:00,71.5,71.5,59.8,71.5,50,0,71.18,62.75,80.1
341,2021-08-03 14:56:00,64.6,64.6,64.6,64.6,25,75,69.53,65.9,76.45
342,2021-08-03 14:57:00,76.45,77.2,76.45,77.2,350,75,74.91,77.35,79.95
343,2021-08-03 14:58:00,76.45,77.2,76.45,77.2,350,75,74.91,77.35,79.95
344,2021-08-03 14:59:00,76.45,77.2,76.45,77.2,350,75,74.91,77.35,79.95
345,2021-08-03 15:00:00,76.45,77.2,76.45,77.2,350,75,74.91,77.35,79.95
346,2021-08-03 15:01:00,75.0,75.0,75.0,75.0,50,450,74.92,74.55,77.95
347,2021-08-03 15:02:00,77.75,77.75,77.75,77.75,25,450,75.05,75.75,78.5
348,2021-08-03 15:03:00,77.75,77.75,77.75,77.75,25,450,75.05,75.75,78.5
349,2021-08-03 15:04:00,79.4,79.4,79.4,79.4,25,0,75.25,78.25,79.85
350,2021-08-03 15:05:00,79.4,79.4,79.4,79.4,25,0,75.25,78.25,79.85
351,2021-08-03 15:06:00,79.2,79.2,79.2,79.2,200,475,76.43,80.75,83.35
352,2021-08-03 15:07:00,79.2,79.2,79.2,79.2,200,475,76.43,80.75,83.35
353,2021-08-03 15:08:00,81.25,81.25,81.25,81.25,25,675,76.59,81.0,83.95
354,2021-08-03 15:09:00,80.0,80.0,77.05,77.05,575,1025,78.02,77.1,79.65
355,2021-08-03 15:10:00,79.65,79.65,79.65,79.65,25,0,78.05,72.1,74.95
356,2021-08-03 15:11:00,79.4,79.4,79.4,79.4,25,1025,78.08,74.15,79.45
357,2021-08-03 15:12:00,75.8,75.8,75.8,75.8,75,0,77.96,75.7,78.25
358,2021-08-03 15:13:00,88.1,88.1,88.1,88.1,100,925,78.44,75.25,84.25
359,2021-08-03 15:14:00,88.1,88.1,88.1,88.1,100,925,78.44,75.25,84.25
360,2021-08-03 15:15:00,88.1,88.1,88.1,88.1,100,925,78.44,75.25,84.25
361,2021-08-03 15:16:00,75.05,75.05,75.05,75.05,25,900,78.39,73.3,80.85
362,2021-08-03 15:17:00,76.75,76.75,76.75,76.75,675,900,77.86,76.8,79.95
363,2021-08-03 15:18:00,79.95,79.95,79.95,79.95,25,900,77.88,77.4,80.75
364,2021-08-03 15:19:00,77.4,80.75,77.4,80.75,125,1675,77.89,77.15,81.35
365,2021-08-03 15:20:00,76.6,76.6,76.6,76.6,125,1675,77.83,74.75,79.05
366,2021-08-03 15:21:00,76.6,76.6,76.6,76.6,125,1675,77.83,74.75,79.05
367,2021-08-03 15:22:00,65.7,77.85,65.7,77.85,50,1725,77.72,69.2,97.7
368,2021-08-03 15:23:00,80.05,80.05,80.05,80.05,250,1725,77.92,71.2,86.25
369,2021-08-03 15:24:00,77.85,81.0,77.85,81.0,675,1725,78.32,78.45,81.3
370,2021-08-03 15:25:00,81.0,81.0,78.45,80.95,200,1850,78.45,77.2,80.35
371,2021-08-03 15:26:00,78.0,78.0,78.0,78.0,150,1850,78.41,78.45,81.35
372,2021-08-03 15:27:00,79.2,79.2,78.85,78.85,125,2125,78.44,78.25,80.0
373,2021-08-03 15:28:00,78.1,78.1,78.1,78.1,50,2125,78.44,78.6,80.0
374,2021-08-03 15:29:00,78.1,78.1,78.1,78.1,50,2125,78.44,78.6,80.0
375,2021-08-03 15:30:00,78.65,109.0,70.85,70.85,800,2125,80.99,75.05,105.65
376,2021-08-04 09:15:00,78.65,109.0,70.85,70.85,800,2125,80.99,75.05,105.65
377,2021-08-04 09:16:00,98.15,105.45,98.15,105.05,100,2775,103.27,105.05,108.5
378,2021-08-04 09:17:00,103.0,103.0,103.0,103.0,2450,4700,101.88,96.65,101.95
379,2021-08-04 09:18:00,95.7,95.7,95.1,95.7,800,4700,100.65,96.1,97.95
380,2021-08-04 09:19:00,95.8,98.0,95.8,98.0,625,4700,99.93,95.5,98.0
381,2021-08-04 09:20:00,98.0,99.0,97.55,97.65,1350,6875,99.53,97.15,97.75
382,2021-08-04 09:21:00,96.9,96.9,92.7,93.15,850,6875,98.76,93.5,94.85
383,2021-08-04 09:22:00,93.95,93.95,93.95,93.95,100,6875,98.69,93.75,95.4
384,2021-08-04 09:23:00,93.3,93.95,92.7,92.7,2050,7875,97.39,92.15,93.35
385,2021-08-04 09:24:00,91.7,98.0,91.7,98.0,2100,7875,96.84,97.45,98.65
386,2021-08-04 09:25:00,99.95,101.15,98.4,101.0,450,7875,96.97,101.0,102.65
387,2021-08-04 09:26:00,103.8,103.8,103.25,103.25,150,10225,97.06,101.95,103.05
388,2021-08-04 09:27:00,102.8,104.2,101.7,101.7,150,10225,97.14,100.35,101.75
389,2021-08-04 09:28:00,102.85,102.85,102.85,102.85,200,10225,97.23,101.25,102.2
390,2021-08-04 09:29:00,103.05,109.75,101.5,101.5,2825,10775,98.65,100.65,102.2
391,2021-08-04 09:30:00,101.6,101.6,101.6,101.6,1125,10775,98.84,101.75,103.25
392,2021-08-04 09:31:00,107.15,107.15,107.15,107.15,350,10775,98.98,105.9,107.1
393,2021-08-04 09:32:00,110.7,111.1,109.5,111.1,1250,11850,99.7,109.9,111.15
394,2021-08-04 09:33:00,110.0,111.15,108.55,108.55,275,11850,99.86,108.45,109.55
395,2021-08-04 09:34:00,110.0,110.0,110.0,110.0,400,11850,100.08,110.0,110.95
396,2021-08-04 09:35:00,110.4,114.5,110.3,114.05,1375,12675,100.95,113.6,116.1
397,2021-08-04 09:36:00,114.0,118.1,114.0,118.1,300,12675,101.18,118.65,120.0
398,2021-08-04 09:37:00,124.95,126.7,124.95,124.95,1550,12675,102.9,124.35,125.8
399,2021-08-04 09:38:00,139.85,139.85,139.85,139.85,625,12600,103.65,141.05,142.75
400,2021-08-04 09:39:00,143.2,146.5,141.85,141.85,2325,12600,107.59,142.6,144.6
401,2021-08-04 09:40:00,140.8,141.5,135.2,137.85,600,12600,108.32,139.4,141.25
402,2021-08-04 09:41:00,142.15,144.65,142.15,144.65,225,13725,108.62,144.25,145.95
403,2021-08-04 09:42:00,144.2,147.55,144.1,145.6,625,13725,109.52,145.0,146.2
404,2021-08-04 09:43:00,146.3,146.3,146.3,146.3,150,13725,109.73,145.75,147.5
405,2021-08-04 09:44:00,147.0,149.15,147.0,147.0,400,14075,110.32,146.7,148.1
406,2021-08-04 09:45:00,155.65,162.25,150.8,151.85,1200,14075,112.3,151.8,153.65
407,2021-08-04 09:46:00,151.85,151.85,145.0,147.4,650,14075,113.12,146.85,148.9
408,2021-08-04 09:47:00,149.0,149.85,146.05,146.05,200,14575,113.37,146.15,148.0
409,2021-08-04 09:48:00,143.8,143.8,143.8,143.8,675,14575,114.14,145.55,147.2
410,2021-08-04 09:49:00,144.2,144.2,140.95,140.95,375,14575,114.53,140.15,141.9
411,2021-08-04 09:50:00,143.35,146.1,142.9,142.9,3900,16050,117.97,142.6,143.85
412,2021-08-04 09:51:00,142.9,145.85,142.7,144.85,925,16050,118.73,144.0,145.6
413,2021-08-04 09:52:00,145.5,147.35,144.6,147.0,375,16050,119.03,145.55,147.05
414,2021-08-04 09:53:00,147.65,150.55,146.7,149.7,1325,19000,120.15,148.9,150.5
415,2021-08-04 09:54:00,152.1,154.2,152.0,152.95,150,19000,120.28,152.55,154.05
416,2021-08-04 09:55:00,152.75,155.15,151.7,155.15,325,19000,120.59,152.5,154.6
417,2021-08-04 09:56:00,152.0,153.6,151.3,153.25,700,19050,121.21,150.2,152.3
418,2021-08-04 09:57:00,152.3,152.3,150.0,151.0,650,19050,121.73,150.15,151.0
419,2021-08-04 09:58:00,151.0,151.0,149.6,150.75,1100,19050,122.55,150.8,151.9
420,2021-08-04 09:59:00,153.65,153.95,152.3,152.3,325,19225,122.81,153.65,154.7
421,2021-08-04 10:00:00,154.9,156.45,152.3,154.7,1350,19225,123.9,154.6,155.5
422,2021-08-04 10:01:00,154.65,155.2,152.15,152.15,375,19225,124.18,151.85,153.25
423,2021-08-04 10:02:00,153.0,158.3,153.0,157.7,700,19175,124.73,156.75,158.1
424,2021-08-04 10:03:00,159.05,160.35,156.3,160.35,400,19175,125.06,158.8,160.0
425,2021-08-04 10:04:00,161.3,163.15,160.45,163.15,575,19175,125.57,163.8,165.2
426,2021-08-04 10:05:00,164.85,164.85,161.15,162.45,875,19725,126.32,161.15,162.45
427,2021-08-04 10:06:00,162.45,163.8,161.25,163.25,1100,19725,127.22,162.2,163.15
428,2021-08-04 10:07:00,162.85,163.3,158.05,160.1,950,19725,127.91,160.2,161.0
429,2021-08-04 10:08:00,160.5,160.5,150.9,150.9,1150,20975,128.64,149.4,150.75
430,2021-08-04 10:09:00,149.3,154.45,149.3,154.45,950,20975,129.09,153.5,154.3
431,2021-08-04 10:10:00,154.85,154.85,154.85,154.85,100,20975,129.15,153.35,154.5
432,2021-08-04 10:11:00,154.5,154.5,153.95,154.05,125,21300,129.21,152.7,153.85
433,2021-08-04 10:12:00,153.1,153.1,149.25,149.25,525,21300,129.45,148.3,149.5
434,2021-08-04 10:13:00,150.0,151.8,149.6,149.6,800,21300,129.79,150.05,151.1
435,2021-08-04 10:14:00,150.0,150.0,150.0,150.0,50,21225,129.81,149.25,150.3
436,2021-08-04 10:15:00,150.0,152.2,150.0,152.2,50,21225,129.84,151.6,152.85
437,2021-08-04 10:16:00,154.55,155.25,154.55,155.25,50,21225,129.86,154.7,156.05
438,2021-08-04 10:17:00,155.1,155.9,154.9,155.9,150,21100,129.94,154.95,155.85
439,2021-08-04 10:18:00,156.55,159.8,156.55,159.8,100,21100,130.0,161.45,162.3
440,2021-08-04 10:19:00,162.85,165.05,162.15,165.05,925,21100,130.63,163.4,164.55
441,2021-08-04 10:20:00,165.2,169.1,165.2,166.65,1050,21150,131.36,166.65,167.7
442,2021-08-04 10:21:00,169.25,169.8,168.0,169.65,575,21150,131.79,169.85,171.1
443,2021-08-04 10:22:00,169.85,171.85,169.85,171.75,300,21150,132.02,170.3,171.55
444,2021-08-04 10:23:00,171.0,175.55,171.0,175.55,400,21400,132.33,175.8,176.9
445,2021-08-04 10:24:00,176.9,180.0,175.45,180.0,700,21400,132.94,180.1,181.25
446,2021-08-04 10:25:00,179.9,194.2,179.85,194.2,1975,21400,134.81,192.05,193.55
447,2021-08-04 10:26:00,193.1,197.0,193.1,197.0,4850,21775,139.72,196.2,197.65
448,2021-08-04 10:27:00,197.95,203.0,197.5,201.1,1050,21775,140.77,201.25,202.55
449,2021-08-04 10:28:00,202.0,203.65,198.4,202.3,1725,21775,142.44,200.65,202.45
450,2021-08-04 10:29:00,199.95,204.65,199.6,204.2,1075,21500,143.45,203.45,204.45
451,2021-08-04 10:30:00,204.3,210.0,203.15,207.5,2500,21500,145.84,207.5,208.85
452,2021-08-04 10:31:00,207.9,215.05,207.9,214.8,1475,21500,147.25,214.85,215.75
453,2021-08-04 10:32:00,214.85,225.7,214.85,225.7,3100,19900,150.44,224.3,225.7
454,2021-08-04 10:33:00,225.7,241.35,225.1,240.15,1700,19900,152.35,237.65,239.45
455,2021-08-04 10:34:00,239.35,261.5,239.35,251.4,2050,19900,155.09,251.2,252.35
456,2021-08-04 10:35:00,252.7,255.0,226.05,227.65,3500,22075,158.89,226.35,227.8
457,2021-08-04 10:36:00,226.0,226.0,203.9,220.15,1000,22075,159.58,218.8,220.85
458,2021-08-04 10:37:00,220.85,220.85,213.65,213.65,525,22075,159.95,212.75,214.3
459,2021-08-04 10:38:00,215.0,222.35,215.0,220.75,550,22400,160.36,222.9,224.75
460,2021-08-04 10:39:00,228.55,242.75,228.55,242.75,1050,22400,161.37,241.0,242.1
461,2021-08-04 10:40:00,241.0,254.45,241.0,254.15,750,22400,162.16,252.45,254.1
462,2021-08-04 10:41:00,254.15,258.7,252.65,255.85,1050,23100,163.33,257.45,259.25
463,2021-08-04 10:42:00,259.2,260.6,257.4,259.85,2375,23100,166.02,258.05,259.6
464,2021-08-04 10:43:00,260.8,260.8,230.9,238.1,1550,23100,167.44,236.25,238.0
465,2021-08-04 10:44:00,237.7,250.15,237.7,250.15,325,21000,167.74,250.15,252.05
466,2021-08-04 10:45:00,251.7,251.7,245.0,245.0,950,21000,168.62,246.1,248.1
467,2021-08-04 10:46:00,247.9,256.0,246.65,256.0,1050,21000,169.61,254.95,257.0
468,2021-08-04 10:47:00,256.4,260.6,254.2,259.55,675,21675,170.27,256.15,257.9
469,2021-08-04 10:48:00,258.15,261.15,253.35,259.55,1175,21675,171.39,258.1,259.75
470,2021-08-04 10:49:00,258.1,265.8,258.1,265.2,1275,21675,172.64,262.5,264.25
471,2021-08-04 10:50:00,264.95,264.95,261.0,262.35,1925,22000,174.49,262.65,263.9
472,2021-08-04 10:51:00,262.4,269.85,260.0,269.85,975,22000,175.39,269.05,270.25
473,2021-08-04 10:52:00,269.7,278.2,269.7,277.05,1825,22000,177.25,276.55,277.95
474,2021-08-04 10:53:00,277.25,278.4,274.65,276.75,1575,21425,178.83,275.6,276.75
475,2021-08-04 10:54:00,275.8,275.8,264.3,267.8,1450,21425,180.18,266.25,267.75
476,2021-08-04 10:55:00,266.3,271.55,266.3,269.05,1225,21425,181.25,268.05,269.05
477,2021-08-04 10:56:00,268.55,268.55,258.2,260.5,950,21250,182.01,259.5,260.8
478,2021-08-04 10:57:00,262.0,268.9,258.35,259.0,1075,21250,182.86,258.4,259.0
479,2021-08-04 10:58:00,259.0,278.75,259.0,276.55,1425,21250,184.1,277.2,278.3
480,2021-08-04 10:59:00,276.8,283.9,273.0,283.9,1725,21100,185.64,283.65,284.6
481,2021-08-04 11:00:00,284.75,291.5,282.85,282.85,1375,21100,186.93,282.85,284.35
482,2021-08-04 11:01:00,285.7,294.55,285.7,293.55,1750,21100,188.57,293.35,294.0
483,2021-08-04 11:02:00,294.0,295.75,288.65,290.95,1175,22125,189.66,290.65,292.1
484,2021-08-04 11:03:00,291.55,291.55,285.0,286.2,1975,22125,191.38,285.4,286.95
485,2021-08-04 11:04:00,285.5,285.6,271.85,276.7,750,22125,191.96,276.6,277.8
486,2021-08-04 11:05:00,278.25,284.05,278.0,283.6,575,22850,192.41,283.3,284.85
487,2021-08-04 11:06:00,286.35,302.75,284.45,302.75,2175,22850,194.28,300.05,301.45
488,2021-08-04 11:07:00,302.55,304.05,299.85,303.55,2000,22850,196.1,303.15,303.9
489,2021-08-04 11:08:00,303.95,310.25,299.6,307.85,2100,23850,197.99,305.0,306.25
490,2021-08-04 11:09:00,303.85,306.25,302.15,305.0,325,23850,198.28,304.0,304.8
491,2021-08-04 11:10:00,304.0,312.0,304.0,310.3,1475,23850,199.61,308.4,309.85
492,2021-08-04 11:11:00,307.0,307.7,299.65,299.65,1200,25175,200.62,298.55,300.35
493,2021-08-04 11:12:00,301.0,307.65,301.0,303.85,650,25175,201.16,303.05,304.5
494,2021-08-04 11:13:00,302.9,305.05,302.65,302.8,675,25175,201.72,302.0,303.7
495,2021-08-04 11:14:00,303.7,307.8,303.7,304.75,575,25475,202.19,306.65,308.2
496,2021-08-04 11:15:00,306.3,306.3,290.45,291.1,875,25475,202.85,289.5,290.95
497,2021-08-04 11:16:00,289.0,289.0,265.6,265.6,2675,25475,204.4,267.35,268.85
498,2021-08-04 11:17:00,268.9,271.65,245.0,251.15,1700,26725,205.11,251.0,252.65
499,2021-08-04 11:18:00,251.0,251.05,241.1,249.95,2950,26725,206.04,249.0,250.95
500,2021-08-04 11:19:00,251.0,260.6,251.0,256.2,1500,26725,206.59,258.0,259.85
501,2021-08-04 11:20:00,260.75,267.2,259.05,259.05,1875,27425,207.38,259.45,261.3
502,2021-08-04 11:21:00,260.3,260.75,245.0,245.0,1300,27425,207.79,243.6,245.1
503,2021-08-04 11:22:00,245.0,245.0,236.2,241.0,550,27425,207.92,241.05,242.0
504,2021-08-04 11:23:00,242.0,242.0,233.6,233.6,1800,27700,208.31,233.0,234.55
505,2021-08-04 11:24:00,231.2,233.45,226.9,227.5,975,27700,208.47,227.2,228.7
506,2021-08-04 11:25:00,228.15,229.3,223.55,229.3,600,27700,208.55,229.5,230.0
507,2021-08-04 11:26:00,231.5,251.5,231.5,251.5,900,28075,208.76,249.45,250.65
508,2021-08-04 11:27:00,249.0,251.5,247.3,247.7,425,28075,208.88,248.4,250.0
509,2021-08-04 11:28:00,251.0,254.05,244.5,246.0,750,28075,209.08,246.6,247.7
510,2021-08-04 11:29:00,247.7,250.05,243.85,246.15,450,28075,209.2,243.15,244.55
511,2021-08-04 11:30:00,242.3,247.15,239.5,244.2,725,28600,209.37,245.25,246.4
512,2021-08-04 11:31:00,246.4,252.0,246.4,251.35,425,28600,209.48,248.75,250.0
513,2021-08-04 11:32:00,249.0,251.95,249.0,251.25,125,28600,209.52,253.7,254.9
514,2021-08-04 11:33:00,253.25,255.2,252.55,253.4,575,29000,209.69,252.25,253.5
515,2021-08-04 11:34:00,253.4,253.4,246.85,246.85,1000,29000,209.97,246.95,248.55
516,2021-08-04 11:35:00,245.95,247.4,235.0,238.05,1400,29000,210.26,237.85,238.7
517,2021-08-04 11:36:00,238.7,239.5,233.65,235.1,625,29725,210.37,235.95,236.9
518,2021-08-04 11:37:00,238.35,238.6,235.0,235.0,775,29725,210.5,233.85,235.45
519,2021-08-04 11:38:00,233.8,236.0,232.55,234.8,850,29725,210.64,235.75,236.95
520,2021-08-04 11:39:00,235.35,241.2,235.35,239.7,325,29825,210.7,239.05,240.55
521,2021-08-04 11:40:00,239.0,239.75,232.75,232.75,350,29825,210.75,228.9,230.05
522,2021-08-04 11:41:00,239.0,239.75,232.75,232.75,350,29825,210.75,228.9,230.05
523,2021-08-04 11:42:00,228.95,229.6,228.95,229.6,50,29725,210.76,230.55,232.0
524,2021-08-04 11:43:00,223.0,223.8,211.2,212.4,975,29725,210.82,212.9,214.15
525,2021-08-04 11:44:00,210.85,212.65,209.1,209.8,1725,29725,210.82,206.55,207.9
526,2021-08-04 11:45:00,206.9,206.9,194.35,196.85,2275,30925,210.64,197.4,198.7
527,2021-08-04 11:46:00,197.6,197.6,182.95,186.55,6800,30925,209.69,186.3,187.6
528,2021-08-04 11:47:00,186.5,196.6,186.05,196.6,1100,30925,209.56,196.2,197.35
529,2021-08-04 11:48:00,197.95,202.3,196.0,202.0,650,34875,209.52,202.4,203.35
530,2021-08-04 11:49:00,203.35,210.0,202.15,205.5,625,34875,209.5,206.15,207.2
531,2021-08-04 11:50:00,206.6,206.6,204.4,205.15,475,34875,209.49,205.45,206.4
532,2021-08-04 11:51:00,205.45,210.55,205.45,207.9,975,35050,209.48,208.55,209.75
533,2021-08-04 11:52:00,210.35,215.0,208.3,214.6,925,35050,209.48,214.5,215.7
534,2021-08-04 11:53:00,212.0,213.15,208.95,209.45,1075,35050,209.5,209.3,210.5
535,2021-08-04 11:54:00,206.65,206.75,202.3,202.3,800,35175,209.48,203.85,204.85
536,2021-08-04 11:55:00,201.4,201.4,199.15,199.35,350,35175,209.46,198.8,199.95
537,2021-08-04 11:56:00,197.3,200.2,194.3,197.3,1575,35175,209.34,196.0,197.35
538,2021-08-04 11:57:00,196.0,197.95,195.5,196.65,325,36300,209.31,195.1,196.4
539,2021-08-04 11:58:00,195.95,196.9,195.0,196.8,4225,36300,208.99,196.2,197.45
540,2021-08-04 11:59:00,199.4,199.4,192.0,192.95,800,36300,208.93,193.0,194.1
541,2021-08-04 12:00:00,191.4,196.5,189.7,195.0,725,32825,208.87,194.5,195.6
542,2021-08-04 12:01:00,194.95,199.0,194.95,199.0,325,32825,208.85,199.75,200.95
543,2021-08-04 12:02:00,201.45,205.45,199.75,203.0,450,32825,208.83,202.8,204.15
544,2021-08-04 12:03:00,202.8,204.8,202.4,204.7,725,32800,208.81,204.35,205.0
545,2021-08-04 12:04:00,204.5,217.95,203.35,214.5,1425,32800,208.84,215.15,216.75
546,2021-08-04 12:05:00,214.85,235.75,214.3,235.75,3600,32800,209.2,233.45,234.85
547,2021-08-04 12:06:00,234.2,240.3,234.2,240.3,900,32325,209.34,237.05,238.6
548,2021-08-04 12:07:00,236.7,241.0,236.0,241.0,800,32325,209.46,237.35,238.3
549,2021-08-04 12:08:00,236.4,239.2,235.8,235.8,400,32325,209.52,235.2,236.25
550,2021-08-04 12:09:00,236.75,238.65,235.0,237.65,275,32800,209.56,236.65,237.65
551,2021-08-04 12:10:00,237.65,239.1,234.85,239.1,475,32800,209.63,236.8,237.65
552,2021-08-04 12:11:00,237.9,243.7,237.9,243.7,700,32800,209.74,241.3,242.65
553,2021-08-04 12:12:00,243.65,247.0,243.65,244.75,1225,32700,209.98,243.5,245.0
554,2021-08-04 12:13:00,241.85,246.25,241.85,246.25,175,32700,210.01,248.2,249.4
555,2021-08-04 12:14:00,249.85,255.0,249.85,254.55,925,32700,210.21,254.7,256.2
556,2021-08-04 12:15:00,253.2,253.5,245.55,245.55,625,32300,210.34,245.55,247.1
557,2021-08-04 12:16:00,247.6,247.6,243.85,244.6,175,32300,210.38,246.0,247.45
558,2021-08-04 12:17:00,253.85,255.2,253.85,255.2,75,32300,210.39,253.85,255.2
559,2021-08-04 12:18:00,256.0,264.8,255.45,264.8,675,32100,210.57,264.8,266.4
560,2021-08-04 12:19:00,266.05,275.9,266.05,274.75,825,32100,210.83,274.45,276.25
561,2021-08-04 12:20:00,278.3,280.85,270.5,271.45,300,32100,210.94,271.5,273.05
562,2021-08-04 12:21:00,271.0,271.0,250.8,252.8,675,31975,211.12,254.2,255.05
563,2021-08-04 12:22:00,253.3,253.3,239.0,240.0,625,31975,211.23,241.35,242.25
564,2021-08-04 12:23:00,240.0,248.3,237.8,248.3,475,31975,211.31,247.5,248.85
565,2021-08-04 12:24:00,249.9,249.9,241.75,241.75,1150,31850,211.52,244.05,245.5
566,2021-08-04 12:25:00,244.8,244.8,238.75,240.4,450,31850,211.59,240.0,241.25
567,2021-08-04 12:26:00,240.5,240.5,232.3,233.6,625,31850,211.65,232.4,233.65
568,2021-08-04 12:27:00,235.6,243.6,235.6,240.45,1750,32300,211.91,239.75,241.05
569,2021-08-04 12:28:00,241.1,243.85,239.9,242.1,275,32300,211.95,240.9,242.15
570,2021-08-04 12:29:00,243.0,245.15,242.2,242.2,600,32300,212.05,242.6,244.0
571,2021-08-04 12:30:00,244.0,246.4,244.0,245.25,200,32800,212.08,245.4,246.9
572,2021-08-04 12:31:00,250.0,250.0,246.95,247.3,200,32800,212.12,245.35,246.5
573,2021-08-04 12:32:00,246.6,246.6,239.0,239.0,350,32800,212.17,238.4,239.55
574,2021-08-04 12:33:00,238.8,242.85,238.65,242.85,100,32600,212.18,243.3,244.1
575,2021-08-04 12:34:00,250.0,258.4,250.0,255.5,500,32600,212.29,255.75,257.05
576,2021-08-04 12:35:00,257.7,261.6,255.2,257.0,475,32600,212.4,256.9,258.25
577,2021-08-04 12:36:00,257.8,257.8,256.65,257.45,250,32575,212.45,258.45,259.5
578,2021-08-04 12:37:00,260.0,263.95,259.55,263.95,150,32575,212.49,264.45,265.45
579,2021-08-04 12:38:00,264.85,264.85,260.8,262.9,700,32575,212.66,262.7,264.2
580,2021-08-04 12:39:00,262.8,265.0,262.8,265.0,575,32425,212.81,261.25,262.65
581,2021-08-04 12:40:00,262.4,265.1,262.4,263.8,100,32425,212.83,264.05,265.4
582,2021-08-04 12:41:00,267.05,268.5,265.8,265.8,375,32425,212.93,263.85,265.0
583,2021-08-04 12:42:00,263.1,264.05,255.9,259.6,875,32375,213.13,260.55,262.1
584,2021-08-04 12:43:00,259.85,260.95,259.85,260.95,75,32375,213.14,259.85,260.55
585,2021-08-04 12:44:00,259.9,263.2,259.9,263.2,100,32375,213.17,260.9,262.25
586,2021-08-04 12:45:00,264.65,266.95,263.9,266.95,175,32425,213.21,266.05,267.0
587,2021-08-04 12:46:00,266.05,267.75,264.6,265.55,225,32425,213.27,263.65,265.05
588,2021-08-04 12:47:00,264.65,264.65,257.05,257.05,100,32425,213.29,255.2,256.75
589,2021-08-04 12:48:00,255.0,255.0,244.95,250.0,250,32425,213.34,247.95,249.7
590,2021-08-04 12:49:00,251.4,252.65,251.4,252.65,50,32425,213.35,253.35,254.4
591,2021-08-04 12:50:00,258.5,266.5,258.45,266.5,250,32425,213.4,263.85,265.6
592,2021-08-04 12:51:00,266.0,266.0,263.0,264.15,300,32500,213.48,263.15,264.3
593,2021-08-04 12:52:00,259.0,259.0,259.0,259.0,25,32500,213.48,255.25,256.6
594,2021-08-04 12:53:00,256.65,256.65,255.5,256.15,175,32500,213.52,257.2,258.3
595,2021-08-04 12:54:00,255.15,255.15,252.15,252.15,50,32600,213.53,252.55,253.8
596,2021-08-04 12:55:00,251.9,253.2,249.95,249.95,875,32600,213.68,252.7,253.7
597,2021-08-04 12:56:00,252.6,252.6,241.65,241.65,325,32600,213.73,240.0,241.15
598,2021-08-04 12:57:00,239.9,244.4,238.7,241.2,1000,33000,213.86,239.3,240.65
599,2021-08-04 12:58:00,238.95,238.95,227.5,227.5,475,33000,213.91,230.95,232.2
600,2021-08-04 12:59:00,230.3,236.7,230.3,236.7,950,33000,214.0,240.8,242.0
601,2021-08-04 13:00:00,247.5,250.0,247.5,250.0,1225,32975,214.2,249.8,251.15
602,2021-08-04 13:01:00,251.6,251.6,246.85,249.55,100,32975,214.22,249.3,250.7
603,2021-08-04 13:02:00,248.45,248.45,238.0,239.4,175,32975,214.24,239.6,240.75
604,2021-08-04 13:03:00,236.65,236.65,235.25,235.25,75,33725,214.25,233.25,234.7
605,2021-08-04 13:04:00,234.05,234.05,227.95,227.95,300,33725,214.28,228.35,229.4
606,2021-08-04 13:05:00,231.15,237.75,230.4,237.75,175,33725,214.29,234.3,235.9
607,2021-08-04 13:06:00,238.5,247.3,238.5,247.0,225,33800,214.32,246.65,248.0
608,2021-08-04 13:07:00,247.0,247.0,238.55,241.0,400,33800,214.37,239.9,241.25
609,2021-08-04 13:08:00,237.1,237.1,234.4,234.4,150,33800,214.39,228.3,229.25
610,2021-08-04 13:09:00,231.0,236.0,231.0,236.0,550,33750,214.44,233.95,235.3
611,2021-08-04 13:10:00,236.9,239.7,236.9,238.15,125,33750,214.45,240.45,241.45
612,2021-08-04 13:11:00,240.8,245.0,240.65,245.0,275,33750,214.49,244.75,245.95
613,2021-08-04 13:12:00,246.75,246.75,240.65,243.95,250,33700,214.52,245.2,246.55
614,2021-08-04 13:13:00,245.25,246.35,245.25,245.55,150,33700,214.55,246.1,247.1
615,2021-08-04 13:14:00,245.3,245.3,245.1,245.1,75,33700,214.56,245.75,246.7
616,2021-08-04 13:15:00,247.4,252.5,247.4,252.5,150,33825,214.58,250.55,251.35
617,2021-08-04 13:16:00,250.5,255.4,248.75,255.15,1425,33825,214.84,255.35,256.55
618,2021-08-04 13:17:00,256.55,256.55,253.7,254.55,400,33825,214.92,254.3,255.8
619,2021-08-04 13:18:00,252.7,255.0,251.9,255.0,125,34550,214.94,254.95,255.85
620,2021-08-04 13:19:00,256.35,257.1,253.0,253.1,475,34550,215.03,253.65,255.1
621,2021-08-04 13:20:00,251.4,252.0,240.15,242.85,375,34550,215.08,241.9,243.2
622,2021-08-04 13:21:00,247.5,252.85,247.5,252.85,300,35000,215.13,252.95,253.85
623,2021-08-04 13:22:00,256.85,257.65,255.1,257.65,475,35000,215.22,258.25,259.65
624,2021-08-04 13:23:00,259.95,259.95,256.0,257.05,350,35000,215.29,255.7,256.7
625,2021-08-04 13:24:00,256.65,257.0,252.95,253.0,1500,36275,215.56,252.6,253.7
626,2021-08-04 13:25:00,252.6,256.75,248.95,250.45,275,36275,215.61,250.85,252.15
627,2021-08-04 13:26:00,249.25,249.25,247.55,247.55,125,36275,215.62,250.7,252.2
628,2021-08-04 13:27:00,251.9,251.9,249.1,249.95,125,36450,215.64,248.7,249.9
629,2021-08-04 13:28:00,253.35,253.35,252.5,252.5,100,36450,215.66,254.05,255.15
630,2021-08-04 13:29:00,255.8,255.8,243.0,243.0,200,36450,215.69,243.45,244.95
631,2021-08-04 13:30:00,244.15,244.5,241.25,241.25,325,36575,215.73,241.35,242.95
632,2021-08-04 13:31:00,247.5,247.5,246.0,246.0,175,36575,215.75,247.5,248.55
633,2021-08-04 13:32:00,250.9,256.95,250.9,253.8,350,36575,215.81,254.1,255.2
634,2021-08-04 13:33:00,253.0,253.0,253.0,253.0,25,36800,215.82,250.2,251.5
635,2021-08-04 13:34:00,248.1,255.5,245.9,247.5,350,36800,215.87,253.65,254.85
636,2021-08-04 13:35:00,251.7,257.75,248.45,254.25,525,36800,215.96,255.35,256.85
637,2021-08-04 13:36:00,251.65,253.55,248.5,253.55,500,37150,216.04,249.0,250.45
638,2021-08-04 13:37:00,246.25,249.4,244.05,244.05,475,37150,216.1,246.55,247.75
639,2021-08-04 13:38:00,250.2,253.6,246.25,246.25,925,37150,216.25,250.35,251.8
640,2021-08-04 13:39:00,250.25,250.25,245.65,248.35,425,36950,216.31,246.8,248.25
641,2021-08-04 13:40:00,248.35,248.8,241.5,245.6,475,36950,216.37,240.8,242.15
642,2021-08-04 13:41:00,245.45,249.25,243.5,248.1,350,36950,216.42,248.3,249.65
643,2021-08-04 13:42:00,249.2,268.55,249.2,267.7,1725,37300,216.79,268.0,269.95
644,2021-08-04 13:43:00,270.0,297.15,270.0,287.35,6750,37300,218.87,290.6,292.1
645,2021-08-04 13:44:00,290.6,317.7,290.6,317.1,2000,37300,219.57,315.85,317.25
646,2021-08-04 13:45:00,315.6,337.05,315.6,329.55,3525,38600,221.17,326.4,329.2
647,2021-08-04 13:46:00,327.75,330.0,292.5,315.0,3850,38600,222.61,316.0,318.05
648,2021-08-04 13:47:00,316.05,317.9,308.9,310.05,725,38600,222.89,309.55,311.1
649,2021-08-04 13:48:00,311.85,312.5,305.3,306.05,2375,39575,223.71,305.6,306.9
650,2021-08-04 13:49:00,308.85,314.8,307.7,313.2,775,39575,223.99,312.65,314.3
651,2021-08-04 13:50:00,315.0,323.05,315.0,320.0,800,39575,224.3,318.15,319.5
652,2021-08-04 13:51:00,320.0,327.75,318.0,327.75,575,40350,224.52,326.05,327.55
653,2021-08-04 13:52:00,329.05,346.9,329.05,338.35,2525,40350,225.67,337.0,338.95
654,2021-08-04 13:53:00,338.35,342.5,335.1,335.1,3550,40350,227.25,334.2,335.8
655,2021-08-04 13:54:00,338.05,339.95,335.85,337.4,900,40275,227.64,335.55,337.6
656,2021-08-04 13:55:00,336.0,336.45,312.1,316.8,1875,40275,228.37,315.65,317.2
657,2021-08-04 13:56:00,314.55,324.6,312.1,321.95,525,40275,228.55,323.7,325.2
658,2021-08-04 13:57:00,322.9,325.2,321.0,324.55,1075,39775,228.95,324.3,325.95
659,2021-08-04 13:58:00,323.0,336.0,323.0,336.0,2425,39775,229.88,332.8,334.85
660,2021-08-04 13:59:00,335.85,337.85,333.45,335.2,725,39775,230.17,336.3,337.8
661,2021-08-04 14:00:00,337.7,338.75,323.4,323.4,1275,39875,230.65,321.55,323.05
662,2021-08-04 14:01:00,323.95,329.15,323.85,329.15,325,39875,230.76,325.55,327.0
663,2021-08-04 14:02:00,329.25,346.4,329.25,342.4,1525,39875,231.4,342.2,343.55
664,2021-08-04 14:03:00,341.8,342.65,334.3,337.5,5400,40250,233.55,336.65,338.55
665,2021-08-04 14:04:00,338.3,346.7,337.5,346.7,2950,40250,234.73,345.8,347.75
666,2021-08-04 14:05:00,345.5,347.55,341.05,344.6,1575,40250,235.36,343.55,345.4
667,2021-08-04 14:06:00,345.0,352.55,345.0,349.8,3350,40575,236.73,348.0,349.7
668,2021-08-04 14:07:00,349.6,349.6,340.5,341.0,1425,40575,237.28,340.9,342.6
669,2021-08-04 14:08:00,340.2,340.2,328.0,336.3,1625,40575,237.84,334.15,336.3
670,2021-08-04 14:09:00,335.8,343.2,335.8,341.15,7250,44725,240.41,340.6,341.6
671,2021-08-04 14:10:00,342.05,342.4,336.2,340.0,4350,44725,241.88,338.9,340.2
672,2021-08-04 14:11:00,339.2,340.3,324.0,328.45,5875,44725,243.7,327.1,328.5
673,2021-08-04 14:12:00,327.7,333.25,326.7,329.05,1625,51250,244.16,328.15,329.5
674,2021-08-04 14:13:00,328.15,341.95,328.0,341.95,1475,51250,244.6,340.0,342.0
675,2021-08-04 14:14:00,343.15,355.7,343.1,355.7,5225,51250,246.4,354.85,355.75
676,2021-08-04 14:15:00,356.25,369.05,352.35,361.35,8775,52575,249.58,360.4,362.0
677,2021-08-04 14:16:00,361.45,371.55,359.85,369.95,3625,52575,250.89,369.45,371.0
678,2021-08-04 14:17:00,370.25,374.0,365.15,366.2,9650,52575,254.36,365.5,366.85
679,2021-08-04 14:18:00,366.8,369.95,355.0,369.0,7725,54000,256.86,368.2,369.6
680,2021-08-04 14:19:00,369.0,378.35,366.0,376.5,3925,54000,258.2,376.5,378.3
681,2021-08-04 14:20:00,376.65,377.85,368.8,375.9,6775,54000,260.46,374.5,376.15
682,2021-08-04 14:21:00,374.7,379.3,372.15,372.95,4400,57675,261.89,372.15,373.25
683,2021-08-04 14:22:00,373.25,380.0,373.25,379.0,5025,57675,263.53,378.0,378.65
684,2021-08-04 14:23:00,378.0,386.05,377.1,384.0,3825,57675,264.76,383.25,384.0
685,2021-08-04 14:24:00,383.05,394.95,380.2,394.95,7050,60950,267.07,394.0,395.8
686,2021-08-04 14:25:00,396.0,399.0,384.5,385.9,9000,60950,270.05,387.05,388.7
687,2021-08-04 14:26:00,388.1,396.2,385.15,395.55,5125,60950,271.68,394.65,396.3
688,2021-08-04 14:27:00,395.05,395.5,382.0,382.0,9450,66850,274.49,381.9,383.5
689,2021-08-04 14:28:00,381.9,387.0,379.55,382.7,4950,66850,275.85,380.2,381.0
690,2021-08-04 14:29:00,380.2,383.0,377.7,379.65,1750,66850,276.3,378.0,379.0
691,2021-08-04 14:30:00,377.0,385.0,375.0,377.1,4975,70050,277.55,375.65,377.35
692,2021-08-04 14:31:00,374.35,378.2,363.0,363.0,2600,70050,278.16,362.0,362.85
693,2021-08-04 14:32:00,357.0,360.95,346.45,360.95,8675,70050,279.79,360.45,361.9
694,2021-08-04 14:33:00,361.2,363.25,350.2,355.05,7900,76650,281.25,353.35,355.2
695,2021-08-04 14:34:00,355.2,358.95,349.5,351.85,3875,76650,281.89,350.1,351.85
696,2021-08-04 14:35:00,351.25,359.0,343.6,344.45,4600,76650,282.63,343.95,345.65
697,2021-08-04 14:36:00,344.4,360.0,340.2,358.5,4625,79025,283.31,357.05,358.55
698,2021-08-04 14:37:00,354.55,360.0,348.9,349.9,2975,79025,283.82,349.4,351.0
699,2021-08-04 14:38:00,350.6,350.6,322.5,325.05,4850,79025,284.33,323.8,324.8
700,2021-08-04 14:39:00,323.75,333.2,317.95,332.7,2850,80900,284.58,333.05,334.8
701,2021-08-04 14:40:00,328.95,332.0,323.8,329.55,4275,80900,285.0,329.05,330.85
702,2021-08-04 14:41:00,328.25,328.55,305.6,308.95,4900,80900,285.33,307.25,308.85
703,2021-08-04 14:42:00,309.55,315.9,305.55,305.55,3650,82450,285.53,305.6,307.25
704,2021-08-04 14:43:00,305.0,324.1,305.0,324.1,2750,82450,285.72,322.6,323.85
705,2021-08-04 14:44:00,323.2,325.0,316.25,322.4,3500,82450,285.99,321.4,323.0
706,2021-08-04 14:45:00,323.75,337.75,318.35,337.75,2750,84600,286.22,337.9,339.35
707,2021-08-04 14:46:00,337.55,348.0,337.55,345.45,5325,84600,286.88,343.6,345.4
708,2021-08-04 14:47:00,344.35,344.35,330.0,337.6,2525,84600,287.15,338.15,339.85
709,2021-08-04 14:48:00,340.0,343.1,335.95,338.6,900,84250,287.25,337.35,339.05
710,2021-08-04 14:49:00,338.8,341.2,330.0,334.45,3300,84250,287.58,333.15,334.9
711,2021-08-04 14:50:00,331.35,331.35,314.15,323.85,1925,84250,287.72,321.45,323.25
712,2021-08-04 14:51:00,322.45,326.05,316.45,317.2,1475,82675,287.82,317.85,319.75
713,2021-08-04 14:52:00,319.8,320.85,317.7,320.1,700,82675,287.87,318.0,319.65
714,2021-08-04 14:53:00,319.65,319.65,307.6,309.85,2700,82675,288.01,308.85,310.6
715,2021-08-04 14:54:00,312.0,319.0,312.0,315.95,900,83075,288.06,315.95,317.4
716,2021-08-04 14:55:00,318.35,330.3,318.3,329.7,1075,83075,288.15,328.35,330.65
717,2021-08-04 14:56:00,330.0,330.0,320.0,320.0,1900,83075,288.28,317.7,319.05
718,2021-08-04 14:57:00,317.7,318.9,310.8,312.5,1925,82525,288.39,311.05,312.3
719,2021-08-04 14:58:00,312.3,313.95,311.65,313.55,600,82525,288.42,313.25,315.0
720,2021-08-04 14:59:00,315.8,321.2,313.15,321.2,3675,82525,288.63,321.0,322.75
721,2021-08-04 15:00:00,321.0,326.5,319.05,326.5,4550,83100,288.96,325.8,326.95
722,2021-08-04 15:01:00,326.05,330.0,321.6,321.6,2775,83100,289.17,322.25,323.95
723,2021-08-04 15:02:00,323.45,330.0,323.45,327.5,3425,83100,289.43,325.05,326.95
724,2021-08-04 15:03:00,326.0,332.75,326.0,331.45,4975,79000,289.81,330.6,331.9
725,2021-08-04 15:04:00,332.0,335.4,329.05,329.05,5425,79000,290.26,328.45,330.5
726,2021-08-04 15:05:00,328.6,328.6,320.0,322.05,4700,79000,290.55,322.05,323.35
727,2021-08-04 15:06:00,323.15,327.1,322.35,326.1,2000,78100,290.68,326.05,327.35
728,2021-08-04 15:07:00,325.7,331.3,325.2,331.3,2725,78100,290.87,329.8,331.2
729,2021-08-04 15:08:00,329.35,329.35,320.0,320.0,2550,78100,291.03,320.0,321.2
730,2021-08-04 15:09:00,321.5,322.0,316.0,322.0,2600,78100,291.17,320.35,322.0
731,2021-08-04 15:10:00,319.35,326.95,319.35,322.75,525,79725,291.2,322.25,323.7
732,2021-08-04 15:11:00,322.05,324.4,320.0,324.4,1150,79725,291.27,322.05,323.65
733,2021-08-04 15:12:00,322.05,323.45,316.35,316.4,1250,80100,291.33,317.25,318.85
734,2021-08-04 15:13:00,317.05,322.35,315.0,315.4,1800,80100,291.42,315.45,316.95
735,2021-08-04 15:14:00,315.7,317.85,313.55,316.05,1975,80100,291.51,315.45,316.75
736,2021-08-04 15:15:00,316.35,322.1,314.55,314.55,2675,81175,291.64,314.65,316.1
737,2021-08-04 15:16:00,314.9,317.55,307.85,310.1,7175,81175,291.9,309.45,310.5
738,2021-08-04 15:17:00,309.0,309.0,300.25,301.65,6250,81175,292.06,300.0,301.1
739,2021-08-04 15:18:00,300.0,300.0,290.05,290.05,3875,85100,292.08,290.05,290.8
740,2021-08-04 15:19:00,290.3,291.85,260.2,262.45,5600,85100,291.96,262.75,264.0
741,2021-08-04 15:20:00,267.25,284.4,266.05,284.4,7025,85100,291.76,282.7,284.5
742,2021-08-04 15:21:00,281.75,284.9,275.55,276.65,3350,85100,291.69,276.35,277.8
743,2021-08-04 15:22:00,277.45,278.35,272.0,275.0,2250,88150,291.63,274.75,275.9
744,2021-08-04 15:23:00,275.4,279.35,274.8,279.35,3750,88150,291.54,278.0,278.85
745,2021-08-04 15:24:00,279.75,285.65,278.85,282.65,3950,88900,291.48,281.4,282.75
746,2021-08-04 15:25:00,282.15,285.2,277.2,277.2,3100,88900,291.43,276.05,277.95
747,2021-08-04 15:26:00,275.85,283.35,275.85,281.95,2725,88900,291.38,282.4,284.4
748,2021-08-04 15:27:00,285.75,288.0,282.95,287.05,3750,88750,291.35,287.05,287.9
749,2021-08-04 15:28:00,287.9,287.9,285.15,286.0,4350,88750,291.32,287.0,287.6
750,2021-08-04 15:29:00,287.9,287.9,285.15,286.0,4350,88750,291.32,287.0,287.6
751,2021-08-04 15:30:00,287.0,287.9,276.0,282.8,4675,88750,291.27,277.85,282.8
752,2021-08-05 09:15:00,285.0,389.95,248.6,263.0,6025,89350,275.71,263.9,266.35
753,2021-08-05 09:16:00,264.4,275.05,255.0,256.1,6050,89350,271.03,253.05,256.25
754,2021-08-05 09:17:00,251.95,251.95,234.0,235.3,7450,91675,260.86,236.25,237.25
755,2021-08-05 09:18:00,235.0,242.25,230.5,240.2,5000,91675,255.92,239.5,240.7
756,2021-08-05 09:19:00,240.8,242.0,226.65,228.75,4625,91675,252.69,227.2,228.7
757,2021-08-05 09:20:00,227.85,227.85,208.6,210.75,10125,94050,243.41,210.75,210.85
758,2021-08-05 09:21:00,207.65,218.45,207.65,218.4,9375,94050,237.31,218.4,219.85
759,2021-08-05 09:22:00,217.75,238.45,217.75,232.2,3975,94050,236.88,232.2,233.9
760,2021-08-05 09:23:00,234.1,237.8,231.75,236.2,3625,99775,236.82,234.85,236.75
761,2021-08-05 09:24:00,234.8,234.8,227.8,229.3,6825,99775,236.31,228.45,229.95
762,2021-08-05 09:25:00,228.0,229.5,217.7,217.7,2775,99775,235.8,217.7,219.0
763,2021-08-05 09:26:00,216.65,216.65,200.7,203.05,10925,100000,231.53,202.8,204.2
764,2021-08-05 09:27:00,204.0,204.0,195.65,200.0,9975,100000,227.81,200.35,201.65
765,2021-08-05 09:28:00,200.65,211.2,200.45,201.3,2475,100000,227.16,201.0,201.95
766,2021-08-05 09:29:00,201.95,202.2,188.7,189.65,6125,104725,225.16,189.35,190.15
767,2021-08-05 09:30:00,189.35,197.4,186.35,188.5,6325,104725,223.09,186.3,187.4
768,2021-08-05 09:31:00,186.45,196.0,185.25,190.25,5975,104725,221.22,188.65,190.25
769,2021-08-05 09:32:00,189.9,200.4,189.9,197.55,3650,107275,220.38,197.6,198.7
770,2021-08-05 09:33:00,198.3,199.75,189.05,191.65,2475,107275,219.75,190.25,191.9
771,2021-08-05 09:34:00,191.05,196.0,185.45,194.6,11900,107275,217.13,194.5,195.7
772,2021-08-05 09:35:00,196.85,209.55,195.9,206.3,6350,106675,216.52,205.25,206.2
773,2021-08-05 09:36:00,204.75,216.3,202.75,214.05,2775,106675,216.42,213.95,215.6
774,2021-08-05 09:37:00,215.25,234.6,214.6,232.25,6125,106675,216.74,232.1,232.95
775,2021-08-05 09:38:00,233.3,236.8,228.4,228.7,8825,111175,217.64,227.6,228.65
776,2021-08-05 09:39:00,228.95,228.95,212.0,216.35,2225,111175,217.65,215.45,216.35
777,2021-08-05 09:40:00,217.65,227.65,217.65,224.05,2525,111175,217.75,223.7,225.3
778,2021-08-05 09:41:00,222.45,224.1,214.8,217.3,1125,111825,217.76,216.45,217.9
779,2021-08-05 09:42:00,214.65,216.2,211.65,212.85,3025,111825,217.67,212.05,213.4
780,2021-08-05 09:43:00,213.75,221.75,213.75,218.3,1525,111825,217.67,217.0,218.15
781,2021-08-05 09:44:00,217.55,220.7,212.9,219.85,2225,112500,217.67,219.1,220.6
782,2021-08-05 09:45:00,219.65,224.85,219.65,224.85,6950,112500,217.85,223.6,225.0
783,2021-08-05 09:46:00,225.0,231.85,224.25,229.0,5200,112500,218.17,228.75,230.35
784,2021-08-05 09:47:00,229.7,232.65,223.85,227.5,5350,113300,218.5,228.15,229.5
785,2021-08-05 09:48:00,228.85,230.15,225.8,228.65,2300,113300,218.63,228.65,229.4
786,2021-08-05 09:49:00,228.65,230.55,221.15,221.15,1900,113300,218.72,220.45,221.65
787,2021-08-05 09:50:00,223.9,223.9,212.0,216.7,1225,114500,218.7,221.45,222.8
788,2021-08-05 09:51:00,225.2,229.15,219.6,219.6,1875,114500,218.76,219.25,220.55
789,2021-08-05 09:52:00,220.25,225.0,218.15,225.0,1075,114500,218.77,224.6,226.15
790,2021-08-05 09:53:00,225.2,226.05,221.05,221.05,1275,114050,218.8,219.1,220.15
791,2021-08-05 09:54:00,219.1,223.65,218.0,221.95,1550,114050,218.82,220.2,221.2
792,2021-08-05 09:55:00,220.5,220.5,211.8,216.4,2425,114050,218.78,214.6,215.95
793,2021-08-05 09:56:00,215.9,215.9,208.35,213.9,3025,113900,218.65,212.3,212.9
794,2021-08-05 09:57:00,210.6,210.85,207.15,209.95,1600,113900,218.58,207.6,208.8
795,2021-08-05 09:58:00,208.5,210.65,208.0,208.8,1350,113900,218.51,209.0,209.9
796,2021-08-05 09:59:00,210.7,210.9,199.85,200.0,2075,114125,218.37,203.2,204.25
797,2021-08-05 10:00:00,200.45,200.55,187.05,189.8,4150,114125,217.82,189.3,190.0
798,2021-08-05 10:01:00,189.05,189.55,182.15,187.65,3975,114125,217.21,186.95,187.95
799,2021-08-05 10:02:00,186.0,194.5,186.0,192.35,1950,114850,216.96,191.2,192.05
800,2021-08-05 10:03:00,191.55,193.15,191.55,192.05,1850,114850,216.74,191.7,192.25
801,2021-08-05 10:04:00,192.25,194.9,190.9,194.9,2025,114850,216.52,195.05,195.35
802,2021-08-05 10:05:00,195.15,195.15,190.05,191.65,3925,115525,216.08,191.15,192.0
803,2021-08-05 10:06:00,192.0,193.3,190.05,191.75,2225,115525,215.84,192.0,192.3
804,2021-08-05 10:07:00,191.45,192.0,187.15,187.8,1775,115525,215.63,187.2,187.85
805,2021-08-05 10:08:00,187.85,187.95,179.0,184.0,6375,116700,214.73,182.95,184.05
806,2021-08-05 10:09:00,182.45,185.65,180.8,183.1,1875,116700,214.47,182.4,183.05
807,2021-08-05 10:10:00,182.35,189.25,182.0,187.55,1875,116700,214.24,187.4,187.95
808,2021-08-05 10:11:00,185.25,187.4,183.9,183.9,950,116900,214.12,183.9,184.45
809,2021-08-05 10:12:00,183.3,184.2,182.1,182.6,2975,116900,213.74,183.75,184.3
810,2021-08-05 10:13:00,182.8,183.8,177.55,180.25,3350,116900,213.28,177.8,178.7
811,2021-08-05 10:14:00,179.05,181.45,175.35,180.8,2575,117650,212.91,180.55,181.5
812,2021-08-05 10:15:00,184.7,188.55,184.0,187.95,3550,117650,212.53,187.0,187.7
813,2021-08-05 10:16:00,188.0,193.4,188.0,193.4,675,117650,212.48,193.55,194.2
814,2021-08-05 10:17:00,193.65,199.0,192.65,194.95,1700,117225,212.36,194.0,194.95
815,2021-08-05 10:18:00,194.0,197.1,190.2,196.2,1775,117225,212.22,194.7,195.8
816,2021-08-05 10:19:00,195.3,196.35,190.0,190.0,800,117225,212.16,190.0,190.55
817,2021-08-05 10:20:00,190.3,192.75,190.0,190.0,2025,117600,211.99,189.05,189.9
818,2021-08-05 10:21:00,188.15,190.85,186.35,190.85,1525,117600,211.86,190.85,191.8
819,2021-08-05 10:22:00,190.95,190.95,187.95,187.95,325,117600,211.83,187.2,188.2
820,2021-08-05 10:23:00,187.5,187.65,183.7,183.7,1800,116775,211.65,182.65,183.75
821,2021-08-05 10:24:00,183.6,186.2,180.0,180.0,1400,116775,211.5,179.6,180.1
822,2021-08-05 10:25:00,179.65,183.2,178.4,183.2,625,116775,211.42,180.95,181.75
823,2021-08-05 10:26:00,181.1,181.5,169.05,170.45,3375,117100,210.95,169.6,170.6
824,2021-08-05 10:27:00,170.3,174.35,164.85,164.85,11650,117100,209.21,164.3,165.6
825,2021-08-05 10:28:00,165.0,168.25,160.85,166.05,6800,117100,208.13,166.15,167.3
826,2021-08-05 10:29:00,165.9,171.0,162.5,170.7,2675,115500,207.74,170.5,171.55
827,2021-08-05 10:30:00,169.75,171.7,166.45,167.3,1700,115500,207.51,167.35,168.35
828,2021-08-05 10:31:00,167.6,168.5,165.0,168.5,1775,115500,207.26,168.4,169.15
829,2021-08-05 10:32:00,168.9,174.85,168.65,171.95,3625,115200,206.81,171.3,172.2
830,2021-08-05 10:33:00,171.9,173.45,168.0,169.15,1700,115200,206.6,168.7,169.3
831,2021-08-05 10:34:00,171.0,171.0,169.2,169.25,1850,115200,206.37,169.15,169.9
832,2021-08-05 10:35:00,169.9,170.0,165.35,169.95,3350,117025,205.94,168.85,169.45
833,2021-08-05 10:36:00,168.9,172.65,166.75,169.95,1300,117025,205.78,169.6,170.35
834,2021-08-05 10:37:00,169.4,171.6,167.3,170.5,1325,117025,205.62,170.15,171.05
835,2021-08-05 10:38:00,170.6,172.2,167.2,168.4,1150,117500,205.48,168.7,169.55
836,2021-08-05 10:39:00,168.1,170.6,157.95,157.95,4200,117500,204.92,157.55,158.4
837,2021-08-05 10:40:00,157.5,163.55,153.55,153.6,9350,117500,203.59,153.2,153.9
838,2021-08-05 10:41:00,152.9,156.25,151.25,154.55,12725,120600,201.63,154.25,154.55
839,2021-08-05 10:42:00,153.45,157.85,152.45,155.55,5875,120600,200.8,155.85,156.45
840,2021-08-05 10:43:00,157.65,160.85,156.45,160.45,2500,120600,200.48,160.3,160.85
841,2021-08-05 10:44:00,160.05,165.15,160.05,164.4,850,122375,200.38,163.1,163.95
842,2021-08-05 10:45:00,163.0,163.0,157.8,159.05,1175,122375,200.24,159.65,160.35
843,2021-08-05 10:46:00,159.65,167.55,159.35,167.55,1375,122375,200.09,167.15,168.0
844,2021-08-05 10:47:00,168.25,168.25,163.3,167.8,775,123075,200.01,167.45,168.0
845,2021-08-05 10:48:00,168.6,168.6,162.7,162.7,825,123075,199.93,161.55,162.4
846,2021-08-05 10:49:00,160.9,164.3,159.3,163.4,1300,123075,199.79,162.5,163.6
847,2021-08-05 10:50:00,163.45,167.4,162.0,167.4,1050,123075,199.68,167.4,168.0
848,2021-08-05 10:51:00,168.0,170.7,167.0,169.8,800,121325,199.61,169.05,169.95
849,2021-08-05 10:52:00,169.95,170.0,165.05,166.3,500,121325,199.56,165.05,165.85
850,2021-08-05 10:53:00,165.0,170.7,162.7,169.85,1375,121275,199.43,170.15,170.85
851,2021-08-05 10:54:00,170.55,175.15,170.15,175.15,2175,121275,199.26,175.0,175.6
852,2021-08-05 10:55:00,175.45,176.5,168.9,170.2,2300,121275,199.08,170.15,171.25
853,2021-08-05 10:56:00,170.05,173.75,168.35,173.2,625,121725,199.03,173.25,174.2
854,2021-08-05 10:57:00,173.9,177.0,172.85,177.0,1300,121725,198.94,176.55,177.6
855,2021-08-05 10:58:00,174.8,177.85,174.25,176.0,775,121725,198.89,175.45,176.5
856,2021-08-05 10:59:00,176.95,180.65,176.15,180.15,1650,122075,198.8,179.75,180.6
857,2021-08-05 11:00:00,180.6,181.75,177.3,177.3,3225,122075,198.63,177.25,178.25
858,2021-08-05 11:01:00,178.1,178.2,167.85,170.45,2275,122075,198.47,170.0,170.7
859,2021-08-05 11:02:00,170.8,174.95,170.8,174.05,2550,121575,198.29,174.1,174.9
860,2021-08-05 11:03:00,175.05,178.3,175.0,178.3,550,121575,198.25,179.25,179.95
861,2021-08-05 11:04:00,179.8,179.95,178.1,178.15,1125,121575,198.2,178.15,179.05
862,2021-08-05 11:05:00,178.0,179.15,178.0,179.15,175,121400,198.19,178.85,179.5
863,2021-08-05 11:06:00,179.7,182.6,178.5,178.9,1150,121400,198.13,178.4,178.9
864,2021-08-05 11:07:00,179.0,181.1,175.0,179.2,3850,121400,197.93,177.6,178.3
865,2021-08-05 11:08:00,178.2,178.7,171.75,172.8,875,121400,197.87,171.9,172.65
866,2021-08-05 11:09:00,172.65,172.65,166.4,167.25,1000,122625,197.8,165.55,166.7
867,2021-08-05 11:10:00,165.55,172.2,163.6,171.65,1225,122625,197.7,170.8,171.85
868,2021-08-05 11:11:00,171.1,173.9,170.25,172.8,1200,122625,197.61,172.5,173.1
869,2021-08-05 11:12:00,173.1,175.05,173.1,175.05,575,121700,197.58,174.3,175.35
870,2021-08-05 11:13:00,172.65,172.65,170.35,170.9,125,121700,197.57,170.4,170.9
871,2021-08-05 11:14:00,171.15,171.15,168.85,169.2,925,121700,197.5,169.0,169.85
872,2021-08-05 11:15:00,168.95,169.9,166.3,167.0,2600,121850,197.29,166.5,167.1
873,2021-08-05 11:16:00,167.1,173.65,166.35,172.5,975,121850,197.22,172.4,173.2
874,2021-08-05 11:17:00,171.3,175.85,171.3,175.85,575,121850,197.18,175.9,176.4
875,2021-08-05 11:18:00,175.8,176.35,170.0,173.7,700,121075,197.14,171.35,172.25
876,2021-08-05 11:19:00,170.35,171.45,169.2,170.35,450,121075,197.11,169.35,170.3
877,2021-08-05 11:20:00,170.0,171.0,168.0,171.0,550,121075,197.07,171.1,172.1
878,2021-08-05 11:21:00,172.05,172.65,169.6,170.3,250,121100,197.05,169.9,170.7
879,2021-08-05 11:22:00,170.9,171.6,170.5,171.6,150,121100,197.04,171.45,172.45
880,2021-08-05 11:23:00,172.0,172.35,169.95,171.75,700,121100,196.99,172.05,173.0
881,2021-08-05 11:24:00,171.8,172.0,166.15,167.0,400,121275,196.96,167.25,168.3
882,2021-08-05 11:25:00,167.0,167.0,164.85,164.9,1600,121275,196.83,163.9,164.55
883,2021-08-05 11:26:00,165.0,166.2,162.95,164.1,1025,121275,196.75,165.3,165.8
884,2021-08-05 11:27:00,165.4,170.0,165.05,167.65,225,122325,196.73,168.65,169.5
885,2021-08-05 11:28:00,169.55,170.7,168.95,169.85,275,122325,196.71,168.35,169.35
886,2021-08-05 11:29:00,169.45,169.9,165.95,167.0,650,122325,196.66,166.4,167.2
887,2021-08-05 11:30:00,166.5,171.45,165.3,171.0,600,122275,196.62,169.75,170.8
888,2021-08-05 11:31:00,169.2,169.2,165.55,167.25,1250,122275,196.53,166.5,167.5
889,2021-08-05 11:32:00,166.1,166.1,161.65,164.05,2950,122275,196.28,165.15,166.0
890,2021-08-05 11:33:00,165.95,165.95,163.0,164.1,925,124375,196.2,164.45,165.4
891,2021-08-05 11:34:00,164.55,167.35,164.55,166.15,125,124375,196.19,165.55,166.4
892,2021-08-05 11:35:00,165.4,165.4,164.15,165.1,475,124375,196.15,163.7,164.85
893,2021-08-05 11:36:00,164.85,167.85,164.85,166.8,375,124625,196.12,167.45,168.3
894,2021-08-05 11:37:00,167.25,170.0,167.25,170.0,125,124625,196.12,169.4,170.2
895,2021-08-05 11:38:00,170.6,175.1,168.9,173.5,1700,124625,196.02,173.2,174.2
896,2021-08-05 11:39:00,173.5,174.05,172.0,172.0,575,124325,195.98,172.9,173.7
897,2021-08-05 11:40:00,173.85,179.0,173.55,176.25,1750,124325,195.9,175.9,176.9
898,2021-08-05 11:41:00,176.1,179.0,176.1,179.0,2350,124325,195.79,178.35,179.0
899,2021-08-05 11:42:00,178.4,186.2,178.25,184.85,2900,124425,195.7,184.45,185.4
900,2021-08-05 11:43:00,184.85,199.0,184.85,195.05,8125,124425,195.64,195.25,196.25
901,2021-08-05 11:44:00,195.0,197.05,189.6,192.35,5450,124425,195.6,191.65,192.65
902,2021-08-05 11:45:00,193.3,199.65,193.3,198.9,2875,128625,195.61,198.05,198.9
903,2021-08-05 11:46:00,198.75,199.8,195.8,198.65,5950,128625,195.64,197.95,198.95
904,2021-08-05 11:47:00,198.95,199.0,194.9,194.9,1975,128625,195.65,193.85,195.0
905,2021-08-05 11:48:00,194.3,195.1,187.8,188.85,2100,127675,195.63,188.0,188.85
906,2021-08-05 11:49:00,188.05,188.05,181.0,181.0,2050,127675,195.57,180.0,180.7
907,2021-08-05 11:50:00,180.0,182.3,175.95,180.15,1625,127675,195.51,180.0,180.55
908,2021-08-05 11:51:00,180.55,183.75,179.95,183.2,2550,126775,195.43,183.0,183.9
909,2021-08-05 11:52:00,182.85,191.35,182.5,191.35,675,126775,195.41,190.85,191.55
910,2021-08-05 11:53:00,191.65,197.75,191.65,195.0,1300,126775,195.41,195.7,196.75
911,2021-08-05 11:54:00,196.85,198.0,195.0,197.35,450,126925,195.41,196.25,197.3
912,2021-08-05 11:55:00,195.7,196.75,191.7,191.7,1075,126925,195.41,191.85,192.85
913,2021-08-05 11:56:00,192.45,196.5,190.6,195.1,1275,126925,195.4,195.45,196.0
914,2021-08-05 11:57:00,195.7,198.7,194.4,198.55,1725,127800,195.41,197.7,198.2
915,2021-08-05 11:58:00,199.0,199.05,194.2,196.9,750,127800,195.41,195.75,196.95
916,2021-08-05 11:59:00,196.25,196.25,195.0,196.0,225,127800,195.41,194.7,195.85
917,2021-08-05 12:00:00,194.55,194.55,189.55,189.55,1150,128375,195.4,189.6,191.0
918,2021-08-05 12:01:00,191.4,193.35,191.4,193.35,375,128375,195.4,193.9,195.0
919,2021-08-05 12:02:00,195.0,198.1,195.0,198.1,175,128375,195.4,197.4,198.0
920,2021-08-05 12:03:00,198.0,198.1,193.65,195.35,475,128725,195.4,194.75,195.75
921,2021-08-05 12:04:00,194.6,196.6,193.1,196.6,325,128725,195.4,195.2,196.2
922,2021-08-05 12:05:00,195.0,195.55,180.0,182.6,2050,128725,195.35,182.05,183.1
923,2021-08-05 12:06:00,183.45,184.8,181.65,183.9,1825,128575,195.3,182.05,182.7
924,2021-08-05 12:07:00,182.0,187.0,182.0,187.0,1900,128575,195.25,186.35,187.5
925,2021-08-05 12:08:00,186.2,189.85,186.2,186.75,550,128575,195.25,186.45,187.6
926,2021-08-05 12:09:00,187.4,189.0,186.0,188.0,425,127450,195.24,186.7,187.75
927,2021-08-05 12:10:00,185.3,190.0,185.0,190.0,400,127450,195.23,191.3,192.0
928,2021-08-05 12:11:00,192.0,195.0,191.9,192.85,925,127450,195.23,192.95,193.8
929,2021-08-05 12:12:00,195.0,197.0,191.75,197.0,675,127525,195.23,196.5,197.45
930,2021-08-05 12:13:00,196.75,203.6,196.75,202.2,2675,127525,195.26,201.95,203.0
931,2021-08-05 12:14:00,205.0,210.55,203.35,207.25,4550,127525,195.37,208.25,208.85
932,2021-08-05 12:15:00,209.0,212.05,204.5,211.65,5450,128825,195.51,211.7,212.4
933,2021-08-05 12:16:00,212.2,217.6,210.65,210.65,4025,128825,195.68,210.9,212.1
934,2021-08-05 12:17:00,210.9,211.75,205.9,207.0,3750,128825,195.78,205.75,206.7
935,2021-08-05 12:18:00,206.7,206.7,201.0,202.7,950,128400,195.79,201.65,202.65
936,2021-08-05 12:19:00,204.6,205.7,200.0,200.0,725,128400,195.8,200.0,200.55
937,2021-08-05 12:20:00,198.5,202.0,197.75,198.75,950,128400,195.81,198.2,198.7
938,2021-08-05 12:21:00,199.25,199.25,192.3,194.75,2475,128325,195.81,194.05,195.2
939,2021-08-05 12:22:00,195.2,206.55,194.4,206.55,1825,128325,195.83,204.7,205.75
940,2021-08-05 12:23:00,202.8,205.15,200.45,202.85,850,128325,195.84,200.55,201.85
941,2021-08-05 12:24:00,201.35,204.75,201.3,203.95,500,128250,195.85,203.7,204.75
942,2021-08-05 12:25:00,203.05,206.35,202.3,202.45,750,128250,195.86,201.5,202.5
943,2021-08-05 12:26:00,201.25,203.3,199.15,202.65,425,128250,195.86,200.95,201.8
944,2021-08-05 12:27:00,200.9,201.5,197.45,197.45,2075,128125,195.88,197.65,198.7
945,2021-08-05 12:28:00,198.75,201.45,198.7,200.0,525,128125,195.88,199.75,200.65
946,2021-08-05 12:29:00,200.2,200.35,198.65,198.65,1925,128125,195.89,198.65,199.05
947,2021-08-05 12:30:00,198.65,206.4,198.65,206.4,800,127375,195.9,205.55,206.75
948,2021-08-05 12:31:00,206.4,207.9,206.1,207.9,350,127375,195.91,206.5,207.85
949,2021-08-05 12:32:00,207.35,209.55,205.35,205.65,1300,127375,195.94,205.45,206.6
950,2021-08-05 12:33:00,205.8,206.1,203.05,203.05,725,127775,195.95,203.0,203.5
951,2021-08-05 12:34:00,203.1,203.1,201.7,201.7,125,127775,195.95,203.75,204.9
952,2021-08-05 12:35:00,203.65,203.85,197.0,199.05,575,127775,195.96,197.2,198.4
953,2021-08-05 12:36:00,197.9,197.9,179.0,183.25,7500,127900,195.77,182.85,183.6
954,2021-08-05 12:37:00,184.45,184.5,171.35,176.6,3600,127900,195.63,176.6,177.6
955,2021-08-05 12:38:00,177.55,189.55,176.7,188.0,3150,127900,195.57,187.65,188.25
956,2021-08-05 12:39:00,185.5,193.2,184.65,193.2,3775,128225,195.53,193.5,194.25
957,2021-08-05 12:40:00,195.85,199.0,192.8,198.15,1725,128225,195.53,197.8,198.15
958,2021-08-05 12:41:00,198.9,211.1,198.9,211.1,2850,128225,195.58,210.2,211.0
959,2021-08-05 12:42:00,211.1,216.55,208.3,209.15,4475,127325,195.73,208.75,209.0
960,2021-08-05 12:43:00,209.0,212.6,203.75,212.6,4200,127325,195.82,212.85,213.75
961,2021-08-05 12:44:00,213.6,217.95,212.0,216.5,5200,127325,196.01,214.6,215.05
962,2021-08-05 12:45:00,216.2,216.95,210.95,213.6,4375,127475,196.15,213.75,214.55
963,2021-08-05 12:46:00,213.7,232.3,213.7,232.3,9425,127475,196.63,230.6,231.0
964,2021-08-05 12:47:00,231.0,233.35,224.65,233.35,5150,127475,196.93,232.6,233.45
965,2021-08-05 12:48:00,233.1,234.7,231.1,232.0,4550,126850,197.22,232.0,232.55
966,2021-08-05 12:49:00,232.0,233.35,225.0,228.65,3675,126850,197.44,229.0,229.75
967,2021-08-05 12:50:00,229.0,244.75,227.05,244.75,4725,126850,197.76,243.3,244.5
968,2021-08-05 12:51:00,243.4,259.35,243.4,258.45,7700,125600,198.47,258.0,259.1
969,2021-08-05 12:52:00,258.0,259.45,244.7,256.0,4600,125600,198.92,255.55,256.6
970,2021-08-05 12:53:00,256.0,256.0,251.6,252.3,4825,125600,199.38,251.25,252.35
971,2021-08-05 12:54:00,251.25,260.0,250.95,257.2,3900,125050,199.77,257.2,258.45
972,2021-08-05 12:55:00,259.05,278.7,259.05,271.45,9950,125050,200.95,272.15,273.35
973,2021-08-05 12:56:00,271.7,288.2,271.7,285.2,11875,125050,202.56,285.05,286.65
974,2021-08-05 12:57:00,286.55,287.8,274.05,276.95,10725,120750,203.92,276.95,277.7
975,2021-08-05 12:58:00,277.8,277.8,259.5,259.5,5050,120750,204.45,256.85,258.15
976,2021-08-05 12:59:00,256.0,256.0,235.3,241.25,5225,120750,204.82,241.45,242.65
977,2021-08-05 13:00:00,242.65,264.4,242.65,259.05,5175,121300,205.26,257.4,258.7
978,2021-08-05 13:01:00,258.75,260.0,240.65,240.75,4100,121300,205.56,240.0,240.65
979,2021-08-05 13:02:00,238.65,238.65,226.65,235.8,2575,121300,205.67,234.85,236.0
980,2021-08-05 13:03:00,236.0,236.5,224.6,233.35,3425,119325,205.79,232.1,233.1
981,2021-08-05 13:04:00,233.1,248.75,233.1,247.45,3025,119325,205.97,246.2,247.3
982,2021-08-05 13:05:00,247.4,247.95,240.05,240.8,1500,119325,206.05,240.75,242.0
983,2021-08-05 13:06:00,244.0,256.35,244.0,255.15,4600,119800,206.38,253.8,255.05
984,2021-08-05 13:07:00,255.0,255.0,239.6,239.6,1075,119800,206.45,237.95,239.2
985,2021-08-05 13:08:00,240.8,247.35,240.8,244.25,600,119800,206.48,244.35,245.2
986,2021-08-05 13:09:00,245.85,251.8,242.0,251.8,950,119550,206.54,251.3,252.3
987,2021-08-05 13:10:00,252.35,254.6,244.9,246.55,2775,119550,206.72,246.1,247.35
988,2021-08-05 13:11:00,248.2,261.05,248.2,258.65,3025,119550,206.95,257.95,259.3
989,2021-08-05 13:12:00,258.45,262.35,249.9,249.9,3650,120125,207.22,247.7,248.7
990,2021-08-05 13:13:00,247.0,250.8,245.1,249.8,2025,120125,207.34,250.6,251.95
991,2021-08-05 13:14:00,250.6,257.55,248.25,257.55,2125,120125,207.49,255.8,257.05
992,2021-08-05 13:15:00,255.3,260.0,253.0,253.0,2975,120200,207.71,251.7,252.95
993,2021-08-05 13:16:00,252.45,256.1,248.0,248.0,1050,120200,207.78,246.55,247.55
994,2021-08-05 13:17:00,248.0,250.4,242.3,243.8,4150,120200,208.01,242.1,243.45
995,2021-08-05 13:18:00,242.1,244.4,239.0,241.8,1650,121650,208.09,242.85,244.1
996,2021-08-05 13:19:00,242.3,250.2,242.3,250.2,2150,121650,208.21,250.4,251.6
997,2021-08-05 13:20:00,252.0,253.95,250.0,250.7,575,121650,208.25,249.8,251.1
998,2021-08-05 13:21:00,250.0,252.8,246.0,246.7,4025,121025,208.49,246.9,247.8
999,2021-08-05 13:22:00,247.05,251.45,245.6,247.0,2150,121025,208.61,247.15,248.2
1000,2021-08-05 13:23:00,247.55,249.95,247.55,249.95,1300,121025,208.68,247.75,248.9
1001,2021-08-05 13:24:00,247.15,248.35,246.3,248.2,575,120250,208.72,248.2,248.55
1002,2021-08-05 13:25:00,247.9,250.4,246.5,247.9,900,120250,208.77,248.6,249.5
1003,2021-08-05 13:26:00,249.0,252.75,247.9,251.15,800,120250,208.82,248.45,249.6
1004,2021-08-05 13:27:00,251.65,251.65,248.3,249.65,975,120825,208.87,248.25,249.4
1005,2021-08-05 13:28:00,248.25,249.1,246.75,247.0,325,120825,208.89,246.35,247.45
1006,2021-08-05 13:29:00,248.0,248.0,245.9,246.6,350,120825,208.91,245.75,246.7
1007,2021-08-05 13:30:00,247.2,248.6,230.0,240.9,3325,120525,209.06,242.1,243.25
1008,2021-08-05 13:31:00,243.25,251.0,243.25,251.0,1825,120525,209.16,251.35,252.6
1009,2021-08-05 13:32:00,252.6,264.5,252.6,262.75,3975,120525,209.45,260.75,261.9
1010,2021-08-05 13:33:00,261.7,265.25,260.65,262.85,2050,120700,209.61,261.75,263.1
1011,2021-08-05 13:34:00,261.7,273.15,261.7,270.8,6775,120700,210.18,272.3,273.6
1012,2021-08-05 13:35:00,272.25,277.0,264.95,265.0,3200,120700,210.46,263.0,263.95
1013,2021-08-05 13:36:00,263.0,268.2,262.45,265.6,2250,122500,210.63,264.0,265.2
1014,2021-08-05 13:37:00,264.25,264.95,251.3,255.45,4525,122500,210.92,256.0,256.7
1015,2021-08-05 13:38:00,257.45,260.15,256.0,256.25,625,122500,210.96,253.85,255.15
1016,2021-08-05 13:39:00,256.5,258.65,254.0,257.45,1950,123100,211.08,257.5,258.85
1017,2021-08-05 13:40:00,258.6,258.6,250.8,252.85,1325,123100,211.16,251.85,252.95
1018,2021-08-05 13:41:00,251.85,255.7,250.05,255.7,5025,123100,211.43,254.5,255.55
1019,2021-08-05 13:42:00,255.65,255.65,251.85,251.85,1150,120775,211.5,251.0,252.25
1020,2021-08-05 13:43:00,250.4,250.4,240.6,242.2,2400,120775,211.6,241.75,242.95
1021,2021-08-05 13:44:00,242.0,246.3,242.0,244.4,1125,120775,211.66,243.25,244.4
1022,2021-08-05 13:45:00,243.15,245.15,243.0,244.8,400,120600,211.67,243.65,244.85
1023,2021-08-05 13:46:00,244.75,246.4,240.5,240.5,625,120600,211.7,240.0,241.25
1024,2021-08-05 13:47:00,241.45,241.45,216.6,216.6,3675,120600,211.79,216.2,217.1
1025,2021-08-05 13:48:00,214.8,214.8,201.05,209.75,6950,120550,211.73,211.25,212.45
1026,2021-08-05 13:49:00,213.35,228.85,209.3,228.85,4200,120550,211.76,229.65,230.75
1027,2021-08-05 13:50:00,229.9,230.0,219.1,230.0,3950,120550,211.82,230.95,232.2
1028,2021-08-05 13:51:00,233.05,234.5,228.55,230.8,2375,120650,211.89,229.85,230.85
1029,2021-08-05 13:52:00,229.85,231.35,227.45,227.45,1975,120650,211.93,226.35,227.05
1030,2021-08-05 13:53:00,226.35,229.9,224.95,226.4,1025,120650,211.95,226.3,227.45
1031,2021-08-05 13:54:00,225.6,229.0,223.9,225.35,1650,120775,211.98,224.95,225.85
1032,2021-08-05 13:55:00,224.7,229.35,219.1,227.45,2250,120775,212.02,227.3,228.0
1033,2021-08-05 13:56:00,226.5,232.25,225.95,232.25,2475,120775,212.07,230.15,231.1
1034,2021-08-05 13:57:00,230.0,230.0,221.1,223.4,3475,121950,212.13,223.1,223.9
1035,2021-08-05 13:58:00,223.6,227.3,223.6,225.0,900,121950,212.15,224.6,225.7
1036,2021-08-05 13:59:00,224.9,226.5,223.4,225.0,900,121950,212.16,223.95,224.45
1037,2021-08-05 14:00:00,224.45,228.5,223.95,224.95,475,120825,212.17,224.75,225.7
1038,2021-08-05 14:01:00,224.65,227.0,223.1,227.0,325,120825,212.17,228.2,229.35
1039,2021-08-05 14:02:00,225.05,239.0,225.05,234.8,2950,120825,212.26,234.1,235.25
1040,2021-08-05 14:03:00,237.15,246.75,236.55,241.5,2800,121575,212.37,241.5,242.2
1041,2021-08-05 14:04:00,241.5,248.4,241.5,247.7,4475,121575,212.57,247.45,248.55
1042,2021-08-05 14:05:00,247.5,259.0,242.65,248.0,4875,121575,212.82,248.6,249.8
1043,2021-08-05 14:06:00,248.55,250.75,246.8,250.7,1400,123475,212.88,251.6,252.0
1044,2021-08-05 14:07:00,252.0,262.35,251.6,261.2,3800,123475,213.11,259.7,260.8
1045,2021-08-05 14:08:00,260.0,260.4,253.9,257.15,3325,123475,213.29,256.4,257.55
1046,2021-08-05 14:09:00,257.45,271.55,257.45,268.25,9425,124500,213.92,267.25,268.6
1047,2021-08-05 14:10:00,267.25,269.9,263.2,267.7,4050,124500,214.18,266.75,267.8
1048,2021-08-05 14:11:00,267.75,274.55,263.95,272.65,5050,124500,214.52,272.0,273.2
1049,2021-08-05 14:12:00,273.3,274.45,265.25,265.8,6375,127225,214.94,265.8,266.8
1050,2021-08-05 14:13:00,266.2,266.2,252.4,254.45,6650,127225,215.31,253.6,254.8
1051,2021-08-05 14:14:00,254.9,265.0,253.25,263.1,3900,127225,215.52,263.25,264.1
1052,2021-08-05 14:15:00,264.8,271.85,260.85,271.85,3025,127900,215.71,271.5,272.65
1053,2021-08-05 14:16:00,270.75,284.65,270.0,279.0,8600,127900,216.35,279.45,280.65
1054,2021-08-05 14:17:00,280.25,285.55,271.55,275.25,6150,127900,216.81,275.2,275.9
1055,2021-08-05 14:18:00,275.65,275.65,255.35,258.4,5750,127150,217.16,258.0,259.35
1056,2021-08-05 14:19:00,259.0,259.0,243.2,245.0,4800,127150,217.33,244.6,245.55
1057,2021-08-05 14:20:00,244.5,244.5,230.65,234.3,5825,127150,217.45,233.05,233.8
1058,2021-08-05 14:21:00,235.6,248.0,235.6,246.75,4050,126250,217.57,245.05,246.05
1059,2021-08-05 14:22:00,246.05,254.2,246.05,252.2,2600,126250,217.67,251.7,252.6
1060,2021-08-05 14:23:00,250.45,252.0,247.0,249.7,1225,126250,217.72,249.55,250.65
1061,2021-08-05 14:24:00,248.65,252.0,248.4,249.85,2275,126425,217.8,248.5,249.5
1062,2021-08-05 14:25:00,248.65,248.75,237.25,239.55,3725,126425,217.91,238.9,240.25
1063,2021-08-05 14:26:00,240.25,242.0,234.4,242.0,3200,126425,217.98,241.8,242.95
1064,2021-08-05 14:27:00,242.15,245.3,241.4,244.25,1350,126800,218.02,242.2,243.2
1065,2021-08-05 14:28:00,242.05,242.05,236.2,236.2,1475,126800,218.06,235.7,236.6
1066,2021-08-05 14:29:00,236.95,238.4,234.25,238.4,1325,126800,218.08,238.7,239.95
1067,2021-08-05 14:30:00,240.3,241.65,235.0,236.2,1450,127475,218.11,234.15,235.0
1068,2021-08-05 14:31:00,234.6,234.6,223.35,228.85,5750,127475,218.18,227.85,228.95
1069,2021-08-05 14:32:00,229.15,237.15,228.0,230.45,4700,127475,218.25,230.95,232.1
1070,2021-08-05 14:33:00,229.95,233.85,226.0,232.0,1200,129050,218.27,231.0,232.15
1071,2021-08-05 14:34:00,231.85,234.5,230.4,234.0,1150,129050,218.29,232.0,232.8
1072,2021-08-05 14:35:00,232.5,235.2,230.25,235.2,1500,129050,218.31,234.35,235.25
1073,2021-08-05 14:36:00,236.0,238.7,234.75,234.75,2000,130125,218.35,234.85,236.05
1074,2021-08-05 14:37:00,233.05,234.1,221.45,224.45,3050,130125,218.38,224.25,225.2
1075,2021-08-05 14:38:00,223.3,234.05,223.3,232.4,3725,130125,218.43,232.9,234.0
1076,2021-08-05 14:39:00,234.0,234.7,228.7,228.7,3075,130550,218.47,229.4,230.45
1077,2021-08-05 14:40:00,229.7,231.2,225.55,228.05,1650,130550,218.49,228.35,229.3
1078,2021-08-05 14:41:00,229.25,231.15,229.0,229.25,575,130550,218.5,229.75,230.7
1079,2021-08-05 14:42:00,229.9,239.25,228.7,236.95,2075,130850,218.53,235.2,236.2
1080,2021-08-05 14:43:00,236.15,243.75,236.15,241.35,3725,130850,218.63,240.35,241.15
1081,2021-08-05 14:44:00,241.15,247.7,239.85,239.85,3875,130850,218.73,238.6,239.95
1082,2021-08-05 14:45:00,240.95,242.0,234.5,235.7,1150,132250,218.76,236.35,237.4
1083,2021-08-05 14:46:00,239.3,239.3,233.25,233.25,1500,132250,218.79,233.0,234.15
1084,2021-08-05 14:47:00,233.85,233.85,228.0,228.55,1300,132250,218.8,228.0,229.0
1085,2021-08-05 14:48:00,229.35,236.0,228.85,235.05,3375,134125,218.85,235.0,235.75
1086,2021-08-05 14:49:00,235.8,235.8,232.05,235.1,900,134125,218.87,235.05,236.0
1087,2021-08-05 14:50:00,235.15,236.0,232.0,232.0,1525,134125,218.89,232.0,232.4
1088,2021-08-05 14:51:00,232.0,232.0,227.1,227.1,1450,134125,218.91,227.05,227.95
1089,2021-08-05 14:52:00,227.05,232.15,224.8,228.5,2875,134150,218.93,228.0,228.8
1090,2021-08-05 14:53:00,227.4,230.35,227.4,229.35,900,134150,218.94,228.95,230.15
1091,2021-08-05 14:54:00,230.8,231.95,228.0,231.95,1625,134150,218.96,230.65,231.9
1092,2021-08-05 14:55:00,231.95,231.95,227.55,229.6,1075,133000,218.97,228.8,229.9
1093,2021-08-05 14:56:00,228.3,233.95,227.4,230.8,2250,133000,219.0,229.95,231.15
1094,2021-08-05 14:57:00,231.35,232.25,228.1,228.1,4475,135475,219.06,227.1,227.9
1095,2021-08-05 14:58:00,227.0,231.25,227.0,229.6,1450,135475,219.07,229.9,231.0
1096,2021-08-05 14:59:00,228.9,230.45,224.55,226.2,2600,135475,219.09,224.85,225.7
1097,2021-08-05 15:00:00,226.1,228.75,222.85,222.85,5650,135475,219.13,222.8,223.65
1098,2021-08-05 15:01:00,223.0,224.7,219.85,222.4,4375,136525,219.14,221.25,222.3
1099,2021-08-05 15:02:00,221.25,222.0,216.3,218.7,4575,136525,219.14,218.25,219.05
1100,2021-08-05 15:03:00,218.75,222.15,217.05,221.0,6225,136525,219.14,220.9,221.85
1101,2021-08-05 15:04:00,221.8,225.0,221.65,224.95,4475,135475,219.16,225.35,226.1
1102,2021-08-05 15:05:00,226.7,226.7,221.4,222.9,2725,135475,219.18,222.65,223.25
1103,2021-08-05 15:06:00,223.25,224.55,218.25,218.85,2025,135475,219.18,219.35,220.35
1104,2021-08-05 15:07:00,219.35,220.5,211.55,211.6,4600,136250,219.16,211.2,212.2
1105,2021-08-05 15:08:00,212.25,213.4,206.35,206.35,7275,136250,219.1,205.4,206.25
1106,2021-08-05 15:09:00,205.35,208.75,203.0,205.55,13950,136250,218.91,205.7,206.45
1107,2021-08-05 15:10:00,206.15,206.45,199.15,200.0,11400,134950,218.73,199.25,200.3
1108,2021-08-05 15:11:00,199.0,199.0,189.05,191.0,9875,134950,218.47,191.55,191.95
1109,2021-08-05 15:12:00,191.45,193.9,190.2,193.9,17875,134950,218.02,193.2,193.9
1110,2021-08-05 15:13:00,193.2,195.6,191.65,195.6,12800,138250,217.72,196.15,196.8
1111,2021-08-05 15:14:00,197.3,198.5,193.55,193.55,9350,138250,217.53,193.3,193.65
1112,2021-08-05 15:15:00,193.3,194.1,188.35,194.1,9450,138250,217.3,193.15,193.55
1113,2021-08-05 15:16:00,194.5,196.8,189.85,191.6,7775,139625,217.13,191.5,192.3
1114,2021-08-05 15:17:00,192.2,193.4,190.6,190.6,5650,139625,217.0,190.6,190.9
1115,2021-08-05 15:18:00,190.9,191.7,188.8,189.35,4250,139625,216.89,189.25,189.7
1116,2021-08-05 15:19:00,189.9,196.4,189.25,196.4,6225,142775,216.76,196.0,196.6
1117,2021-08-05 15:20:00,195.5,195.55,191.1,191.5,6800,142775,216.62,191.4,192.0
1118,2021-08-05 15:21:00,191.2,194.35,190.15,194.35,6100,142775,216.48,193.75,194.6
1119,2021-08-05 15:22:00,193.85,196.15,193.75,195.4,4575,144675,216.39,195.05,195.35
1120,2021-08-05 15:23:00,194.8,196.95,194.7,196.65,4800,144675,216.31,196.7,197.0
1121,2021-08-05 15:24:00,197.15,199.1,192.55,192.9,8475,144675,216.15,192.55,192.75
1122,2021-08-05 15:25:00,193.45,195.45,188.45,188.5,14225,147825,215.86,187.85,188.5
1123,2021-08-05 15:26:00,187.45,187.45,181.5,182.55,11225,147825,215.56,182.15,182.45
1124,2021-08-05 15:27:00,182.45,182.7,180.55,181.25,16325,147825,215.09,180.85,181.45
1125,2021-08-05 15:28:00,181.9,181.9,177.05,178.85,14500,154150,214.66,179.3,179.85
1126,2021-08-05 15:29:00,181.9,181.9,177.05,178.85,14500,154150,214.66,179.3,179.85
1127,2021-08-05 15:30:00,178.85,184.95,173.95,173.95,13875,154150,214.27,173.95,184.0
1128,2021-08-06 09:15:00,193.25,197.55,164.0,197.05,72525,155575,181.55,196.9,197.5
1129,2021-08-06 09:16:00,192.85,240.9,192.85,238.65,124100,155575,204.02,237.9,238.65
1130,2021-08-06 09:17:00,238.25,242.0,219.75,232.5,86150,192375,212.9,232.65,233.25
1131,2021-08-06 09:18:00,234.15,255.0,225.8,246.65,77200,192375,218.76,246.6,247.5
1132,2021-08-06 09:19:00,248.4,259.0,244.6,249.75,78350,192375,224.59,248.75,249.7
1133,2021-08-06 09:20:00,252.1,253.3,231.55,240.85,53100,217775,226.63,240.8,240.85
1134,2021-08-06 09:21:00,241.05,251.2,241.05,247.85,60325,217775,228.83,247.35,247.85
1135,2021-08-06 09:22:00,248.85,253.55,247.45,252.35,46800,217775,230.54,252.15,252.75
1136,2021-08-06 09:23:00,252.3,265.0,249.65,262.6,64600,247675,233.17,262.75,263.2
1137,2021-08-06 09:24:00,263.1,272.1,260.0,271.1,60800,247675,235.8,270.55,271.2
1138,2021-08-06 09:25:00,271.45,275.55,264.05,273.9,65325,247675,238.71,273.55,274.25
1139,2021-08-06 09:26:00,276.15,276.7,266.4,272.9,54150,280100,240.81,272.55,273.4
1140,2021-08-06 09:27:00,273.8,273.8,259.1,262.15,58025,280100,242.35,261.8,262.45
1141,2021-08-06 09:28:00,262.95,264.2,250.25,261.75,48400,280100,243.04,261.0,261.65
1142,2021-08-06 09:29:00,261.85,264.95,254.1,260.5,33575,304750,243.59,259.8,260.5
1143,2021-08-06 09:30:00,261.05,267.85,253.8,253.8,42675,304750,244.34,253.8,254.2
1144,2021-08-06 09:31:00,254.2,263.45,254.05,260.0,21950,304750,244.66,259.75,260.3
1145,2021-08-06 09:32:00,257.15,259.45,252.95,255.75,27725,320275,244.95,255.05,255.65
1146,2021-08-06 09:33:00,255.25,261.0,251.1,256.9,24300,320275,245.2,256.95,257.3
1147,2021-08-06 09:34:00,257.65,257.65,237.25,241.6,69100,320275,245.13,241.05,241.7
1148,2021-08-06 09:35:00,241.9,241.9,218.8,224.45,71525,334875,244.24,224.45,225.05
1149,2021-08-06 09:36:00,224.8,228.0,210.0,227.85,57425,334875,243.04,227.3,227.9
1150,2021-08-06 09:37:00,227.55,245.65,227.35,243.05,49400,334875,242.86,242.55,243.3
1151,2021-08-06 09:38:00,244.15,252.8,240.7,245.0,33700,347800,242.97,245.0,245.55
1152,2021-08-06 09:39:00,243.7,254.1,243.7,246.85,27225,347800,243.08,246.65,247.25
1153,2021-08-06 09:40:00,248.4,254.4,247.1,247.1,20525,347800,243.18,245.95,246.6
1154,2021-08-06 09:41:00,244.3,250.9,239.15,244.05,34750,357075,243.2,243.55,244.1
1155,2021-08-06 09:42:00,244.7,247.35,240.5,243.1,13850,357075,243.2,243.0,243.65
1156,2021-08-06 09:43:00,243.6,243.6,236.3,237.65,23400,357075,243.14,237.5,238.1
1157,2021-08-06 09:44:00,236.75,246.6,236.0,246.6,21450,363900,243.11,246.6,247.0
1158,2021-08-06 09:45:00,244.55,253.3,242.55,252.75,44975,363900,243.32,252.0,252.8
1159,2021-08-06 09:46:00,252.4,254.95,243.2,243.5,36350,363900,243.46,243.85,244.2
1160,2021-08-06 09:47:00,243.95,245.3,228.0,238.45,40825,372300,243.29,238.5,239.15
1161,2021-08-06 09:48:00,238.85,244.8,236.7,240.7,14975,372300,243.27,240.45,240.9
1162,2021-08-06 09:49:00,242.05,242.75,239.0,241.05,12850,372300,243.25,240.55,241.2
1163,2021-08-06 09:50:00,240.35,244.7,239.0,242.75,18300,377200,243.24,242.4,243.0
1164,2021-08-06 09:51:00,243.1,245.7,237.3,238.5,23750,377200,243.22,238.45,238.6
1165,2021-08-06 09:52:00,237.95,241.6,235.4,236.1,13075,377200,243.19,235.5,236.05
1166,2021-08-06 09:53:00,233.5,236.25,225.65,233.5,33525,380900,242.96,232.95,233.45
1167,2021-08-06 09:54:00,233.5,235.25,228.35,230.85,15625,380900,242.86,230.1,230.85
1168,2021-08-06 09:55:00,229.15,229.6,218.65,223.85,35150,380900,242.49,223.2,223.95
1169,2021-08-06 09:56:00,221.15,223.4,215.4,222.05,23375,386925,242.2,222.05,222.75
1170,2021-08-06 09:57:00,222.8,228.2,221.7,224.35,17725,386925,242.03,224.35,225.05
1171,2021-08-06 09:58:00,225.95,226.6,222.05,225.0,12350,386925,241.91,224.9,225.3
1172,2021-08-06 09:59:00,224.35,224.8,218.1,221.5,20725,391550,241.68,220.3,220.9
1173,2021-08-06 10:00:00,220.1,243.8,220.1,236.5,48000,391550,241.48,237.2,237.85
1174,2021-08-06 10:01:00,237.15,243.0,235.0,237.95,38425,391550,241.42,237.4,237.8
1175,2021-08-06 10:02:00,236.0,259.85,220.65,256.9,102775,406950,241.32,256.75,257.45
1176,2021-08-06 10:03:00,254.65,265.8,248.05,257.7,120875,406950,242.28,257.65,258.35
1177,2021-08-06 10:04:00,256.7,265.8,246.25,261.55,71200,406950,242.79,260.45,261.2
1178,2021-08-06 10:05:00,261.25,264.3,248.05,256.85,53400,411175,243.1,256.8,257.6
1179,2021-08-06 10:06:00,254.6,256.9,239.15,245.65,51800,411175,243.2,245.45,246.05
1180,2021-08-06 10:07:00,247.25,256.2,243.9,250.5,39075,411175,243.32,250.6,251.05
1181,2021-08-06 10:08:00,251.7,251.85,245.55,246.55,19925,427350,243.36,246.6,247.15
1182,2021-08-06 10:09:00,246.7,246.7,231.3,236.85,45550,427350,243.3,236.8,237.5
1183,2021-08-06 10:10:00,236.8,246.1,230.15,236.25,34425,427350,243.22,235.7,236.3
1184,2021-08-06 10:11:00,236.8,243.6,233.55,235.7,17575,433275,243.18,235.6,235.95
1185,2021-08-06 10:12:00,237.3,238.3,219.55,223.6,60875,433275,242.84,222.65,223.35
1186,2021-08-06 10:13:00,223.0,225.2,206.4,220.7,61075,433275,242.19,219.75,220.5
1187,2021-08-06 10:14:00,220.2,230.3,218.0,226.8,25725,439500,242.02,226.3,226.85
1188,2021-08-06 10:15:00,228.0,235.8,226.05,230.05,26200,439500,241.92,229.45,230.0
1189,2021-08-06 10:16:00,230.85,240.2,230.8,239.15,27650,439500,241.86,239.1,239.7
1190,2021-08-06 10:17:00,236.6,239.85,232.0,235.25,21425,444725,241.81,235.4,235.7
1191,2021-08-06 10:18:00,235.45,235.45,223.5,228.9,15600,444725,241.74,228.45,229.05
1192,2021-08-06 10:19:00,229.45,236.9,229.45,233.95,15750,444725,241.7,234.5,235.2
1193,2021-08-06 10:20:00,234.2,236.65,229.85,231.3,12800,449850,241.65,230.8,231.35
1194,2021-08-06 10:21:00,229.95,235.55,228.2,233.45,20150,449850,241.58,233.15,233.55
1195,2021-08-06 10:22:00,233.7,233.7,227.0,227.25,10250,449850,241.54,227.15,227.7
1196,2021-08-06 10:23:00,227.45,227.85,214.0,219.9,36700,453450,241.25,219.4,219.9
1197,2021-08-06 10:24:00,221.25,223.25,217.95,222.2,18600,453450,241.12,221.85,222.45
1198,2021-08-06 10:25:00,221.35,228.5,220.05,220.05,24425,453450,240.98,220.05,220.6
1199,2021-08-06 10:26:00,220.7,224.5,215.3,218.2,15450,455750,240.87,218.0,218.35
1200,2021-08-06 10:27:00,218.0,224.65,215.7,224.65,13850,455750,240.77,224.3,224.7
1201,2021-08-06 10:28:00,223.8,223.8,220.0,220.7,13450,455750,240.69,220.25,220.75
1202,2021-08-06 10:29:00,221.1,221.1,212.0,214.7,28400,463700,240.44,215.5,216.0
1203,2021-08-06 10:30:00,216.05,220.3,205.4,209.4,41425,463700,240.03,209.15,209.45
1204,2021-08-06 10:31:00,210.45,210.45,189.15,193.9,93950,463700,238.71,193.7,194.0
1205,2021-08-06 10:32:00,191.2,191.2,168.7,172.9,118825,453875,236.55,172.35,173.0
1206,2021-08-06 10:33:00,175.0,177.95,160.95,167.85,74300,453875,235.04,167.85,168.4
1207,2021-08-06 10:34:00,168.25,179.75,163.45,179.55,61175,453875,233.9,179.05,179.6
1208,2021-08-06 10:35:00,178.45,195.85,176.45,180.35,68050,449325,232.98,179.95,180.35
1209,2021-08-06 10:36:00,179.25,184.55,165.1,172.4,42800,449325,232.26,173.6,174.05
1210,2021-08-06 10:37:00,172.2,177.5,165.25,168.7,43150,449325,231.53,169.05,169.55
1211,2021-08-06 10:38:00,169.6,174.15,167.1,168.25,25550,457100,231.09,168.2,168.65
1212,2021-08-06 10:39:00,167.85,174.35,165.45,170.7,33500,457100,230.51,170.0,170.45
1213,2021-08-06 10:40:00,170.65,181.5,170.65,178.2,34625,457100,230.01,178.2,178.7
1214,2021-08-06 10:41:00,178.35,181.55,176.75,177.3,17000,458725,229.77,176.6,177.2
1215,2021-08-06 10:42:00,176.4,186.25,170.05,182.85,37725,458725,229.24,182.8,183.45
1216,2021-08-06 10:43:00,183.95,197.7,183.95,188.4,50825,458725,228.72,188.15,188.7
1217,2021-08-06 10:44:00,187.25,187.4,171.65,171.8,29700,467425,228.32,171.9,172.4
1218,2021-08-06 10:45:00,173.0,181.3,167.65,169.4,39575,467425,227.74,169.0,169.4
1219,2021-08-06 10:46:00,169.25,175.8,169.0,170.25,22500,467425,227.41,170.1,170.55
1220,2021-08-06 10:47:00,170.7,180.15,166.65,173.5,51475,482725,226.66,173.05,173.4
1221,2021-08-06 10:48:00,171.55,173.8,158.15,159.55,36950,482725,226.08,159.45,159.65
1222,2021-08-06 10:49:00,159.45,168.15,156.9,166.0,30850,482725,225.59,165.8,166.25
1223,2021-08-06 10:50:00,165.8,166.15,152.0,155.5,64800,495100,224.49,155.15,155.7
1224,2021-08-06 10:51:00,156.9,156.9,147.9,152.95,42025,495100,223.74,152.3,152.7
1225,2021-08-06 10:52:00,151.15,151.85,146.7,148.15,36225,495100,223.08,148.2,148.55
1226,2021-08-06 10:53:00,147.85,152.8,143.85,151.0,39350,494100,222.38,150.8,151.05
1227,2021-08-06 10:54:00,150.8,154.85,145.15,145.15,41625,494100,221.65,144.9,145.25
1228,2021-08-06 10:55:00,146.45,158.8,146.45,158.5,33275,494100,221.1,158.65,159.05
1229,2021-08-06 10:56:00,158.55,162.9,154.75,160.85,46175,497225,220.42,160.55,160.85
1230,2021-08-06 10:57:00,161.15,161.4,156.75,159.1,28775,497225,220.01,159.15,159.4
1231,2021-08-06 10:58:00,159.15,159.15,149.85,150.1,23650,497225,219.64,150.2,150.55
1232,2021-08-06 10:59:00,150.55,157.4,149.0,156.55,25700,488875,219.25,156.15,156.55
1233,2021-08-06 11:00:00,155.75,165.8,152.4,165.75,26225,488875,218.9,165.6,166.05
1234,2021-08-06 11:01:00,166.0,180.65,165.7,173.65,57450,488875,218.32,173.8,174.05
1235,2021-08-06 11:02:00,174.6,179.0,171.45,173.6,29275,488400,218.04,173.55,173.95
1236,2021-08-06 11:03:00,174.2,174.65,164.45,167.4,27500,488400,217.74,167.15,167.4
1237,2021-08-06 11:04:00,167.8,169.4,164.9,166.5,12525,488400,217.59,166.3,166.7
1238,2021-08-06 11:05:00,166.55,167.75,159.6,161.35,21000,489450,217.34,161.05,161.5
1239,2021-08-06 11:06:00,161.7,167.35,160.4,165.8,17550,489450,217.13,164.8,165.25
1240,2021-08-06 11:07:00,163.7,165.75,161.0,161.0,11900,489450,216.99,160.8,161.2
1241,2021-08-06 11:08:00,160.6,164.0,158.25,162.15,13950,492625,216.82,162.2,162.55
1242,2021-08-06 11:09:00,161.75,166.9,160.9,160.9,12400,492625,216.67,160.6,161.0
1243,2021-08-06 11:10:00,161.2,171.25,161.2,166.95,21500,492625,216.44,166.65,167.15
1244,2021-08-06 11:11:00,166.6,166.6,161.55,165.85,10900,496950,216.31,165.45,165.9
1245,2021-08-06 11:12:00,166.5,166.6,160.55,161.35,7850,496950,216.22,161.15,161.5
1246,2021-08-06 11:13:00,162.75,164.05,158.8,161.7,13525,496950,216.06,161.25,161.65
1247,2021-08-06 11:14:00,161.95,164.1,159.4,160.3,6300,495625,215.99,159.8,160.15
1248,2021-08-06 11:15:00,159.6,161.45,153.25,160.0,21300,495625,215.72,159.4,159.85
1249,2021-08-06 11:16:00,159.35,163.1,159.35,162.45,12575,495625,215.57,162.25,162.6
1250,2021-08-06 11:17:00,163.8,169.65,161.25,168.9,10675,494700,215.46,169.0,169.45
1251,2021-08-06 11:18:00,168.1,175.2,166.35,172.5,21950,494700,215.24,172.0,172.5
1252,2021-08-06 11:19:00,174.35,184.3,174.35,178.8,49200,494700,214.89,179.6,180.0
1253,2021-08-06 11:20:00,179.5,183.75,174.25,183.35,31325,492400,214.65,182.9,183.35
1254,2021-08-06 11:21:00,183.35,184.85,178.0,178.9,25675,492400,214.47,178.5,179.05
1255,2021-08-06 11:22:00,179.5,181.95,177.45,179.85,21700,492400,214.31,179.55,179.85
1256,2021-08-06 11:23:00,179.85,188.75,178.2,185.0,45600,490125,214.03,185.05,185.5
1257,2021-08-06 11:24:00,184.6,185.05,180.85,181.7,22600,490125,213.88,181.8,182.05
1258,2021-08-06 11:25:00,182.25,182.8,177.35,179.3,16975,490125,213.77,179.4,179.75
1259,2021-08-06 11:26:00,178.5,179.4,170.35,174.0,43075,501275,213.42,173.65,174.0
1260,2021-08-06 11:27:00,174.0,177.4,168.85,177.4,26950,501275,213.19,177.0,177.45
1261,2021-08-06 11:28:00,176.8,177.15,172.95,174.2,11675,501275,213.1,173.85,174.15
1262,2021-08-06 11:29:00,173.65,174.85,171.35,171.35,13025,506575,213.0,171.0,171.35
1263,2021-08-06 11:30:00,170.55,171.45,164.65,169.05,24200,506575,212.78,169.15,169.5
1264,2021-08-06 11:31:00,169.85,169.85,163.4,166.25,17150,506575,212.62,165.75,166.1
1265,2021-08-06 11:32:00,165.4,165.4,158.15,158.15,20900,509350,212.41,158.2,158.65
1266,2021-08-06 11:33:00,158.65,164.55,155.5,161.75,21075,509350,212.19,161.05,161.5
1267,2021-08-06 11:34:00,161.7,163.95,159.65,162.55,10450,509350,212.09,162.25,162.6
1268,2021-08-06 11:35:00,160.35,161.95,154.9,158.2,27950,518600,211.79,158.5,158.85
1269,2021-08-06 11:36:00,159.0,159.2,156.3,157.0,11200,518600,211.68,156.7,157.15
1270,2021-08-06 11:37:00,156.75,157.15,153.15,155.35,20650,518600,211.45,154.95,155.35
1271,2021-08-06 11:38:00,155.3,159.0,155.3,158.3,12275,522525,211.32,158.2,158.5
1272,2021-08-06 11:39:00,158.65,159.0,153.75,154.0,11675,522525,211.2,153.6,154.05
1273,2021-08-06 11:40:00,153.7,159.9,153.5,158.95,11150,522525,211.08,158.7,159.2
1274,2021-08-06 11:41:00,159.15,159.55,156.2,157.45,6700,523000,211.01,157.35,157.8
1275,2021-08-06 11:42:00,157.0,158.45,154.45,157.75,8725,523000,210.92,157.95,158.45
1276,2021-08-06 11:43:00,158.05,158.15,148.7,149.85,40200,523000,210.46,149.9,150.2
1277,2021-08-06 11:44:00,150.5,154.2,145.85,150.8,23525,531275,210.19,150.8,151.2
1278,2021-08-06 11:45:00,151.2,152.9,149.0,152.9,15850,531275,210.01,153.25,153.65
1279,2021-08-06 11:46:00,154.0,159.1,153.2,156.9,20875,531275,209.8,156.5,156.95
1280,2021-08-06 11:47:00,156.75,167.05,156.75,167.05,26675,532500,209.55,166.5,167.1
1281,2021-08-06 11:48:00,165.9,165.9,161.45,164.65,14875,532500,209.42,164.15,164.65
1282,2021-08-06 11:49:00,164.45,166.45,159.75,166.45,22900,532500,209.23,166.45,166.9
1283,2021-08-06 11:50:00,165.7,169.35,162.2,168.25,28475,528825,209.0,168.4,168.85
1284,2021-08-06 11:51:00,167.95,173.1,166.65,170.45,18000,528825,208.87,170.55,170.8
1285,2021-08-06 11:52:00,170.1,172.65,168.6,169.4,17450,528825,208.74,169.0,169.5
1286,2021-08-06 11:53:00,168.4,170.0,165.95,168.7,11325,529500,208.66,168.55,169.05
1287,2021-08-06 11:54:00,169.0,169.85,160.95,163.15,17175,529500,208.52,163.15,163.55
1288,2021-08-06 11:55:00,163.6,163.6,154.65,159.2,21250,529500,208.32,159.0,159.3
1289,2021-08-06 11:56:00,159.75,165.65,159.75,164.6,11075,534250,208.23,163.9,164.25
1290,2021-08-06 11:57:00,164.4,164.4,158.1,160.55,12800,534250,208.12,159.95,160.4
1291,2021-08-06 11:58:00,161.0,165.45,158.55,163.95,9975,534250,208.03,163.4,163.8
1292,2021-08-06 11:59:00,163.6,165.65,161.0,162.7,6575,536600,207.98,162.75,163.15
1293,2021-08-06 12:00:00,162.5,162.75,158.7,160.4,8225,536600,207.91,160.4,160.85
1294,2021-08-06 12:01:00,160.75,164.8,158.0,164.3,9850,536600,207.83,164.25,164.7
1295,2021-08-06 12:02:00,166.5,171.4,164.75,170.6,22150,536600,207.67,170.6,171.05
1296,2021-08-06 12:03:00,171.0,171.6,164.45,166.45,12275,535850,207.58,166.6,166.95
1297,2021-08-06 12:04:00,166.5,166.5,161.0,162.9,11900,535850,207.48,162.1,162.45
1298,2021-08-06 12:05:00,161.95,165.5,157.95,165.5,10200,535850,207.39,165.15,165.35
1299,2021-08-06 12:06:00,165.35,165.35,160.0,160.85,8200,536525,207.33,160.45,160.8
1300,2021-08-06 12:07:00,160.45,162.4,159.0,162.05,10550,536525,207.24,161.4,161.9
1301,2021-08-06 12:08:00,161.4,161.4,158.05,159.95,8650,536525,207.17,159.4,159.85
1302,2021-08-06 12:09:00,160.15,161.3,158.8,159.95,5700,539525,207.12,159.7,160.05
1303,2021-08-06 12:10:00,160.15,160.4,154.65,157.75,10600,539525,207.02,157.55,158.05
1304,2021-08-06 12:11:00,156.25,157.85,151.65,156.15,12450,539525,206.91,156.1,156.5
1305,2021-08-06 12:12:00,156.0,157.45,153.55,157.0,6600,541350,206.85,156.55,156.95
1306,2021-08-06 12:13:00,156.8,165.2,156.8,163.5,21975,541350,206.67,163.05,163.35
1307,2021-08-06 12:14:00,163.4,168.8,163.15,166.4,16150,541350,206.56,166.05,166.45
1308,2021-08-06 12:15:00,167.15,169.0,163.25,163.95,14275,537825,206.46,163.75,164.15
1309,2021-08-06 12:16:00,164.2,165.85,161.8,161.8,6425,537825,206.41,161.45,161.95
1310,2021-08-06 12:17:00,161.2,164.75,161.2,163.1,6150,537825,206.36,163.2,163.5
1311,2021-08-06 12:18:00,163.5,164.65,160.65,161.0,5775,541150,206.32,160.7,161.15
1312,2021-08-06 12:19:00,160.5,163.9,159.35,161.3,12175,541150,206.22,160.95,161.4
1313,2021-08-06 12:20:00,160.4,161.75,157.3,161.4,14800,541150,206.1,161.4,161.7
1314,2021-08-06 12:21:00,161.75,165.6,161.55,161.95,9525,539250,206.03,161.45,161.9
1315,2021-08-06 12:22:00,161.95,164.0,161.25,163.4,4075,539250,206.0,163.25,163.7
1316,2021-08-06 12:23:00,162.8,163.4,161.25,161.65,2000,539250,205.99,161.5,161.8
1317,2021-08-06 12:24:00,161.5,164.85,161.4,163.45,5675,539050,205.95,163.05,163.45
1318,2021-08-06 12:25:00,163.0,169.25,161.0,168.25,9325,539050,205.88,168.05,168.45
1319,2021-08-06 12:26:00,168.1,182.05,166.4,182.05,46150,539050,205.63,181.7,182.2
1320,2021-08-06 12:27:00,177.95,181.85,174.8,177.0,43925,535625,205.43,177.0,177.15
1321,2021-08-06 12:28:00,177.2,177.2,169.1,171.05,20625,535625,205.31,170.8,171.3
1322,2021-08-06 12:29:00,171.55,171.55,156.15,158.95,52125,535625,204.94,158.65,159.15
1323,2021-08-06 12:30:00,157.5,160.55,152.55,157.7,28100,545075,204.71,157.65,158.15
1324,2021-08-06 12:31:00,158.7,161.4,156.95,159.0,19525,545075,204.56,159.15,159.55
1325,2021-08-06 12:32:00,159.7,162.35,159.1,161.3,5550,545075,204.52,161.0,161.3
1326,2021-08-06 12:33:00,161.0,161.45,157.7,160.55,11575,546925,204.43,160.25,160.65
1327,2021-08-06 12:34:00,160.4,161.0,156.75,159.15,6800,546925,204.38,159.45,159.9
1328,2021-08-06 12:35:00,159.35,161.45,157.1,159.35,5350,546925,204.34,159.1,159.4
1329,2021-08-06 12:36:00,159.4,164.3,159.4,163.85,8275,548750,204.28,163.0,163.45
1330,2021-08-06 12:37:00,162.9,174.0,162.55,171.25,28875,548750,204.12,170.0,170.45
1331,2021-08-06 12:38:00,170.2,174.3,168.3,169.0,16800,548750,204.03,169.0,169.45
1332,2021-08-06 12:39:00,170.0,170.0,163.3,165.0,21325,550400,203.89,164.9,165.3
1333,2021-08-06 12:40:00,165.35,167.3,163.15,165.6,7825,550400,203.84,165.15,165.55
1334,2021-08-06 12:41:00,165.5,166.9,164.5,164.95,10875,550400,203.77,165.1,165.5
1335,2021-08-06 12:42:00,163.6,164.85,159.65,162.0,12175,556775,203.69,161.55,161.95
1336,2021-08-06 12:43:00,162.6,164.45,158.35,160.85,17775,556775,203.57,161.0,161.4
1337,2021-08-06 12:44:00,161.5,164.45,160.9,162.65,10325,556775,203.5,162.0,162.3
1338,2021-08-06 12:45:00,162.05,165.75,161.0,165.75,11150,556550,203.43,165.6,165.65
1339,2021-08-06 12:46:00,165.95,166.25,161.25,161.4,11825,556550,203.35,161.25,161.55
1340,2021-08-06 12:47:00,161.0,162.3,158.05,159.35,9025,556550,203.29,159.55,159.95
1341,2021-08-06 12:48:00,160.25,162.15,159.5,160.1,7425,559000,203.24,160.05,160.5
1342,2021-08-06 12:49:00,160.4,160.75,158.4,159.1,5200,559000,203.2,158.7,159.15
1343,2021-08-06 12:50:00,158.55,161.0,156.0,156.75,10500,559000,203.12,156.9,157.15
1344,2021-08-06 12:51:00,157.55,159.35,153.8,155.9,15175,560925,203.01,155.6,155.95
1345,2021-08-06 12:52:00,156.05,157.3,153.75,155.5,9675,560925,202.93,155.05,155.35
1346,2021-08-06 12:53:00,155.0,160.95,155.0,158.7,13450,560925,202.84,158.25,158.7
1347,2021-08-06 12:54:00,159.1,160.5,157.85,157.85,5225,559625,202.8,157.95,158.45
1348,2021-08-06 12:55:00,158.15,160.3,156.75,157.25,10450,559625,202.73,157.25,157.7
1349,2021-08-06 12:56:00,156.9,159.5,156.3,157.7,4900,559625,202.69,157.3,157.7
1350,2021-08-06 12:57:00,157.7,160.3,151.55,153.7,26450,562450,202.49,153.45,153.9
1351,2021-08-06 12:58:00,153.4,157.75,153.4,155.75,11500,562450,202.4,155.8,156.15
1352,2021-08-06 12:59:00,155.6,155.95,128.15,136.1,77700,562450,201.65,135.9,136.4
1353,2021-08-06 13:00:00,134.95,147.05,134.95,147.05,51250,565900,201.18,146.8,147.1
1354,2021-08-06 13:01:00,146.95,150.95,143.9,144.15,18850,565900,201.02,145.2,145.6
1355,2021-08-06 13:02:00,145.85,148.0,142.05,144.95,15100,565900,200.89,144.95,145.45
1356,2021-08-06 13:03:00,145.05,146.6,141.9,142.65,13425,563600,200.77,142.7,143.15
1357,2021-08-06 13:04:00,143.1,144.65,142.0,144.3,8050,563600,200.7,144.0,144.45
1358,2021-08-06 13:05:00,144.0,149.25,143.25,147.1,12925,563600,200.6,147.2,147.5
1359,2021-08-06 13:06:00,147.5,152.5,145.85,145.85,19875,560375,200.44,146.05,146.3
1360,2021-08-06 13:07:00,146.8,149.65,143.7,144.0,12750,560375,200.33,144.0,144.1
1361,2021-08-06 13:08:00,143.95,147.8,143.95,145.6,12075,560375,200.23,145.1,145.5
1362,2021-08-06 13:09:00,145.5,145.5,141.1,142.3,16200,563275,200.09,142.35,142.7
1363,2021-08-06 13:10:00,142.85,147.2,142.75,145.3,13225,563275,199.98,145.65,146.0
1364,2021-08-06 13:11:00,146.0,150.0,145.55,149.5,9200,563275,199.91,149.05,149.55
1365,2021-08-06 13:12:00,148.15,148.75,144.1,148.4,10100,558900,199.83,148.45,148.8
1366,2021-08-06 13:13:00,148.3,149.95,146.8,149.35,13725,558900,199.72,149.15,149.6
1367,2021-08-06 13:14:00,149.4,150.35,146.95,146.95,6675,558900,199.67,147.0,147.15
1368,2021-08-06 13:15:00,147.15,149.65,146.0,147.9,5775,560025,199.62,147.45,147.9
1369,2021-08-06 13:16:00,147.95,147.95,142.35,142.35,10525,560025,199.54,142.25,142.6
1370,2021-08-06 13:17:00,141.35,145.9,139.0,140.0,19750,560025,199.37,140.15,140.65
1371,2021-08-06 13:18:00,141.4,143.0,136.6,141.05,19050,562075,199.2,140.65,140.95
1372,2021-08-06 13:19:00,140.5,143.0,139.6,142.0,14825,562075,199.07,141.8,142.1
1373,2021-08-06 13:20:00,141.25,142.95,138.1,138.1,19825,562075,198.9,138.15,138.55
1374,2021-08-06 13:21:00,139.3,139.55,121.0,128.85,123525,553475,197.65,128.4,128.85
1375,2021-08-06 13:22:00,127.8,130.9,127.55,130.05,27050,553475,197.38,130.25,130.5
1376,2021-08-06 13:23:00,130.3,134.15,129.55,132.65,23025,553475,197.16,132.25,132.65
1377,2021-08-06 13:24:00,132.45,154.2,132.45,151.5,88450,546025,196.53,151.05,151.4
1378,2021-08-06 13:25:00,151.2,165.55,150.35,156.85,74775,546025,196.14,156.4,156.8
1379,2021-08-06 13:26:00,156.85,163.9,155.75,159.8,29650,546025,195.99,159.75,160.05
1380,2021-08-06 13:27:00,160.05,162.85,156.05,157.2,27300,536050,195.85,157.55,157.8
1381,2021-08-06 13:28:00,158.0,159.55,153.3,156.0,22275,536050,195.73,155.7,156.15
1382,2021-08-06 13:29:00,156.1,157.75,153.15,153.55,12100,536050,195.66,153.15,153.45
1383,2021-08-06 13:30:00,153.9,157.75,149.15,150.45,27525,542300,195.5,150.15,150.4
1384,2021-08-06 13:31:00,149.75,152.7,145.45,147.95,25600,542300,195.33,147.45,148.0
1385,2021-08-06 13:32:00,148.0,154.45,146.0,147.75,27500,542300,195.16,147.9,148.2
1386,2021-08-06 13:33:00,147.85,150.7,144.5,146.8,13825,544625,195.07,146.15,146.55
1387,2021-08-06 13:34:00,146.9,150.05,145.4,145.85,7050,544625,195.02,145.6,145.8
1388,2021-08-06 13:35:00,146.1,150.2,143.05,150.2,14825,544625,194.92,149.95,150.35
1389,2021-08-06 13:36:00,150.05,153.4,149.3,151.35,13025,543275,194.84,151.25,151.7
1390,2021-08-06 13:37:00,151.25,152.05,147.55,148.1,6650,543275,194.8,147.5,147.95
1391,2021-08-06 13:38:00,147.85,152.0,147.0,147.0,6575,543275,194.76,146.6,147.0
1392,2021-08-06 13:39:00,147.0,148.55,137.85,140.2,36100,546200,194.5,140.2,140.55
1393,2021-08-06 13:40:00,140.0,145.15,140.0,142.7,10350,546200,194.43,142.35,142.75
1394,2021-08-06 13:41:00,142.65,144.55,140.55,141.55,9625,546200,194.36,141.1,141.4
1395,2021-08-06 13:42:00,141.5,145.3,141.5,142.7,6700,542900,194.31,142.4,142.8
1396,2021-08-06 13:43:00,143.15,150.35,143.15,146.05,20800,542900,194.18,145.95,146.25
1397,2021-08-06 13:44:00,146.35,147.8,144.0,144.15,8175,542900,194.13,144.15,144.55
1398,2021-08-06 13:45:00,143.15,146.8,143.0,144.5,7150,545700,194.08,144.75,145.15
1399,2021-08-06 13:46:00,145.05,145.6,143.6,145.5,8600,545700,194.02,145.25,145.55
1400,2021-08-06 13:47:00,145.25,145.6,143.95,145.0,4725,545700,193.99,144.95,145.3
1401,2021-08-06 13:48:00,145.0,149.6,145.0,147.15,10475,546175,193.92,147.8,148.0
1402,2021-08-06 13:49:00,148.3,150.0,147.5,148.3,8300,546175,193.87,148.0,148.35
1403,2021-08-06 13:50:00,148.25,148.45,142.7,144.2,10375,546175,193.81,143.8,144.15
1404,2021-08-06 13:51:00,143.85,145.2,139.5,139.9,17750,548100,193.68,139.55,139.9
1405,2021-08-06 13:52:00,140.15,143.3,136.35,142.0,23875,548100,193.51,141.55,141.95
1406,2021-08-06 13:53:00,142.35,143.2,136.6,140.0,15275,548100,193.4,140.1,140.45
1407,2021-08-06 13:54:00,138.9,143.45,137.45,140.1,16375,544125,193.28,139.8,140.1
1408,2021-08-06 13:55:00,140.5,144.05,140.05,142.6,6825,544125,193.24,142.4,142.7
1409,2021-08-06 13:56:00,142.75,143.7,141.5,141.8,6725,544125,193.19,141.7,142.05
1410,2021-08-06 13:57:00,141.7,142.0,138.9,140.15,10050,542700,193.12,139.65,139.85
1411,2021-08-06 13:58:00,139.45,143.5,139.45,140.9,7325,542700,193.07,141.2,141.55
1412,2021-08-06 13:59:00,141.9,142.2,133.85,138.0,25975,542700,192.87,137.7,138.0
1413,2021-08-06 14:00:00,138.0,142.9,138.0,142.7,13725,543150,192.78,141.8,142.15
1414,2021-08-06 14:01:00,141.85,141.95,137.75,140.9,20325,543150,192.64,140.9,141.15
1415,2021-08-06 14:02:00,141.0,141.4,135.45,137.0,12150,543150,192.55,137.0,137.25
1416,2021-08-06 14:03:00,138.05,138.2,133.0,133.0,15200,545900,192.44,132.75,133.1
1417,2021-08-06 14:04:00,133.2,134.25,131.25,132.45,21200,545900,192.27,132.5,132.85
1418,2021-08-06 14:05:00,132.6,136.9,132.6,136.05,21300,545900,192.11,136.1,136.45
1419,2021-08-06 14:06:00,136.55,141.1,136.5,141.0,37900,550425,191.85,141.0,141.1
1420,2021-08-06 14:07:00,140.75,148.2,140.75,146.55,35400,550425,191.64,146.55,146.85
1421,2021-08-06 14:08:00,146.9,150.55,139.95,141.0,41350,550425,191.39,140.85,141.25
1422,2021-08-06 14:09:00,142.05,144.0,137.0,137.0,17175,554350,191.28,136.8,137.1
1423,2021-08-06 14:10:00,136.75,143.55,136.15,143.55,20450,554350,191.14,143.35,143.6
1424,2021-08-06 14:11:00,142.75,142.75,136.05,138.65,14675,554350,191.04,138.3,138.55
1425,2021-08-06 14:12:00,138.25,139.2,136.35,138.0,10200,556025,190.97,137.7,138.1
1426,2021-08-06 14:13:00,137.9,138.55,136.3,136.6,6150,556025,190.93,136.5,136.75
1427,2021-08-06 14:14:00,137.4,141.75,137.4,141.75,8600,556025,190.88,141.55,141.85
1428,2021-08-06 14:15:00,141.55,144.3,137.85,138.1,19375,552000,190.75,137.9,138.3
1429,2021-08-06 14:16:00,137.75,141.75,137.45,140.0,8525,552000,190.7,139.95,140.35
1430,2021-08-06 14:17:00,140.0,142.4,139.2,140.3,13400,552000,190.61,140.0,140.5
1431,2021-08-06 14:18:00,140.05,141.85,140.0,140.95,9900,550500,190.55,140.55,140.9
1432,2021-08-06 14:19:00,140.7,141.55,139.0,140.0,7925,550500,190.5,140.0,140.15
1433,2021-08-06 14:20:00,139.8,143.8,137.3,143.25,21500,550500,190.37,142.65,143.0
1434,2021-08-06 14:21:00,143.25,147.45,141.65,141.65,19175,549500,190.26,141.95,142.35
1435,2021-08-06 14:22:00,142.55,143.95,134.95,134.95,19325,549500,190.13,134.7,135.1
1436,2021-08-06 14:23:00,134.3,138.9,131.75,137.6,25975,549500,189.95,137.4,137.7
1437,2021-08-06 14:24:00,137.4,138.45,134.35,136.45,11325,549100,189.88,136.5,136.85
1438,2021-08-06 14:25:00,136.4,139.05,135.6,138.4,5375,549100,189.84,138.2,138.6
1439,2021-08-06 14:26:00,138.2,140.5,137.25,139.55,11575,549100,189.77,139.55,139.9
1440,2021-08-06 14:27:00,139.6,143.0,139.6,140.9,16150,541550,189.67,140.5,140.85
1441,2021-08-06 14:28:00,140.9,142.95,134.9,135.4,20400,541550,189.54,135.15,135.5
1442,2021-08-06 14:29:00,135.75,137.55,133.2,134.8,22825,541550,189.39,134.45,134.7
1443,2021-08-06 14:30:00,134.9,138.8,134.75,136.7,13400,539225,189.3,136.15,136.5
1444,2021-08-06 14:31:00,136.4,137.75,133.25,136.15,12000,539225,189.22,135.7,136.1
1445,2021-08-06 14:32:00,135.45,138.0,134.35,134.4,8750,539225,189.16,134.15,134.4
1446,2021-08-06 14:33:00,134.35,135.5,131.6,131.85,26475,535725,188.98,131.75,132.15
1447,2021-08-06 14:34:00,132.15,137.9,130.1,136.05,47575,535725,188.66,135.55,135.85
1448,2021-08-06 14:35:00,135.95,138.9,134.9,138.75,22200,535725,188.52,138.6,138.95
1449,2021-08-06 14:36:00,138.95,138.95,135.4,135.55,12175,529300,188.44,135.15,135.5
1450,2021-08-06 14:37:00,135.35,136.45,133.15,134.6,9700,529300,188.38,134.35,134.55
1451,2021-08-06 14:38:00,134.05,134.9,132.6,134.0,21100,529300,188.24,133.8,134.05
1452,2021-08-06 14:39:00,133.7,135.5,131.4,133.0,16950,523825,188.13,132.5,132.75
1453,2021-08-06 14:40:00,132.9,134.2,132.0,133.7,13425,523825,188.04,133.6,133.75
1454,2021-08-06 14:41:00,133.65,135.0,132.6,133.45,14000,523825,187.95,133.5,133.8
1455,2021-08-06 14:42:00,133.35,134.6,131.8,131.8,13375,513850,187.86,131.85,132.1
1456,2021-08-06 14:43:00,132.3,132.6,126.15,129.5,39125,513850,187.58,128.95,129.2
1457,2021-08-06 14:44:00,127.7,130.9,123.85,126.95,39550,513850,187.3,126.7,126.95
1458,2021-08-06 14:45:00,126.8,130.75,122.95,128.5,42225,498250,186.99,128.45,128.75
1459,2021-08-06 14:46:00,128.95,129.8,127.5,128.05,13650,498250,186.9,127.6,127.8
1460,2021-08-06 14:47:00,127.5,127.95,123.35,123.35,26425,498250,186.71,123.25,123.6
1461,2021-08-06 14:48:00,123.05,128.45,122.85,128.2,27875,495475,186.51,128.35,128.65
1462,2021-08-06 14:49:00,128.15,128.55,125.6,126.7,9900,495475,186.44,126.3,126.6
1463,2021-08-06 14:50:00,126.2,127.75,123.55,127.4,20600,495475,186.29,127.25,127.5
1464,2021-08-06 14:51:00,127.35,131.1,127.1,129.45,32675,494375,186.08,129.3,129.45
1465,2021-08-06 14:52:00,129.35,130.1,127.25,129.05,15025,494375,185.98,128.65,128.9
1466,2021-08-06 14:53:00,129.0,130.75,125.55,126.45,13400,494375,185.89,126.15,126.45
1467,2021-08-06 14:54:00,126.45,127.4,125.55,126.05,14875,489125,185.78,125.95,126.15
1468,2021-08-06 14:55:00,126.0,126.25,113.1,120.0,85600,489125,185.12,119.95,120.25
1469,2021-08-06 14:56:00,119.7,122.95,119.1,120.15,34025,489125,184.87,120.2,120.45
1470,2021-08-06 14:57:00,120.5,125.5,119.85,123.85,33375,473625,184.64,123.9,124.25
1471,2021-08-06 14:58:00,124.4,127.55,121.95,125.5,26725,473625,184.46,125.45,125.8
1472,2021-08-06 14:59:00,124.45,125.2,120.9,121.75,17275,473625,184.33,121.6,121.85
1473,2021-08-06 15:00:00,122.5,131.2,116.95,123.65,64500,466150,183.9,123.2,123.45
1474,2021-08-06 15:01:00,122.75,126.8,121.7,123.0,32550,466150,183.68,122.8,123.0
1475,2021-08-06 15:02:00,123.45,126.25,122.1,123.7,14725,466150,183.58,123.65,123.9
1476,2021-08-06 15:03:00,124.0,125.8,122.7,123.7,18425,456725,183.45,124.25,124.5
1477,2021-08-06 15:04:00,124.3,125.6,121.85,122.4,23950,456725,183.29,122.2,122.5
1478,2021-08-06 15:05:00,122.9,123.5,119.6,122.4,25150,456725,183.12,122.3,122.55
1479,2021-08-06 15:06:00,122.75,124.75,121.85,122.9,23025,447850,182.97,122.95,123.25
1480,2021-08-06 15:07:00,122.9,123.65,119.65,122.0,19675,447850,182.83,121.75,122.0
1481,2021-08-06 15:08:00,122.25,122.25,119.7,120.35,24575,447850,182.67,120.35,120.6
1482,2021-08-06 15:09:00,120.0,121.85,119.1,120.9,35875,437725,182.42,120.9,121.1
1483,2021-08-06 15:10:00,121.6,129.3,121.6,127.0,87425,437725,181.88,126.95,127.2
1484,2021-08-06 15:11:00,127.35,128.7,122.35,125.15,47425,437725,181.59,125.2,125.45
1485,2021-08-06 15:12:00,125.45,128.0,123.8,126.65,37150,426825,181.37,126.5,126.7
1486,2021-08-06 15:13:00,126.85,129.1,124.1,125.4,47375,426825,181.09,125.05,125.3
1487,2021-08-06 15:14:00,125.45,129.3,125.15,128.2,35900,426825,180.88,128.1,128.4
1488,2021-08-06 15:15:00,127.4,131.6,127.4,131.0,38575,414750,180.67,131.1,131.35
1489,2021-08-06 15:16:00,131.4,134.35,131.4,134.0,31050,414750,180.52,133.9,134.1
1490,2021-08-06 15:17:00,133.45,134.05,129.35,130.0,32950,414750,180.34,130.05,130.3
1491,2021-08-06 15:18:00,130.0,133.65,130.0,132.9,22975,404950,180.23,133.0,133.3
1492,2021-08-06 15:19:00,133.4,143.85,133.4,140.15,45750,404950,180.03,140.0,140.3
1493,2021-08-06 15:20:00,141.8,160.3,141.8,157.75,83425,404950,179.8,157.55,157.95
1494,2021-08-06 15:21:00,158.25,166.9,154.65,159.9,88725,380925,179.63,159.9,160.35
1495,2021-08-06 15:22:00,159.75,161.55,153.1,160.85,62900,380925,179.48,160.9,160.95
1496,2021-08-06 15:23:00,161.75,165.9,157.55,162.6,69325,380925,179.36,162.7,163.0
1497,2021-08-06 15:24:00,161.4,162.65,150.3,155.1,57425,372850,179.22,154.8,155.25
1498,2021-08-06 15:25:00,156.8,162.05,144.0,146.5,84025,372850,179.02,146.55,147.1
1499,2021-08-06 15:26:00,148.7,162.0,148.7,158.45,66650,372850,178.87,158.35,158.7
1500,2021-08-06 15:27:00,158.45,160.8,158.45,158.7,28275,342000,178.81,158.75,159.0
1501,2021-08-06 15:28:00,158.75,162.0,156.75,156.75,33950,342000,178.75,157.0,157.3
1502,2021-08-06 15:29:00,158.75,162.0,156.75,156.75,33950,342000,178.75,157.0,157.3
1503,2021-08-06 15:30:00,157.05,158.35,152.0,152.0,34025,342000,178.68,151.4,157.0
1504,2021-08-07 09:15:00,157.05,158.35,152.0,152.0,34025,342000,178.68,151.4,157.0
1505,2021-08-07 09:16:00,157.05,158.35,152.0,152.0,34025,342000,178.68,151.4,157.0
1506,2021-08-07 09:17:00,157.05,158.35,152.0,152.0,34025,342000,178.68,151.4,157.0
1507,2021-08-07 09:18:00,157.05,158.35,152.0,152.0,34025,342000,178.68,151.4,157.0
1508,2021-08-07 09:19:00,157.05,158.35,152.0,152.0,34025,342000,178.68,151.4,157.0
1509,2021-08-07 09:20:00,157.05,158.35,152.0,152.0,34025,342000,178.68,151.4,157.0
1510,2021-08-07 09:21:00,157.05,158.35,152.0,152.0,34025,342000,178.68,151.4,157.0
1511,2021-08-07 09:22:00,157.05,158.35,152.0,152.0,34025,342000,178.68,151.4,157.0
1512,2021-08-07 09:23:00,157.05,158.35,152.0,152.0,34025,342000,178.68,151.4,157.0
1513,2021-08-07 09:24:00,157.05,158.35,152.0,152.0,34025,342000,178.68,151.4,157.0
1514,2021-08-07 09:25:00,157.05,158.35,152.0,152.0,34025,342000,178.68,151.4,157.0
1515,2021-08-07 09:26:00,157.05,158.35,152.0,152.0,34025,342000,178.68,151.4,157.0
1516,2021-08-07 09:27:00,157.05,158.35,152.0,152.0,34025,342000,178.68,151.4,157.0
1517,2021-08-07 09:28:00,157.05,158.35,152.0,152.0,34025,342000,178.68,151.4,157.0
1518,2021-08-07 09:29:00,157.05,158.35,152.0,152.0,34025,342000,178.68,151.4,157.0
1519,2021-08-07 09:30:00,157.05,158.35,152.0,152.0,34025,342000,178.68,151.4,157.0
1520,2021-08-07 09:31:00,157.05,158.35,152.0,152.0,34025,342000,178.68,151.4,157.0
1521,2021-08-07 09:32:00,157.05,158.35,152.0,152.0,34025,342000,178.68,151.4,157.0
1522,2021-08-07 09:33:00,157.05,158.35,152.0,152.0,34025,342000,178.68,151.4,157.0
1523,2021-08-07 09:34:00,157.05,158.35,152.0,152.0,34025,342000,178.68,151.4,157.0
1524,2021-08-07 09:35:00,157.05,158.35,152.0,152.0,34025,342000,178.68,151.4,157.0
1525,2021-08-07 09:36:00,157.05,158.35,152.0,152.0,34025,342000,178.68,151.4,157.0
1526,2021-08-07 09:37:00,157.05,158.35,152.0,152.0,34025,342000,178.68,151.4,157.0
1527,2021-08-07 09:38:00,157.05,158.35,152.0,152.0,34025,342000,178.68,151.4,157.0
1528,2021-08-07 09:39:00,157.05,158.35,152.0,152.0,34025,342000,178.68,151.4,157.0
1529,2021-08-07 09:40:00,157.05,158.35,152.0,152.0,34025,342000,178.68,151.4,157.0
1530,2021-08-07 09:41:00,157.05,158.35,152.0,152.0,34025,342000,178.68,151.4,157.0
1531,2021-08-07 09:42:00,157.05,158.35,152.0,152.0,34025,342000,178.68,151.4,157.0
1532,2021-08-07 09:43:00,157.05,158.35,152.0,152.0,34025,342000,178.68,151.4,157.0
1533,2021-08-07 09:44:00,157.05,158.35,152.0,152.0,34025,342000,178.68,151.4,157.0
1534,2021-08-07 09:45:00,157.05,158.35,152.0,152.0,34025,342000,178.68,151.4,157.0
1535,2021-08-07 09:46:00,157.05,158.35,152.0,152.0,34025,342000,178.68,151.4,157.0
1536,2021-08-07 09:47:00,157.05,158.35,152.0,152.0,34025,342000,178.68,151.4,157.0
1537,2021-08-07 09:48:00,157.05,158.35,152.0,152.0,34025,342000,178.68,151.4,157.0
1538,2021-08-07 09:49:00,157.05,158.35,152.0,152.0,34025,342000,178.68,151.4,157.0
1539,2021-08-07 09:50:00,157.05,158.35,152.0,152.0,34025,342000,178.68,151.4,157.0
1540,2021-08-07 09:51:00,157.05,158.35,152.0,152.0,34025,342000,178.68,151.4,157.0
1541,2021-08-07 09:52:00,157.05,158.35,152.0,152.0,34025,342000,178.68,151.4,157.0
1542,2021-08-07 09:53:00,157.05,158.35,152.0,152.0,34025,342000,178.68,151.4,157.0
1543,2021-08-07 09:54:00,157.05,158.35,152.0,152.0,34025,342000,178.68,151.4,157.0
1544,2021-08-07 09:55:00,157.05,158.35,152.0,152.0,34025,342000,178.68,151.4,157.0
1545,2021-08-07 09:56:00,157.05,158.35,152.0,152.0,34025,342000,178.68,151.4,157.0
1546,2021-08-07 09:57:00,157.05,158.35,152.0,152.0,34025,342000,178.68,151.4,157.0
1547,2021-08-07 09:58:00,157.05,158.35,152.0,152.0,34025,342000,178.68,151.4,157.0
1548,2021-08-07 09:59:00,157.05,158.35,152.0,152.0,34025,342000,178.68,151.4,157.0
1549,2021-08-07 10:00:00,157.05,158.35,152.0,152.0,34025,342000,178.68,151.4,157.0
1550,2021-08-07 10:01:00,157.05,158.35,152.0,152.0,34025,342000,178.68,151.4,157.0
1551,2021-08-07 10:02:00,157.05,158.35,152.0,152.0,34025,342000,178.68,151.4,157.0
1552,2021-08-07 10:03:00,157.05,158.35,152.0,152.0,34025,342000,178.68,151.4,157.0
1553,2021-08-07 10:04:00,157.05,158.35,152.0,152.0,34025,342000,178.68,151.4,157.0
1554,2021-08-07 10:05:00,157.05,158.35,152.0,152.0,34025,342000,178.68,151.4,157.0
1555,2021-08-07 10:06:00,157.05,158.35,152.0,152.0,34025,342000,178.68,151.4,157.0
1556,2021-08-07 10:07:00,157.05,158.35,152.0,152.0,34025,342000,178.68,151.4,157.0
1557,2021-08-07 10:08:00,157.05,158.35,152.0,152.0,34025,342000,178.68,151.4,157.0
1558,2021-08-07 10:09:00,157.05,158.35,152.0,152.0,34025,342000,178.68,151.4,157.0
1559,2021-08-07 10:10:00,157.05,158.35,152.0,152.0,34025,342000,178.68,151.4,157.0
1560,2021-08-07 10:11:00,157.05,158.35,152.0,152.0,34025,342000,178.68,151.4,157.0
1561,2021-08-07 10:12:00,157.05,158.35,152.0,152.0,34025,342000,178.68,151.4,157.0
1562,2021-08-07 10:13:00,157.05,158.35,152.0,152.0,34025,342000,178.68,151.4,157.0
1563,2021-08-07 10:14:00,157.05,158.35,152.0,152.0,34025,342000,178.68,151.4,157.0
1564,2021-08-07 10:15:00,157.05,158.35,152.0,152.0,34025,342000,178.68,151.4,157.0
1565,2021-08-07 10:16:00,157.05,158.35,152.0,152.0,34025,342000,178.68,151.4,157.0
1566,2021-08-07 10:17:00,157.05,158.35,152.0,152.0,34025,342000,178.68,151.4,157.0
1567,2021-08-07 10:18:00,157.05,158.35,152.0,152.0,34025,342000,178.68,151.4,157.0
1568,2021-08-07 10:19:00,157.05,158.35,152.0,152.0,34025,342000,178.68,151.4,157.0
1569,2021-08-07 10:20:00,157.05,158.35,152.0,152.0,34025,342000,178.68,151.4,157.0
1570,2021-08-07 10:21:00,157.05,158.35,152.0,152.0,34025,342000,178.68,151.4,157.0
1571,2021-08-07 10:22:00,157.05,158.35,152.0,152.0,34025,342000,178.68,151.4,157.0
1572,2021-08-07 10:23:00,157.05,158.35,152.0,152.0,34025,342000,178.68,151.4,157.0
1573,2021-08-07 10:24:00,157.05,158.35,152.0,152.0,34025,342000,178.68,151.4,157.0
1574,2021-08-07 10:25:00,157.05,158.35,152.0,152.0,34025,342000,178.68,151.4,157.0
1575,2021-08-07 10:26:00,157.05,158.35,152.0,152.0,34025,342000,178.68,151.4,157.0
1576,2021-08-07 10:27:00,157.05,158.35,152.0,152.0,34025,342000,178.68,151.4,157.0
1577,2021-08-07 10:28:00,157.05,158.35,152.0,152.0,34025,342000,178.68,151.4,157.0
1578,2021-08-07 10:29:00,157.05,158.35,152.0,152.0,34025,342000,178.68,151.4,157.0
1579,2021-08-07 10:30:00,157.05,158.35,152.0,152.0,34025,342000,178.68,151.4,157.0
1580,2021-08-07 10:31:00,157.05,158.35,152.0,152.0,34025,342000,178.68,151.4,157.0
1581,2021-08-07 10:32:00,157.05,158.35,152.0,152.0,34025,342000,178.68,151.4,157.0
1582,2021-08-07 10:33:00,157.05,158.35,152.0,152.0,34025,342000,178.68,151.4,157.0
1583,2021-08-07 10:34:00,157.05,158.35,152.0,152.0,34025,342000,178.68,151.4,157.0
1584,2021-08-07 10:35:00,157.05,158.35,152.0,152.0,34025,342000,178.68,151.4,157.0
1585,2021-08-07 10:36:00,157.05,158.35,152.0,152.0,34025,342000,178.68,151.4,157.0
1586,2021-08-07 10:37:00,157.05,158.35,152.0,152.0,34025,342000,178.68,151.4,157.0
1587,2021-08-07 10:38:00,157.05,158.35,152.0,152.0,34025,342000,178.68,151.4,157.0
1588,2021-08-07 10:39:00,157.05,158.35,152.0,152.0,34025,342000,178.68,151.4,157.0
1589,2021-08-07 10:40:00,157.05,158.35,152.0,152.0,34025,342000,178.68,151.4,157.0
1590,2021-08-07 10:41:00,157.05,158.35,152.0,152.0,34025,342000,178.68,151.4,157.0
1591,2021-08-07 10:42:00,157.05,158.35,152.0,152.0,34025,342000,178.68,151.4,157.0
1592,2021-08-07 10:43:00,157.05,158.35,152.0,152.0,34025,342000,178.68,151.4,157.0
1593,2021-08-07 10:44:00,157.05,158.35,152.0,152.0,34025,342000,178.68,151.4,157.0
1594,2021-08-07 10:45:00,157.05,158.35,152.0,152.0,34025,342000,178.68,151.4,157.0
1595,2021-08-07 10:46:00,157.05,158.35,152.0,152.0,34025,342000,178.68,151.4,157.0
1596,2021-08-07 10:47:00,157.05,158.35,152.0,152.0,34025,342000,178.68,151.4,157.0
1597,2021-08-07 10:48:00,157.05,158.35,152.0,152.0,34025,342000,178.68,151.4,157.0
1598,2021-08-07 10:49:00,157.05,158.35,152.0,152.0,34025,342000,178.68,151.4,157.0
1599,2021-08-07 10:50:00,157.05,158.35,152.0,152.0,34025,342000,178.68,151.4,157.0
1600,2021-08-07 10:51:00,157.05,158.35,152.0,152.0,34025,342000,178.68,151.4,157.0
1601,2021-08-07 10:52:00,157.05,158.35,152.0,152.0,34025,342000,178.68,151.4,157.0
1602,2021-08-07 10:53:00,157.05,158.35,152.0,152.0,34025,342000,178.68,151.4,157.0
1603,2021-08-07 10:54:00,157.05,158.35,152.0,152.0,34025,342000,178.68,151.4,157.0
1604,2021-08-07 10:55:00,157.05,158.35,152.0,152.0,34025,342000,178.68,151.4,157.0
1605,2021-08-07 10:56:00,157.05,158.35,152.0,152.0,34025,342000,178.68,151.4,157.0
1606,2021-08-07 10:57:00,157.05,158.35,152.0,152.0,34025,342000,178.68,151.4,157.0
1607,2021-08-07 10:58:00,157.05,158.35,152.0,152.0,34025,342000,178.68,151.4,157.0
1608,2021-08-07 10:59:00,157.05,158.35,152.0,152.0,34025,342000,178.68,151.4,157.0
1609,2021-08-07 11:00:00,157.05,158.35,152.0,152.0,34025,342000,178.68,151.4,157.0
1610,2021-08-07 11:01:00,157.05,158.35,152.0,152.0,34025,342000,178.68,151.4,157.0
1611,2021-08-07 11:02:00,157.05,158.35,152.0,152.0,34025,342000,178.68,151.4,157.0
1612,2021-08-07 11:03:00,157.05,158.35,152.0,152.0,34025,342000,178.68,151.4,157.0
1613,2021-08-07 11:04:00,157.05,158.35,152.0,152.0,34025,342000,178.68,151.4,157.0
1614,2021-08-07 11:05:00,157.05,158.35,152.0,152.0,34025,342000,178.68,151.4,157.0
1615,2021-08-07 11:06:00,157.05,158.35,152.0,152.0,34025,342000,178.68,151.4,157.0
1616,2021-08-07 11:07:00,157.05,158.35,152.0,152.0,34025,342000,178.68,151.4,157.0
1617,2021-08-07 11:08:00,157.05,158.35,152.0,152.0,34025,342000,178.68,151.4,157.0
1618,2021-08-07 11:09:00,157.05,158.35,152.0,152.0,34025,342000,178.68,151.4,157.0
1619,2021-08-07 11:10:00,157.05,158.35,152.0,152.0,34025,342000,178.68,151.4,157.0
1620,2021-08-07 11:11:00,157.05,158.35,152.0,152.0,34025,342000,178.68,151.4,157.0
1621,2021-08-07 11:12:00,157.05,158.35,152.0,152.0,34025,342000,178.68,151.4,157.0
1622,2021-08-07 11:13:00,157.05,158.35,152.0,152.0,34025,342000,178.68,151.4,157.0
1623,2021-08-07 11:14:00,157.05,158.35,152.0,152.0,34025,342000,178.68,151.4,157.0
1624,2021-08-07 11:15:00,157.05,158.35,152.0,152.0,34025,342000,178.68,151.4,157.0
1625,2021-08-07 11:16:00,157.05,158.35,152.0,152.0,34025,342000,178.68,151.4,157.0
1626,2021-08-07 11:17:00,157.05,158.35,152.0,152.0,34025,342000,178.68,151.4,157.0
1627,2021-08-07 11:18:00,157.05,158.35,152.0,152.0,34025,342000,178.68,151.4,157.0
1628,2021-08-07 11:19:00,157.05,158.35,152.0,152.0,34025,342000,178.68,151.4,157.0
1629,2021-08-07 11:20:00,157.05,158.35,152.0,152.0,34025,342000,178.68,151.4,157.0
1630,2021-08-07 11:21:00,157.05,158.35,152.0,152.0,34025,342000,178.68,151.4,157.0
1631,2021-08-07 11:22:00,157.05,158.35,152.0,152.0,34025,342000,178.68,151.4,157.0
1632,2021-08-07 11:23:00,157.05,158.35,152.0,152.0,34025,342000,178.68,151.4,157.0
1633,2021-08-07 11:24:00,157.05,158.35,152.0,152.0,34025,342000,178.68,151.4,157.0
1634,2021-08-07 11:25:00,157.05,158.35,152.0,152.0,34025,342000,178.68,151.4,157.0
1635,2021-08-07 11:26:00,157.05,158.35,152.0,152.0,34025,342000,178.68,151.4,157.0
1636,2021-08-07 11:27:00,157.05,158.35,152.0,152.0,34025,342000,178.68,151.4,157.0
1637,2021-08-07 11:28:00,157.05,158.35,152.0,152.0,34025,342000,178.68,151.4,157.0
1638,2021-08-07 11:29:00,157.05,158.35,152.0,152.0,34025,342000,178.68,151.4,157.0
1639,2021-08-07 11:30:00,157.05,158.35,152.0,152.0,34025,342000,178.68,151.4,157.0
1640,2021-08-07 11:31:00,157.05,158.35,152.0,152.0,34025,342000,178.68,151.4,157.0
1641,2021-08-07 11:32:00,157.05,158.35,152.0,152.0,34025,342000,178.68,151.4,157.0
1642,2021-08-07 11:33:00,157.05,158.35,152.0,152.0,34025,342000,178.68,151.4,157.0
1643,2021-08-07 11:34:00,157.05,158.35,152.0,152.0,34025,342000,178.68,151.4,157.0
1644,2021-08-07 11:35:00,157.05,158.35,152.0,152.0,34025,342000,178.68,151.4,157.0
1645,2021-08-07 11:36:00,157.05,158.35,152.0,152.0,34025,342000,178.68,151.4,157.0
1646,2021-08-07 11:37:00,157.05,158.35,152.0,152.0,34025,342000,178.68,151.4,157.0
1647,2021-08-07 11:38:00,157.05,158.35,152.0,152.0,34025,342000,178.68,151.4,157.0
1648,2021-08-07 11:39:00,157.05,158.35,152.0,152.0,34025,342000,178.68,151.4,157.0
1649,2021-08-07 11:40:00,157.05,158.35,152.0,152.0,34025,342000,178.68,151.4,157.0
1650,2021-08-07 11:41:00,157.05,158.35,152.0,152.0,34025,342000,178.68,151.4,157.0
1651,2021-08-07 11:42:00,157.05,158.35,152.0,152.0,34025,342000,178.68,151.4,157.0
1652,2021-08-07 11:43:00,157.05,158.35,152.0,152.0,34025,342000,178.68,151.4,157.0
1653,2021-08-07 11:44:00,157.05,158.35,152.0,152.0,34025,342000,178.68,151.4,157.0
1654,2021-08-07 11:45:00,157.05,158.35,152.0,152.0,34025,342000,178.68,151.4,157.0
1655,2021-08-07 11:46:00,157.05,158.35,152.0,152.0,34025,342000,178.68,151.4,157.0
1656,2021-08-07 11:47:00,157.05,158.35,152.0,152.0,34025,342000,178.68,151.4,157.0
1657,2021-08-07 11:48:00,157.05,158.35,152.0,152.0,34025,342000,178.68,151.4,157.0
1658,2021-08-07 11:49:00,157.05,158.35,152.0,152.0,34025,342000,178.68,151.4,157.0
1659,2021-08-07 11:50:00,157.05,158.35,152.0,152.0,34025,342000,178.68,151.4,157.0
1660,2021-08-07 11:51:00,157.05,158.35,152.0,152.0,34025,342000,178.68,151.4,157.0
1661,2021-08-07 11:52:00,157.05,158.35,152.0,152.0,34025,342000,178.68,151.4,157.0
1662,2021-08-07 11:53:00,157.05,158.35,152.0,152.0,34025,342000,178.68,151.4,157.0
1663,2021-08-07 11:54:00,157.05,158.35,152.0,152.0,34025,342000,178.68,151.4,157.0
1664,2021-08-07 11:55:00,157.05,158.35,152.0,152.0,34025,342000,178.68,151.4,157.0
1665,2021-08-07 11:56:00,157.05,158.35,152.0,152.0,34025,342000,178.68,151.4,157.0
1666,2021-08-07 11:57:00,157.05,158.35,152.0,152.0,34025,342000,178.68,151.4,157.0
1667,2021-08-07 11:58:00,157.05,158.35,152.0,152.0,34025,342000,178.68,151.4,157.0
1668,2021-08-07 11:59:00,157.05,158.35,152.0,152.0,34025,342000,178.68,151.4,157.0
1669,2021-08-07 12:00:00,157.05,158.35,152.0,152.0,34025,342000,178.68,151.4,157.0
1670,2021-08-07 12:01:00,157.05,158.35,152.0,152.0,34025,342000,178.68,151.4,157.0
1671,2021-08-07 12:02:00,157.05,158.35,152.0,152.0,34025,342000,178.68,151.4,157.0
1672,2021-08-07 12:03:00,157.05,158.35,152.0,152.0,34025,342000,178.68,151.4,157.0
1673,2021-08-07 12:04:00,157.05,158.35,152.0,152.0,34025,342000,178.68,151.4,157.0
1674,2021-08-07 12:05:00,157.05,158.35,152.0,152.0,34025,342000,178.68,151.4,157.0
1675,2021-08-07 12:06:00,157.05,158.35,152.0,152.0,34025,342000,178.68,151.4,157.0
1676,2021-08-07 12:07:00,157.05,158.35,152.0,152.0,34025,342000,178.68,151.4,157.0
1677,2021-08-07 12:08:00,157.05,158.35,152.0,152.0,34025,342000,178.68,151.4,157.0
1678,2021-08-07 12:09:00,157.05,158.35,152.0,152.0,34025,342000,178.68,151.4,157.0
1679,2021-08-07 12:10:00,157.05,158.35,152.0,152.0,34025,342000,178.68,151.4,157.0
1680,2021-08-07 12:11:00,157.05,158.35,152.0,152.0,34025,342000,178.68,151.4,157.0
1681,2021-08-07 12:12:00,157.05,158.35,152.0,152.0,34025,342000,178.68,151.4,157.0
1682,2021-08-07 12:13:00,157.05,158.35,152.0,152.0,34025,342000,178.68,151.4,157.0
1683,2021-08-07 12:14:00,157.05,158.35,152.0,152.0,34025,342000,178.68,151.4,157.0
1684,2021-08-07 12:15:00,157.05,158.35,152.0,152.0,34025,342000,178.68,151.4,157.0
1685,2021-08-07 12:16:00,157.05,158.35,152.0,152.0,34025,342000,178.68,151.4,157.0
1686,2021-08-07 12:17:00,157.05,158.35,152.0,152.0,34025,342000,178.68,151.4,157.0
1687,2021-08-07 12:18:00,157.05,158.35,152.0,152.0,34025,342000,178.68,151.4,157.0
1688,2021-08-07 12:19:00,157.05,158.35,152.0,152.0,34025,342000,178.68,151.4,157.0
1689,2021-08-07 12:20:00,157.05,158.35,152.0,152.0,34025,342000,178.68,151.4,157.0
1690,2021-08-07 12:21:00,157.05,158.35,152.0,152.0,34025,342000,178.68,151.4,157.0
1691,2021-08-07 12:22:00,157.05,158.35,152.0,152.0,34025,342000,178.68,151.4,157.0
1692,2021-08-07 12:23:00,157.05,158.35,152.0,152.0,34025,342000,178.68,151.4,157.0
1693,2021-08-07 12:24:00,157.05,158.35,152.0,152.0,34025,342000,178.68,151.4,157.0
1694,2021-08-07 12:25:00,157.05,158.35,152.0,152.0,34025,342000,178.68,151.4,157.0
1695,2021-08-07 12:26:00,157.05,158.35,152.0,152.0,34025,342000,178.68,151.4,157.0
1696,2021-08-07 12:27:00,157.05,158.35,152.0,152.0,34025,342000,178.68,151.4,157.0
1697,2021-08-07 12:28:00,157.05,158.35,152.0,152.0,34025,342000,178.68,151.4,157.0
1698,2021-08-07 12:29:00,157.05,158.35,152.0,152.0,34025,342000,178.68,151.4,157.0
1699,2021-08-07 12:30:00,157.05,158.35,152.0,152.0,34025,342000,178.68,151.4,157.0
1700,2021-08-07 12:31:00,157.05,158.35,152.0,152.0,34025,342000,178.68,151.4,157.0
1701,2021-08-07 12:32:00,157.05,158.35,152.0,152.0,34025,342000,178.68,151.4,157.0
1702,2021-08-07 12:33:00,157.05,158.35,152.0,152.0,34025,342000,178.68,151.4,157.0
1703,2021-08-07 12:34:00,157.05,158.35,152.0,152.0,34025,342000,178.68,151.4,157.0
1704,2021-08-07 12:35:00,157.05,158.35,152.0,152.0,34025,342000,178.68,151.4,157.0
1705,2021-08-07 12:36:00,157.05,158.35,152.0,152.0,34025,342000,178.68,151.4,157.0
1706,2021-08-07 12:37:00,157.05,158.35,152.0,152.0,34025,342000,178.68,151.4,157.0
1707,2021-08-07 12:38:00,157.05,158.35,152.0,152.0,34025,342000,178.68,151.4,157.0
1708,2021-08-07 12:39:00,157.05,158.35,152.0,152.0,34025,342000,178.68,151.4,157.0
1709,2021-08-07 12:40:00,157.05,158.35,152.0,152.0,34025,342000,178.68,151.4,157.0
1710,2021-08-07 12:41:00,157.05,158.35,152.0,152.0,34025,342000,178.68,151.4,157.0
1711,2021-08-07 12:42:00,157.05,158.35,152.0,152.0,34025,342000,178.68,151.4,157.0
1712,2021-08-07 12:43:00,157.05,158.35,152.0,152.0,34025,342000,178.68,151.4,157.0
1713,2021-08-07 12:44:00,157.05,158.35,152.0,152.0,34025,342000,178.68,151.4,157.0
1714,2021-08-07 12:45:00,157.05,158.35,152.0,152.0,34025,342000,178.68,151.4,157.0
1715,2021-08-07 12:46:00,157.05,158.35,152.0,152.0,34025,342000,178.68,151.4,157.0
1716,2021-08-07 12:47:00,157.05,158.35,152.0,152.0,34025,342000,178.68,151.4,157.0
1717,2021-08-07 12:48:00,157.05,158.35,152.0,152.0,34025,342000,178.68,151.4,157.0
1718,2021-08-07 12:49:00,157.05,158.35,152.0,152.0,34025,342000,178.68,151.4,157.0
1719,2021-08-07 12:50:00,157.05,158.35,152.0,152.0,34025,342000,178.68,151.4,157.0
1720,2021-08-07 12:51:00,157.05,158.35,152.0,152.0,34025,342000,178.68,151.4,157.0
1721,2021-08-07 12:52:00,157.05,158.35,152.0,152.0,34025,342000,178.68,151.4,157.0
1722,2021-08-07 12:53:00,157.05,158.35,152.0,152.0,34025,342000,178.68,151.4,157.0
1723,2021-08-07 12:54:00,157.05,158.35,152.0,152.0,34025,342000,178.68,151.4,157.0
1724,2021-08-07 12:55:00,157.05,158.35,152.0,152.0,34025,342000,178.68,151.4,157.0
1725,2021-08-07 12:56:00,157.05,158.35,152.0,152.0,34025,342000,178.68,151.4,157.0
1726,2021-08-07 12:57:00,157.05,158.35,152.0,152.0,34025,342000,178.68,151.4,157.0
1727,2021-08-07 12:58:00,157.05,158.35,152.0,152.0,34025,342000,178.68,151.4,157.0
1728,2021-08-07 12:59:00,157.05,158.35,152.0,152.0,34025,342000,178.68,151.4,157.0
1729,2021-08-07 13:00:00,157.05,158.35,152.0,152.0,34025,342000,178.68,151.4,157.0
1730,2021-08-07 13:01:00,157.05,158.35,152.0,152.0,34025,342000,178.68,151.4,157.0
1731,2021-08-07 13:02:00,157.05,158.35,152.0,152.0,34025,342000,178.68,151.4,157.0
1732,2021-08-07 13:03:00,157.05,158.35,152.0,152.0,34025,342000,178.68,151.4,157.0
1733,2021-08-07 13:04:00,157.05,158.35,152.0,152.0,34025,342000,178.68,151.4,157.0
1734,2021-08-07 13:05:00,157.05,158.35,152.0,152.0,34025,342000,178.68,151.4,157.0
1735,2021-08-07 13:06:00,157.05,158.35,152.0,152.0,34025,342000,178.68,151.4,157.0
1736,2021-08-07 13:07:00,157.05,158.35,152.0,152.0,34025,342000,178.68,151.4,157.0
1737,2021-08-07 13:08:00,157.05,158.35,152.0,152.0,34025,342000,178.68,151.4,157.0
1738,2021-08-07 13:09:00,157.05,158.35,152.0,152.0,34025,342000,178.68,151.4,157.0
1739,2021-08-07 13:10:00,157.05,158.35,152.0,152.0,34025,342000,178.68,151.4,157.0
1740,2021-08-07 13:11:00,157.05,158.35,152.0,152.0,34025,342000,178.68,151.4,157.0
1741,2021-08-07 13:12:00,157.05,158.35,152.0,152.0,34025,342000,178.68,151.4,157.0
1742,2021-08-07 13:13:00,157.05,158.35,152.0,152.0,34025,342000,178.68,151.4,157.0
1743,2021-08-07 13:14:00,157.05,158.35,152.0,152.0,34025,342000,178.68,151.4,157.0
1744,2021-08-07 13:15:00,157.05,158.35,152.0,152.0,34025,342000,178.68,151.4,157.0
1745,2021-08-07 13:16:00,157.05,158.35,152.0,152.0,34025,342000,178.68,151.4,157.0
1746,2021-08-07 13:17:00,157.05,158.35,152.0,152.0,34025,342000,178.68,151.4,157.0
1747,2021-08-07 13:18:00,157.05,158.35,152.0,152.0,34025,342000,178.68,151.4,157.0
1748,2021-08-07 13:19:00,157.05,158.35,152.0,152.0,34025,342000,178.68,151.4,157.0
1749,2021-08-07 13:20:00,157.05,158.35,152.0,152.0,34025,342000,178.68,151.4,157.0
1750,2021-08-07 13:21:00,157.05,158.35,152.0,152.0,34025,342000,178.68,151.4,157.0
1751,2021-08-07 13:22:00,157.05,158.35,152.0,152.0,34025,342000,178.68,151.4,157.0
1752,2021-08-07 13:23:00,157.05,158.35,152.0,152.0,34025,342000,178.68,151.4,157.0
1753,2021-08-07 13:24:00,157.05,158.35,152.0,152.0,34025,342000,178.68,151.4,157.0
1754,2021-08-07 13:25:00,157.05,158.35,152.0,152.0,34025,342000,178.68,151.4,157.0
1755,2021-08-07 13:26:00,157.05,158.35,152.0,152.0,34025,342000,178.68,151.4,157.0
1756,2021-08-07 13:27:00,157.05,158.35,152.0,152.0,34025,342000,178.68,151.4,157.0
1757,2021-08-07 13:28:00,157.05,158.35,152.0,152.0,34025,342000,178.68,151.4,157.0
1758,2021-08-07 13:29:00,157.05,158.35,152.0,152.0,34025,342000,178.68,151.4,157.0
1759,2021-08-07 13:30:00,157.05,158.35,152.0,152.0,34025,342000,178.68,151.4,157.0
1760,2021-08-07 13:31:00,157.05,158.35,152.0,152.0,34025,342000,178.68,151.4,157.0
1761,2021-08-07 13:32:00,157.05,158.35,152.0,152.0,34025,342000,178.68,151.4,157.0
1762,2021-08-07 13:33:00,157.05,158.35,152.0,152.0,34025,342000,178.68,151.4,157.0
1763,2021-08-07 13:34:00,157.05,158.35,152.0,152.0,34025,342000,178.68,151.4,157.0
1764,2021-08-07 13:35:00,157.05,158.35,152.0,152.0,34025,342000,178.68,151.4,157.0
1765,2021-08-07 13:36:00,157.05,158.35,152.0,152.0,34025,342000,178.68,151.4,157.0
1766,2021-08-07 13:37:00,157.05,158.35,152.0,152.0,34025,342000,178.68,151.4,157.0
1767,2021-08-07 13:38:00,157.05,158.35,152.0,152.0,34025,342000,178.68,151.4,157.0
1768,2021-08-07 13:39:00,157.05,158.35,152.0,152.0,34025,342000,178.68,151.4,157.0
1769,2021-08-07 13:40:00,157.05,158.35,152.0,152.0,34025,342000,178.68,151.4,157.0
1770,2021-08-07 13:41:00,157.05,158.35,152.0,152.0,34025,342000,178.68,151.4,157.0
1771,2021-08-07 13:42:00,157.05,158.35,152.0,152.0,34025,342000,178.68,151.4,157.0
1772,2021-08-07 13:43:00,157.05,158.35,152.0,152.0,34025,342000,178.68,151.4,157.0
1773,2021-08-07 13:44:00,157.05,158.35,152.0,152.0,34025,342000,178.68,151.4,157.0
1774,2021-08-07 13:45:00,157.05,158.35,152.0,152.0,34025,342000,178.68,151.4,157.0
1775,2021-08-07 13:46:00,157.05,158.35,152.0,152.0,34025,342000,178.68,151.4,157.0
1776,2021-08-07 13:47:00,157.05,158.35,152.0,152.0,34025,342000,178.68,151.4,157.0
1777,2021-08-07 13:48:00,157.05,158.35,152.0,152.0,34025,342000,178.68,151.4,157.0
1778,2021-08-07 13:49:00,157.05,158.35,152.0,152.0,34025,342000,178.68,151.4,157.0
1779,2021-08-07 13:50:00,157.05,158.35,152.0,152.0,34025,342000,178.68,151.4,157.0
1780,2021-08-07 13:51:00,157.05,158.35,152.0,152.0,34025,342000,178.68,151.4,157.0
1781,2021-08-07 13:52:00,157.05,158.35,152.0,152.0,34025,342000,178.68,151.4,157.0
1782,2021-08-07 13:53:00,157.05,158.35,152.0,152.0,34025,342000,178.68,151.4,157.0
1783,2021-08-07 13:54:00,157.05,158.35,152.0,152.0,34025,342000,178.68,151.4,157.0
1784,2021-08-07 13:55:00,157.05,158.35,152.0,152.0,34025,342000,178.68,151.4,157.0
1785,2021-08-07 13:56:00,157.05,158.35,152.0,152.0,34025,342000,178.68,151.4,157.0
1786,2021-08-07 13:57:00,157.05,158.35,152.0,152.0,34025,342000,178.68,151.4,157.0
1787,2021-08-07 13:58:00,157.05,158.35,152.0,152.0,34025,342000,178.68,151.4,157.0
1788,2021-08-07 13:59:00,157.05,158.35,152.0,152.0,34025,342000,178.68,151.4,157.0
1789,2021-08-07 14:00:00,157.05,158.35,152.0,152.0,34025,342000,178.68,151.4,157.0
1790,2021-08-07 14:01:00,157.05,158.35,152.0,152.0,34025,342000,178.68,151.4,157.0
1791,2021-08-07 14:02:00,157.05,158.35,152.0,152.0,34025,342000,178.68,151.4,157.0
1792,2021-08-07 14:03:00,157.05,158.35,152.0,152.0,34025,342000,178.68,151.4,157.0
1793,2021-08-07 14:04:00,157.05,158.35,152.0,152.0,34025,342000,178.68,151.4,157.0
1794,2021-08-07 14:05:00,157.05,158.35,152.0,152.0,34025,342000,178.68,151.4,157.0
1795,2021-08-07 14:06:00,157.05,158.35,152.0,152.0,34025,342000,178.68,151.4,157.0
1796,2021-08-07 14:07:00,157.05,158.35,152.0,152.0,34025,342000,178.68,151.4,157.0
1797,2021-08-07 14:08:00,157.05,158.35,152.0,152.0,34025,342000,178.68,151.4,157.0
1798,2021-08-07 14:09:00,157.05,158.35,152.0,152.0,34025,342000,178.68,151.4,157.0
1799,2021-08-07 14:10:00,157.05,158.35,152.0,152.0,34025,342000,178.68,151.4,157.0
1800,2021-08-07 14:11:00,157.05,158.35,152.0,152.0,34025,342000,178.68,151.4,157.0
1801,2021-08-07 14:12:00,157.05,158.35,152.0,152.0,34025,342000,178.68,151.4,157.0
1802,2021-08-07 14:13:00,157.05,158.35,152.0,152.0,34025,342000,178.68,151.4,157.0
1803,2021-08-07 14:14:00,157.05,158.35,152.0,152.0,34025,342000,178.68,151.4,157.0
1804,2021-08-07 14:15:00,157.05,158.35,152.0,152.0,34025,342000,178.68,151.4,157.0
1805,2021-08-07 14:16:00,157.05,158.35,152.0,152.0,34025,342000,178.68,151.4,157.0
1806,2021-08-07 14:17:00,157.05,158.35,152.0,152.0,34025,342000,178.68,151.4,157.0
1807,2021-08-07 14:18:00,157.05,158.35,152.0,152.0,34025,342000,178.68,151.4,157.0
1808,2021-08-07 14:19:00,157.05,158.35,152.0,152.0,34025,342000,178.68,151.4,157.0
1809,2021-08-07 14:20:00,157.05,158.35,152.0,152.0,34025,342000,178.68,151.4,157.0
1810,2021-08-07 14:21:00,157.05,158.35,152.0,152.0,34025,342000,178.68,151.4,157.0
1811,2021-08-07 14:22:00,157.05,158.35,152.0,152.0,34025,342000,178.68,151.4,157.0
1812,2021-08-07 14:23:00,157.05,158.35,152.0,152.0,34025,342000,178.68,151.4,157.0
1813,2021-08-07 14:24:00,157.05,158.35,152.0,152.0,34025,342000,178.68,151.4,157.0
1814,2021-08-07 14:25:00,157.05,158.35,152.0,152.0,34025,342000,178.68,151.4,157.0
1815,2021-08-07 14:26:00,157.05,158.35,152.0,152.0,34025,342000,178.68,151.4,157.0
1816,2021-08-07 14:27:00,157.05,158.35,152.0,152.0,34025,342000,178.68,151.4,157.0
1817,2021-08-07 14:28:00,157.05,158.35,152.0,152.0,34025,342000,178.68,151.4,157.0
1818,2021-08-07 14:29:00,157.05,158.35,152.0,152.0,34025,342000,178.68,151.4,157.0
1819,2021-08-07 14:30:00,157.05,158.35,152.0,152.0,34025,342000,178.68,151.4,157.0
1820,2021-08-07 14:31:00,157.05,158.35,152.0,152.0,34025,342000,178.68,151.4,157.0
1821,2021-08-07 14:32:00,157.05,158.35,152.0,152.0,34025,342000,178.68,151.4,157.0
1822,2021-08-07 14:33:00,157.05,158.35,152.0,152.0,34025,342000,178.68,151.4,157.0
1823,2021-08-07 14:34:00,157.05,158.35,152.0,152.0,34025,342000,178.68,151.4,157.0
1824,2021-08-07 14:35:00,157.05,158.35,152.0,152.0,34025,342000,178.68,151.4,157.0
1825,2021-08-07 14:36:00,157.05,158.35,152.0,152.0,34025,342000,178.68,151.4,157.0
1826,2021-08-07 14:37:00,157.05,158.35,152.0,152.0,34025,342000,178.68,151.4,157.0
1827,2021-08-07 14:38:00,157.05,158.35,152.0,152.0,34025,342000,178.68,151.4,157.0
1828,2021-08-07 14:39:00,157.05,158.35,152.0,152.0,34025,342000,178.68,151.4,157.0
1829,2021-08-07 14:40:00,157.05,158.35,152.0,152.0,34025,342000,178.68,151.4,157.0
1830,2021-08-07 14:41:00,157.05,158.35,152.0,152.0,34025,342000,178.68,151.4,157.0
1831,2021-08-07 14:42:00,157.05,158.35,152.0,152.0,34025,342000,178.68,151.4,157.0
1832,2021-08-07 14:43:00,157.05,158.35,152.0,152.0,34025,342000,178.68,151.4,157.0
1833,2021-08-07 14:44:00,157.05,158.35,152.0,152.0,34025,342000,178.68,151.4,157.0
1834,2021-08-07 14:45:00,157.05,158.35,152.0,152.0,34025,342000,178.68,151.4,157.0
1835,2021-08-07 14:46:00,157.05,158.35,152.0,152.0,34025,342000,178.68,151.4,157.0
1836,2021-08-07 14:47:00,157.05,158.35,152.0,152.0,34025,342000,178.68,151.4,157.0
1837,2021-08-07 14:48:00,157.05,158.35,152.0,152.0,34025,342000,178.68,151.4,157.0
1838,2021-08-07 14:49:00,157.05,158.35,152.0,152.0,34025,342000,178.68,151.4,157.0
1839,2021-08-07 14:50:00,157.05,158.35,152.0,152.0,34025,342000,178.68,151.4,157.0
1840,2021-08-07 14:51:00,157.05,158.35,152.0,152.0,34025,342000,178.68,151.4,157.0
1841,2021-08-07 14:52:00,157.05,158.35,152.0,152.0,34025,342000,178.68,151.4,157.0
1842,2021-08-07 14:53:00,157.05,158.35,152.0,152.0,34025,342000,178.68,151.4,157.0
1843,2021-08-07 14:54:00,157.05,158.35,152.0,152.0,34025,342000,178.68,151.4,157.0
1844,2021-08-07 14:55:00,157.05,158.35,152.0,152.0,34025,342000,178.68,151.4,157.0
1845,2021-08-07 14:56:00,157.05,158.35,152.0,152.0,34025,342000,178.68,151.4,157.0
1846,2021-08-07 14:57:00,157.05,158.35,152.0,152.0,34025,342000,178.68,151.4,157.0
1847,2021-08-07 14:58:00,157.05,158.35,152.0,152.0,34025,342000,178.68,151.4,157.0
1848,2021-08-07 14:59:00,157.05,158.35,152.0,152.0,34025,342000,178.68,151.4,157.0
1849,2021-08-07 15:00:00,157.05,158.35,152.0,152.0,34025,342000,178.68,151.4,157.0
1850,2021-08-07 15:01:00,157.05,158.35,152.0,152.0,34025,342000,178.68,151.4,157.0
1851,2021-08-07 15:02:00,157.05,158.35,152.0,152.0,34025,342000,178.68,151.4,157.0
1852,2021-08-07 15:03:00,157.05,158.35,152.0,152.0,34025,342000,178.68,151.4,157.0
1853,2021-08-07 15:04:00,157.05,158.35,152.0,152.0,34025,342000,178.68,151.4,157.0
1854,2021-08-07 15:05:00,157.05,158.35,152.0,152.0,34025,342000,178.68,151.4,157.0
1855,2021-08-07 15:06:00,157.05,158.35,152.0,152.0,34025,342000,178.68,151.4,157.0
1856,2021-08-07 15:07:00,157.05,158.35,152.0,152.0,34025,342000,178.68,151.4,157.0
1857,2021-08-07 15:08:00,157.05,158.35,152.0,152.0,34025,342000,178.68,151.4,157.0
1858,2021-08-07 15:09:00,157.05,158.35,152.0,152.0,34025,342000,178.68,151.4,157.0
1859,2021-08-07 15:10:00,157.05,158.35,152.0,152.0,34025,342000,178.68,151.4,157.0
1860,2021-08-07 15:11:00,157.05,158.35,152.0,152.0,34025,342000,178.68,151.4,157.0
1861,2021-08-07 15:12:00,157.05,158.35,152.0,152.0,34025,342000,178.68,151.4,157.0
1862,2021-08-07 15:13:00,157.05,158.35,152.0,152.0,34025,342000,178.68,151.4,157.0
1863,2021-08-07 15:14:00,157.05,158.35,152.0,152.0,34025,342000,178.68,151.4,157.0
1864,2021-08-07 15:15:00,157.05,158.35,152.0,152.0,34025,342000,178.68,151.4,157.0
1865,2021-08-07 15:16:00,157.05,158.35,152.0,152.0,34025,342000,178.68,151.4,157.0
1866,2021-08-07 15:17:00,157.05,158.35,152.0,152.0,34025,342000,178.68,151.4,157.0
1867,2021-08-07 15:18:00,157.05,158.35,152.0,152.0,34025,342000,178.68,151.4,157.0
1868,2021-08-07 15:19:00,157.05,158.35,152.0,152.0,34025,342000,178.68,151.4,157.0
1869,2021-08-07 15:20:00,157.05,158.35,152.0,152.0,34025,342000,178.68,151.4,157.0
1870,2021-08-07 15:21:00,157.05,158.35,152.0,152.0,34025,342000,178.68,151.4,157.0
1871,2021-08-07 15:22:00,157.05,158.35,152.0,152.0,34025,342000,178.68,151.4,157.0
1872,2021-08-07 15:23:00,157.05,158.35,152.0,152.0,34025,342000,178.68,151.4,157.0
1873,2021-08-07 15:24:00,157.05,158.35,152.0,152.0,34025,342000,178.68,151.4,157.0
1874,2021-08-07 15:25:00,157.05,158.35,152.0,152.0,34025,342000,178.68,151.4,157.0
1875,2021-08-07 15:26:00,157.05,158.35,152.0,152.0,34025,342000,178.68,151.4,157.0
1876,2021-08-07 15:27:00,157.05,158.35,152.0,152.0,34025,342000,178.68,151.4,157.0
1877,2021-08-07 15:28:00,157.05,158.35,152.0,152.0,34025,342000,178.68,151.4,157.0
1878,2021-08-07 15:29:00,157.05,158.35,152.0,152.0,34025,342000,178.68,151.4,157.0
1879,2021-08-07 15:30:00,157.05,158.35,152.0,152.0,34025,342000,178.68,151.4,157.0
1880,2021-08-08 09:15:00,157.05,158.35,152.0,152.0,34025,342000,178.68,151.4,157.0
1881,2021-08-08 09:16:00,157.05,158.35,152.0,152.0,34025,342000,178.68,151.4,157.0
1882,2021-08-08 09:17:00,157.05,158.35,152.0,152.0,34025,342000,178.68,151.4,157.0
1883,2021-08-08 09:18:00,157.05,158.35,152.0,152.0,34025,342000,178.68,151.4,157.0
1884,2021-08-08 09:19:00,157.05,158.35,152.0,152.0,34025,342000,178.68,151.4,157.0
1885,2021-08-08 09:20:00,157.05,158.35,152.0,152.0,34025,342000,178.68,151.4,157.0
1886,2021-08-08 09:21:00,157.05,158.35,152.0,152.0,34025,342000,178.68,151.4,157.0
1887,2021-08-08 09:22:00,157.05,158.35,152.0,152.0,34025,342000,178.68,151.4,157.0
1888,2021-08-08 09:23:00,157.05,158.35,152.0,152.0,34025,342000,178.68,151.4,157.0
1889,2021-08-08 09:24:00,157.05,158.35,152.0,152.0,34025,342000,178.68,151.4,157.0
1890,2021-08-08 09:25:00,157.05,158.35,152.0,152.0,34025,342000,178.68,151.4,157.0
1891,2021-08-08 09:26:00,157.05,158.35,152.0,152.0,34025,342000,178.68,151.4,157.0
1892,2021-08-08 09:27:00,157.05,158.35,152.0,152.0,34025,342000,178.68,151.4,157.0
1893,2021-08-08 09:28:00,157.05,158.35,152.0,152.0,34025,342000,178.68,151.4,157.0
1894,2021-08-08 09:29:00,157.05,158.35,152.0,152.0,34025,342000,178.68,151.4,157.0
1895,2021-08-08 09:30:00,157.05,158.35,152.0,152.0,34025,342000,178.68,151.4,157.0
1896,2021-08-08 09:31:00,157.05,158.35,152.0,152.0,34025,342000,178.68,151.4,157.0
1897,2021-08-08 09:32:00,157.05,158.35,152.0,152.0,34025,342000,178.68,151.4,157.0
1898,2021-08-08 09:33:00,157.05,158.35,152.0,152.0,34025,342000,178.68,151.4,157.0
1899,2021-08-08 09:34:00,157.05,158.35,152.0,152.0,34025,342000,178.68,151.4,157.0
1900,2021-08-08 09:35:00,157.05,158.35,152.0,152.0,34025,342000,178.68,151.4,157.0
1901,2021-08-08 09:36:00,157.05,158.35,152.0,152.0,34025,342000,178.68,151.4,157.0
1902,2021-08-08 09:37:00,157.05,158.35,152.0,152.0,34025,342000,178.68,151.4,157.0
1903,2021-08-08 09:38:00,157.05,158.35,152.0,152.0,34025,342000,178.68,151.4,157.0
1904,2021-08-08 09:39:00,157.05,158.35,152.0,152.0,34025,342000,178.68,151.4,157.0
1905,2021-08-08 09:40:00,157.05,158.35,152.0,152.0,34025,342000,178.68,151.4,157.0
1906,2021-08-08 09:41:00,157.05,158.35,152.0,152.0,34025,342000,178.68,151.4,157.0
1907,2021-08-08 09:42:00,157.05,158.35,152.0,152.0,34025,342000,178.68,151.4,157.0
1908,2021-08-08 09:43:00,157.05,158.35,152.0,152.0,34025,342000,178.68,151.4,157.0
1909,2021-08-08 09:44:00,157.05,158.35,152.0,152.0,34025,342000,178.68,151.4,157.0
1910,2021-08-08 09:45:00,157.05,158.35,152.0,152.0,34025,342000,178.68,151.4,157.0
1911,2021-08-08 09:46:00,157.05,158.35,152.0,152.0,34025,342000,178.68,151.4,157.0
1912,2021-08-08 09:47:00,157.05,158.35,152.0,152.0,34025,342000,178.68,151.4,157.0
1913,2021-08-08 09:48:00,157.05,158.35,152.0,152.0,34025,342000,178.68,151.4,157.0
1914,2021-08-08 09:49:00,157.05,158.35,152.0,152.0,34025,342000,178.68,151.4,157.0
1915,2021-08-08 09:50:00,157.05,158.35,152.0,152.0,34025,342000,178.68,151.4,157.0
1916,2021-08-08 09:51:00,157.05,158.35,152.0,152.0,34025,342000,178.68,151.4,157.0
1917,2021-08-08 09:52:00,157.05,158.35,152.0,152.0,34025,342000,178.68,151.4,157.0
1918,2021-08-08 09:53:00,157.05,158.35,152.0,152.0,34025,342000,178.68,151.4,157.0
1919,2021-08-08 09:54:00,157.05,158.35,152.0,152.0,34025,342000,178.68,151.4,157.0
1920,2021-08-08 09:55:00,157.05,158.35,152.0,152.0,34025,342000,178.68,151.4,157.0
1921,2021-08-08 09:56:00,157.05,158.35,152.0,152.0,34025,342000,178.68,151.4,157.0
1922,2021-08-08 09:57:00,157.05,158.35,152.0,152.0,34025,342000,178.68,151.4,157.0
1923,2021-08-08 09:58:00,157.05,158.35,152.0,152.0,34025,342000,178.68,151.4,157.0
1924,2021-08-08 09:59:00,157.05,158.35,152.0,152.0,34025,342000,178.68,151.4,157.0
1925,2021-08-08 10:00:00,157.05,158.35,152.0,152.0,34025,342000,178.68,151.4,157.0
1926,2021-08-08 10:01:00,157.05,158.35,152.0,152.0,34025,342000,178.68,151.4,157.0
1927,2021-08-08 10:02:00,157.05,158.35,152.0,152.0,34025,342000,178.68,151.4,157.0
1928,2021-08-08 10:03:00,157.05,158.35,152.0,152.0,34025,342000,178.68,151.4,157.0
1929,2021-08-08 10:04:00,157.05,158.35,152.0,152.0,34025,342000,178.68,151.4,157.0
1930,2021-08-08 10:05:00,157.05,158.35,152.0,152.0,34025,342000,178.68,151.4,157.0
1931,2021-08-08 10:06:00,157.05,158.35,152.0,152.0,34025,342000,178.68,151.4,157.0
1932,2021-08-08 10:07:00,157.05,158.35,152.0,152.0,34025,342000,178.68,151.4,157.0
1933,2021-08-08 10:08:00,157.05,158.35,152.0,152.0,34025,342000,178.68,151.4,157.0
1934,2021-08-08 10:09:00,157.05,158.35,152.0,152.0,34025,342000,178.68,151.4,157.0
1935,2021-08-08 10:10:00,157.05,158.35,152.0,152.0,34025,342000,178.68,151.4,157.0
1936,2021-08-08 10:11:00,157.05,158.35,152.0,152.0,34025,342000,178.68,151.4,157.0
1937,2021-08-08 10:12:00,157.05,158.35,152.0,152.0,34025,342000,178.68,151.4,157.0
1938,2021-08-08 10:13:00,157.05,158.35,152.0,152.0,34025,342000,178.68,151.4,157.0
1939,2021-08-08 10:14:00,157.05,158.35,152.0,152.0,34025,342000,178.68,151.4,157.0
1940,2021-08-08 10:15:00,157.05,158.35,152.0,152.0,34025,342000,178.68,151.4,157.0
1941,2021-08-08 10:16:00,157.05,158.35,152.0,152.0,34025,342000,178.68,151.4,157.0
1942,2021-08-08 10:17:00,157.05,158.35,152.0,152.0,34025,342000,178.68,151.4,157.0
1943,2021-08-08 10:18:00,157.05,158.35,152.0,152.0,34025,342000,178.68,151.4,157.0
1944,2021-08-08 10:19:00,157.05,158.35,152.0,152.0,34025,342000,178.68,151.4,157.0
1945,2021-08-08 10:20:00,157.05,158.35,152.0,152.0,34025,342000,178.68,151.4,157.0
1946,2021-08-08 10:21:00,157.05,158.35,152.0,152.0,34025,342000,178.68,151.4,157.0
1947,2021-08-08 10:22:00,157.05,158.35,152.0,152.0,34025,342000,178.68,151.4,157.0
1948,2021-08-08 10:23:00,157.05,158.35,152.0,152.0,34025,342000,178.68,151.4,157.0
1949,2021-08-08 10:24:00,157.05,158.35,152.0,152.0,34025,342000,178.68,151.4,157.0
1950,2021-08-08 10:25:00,157.05,158.35,152.0,152.0,34025,342000,178.68,151.4,157.0
1951,2021-08-08 10:26:00,157.05,158.35,152.0,152.0,34025,342000,178.68,151.4,157.0
1952,2021-08-08 10:27:00,157.05,158.35,152.0,152.0,34025,342000,178.68,151.4,157.0
1953,2021-08-08 10:28:00,157.05,158.35,152.0,152.0,34025,342000,178.68,151.4,157.0
1954,2021-08-08 10:29:00,157.05,158.35,152.0,152.0,34025,342000,178.68,151.4,157.0
1955,2021-08-08 10:30:00,157.05,158.35,152.0,152.0,34025,342000,178.68,151.4,157.0
1956,2021-08-08 10:31:00,157.05,158.35,152.0,152.0,34025,342000,178.68,151.4,157.0
1957,2021-08-08 10:32:00,157.05,158.35,152.0,152.0,34025,342000,178.68,151.4,157.0
1958,2021-08-08 10:33:00,157.05,158.35,152.0,152.0,34025,342000,178.68,151.4,157.0
1959,2021-08-08 10:34:00,157.05,158.35,152.0,152.0,34025,342000,178.68,151.4,157.0
1960,2021-08-08 10:35:00,157.05,158.35,152.0,152.0,34025,342000,178.68,151.4,157.0
1961,2021-08-08 10:36:00,157.05,158.35,152.0,152.0,34025,342000,178.68,151.4,157.0
1962,2021-08-08 10:37:00,157.05,158.35,152.0,152.0,34025,342000,178.68,151.4,157.0
1963,2021-08-08 10:38:00,157.05,158.35,152.0,152.0,34025,342000,178.68,151.4,157.0
1964,2021-08-08 10:39:00,157.05,158.35,152.0,152.0,34025,342000,178.68,151.4,157.0
1965,2021-08-08 10:40:00,157.05,158.35,152.0,152.0,34025,342000,178.68,151.4,157.0
1966,2021-08-08 10:41:00,157.05,158.35,152.0,152.0,34025,342000,178.68,151.4,157.0
1967,2021-08-08 10:42:00,157.05,158.35,152.0,152.0,34025,342000,178.68,151.4,157.0
1968,2021-08-08 10:43:00,157.05,158.35,152.0,152.0,34025,342000,178.68,151.4,157.0
1969,2021-08-08 10:44:00,157.05,158.35,152.0,152.0,34025,342000,178.68,151.4,157.0
1970,2021-08-08 10:45:00,157.05,158.35,152.0,152.0,34025,342000,178.68,151.4,157.0
1971,2021-08-08 10:46:00,157.05,158.35,152.0,152.0,34025,342000,178.68,151.4,157.0
1972,2021-08-08 10:47:00,157.05,158.35,152.0,152.0,34025,342000,178.68,151.4,157.0
1973,2021-08-08 10:48:00,157.05,158.35,152.0,152.0,34025,342000,178.68,151.4,157.0
1974,2021-08-08 10:49:00,157.05,158.35,152.0,152.0,34025,342000,178.68,151.4,157.0
1975,2021-08-08 10:50:00,157.05,158.35,152.0,152.0,34025,342000,178.68,151.4,157.0
1976,2021-08-08 10:51:00,157.05,158.35,152.0,152.0,34025,342000,178.68,151.4,157.0
1977,2021-08-08 10:52:00,157.05,158.35,152.0,152.0,34025,342000,178.68,151.4,157.0
1978,2021-08-08 10:53:00,157.05,158.35,152.0,152.0,34025,342000,178.68,151.4,157.0
1979,2021-08-08 10:54:00,157.05,158.35,152.0,152.0,34025,342000,178.68,151.4,157.0
1980,2021-08-08 10:55:00,157.05,158.35,152.0,152.0,34025,342000,178.68,151.4,157.0
1981,2021-08-08 10:56:00,157.05,158.35,152.0,152.0,34025,342000,178.68,151.4,157.0
1982,2021-08-08 10:57:00,157.05,158.35,152.0,152.0,34025,342000,178.68,151.4,157.0
1983,2021-08-08 10:58:00,157.05,158.35,152.0,152.0,34025,342000,178.68,151.4,157.0
1984,2021-08-08 10:59:00,157.05,158.35,152.0,152.0,34025,342000,178.68,151.4,157.0
1985,2021-08-08 11:00:00,157.05,158.35,152.0,152.0,34025,342000,178.68,151.4,157.0
1986,2021-08-08 11:01:00,157.05,158.35,152.0,152.0,34025,342000,178.68,151.4,157.0
1987,2021-08-08 11:02:00,157.05,158.35,152.0,152.0,34025,342000,178.68,151.4,157.0
1988,2021-08-08 11:03:00,157.05,158.35,152.0,152.0,34025,342000,178.68,151.4,157.0
1989,2021-08-08 11:04:00,157.05,158.35,152.0,152.0,34025,342000,178.68,151.4,157.0
1990,2021-08-08 11:05:00,157.05,158.35,152.0,152.0,34025,342000,178.68,151.4,157.0
1991,2021-08-08 11:06:00,157.05,158.35,152.0,152.0,34025,342000,178.68,151.4,157.0
1992,2021-08-08 11:07:00,157.05,158.35,152.0,152.0,34025,342000,178.68,151.4,157.0
1993,2021-08-08 11:08:00,157.05,158.35,152.0,152.0,34025,342000,178.68,151.4,157.0
1994,2021-08-08 11:09:00,157.05,158.35,152.0,152.0,34025,342000,178.68,151.4,157.0
1995,2021-08-08 11:10:00,157.05,158.35,152.0,152.0,34025,342000,178.68,151.4,157.0
1996,2021-08-08 11:11:00,157.05,158.35,152.0,152.0,34025,342000,178.68,151.4,157.0
1997,2021-08-08 11:12:00,157.05,158.35,152.0,152.0,34025,342000,178.68,151.4,157.0
1998,2021-08-08 11:13:00,157.05,158.35,152.0,152.0,34025,342000,178.68,151.4,157.0
1999,2021-08-08 11:14:00,157.05,158.35,152.0,152.0,34025,342000,178.68,151.4,157.0
2000,2021-08-08 11:15:00,157.05,158.35,152.0,152.0,34025,342000,178.68,151.4,157.0
2001,2021-08-08 11:16:00,157.05,158.35,152.0,152.0,34025,342000,178.68,151.4,157.0
2002,2021-08-08 11:17:00,157.05,158.35,152.0,152.0,34025,342000,178.68,151.4,157.0
2003,2021-08-08 11:18:00,157.05,158.35,152.0,152.0,34025,342000,178.68,151.4,157.0
2004,2021-08-08 11:19:00,157.05,158.35,152.0,152.0,34025,342000,178.68,151.4,157.0
2005,2021-08-08 11:20:00,157.05,158.35,152.0,152.0,34025,342000,178.68,151.4,157.0
2006,2021-08-08 11:21:00,157.05,158.35,152.0,152.0,34025,342000,178.68,151.4,157.0
2007,2021-08-08 11:22:00,157.05,158.35,152.0,152.0,34025,342000,178.68,151.4,157.0
2008,2021-08-08 11:23:00,157.05,158.35,152.0,152.0,34025,342000,178.68,151.4,157.0
2009,2021-08-08 11:24:00,157.05,158.35,152.0,152.0,34025,342000,178.68,151.4,157.0
2010,2021-08-08 11:25:00,157.05,158.35,152.0,152.0,34025,342000,178.68,151.4,157.0
2011,2021-08-08 11:26:00,157.05,158.35,152.0,152.0,34025,342000,178.68,151.4,157.0
2012,2021-08-08 11:27:00,157.05,158.35,152.0,152.0,34025,342000,178.68,151.4,157.0
2013,2021-08-08 11:28:00,157.05,158.35,152.0,152.0,34025,342000,178.68,151.4,157.0
2014,2021-08-08 11:29:00,157.05,158.35,152.0,152.0,34025,342000,178.68,151.4,157.0
2015,2021-08-08 11:30:00,157.05,158.35,152.0,152.0,34025,342000,178.68,151.4,157.0
2016,2021-08-08 11:31:00,157.05,158.35,152.0,152.0,34025,342000,178.68,151.4,157.0
2017,2021-08-08 11:32:00,157.05,158.35,152.0,152.0,34025,342000,178.68,151.4,157.0
2018,2021-08-08 11:33:00,157.05,158.35,152.0,152.0,34025,342000,178.68,151.4,157.0
2019,2021-08-08 11:34:00,157.05,158.35,152.0,152.0,34025,342000,178.68,151.4,157.0
2020,2021-08-08 11:35:00,157.05,158.35,152.0,152.0,34025,342000,178.68,151.4,157.0
2021,2021-08-08 11:36:00,157.05,158.35,152.0,152.0,34025,342000,178.68,151.4,157.0
2022,2021-08-08 11:37:00,157.05,158.35,152.0,152.0,34025,342000,178.68,151.4,157.0
2023,2021-08-08 11:38:00,157.05,158.35,152.0,152.0,34025,342000,178.68,151.4,157.0
2024,2021-08-08 11:39:00,157.05,158.35,152.0,152.0,34025,342000,178.68,151.4,157.0
2025,2021-08-08 11:40:00,157.05,158.35,152.0,152.0,34025,342000,178.68,151.4,157.0
2026,2021-08-08 11:41:00,157.05,158.35,152.0,152.0,34025,342000,178.68,151.4,157.0
2027,2021-08-08 11:42:00,157.05,158.35,152.0,152.0,34025,342000,178.68,151.4,157.0
2028,2021-08-08 11:43:00,157.05,158.35,152.0,152.0,34025,342000,178.68,151.4,157.0
2029,2021-08-08 11:44:00,157.05,158.35,152.0,152.0,34025,342000,178.68,151.4,157.0
2030,2021-08-08 11:45:00,157.05,158.35,152.0,152.0,34025,342000,178.68,151.4,157.0
2031,2021-08-08 11:46:00,157.05,158.35,152.0,152.0,34025,342000,178.68,151.4,157.0
2032,2021-08-08 11:47:00,157.05,158.35,152.0,152.0,34025,342000,178.68,151.4,157.0
2033,2021-08-08 11:48:00,157.05,158.35,152.0,152.0,34025,342000,178.68,151.4,157.0
2034,2021-08-08 11:49:00,157.05,158.35,152.0,152.0,34025,342000,178.68,151.4,157.0
2035,2021-08-08 11:50:00,157.05,158.35,152.0,152.0,34025,342000,178.68,151.4,157.0
2036,2021-08-08 11:51:00,157.05,158.35,152.0,152.0,34025,342000,178.68,151.4,157.0
2037,2021-08-08 11:52:00,157.05,158.35,152.0,152.0,34025,342000,178.68,151.4,157.0
2038,2021-08-08 11:53:00,157.05,158.35,152.0,152.0,34025,342000,178.68,151.4,157.0
2039,2021-08-08 11:54:00,157.05,158.35,152.0,152.0,34025,342000,178.68,151.4,157.0
2040,2021-08-08 11:55:00,157.05,158.35,152.0,152.0,34025,342000,178.68,151.4,157.0
2041,2021-08-08 11:56:00,157.05,158.35,152.0,152.0,34025,342000,178.68,151.4,157.0
2042,2021-08-08 11:57:00,157.05,158.35,152.0,152.0,34025,342000,178.68,151.4,157.0
2043,2021-08-08 11:58:00,157.05,158.35,152.0,152.0,34025,342000,178.68,151.4,157.0
2044,2021-08-08 11:59:00,157.05,158.35,152.0,152.0,34025,342000,178.68,151.4,157.0
2045,2021-08-08 12:00:00,157.05,158.35,152.0,152.0,34025,342000,178.68,151.4,157.0
2046,2021-08-08 12:01:00,157.05,158.35,152.0,152.0,34025,342000,178.68,151.4,157.0
2047,2021-08-08 12:02:00,157.05,158.35,152.0,152.0,34025,342000,178.68,151.4,157.0
2048,2021-08-08 12:03:00,157.05,158.35,152.0,152.0,34025,342000,178.68,151.4,157.0
2049,2021-08-08 12:04:00,157.05,158.35,152.0,152.0,34025,342000,178.68,151.4,157.0
2050,2021-08-08 12:05:00,157.05,158.35,152.0,152.0,34025,342000,178.68,151.4,157.0
2051,2021-08-08 12:06:00,157.05,158.35,152.0,152.0,34025,342000,178.68,151.4,157.0
2052,2021-08-08 12:07:00,157.05,158.35,152.0,152.0,34025,342000,178.68,151.4,157.0
2053,2021-08-08 12:08:00,157.05,158.35,152.0,152.0,34025,342000,178.68,151.4,157.0
2054,2021-08-08 12:09:00,157.05,158.35,152.0,152.0,34025,342000,178.68,151.4,157.0
2055,2021-08-08 12:10:00,157.05,158.35,152.0,152.0,34025,342000,178.68,151.4,157.0
2056,2021-08-08 12:11:00,157.05,158.35,152.0,152.0,34025,342000,178.68,151.4,157.0
2057,2021-08-08 12:12:00,157.05,158.35,152.0,152.0,34025,342000,178.68,151.4,157.0
2058,2021-08-08 12:13:00,157.05,158.35,152.0,152.0,34025,342000,178.68,151.4,157.0
2059,2021-08-08 12:14:00,157.05,158.35,152.0,152.0,34025,342000,178.68,151.4,157.0
2060,2021-08-08 12:15:00,157.05,158.35,152.0,152.0,34025,342000,178.68,151.4,157.0
2061,2021-08-08 12:16:00,157.05,158.35,152.0,152.0,34025,342000,178.68,151.4,157.0
2062,2021-08-08 12:17:00,157.05,158.35,152.0,152.0,34025,342000,178.68,151.4,157.0
2063,2021-08-08 12:18:00,157.05,158.35,152.0,152.0,34025,342000,178.68,151.4,157.0
2064,2021-08-08 12:19:00,157.05,158.35,152.0,152.0,34025,342000,178.68,151.4,157.0
2065,2021-08-08 12:20:00,157.05,158.35,152.0,152.0,34025,342000,178.68,151.4,157.0
2066,2021-08-08 12:21:00,157.05,158.35,152.0,152.0,34025,342000,178.68,151.4,157.0
2067,2021-08-08 12:22:00,157.05,158.35,152.0,152.0,34025,342000,178.68,151.4,157.0
2068,2021-08-08 12:23:00,157.05,158.35,152.0,152.0,34025,342000,178.68,151.4,157.0
2069,2021-08-08 12:24:00,157.05,158.35,152.0,152.0,34025,342000,178.68,151.4,157.0
2070,2021-08-08 12:25:00,157.05,158.35,152.0,152.0,34025,342000,178.68,151.4,157.0
2071,2021-08-08 12:26:00,157.05,158.35,152.0,152.0,34025,342000,178.68,151.4,157.0
2072,2021-08-08 12:27:00,157.05,158.35,152.0,152.0,34025,342000,178.68,151.4,157.0
2073,2021-08-08 12:28:00,157.05,158.35,152.0,152.0,34025,342000,178.68,151.4,157.0
2074,2021-08-08 12:29:00,157.05,158.35,152.0,152.0,34025,342000,178.68,151.4,157.0
2075,2021-08-08 12:30:00,157.05,158.35,152.0,152.0,34025,342000,178.68,151.4,157.0
2076,2021-08-08 12:31:00,157.05,158.35,152.0,152.0,34025,342000,178.68,151.4,157.0
2077,2021-08-08 12:32:00,157.05,158.35,152.0,152.0,34025,342000,178.68,151.4,157.0
2078,2021-08-08 12:33:00,157.05,158.35,152.0,152.0,34025,342000,178.68,151.4,157.0
2079,2021-08-08 12:34:00,157.05,158.35,152.0,152.0,34025,342000,178.68,151.4,157.0
2080,2021-08-08 12:35:00,157.05,158.35,152.0,152.0,34025,342000,178.68,151.4,157.0
2081,2021-08-08 12:36:00,157.05,158.35,152.0,152.0,34025,342000,178.68,151.4,157.0
2082,2021-08-08 12:37:00,157.05,158.35,152.0,152.0,34025,342000,178.68,151.4,157.0
2083,2021-08-08 12:38:00,157.05,158.35,152.0,152.0,34025,342000,178.68,151.4,157.0
2084,2021-08-08 12:39:00,157.05,158.35,152.0,152.0,34025,342000,178.68,151.4,157.0
2085,2021-08-08 12:40:00,157.05,158.35,152.0,152.0,34025,342000,178.68,151.4,157.0
2086,2021-08-08 12:41:00,157.05,158.35,152.0,152.0,34025,342000,178.68,151.4,157.0
2087,2021-08-08 12:42:00,157.05,158.35,152.0,152.0,34025,342000,178.68,151.4,157.0
2088,2021-08-08 12:43:00,157.05,158.35,152.0,152.0,34025,342000,178.68,151.4,157.0
2089,2021-08-08 12:44:00,157.05,158.35,152.0,152.0,34025,342000,178.68,151.4,157.0
2090,2021-08-08 12:45:00,157.05,158.35,152.0,152.0,34025,342000,178.68,151.4,157.0
2091,2021-08-08 12:46:00,157.05,158.35,152.0,152.0,34025,342000,178.68,151.4,157.0
2092,2021-08-08 12:47:00,157.05,158.35,152.0,152.0,34025,342000,178.68,151.4,157.0
2093,2021-08-08 12:48:00,157.05,158.35,152.0,152.0,34025,342000,178.68,151.4,157.0
2094,2021-08-08 12:49:00,157.05,158.35,152.0,152.0,34025,342000,178.68,151.4,157.0
2095,2021-08-08 12:50:00,157.05,158.35,152.0,152.0,34025,342000,178.68,151.4,157.0
2096,2021-08-08 12:51:00,157.05,158.35,152.0,152.0,34025,342000,178.68,151.4,157.0
2097,2021-08-08 12:52:00,157.05,158.35,152.0,152.0,34025,342000,178.68,151.4,157.0
2098,2021-08-08 12:53:00,157.05,158.35,152.0,152.0,34025,342000,178.68,151.4,157.0
2099,2021-08-08 12:54:00,157.05,158.35,152.0,152.0,34025,342000,178.68,151.4,157.0
2100,2021-08-08 12:55:00,157.05,158.35,152.0,152.0,34025,342000,178.68,151.4,157.0
2101,2021-08-08 12:56:00,157.05,158.35,152.0,152.0,34025,342000,178.68,151.4,157.0
2102,2021-08-08 12:57:00,157.05,158.35,152.0,152.0,34025,342000,178.68,151.4,157.0
2103,2021-08-08 12:58:00,157.05,158.35,152.0,152.0,34025,342000,178.68,151.4,157.0
2104,2021-08-08 12:59:00,157.05,158.35,152.0,152.0,34025,342000,178.68,151.4,157.0
2105,2021-08-08 13:00:00,157.05,158.35,152.0,152.0,34025,342000,178.68,151.4,157.0
2106,2021-08-08 13:01:00,157.05,158.35,152.0,152.0,34025,342000,178.68,151.4,157.0
2107,2021-08-08 13:02:00,157.05,158.35,152.0,152.0,34025,342000,178.68,151.4,157.0
2108,2021-08-08 13:03:00,157.05,158.35,152.0,152.0,34025,342000,178.68,151.4,157.0
2109,2021-08-08 13:04:00,157.05,158.35,152.0,152.0,34025,342000,178.68,151.4,157.0
2110,2021-08-08 13:05:00,157.05,158.35,152.0,152.0,34025,342000,178.68,151.4,157.0
2111,2021-08-08 13:06:00,157.05,158.35,152.0,152.0,34025,342000,178.68,151.4,157.0
2112,2021-08-08 13:07:00,157.05,158.35,152.0,152.0,34025,342000,178.68,151.4,157.0
2113,2021-08-08 13:08:00,157.05,158.35,152.0,152.0,34025,342000,178.68,151.4,157.0
2114,2021-08-08 13:09:00,157.05,158.35,152.0,152.0,34025,342000,178.68,151.4,157.0
2115,2021-08-08 13:10:00,157.05,158.35,152.0,152.0,34025,342000,178.68,151.4,157.0
2116,2021-08-08 13:11:00,157.05,158.35,152.0,152.0,34025,342000,178.68,151.4,157.0
2117,2021-08-08 13:12:00,157.05,158.35,152.0,152.0,34025,342000,178.68,151.4,157.0
2118,2021-08-08 13:13:00,157.05,158.35,152.0,152.0,34025,342000,178.68,151.4,157.0
2119,2021-08-08 13:14:00,157.05,158.35,152.0,152.0,34025,342000,178.68,151.4,157.0
2120,2021-08-08 13:15:00,157.05,158.35,152.0,152.0,34025,342000,178.68,151.4,157.0
2121,2021-08-08 13:16:00,157.05,158.35,152.0,152.0,34025,342000,178.68,151.4,157.0
2122,2021-08-08 13:17:00,157.05,158.35,152.0,152.0,34025,342000,178.68,151.4,157.0
2123,2021-08-08 13:18:00,157.05,158.35,152.0,152.0,34025,342000,178.68,151.4,157.0
2124,2021-08-08 13:19:00,157.05,158.35,152.0,152.0,34025,342000,178.68,151.4,157.0
2125,2021-08-08 13:20:00,157.05,158.35,152.0,152.0,34025,342000,178.68,151.4,157.0
2126,2021-08-08 13:21:00,157.05,158.35,152.0,152.0,34025,342000,178.68,151.4,157.0
2127,2021-08-08 13:22:00,157.05,158.35,152.0,152.0,34025,342000,178.68,151.4,157.0
2128,2021-08-08 13:23:00,157.05,158.35,152.0,152.0,34025,342000,178.68,151.4,157.0
2129,2021-08-08 13:24:00,157.05,158.35,152.0,152.0,34025,342000,178.68,151.4,157.0
2130,2021-08-08 13:25:00,157.05,158.35,152.0,152.0,34025,342000,178.68,151.4,157.0
2131,2021-08-08 13:26:00,157.05,158.35,152.0,152.0,34025,342000,178.68,151.4,157.0
2132,2021-08-08 13:27:00,157.05,158.35,152.0,152.0,34025,342000,178.68,151.4,157.0
2133,2021-08-08 13:28:00,157.05,158.35,152.0,152.0,34025,342000,178.68,151.4,157.0
2134,2021-08-08 13:29:00,157.05,158.35,152.0,152.0,34025,342000,178.68,151.4,157.0
2135,2021-08-08 13:30:00,157.05,158.35,152.0,152.0,34025,342000,178.68,151.4,157.0
2136,2021-08-08 13:31:00,157.05,158.35,152.0,152.0,34025,342000,178.68,151.4,157.0
2137,2021-08-08 13:32:00,157.05,158.35,152.0,152.0,34025,342000,178.68,151.4,157.0
2138,2021-08-08 13:33:00,157.05,158.35,152.0,152.0,34025,342000,178.68,151.4,157.0
2139,2021-08-08 13:34:00,157.05,158.35,152.0,152.0,34025,342000,178.68,151.4,157.0
2140,2021-08-08 13:35:00,157.05,158.35,152.0,152.0,34025,342000,178.68,151.4,157.0
2141,2021-08-08 13:36:00,157.05,158.35,152.0,152.0,34025,342000,178.68,151.4,157.0
2142,2021-08-08 13:37:00,157.05,158.35,152.0,152.0,34025,342000,178.68,151.4,157.0
2143,2021-08-08 13:38:00,157.05,158.35,152.0,152.0,34025,342000,178.68,151.4,157.0
2144,2021-08-08 13:39:00,157.05,158.35,152.0,152.0,34025,342000,178.68,151.4,157.0
2145,2021-08-08 13:40:00,157.05,158.35,152.0,152.0,34025,342000,178.68,151.4,157.0
2146,2021-08-08 13:41:00,157.05,158.35,152.0,152.0,34025,342000,178.68,151.4,157.0
2147,2021-08-08 13:42:00,157.05,158.35,152.0,152.0,34025,342000,178.68,151.4,157.0
2148,2021-08-08 13:43:00,157.05,158.35,152.0,152.0,34025,342000,178.68,151.4,157.0
2149,2021-08-08 13:44:00,157.05,158.35,152.0,152.0,34025,342000,178.68,151.4,157.0
2150,2021-08-08 13:45:00,157.05,158.35,152.0,152.0,34025,342000,178.68,151.4,157.0
2151,2021-08-08 13:46:00,157.05,158.35,152.0,152.0,34025,342000,178.68,151.4,157.0
2152,2021-08-08 13:47:00,157.05,158.35,152.0,152.0,34025,342000,178.68,151.4,157.0
2153,2021-08-08 13:48:00,157.05,158.35,152.0,152.0,34025,342000,178.68,151.4,157.0
2154,2021-08-08 13:49:00,157.05,158.35,152.0,152.0,34025,342000,178.68,151.4,157.0
2155,2021-08-08 13:50:00,157.05,158.35,152.0,152.0,34025,342000,178.68,151.4,157.0
2156,2021-08-08 13:51:00,157.05,158.35,152.0,152.0,34025,342000,178.68,151.4,157.0
2157,2021-08-08 13:52:00,157.05,158.35,152.0,152.0,34025,342000,178.68,151.4,157.0
2158,2021-08-08 13:53:00,157.05,158.35,152.0,152.0,34025,342000,178.68,151.4,157.0
2159,2021-08-08 13:54:00,157.05,158.35,152.0,152.0,34025,342000,178.68,151.4,157.0
2160,2021-08-08 13:55:00,157.05,158.35,152.0,152.0,34025,342000,178.68,151.4,157.0
2161,2021-08-08 13:56:00,157.05,158.35,152.0,152.0,34025,342000,178.68,151.4,157.0
2162,2021-08-08 13:57:00,157.05,158.35,152.0,152.0,34025,342000,178.68,151.4,157.0
2163,2021-08-08 13:58:00,157.05,158.35,152.0,152.0,34025,342000,178.68,151.4,157.0
2164,2021-08-08 13:59:00,157.05,158.35,152.0,152.0,34025,342000,178.68,151.4,157.0
2165,2021-08-08 14:00:00,157.05,158.35,152.0,152.0,34025,342000,178.68,151.4,157.0
2166,2021-08-08 14:01:00,157.05,158.35,152.0,152.0,34025,342000,178.68,151.4,157.0
2167,2021-08-08 14:02:00,157.05,158.35,152.0,152.0,34025,342000,178.68,151.4,157.0
2168,2021-08-08 14:03:00,157.05,158.35,152.0,152.0,34025,342000,178.68,151.4,157.0
2169,2021-08-08 14:04:00,157.05,158.35,152.0,152.0,34025,342000,178.68,151.4,157.0
2170,2021-08-08 14:05:00,157.05,158.35,152.0,152.0,34025,342000,178.68,151.4,157.0
2171,2021-08-08 14:06:00,157.05,158.35,152.0,152.0,34025,342000,178.68,151.4,157.0
2172,2021-08-08 14:07:00,157.05,158.35,152.0,152.0,34025,342000,178.68,151.4,157.0
2173,2021-08-08 14:08:00,157.05,158.35,152.0,152.0,34025,342000,178.68,151.4,157.0
2174,2021-08-08 14:09:00,157.05,158.35,152.0,152.0,34025,342000,178.68,151.4,157.0
2175,2021-08-08 14:10:00,157.05,158.35,152.0,152.0,34025,342000,178.68,151.4,157.0
2176,2021-08-08 14:11:00,157.05,158.35,152.0,152.0,34025,342000,178.68,151.4,157.0
2177,2021-08-08 14:12:00,157.05,158.35,152.0,152.0,34025,342000,178.68,151.4,157.0
2178,2021-08-08 14:13:00,157.05,158.35,152.0,152.0,34025,342000,178.68,151.4,157.0
2179,2021-08-08 14:14:00,157.05,158.35,152.0,152.0,34025,342000,178.68,151.4,157.0
2180,2021-08-08 14:15:00,157.05,158.35,152.0,152.0,34025,342000,178.68,151.4,157.0
2181,2021-08-08 14:16:00,157.05,158.35,152.0,152.0,34025,342000,178.68,151.4,157.0
2182,2021-08-08 14:17:00,157.05,158.35,152.0,152.0,34025,342000,178.68,151.4,157.0
2183,2021-08-08 14:18:00,157.05,158.35,152.0,152.0,34025,342000,178.68,151.4,157.0
2184,2021-08-08 14:19:00,157.05,158.35,152.0,152.0,34025,342000,178.68,151.4,157.0
2185,2021-08-08 14:20:00,157.05,158.35,152.0,152.0,34025,342000,178.68,151.4,157.0
2186,2021-08-08 14:21:00,157.05,158.35,152.0,152.0,34025,342000,178.68,151.4,157.0
2187,2021-08-08 14:22:00,157.05,158.35,152.0,152.0,34025,342000,178.68,151.4,157.0
2188,2021-08-08 14:23:00,157.05,158.35,152.0,152.0,34025,342000,178.68,151.4,157.0
2189,2021-08-08 14:24:00,157.05,158.35,152.0,152.0,34025,342000,178.68,151.4,157.0
2190,2021-08-08 14:25:00,157.05,158.35,152.0,152.0,34025,342000,178.68,151.4,157.0
2191,2021-08-08 14:26:00,157.05,158.35,152.0,152.0,34025,342000,178.68,151.4,157.0
2192,2021-08-08 14:27:00,157.05,158.35,152.0,152.0,34025,342000,178.68,151.4,157.0
2193,2021-08-08 14:28:00,157.05,158.35,152.0,152.0,34025,342000,178.68,151.4,157.0
2194,2021-08-08 14:29:00,157.05,158.35,152.0,152.0,34025,342000,178.68,151.4,157.0
2195,2021-08-08 14:30:00,157.05,158.35,152.0,152.0,34025,342000,178.68,151.4,157.0
2196,2021-08-08 14:31:00,157.05,158.35,152.0,152.0,34025,342000,178.68,151.4,157.0
2197,2021-08-08 14:32:00,157.05,158.35,152.0,152.0,34025,342000,178.68,151.4,157.0
2198,2021-08-08 14:33:00,157.05,158.35,152.0,152.0,34025,342000,178.68,151.4,157.0
2199,2021-08-08 14:34:00,157.05,158.35,152.0,152.0,34025,342000,178.68,151.4,157.0
2200,2021-08-08 14:35:00,157.05,158.35,152.0,152.0,34025,342000,178.68,151.4,157.0
2201,2021-08-08 14:36:00,157.05,158.35,152.0,152.0,34025,342000,178.68,151.4,157.0
2202,2021-08-08 14:37:00,157.05,158.35,152.0,152.0,34025,342000,178.68,151.4,157.0
2203,2021-08-08 14:38:00,157.05,158.35,152.0,152.0,34025,342000,178.68,151.4,157.0
2204,2021-08-08 14:39:00,157.05,158.35,152.0,152.0,34025,342000,178.68,151.4,157.0
2205,2021-08-08 14:40:00,157.05,158.35,152.0,152.0,34025,342000,178.68,151.4,157.0
2206,2021-08-08 14:41:00,157.05,158.35,152.0,152.0,34025,342000,178.68,151.4,157.0
2207,2021-08-08 14:42:00,157.05,158.35,152.0,152.0,34025,342000,178.68,151.4,157.0
2208,2021-08-08 14:43:00,157.05,158.35,152.0,152.0,34025,342000,178.68,151.4,157.0
2209,2021-08-08 14:44:00,157.05,158.35,152.0,152.0,34025,342000,178.68,151.4,157.0
2210,2021-08-08 14:45:00,157.05,158.35,152.0,152.0,34025,342000,178.68,151.4,157.0
2211,2021-08-08 14:46:00,157.05,158.35,152.0,152.0,34025,342000,178.68,151.4,157.0
2212,2021-08-08 14:47:00,157.05,158.35,152.0,152.0,34025,342000,178.68,151.4,157.0
2213,2021-08-08 14:48:00,157.05,158.35,152.0,152.0,34025,342000,178.68,151.4,157.0
2214,2021-08-08 14:49:00,157.05,158.35,152.0,152.0,34025,342000,178.68,151.4,157.0
2215,2021-08-08 14:50:00,157.05,158.35,152.0,152.0,34025,342000,178.68,151.4,157.0
2216,2021-08-08 14:51:00,157.05,158.35,152.0,152.0,34025,342000,178.68,151.4,157.0
2217,2021-08-08 14:52:00,157.05,158.35,152.0,152.0,34025,342000,178.68,151.4,157.0
2218,2021-08-08 14:53:00,157.05,158.35,152.0,152.0,34025,342000,178.68,151.4,157.0
2219,2021-08-08 14:54:00,157.05,158.35,152.0,152.0,34025,342000,178.68,151.4,157.0
2220,2021-08-08 14:55:00,157.05,158.35,152.0,152.0,34025,342000,178.68,151.4,157.0
2221,2021-08-08 14:56:00,157.05,158.35,152.0,152.0,34025,342000,178.68,151.4,157.0
2222,2021-08-08 14:57:00,157.05,158.35,152.0,152.0,34025,342000,178.68,151.4,157.0
2223,2021-08-08 14:58:00,157.05,158.35,152.0,152.0,34025,342000,178.68,151.4,157.0
2224,2021-08-08 14:59:00,157.05,158.35,152.0,152.0,34025,342000,178.68,151.4,157.0
2225,2021-08-08 15:00:00,157.05,158.35,152.0,152.0,34025,342000,178.68,151.4,157.0
2226,2021-08-08 15:01:00,157.05,158.35,152.0,152.0,34025,342000,178.68,151.4,157.0
2227,2021-08-08 15:02:00,157.05,158.35,152.0,152.0,34025,342000,178.68,151.4,157.0
2228,2021-08-08 15:03:00,157.05,158.35,152.0,152.0,34025,342000,178.68,151.4,157.0
2229,2021-08-08 15:04:00,157.05,158.35,152.0,152.0,34025,342000,178.68,151.4,157.0
2230,2021-08-08 15:05:00,157.05,158.35,152.0,152.0,34025,342000,178.68,151.4,157.0
2231,2021-08-08 15:06:00,157.05,158.35,152.0,152.0,34025,342000,178.68,151.4,157.0
2232,2021-08-08 15:07:00,157.05,158.35,152.0,152.0,34025,342000,178.68,151.4,157.0
2233,2021-08-08 15:08:00,157.05,158.35,152.0,152.0,34025,342000,178.68,151.4,157.0
2234,2021-08-08 15:09:00,157.05,158.35,152.0,152.0,34025,342000,178.68,151.4,157.0
2235,2021-08-08 15:10:00,157.05,158.35,152.0,152.0,34025,342000,178.68,151.4,157.0
2236,2021-08-08 15:11:00,157.05,158.35,152.0,152.0,34025,342000,178.68,151.4,157.0
2237,2021-08-08 15:12:00,157.05,158.35,152.0,152.0,34025,342000,178.68,151.4,157.0
2238,2021-08-08 15:13:00,157.05,158.35,152.0,152.0,34025,342000,178.68,151.4,157.0
2239,2021-08-08 15:14:00,157.05,158.35,152.0,152.0,34025,342000,178.68,151.4,157.0
2240,2021-08-08 15:15:00,157.05,158.35,152.0,152.0,34025,342000,178.68,151.4,157.0
2241,2021-08-08 15:16:00,157.05,158.35,152.0,152.0,34025,342000,178.68,151.4,157.0
2242,2021-08-08 15:17:00,157.05,158.35,152.0,152.0,34025,342000,178.68,151.4,157.0
2243,2021-08-08 15:18:00,157.05,158.35,152.0,152.0,34025,342000,178.68,151.4,157.0
2244,2021-08-08 15:19:00,157.05,158.35,152.0,152.0,34025,342000,178.68,151.4,157.0
2245,2021-08-08 15:20:00,157.05,158.35,152.0,152.0,34025,342000,178.68,151.4,157.0
2246,2021-08-08 15:21:00,157.05,158.35,152.0,152.0,34025,342000,178.68,151.4,157.0
2247,2021-08-08 15:22:00,157.05,158.35,152.0,152.0,34025,342000,178.68,151.4,157.0
2248,2021-08-08 15:23:00,157.05,158.35,152.0,152.0,34025,342000,178.68,151.4,157.0
2249,2021-08-08 15:24:00,157.05,158.35,152.0,152.0,34025,342000,178.68,151.4,157.0
2250,2021-08-08 15:25:00,157.05,158.35,152.0,152.0,34025,342000,178.68,151.4,157.0
2251,2021-08-08 15:26:00,157.05,158.35,152.0,152.0,34025,342000,178.68,151.4,157.0
2252,2021-08-08 15:27:00,157.05,158.35,152.0,152.0,34025,342000,178.68,151.4,157.0
2253,2021-08-08 15:28:00,157.05,158.35,152.0,152.0,34025,342000,178.68,151.4,157.0
2254,2021-08-08 15:29:00,157.05,158.35,152.0,152.0,34025,342000,178.68,151.4,157.0
2255,2021-08-08 15:30:00,157.05,158.35,152.0,152.0,34025,342000,178.68,151.4,157.0
2256,2021-08-09 09:15:00,148.05,163.4,86.85,142.7,139175,336300,139.6,143.15,143.6
2257,2021-08-09 09:16:00,146.05,150.3,137.65,148.75,110350,336300,141.67,148.5,148.95
2258,2021-08-09 09:17:00,151.25,162.75,149.15,156.8,108275,402800,146.14,156.9,157.3
2259,2021-08-09 09:18:00,156.55,159.15,149.0,149.4,100750,402800,148.02,149.15,149.3
2260,2021-08-09 09:19:00,148.9,150.6,140.6,147.0,73125,402800,147.73,147.05,147.3
2261,2021-08-09 09:20:00,147.75,147.75,140.1,141.0,96850,462825,147.12,140.7,140.95
2262,2021-08-09 09:21:00,141.15,149.1,140.9,143.75,52125,462825,146.96,143.5,143.75
2263,2021-08-09 09:22:00,144.6,146.55,142.85,143.0,38425,462825,146.83,142.6,142.95
2264,2021-08-09 09:23:00,142.05,144.05,134.35,139.2,57000,533625,146.33,139.05,139.35
2265,2021-08-09 09:24:00,138.45,139.9,132.15,138.05,39150,533625,145.86,137.85,138.3
2266,2021-08-09 09:25:00,137.75,137.75,131.9,132.95,41600,533625,145.32,132.55,132.95
2267,2021-08-09 09:26:00,132.2,135.95,131.2,132.15,40975,549250,144.75,132.0,132.05
2268,2021-08-09 09:27:00,131.2,131.2,118.65,121.6,65800,549250,143.29,121.4,121.8
2269,2021-08-09 09:28:00,121.85,125.2,120.65,122.85,32700,549250,142.6,122.7,122.8
2270,2021-08-09 09:29:00,122.75,125.6,121.45,122.85,35975,547875,141.94,122.75,123.0
2271,2021-08-09 09:30:00,123.2,127.25,122.0,126.95,27100,547875,141.49,126.65,127.05
2272,2021-08-09 09:31:00,126.65,134.45,125.95,134.45,45175,547875,141.05,134.35,134.7
2273,2021-08-09 09:32:00,134.4,143.65,134.4,142.6,65250,560200,141.01,142.3,142.6
2274,2021-08-09 09:33:00,142.55,158.65,142.55,157.3,103350,560200,141.91,157.05,157.3
2275,2021-08-09 09:34:00,159.8,161.05,152.55,157.55,82975,560200,142.87,157.1,157.5
2276,2021-08-09 09:35:00,156.35,167.85,147.85,163.95,80425,563725,143.64,163.9,164.2
2277,2021-08-09 09:36:00,165.55,176.8,160.55,171.45,137175,563725,145.73,171.15,171.65
2278,2021-08-09 09:37:00,169.5,173.3,162.65,166.6,83900,563725,146.89,166.1,166.65
2279,2021-08-09 09:38:00,166.05,171.2,163.6,171.15,48250,560325,147.44,170.55,171.0
2280,2021-08-09 09:39:00,170.75,184.15,170.0,183.25,95375,560325,148.94,183.0,183.3
2281,2021-08-09 09:40:00,184.05,210.0,174.0,201.3,157800,560325,152.45,200.4,200.75
2282,2021-08-09 09:41:00,202.85,217.85,199.8,211.35,158425,547450,156.57,211.2,211.8
2283,2021-08-09 09:42:00,211.3,211.35,201.85,206.55,99875,547450,158.8,206.25,206.8
2284,2021-08-09 09:43:00,206.95,206.95,185.35,201.15,118850,547450,160.53,201.05,201.7
2285,2021-08-09 09:44:00,199.85,200.9,192.05,194.0,56650,549175,161.37,193.65,194.1
2286,2021-08-09 09:45:00,193.05,205.45,193.05,197.9,85025,549175,162.66,197.8,198.4
2287,2021-08-09 09:46:00,197.55,197.55,186.8,194.8,80050,549175,163.62,194.9,195.25
2288,2021-08-09 09:47:00,194.3,194.45,181.65,190.4,52600,573575,164.13,190.25,190.8
2289,2021-08-09 09:48:00,189.4,191.9,186.75,187.6,52400,573575,164.62,186.9,187.45
2290,2021-08-09 09:49:00,187.6,189.1,181.15,182.6,39675,573575,164.94,182.25,182.7
2291,2021-08-09 09:50:00,182.3,185.0,175.0,179.5,67900,600700,165.3,179.2,179.7
2292,2021-08-09 09:51:00,178.5,193.05,175.65,190.3,69200,600700,165.84,190.35,190.8
2293,2021-08-09 09:52:00,190.9,210.0,189.3,210.0,111600,600700,167.16,209.55,210.0
2294,2021-08-09 09:53:00,209.7,235.0,209.7,228.1,217800,574325,171.12,228.1,228.45
2295,2021-08-09 09:54:00,228.95,235.3,223.2,224.8,134675,574325,173.54,224.8,225.5
2296,2021-08-09 09:55:00,223.5,239.0,223.5,230.45,139525,574325,175.89,230.55,231.1
2297,2021-08-09 09:56:00,230.0,231.85,216.25,219.9,135025,566575,177.7,218.9,219.45
2298,2021-08-09 09:57:00,220.0,220.3,206.75,212.1,101025,566575,178.66,212.15,212.7
2299,2021-08-09 09:58:00,212.05,213.0,207.65,207.75,61075,566575,179.17,207.75,208.25
2300,2021-08-09 09:59:00,207.55,222.75,203.7,220.45,95875,576325,180.03,220.6,221.15
2301,2021-08-09 10:00:00,218.5,222.85,207.1,209.75,90300,576325,180.84,209.7,210.05
2302,2021-08-09 10:01:00,210.3,215.95,207.7,208.35,51550,576325,181.23,208.1,208.7
2303,2021-08-09 10:02:00,209.55,215.0,207.25,213.55,46925,597550,181.58,213.5,214.1
2304,2021-08-09 10:03:00,214.8,222.25,211.25,211.75,67075,597550,182.18,211.5,212.05
2305,2021-08-09 10:04:00,212.65,217.2,208.85,213.5,44700,597550,182.51,212.9,213.5
2306,2021-08-09 10:05:00,213.25,220.85,211.9,214.8,52900,613425,182.95,214.35,214.85
2307,2021-08-09 10:06:00,215.1,215.7,210.25,211.35,48900,613425,183.29,211.3,211.95
2308,2021-08-09 10:07:00,211.4,212.2,207.55,209.75,47350,613425,183.59,209.05,209.7
2309,2021-08-09 10:08:00,210.15,214.5,207.5,211.0,34725,652375,183.8,211.0,211.45
2310,2021-08-09 10:09:00,210.9,214.8,208.0,212.45,33975,652375,184.01,211.9,212.45
2311,2021-08-09 10:10:00,212.35,213.5,187.25,196.55,128200,652375,184.41,196.75,197.25
2312,2021-08-09 10:11:00,195.8,196.6,185.65,194.0,85425,652975,184.55,194.15,194.45
2313,2021-08-09 10:12:00,194.45,195.45,187.95,194.75,39975,652975,184.61,194.1,194.5
2314,2021-08-09 10:13:00,194.65,206.65,194.65,203.75,49675,652975,184.78,203.8,204.35
2315,2021-08-09 10:14:00,204.65,214.85,204.35,207.95,59825,656150,185.11,207.3,207.95
2316,2021-08-09 10:15:00,208.05,208.05,192.55,193.8,64900,656150,185.3,193.4,193.85
2317,2021-08-09 10:16:00,194.75,200.0,192.4,195.05,39250,656150,185.39,194.95,195.5
2318,2021-08-09 10:17:00,195.5,196.35,188.8,195.25,45175,678250,185.45,194.65,195.15
2319,2021-08-09 10:18:00,194.3,194.3,183.4,187.55,59075,678250,185.47,187.1,187.6
2320,2021-08-09 10:19:00,188.95,193.55,185.9,185.9,35650,678250,185.51,185.95,186.3
2321,2021-08-09 10:20:00,184.85,197.7,182.5,197.7,48075,694800,185.55,197.2,197.6
2322,2021-08-09 10:21:00,196.9,198.2,192.95,195.35,28050,694800,185.61,194.5,194.95
2323,2021-08-09 10:22:00,196.15,200.15,196.15,199.5,32950,694800,185.69,199.05,199.55
2324,2021-08-09 10:23:00,200.2,200.85,190.55,195.0,45125,712100,185.78,194.9,195.45
2325,2021-08-09 10:24:00,194.9,199.6,191.25,199.15,21475,712100,185.82,199.15,199.75
2326,2021-08-09 10:25:00,199.95,209.0,198.7,205.0,72325,712100,186.1,205.05,205.7
2327,2021-08-09 10:26:00,205.0,210.8,205.0,209.9,54575,717250,186.33,209.65,210.2
2328,2021-08-09 10:27:00,210.0,210.0,192.65,192.65,57075,717250,186.51,192.5,193.1
2329,2021-08-09 10:28:00,193.55,205.35,193.55,204.35,25225,717250,186.57,204.0,204.55
2330,2021-08-09 10:29:00,203.85,207.2,201.6,207.2,22775,720225,186.65,206.6,207.2
2331,2021-08-09 10:30:00,205.65,206.8,196.35,196.35,31775,720225,186.73,196.05,196.3
2332,2021-08-09 10:31:00,195.55,199.4,190.8,192.7,36600,720225,186.79,192.25,192.75
2333,2021-08-09 10:32:00,192.05,198.0,191.0,198.0,22175,736325,186.82,197.55,198.0
2334,2021-08-09 10:33:00,197.85,197.85,191.0,191.0,24375,736325,186.86,190.95,191.45
2335,2021-08-09 10:34:00,191.2,193.25,190.0,190.7,29350,736325,186.88,190.4,190.7
2336,2021-08-09 10:35:00,190.2,190.95,185.15,190.35,45150,745175,186.89,190.4,190.75
2337,2021-08-09 10:36:00,191.3,192.0,188.1,190.95,19525,745175,186.9,191.0,191.45
2338,2021-08-09 10:37:00,192.5,192.8,188.55,188.65,15225,745175,186.92,188.25,188.55
2339,2021-08-09 10:38:00,187.55,188.5,175.6,177.6,90250,757875,186.81,177.2,177.65
2340,2021-08-09 10:39:00,176.95,181.6,159.45,168.0,141175,757875,186.37,168.4,168.7
2341,2021-08-09 10:40:00,167.5,173.9,167.0,173.65,64825,757875,186.19,173.3,173.75
2342,2021-08-09 10:41:00,173.6,178.1,172.8,178.1,30400,749850,186.14,178.0,178.45
2343,2021-08-09 10:42:00,178.25,180.05,175.5,176.95,24475,749850,186.1,176.45,176.9
2344,2021-08-09 10:43:00,177.0,179.6,172.05,172.5,26650,749850,186.06,172.75,173.05
2345,2021-08-09 10:44:00,172.7,180.0,172.7,178.0,18425,748175,186.03,177.95,178.5
2346,2021-08-09 10:45:00,177.95,177.95,168.2,169.45,37400,748175,185.94,169.3,169.85
2347,2021-08-09 10:46:00,169.6,172.3,161.0,164.6,42925,748175,185.8,164.45,164.95
2348,2021-08-09 10:47:00,165.05,168.8,159.25,161.45,33900,754525,185.68,161.45,161.75
2349,2021-08-09 10:48:00,162.3,162.65,154.9,160.05,48625,754525,185.46,160.05,160.45
2350,2021-08-09 10:49:00,160.45,163.2,152.8,152.8,31100,754525,185.32,152.75,153.3
2351,2021-08-09 10:50:00,153.1,153.1,138.75,147.2,147450,762900,184.37,146.75,147.2
2352,2021-08-09 10:51:00,146.8,153.45,144.05,152.15,57500,762900,184.05,152.5,152.95
2353,2021-08-09 10:52:00,152.55,155.45,148.8,152.35,47325,762900,183.82,152.55,152.95
2354,2021-08-09 10:53:00,153.0,155.05,148.1,150.8,46250,763425,183.59,150.7,150.8
2355,2021-08-09 10:54:00,151.9,159.5,150.6,158.05,48300,763425,183.38,158.05,158.4
2356,2021-08-09 10:55:00,158.7,160.45,154.3,159.55,33850,763425,183.25,159.3,159.6
2357,2021-08-09 10:56:00,159.55,164.0,159.15,164.0,32750,773025,183.14,163.65,164.0
2358,2021-08-09 10:57:00,163.3,166.85,152.9,156.1,60775,773025,182.94,156.1,156.4
2359,2021-08-09 10:58:00,155.45,157.05,153.4,154.35,23500,773025,182.84,154.1,154.45
2360,2021-08-09 10:59:00,154.45,154.8,151.95,153.0,20875,781150,182.75,152.3,152.7
2361,2021-08-09 11:00:00,151.85,153.0,146.0,146.75,34175,781150,182.57,146.8,147.2
2362,2021-08-09 11:01:00,147.55,149.95,146.05,147.85,21150,781150,182.47,147.85,148.15
2363,2021-08-09 11:02:00,147.25,154.9,147.25,153.75,31475,781500,182.32,153.8,154.2
2364,2021-08-09 11:03:00,154.15,156.65,153.8,155.85,16150,781500,182.26,156.0,156.3
2365,2021-08-09 11:04:00,156.0,158.65,155.45,155.65,29550,781500,182.15,155.45,155.9
2366,2021-08-09 11:05:00,155.25,155.7,150.1,152.0,19975,785600,182.06,151.55,152.0
2367,2021-08-09 11:06:00,150.7,151.45,146.0,148.45,21375,785600,181.96,148.2,148.6
2368,2021-08-09 11:07:00,148.25,149.55,146.15,147.95,17725,785600,181.87,147.85,148.2
2369,2021-08-09 11:08:00,148.3,148.3,145.65,146.8,10950,791650,181.82,146.5,146.8
2370,2021-08-09 11:09:00,147.9,151.5,146.5,149.35,15825,791650,181.74,149.3,149.65
2371,2021-08-09 11:10:00,149.6,149.6,145.8,149.0,101375,791650,181.25,149.05,149.25
2372,2021-08-09 11:11:00,148.65,155.5,148.2,155.5,41175,821275,181.08,155.1,155.45
2373,2021-08-09 11:12:00,156.3,165.6,154.25,163.8,47500,821275,180.94,163.8,164.3
2374,2021-08-09 11:13:00,165.05,167.55,158.8,161.5,58400,821275,180.8,161.45,161.85
2375,2021-08-09 11:14:00,162.5,164.25,160.2,160.45,28075,822950,180.72,160.35,160.7
2376,2021-08-09 11:15:00,160.65,167.35,158.6,166.95,37850,822950,180.63,166.8,167.2
2377,2021-08-09 11:16:00,166.3,170.55,163.15,168.55,53200,822950,180.53,168.6,168.85
2378,2021-08-09 11:17:00,169.0,171.0,163.05,163.6,40525,830025,180.46,163.55,163.95
2379,2021-08-09 11:18:00,163.2,166.5,161.1,164.95,22500,830025,180.41,164.55,165.0
2380,2021-08-09 11:19:00,165.1,165.25,156.75,160.65,36900,830025,180.3,160.0,160.6
2381,2021-08-09 11:20:00,160.35,163.9,158.35,162.9,14325,837950,180.27,162.5,162.55
2382,2021-08-09 11:21:00,163.3,167.45,163.3,163.75,23525,837950,180.22,163.3,163.6
2383,2021-08-09 11:22:00,163.0,169.35,161.5,168.25,28525,837950,180.16,168.0,168.5
2384,2021-08-09 11:23:00,168.15,177.6,167.6,176.3,56300,828300,180.11,175.95,176.4
2385,2021-08-09 11:24:00,176.85,176.9,171.1,171.4,38975,828300,180.08,171.55,172.05
2386,2021-08-09 11:25:00,171.5,180.35,168.25,177.6,59125,828300,180.04,177.85,178.3
2387,2021-08-09 11:26:00,179.05,179.05,171.95,171.95,32975,835850,180.02,171.6,172.2
2388,2021-08-09 11:27:00,171.95,176.35,171.95,174.05,39950,835850,179.99,173.45,173.95
2389,2021-08-09 11:28:00,173.95,175.5,167.65,168.25,36100,835850,179.95,168.05,168.5
2390,2021-08-09 11:29:00,168.95,171.0,163.45,166.15,29200,840350,179.9,166.1,166.5
2391,2021-08-09 11:30:00,165.75,166.25,158.15,162.4,41125,840350,179.8,162.1,162.35
2392,2021-08-09 11:31:00,163.5,166.95,161.8,166.5,21875,840350,179.76,166.2,166.5
2393,2021-08-09 11:32:00,166.6,166.6,163.8,165.95,12725,839575,179.73,165.75,166.0
2394,2021-08-09 11:33:00,165.4,168.1,163.9,163.9,18100,839575,179.7,163.75,164.05
2395,2021-08-09 11:34:00,163.95,168.0,162.0,165.9,16750,839575,179.67,165.75,166.1
2396,2021-08-09 11:35:00,166.4,176.3,166.4,175.0,32775,827950,179.64,175.25,175.65
2397,2021-08-09 11:36:00,175.45,176.05,171.15,173.75,24475,827950,179.63,173.35,173.75
2398,2021-08-09 11:37:00,173.7,174.9,170.65,171.35,26500,827950,179.61,171.45,171.85
2399,2021-08-09 11:38:00,172.95,172.95,167.75,168.3,19975,829025,179.58,167.9,168.25
2400,2021-08-09 11:39:00,168.25,171.5,168.25,171.0,13125,829025,179.57,170.9,171.3
2401,2021-08-09 11:40:00,171.0,174.45,171.0,174.45,14000,829025,179.55,173.95,174.35
2402,2021-08-09 11:41:00,174.45,174.9,168.9,168.9,16000,829275,179.54,168.8,169.2
2403,2021-08-09 11:42:00,168.85,173.0,168.8,172.15,16525,829275,179.52,172.05,172.45
2404,2021-08-09 11:43:00,173.3,173.3,163.85,164.25,31950,829275,179.48,164.15,164.55
2405,2021-08-09 11:44:00,165.0,167.1,163.1,165.15,16575,833075,179.45,165.0,165.3
2406,2021-08-09 11:45:00,165.15,166.25,158.4,159.35,38050,833075,179.36,159.4,159.75
2407,2021-08-09 11:46:00,160.6,160.6,150.6,151.85,71725,833075,179.13,151.45,151.85
2408,2021-08-09 11:47:00,151.55,152.7,148.1,148.5,46250,822525,178.97,148.2,148.45
2409,2021-08-09 11:48:00,148.45,155.15,148.45,153.55,24375,822525,178.89,153.0,153.4
2410,2021-08-09 11:49:00,153.0,158.0,152.8,156.9,18175,822525,178.84,156.5,156.8
2411,2021-08-09 11:50:00,155.65,157.05,153.65,154.25,13775,828850,178.8,153.95,154.25
2412,2021-08-09 11:51:00,154.25,154.3,151.95,153.05,13425,828850,178.76,153.0,153.25
2413,2021-08-09 11:52:00,152.45,155.75,152.15,152.65,12750,828850,178.73,152.4,152.75
2414,2021-08-09 11:53:00,152.55,154.0,150.65,151.55,20575,833000,178.66,151.0,151.3
2415,2021-08-09 11:54:00,150.65,155.0,150.5,152.5,17675,833000,178.6,152.25,152.6
2416,2021-08-09 11:55:00,152.6,153.9,145.2,145.2,38550,833000,178.47,144.4,145.1
2417,2021-08-09 11:56:00,147.0,150.6,138.8,147.5,85500,832275,178.12,147.0,147.35
2418,2021-08-09 11:57:00,145.55,153.25,144.4,152.6,34375,832275,178.0,152.3,152.75
2419,2021-08-09 11:58:00,151.5,151.5,147.65,150.3,22475,832275,177.92,149.7,150.05
2420,2021-08-09 11:59:00,149.2,152.65,148.75,152.55,19400,828450,177.86,152.05,152.4
2421,2021-08-09 12:00:00,152.05,157.7,150.95,155.85,49325,828450,177.73,155.8,156.05
2422,2021-08-09 12:01:00,156.35,157.0,153.4,154.0,22275,828450,177.68,154.0,154.15
2423,2021-08-09 12:02:00,153.5,154.55,148.6,149.1,14750,835700,177.63,148.7,149.05
2424,2021-08-09 12:03:00,147.0,149.75,144.55,148.25,29525,835700,177.53,148.45,148.8
2425,2021-08-09 12:04:00,148.85,149.15,146.6,147.05,13450,835700,177.48,146.9,147.3
2426,2021-08-09 12:05:00,147.6,151.95,146.6,149.6,20550,835700,177.42,149.6,150.0
2427,2021-08-09 12:06:00,148.95,150.5,146.7,150.5,16125,838950,177.36,150.0,150.4
2428,2021-08-09 12:07:00,151.0,151.05,143.15,145.7,21175,838950,177.29,144.95,145.3
2429,2021-08-09 12:08:00,145.3,149.75,145.0,148.7,17825,838950,177.23,148.4,148.75
2430,2021-08-09 12:09:00,148.85,150.0,146.8,146.8,9100,844350,177.2,146.7,146.9
2431,2021-08-09 12:10:00,147.2,150.2,142.65,150.0,21700,844350,177.12,149.85,150.25
2432,2021-08-09 12:11:00,150.4,154.5,149.8,154.5,21225,844350,177.06,154.4,154.6
2433,2021-08-09 12:12:00,155.5,155.5,150.9,152.0,20650,842800,177.01,151.9,152.3
2434,2021-08-09 12:13:00,152.25,153.3,151.0,151.5,6925,842800,176.99,151.25,151.55
2435,2021-08-09 12:14:00,151.35,152.95,148.75,152.55,15500,842800,176.94,152.2,152.45
2436,2021-08-09 12:15:00,151.25,152.75,149.6,150.65,16975,846675,176.89,151.1,151.45
2437,2021-08-09 12:16:00,150.7,151.85,143.85,147.6,40950,846675,176.75,147.6,148.0
2438,2021-08-09 12:17:00,147.15,149.45,144.75,147.5,29400,846675,176.65,147.35,147.75
2439,2021-08-09 12:18:00,147.35,148.35,143.95,145.9,19675,845550,176.58,145.45,145.75
2440,2021-08-09 12:19:00,145.8,146.5,131.3,132.6,78775,845550,176.24,132.3,132.7
2441,2021-08-09 12:20:00,134.65,134.65,128.2,132.15,57350,845550,175.96,132.05,132.25
2442,2021-08-09 12:21:00,131.35,132.95,126.85,132.95,48850,840600,175.71,132.8,132.95
2443,2021-08-09 12:22:00,131.6,131.85,124.05,127.9,101950,840600,175.18,127.65,127.9
2444,2021-08-09 12:23:00,127.6,129.15,126.0,128.6,35325,840600,175.0,128.2,128.55
2445,2021-08-09 12:24:00,128.2,135.35,128.2,135.35,41475,828375,174.81,135.0,135.3
2446,2021-08-09 12:25:00,135.45,142.6,134.85,141.15,71375,828375,174.55,141.15,141.5
2447,2021-08-09 12:26:00,141.05,142.75,137.8,138.85,37200,828375,174.41,138.4,138.75
2448,2021-08-09 12:27:00,138.55,140.5,137.5,139.75,17000,822225,174.35,139.6,139.9
2449,2021-08-09 12:28:00,138.1,139.0,133.75,134.7,19825,822225,174.27,134.45,134.7
2450,2021-08-09 12:29:00,135.0,135.35,128.0,131.4,41100,822225,174.08,131.35,131.7
2451,2021-08-09 12:30:00,130.85,143.35,130.85,143.35,41875,826400,173.92,142.8,143.3
2452,2021-08-09 12:31:00,144.35,147.45,142.35,144.7,48650,826400,173.77,144.65,144.9
2453,2021-08-09 12:32:00,145.0,146.8,137.8,139.75,43075,826400,173.63,139.7,139.95
2454,2021-08-09 12:33:00,140.45,140.45,135.95,138.7,22225,823175,173.55,138.55,138.9
2455,2021-08-09 12:34:00,138.9,144.05,137.5,142.75,20575,823175,173.49,142.35,142.75
2456,2021-08-09 12:35:00,142.3,144.95,138.95,142.25,20325,823175,173.42,141.8,142.2
2457,2021-08-09 12:36:00,141.6,144.55,139.7,143.85,28600,828075,173.33,143.8,144.2
2458,2021-08-09 12:37:00,142.7,145.75,142.7,144.5,15250,828075,173.28,144.2,144.6
2459,2021-08-09 12:38:00,143.3,144.6,141.15,144.0,15250,828075,173.24,143.55,143.95
2460,2021-08-09 12:39:00,143.65,146.6,139.05,140.55,19825,825550,173.18,140.65,141.0
2461,2021-08-09 12:40:00,141.05,145.3,139.45,144.85,17575,825550,173.12,144.5,144.85
2462,2021-08-09 12:41:00,144.65,150.55,143.35,149.4,38125,825550,173.02,148.9,149.35
2463,2021-08-09 12:42:00,148.7,149.9,145.3,147.2,21550,825100,172.97,147.15,147.35
2464,2021-08-09 12:43:00,147.5,150.35,146.7,148.7,23950,825100,172.91,148.7,149.0
2465,2021-08-09 12:44:00,149.7,151.4,147.85,148.55,23750,825100,172.85,148.6,149.0
2466,2021-08-09 12:45:00,149.0,150.0,141.8,144.4,32175,822350,172.76,144.05,144.4
2467,2021-08-09 12:46:00,144.1,148.15,139.25,141.9,35900,822350,172.66,142.05,142.35
2468,2021-08-09 12:47:00,142.15,145.0,139.55,139.95,23275,822350,172.59,140.25,140.7
2469,2021-08-09 12:48:00,140.5,143.6,139.0,140.9,12725,825450,172.55,140.45,140.75
2470,2021-08-09 12:49:00,140.5,143.0,140.2,141.9,9325,825450,172.52,141.55,141.9
2471,2021-08-09 12:50:00,140.6,143.0,135.9,136.85,21025,825450,172.45,136.9,137.25
2472,2021-08-09 12:51:00,137.8,139.5,136.45,137.5,12425,831125,172.41,137.05,137.45
2473,2021-08-09 12:52:00,137.3,140.5,135.7,137.8,15275,831125,172.35,137.2,137.6
2474,2021-08-09 12:53:00,137.0,139.8,136.05,136.5,10000,831125,172.32,136.55,136.95
2475,2021-08-09 12:54:00,136.3,136.3,131.15,133.7,33950,836775,172.19,133.6,133.95
2476,2021-08-09 12:55:00,133.65,133.7,129.1,131.45,35750,836775,172.04,131.25,131.55
2477,2021-08-09 12:56:00,131.25,131.55,128.0,130.1,43250,836775,171.86,129.8,130.2
2478,2021-08-09 12:57:00,129.35,136.0,129.35,134.45,34625,827200,171.73,134.15,134.5
2479,2021-08-09 12:58:00,134.75,137.45,132.55,132.6,17350,827200,171.67,132.45,132.85
2480,2021-08-09 12:59:00,133.35,134.3,132.0,132.6,10225,827200,171.63,132.85,132.95
2481,2021-08-09 13:00:00,132.6,136.3,129.0,135.4,38625,832500,171.49,135.45,135.75
2482,2021-08-09 13:01:00,135.2,138.35,135.2,137.05,22375,832500,171.41,136.6,136.95
2483,2021-08-09 13:02:00,136.95,137.0,134.75,135.45,10675,832500,171.38,135.25,135.6
2484,2021-08-09 13:03:00,134.95,138.0,134.95,135.75,7725,839275,171.35,135.5,135.9
2485,2021-08-09 13:04:00,136.05,137.5,135.5,136.8,7725,839275,171.32,136.45,136.8
2486,2021-08-09 13:05:00,136.8,136.8,133.5,135.15,12125,839275,171.28,134.75,135.15
2487,2021-08-09 13:06:00,134.65,135.6,133.85,134.75,6700,840475,171.26,134.55,134.85
2488,2021-08-09 13:07:00,134.8,136.3,133.9,134.85,5575,840475,171.24,134.55,134.85
2489,2021-08-09 13:08:00,134.9,135.45,129.55,132.0,25925,840475,171.14,131.9,132.2
2490,2021-08-09 13:09:00,132.55,132.8,127.6,128.75,23400,838225,171.05,128.4,128.8
2491,2021-08-09 13:10:00,128.7,129.15,110.2,113.95,167150,838225,170.19,113.55,113.75
2492,2021-08-09 13:11:00,113.95,118.0,111.75,117.25,57325,838225,169.9,117.05,117.35
2493,2021-08-09 13:12:00,116.9,119.3,115.0,116.0,56275,852250,169.62,115.8,116.15
2494,2021-08-09 13:13:00,116.5,122.15,116.5,122.15,33375,852250,169.47,121.75,122.05
2495,2021-08-09 13:14:00,122.0,135.65,122.0,131.2,65450,852250,169.23,130.95,131.4
2496,2021-08-09 13:15:00,131.7,138.3,128.85,134.7,60475,855150,169.03,134.6,134.85
2497,2021-08-09 13:16:00,135.1,136.2,131.55,133.85,25125,855150,168.95,133.35,133.8
2498,2021-08-09 13:17:00,134.15,135.85,132.6,134.45,31600,855150,168.85,134.45,134.9
2499,2021-08-09 13:18:00,134.45,135.8,123.5,124.4,35850,849525,168.72,123.8,124.25
2500,2021-08-09 13:19:00,123.5,132.25,123.5,131.45,30275,849525,168.61,131.25,131.55
2501,2021-08-09 13:20:00,131.15,135.65,130.5,134.05,20825,849525,168.54,134.05,134.4
2502,2021-08-09 13:21:00,133.5,135.95,133.05,135.8,20350,845775,168.48,135.5,135.85
2503,2021-08-09 13:22:00,135.65,140.0,134.75,138.05,26750,845775,168.41,138.1,138.4
2504,2021-08-09 13:23:00,137.25,141.05,137.25,137.5,31275,845775,168.32,137.35,137.65
2505,2021-08-09 13:24:00,137.55,137.55,132.9,134.55,20325,845975,168.26,134.65,134.95
2506,2021-08-09 13:25:00,134.25,136.4,127.6,128.75,26525,845975,168.17,128.7,129.1
2507,2021-08-09 13:26:00,129.4,129.4,123.3,124.1,31525,845975,168.05,123.65,124.05
2508,2021-08-09 13:27:00,124.85,125.0,120.75,123.6,31425,843775,167.92,123.1,123.5
2509,2021-08-09 13:28:00,123.8,125.15,121.4,122.1,24750,843775,167.83,121.95,122.25
2510,2021-08-09 13:29:00,122.0,125.3,119.95,121.5,37250,843775,167.67,121.45,121.8
2511,2021-08-09 13:30:00,122.0,122.7,117.4,122.7,54925,842550,167.44,122.4,122.85
2512,2021-08-09 13:31:00,122.5,123.25,119.45,122.35,60275,842550,167.2,122.05,122.25
2513,2021-08-09 13:32:00,121.75,122.85,118.9,118.9,39525,842550,167.04,118.65,118.95
2514,2021-08-09 13:33:00,119.0,119.5,114.45,119.5,52700,878025,166.81,119.35,119.65
2515,2021-08-09 13:34:00,119.85,119.85,116.65,119.55,25200,878025,166.7,119.2,119.55
2516,2021-08-09 13:35:00,119.25,119.25,112.85,114.5,35600,878025,166.54,114.7,114.95
2517,2021-08-09 13:36:00,114.15,118.65,111.5,116.75,47050,879450,166.34,116.7,117.05
2518,2021-08-09 13:37:00,115.55,116.05,111.6,114.95,32000,879450,166.19,114.7,115.05
2519,2021-08-09 13:38:00,114.45,114.45,107.7,110.2,87850,879450,165.77,110.3,110.7
2520,2021-08-09 13:39:00,110.05,113.5,107.5,107.5,40600,879050,165.58,107.4,107.7
2521,2021-08-09 13:40:00,106.7,108.2,99.4,102.45,132275,879050,164.87,102.0,102.45
2522,2021-08-09 13:41:00,103.3,103.3,92.75,95.85,113650,879050,164.22,95.45,95.8
2523,2021-08-09 13:42:00,96.35,97.1,93.8,96.95,82000,857750,163.76,96.9,97.25
2524,2021-08-09 13:43:00,96.2,103.9,96.2,103.25,50350,857750,163.49,103.5,103.85
2525,2021-08-09 13:44:00,103.2,104.0,97.5,98.6,68200,857750,163.14,98.55,98.9
2526,2021-08-09 13:45:00,97.2,97.2,87.6,88.95,114725,881925,162.46,88.8,89.05
2527,2021-08-09 13:46:00,88.75,91.8,85.75,91.1,71125,881925,162.04,91.1,91.45
2528,2021-08-09 13:47:00,91.5,102.0,91.5,100.15,65500,881925,161.7,100.1,100.35
2529,2021-08-09 13:48:00,100.8,102.85,95.2,95.4,49975,876750,161.45,95.4,95.7
2530,2021-08-09 13:49:00,96.25,96.8,92.75,95.2,29850,876750,161.29,95.15,95.55
2531,2021-08-09 13:50:00,94.75,98.6,93.25,98.6,20175,876750,161.18,98.25,98.55
2532,2021-08-09 13:51:00,98.05,101.4,97.95,100.6,34850,878525,161.01,100.35,100.6
2533,2021-08-09 13:52:00,100.3,101.2,96.75,100.6,30400,878525,160.86,100.35,100.6
2534,2021-08-09 13:53:00,100.3,104.15,99.4,103.4,40000,878525,160.68,103.15,103.4
2535,2021-08-09 13:54:00,104.2,104.2,99.6,102.6,27225,886475,160.55,102.65,102.95
2536,2021-08-09 13:55:00,102.65,107.65,101.05,107.0,37975,886475,160.38,106.8,107.1
2537,2021-08-09 13:56:00,106.65,107.55,103.2,104.35,32025,886475,160.24,104.2,104.5
2538,2021-08-09 13:57:00,103.15,105.0,101.2,103.55,38175,886575,160.07,103.6,103.9
2539,2021-08-09 13:58:00,103.6,103.7,100.0,101.75,31275,886575,159.93,101.2,101.5
2540,2021-08-09 13:59:00,101.05,104.05,100.65,102.7,41225,886575,159.74,102.5,102.8
2541,2021-08-09 14:00:00,102.45,110.55,102.45,110.55,41375,877200,159.58,110.5,110.8
2542,2021-08-09 14:01:00,111.25,113.95,108.05,110.7,67450,877200,159.32,110.8,111.1
2543,2021-08-09 14:02:00,110.6,111.1,106.95,109.1,24150,877200,159.23,108.85,109.2
2544,2021-08-09 14:03:00,109.25,113.6,109.25,112.75,26350,875025,159.13,112.65,112.95
2545,2021-08-09 14:04:00,113.55,114.7,110.95,111.45,34525,875025,159.01,111.25,111.45
2546,2021-08-09 14:05:00,111.8,114.5,111.0,113.6,25925,875025,158.92,113.5,113.85
2547,2021-08-09 14:06:00,113.05,118.55,113.05,118.55,52825,878900,158.75,118.15,118.6
2548,2021-08-09 14:07:00,118.65,118.65,111.85,114.7,47525,878900,158.59,114.4,114.8
2549,2021-08-09 14:08:00,114.9,118.5,113.75,117.3,20175,878900,158.52,117.45,117.85
2550,2021-08-09 14:09:00,117.55,118.5,109.3,110.3,42900,890425,158.38,110.45,110.8
2551,2021-08-09 14:10:00,110.6,111.8,102.7,107.85,47575,890425,158.19,107.25,107.6
2552,2021-08-09 14:11:00,107.2,111.55,107.15,110.65,17250,890425,158.13,110.5,110.75
2553,2021-08-09 14:12:00,110.7,120.5,109.35,118.75,57850,888700,157.95,118.45,118.9
2554,2021-08-09 14:13:00,119.3,134.15,118.7,132.35,116425,888700,157.7,132.05,132.35
2555,2021-08-09 14:14:00,133.0,135.4,127.65,132.85,74700,888700,157.55,132.55,133.0
2556,2021-08-09 14:15:00,132.95,134.25,128.8,129.45,58100,883350,157.44,129.45,129.75
2557,2021-08-09 14:16:00,129.7,132.5,126.05,129.25,49375,883350,157.34,128.95,129.25
2558,2021-08-09 14:17:00,128.5,128.75,123.8,127.0,31650,883350,157.27,126.7,127.05
2559,2021-08-09 14:18:00,127.3,127.3,118.4,121.2,41050,886450,157.16,120.6,121.05
2560,2021-08-09 14:19:00,120.65,129.3,120.65,128.55,35175,886450,157.08,128.75,128.95
2561,2021-08-09 14:20:00,129.7,130.45,125.85,128.5,25525,886450,157.03,128.2,128.55
2562,2021-08-09 14:21:00,128.45,129.1,126.2,129.0,14275,884225,157.0,128.6,129.0
2563,2021-08-09 14:22:00,129.25,129.8,123.0,125.05,27050,884225,156.94,124.95,125.3
2564,2021-08-09 14:23:00,124.35,125.1,119.85,123.0,41900,884225,156.83,122.55,122.9
2565,2021-08-09 14:24:00,122.45,126.95,120.45,126.95,32925,878250,156.75,126.55,127.0
2566,2021-08-09 14:25:00,126.95,134.8,126.7,133.25,56225,878250,156.65,132.75,133.2
2567,2021-08-09 14:26:00,132.0,133.25,128.4,131.25,32025,878250,156.59,130.85,131.2
2568,2021-08-09 14:27:00,131.3,132.55,127.0,129.65,24100,877850,156.54,129.7,129.95
2569,2021-08-09 14:28:00,130.65,141.35,130.35,138.95,63750,877850,156.45,138.95,139.3
2570,2021-08-09 14:29:00,137.95,151.9,137.95,151.9,135500,877850,156.37,151.65,152.25
2571,2021-08-09 14:30:00,151.15,157.95,151.15,157.55,137825,869200,156.35,157.1,157.6
2572,2021-08-09 14:31:00,158.85,159.5,144.5,144.55,115675,869200,156.31,144.35,144.8
2573,2021-08-09 14:32:00,144.35,151.8,144.35,147.3,45175,869200,156.29,147.25,147.5
2574,2021-08-09 14:33:00,148.7,154.6,148.55,150.85,44775,863850,156.28,150.45,150.85
2575,2021-08-09 14:34:00,150.0,151.2,142.2,144.55,44375,863850,156.25,144.9,145.1
2576,2021-08-09 14:35:00,144.55,150.6,142.1,146.55,36275,863850,156.22,146.05,146.5
2577,2021-08-09 14:36:00,146.2,152.0,146.2,148.85,37225,863775,156.21,148.45,148.9
2578,2021-08-09 14:37:00,148.75,152.65,147.5,151.25,39850,863775,156.19,151.0,151.25
2579,2021-08-09 14:38:00,151.15,159.15,151.15,153.6,82150,863775,156.18,153.15,153.6
2580,2021-08-09 14:39:00,152.9,157.35,152.5,154.65,50200,863700,156.18,154.35,154.75
2581,2021-08-09 14:40:00,154.95,161.05,150.3,153.45,105400,863700,156.18,153.0,153.45
2582,2021-08-09 14:41:00,153.0,155.4,146.75,147.45,50950,863700,156.17,147.35,147.6
2583,2021-08-09 14:42:00,147.8,149.35,138.55,141.35,80750,873750,156.1,141.4,141.7
2584,2021-08-09 14:43:00,140.05,141.15,124.05,129.35,104475,873750,155.92,129.05,129.35
2585,2021-08-09 14:44:00,129.15,129.9,124.5,126.95,50275,873750,155.82,126.75,127.1
2586,2021-08-09 14:45:00,127.25,131.85,119.7,122.3,65900,857100,155.69,122.1,122.35
2587,2021-08-09 14:46:00,121.3,128.8,121.3,128.8,31950,857100,155.63,128.65,128.95
2588,2021-08-09 14:47:00,129.0,129.4,126.2,126.35,21475,857100,155.59,126.6,126.85
2589,2021-08-09 14:48:00,127.45,127.45,122.55,124.0,24275,858150,155.54,124.1,124.3
2590,2021-08-09 14:49:00,124.75,126.2,119.8,122.65,22750,858150,155.49,122.45,122.85
2591,2021-08-09 14:50:00,121.6,129.9,121.1,129.75,33375,858150,155.43,129.6,129.95
2592,2021-08-09 14:51:00,129.0,130.0,123.15,123.95,27500,850775,155.38,123.6,124.0
2593,2021-08-09 14:52:00,123.7,126.2,119.3,124.85,32025,850775,155.31,125.4,125.75
2594,2021-08-09 14:53:00,125.3,125.65,121.25,121.25,13375,850775,155.28,121.2,121.6
2595,2021-08-09 14:54:00,122.25,126.95,121.6,125.45,19625,843000,155.24,125.6,125.9
2596,2021-08-09 14:55:00,126.0,126.55,121.6,121.7,23275,843000,155.19,121.65,122.1
2597,2021-08-09 14:56:00,122.3,123.15,119.9,123.05,33850,843000,155.12,123.5,123.85
2598,2021-08-09 14:57:00,123.8,127.85,122.7,123.8,25850,843550,155.07,123.65,123.9
2599,2021-08-09 14:58:00,123.5,126.7,123.3,124.65,11575,843550,155.05,124.35,124.55
2600,2021-08-09 14:59:00,124.2,126.75,123.65,124.75,13600,843550,155.02,124.85,125.1
2601,2021-08-09 15:00:00,125.8,143.05,125.8,143.05,73275,838450,154.93,143.0,143.45
2602,2021-08-09 15:01:00,142.85,143.55,137.0,140.05,60525,838450,154.88,139.95,140.2
2603,2021-08-09 15:02:00,139.85,141.75,135.85,136.2,42975,838450,154.83,135.5,136.0
2604,2021-08-09 15:03:00,135.85,139.95,135.05,136.85,23825,835675,154.81,136.85,137.35
2605,2021-08-09 15:04:00,137.25,142.6,132.1,141.7,46325,835675,154.76,141.5,141.95
2606,2021-08-09 15:05:00,141.7,142.0,137.65,141.65,48900,835675,154.71,141.15,141.6
2607,2021-08-09 15:06:00,141.05,143.25,138.05,139.4,41100,825175,154.68,139.55,140.0
2608,2021-08-09 15:07:00,139.55,144.0,139.55,142.05,43800,825175,154.64,141.6,142.05
2609,2021-08-09 15:08:00,141.85,149.45,141.4,149.25,76075,825175,154.6,148.75,149.3
2610,2021-08-09 15:09:00,149.2,150.35,146.5,149.55,72400,802950,154.57,149.25,149.8
2611,2021-08-09 15:10:00,150.55,162.0,150.55,158.0,145275,802950,154.6,158.0,158.5
2612,2021-08-09 15:11:00,158.5,158.85,147.2,153.35,103775,802950,154.59,153.2,153.55
2613,2021-08-09 15:12:00,154.05,157.65,151.95,153.3,62825,747950,154.59,153.3,153.65
2614,2021-08-09 15:13:00,153.7,155.4,152.3,152.6,52625,747950,154.59,152.25,152.6
2615,2021-08-09 15:14:00,152.85,152.85,146.45,149.3,63575,747950,154.57,149.2,149.65
2616,2021-08-09 15:15:00,150.4,154.35,150.4,153.05,58000,713800,154.56,153.0,153.4
2617,2021-08-09 15:16:00,153.45,153.5,151.35,151.85,41875,713800,154.56,151.85,152.05
2618,2021-08-09 15:17:00,152.15,153.45,151.3,153.45,39375,713800,154.55,153.2,153.5
2619,2021-08-09 15:18:00,153.3,154.5,149.2,149.4,49250,685550,154.55,149.65,149.8
2620,2021-08-09 15:19:00,150.5,152.35,150.35,151.7,30050,685550,154.54,151.45,151.7
2621,2021-08-09 15:20:00,151.95,160.1,151.55,160.1,75500,685550,154.55,160.1,160.5
2622,2021-08-09 15:21:00,160.5,161.05,156.5,158.6,50850,648275,154.56,158.55,158.95
2623,2021-08-09 15:22:00,158.95,160.65,154.3,154.35,73475,648275,154.57,154.05,154.4
2624,2021-08-09 15:23:00,157.7,159.5,157.3,158.55,49450,648275,154.59,158.55,158.6
2625,2021-08-09 15:24:00,158.7,159.25,154.6,154.8,45700,590025,154.59,154.5,154.8
2626,2021-08-09 15:25:00,155.9,157.45,148.7,148.7,87925,590025,154.59,148.65,149.0
2627,2021-08-09 15:26:00,150.85,156.3,149.5,155.95,60250,590025,154.59,155.55,156.0
2628,2021-08-09 15:27:00,155.95,157.0,154.3,154.8,23925,541800,154.59,154.8,155.0
2629,2021-08-09 15:28:00,156.0,156.4,154.4,154.7,23550,541800,154.59,154.25,154.85
2630,2021-08-09 15:29:00,156.0,156.4,154.4,154.7,23550,541800,154.59,154.25,154.85
2631,2021-08-09 15:30:00,154.25,155.0,153.0,153.0,28750,541800,154.59,153.0,154.95
2632,2021-08-10 09:15:00,159.0,178.35,118.85,167.9,218225,531075,158.4,167.7,168.75
2633,2021-08-10 09:16:00,168.25,183.0,162.15,176.8,167925,531075,164.85,176.35,176.85
2634,2021-08-10 09:17:00,176.6,176.6,160.05,171.7,139750,622150,166.36,171.6,172.2
2635,2021-08-10 09:18:00,171.4,172.6,163.35,170.25,128350,622150,167.05,170.4,170.9
2636,2021-08-10 09:19:00,169.9,174.35,165.0,174.35,105675,622150,167.24,173.85,174.35
2637,2021-08-10 09:20:00,175.15,197.95,173.35,190.25,261475,681175,172.66,190.2,190.85
2638,2021-08-10 09:21:00,191.15,194.7,186.15,186.35,178800,681175,175.25,186.2,186.75
2639,2021-08-10 09:22:00,186.75,191.55,174.85,189.4,201100,681175,176.3,189.9,190.45
2640,2021-08-10 09:23:00,189.95,190.7,182.0,184.75,118225,728150,177.1,184.65,185.2
2641,2021-08-10 09:24:00,184.75,192.25,180.9,192.25,116975,728150,177.78,191.4,191.95
2642,2021-08-10 09:25:00,192.75,192.75,172.2,186.15,159675,728150,178.33,185.8,186.25
2643,2021-08-10 09:26:00,189.4,202.3,187.75,200.45,257900,798150,180.52,200.4,200.85
2644,2021-08-10 09:27:00,200.5,215.0,197.9,214.75,301825,798150,184.0,214.1,214.7
2645,2021-08-10 09:28:00,217.1,220.0,210.7,218.45,268725,798150,187.32,218.05,218.5
2646,2021-08-10 09:29:00,219.15,219.15,206.1,214.2,263000,844775,189.69,213.75,214.25
2647,2021-08-10 09:30:00,213.65,216.95,205.85,211.1,208125,844775,191.18,210.45,211.1
2648,2021-08-10 09:31:00,211.6,211.6,200.95,204.25,179375,844775,191.91,204.35,204.85
2649,2021-08-10 09:32:00,204.8,205.9,195.4,204.35,140450,916900,192.25,203.8,204.35
2650,2021-08-10 09:33:00,203.6,210.3,201.1,204.9,121625,916900,192.69,204.85,205.5
2651,2021-08-10 09:34:00,204.1,204.6,197.15,197.45,98550,916900,192.91,197.25,197.65
2652,2021-08-10 09:35:00,197.9,204.25,196.15,202.95,89125,963375,193.07,202.4,203.0
2653,2021-08-10 09:36:00,203.75,210.45,202.8,206.0,131325,963375,193.56,205.9,206.45
2654,2021-08-10 09:37:00,207.75,207.75,200.45,204.8,78850,963375,193.77,204.45,204.8
2655,2021-08-10 09:38:00,205.6,206.7,196.1,204.0,109325,994325,193.98,203.5,204.2
2656,2021-08-10 09:39:00,202.55,205.4,201.5,204.0,73925,994325,194.15,203.5,204.0
2657,2021-08-10 09:40:00,203.45,209.6,201.5,205.0,67625,994325,194.34,204.55,205.1
2658,2021-08-10 09:41:00,205.05,205.65,201.1,203.85,54550,999200,194.46,203.65,203.85
2659,2021-08-10 09:42:00,203.0,204.5,200.0,203.95,65550,999200,194.58,203.25,203.5
2660,2021-08-10 09:43:00,203.45,203.45,184.2,190.7,227425,999200,194.48,190.2,190.7
2661,2021-08-10 09:44:00,189.8,190.55,181.65,185.8,135600,1037300,194.21,185.2,185.75
2662,2021-08-10 09:45:00,185.05,188.75,181.85,186.5,115800,1037300,194.0,186.9,187.45
2663,2021-08-10 09:46:00,187.8,190.9,185.75,190.05,91000,1037300,193.9,189.45,190.05
2664,2021-08-10 09:47:00,189.9,192.9,181.15,184.0,87200,1078075,193.8,183.55,183.95
2665,2021-08-10 09:48:00,184.35,198.75,182.9,197.15,83200,1078075,193.75,197.15,197.6
2666,2021-08-10 09:49:00,198.3,207.35,197.55,204.0,163250,1078075,194.05,203.55,204.0
2667,2021-08-10 09:50:00,204.7,229.95,203.15,223.6,299100,1085375,195.18,223.6,224.0
2668,2021-08-10 09:51:00,229.1,241.4,225.95,234.05,477950,1085375,198.22,234.05,234.7
2669,2021-08-10 09:52:00,234.25,244.8,231.5,235.5,308600,1085375,200.11,235.15,235.55
2670,2021-08-10 09:53:00,235.3,252.0,234.05,249.25,369100,1084500,202.49,249.25,249.7
2671,2021-08-10 09:54:00,246.7,256.65,238.25,243.6,442425,1084500,205.29,243.1,243.65
2672,2021-08-10 09:55:00,243.7,249.95,232.05,242.9,249900,1084500,206.48,243.1,243.65
2673,2021-08-10 09:56:00,242.9,250.3,237.4,248.0,211225,1090400,207.55,247.8,248.3
2674,2021-08-10 09:57:00,248.95,253.5,243.1,243.1,252525,1090400,208.9,242.55,243.2
2675,2021-08-10 09:58:00,243.6,248.4,239.4,241.35,140450,1090400,209.51,241.45,242.15
2676,2021-08-10 09:59:00,241.3,241.85,233.65,235.4,157000,1142275,210.04,235.45,236.15
2677,2021-08-10 10:00:00,236.2,240.0,226.6,229.8,201700,1142275,210.61,229.45,229.85
2678,2021-08-10 10:01:00,229.7,230.0,221.5,226.0,171375,1142275,210.93,225.5,226.05
2679,2021-08-10 10:02:00,225.95,226.25,217.75,226.25,165025,1146225,211.13,226.25,226.7
2680,2021-08-10 10:03:00,229.45,229.45,221.25,226.75,107375,1146225,211.3,226.4,227.05
2681,2021-08-10 10:04:00,227.85,237.7,225.55,234.6,132350,1146225,211.63,234.55,235.0
2682,2021-08-10 10:05:00,234.5,243.2,232.95,241.15,129725,1176575,212.0,240.65,241.2
2683,2021-08-10 10:06:00,241.0,243.0,230.4,235.5,109800,1176575,212.3,235.05,235.5
2684,2021-08-10 10:07:00,235.4,238.1,230.3,230.3,70625,1176575,212.47,230.65,231.1
2685,2021-08-10 10:08:00,230.1,231.45,219.75,222.0,116350,1205400,212.61,222.0,222.05
2686,2021-08-10 10:09:00,222.45,222.45,213.3,221.05,135600,1205400,212.68,220.45,221.0
2687,2021-08-10 10:10:00,221.15,228.0,215.55,215.65,95525,1205400,212.78,215.3,215.7
2688,2021-08-10 10:11:00,215.85,224.25,215.85,222.8,57375,1223600,212.83,222.3,222.8
2689,2021-08-10 10:12:00,223.4,231.15,221.55,228.5,90450,1223600,212.97,228.5,229.0
2690,2021-08-10 10:13:00,229.4,236.0,228.15,235.4,87225,1223600,213.14,235.15,235.4
2691,2021-08-10 10:14:00,235.65,239.6,233.8,236.65,102950,1239925,213.38,236.4,237.05
2692,2021-08-10 10:15:00,236.2,238.05,228.6,231.3,98975,1239925,213.58,231.2,231.85
2693,2021-08-10 10:16:00,232.55,232.55,219.75,225.7,95575,1239925,213.69,225.3,225.7
2694,2021-08-10 10:17:00,225.75,226.0,220.0,220.0,64525,1261400,213.75,219.75,220.35
2695,2021-08-10 10:18:00,220.5,224.45,218.8,220.7,52275,1261400,213.78,220.05,220.5
2696,2021-08-10 10:19:00,221.05,221.2,215.8,220.05,72125,1261400,213.81,219.4,219.9
2697,2021-08-10 10:20:00,219.7,227.0,217.1,217.7,85700,1277400,213.88,217.45,218.0
2698,2021-08-10 10:21:00,218.65,218.95,204.3,209.0,249800,1277400,213.8,208.5,208.95
2699,2021-08-10 10:22:00,206.1,207.0,197.8,205.45,196275,1277400,213.58,205.0,205.45
2700,2021-08-10 10:23:00,205.75,211.0,201.8,209.6,95625,1330100,213.52,209.45,209.85
2701,2021-08-10 10:24:00,210.8,213.35,206.35,208.25,80500,1330100,213.5,208.05,208.6
2702,2021-08-10 10:25:00,208.85,214.15,208.5,214.15,56225,1330100,213.49,213.7,214.3
2703,2021-08-10 10:26:00,214.4,217.25,210.15,210.85,75225,1339850,213.5,210.85,211.35
2704,2021-08-10 10:27:00,211.05,213.3,203.05,209.7,63175,1339850,213.47,209.25,209.75
2705,2021-08-10 10:28:00,209.9,213.15,207.15,209.6,37950,1339850,213.45,209.5,209.95
2706,2021-08-10 10:29:00,210.0,210.0,198.0,198.3,69850,1356850,213.4,198.3,198.6
2707,2021-08-10 10:30:00,195.85,197.45,183.85,188.9,243400,1356850,212.91,188.55,189.05
2708,2021-08-10 10:31:00,187.95,201.2,184.5,201.2,141500,1356850,212.67,200.8,201.4
2709,2021-08-10 10:32:00,200.8,209.0,200.8,208.0,134300,1352700,212.6,207.6,208.0
2710,2021-08-10 10:33:00,207.85,208.7,198.15,199.1,72600,1352700,212.53,198.8,199.2
2711,2021-08-10 10:34:00,199.8,203.85,194.15,203.85,46350,1352700,212.48,203.55,203.95
2712,2021-08-10 10:35:00,203.6,209.15,202.65,209.15,68900,1364150,212.44,209.25,209.7
2713,2021-08-10 10:36:00,209.95,213.9,208.85,209.6,99175,1364150,212.43,209.3,209.8
2714,2021-08-10 10:37:00,210.5,211.75,207.0,207.1,52475,1364150,212.41,207.1,207.5
2715,2021-08-10 10:38:00,207.4,207.75,201.4,201.4,42800,1368725,212.39,201.25,201.6
2716,2021-08-10 10:39:00,202.45,205.5,199.6,204.85,54675,1368725,212.34,204.4,204.9
2717,2021-08-10 10:40:00,205.55,206.95,203.65,204.0,34300,1368725,212.32,203.45,203.95
2718,2021-08-10 10:41:00,203.85,203.85,196.2,198.65,65900,1383475,212.25,198.4,198.7
2719,2021-08-10 10:42:00,198.25,203.7,198.25,201.25,39475,1383475,212.21,201.15,201.75
2720,2021-08-10 10:43:00,201.85,201.85,193.3,199.6,64450,1383475,212.14,199.45,199.65
2721,2021-08-10 10:44:00,199.25,199.25,192.3,195.6,59075,1390900,212.06,195.6,196.2
2722,2021-08-10 10:45:00,195.65,196.4,190.45,191.55,61275,1390900,211.97,191.1,191.6
2723,2021-08-10 10:46:00,190.05,197.0,190.0,196.75,75975,1390900,211.86,196.8,197.35
2724,2021-08-10 10:47:00,197.25,199.0,195.65,199.0,40850,1400500,211.81,198.95,199.45
2725,2021-08-10 10:48:00,200.15,205.1,198.85,205.0,60650,1400500,211.77,204.45,204.95
2726,2021-08-10 10:49:00,205.0,207.8,202.75,205.05,59525,1400500,211.74,204.5,204.85
2727,2021-08-10 10:50:00,203.25,205.0,200.5,202.2,43050,1389700,211.71,201.85,202.4
2728,2021-08-10 10:51:00,203.7,203.7,200.85,201.5,19575,1389700,211.69,201.05,201.55
2729,2021-08-10 10:52:00,201.4,219.45,197.3,217.65,144825,1389700,211.68,217.7,218.25
2730,2021-08-10 10:53:00,218.0,229.45,216.45,229.05,223925,1381100,211.86,229.1,229.75
2731,2021-08-10 10:54:00,229.45,231.75,220.55,226.9,221250,1381100,212.11,226.95,227.55
2732,2021-08-10 10:55:00,225.85,229.7,218.3,218.3,142750,1381100,212.24,218.25,218.8
2733,2021-08-10 10:56:00,217.6,231.35,217.6,228.8,214400,1380550,212.48,228.15,228.7
2734,2021-08-10 10:57:00,228.55,234.5,227.1,229.7,176575,1380550,212.72,229.2,229.75
2735,2021-08-10 10:58:00,228.95,228.95,219.25,226.55,102450,1380550,212.8,226.65,227.1
2736,2021-08-10 10:59:00,226.9,228.55,223.7,223.7,69350,1414725,212.86,223.35,223.75
2737,2021-08-10 11:00:00,221.1,223.3,214.0,220.5,128800,1414725,212.91,220.0,220.65
2738,2021-08-10 11:01:00,220.5,221.2,217.2,217.2,67200,1414725,212.94,217.25,217.8
2739,2021-08-10 11:02:00,216.6,219.15,214.1,216.45,68125,1437650,212.96,216.25,216.75
2740,2021-08-10 11:03:00,217.05,217.05,211.05,213.4,69600,1437650,212.96,213.05,213.45
2741,2021-08-10 11:04:00,212.6,219.65,211.85,219.15,54025,1437650,212.97,219.1,219.6
2742,2021-08-10 11:05:00,218.0,227.1,218.0,222.2,112375,1429875,213.06,221.55,222.15
2743,2021-08-10 11:06:00,221.85,230.95,221.6,229.2,126225,1429875,213.18,229.25,229.7
2744,2021-08-10 11:07:00,229.0,229.0,223.45,227.0,74450,1429875,213.25,226.35,226.85
2745,2021-08-10 11:08:00,226.3,227.75,221.5,222.2,53350,1430950,213.29,222.05,222.5
2746,2021-08-10 11:09:00,222.65,227.2,221.1,221.1,54150,1430950,213.33,221.25,221.8
2747,2021-08-10 11:10:00,221.45,225.8,213.6,215.25,91750,1430950,213.37,214.8,215.3
2748,2021-08-10 11:11:00,216.0,216.0,199.45,205.2,191725,1424200,213.27,205.3,205.6
2749,2021-08-10 11:12:00,204.9,206.2,199.25,200.6,104850,1424200,213.19,200.5,201.05
2750,2021-08-10 11:13:00,200.5,203.6,199.8,202.95,86475,1424200,213.13,202.45,202.8
2751,2021-08-10 11:14:00,203.85,206.55,198.4,202.8,105200,1430775,213.05,202.3,202.95
2752,2021-08-10 11:15:00,200.5,210.0,197.7,208.0,86875,1430775,213.0,207.65,208.0
2753,2021-08-10 11:16:00,208.65,211.9,202.55,204.25,90700,1430775,212.98,204.2,204.7
2754,2021-08-10 11:17:00,204.85,211.45,204.0,208.05,48975,1440825,212.96,207.35,207.95
2755,2021-08-10 11:18:00,207.0,210.1,204.25,207.85,42100,1440825,212.95,207.15,207.55
2756,2021-08-10 11:19:00,206.6,208.35,203.15,206.35,37300,1440825,212.93,206.35,206.7
2757,2021-08-10 11:20:00,205.75,207.15,202.8,205.65,42125,1443150,212.91,204.6,205.15
2758,2021-08-10 11:21:00,205.4,205.4,200.0,203.6,40425,1443150,212.88,203.45,203.9
2759,2021-08-10 11:22:00,204.7,206.75,203.35,205.8,31125,1443150,212.87,205.5,205.95
2760,2021-08-10 11:23:00,205.4,208.0,205.0,206.2,27600,1445250,212.86,206.25,206.75
2761,2021-08-10 11:24:00,206.25,209.5,204.0,208.3,33250,1445250,212.84,208.35,208.85
2762,2021-08-10 11:25:00,208.15,212.3,206.05,208.55,54250,1445250,212.83,208.25,208.8
2763,2021-08-10 11:26:00,208.65,211.0,207.9,208.0,35775,1447275,212.83,208.0,208.55
2764,2021-08-10 11:27:00,208.0,211.3,206.45,207.55,35775,1447275,212.82,207.45,207.95
2765,2021-08-10 11:28:00,207.95,207.95,200.0,204.6,62900,1447275,212.78,203.75,204.25
2766,2021-08-10 11:29:00,203.0,205.65,202.3,203.7,32800,1455675,212.76,203.2,203.75
2767,2021-08-10 11:30:00,203.05,206.75,202.1,206.4,30450,1455675,212.74,206.4,206.9
2768,2021-08-10 11:31:00,207.8,210.55,206.55,209.75,44275,1455675,212.73,209.65,210.2
2769,2021-08-10 11:32:00,209.6,210.25,206.0,209.3,28450,1457825,212.72,208.8,209.3
2770,2021-08-10 11:33:00,210.0,210.0,206.15,208.9,33750,1457825,212.71,208.5,209.0
2771,2021-08-10 11:34:00,209.0,215.95,208.0,214.4,47250,1457825,212.71,214.0,214.35
2772,2021-08-10 11:35:00,215.5,220.4,211.0,214.25,96825,1453475,212.73,214.15,214.65
2773,2021-08-10 11:36:00,214.65,216.15,208.45,210.0,54900,1453475,212.73,209.55,209.95
2774,2021-08-10 11:37:00,209.05,211.25,204.95,209.95,52200,1453475,212.71,209.65,210.0
2775,2021-08-10 11:38:00,210.0,212.35,208.2,208.2,30525,1461225,212.71,208.05,208.4
2776,2021-08-10 11:39:00,207.75,211.85,206.8,210.45,31475,1461225,212.7,210.65,211.25
2777,2021-08-10 11:40:00,210.95,210.95,205.25,206.65,42250,1461225,212.69,206.05,206.25
2778,2021-08-10 11:41:00,206.1,208.45,205.2,206.75,22325,1472500,212.68,206.4,206.95
2779,2021-08-10 11:42:00,207.2,208.1,206.25,207.0,14375,1472500,212.68,207.0,207.25
2780,2021-08-10 11:43:00,206.7,209.85,205.7,209.25,19350,1472500,212.67,209.4,209.75
2781,2021-08-10 11:44:00,210.0,211.95,209.6,210.25,35175,1483150,212.67,209.8,210.2
2782,2021-08-10 11:45:00,210.05,213.55,209.95,212.4,44750,1483150,212.67,212.0,212.45
2783,2021-08-10 11:46:00,211.85,216.2,201.9,201.9,83000,1483150,212.65,202.5,202.95
2784,2021-08-10 11:47:00,202.75,209.4,191.7,209.4,154175,1474175,212.53,208.65,209.0
2785,2021-08-10 11:48:00,209.35,223.9,209.35,221.5,199600,1474175,212.6,221.5,222.0
2786,2021-08-10 11:49:00,221.95,228.35,220.0,221.35,172000,1474175,212.72,221.3,221.9
2787,2021-08-10 11:50:00,221.15,226.3,220.55,226.3,93150,1487225,212.77,225.65,226.3
2788,2021-08-10 11:51:00,224.3,225.45,215.55,218.95,77550,1487225,212.8,218.25,218.9
2789,2021-08-10 11:52:00,216.1,220.2,213.2,220.05,56075,1487225,212.81,220.05,220.8
2790,2021-08-10 11:53:00,222.0,227.2,218.25,218.3,115100,1487850,212.89,217.65,218.3
2791,2021-08-10 11:54:00,218.0,222.05,215.2,216.15,37975,1487850,212.9,215.6,216.15
2792,2021-08-10 11:55:00,216.4,216.7,211.1,212.3,64750,1487850,212.9,211.55,212.0
2793,2021-08-10 11:56:00,212.95,221.75,212.95,219.4,53300,1488625,212.92,219.2,219.8
2794,2021-08-10 11:57:00,219.8,226.0,219.8,224.2,78350,1488625,212.97,223.45,224.15
2795,2021-08-10 11:58:00,224.2,227.0,219.45,220.0,93900,1488625,213.03,220.0,220.4
2796,2021-08-10 11:59:00,221.05,227.65,220.6,225.4,68600,1492325,213.07,225.05,225.7
2797,2021-08-10 12:00:00,224.05,230.0,218.0,221.6,143725,1492325,213.16,221.45,222.05
2798,2021-08-10 12:01:00,221.65,222.9,218.5,222.0,60075,1492325,213.19,221.75,222.0
2799,2021-08-10 12:02:00,221.8,221.8,218.15,220.95,42150,1509775,213.2,220.95,221.4
2800,2021-08-10 12:03:00,221.3,222.8,217.85,220.1,44875,1509775,213.22,220.15,220.65
2801,2021-08-10 12:04:00,219.85,221.0,218.5,219.3,28275,1509775,213.23,218.85,219.35
2802,2021-08-10 12:05:00,219.15,219.95,207.4,212.95,132800,1506475,213.22,212.95,213.5
2803,2021-08-10 12:06:00,213.7,219.0,213.7,218.35,40375,1506475,213.23,218.25,218.7
2804,2021-08-10 12:07:00,216.65,222.0,214.5,217.2,54925,1506475,213.25,216.65,217.2
2805,2021-08-10 12:08:00,217.45,220.5,214.5,217.25,31700,1506475,213.25,217.25,217.6
2806,2021-08-10 12:09:00,217.25,217.6,214.3,217.15,27625,1512150,213.26,217.25,217.9
2807,2021-08-10 12:10:00,217.35,218.1,214.8,216.65,23125,1512150,213.26,216.1,216.55
2808,2021-08-10 12:11:00,216.75,217.45,209.2,210.0,50325,1512150,213.26,209.65,209.95
2809,2021-08-10 12:12:00,208.6,216.0,205.0,215.85,77400,1512475,213.25,216.45,216.95
2810,2021-08-10 12:13:00,216.9,220.0,214.6,214.6,58025,1512475,213.26,214.5,214.8
2811,2021-08-10 12:14:00,214.5,217.0,212.0,213.9,36350,1512475,213.27,214.4,215.0
2812,2021-08-10 12:15:00,214.1,214.1,206.3,212.25,68675,1518575,213.26,212.3,212.65
2813,2021-08-10 12:16:00,211.5,215.3,208.65,215.25,50175,1518575,213.25,214.8,215.25
2814,2021-08-10 12:17:00,214.85,220.15,213.4,218.8,75575,1518575,213.27,219.15,219.45
2815,2021-08-10 12:18:00,219.15,219.6,214.35,217.45,29450,1516975,213.28,217.1,217.65
2816,2021-08-10 12:19:00,217.3,217.9,211.65,215.8,37175,1516975,213.28,215.0,215.5
2817,2021-08-10 12:20:00,215.0,217.75,212.3,212.8,38175,1516975,213.28,212.8,213.35
2818,2021-08-10 12:21:00,212.8,216.95,212.7,215.2,22800,1522750,213.29,214.95,215.3
2819,2021-08-10 12:22:00,215.0,215.0,207.85,212.9,73500,1522750,213.28,212.7,213.2
2820,2021-08-10 12:23:00,213.2,215.0,212.05,213.55,29675,1522750,213.28,213.55,214.05
2821,2021-08-10 12:24:00,214.05,215.0,208.65,211.35,38000,1526300,213.28,211.3,211.8
2822,2021-08-10 12:25:00,211.35,215.3,211.35,214.35,35125,1526300,213.28,214.1,214.5
2823,2021-08-10 12:26:00,214.55,215.15,211.0,211.55,27025,1526300,213.28,211.7,212.25
2824,2021-08-10 12:27:00,211.9,214.7,211.2,214.7,18475,1532700,213.28,214.2,214.8
2825,2021-08-10 12:28:00,214.7,215.0,210.0,210.6,34250,1532700,213.27,210.8,211.45
2826,2021-08-10 12:29:00,211.35,213.85,207.45,210.35,50375,1532700,213.27,210.15,210.75
2827,2021-08-10 12:30:00,209.9,212.3,208.15,209.9,41975,1543700,213.26,209.3,209.9
2828,2021-08-10 12:31:00,208.15,210.45,196.75,206.4,156300,1543700,213.19,206.0,206.35
2829,2021-08-10 12:32:00,206.35,206.35,199.8,204.1,90775,1543700,213.14,204.15,204.6
2830,2021-08-10 12:33:00,205.05,207.45,203.45,204.85,44425,1522925,213.12,204.35,204.8
2831,2021-08-10 12:34:00,204.4,207.25,204.3,207.25,59875,1522925,213.1,207.2,207.25
2832,2021-08-10 12:35:00,207.55,208.0,200.55,202.1,58475,1522925,213.07,201.7,202.1
2833,2021-08-10 12:36:00,200.1,207.1,196.9,207.0,106650,1551875,213.02,206.45,206.85
2834,2021-08-10 12:37:00,207.05,207.8,200.2,201.3,53075,1551875,212.99,200.65,201.2
2835,2021-08-10 12:38:00,199.2,204.55,198.75,199.85,45325,1551875,212.97,199.55,200.05
2836,2021-08-10 12:39:00,199.4,204.3,199.4,203.75,43625,1550350,212.94,203.55,204.1
2837,2021-08-10 12:40:00,203.25,205.3,181.05,181.05,243200,1550350,212.68,180.8,181.45
2838,2021-08-10 12:41:00,184.95,196.15,184.95,189.1,150250,1550350,212.52,189.05,189.65
2839,2021-08-10 12:42:00,189.15,196.5,189.05,195.5,87150,1525600,212.44,195.1,195.5
2840,2021-08-10 12:43:00,195.55,201.0,194.65,200.15,76675,1525600,212.39,199.5,200.05
2841,2021-08-10 12:44:00,200.75,200.75,196.35,198.15,35200,1525600,212.37,198.1,198.75
2842,2021-08-10 12:45:00,197.3,200.0,191.1,198.8,72250,1525425,212.31,198.25,198.75
2843,2021-08-10 12:46:00,198.8,199.0,192.65,194.5,47225,1525425,212.27,194.45,194.9
2844,2021-08-10 12:47:00,193.65,200.65,193.65,200.0,56700,1525425,212.24,199.55,200.0
2845,2021-08-10 12:48:00,200.4,200.4,193.95,196.1,43800,1525325,212.2,196.05,196.55
2846,2021-08-10 12:49:00,195.1,198.3,191.35,191.35,70150,1525325,212.15,191.45,191.95
2847,2021-08-10 12:50:00,192.45,197.35,189.5,196.95,104800,1525325,212.05,196.6,197.0
2848,2021-08-10 12:51:00,196.45,197.0,190.15,193.65,61550,1533925,212.0,193.55,193.85
2849,2021-08-10 12:52:00,193.8,194.1,184.3,187.6,90825,1533925,211.9,187.0,187.6
2850,2021-08-10 12:53:00,186.35,191.8,182.75,190.6,88950,1533925,211.8,190.6,191.1
2851,2021-08-10 12:54:00,191.2,194.95,190.9,192.4,56325,1532150,211.75,192.4,192.8
2852,2021-08-10 12:55:00,192.85,193.65,187.0,189.75,48450,1532150,211.7,189.75,190.3
2853,2021-08-10 12:56:00,189.6,193.0,184.3,187.3,60225,1532150,211.64,186.7,187.3
2854,2021-08-10 12:57:00,185.75,192.0,185.2,190.8,50750,1533125,211.59,190.3,190.85
2855,2021-08-10 12:58:00,190.8,190.9,185.45,188.95,41525,1533125,211.54,188.8,189.2
2856,2021-08-10 12:59:00,189.25,189.25,180.45,181.05,110375,1533125,211.4,180.9,181.4
2857,2021-08-10 13:00:00,182.4,189.55,173.2,189.3,209725,1545250,211.11,188.65,189.25
2858,2021-08-10 13:01:00,188.9,188.9,184.7,184.95,55725,1545250,211.05,184.45,184.95
2859,2021-08-10 13:02:00,183.8,188.0,183.0,187.3,35000,1545250,211.01,187.6,187.95
2860,2021-08-10 13:03:00,187.95,205.5,187.35,205.5,159500,1535350,210.9,203.05,205.5
2861,2021-08-10 13:04:00,204.9,220.3,204.9,213.55,458400,1535350,210.97,212.9,213.55
2862,2021-08-10 13:05:00,213.8,217.0,206.45,208.6,147400,1535350,210.97,208.25,208.65
2863,2021-08-10 13:06:00,208.8,218.2,208.15,210.35,156525,1468725,210.99,210.4,210.9
2864,2021-08-10 13:07:00,210.1,212.8,205.0,212.8,84375,1468725,210.98,211.85,212.3
2865,2021-08-10 13:08:00,211.75,211.9,205.1,206.75,66325,1468725,210.97,206.65,207.0
2866,2021-08-10 13:09:00,206.75,207.65,203.45,204.0,67775,1511700,210.95,204.0,204.35
2867,2021-08-10 13:10:00,203.85,208.9,200.35,208.6,68700,1511700,210.94,208.15,208.65
2868,2021-08-10 13:11:00,208.05,211.2,204.0,206.9,72150,1511700,210.93,206.55,207.0
2869,2021-08-10 13:12:00,207.95,209.0,193.5,194.8,104525,1528875,210.88,194.6,195.05
2870,2021-08-10 13:13:00,194.65,201.5,194.65,199.1,68850,1528875,210.84,199.4,199.65
2871,2021-08-10 13:14:00,199.05,200.75,193.4,193.75,67625,1528875,210.8,193.3,193.8
2872,2021-08-10 13:15:00,193.65,194.1,184.45,188.65,150850,1527700,210.66,188.1,188.55
2873,2021-08-10 13:16:00,188.15,194.2,185.85,193.75,84075,1527700,210.59,193.05,193.75
2874,2021-08-10 13:17:00,193.95,200.0,193.05,200.0,90125,1527700,210.54,199.55,200.0
2875,2021-08-10 13:18:00,200.0,200.3,195.0,196.75,46675,1546450,210.51,196.3,196.8
2876,2021-08-10 13:19:00,196.6,198.9,192.2,192.2,43825,1546450,210.48,192.5,192.95
2877,2021-08-10 13:20:00,191.95,195.45,189.9,194.1,50950,1546450,210.45,193.45,194.05
2878,2021-08-10 13:21:00,193.9,193.9,188.05,188.5,47350,1546325,210.41,188.5,188.75
2879,2021-08-10 13:22:00,189.15,193.9,188.5,192.05,39475,1546325,210.37,191.85,192.05
2880,2021-08-10 13:23:00,192.8,198.05,191.75,197.75,41950,1546325,210.35,197.2,197.8
2881,2021-08-10 13:24:00,196.65,197.65,190.1,194.0,41200,1553075,210.32,193.6,194.0
2882,2021-08-10 13:25:00,193.9,194.15,185.95,187.0,69050,1553075,210.26,186.65,187.1
2883,2021-08-10 13:26:00,187.85,191.25,187.3,190.25,25300,1553075,210.24,190.0,190.35
2884,2021-08-10 13:27:00,190.0,191.6,188.5,191.5,26225,1564150,210.22,191.05,191.3
2885,2021-08-10 13:28:00,193.85,195.6,190.0,193.1,58525,1564150,210.18,193.05,193.45
2886,2021-08-10 13:29:00,193.05,193.05,188.95,189.0,27025,1564150,210.15,188.9,189.45
2887,2021-08-10 13:30:00,189.6,194.35,189.6,194.35,29700,1573100,210.13,193.8,194.3
2888,2021-08-10 13:31:00,193.75,196.05,190.65,193.15,40750,1573100,210.11,192.75,193.25
2889,2021-08-10 13:32:00,193.4,197.4,190.6,194.95,51625,1573100,210.07,194.55,194.95
2890,2021-08-10 13:33:00,194.55,195.5,189.95,191.25,48975,1577675,210.04,191.0,191.25
2891,2021-08-10 13:34:00,191.8,192.5,188.0,190.1,38425,1577675,210.01,189.7,190.15
2892,2021-08-10 13:35:00,189.9,193.95,189.05,192.6,34425,1577675,209.98,192.1,192.55
2893,2021-08-10 13:36:00,192.15,195.15,192.15,194.6,34900,1587450,209.96,194.75,195.0
2894,2021-08-10 13:37:00,195.05,201.4,193.55,198.7,107450,1587450,209.91,198.4,198.8
2895,2021-08-10 13:38:00,199.0,203.55,198.95,200.75,84275,1587450,209.88,200.25,200.85
2896,2021-08-10 13:39:00,200.6,203.0,196.1,198.45,63250,1592400,209.86,198.15,198.65
2897,2021-08-10 13:40:00,198.15,198.15,193.15,197.25,58600,1592400,209.82,196.6,197.1
2898,2021-08-10 13:41:00,195.0,197.7,193.7,196.2,37100,1592400,209.8,195.65,196.15
2899,2021-08-10 13:42:00,195.15,196.6,191.1,193.05,44050,1595750,209.78,192.55,192.9
2900,2021-08-10 13:43:00,192.0,192.55,188.0,191.2,78100,1595750,209.71,191.35,191.55
2901,2021-08-10 13:44:00,191.7,194.65,191.05,192.95,39400,1595750,209.69,192.45,192.95
2902,2021-08-10 13:45:00,192.4,192.75,188.05,188.5,53400,1599600,209.65,188.15,188.25
2903,2021-08-10 13:46:00,188.55,193.7,187.2,192.6,42725,1599600,209.62,192.05,192.6
2904,2021-08-10 13:47:00,192.5,192.5,188.4,190.4,26950,1599600,209.6,189.85,190.4
2905,2021-08-10 13:48:00,189.45,191.0,187.0,187.7,36300,1612050,209.56,187.95,188.45
2906,2021-08-10 13:49:00,187.6,187.6,176.0,180.05,215500,1612050,209.31,179.5,180.1
2907,2021-08-10 13:50:00,180.15,185.0,175.0,175.15,86525,1612050,209.21,174.8,175.4
2908,2021-08-10 13:51:00,175.5,178.85,147.55,147.55,298925,1592550,208.68,147.35,147.85
2909,2021-08-10 13:52:00,152.4,162.0,141.35,159.8,305275,1592550,208.03,159.2,159.75
2910,2021-08-10 13:53:00,159.85,160.4,152.55,159.95,136000,1592550,207.77,159.5,159.95
2911,2021-08-10 13:54:00,159.8,159.8,140.4,141.3,191475,1610500,207.36,140.75,141.35
2912,2021-08-10 13:55:00,139.85,153.0,139.85,146.45,159275,1610500,207.0,146.45,146.85
2913,2021-08-10 13:56:00,146.35,150.6,139.65,148.0,187450,1610500,206.57,147.9,148.2
2914,2021-08-10 13:57:00,148.0,149.8,143.9,149.55,124900,1613725,206.31,149.0,149.3
2915,2021-08-10 13:58:00,148.9,157.7,148.7,153.05,167325,1613725,205.99,152.5,152.95
2916,2021-08-10 13:59:00,153.1,154.55,142.95,142.95,85575,1613725,205.81,142.9,143.25
2917,2021-08-10 14:00:00,142.65,143.35,128.0,134.3,231650,1617200,205.22,133.75,134.25
2918,2021-08-10 14:01:00,133.75,134.85,120.25,120.95,238500,1617200,204.56,120.85,121.4
2919,2021-08-10 14:02:00,120.85,132.0,120.85,129.05,186975,1617200,204.05,128.65,129.1
2920,2021-08-10 14:03:00,128.0,136.55,126.9,136.55,114175,1578125,203.76,136.6,136.8
2921,2021-08-10 14:04:00,136.9,137.9,131.25,132.95,102600,1578125,203.51,132.5,132.9
2922,2021-08-10 14:05:00,132.75,134.25,125.0,125.75,97375,1578125,203.26,125.35,125.7
2923,2021-08-10 14:06:00,124.05,124.85,116.65,118.95,159000,1565175,202.8,118.95,119.0
2924,2021-08-10 14:07:00,119.5,130.65,115.55,128.45,163075,1565175,202.35,128.35,128.8
2925,2021-08-10 14:08:00,128.7,130.25,118.4,125.2,106600,1565175,202.07,125.1,125.5
2926,2021-08-10 14:09:00,123.35,124.45,113.0,114.75,114925,1574975,201.74,114.55,114.85
2927,2021-08-10 14:10:00,114.25,114.25,105.75,108.0,249750,1574975,200.97,107.85,108.2
2928,2021-08-10 14:11:00,108.2,114.0,103.2,111.85,182475,1574975,200.4,111.0,111.35
2929,2021-08-10 14:12:00,109.45,113.6,107.15,110.85,119725,1551100,200.03,110.35,110.7
2930,2021-08-10 14:13:00,110.9,113.3,105.75,105.85,133225,1551100,199.63,105.95,106.25
2931,2021-08-10 14:14:00,105.85,108.75,98.0,108.35,249475,1551100,198.83,108.35,108.55
2932,2021-08-10 14:15:00,107.7,118.0,101.75,117.1,235075,1468175,198.14,116.85,117.25
2933,2021-08-10 14:16:00,117.35,125.65,115.5,122.55,187100,1468175,197.66,122.5,122.8
2934,2021-08-10 14:17:00,120.65,120.65,108.1,113.2,134900,1468175,197.29,112.85,113.0
2935,2021-08-10 14:18:00,113.2,116.1,110.0,110.15,95750,1441500,197.02,110.05,110.3
2936,2021-08-10 14:19:00,110.4,115.0,110.2,114.95,60850,1441500,196.86,114.95,115.1
2937,2021-08-10 14:20:00,116.05,122.8,114.5,117.15,118600,1441500,196.56,117.0,117.3
2938,2021-08-10 14:21:00,117.6,120.45,114.7,118.45,85475,1431925,196.34,118.4,118.6
2939,2021-08-10 14:22:00,118.0,118.85,112.0,117.55,81775,1431925,196.12,117.35,117.6
2940,2021-08-10 14:23:00,116.7,122.05,116.15,121.0,60350,1431925,195.98,120.95,121.25
2941,2021-08-10 14:24:00,120.1,122.0,115.9,117.2,68700,1433175,195.81,117.25,117.5
2942,2021-08-10 14:25:00,117.35,117.8,111.4,115.8,68050,1433175,195.63,115.55,115.75
2943,2021-08-10 14:26:00,115.6,119.55,114.8,116.4,48700,1433175,195.51,116.6,116.85
2944,2021-08-10 14:27:00,116.9,118.8,112.9,114.0,50100,1442475,195.38,113.9,114.1
2945,2021-08-10 14:28:00,113.75,113.9,107.75,108.15,127425,1442475,195.04,108.0,108.2
2946,2021-08-10 14:29:00,108.75,113.4,105.0,112.2,100275,1442475,194.76,111.8,112.2
2947,2021-08-10 14:30:00,113.0,115.0,112.1,113.2,61350,1455525,194.61,113.2,113.5
2948,2021-08-10 14:31:00,113.3,113.3,106.5,108.85,65275,1455525,194.43,108.7,109.1
2949,2021-08-10 14:32:00,107.8,108.75,102.9,108.4,87525,1455525,194.19,108.25,108.65
2950,2021-08-10 14:33:00,109.0,112.05,107.95,111.15,46700,1453200,194.07,111.1,111.45
2951,2021-08-10 14:34:00,111.9,111.9,107.5,110.65,43375,1453200,193.95,110.7,111.0
2952,2021-08-10 14:35:00,110.8,115.5,107.45,115.5,49000,1453200,193.83,115.3,115.5
2953,2021-08-10 14:36:00,115.9,123.0,115.1,122.65,137850,1435275,193.51,122.65,122.75
2954,2021-08-10 14:37:00,123.5,125.65,120.6,120.75,116250,1435275,193.25,120.25,120.6
2955,2021-08-10 14:38:00,120.9,124.45,120.8,121.55,60625,1435275,193.12,121.6,121.9
2956,2021-08-10 14:39:00,121.05,122.25,114.85,119.25,87900,1445700,192.92,119.1,119.3
2957,2021-08-10 14:40:00,119.25,120.7,116.25,116.35,55125,1445700,192.79,116.1,116.45
2958,2021-08-10 14:41:00,116.0,119.2,114.3,118.8,43650,1445700,192.69,118.45,118.6
2959,2021-08-10 14:42:00,119.0,119.5,114.6,116.0,38500,1428925,192.6,115.85,116.0
2960,2021-08-10 14:43:00,115.4,117.35,112.7,115.7,33325,1428925,192.52,115.35,115.55
2961,2021-08-10 14:44:00,115.8,115.8,109.9,112.6,55275,1428925,192.38,112.35,112.65
2962,2021-08-10 14:45:00,112.5,114.45,109.8,113.5,49850,1429500,192.26,113.4,113.6
2963,2021-08-10 14:46:00,113.55,118.4,113.55,117.05,48400,1429500,192.15,117.0,117.15
2964,2021-08-10 14:47:00,117.55,119.2,116.25,116.45,58550,1429500,192.01,116.3,116.5
2965,2021-08-10 14:48:00,116.0,120.2,116.0,119.65,59050,1429850,191.88,119.55,119.75
2966,2021-08-10 14:49:00,119.45,119.85,114.3,116.55,63150,1429850,191.74,116.55,116.75
2967,2021-08-10 14:50:00,116.65,118.8,114.8,118.4,45475,1429850,191.63,118.55,118.75
2968,2021-08-10 14:51:00,118.6,119.4,115.1,116.75,41000,1430700,191.54,116.65,116.95
2969,2021-08-10 14:52:00,116.75,117.9,114.8,116.7,33300,1430700,191.46,116.75,116.85
2970,2021-08-10 14:53:00,117.05,118.7,115.1,115.95,28825,1430700,191.4,115.8,116.05
2971,2021-08-10 14:54:00,115.95,119.25,115.55,119.15,45850,1419775,191.3,119.2,119.35
2972,2021-08-10 14:55:00,119.95,122.7,117.75,117.75,96900,1419775,191.09,117.8,118.0
2973,2021-08-10 14:56:00,118.55,118.95,116.2,118.3,34825,1419775,191.01,118.55,118.7
2974,2021-08-10 14:57:00,118.85,122.65,118.85,120.3,76900,1411075,190.85,120.1,120.25
2975,2021-08-10 14:58:00,119.45,120.4,118.1,120.0,35075,1411075,190.77,120.15,120.35
2976,2021-08-10 14:59:00,120.2,120.2,118.0,119.8,37875,1411075,190.69,119.65,119.85
2977,2021-08-10 15:00:00,120.85,125.4,119.35,124.25,90000,1398450,190.51,124.2,124.5
2978,2021-08-10 15:01:00,123.6,124.45,121.85,123.1,41000,1398450,190.43,123.05,123.35
2979,2021-08-10 15:02:00,123.35,129.6,122.8,127.35,90525,1398450,190.25,127.3,127.65
2980,2021-08-10 15:03:00,127.75,128.75,118.3,118.3,111750,1371300,190.03,118.25,118.5
2981,2021-08-10 15:04:00,118.35,120.3,109.85,116.3,116900,1371300,189.77,116.0,116.35
2982,2021-08-10 15:05:00,117.1,119.25,115.1,117.4,79575,1371300,189.6,117.35,117.6
2983,2021-08-10 15:06:00,117.55,118.5,116.75,117.5,37525,1377275,189.52,117.35,117.5
2984,2021-08-10 15:07:00,117.85,118.5,116.6,117.5,31025,1377275,189.46,117.6,117.85
2985,2021-08-10 15:08:00,117.9,119.55,116.9,117.1,46050,1377275,189.36,116.8,117.05
2986,2021-08-10 15:09:00,117.45,118.95,117.0,118.0,43225,1364975,189.27,117.85,118.15
2987,2021-08-10 15:10:00,119.4,128.15,119.25,127.2,149550,1364975,188.98,127.0,127.15
2988,2021-08-10 15:11:00,127.3,127.65,123.05,125.4,113650,1364975,188.77,125.25,125.55
2989,2021-08-10 15:12:00,126.25,126.6,122.9,125.5,70400,1310050,188.64,125.4,125.7
2990,2021-08-10 15:13:00,125.45,125.5,121.55,123.6,54775,1310050,188.54,123.4,123.65
2991,2021-08-10 15:14:00,123.75,124.35,122.5,123.0,62400,1310050,188.42,122.75,123.0
2992,2021-08-10 15:15:00,123.5,125.35,123.45,124.25,94475,1275675,188.24,124.35,124.5
2993,2021-08-10 15:16:00,123.9,124.4,116.9,117.4,93800,1275675,188.06,117.5,117.7
2994,2021-08-10 15:17:00,117.95,118.55,114.7,116.65,71325,1275675,187.92,116.65,116.8
2995,2021-08-10 15:18:00,116.45,120.3,116.45,119.0,64700,1235950,187.79,118.75,119.0
2996,2021-08-10 15:19:00,119.15,120.7,118.5,119.75,47425,1235950,187.7,119.75,120.05
2997,2021-08-10 15:20:00,120.25,125.75,120.25,125.15,92700,1235950,187.53,125.2,125.4
2998,2021-08-10 15:21:00,125.15,125.15,120.65,123.2,71000,1179475,187.39,123.15,123.25
2999,2021-08-10 15:22:00,123.45,123.65,119.4,122.45,100225,1179475,187.21,122.25,122.45
3000,2021-08-10 15:23:00,123.3,124.7,121.7,122.55,54700,1179475,187.11,122.6,122.9
3001,2021-08-10 15:24:00,122.7,124.05,122.2,123.1,95650,1110825,186.93,122.9,123.15
3002,2021-08-10 15:25:00,124.75,124.8,115.35,117.05,186325,1110825,186.59,117.05,117.45
3003,2021-08-10 15:26:00,122.25,122.5,118.3,120.45,43925,1110825,186.5,120.45,120.75
3004,2021-08-10 15:27:00,121.05,122.0,120.0,120.0,35350,1021950,186.44,119.8,120.0
3005,2021-08-10 15:28:00,121.0,121.75,119.5,120.0,39825,1021950,186.36,119.7,120.0
3006,2021-08-10 15:29:00,121.0,121.75,119.5,120.0,39825,1021950,186.36,119.7,120.0
3007,2021-08-10 15:30:00,119.65,120.0,115.0,115.0,62925,1021950,186.24,115.65,118.0
3008,2021-08-11 09:15:00,121.65,168.4,121.65,154.05,397025,991675,155.01,153.45,154.0
3009,2021-08-11 09:16:00,153.25,165.3,147.9,150.0,313075,991675,155.41,149.4,149.95
3010,2021-08-11 09:17:00,149.05,150.95,139.3,143.5,255875,1170600,152.52,142.6,143.1
3011,2021-08-11 09:18:00,142.0,148.85,134.55,144.4,263500,1170600,150.35,143.7,144.2
3012,2021-08-11 09:19:00,143.45,151.65,136.2,149.3,248500,1170600,149.37,148.75,149.3
3013,2021-08-11 09:20:00,148.6,153.55,144.85,150.15,221325,1329600,149.37,149.75,150.25
3014,2021-08-11 09:21:00,148.85,148.85,140.0,143.1,159925,1329600,148.93,142.95,143.25
3015,2021-08-11 09:22:00,142.1,144.65,137.8,137.9,171025,1329600,148.2,137.7,138.05
3016,2021-08-11 09:23:00,137.75,142.95,132.55,141.2,150875,1431150,147.52,140.85,141.1
3017,2021-08-11 09:24:00,139.85,141.05,133.0,139.1,115025,1431150,147.0,138.8,139.2
3018,2021-08-11 09:25:00,138.1,141.65,134.15,137.45,101150,1431150,146.64,137.3,137.7
3019,2021-08-11 09:26:00,137.15,147.75,135.9,145.95,114450,1517850,146.46,145.55,146.0
3020,2021-08-11 09:27:00,144.1,145.5,141.0,142.6,80475,1517850,146.36,142.35,142.7
3021,2021-08-11 09:28:00,141.5,147.5,140.05,145.4,126100,1517850,146.25,145.4,145.85
3022,2021-08-11 09:29:00,146.0,150.75,144.2,148.1,146425,1567625,146.35,147.8,148.15
3023,2021-08-11 09:30:00,150.1,154.8,148.9,152.55,227625,1567625,146.76,152.15,152.6
3024,2021-08-11 09:31:00,152.45,153.45,149.25,149.8,138825,1567625,146.95,149.95,150.25
3025,2021-08-11 09:32:00,149.75,150.35,136.0,141.2,171250,1600475,146.7,140.75,141.2
3026,2021-08-11 09:33:00,141.45,144.4,138.2,138.2,81450,1600475,146.58,137.9,138.25
3027,2021-08-11 09:34:00,138.6,140.4,134.5,138.95,99700,1600475,146.33,138.5,138.9
3028,2021-08-11 09:35:00,137.85,138.15,130.35,136.15,107975,1643925,146.0,135.85,136.25
3029,2021-08-11 09:36:00,136.35,136.35,130.0,130.0,96575,1643925,145.65,130.0,130.2
3030,2021-08-11 09:37:00,127.8,130.0,117.05,121.05,235700,1643925,144.39,121.05,121.3
3031,2021-08-11 09:38:00,121.65,121.65,114.0,118.05,189075,1658825,143.21,117.9,118.25
3032,2021-08-11 09:39:00,116.65,118.65,109.75,111.0,180275,1658825,142.06,110.5,110.95
3033,2021-08-11 09:40:00,109.9,110.4,97.5,98.95,318575,1658825,139.57,98.7,99.0
3034,2021-08-11 09:41:00,98.5,105.85,94.55,99.5,214350,1636325,137.9,99.5,99.75
3035,2021-08-11 09:42:00,100.85,102.2,95.05,100.75,179600,1636325,136.54,100.35,100.8
3036,2021-08-11 09:43:00,100.2,102.5,98.85,101.35,89550,1636325,135.92,101.35,101.5
3037,2021-08-11 09:44:00,101.2,106.35,97.3,106.35,124650,1628650,135.11,106.2,106.35
3038,2021-08-11 09:45:00,105.45,116.45,104.55,113.35,237350,1628650,134.13,113.35,113.45
3039,2021-08-11 09:46:00,113.15,113.15,92.25,96.55,226250,1628650,132.96,96.65,96.9
3040,2021-08-11 09:47:00,98.9,99.25,90.0,93.55,141400,1671200,132.04,93.4,93.75
3041,2021-08-11 09:48:00,93.0,97.6,92.0,94.85,130725,1671200,131.23,94.8,94.9
3042,2021-08-11 09:49:00,94.5,100.4,93.75,96.85,96625,1671200,130.69,96.55,96.8
3043,2021-08-11 09:50:00,96.9,97.75,90.9,92.15,122125,1671200,129.99,92.1,92.35
3044,2021-08-11 09:51:00,91.45,100.15,91.25,100.15,120500,1671200,129.35,100.2,100.4
3045,2021-08-11 09:52:00,100.95,102.2,90.8,93.45,129700,1671200,128.71,93.15,93.45
3046,2021-08-11 09:53:00,90.9,95.0,87.2,89.65,141375,1650425,127.92,89.75,89.95
3047,2021-08-11 09:54:00,90.0,90.7,82.05,85.05,216300,1650425,126.61,84.7,85.05
3048,2021-08-11 09:55:00,84.15,89.6,83.6,87.1,157225,1650425,125.72,87.0,87.2
3049,2021-08-11 09:56:00,86.4,87.3,81.75,85.5,132250,1635550,124.97,85.5,85.65
3050,2021-08-11 09:57:00,85.35,88.0,83.25,87.55,151600,1635550,124.15,87.45,87.7
3051,2021-08-11 09:58:00,88.55,91.65,85.05,86.15,126925,1635550,123.56,86.2,86.35
3052,2021-08-11 09:59:00,84.9,89.5,84.8,86.4,60025,1616650,123.27,86.25,86.55
3053,2021-08-11 10:00:00,85.85,85.85,78.5,81.65,128650,1616650,122.56,81.6,81.7
3054,2021-08-11 10:01:00,82.2,85.5,81.15,82.95,71100,1616650,122.2,82.7,82.85
3055,2021-08-11 10:02:00,82.75,85.5,81.65,81.9,61325,1615375,121.9,81.65,81.85
3056,2021-08-11 10:03:00,81.6,81.6,73.35,76.75,187700,1615375,120.84,76.8,77.05
3057,2021-08-11 10:04:00,77.0,80.8,76.8,77.1,95825,1615375,120.34,76.8,77.05
3058,2021-08-11 10:05:00,76.7,78.75,75.25,77.75,97100,1628650,119.83,77.65,77.75
3059,2021-08-11 10:06:00,77.3,77.3,69.1,70.0,219250,1628650,118.58,70.0,70.25
3060,2021-08-11 10:07:00,69.15,69.55,66.2,67.75,183850,1628650,117.49,67.75,68.05
3061,2021-08-11 10:08:00,67.9,67.9,64.45,66.5,128800,1620500,116.73,66.5,66.75
3062,2021-08-11 10:09:00,65.7,66.65,63.8,65.25,168400,1620500,115.76,65.4,65.55
3063,2021-08-11 10:10:00,64.2,71.85,62.0,68.7,229350,1620500,114.57,68.6,68.75
3064,2021-08-11 10:11:00,69.35,69.6,65.4,66.8,148475,1627950,113.8,66.6,66.75
3065,2021-08-11 10:12:00,67.05,69.05,66.6,68.05,98900,1627950,113.31,67.85,68.0
3066,2021-08-11 10:13:00,67.55,69.3,67.25,68.45,86450,1627950,112.89,68.3,68.45
3067,2021-08-11 10:14:00,68.4,71.2,67.45,67.55,92825,1663000,112.47,67.35,67.55
3068,2021-08-11 10:15:00,67.0,70.85,65.6,69.55,78075,1663000,112.11,69.6,69.75
3069,2021-08-11 10:16:00,69.25,69.75,67.7,68.65,52350,1663000,111.87,68.65,68.9
3070,2021-08-11 10:17:00,68.85,71.8,67.75,71.8,58100,1668125,111.62,71.8,71.95
3071,2021-08-11 10:18:00,72.2,72.25,70.0,71.65,58950,1668125,111.38,71.45,71.65
3072,2021-08-11 10:19:00,71.65,74.35,71.65,73.2,86625,1668125,111.04,73.1,73.35
3073,2021-08-11 10:20:00,73.45,73.95,71.0,71.0,86075,1679925,110.71,70.9,71.1
3074,2021-08-11 10:21:00,71.1,74.5,70.75,72.6,70025,1679925,110.44,72.5,72.65
3075,2021-08-11 10:22:00,72.5,72.75,68.15,68.25,89150,1679925,110.08,68.1,68.25
3076,2021-08-11 10:23:00,68.15,69.5,65.75,67.05,61550,1683150,109.82,67.05,67.2
3077,2021-08-11 10:24:00,67.4,67.4,64.35,65.35,87200,1683150,109.45,65.3,65.55
3078,2021-08-11 10:25:00,65.15,67.05,64.55,65.6,58800,1683150,109.2,65.5,65.65
3079,2021-08-11 10:26:00,65.6,66.4,64.7,65.9,42250,1678200,109.02,65.85,66.1
3080,2021-08-11 10:27:00,66.2,66.35,65.0,65.35,42825,1678200,108.84,65.25,65.35
3081,2021-08-11 10:28:00,65.3,65.75,64.0,64.9,44075,1678200,108.66,64.7,65.0
3082,2021-08-11 10:29:00,65.1,66.25,60.0,60.9,91650,1672075,108.26,60.8,60.9
3083,2021-08-11 10:30:00,60.8,61.45,54.0,57.3,246425,1672075,107.11,57.2,57.25
3084,2021-08-11 10:31:00,57.0,57.5,53.05,54.55,194950,1672075,106.2,54.7,54.8
3085,2021-08-11 10:32:00,55.0,55.6,54.05,54.9,187900,1637850,105.33,54.8,54.95
3086,2021-08-11 10:33:00,54.95,55.0,53.3,53.35,158225,1637850,104.62,53.25,53.4
3087,2021-08-11 10:34:00,53.15,54.9,53.15,54.15,104650,1637850,104.15,54.15,54.25
3088,2021-08-11 10:35:00,54.05,57.65,54.05,56.45,104350,1604825,103.72,56.15,56.3
3089,2021-08-11 10:36:00,56.35,56.35,53.7,54.2,91800,1604825,103.33,54.1,54.25
3090,2021-08-11 10:37:00,54.25,56.4,54.05,55.75,53750,1604825,103.11,55.65,55.8
3091,2021-08-11 10:38:00,55.9,56.05,54.35,56.05,51875,1616575,102.9,56.05,56.15
3092,2021-08-11 10:39:00,55.75,55.8,53.75,53.75,79775,1616575,102.57,53.7,53.75
3093,2021-08-11 10:40:00,53.7,54.2,49.55,51.4,223150,1616575,101.63,51.35,51.55
3094,2021-08-11 10:41:00,51.75,52.55,51.25,51.45,127325,1615875,101.11,51.4,51.5
3095,2021-08-11 10:42:00,51.35,55.65,51.35,55.3,119275,1615875,100.65,55.25,55.4
3096,2021-08-11 10:43:00,55.35,55.6,53.5,53.8,80300,1615875,100.35,53.75,53.9
3097,2021-08-11 10:44:00,53.65,54.95,53.65,54.05,70800,1625625,100.09,54.15,54.3
3098,2021-08-11 10:45:00,54.75,56.3,53.85,56.1,92750,1625625,99.75,56.15,56.2
3099,2021-08-11 10:46:00,56.4,57.35,56.2,56.3,74100,1625625,99.5,56.1,56.25
3100,2021-08-11 10:47:00,56.05,56.05,53.7,53.7,54925,1660650,99.31,53.6,53.8
3101,2021-08-11 10:48:00,53.75,53.75,51.7,51.7,73450,1660650,99.04,51.55,51.7
3102,2021-08-11 10:49:00,51.25,51.25,47.45,48.25,152025,1660650,98.44,48.05,48.2
3103,2021-08-11 10:50:00,48.35,48.35,45.75,47.35,129225,1677575,97.94,47.1,47.25
3104,2021-08-11 10:51:00,47.15,47.95,46.55,46.55,83750,1677575,97.61,46.5,46.65
3105,2021-08-11 10:52:00,46.95,48.9,46.4,48.55,87875,1677575,97.28,48.6,48.7
3106,2021-08-11 10:53:00,48.35,50.45,48.15,50.15,84000,1684675,96.97,50.15,50.3
3107,2021-08-11 10:54:00,50.1,50.85,49.65,50.05,56925,1684675,96.77,50.0,50.15
3108,2021-08-11 10:55:00,50.1,52.25,49.8,51.5,67425,1684675,96.54,51.4,51.6
3109,2021-08-11 10:56:00,51.3,51.3,48.35,49.15,77725,1713475,96.27,49.2,49.35
3110,2021-08-11 10:57:00,49.3,50.45,49.05,49.9,129650,1713475,95.83,50.0,50.2
3111,2021-08-11 10:58:00,49.6,51.2,49.6,50.55,74175,1713475,95.58,50.5,50.7
3112,2021-08-11 10:59:00,50.7,51.0,49.5,49.9,38675,1712425,95.46,49.9,50.05
3113,2021-08-11 11:00:00,49.75,50.2,47.95,50.1,69850,1712425,95.22,50.15,50.35
3114,2021-08-11 11:01:00,49.9,50.9,48.4,48.4,49875,1712425,95.06,48.2,48.35
3115,2021-08-11 11:02:00,48.25,49.8,47.5,49.4,57600,1715250,94.86,49.4,49.55
3116,2021-08-11 11:03:00,49.1,50.3,48.9,49.8,41800,1715250,94.73,49.6,49.7
3117,2021-08-11 11:04:00,49.6,50.05,48.65,49.3,52350,1715250,94.56,49.2,49.3
3118,2021-08-11 11:05:00,49.3,51.6,49.2,51.4,93025,1705325,94.27,51.2,51.35
3119,2021-08-11 11:06:00,51.25,51.75,50.25,50.45,56775,1705325,94.09,50.35,50.45
3120,2021-08-11 11:07:00,50.45,52.2,50.2,51.3,55300,1705325,93.92,51.35,51.5
3121,2021-08-11 11:08:00,51.35,54.4,51.3,52.55,76200,1717975,93.71,52.35,52.5
3122,2021-08-11 11:09:00,52.55,53.7,51.4,52.4,42100,1717975,93.58,52.3,52.45
3123,2021-08-11 11:10:00,52.55,53.2,50.3,51.55,43900,1717975,93.46,51.4,51.6
3124,2021-08-11 11:11:00,51.4,52.15,51.0,51.4,23675,1729350,93.39,51.25,51.4
3125,2021-08-11 11:12:00,51.15,51.5,49.6,50.6,51475,1729350,93.23,50.5,50.7
3126,2021-08-11 11:13:00,50.75,50.75,48.7,50.3,60775,1729350,93.05,50.15,50.3
3127,2021-08-11 11:14:00,50.3,50.3,48.4,48.6,20050,1731775,92.99,48.3,48.5
3128,2021-08-11 11:15:00,48.2,48.55,43.65,45.55,123000,1731775,92.59,45.5,45.6
3129,2021-08-11 11:16:00,46.0,46.1,44.65,45.7,80225,1731775,92.34,45.65,45.85
3130,2021-08-11 11:17:00,45.65,45.95,45.2,45.6,40375,1724000,92.21,45.5,45.65
3131,2021-08-11 11:18:00,45.4,45.9,44.95,45.35,42425,1724000,92.07,45.3,45.45
3132,2021-08-11 11:19:00,45.55,46.75,45.25,46.2,52625,1724000,91.91,46.25,46.35
3133,2021-08-11 11:20:00,46.25,46.5,45.35,45.8,59900,1734025,91.73,45.6,45.8
3134,2021-08-11 11:21:00,45.5,47.0,45.5,46.25,48075,1734025,91.58,46.15,46.3
3135,2021-08-11 11:22:00,46.05,46.55,45.45,46.55,55125,1734025,91.41,46.5,46.65
3136,2021-08-11 11:23:00,46.75,49.3,46.4,49.3,75200,1728125,91.19,49.1,49.15
3137,2021-08-11 11:24:00,48.6,50.35,48.3,49.55,62025,1728125,91.02,49.3,49.45
3138,2021-08-11 11:25:00,49.95,50.1,48.0,49.25,54725,1728125,90.87,49.1,49.25
3139,2021-08-11 11:26:00,49.15,49.45,48.15,48.55,28100,1741825,90.79,48.5,48.65
3140,2021-08-11 11:27:00,48.55,49.75,48.35,48.5,89800,1741825,90.55,48.45,48.6
3141,2021-08-11 11:28:00,48.6,49.7,48.0,48.75,38700,1741825,90.44,48.8,48.95
3142,2021-08-11 11:29:00,48.9,49.4,47.8,48.85,33550,1761200,90.35,48.9,49.0
3143,2021-08-11 11:30:00,49.2,49.6,48.5,49.35,37775,1761200,90.25,49.35,49.5
3144,2021-08-11 11:31:00,49.45,50.15,47.0,47.25,53850,1761200,90.11,47.25,47.45
3145,2021-08-11 11:32:00,47.25,47.45,45.95,46.7,57900,1766350,89.94,46.5,46.7
3146,2021-08-11 11:33:00,46.65,48.25,46.2,47.85,42600,1766350,89.83,47.65,47.8
3147,2021-08-11 11:34:00,47.5,49.4,47.5,48.85,33600,1766350,89.74,48.65,48.85
3148,2021-08-11 11:35:00,48.95,50.1,48.1,49.3,41100,1761900,89.63,49.15,49.3
3149,2021-08-11 11:36:00,49.35,49.9,47.35,49.4,45425,1761900,89.51,49.25,49.4
3150,2021-08-11 11:37:00,49.15,50.1,48.45,50.0,27025,1761900,89.44,50.0,50.15
3151,2021-08-11 11:38:00,49.75,49.85,48.2,48.2,26375,1763775,89.37,48.15,48.3
3152,2021-08-11 11:39:00,48.5,49.05,47.7,48.55,37575,1763775,89.28,48.4,48.6
3153,2021-08-11 11:40:00,48.6,48.85,47.8,47.85,25100,1763775,89.21,47.7,47.75
3154,2021-08-11 11:41:00,47.3,48.15,46.85,48.15,28125,1777025,89.14,48.05,48.1
3155,2021-08-11 11:42:00,48.3,48.75,47.8,47.95,26325,1777025,89.07,47.8,47.95
3156,2021-08-11 11:43:00,47.8,49.05,47.75,48.65,25050,1777025,89.01,48.5,48.65
3157,2021-08-11 11:44:00,48.65,49.0,48.05,48.45,19200,1775275,88.96,48.45,48.65
3158,2021-08-11 11:45:00,48.2,48.6,47.4,48.1,27625,1775275,88.89,48.1,48.25
3159,2021-08-11 11:46:00,48.1,48.6,46.75,47.5,25625,1775275,88.82,47.6,47.7
3160,2021-08-11 11:47:00,47.75,47.95,47.0,47.4,15725,1780450,88.78,47.35,47.45
3161,2021-08-11 11:48:00,47.2,48.8,47.1,48.2,36700,1780450,88.68,48.2,48.35
3162,2021-08-11 11:49:00,48.05,48.8,47.9,48.0,21475,1780450,88.63,47.95,48.1
3163,2021-08-11 11:50:00,47.8,48.15,46.5,47.7,72675,1787525,88.44,47.5,47.7
3164,2021-08-11 11:51:00,47.6,48.1,46.9,48.1,44975,1787525,88.33,47.95,48.1
3165,2021-08-11 11:52:00,48.05,48.5,47.8,48.05,22800,1787525,88.27,47.95,48.1
3166,2021-08-11 11:53:00,47.75,48.8,47.55,48.75,23200,1777800,88.22,48.6,48.75
3167,2021-08-11 11:54:00,48.4,48.85,47.15,47.9,70525,1777800,88.04,47.75,47.9
3168,2021-08-11 11:55:00,47.75,48.55,46.25,47.45,72000,1777800,87.86,47.55,47.75
3169,2021-08-11 11:56:00,47.6,47.9,47.0,47.7,33875,1769925,87.78,47.65,47.75
3170,2021-08-11 11:57:00,47.5,48.25,47.0,47.65,27350,1769925,87.71,47.6,47.65
3171,2021-08-11 11:58:00,47.4,48.2,47.25,48.0,34575,1769925,87.63,47.75,47.9
3172,2021-08-11 11:59:00,47.85,48.3,47.5,48.05,29950,1761450,87.55,48.0,48.15
3173,2021-08-11 12:00:00,47.85,49.0,47.4,48.7,29525,1761450,87.48,48.75,48.85
3174,2021-08-11 12:01:00,48.75,48.75,47.85,48.05,25175,1761450,87.42,48.0,48.2
3175,2021-08-11 12:02:00,48.15,48.35,47.0,47.0,34250,1770325,87.34,47.05,47.2
3176,2021-08-11 12:03:00,47.1,47.95,46.7,47.75,18650,1770325,87.3,47.75,47.9
3177,2021-08-11 12:04:00,48.3,48.4,47.6,47.85,15650,1770325,87.26,47.85,48.0
3178,2021-08-11 12:05:00,47.75,48.7,47.3,47.85,24950,1771725,87.2,47.8,47.9
3179,2021-08-11 12:06:00,47.55,47.85,46.8,47.7,22875,1771725,87.14,47.65,47.7
3180,2021-08-11 12:07:00,47.6,47.95,47.2,47.7,16800,1771725,87.1,47.75,47.9
3181,2021-08-11 12:08:00,47.65,48.75,47.6,48.0,41650,1777175,87.01,47.95,48.0
3182,2021-08-11 12:09:00,48.0,48.3,47.05,47.3,33575,1777175,86.93,47.2,47.25
3183,2021-08-11 12:10:00,47.2,48.3,46.55,47.95,20825,1777175,86.88,47.85,48.0
3184,2021-08-11 12:11:00,48.0,48.25,47.55,48.2,8975,1782925,86.86,47.95,48.05
3185,2021-08-11 12:12:00,47.9,47.9,46.7,47.4,19150,1782925,86.81,47.35,47.4
3186,2021-08-11 12:13:00,47.5,48.1,47.05,47.85,26825,1782925,86.75,47.8,47.85
3187,2021-08-11 12:14:00,47.75,48.25,47.2,47.25,24525,1787925,86.69,47.3,47.45
3188,2021-08-11 12:15:00,47.5,49.95,47.5,48.85,50150,1787925,86.58,48.85,48.95
3189,2021-08-11 12:16:00,48.65,49.9,48.45,49.5,29650,1787925,86.52,49.3,49.45
3190,2021-08-11 12:17:00,49.55,50.2,48.85,49.0,37775,1781200,86.43,48.95,49.15
3191,2021-08-11 12:18:00,48.45,49.7,48.1,49.5,24875,1781200,86.38,49.65,49.75
3192,2021-08-11 12:19:00,49.8,52.1,49.8,52.1,63725,1781200,86.25,52.1,52.25
3193,2021-08-11 12:20:00,51.9,54.4,51.9,53.35,66225,1783900,86.12,53.25,53.35
3194,2021-08-11 12:21:00,52.8,54.4,51.4,52.15,67825,1783900,85.99,52.15,52.25
3195,2021-08-11 12:22:00,52.2,52.8,50.2,50.2,50025,1783900,85.89,50.25,50.45
3196,2021-08-11 12:23:00,50.25,51.7,49.5,49.95,45900,1785550,85.79,49.95,50.15
3197,2021-08-11 12:24:00,50.1,52.4,49.55,52.4,40450,1785550,85.71,52.25,52.45
3198,2021-08-11 12:25:00,52.25,52.9,50.65,51.95,44075,1785550,85.63,51.95,52.0
3199,2021-08-11 12:26:00,52.0,53.65,51.8,53.65,43450,1783825,85.54,53.5,53.75
3200,2021-08-11 12:27:00,53.55,53.6,51.4,51.75,58475,1783825,85.43,51.6,51.8
3201,2021-08-11 12:28:00,51.8,53.15,51.5,51.75,60750,1783825,85.32,51.6,51.75
3202,2021-08-11 12:29:00,51.5,52.45,50.65,51.35,39450,1784850,85.24,51.25,51.35
3203,2021-08-11 12:30:00,51.2,52.7,50.95,51.05,44750,1784850,85.16,50.9,51.05
3204,2021-08-11 12:31:00,51.05,51.95,49.15,51.05,44200,1784850,85.07,51.2,51.35
3205,2021-08-11 12:32:00,50.85,51.85,49.85,50.1,36375,1781525,85.0,49.95,50.2
3206,2021-08-11 12:33:00,49.85,50.9,49.25,50.8,23800,1781525,84.95,50.75,50.8
3207,2021-08-11 12:34:00,50.75,50.75,48.9,48.9,39250,1781525,84.87,48.7,48.85
3208,2021-08-11 12:35:00,48.9,50.7,48.45,48.75,110300,1800650,84.66,48.55,48.7
3209,2021-08-11 12:36:00,48.9,48.95,46.5,46.9,56750,1800650,84.54,46.9,47.1
3210,2021-08-11 12:37:00,47.25,47.25,45.75,46.65,43950,1800650,84.45,46.7,46.85
3211,2021-08-11 12:38:00,46.9,49.35,46.9,48.4,40200,1796125,84.36,48.5,48.65
3212,2021-08-11 12:39:00,48.4,49.2,47.85,47.85,35450,1796125,84.29,47.8,48.0
3213,2021-08-11 12:40:00,47.5,49.5,47.5,48.7,34100,1796125,84.23,48.6,48.7
3214,2021-08-11 12:41:00,48.45,48.95,45.5,45.5,63000,1801275,84.1,45.45,45.6
3215,2021-08-11 12:42:00,45.0,46.6,42.15,42.65,98475,1801275,83.88,42.65,42.8
3216,2021-08-11 12:43:00,42.6,44.45,42.6,43.6,41375,1801275,83.79,43.45,43.55
3217,2021-08-11 12:44:00,43.35,43.95,40.6,41.8,74700,1787150,83.62,41.75,41.85
3218,2021-08-11 12:45:00,42.4,43.8,42.25,43.45,58275,1787150,83.5,43.4,43.6
3219,2021-08-11 12:46:00,43.4,43.8,43.25,43.55,40750,1787150,83.41,43.5,43.65
3220,2021-08-11 12:47:00,43.65,44.35,43.2,43.95,33925,1769525,83.34,44.1,44.2
3221,2021-08-11 12:48:00,43.9,44.1,37.7,37.85,107650,1769525,83.09,37.75,37.9
3222,2021-08-11 12:49:00,37.8,39.25,37.2,38.75,92925,1769525,82.86,38.65,38.8
3223,2021-08-11 12:50:00,38.65,41.4,38.65,40.6,74450,1741825,82.69,40.65,40.8
3224,2021-08-11 12:51:00,40.75,41.05,39.2,40.15,51300,1741825,82.58,40.15,40.25
3225,2021-08-11 12:52:00,40.15,40.3,39.0,39.8,35075,1741825,82.5,39.75,39.95
3226,2021-08-11 12:53:00,40.2,41.0,39.8,40.3,59675,1731525,82.36,40.2,40.35
3227,2021-08-11 12:54:00,40.4,41.0,40.0,40.5,48925,1731525,82.25,40.5,40.7
3228,2021-08-11 12:55:00,40.6,41.0,39.5,39.6,38525,1731525,82.17,39.6,39.7
3229,2021-08-11 12:56:00,39.45,39.95,38.55,39.45,33875,1729700,82.09,39.55,39.65
3230,2021-08-11 12:57:00,39.5,39.5,38.5,38.8,37375,1729700,82.01,38.75,38.85
3231,2021-08-11 12:58:00,38.95,40.1,38.5,39.5,40000,1729700,81.92,39.3,39.45
3232,2021-08-11 12:59:00,39.8,39.95,38.55,39.0,37425,1729700,81.84,38.9,39.0
3233,2021-08-11 13:00:00,38.9,39.65,38.5,39.5,28900,1719550,81.77,39.5,39.65
3234,2021-08-11 13:01:00,39.55,39.55,37.85,37.85,51325,1719550,81.65,37.7,37.9
3235,2021-08-11 13:02:00,37.95,37.95,36.9,37.05,42175,1719550,81.56,36.95,37.1
3236,2021-08-11 13:03:00,36.95,37.0,36.0,36.6,45550,1700975,81.45,36.45,36.6
3237,2021-08-11 13:04:00,36.45,36.6,35.3,36.05,76250,1700975,81.27,35.9,36.05
3238,2021-08-11 13:05:00,35.85,36.85,35.0,36.55,69700,1700975,81.11,36.6,36.75
3239,2021-08-11 13:06:00,36.8,36.95,35.95,36.9,23625,1663625,81.05,36.9,37.0
3240,2021-08-11 13:07:00,36.75,37.2,36.2,36.75,17650,1663625,81.01,36.6,36.75
3241,2021-08-11 13:08:00,36.65,37.8,36.5,36.95,39900,1663625,80.92,36.95,37.15
3242,2021-08-11 13:09:00,37.1,37.2,35.6,36.4,51225,1646675,80.81,36.1,36.25
3243,2021-08-11 13:10:00,36.1,37.35,34.9,37.1,37200,1646675,80.72,37.05,37.15
3244,2021-08-11 13:11:00,36.85,37.95,36.85,37.75,42000,1646675,80.63,37.7,37.8
3245,2021-08-11 13:12:00,37.7,37.85,36.65,37.35,31100,1635625,80.56,37.25,37.35
3246,2021-08-11 13:13:00,37.3,37.3,35.7,35.7,13825,1635625,80.53,35.6,35.75
3247,2021-08-11 13:14:00,35.6,36.4,35.1,35.8,55300,1635625,80.41,35.75,35.9
3248,2021-08-11 13:15:00,36.15,36.55,35.05,35.45,29150,1652325,80.34,35.5,35.55
3249,2021-08-11 13:16:00,35.5,36.05,35.0,35.95,28300,1652325,80.28,35.9,36.05
3250,2021-08-11 13:17:00,35.9,36.25,35.1,35.85,14550,1652325,80.24,35.75,35.9
3251,2021-08-11 13:18:00,35.8,36.65,35.3,36.45,23575,1647975,80.19,36.35,36.5
3252,2021-08-11 13:19:00,36.2,36.7,35.7,36.65,24575,1647975,80.14,36.4,36.55
3253,2021-08-11 13:20:00,36.2,44.8,36.2,44.7,148250,1647975,79.84,44.6,44.8
3254,2021-08-11 13:21:00,44.65,47.5,44.6,46.5,150525,1640950,79.59,46.5,46.65
3255,2021-08-11 13:22:00,46.8,48.25,43.05,43.85,123350,1640950,79.38,43.85,44.0
3256,2021-08-11 13:23:00,43.85,44.6,43.15,44.05,71325,1640950,79.26,43.8,44.0
3257,2021-08-11 13:24:00,43.65,46.1,43.4,44.9,101350,1604425,79.09,44.75,44.9
3258,2021-08-11 13:25:00,45.05,47.85,44.6,45.55,127025,1604425,78.88,45.4,45.55
3259,2021-08-11 13:26:00,45.5,45.6,43.15,43.7,81775,1604425,78.75,43.65,43.8
3260,2021-08-11 13:27:00,43.8,44.85,41.05,41.55,75675,1575025,78.62,41.45,41.55
3261,2021-08-11 13:28:00,41.45,41.5,38.9,40.65,76100,1575025,78.48,40.45,40.6
3262,2021-08-11 13:29:00,40.65,42.35,40.0,41.35,71925,1575025,78.35,41.3,41.4
3263,2021-08-11 13:30:00,41.7,42.2,39.65,40.3,89525,1556400,78.19,40.35,40.5
3264,2021-08-11 13:31:00,40.45,41.1,40.05,40.4,64725,1556400,78.07,40.25,40.45
3265,2021-08-11 13:32:00,40.3,41.35,39.65,40.85,39175,1556400,78.0,40.8,40.9
3266,2021-08-11 13:33:00,40.65,42.6,40.6,42.55,38050,1584600,77.94,42.5,42.55
3267,2021-08-11 13:34:00,42.1,44.55,42.05,44.5,61875,1584600,77.84,44.4,44.5
3268,2021-08-11 13:35:00,44.45,47.8,44.45,46.7,99925,1584600,77.69,46.55,46.75
3269,2021-08-11 13:36:00,46.2,47.65,45.5,46.7,104175,1567575,77.54,46.55,46.7
3270,2021-08-11 13:37:00,46.3,47.2,44.0,44.25,87025,1567575,77.41,43.9,44.05
3271,2021-08-11 13:38:00,44.0,45.25,41.25,41.5,81000,1567575,77.28,41.2,41.4
3272,2021-08-11 13:39:00,41.75,44.4,41.75,43.35,53150,1546225,77.2,43.35,43.5
3273,2021-08-11 13:40:00,43.55,44.2,42.95,43.4,51150,1546225,77.12,43.35,43.45
3274,2021-08-11 13:41:00,43.4,46.3,43.2,45.5,52300,1546225,77.04,45.45,45.6
3275,2021-08-11 13:42:00,45.5,46.6,44.85,45.9,48575,1544750,76.97,45.8,46.0
3276,2021-08-11 13:43:00,45.55,46.25,44.55,44.8,46475,1544750,76.9,44.6,44.8
3277,2021-08-11 13:44:00,44.4,48.4,44.35,48.15,85350,1544750,76.79,48.05,48.15
3278,2021-08-11 13:45:00,48.5,49.45,46.25,47.9,87500,1519750,76.67,47.75,47.9
3279,2021-08-11 13:46:00,47.5,47.55,45.25,45.7,61500,1519750,76.59,45.5,45.7
3280,2021-08-11 13:47:00,45.65,45.9,44.15,44.5,49275,1519750,76.52,44.7,44.85
3281,2021-08-11 13:48:00,44.4,44.9,42.05,42.5,46850,1517250,76.45,42.45,42.65
3282,2021-08-11 13:49:00,42.25,43.8,41.15,42.9,66375,1517250,76.34,42.85,43.05
3283,2021-08-11 13:50:00,43.0,45.3,41.65,45.3,67900,1517250,76.24,45.25,45.4
3284,2021-08-11 13:51:00,45.45,45.55,43.95,44.35,33050,1512400,76.2,44.35,44.45
3285,2021-08-11 13:52:00,44.1,45.35,43.45,45.35,75775,1512400,76.09,45.2,45.4
3286,2021-08-11 13:53:00,45.4,47.85,45.0,46.85,52425,1512400,76.02,46.8,46.9
3287,2021-08-11 13:54:00,46.9,53.15,46.9,52.4,158200,1516675,75.84,52.4,52.6
3288,2021-08-11 13:55:00,52.1,53.55,48.1,48.85,121325,1516675,75.7,48.8,48.95
3289,2021-08-11 13:56:00,48.6,50.55,46.5,47.75,84325,1516675,75.6,47.55,47.7
3290,2021-08-11 13:57:00,47.15,47.8,45.55,47.8,44775,1515300,75.55,47.75,47.95
3291,2021-08-11 13:58:00,48.25,48.65,46.85,48.1,44150,1515300,75.49,47.95,48.05
3292,2021-08-11 13:59:00,48.1,49.25,46.3,47.5,39825,1515300,75.44,47.4,47.55
3293,2021-08-11 14:00:00,47.45,47.45,44.3,44.4,49875,1523275,75.38,44.3,44.45
3294,2021-08-11 14:01:00,44.6,44.6,41.1,41.1,85200,1523275,75.26,41.2,41.35
3295,2021-08-11 14:02:00,41.15,41.6,40.2,41.1,95900,1523275,75.11,41.1,41.25
3296,2021-08-11 14:03:00,41.2,42.2,41.1,41.25,46525,1538750,75.05,41.25,41.35
3297,2021-08-11 14:04:00,41.35,41.7,40.3,41.6,54250,1538750,74.97,41.5,41.6
3298,2021-08-11 14:05:00,41.65,41.65,38.5,39.65,183050,1538750,74.69,39.6,39.7
3299,2021-08-11 14:06:00,39.45,39.8,36.1,36.25,119250,1582050,74.51,36.25,36.4
3300,2021-08-11 14:07:00,36.55,38.2,35.45,37.85,90700,1582050,74.36,37.7,37.85
3301,2021-08-11 14:08:00,37.7,38.15,36.25,38.05,67100,1582050,74.26,37.95,38.0
3302,2021-08-11 14:09:00,38.0,40.9,37.8,40.9,60850,1583600,74.17,40.75,40.95
3303,2021-08-11 14:10:00,41.15,43.45,40.85,40.9,86450,1583600,74.05,40.95,41.05
3304,2021-08-11 14:11:00,41.1,41.5,39.65,40.7,46300,1583600,73.99,40.65,40.75
3305,2021-08-11 14:12:00,41.1,41.1,38.25,39.05,37025,1596775,73.93,39.0,39.15
3306,2021-08-11 14:13:00,38.8,38.9,37.45,38.35,43575,1596775,73.87,38.3,38.45
3307,2021-08-11 14:14:00,38.5,39.5,37.65,39.5,32425,1596775,73.82,39.2,39.35
3308,2021-08-11 14:15:00,38.75,39.85,37.7,39.5,43925,1607500,73.76,39.4,39.6
3309,2021-08-11 14:16:00,39.3,39.6,38.65,39.4,28850,1607500,73.71,39.4,39.6
3310,2021-08-11 14:17:00,39.9,39.95,38.05,38.45,43825,1607500,73.65,38.4,38.6
3311,2021-08-11 14:18:00,38.3,39.1,37.7,38.5,29250,1623125,73.61,38.4,38.55
3312,2021-08-11 14:19:00,38.7,39.95,38.45,39.1,29750,1623125,73.57,38.9,39.1
3313,2021-08-11 14:20:00,39.2,39.35,38.65,39.0,19650,1623125,73.54,39.05,39.15
3314,2021-08-11 14:21:00,39.15,39.5,37.55,38.7,40350,1628450,73.48,38.6,38.75
3315,2021-08-11 14:22:00,38.75,39.15,38.0,38.25,31300,1628450,73.44,38.1,38.15
3316,2021-08-11 14:23:00,38.1,38.45,37.0,38.45,32025,1628450,73.39,38.45,38.55
3317,2021-08-11 14:24:00,38.2,38.6,37.4,38.15,35900,1631400,73.34,38.1,38.2
3318,2021-08-11 14:25:00,38.1,38.4,37.35,37.5,27775,1631400,73.3,37.4,37.6
3319,2021-08-11 14:26:00,37.2,37.8,36.3,37.45,46975,1631400,73.23,37.45,37.6
3320,2021-08-11 14:27:00,37.6,37.95,37.15,37.3,31850,1625300,73.18,37.25,37.4
3321,2021-08-11 14:28:00,37.25,37.35,32.95,34.1,121275,1625300,72.99,34.05,34.25
3322,2021-08-11 14:29:00,34.15,34.2,29.6,30.7,154800,1625300,72.73,30.7,30.85
3323,2021-08-11 14:30:00,30.55,31.5,30.1,31.4,138300,1596575,72.5,31.3,31.4
3324,2021-08-11 14:31:00,31.5,32.25,30.65,31.9,114125,1596575,72.31,31.8,31.9
3325,2021-08-11 14:32:00,31.9,32.1,30.55,30.55,60050,1596575,72.21,30.55,30.7
3326,2021-08-11 14:33:00,30.65,31.45,30.45,31.0,72850,1584850,72.09,30.95,31.05
3327,2021-08-11 14:34:00,31.0,31.05,29.4,29.9,66500,1584850,71.98,29.9,29.95
3328,2021-08-11 14:35:00,30.0,31.15,29.9,30.3,85825,1584850,71.84,30.3,30.4
3329,2021-08-11 14:36:00,30.3,31.0,30.25,30.85,64650,1571325,71.73,30.8,30.85
3330,2021-08-11 14:37:00,30.85,31.65,30.7,31.45,66900,1571325,71.63,31.45,31.55
3331,2021-08-11 14:38:00,31.4,31.7,31.05,31.15,33850,1571325,71.57,31.2,31.3
3332,2021-08-11 14:39:00,31.15,31.15,30.1,30.45,40450,1562625,71.51,30.3,30.4
3333,2021-08-11 14:40:00,30.4,30.9,29.85,30.65,78175,1562625,71.38,30.45,30.6
3334,2021-08-11 14:41:00,30.5,30.5,28.85,29.3,70425,1562625,71.27,29.35,29.5
3335,2021-08-11 14:42:00,29.3,29.35,28.1,28.85,65775,1563425,71.16,28.75,28.85
3336,2021-08-11 14:43:00,28.9,28.95,28.15,28.2,59600,1563425,71.06,28.2,28.3
3337,2021-08-11 14:44:00,28.05,28.4,27.65,27.8,64225,1563425,70.95,27.85,28.0
3338,2021-08-11 14:45:00,28.05,31.05,27.7,31.0,140325,1555275,70.73,30.95,31.1
3339,2021-08-11 14:46:00,31.35,33.35,30.55,31.0,106125,1555275,70.57,31.0,31.15
3340,2021-08-11 14:47:00,31.1,31.35,29.65,30.35,71650,1555275,70.46,30.2,30.3
3341,2021-08-11 14:48:00,30.25,30.8,29.15,30.0,69975,1579225,70.35,29.9,30.0
3342,2021-08-11 14:49:00,30.05,30.1,27.9,28.45,72825,1579225,70.24,28.35,28.45
3343,2021-08-11 14:50:00,28.25,28.6,27.5,27.5,71125,1579225,70.12,27.5,27.6
3344,2021-08-11 14:51:00,27.3,27.3,25.1,25.5,164000,1576875,69.85,25.5,25.55
3345,2021-08-11 14:52:00,25.5,25.5,23.3,23.35,136400,1576875,69.62,23.3,23.4
3346,2021-08-11 14:53:00,23.4,23.95,22.6,23.9,120500,1576875,69.41,23.9,24.0
3347,2021-08-11 14:54:00,24.0,24.95,23.55,24.3,103100,1523600,69.24,24.2,24.3
3348,2021-08-11 14:55:00,24.05,24.6,23.9,24.55,82375,1523600,69.1,24.45,24.55
3349,2021-08-11 14:56:00,24.45,24.65,23.7,24.1,126650,1523600,68.89,24.05,24.15
3350,2021-08-11 14:57:00,24.0,24.85,24.0,24.65,85775,1513900,68.75,24.7,24.8
3351,2021-08-11 14:58:00,24.8,25.15,24.4,25.05,113250,1513900,68.57,25.0,25.1
3352,2021-08-11 14:59:00,25.15,25.25,24.45,25.2,90850,1513900,68.42,25.15,25.25
3353,2021-08-11 15:00:00,25.25,29.05,25.25,28.5,144000,1494175,68.21,28.45,28.55
3354,2021-08-11 15:01:00,28.5,30.45,28.5,29.8,103475,1494175,68.06,29.7,29.8
3355,2021-08-11 15:02:00,29.9,30.25,29.0,29.05,66050,1494175,67.97,28.9,29.05
3356,2021-08-11 15:03:00,28.9,29.3,28.1,28.45,45100,1495150,67.91,28.4,28.5
3357,2021-08-11 15:04:00,28.4,30.0,28.4,29.8,79050,1495150,67.8,29.75,29.85
3358,2021-08-11 15:05:00,29.9,31.2,29.6,30.7,90050,1495150,67.68,30.8,30.9
3359,2021-08-11 15:06:00,30.75,32.4,29.85,32.1,72275,1475025,67.58,32.0,32.05
3360,2021-08-11 15:07:00,32.15,33.8,31.5,32.25,76100,1475025,67.49,32.3,32.35
3361,2021-08-11 15:08:00,32.45,33.4,32.1,33.2,63425,1475025,67.41,33.1,33.25
3362,2021-08-11 15:09:00,33.0,33.25,31.0,32.65,48450,1477050,67.35,32.65,32.75
3363,2021-08-11 15:10:00,33.05,33.4,31.1,32.1,80150,1477050,67.25,32.0,32.15
3364,2021-08-11 15:11:00,32.3,32.9,31.6,31.6,53600,1477050,67.18,31.6,31.75
3365,2021-08-11 15:12:00,31.75,32.15,31.45,31.5,39600,1470525,67.13,31.5,31.65
3366,2021-08-11 15:13:00,31.65,32.05,30.25,31.0,63500,1470525,67.05,30.95,31.0
3367,2021-08-11 15:14:00,31.0,31.35,30.1,31.0,68200,1470525,66.97,31.05,31.1
3368,2021-08-11 15:15:00,31.25,32.05,30.95,30.95,68100,1460650,66.88,30.95,31.1
3369,2021-08-11 15:16:00,31.15,31.3,30.35,30.5,43075,1460650,66.83,30.5,30.55
3370,2021-08-11 15:17:00,30.55,30.55,28.85,29.05,66425,1460650,66.74,29.05,29.15
3371,2021-08-11 15:18:00,29.2,29.7,28.85,29.0,62000,1429225,66.66,28.9,29.0
3372,2021-08-11 15:19:00,29.05,29.3,28.85,29.05,125975,1429225,66.5,29.0,29.1
3373,2021-08-11 15:20:00,29.05,29.05,26.85,27.75,107800,1429225,66.35,27.8,27.85
3374,2021-08-11 15:21:00,28.1,28.15,27.45,27.95,105650,1361500,66.21,27.9,27.95
3375,2021-08-11 15:22:00,28.2,28.8,27.0,27.3,105400,1361500,66.07,27.15,27.3
3376,2021-08-11 15:23:00,27.2,27.65,27.0,27.15,71050,1361500,65.98,27.1,27.2
3377,2021-08-11 15:24:00,28.0,28.0,27.5,27.65,94650,1296025,65.86,27.6,27.7
3378,2021-08-11 15:25:00,28.3,28.4,23.5,23.55,209675,1296025,65.58,23.55,23.7
3379,2021-08-11 15:26:00,26.25,26.25,23.05,23.8,143575,1296025,65.38,23.75,23.85
3380,2021-08-11 15:27:00,23.85,24.55,23.3,24.05,95325,1205300,65.24,24.05,24.25
3381,2021-08-11 15:28:00,24.15,25.0,23.55,23.65,79950,1205300,65.13,23.65,23.8
3382,2021-08-11 15:29:00,24.15,25.0,23.55,23.65,79950,1205300,65.13,23.65,23.8
3383,2021-08-11 15:30:00,23.7,23.8,22.2,22.4,69750,1205300,65.04,22.2,22.75
3384,2021-08-12 09:15:00,39.8,39.8,17.65,29.2,322050,1183000,23.75,29.1,29.2
3385,2021-08-12 09:16:00,28.85,29.9,25.2,25.9,267050,1183000,25.34,25.85,25.95
3386,2021-08-12 09:17:00,25.9,28.0,25.55,26.85,306150,1302125,25.92,26.85,26.95
3387,2021-08-12 09:18:00,26.75,27.5,25.75,26.25,272125,1302125,26.07,26.3,26.35
3388,2021-08-12 09:19:00,26.15,26.5,23.6,23.6,252525,1302125,25.84,23.6,23.65
3389,2021-08-12 09:20:00,23.85,24.35,19.5,21.95,362075,1444525,25.07,21.95,22.05
3390,2021-08-12 09:21:00,21.9,22.3,19.55,20.65,458400,1444525,24.2,20.7,20.75
3391,2021-08-12 09:22:00,20.6,21.05,17.75,17.8,439275,1444525,23.37,17.8,17.85
3392,2021-08-12 09:23:00,17.95,19.1,17.6,18.65,329750,1490650,22.82,18.65,18.7
3393,2021-08-12 09:24:00,18.6,20.45,15.45,15.85,538625,1490650,22.03,15.8,15.9
3394,2021-08-12 09:25:00,16.1,16.1,13.45,14.0,499800,1490650,21.09,14.0,14.05
3395,2021-08-12 09:26:00,14.1,16.8,14.1,15.95,326750,1563925,20.68,15.85,16.0
3396,2021-08-12 09:27:00,15.5,16.6,15.5,16.15,252650,1563925,20.43,16.1,16.2
3397,2021-08-12 09:28:00,16.25,16.95,16.15,16.75,247050,1563925,20.24,16.7,16.75
3398,2021-08-12 09:29:00,16.7,16.75,14.75,15.15,260475,1602525,20.01,15.15,15.2
3399,2021-08-12 09:30:00,15.2,15.25,14.55,14.8,223625,1602525,19.79,14.7,14.75
3400,2021-08-12 09:31:00,14.7,14.75,14.0,14.3,191825,1602525,19.6,14.2,14.3
3401,2021-08-12 09:32:00,14.25,14.45,14.0,14.05,145400,1676050,19.46,14.0,14.1
3402,2021-08-12 09:33:00,14.05,14.2,13.8,14.15,164100,1676050,19.31,14.05,14.15
3403,2021-08-12 09:34:00,14.15,14.15,13.2,13.25,153975,1676050,19.17,13.2,13.25
3404,2021-08-12 09:35:00,13.25,13.25,11.3,11.4,360075,1700275,18.79,11.45,11.5
3405,2021-08-12 09:36:00,11.5,11.5,11.05,11.5,218075,1700275,18.54,11.5,11.55
3406,2021-08-12 09:37:00,11.45,12.2,11.25,12.1,204500,1700275,18.33,12.05,12.15
3407,2021-08-12 09:38:00,12.15,12.4,11.75,12.15,123325,1641900,18.22,12.1,12.15
3408,2021-08-12 09:39:00,12.15,13.15,12.05,12.45,209125,1641900,18.06,12.4,12.45
3409,2021-08-12 09:40:00,12.55,12.7,12.25,12.5,163375,1641900,17.93,12.4,12.45
3410,2021-08-12 09:41:00,12.4,12.85,12.25,12.4,166475,1660825,17.81,12.35,12.4
3411,2021-08-12 09:42:00,12.4,12.55,11.9,12.2,159875,1660825,17.69,12.15,12.25
3412,2021-08-12 09:43:00,12.2,12.25,11.65,11.75,170575,1660825,17.57,11.75,11.85
3413,2021-08-12 09:44:00,11.8,11.9,11.5,11.55,134600,1671450,17.47,11.55,11.6
3414,2021-08-12 09:45:00,11.5,11.8,11.15,11.75,186650,1671450,17.33,11.7,11.75
3415,2021-08-12 09:46:00,11.8,12.5,11.7,12.5,104300,1671450,17.26,12.35,12.45
3416,2021-08-12 09:47:00,12.4,13.15,12.25,12.75,149500,1664275,17.18,12.7,12.8
3417,2021-08-12 09:48:00,12.85,12.85,11.85,12.25,134375,1664275,17.1,12.15,12.25
3418,2021-08-12 09:49:00,12.25,12.65,12.05,12.25,121275,1664275,17.04,12.2,12.3
3419,2021-08-12 09:50:00,12.05,12.4,12.0,12.4,150825,1670575,16.95,12.35,12.4
3420,2021-08-12 09:51:00,12.3,13.4,12.05,12.85,218250,1670575,16.85,12.8,12.9
3421,2021-08-12 09:52:00,12.65,13.95,12.65,13.55,159000,1670575,16.79,13.55,13.6
3422,2021-08-12 09:53:00,13.6,14.2,13.25,13.55,222125,1644150,16.72,13.5,13.6
3423,2021-08-12 09:54:00,13.45,13.5,12.45,13.05,194400,1644150,16.64,13.0,13.05
3424,2021-08-12 09:55:00,12.95,13.6,12.75,13.2,104700,1644150,16.6,13.25,13.3
3425,2021-08-12 09:56:00,13.25,13.45,12.9,12.95,85875,1666675,16.57,12.9,12.95
3426,2021-08-12 09:57:00,12.95,12.95,11.85,12.35,135125,1666675,16.52,12.3,12.35
3427,2021-08-12 09:58:00,12.25,12.8,12.0,12.8,95300,1666675,16.48,12.7,12.8
3428,2021-08-12 09:59:00,12.6,12.7,11.9,12.25,79600,1680650,16.44,12.25,12.3
3429,2021-08-12 10:00:00,12.35,13.5,12.0,13.5,159325,1680650,16.38,13.4,13.5
3430,2021-08-12 10:01:00,13.35,15.15,13.05,14.6,218550,1680650,16.33,14.55,14.65
3431,2021-08-12 10:02:00,14.6,17.1,14.25,17.1,227475,1663475,16.32,17.0,17.1
3432,2021-08-12 10:03:00,17.0,17.0,14.65,15.2,238700,1663475,16.3,15.15,15.25
3433,2021-08-12 10:04:00,15.15,16.6,14.95,16.4,187500,1663475,16.3,16.35,16.45
3434,2021-08-12 10:05:00,16.4,16.8,15.55,16.25,192525,1685325,16.29,16.2,16.3
3435,2021-08-12 10:06:00,16.2,17.15,15.9,16.2,233600,1685325,16.3,16.2,16.25
3436,2021-08-12 10:07:00,16.25,16.5,15.2,15.75,171525,1685325,16.29,15.7,15.75
3437,2021-08-12 10:08:00,15.8,16.3,15.4,15.75,110250,1731875,16.29,15.65,15.75
3438,2021-08-12 10:09:00,15.6,15.95,14.45,14.45,117600,1731875,16.28,14.5,14.55
3439,2021-08-12 10:10:00,14.4,14.9,11.95,12.2,261875,1731875,16.22,12.15,12.2
3440,2021-08-12 10:11:00,12.05,12.75,11.45,12.2,176325,1718125,16.16,12.15,12.2
3441,2021-08-12 10:12:00,12.25,12.25,10.85,11.35,128625,1718125,16.11,11.3,11.35
3442,2021-08-12 10:13:00,11.35,11.75,11.0,11.7,99650,1718125,16.07,11.65,11.75
3443,2021-08-12 10:14:00,11.7,11.7,11.1,11.45,85100,1735675,16.04,11.4,11.45
3444,2021-08-12 10:15:00,11.45,11.9,11.4,11.45,66275,1735675,16.02,11.45,11.5
3445,2021-08-12 10:16:00,11.5,11.6,10.2,10.4,106075,1735675,15.98,10.4,10.45
3446,2021-08-12 10:17:00,10.35,10.5,9.05,9.25,160725,1709850,15.9,9.2,9.25
3447,2021-08-12 10:18:00,9.2,9.2,8.55,8.85,170050,1709850,15.81,8.8,8.85
3448,2021-08-12 10:19:00,8.85,9.25,8.8,8.85,96750,1709850,15.76,8.8,8.9
3449,2021-08-12 10:20:00,8.9,9.2,8.75,9.05,140325,1687550,15.69,9.05,9.1
3450,2021-08-12 10:21:00,9.1,9.8,9.1,9.6,129450,1687550,15.63,9.6,9.65
3451,2021-08-12 10:22:00,9.7,9.95,9.55,9.9,101850,1687550,15.58,9.9,10.0
3452,2021-08-12 10:23:00,9.85,11.5,9.85,11.45,127050,1719950,15.54,11.4,11.45
3453,2021-08-12 10:24:00,11.5,11.95,10.8,11.95,94450,1719950,15.51,11.9,11.95
3454,2021-08-12 10:25:00,11.95,12.25,10.6,10.85,91250,1719950,15.49,10.85,10.95
3455,2021-08-12 10:26:00,10.9,11.2,10.0,10.0,56525,1732375,15.47,10.0,10.05
3456,2021-08-12 10:27:00,10.05,10.9,10.05,10.25,73450,1732375,15.44,10.25,10.3
3457,2021-08-12 10:28:00,10.35,10.85,10.1,10.6,49950,1732375,15.42,10.6,10.65
3458,2021-08-12 10:29:00,10.55,10.65,10.2,10.35,50550,1742900,15.4,10.3,10.4
3459,2021-08-12 10:30:00,10.25,10.7,9.95,10.3,84250,1742900,15.37,10.25,10.3
3460,2021-08-12 10:31:00,10.3,10.5,9.5,9.8,101150,1742900,15.34,9.8,9.85
3461,2021-08-12 10:32:00,9.85,10.15,9.45,10.0,106650,1756300,15.29,9.95,10.05
3462,2021-08-12 10:33:00,9.95,10.65,9.95,10.5,68200,1756300,15.27,10.45,10.55
3463,2021-08-12 10:34:00,10.5,10.8,10.25,10.75,53575,1756300,15.25,10.7,10.75
3464,2021-08-12 10:35:00,10.75,10.9,10.25,10.5,66400,1766050,15.23,10.4,10.5
3465,2021-08-12 10:36:00,10.3,10.3,9.65,10.0,77850,1766050,15.21,10.0,10.05
3466,2021-08-12 10:37:00,10.15,10.4,9.85,10.05,72025,1766050,15.18,10.0,10.05
3467,2021-08-12 10:38:00,10.05,11.3,10.05,10.9,80050,1792925,15.16,10.85,10.9
3468,2021-08-12 10:39:00,10.8,10.8,10.1,10.35,95825,1792925,15.13,10.3,10.35
3469,2021-08-12 10:40:00,10.1,10.25,9.75,9.95,113700,1792925,15.09,9.9,9.95
3470,2021-08-12 10:41:00,9.8,9.9,9.3,9.55,71975,1818800,15.06,9.55,9.6
3471,2021-08-12 10:42:00,9.55,10.0,8.9,8.9,123225,1818800,15.02,8.85,8.9
3472,2021-08-12 10:43:00,8.95,9.0,8.5,8.6,142675,1818800,14.96,8.55,8.65
3473,2021-08-12 10:44:00,8.55,8.55,8.2,8.3,110425,1830900,14.91,8.3,8.35
3474,2021-08-12 10:45:00,8.25,8.25,7.4,7.75,199200,1830900,14.82,7.75,7.8
3475,2021-08-12 10:46:00,7.75,8.1,7.7,8.1,101250,1830900,14.78,8.1,8.15
3476,2021-08-12 10:47:00,8.05,8.35,7.95,8.35,61550,1833000,14.75,8.35,8.4
3477,2021-08-12 10:48:00,8.35,8.6,8.25,8.5,77375,1833000,14.72,8.5,8.55
3478,2021-08-12 10:49:00,8.6,8.75,8.4,8.65,55600,1833000,14.7,8.65,8.7
3479,2021-08-12 10:50:00,8.7,8.9,8.65,8.75,57975,1842300,14.68,8.75,8.8
3480,2021-08-12 10:51:00,8.75,9.15,8.55,9.15,93125,1842300,14.65,9.1,9.15
3481,2021-08-12 10:52:00,9.15,9.5,9.05,9.45,48275,1842300,14.63,9.4,9.5
3482,2021-08-12 10:53:00,9.5,9.5,9.15,9.3,58425,1870775,14.61,9.3,9.35
3483,2021-08-12 10:54:00,9.3,9.45,9.15,9.45,34075,1870775,14.6,9.35,9.45
3484,2021-08-12 10:55:00,9.4,9.9,9.2,9.45,100325,1870775,14.57,9.4,9.5
3485,2021-08-12 10:56:00,9.4,9.75,9.15,9.65,71675,1891250,14.55,9.55,9.65
3486,2021-08-12 10:57:00,9.5,9.75,9.15,9.75,46625,1891250,14.53,9.7,9.8
3487,2021-08-12 10:58:00,9.7,10.15,9.45,10.0,75675,1891250,14.51,9.95,10.0
3488,2021-08-12 10:59:00,9.9,10.2,9.4,9.4,77225,1901975,14.49,9.35,9.4
3489,2021-08-12 11:00:00,9.35,9.4,8.4,8.4,127500,1901975,14.45,8.4,8.45
3490,2021-08-12 11:01:00,8.5,8.85,8.4,8.75,70550,1901975,14.42,8.75,8.8
3491,2021-08-12 11:02:00,8.75,8.9,8.5,8.8,44700,1910500,14.41,8.8,8.85
3492,2021-08-12 11:03:00,8.9,9.0,8.75,8.9,38250,1910500,14.4,8.85,8.9
3493,2021-08-12 11:04:00,8.9,9.2,8.85,9.05,40425,1910500,14.38,9.0,9.05
3494,2021-08-12 11:05:00,9.05,9.1,8.6,8.75,61325,1916625,14.36,8.7,8.8
3495,2021-08-12 11:06:00,8.75,8.95,8.7,8.8,34050,1916625,14.35,8.75,8.8
3496,2021-08-12 11:07:00,8.85,8.95,8.5,8.8,80425,1916625,14.33,8.8,8.85
3497,2021-08-12 11:08:00,8.85,8.95,8.6,8.8,36800,1926650,14.31,8.75,8.8
3498,2021-08-12 11:09:00,8.75,8.95,8.6,8.75,51175,1926650,14.3,8.7,8.75
3499,2021-08-12 11:10:00,8.75,9.1,8.7,8.95,77200,1926650,14.27,8.9,9.0
3500,2021-08-12 11:11:00,9.0,9.2,8.75,8.8,59000,1936225,14.26,8.8,8.85
3501,2021-08-12 11:12:00,8.8,8.85,8.3,8.45,50225,1936225,14.24,8.4,8.45
3502,2021-08-12 11:13:00,8.45,8.65,8.3,8.5,39650,1936225,14.23,8.45,8.5
3503,2021-08-12 11:14:00,8.5,8.8,8.35,8.65,38875,1939900,14.21,8.65,8.7
3504,2021-08-12 11:15:00,8.6,8.7,8.35,8.55,59525,1939900,14.19,8.5,8.6
3505,2021-08-12 11:16:00,8.5,8.55,7.85,7.9,92400,1939900,14.16,7.85,7.9
3506,2021-08-12 11:17:00,7.95,8.05,7.6,7.6,62975,1963575,14.14,7.6,7.65
3507,2021-08-12 11:18:00,7.6,7.8,7.55,7.6,64725,1963575,14.12,7.6,7.65
3508,2021-08-12 11:19:00,7.65,8.0,7.6,7.9,98575,1963575,14.08,7.85,7.9
3509,2021-08-12 11:20:00,7.95,8.2,7.85,8.1,56900,1968800,14.06,8.1,8.15
3510,2021-08-12 11:21:00,8.1,8.15,7.8,7.8,40600,1968800,14.05,7.8,7.85
3511,2021-08-12 11:22:00,7.85,8.1,7.8,7.9,32475,1968800,14.04,7.9,7.95
3512,2021-08-12 11:23:00,7.9,7.9,7.35,7.65,70825,1985375,14.01,7.6,7.65
3513,2021-08-12 11:24:00,7.6,7.7,7.3,7.5,104550,1985375,13.98,7.5,7.55
3514,2021-08-12 11:25:00,7.5,7.55,7.2,7.35,62750,1985375,13.95,7.35,7.4
3515,2021-08-12 11:26:00,7.35,7.55,7.3,7.5,95300,1984500,13.92,7.5,7.6
3516,2021-08-12 11:27:00,7.55,7.65,7.35,7.55,89425,1984500,13.89,7.55,7.6
3517,2021-08-12 11:28:00,7.6,7.8,7.5,7.8,59125,1984500,13.87,7.75,7.8
3518,2021-08-12 11:29:00,7.8,7.9,7.55,7.75,47000,1981350,13.85,7.7,7.75
3519,2021-08-12 11:30:00,7.7,8.05,7.55,7.95,77175,1981350,13.83,7.95,8.0
3520,2021-08-12 11:31:00,8.0,8.0,7.3,7.35,96000,1981350,13.8,7.35,7.4
3521,2021-08-12 11:32:00,7.45,8.0,5.95,6.35,442025,1965925,13.64,6.35,6.4
3522,2021-08-12 11:33:00,6.35,6.65,6.05,6.65,216400,1965925,13.56,6.6,6.7
3523,2021-08-12 11:34:00,6.75,7.05,6.4,6.5,166175,1965925,13.5,6.45,6.5
3524,2021-08-12 11:35:00,6.45,6.85,6.45,6.55,123850,1866325,13.46,6.55,6.6
3525,2021-08-12 11:36:00,6.55,6.95,6.45,6.95,169975,1866325,13.4,6.95,7.0
3526,2021-08-12 11:37:00,6.8,6.8,6.05,6.1,202225,1866325,13.33,6.05,6.1
3527,2021-08-12 11:38:00,6.1,6.35,6.1,6.35,134325,1816025,13.28,6.35,6.4
3528,2021-08-12 11:39:00,6.4,6.55,6.25,6.55,119950,1816025,13.24,6.5,6.55
3529,2021-08-12 11:40:00,6.55,6.8,6.55,6.8,69550,1816025,13.22,6.8,6.85
3530,2021-08-12 11:41:00,6.75,6.85,6.6,6.65,65925,1801950,13.2,6.65,6.7
3531,2021-08-12 11:42:00,6.7,6.75,6.5,6.6,54175,1801950,13.18,6.6,6.65
3532,2021-08-12 11:43:00,6.55,6.65,6.5,6.5,49575,1801950,13.17,6.45,6.5
3533,2021-08-12 11:44:00,6.5,6.7,6.4,6.55,128750,1795375,13.12,6.5,6.6
3534,2021-08-12 11:45:00,6.55,6.95,6.55,6.85,72950,1795375,13.1,6.8,6.85
3535,2021-08-12 11:46:00,6.85,7.15,6.85,7.15,86750,1795375,13.08,7.1,7.2
3536,2021-08-12 11:47:00,7.1,8.0,7.1,8.0,129675,1787500,13.04,7.9,8.0
3537,2021-08-12 11:48:00,7.95,8.05,7.65,7.9,98825,1787500,13.02,7.85,7.9
3538,2021-08-12 11:49:00,7.95,7.95,7.45,7.65,92225,1787500,13.0,7.6,7.65
3539,2021-08-12 11:50:00,7.6,7.65,6.8,7.0,67900,1793500,12.98,7.0,7.05
3540,2021-08-12 11:51:00,6.95,7.3,6.9,7.0,56075,1793500,12.96,6.95,7.0
3541,2021-08-12 11:52:00,7.0,7.45,7.0,7.2,48375,1793500,12.95,7.2,7.25
3542,2021-08-12 11:53:00,7.25,7.35,6.7,6.8,66400,1789175,12.93,6.75,6.8
3543,2021-08-12 11:54:00,6.8,7.05,6.7,7.05,55750,1789175,12.91,7.05,7.1
3544,2021-08-12 11:55:00,7.05,7.05,6.6,6.9,75075,1789175,12.89,6.9,6.95
3545,2021-08-12 11:56:00,6.9,7.0,6.8,6.9,49800,1779825,12.88,6.9,6.95
3546,2021-08-12 11:57:00,7.0,7.05,6.7,6.95,62025,1779825,12.86,6.95,7.0
3547,2021-08-12 11:58:00,7.05,7.05,6.55,6.8,61350,1779825,12.84,6.75,6.8
3548,2021-08-12 11:59:00,6.8,6.9,6.6,6.75,41275,1790550,12.83,6.7,6.75
3549,2021-08-12 12:00:00,6.6,6.8,6.35,6.7,48825,1790550,12.82,6.7,6.75
3550,2021-08-12 12:01:00,6.75,6.85,6.6,6.65,36850,1790550,12.81,6.6,6.65
3551,2021-08-12 12:02:00,6.6,6.9,6.35,6.6,62725,1782125,12.79,6.55,6.6
3552,2021-08-12 12:03:00,6.6,6.9,6.55,6.75,49150,1782125,12.78,6.75,6.8
3553,2021-08-12 12:04:00,6.7,6.9,6.6,6.65,39025,1782125,12.77,6.6,6.65
3554,2021-08-12 12:05:00,6.65,6.65,6.45,6.55,49800,1779750,12.75,6.55,6.6
3555,2021-08-12 12:06:00,6.5,6.85,6.4,6.8,135450,1779750,12.71,6.75,6.8
3556,2021-08-12 12:07:00,6.85,7.0,6.65,6.9,50200,1779750,12.7,6.85,6.9
3557,2021-08-12 12:08:00,6.9,6.95,6.6,6.8,48475,1777025,12.69,6.8,6.85
3558,2021-08-12 12:09:00,6.8,6.95,6.75,6.85,64425,1777025,12.67,6.8,6.85
3559,2021-08-12 12:10:00,6.8,7.0,6.75,6.85,46775,1777025,12.66,6.85,6.9
3560,2021-08-12 12:11:00,6.95,7.0,6.55,6.8,46350,1790575,12.65,6.8,6.85
3561,2021-08-12 12:12:00,6.85,6.9,6.7,6.8,27700,1790575,12.64,6.8,6.85
3562,2021-08-12 12:13:00,6.8,6.9,6.65,6.85,34550,1790575,12.63,6.85,6.9
3563,2021-08-12 12:14:00,6.85,7.0,6.8,6.8,33400,1795875,12.62,6.8,6.85
3564,2021-08-12 12:15:00,6.85,6.85,6.55,6.8,31000,1795875,12.61,6.75,6.8
3565,2021-08-12 12:16:00,6.7,6.95,6.3,6.6,93075,1795875,12.59,6.55,6.6
3566,2021-08-12 12:17:00,6.55,6.85,6.5,6.7,46075,1819750,12.58,6.65,6.7
3567,2021-08-12 12:18:00,6.6,6.75,6.55,6.75,33700,1819750,12.57,6.7,6.75
3568,2021-08-12 12:19:00,6.75,6.85,6.2,6.3,186625,1819750,12.52,6.3,6.35
3569,2021-08-12 12:20:00,6.35,6.4,6.2,6.25,82825,1812375,12.5,6.2,6.25
3570,2021-08-12 12:21:00,6.3,6.4,6.15,6.25,74475,1812375,12.48,6.2,6.3
3571,2021-08-12 12:22:00,6.25,6.4,6.25,6.4,52675,1812375,12.46,6.35,6.4
3572,2021-08-12 12:23:00,6.3,6.5,6.3,6.4,52475,1796950,12.45,6.35,6.45
3573,2021-08-12 12:24:00,6.35,6.35,6.15,6.2,36750,1796950,12.44,6.15,6.2
3574,2021-08-12 12:25:00,6.2,6.3,5.65,6.05,167025,1796950,12.39,6.0,6.05
3575,2021-08-12 12:26:00,6.05,6.45,6.0,6.4,144525,1775300,12.36,6.4,6.45
3576,2021-08-12 12:27:00,6.4,6.65,6.25,6.65,57200,1775300,12.34,6.6,6.65
3577,2021-08-12 12:28:00,6.6,6.75,6.45,6.7,33900,1775300,12.33,6.65,6.7
3578,2021-08-12 12:29:00,6.7,6.95,6.5,6.9,79275,1745750,12.31,6.9,6.95
3579,2021-08-12 12:30:00,6.9,9.6,6.8,9.05,295300,1745750,12.26,9.05,9.1
3580,2021-08-12 12:31:00,9.05,9.1,7.5,7.5,127075,1745750,12.24,7.5,7.55
3581,2021-08-12 12:32:00,7.6,8.4,7.6,8.25,102575,1766200,12.22,8.25,8.3
3582,2021-08-12 12:33:00,8.05,8.7,7.95,8.25,106675,1766200,12.21,8.25,8.3
3583,2021-08-12 12:34:00,8.35,8.65,7.8,8.05,71750,1766200,12.19,8.05,8.1
3584,2021-08-12 12:35:00,8.05,8.25,7.15,7.15,69375,1788500,12.18,7.15,7.2
3585,2021-08-12 12:36:00,7.15,8.1,7.15,7.95,92625,1788500,12.16,7.9,8.0
3586,2021-08-12 12:37:00,8.0,8.15,7.55,7.9,59325,1788500,12.15,7.9,7.95
3587,2021-08-12 12:38:00,7.9,8.15,7.6,7.7,42300,1790300,12.15,7.7,7.75
3588,2021-08-12 12:39:00,7.7,8.25,7.7,8.0,48050,1790300,12.14,7.95,8.05
3589,2021-08-12 12:40:00,8.05,8.15,7.8,7.85,46225,1790300,12.13,7.85,7.9
3590,2021-08-12 12:41:00,7.9,7.9,7.15,7.15,65550,1803675,12.12,7.15,7.2
3591,2021-08-12 12:42:00,7.15,7.55,6.85,7.2,100925,1803675,12.1,7.2,7.25
3592,2021-08-12 12:43:00,7.3,7.4,7.05,7.3,42725,1803675,12.09,7.3,7.35
3593,2021-08-12 12:44:00,7.3,7.35,7.1,7.15,39425,1796625,12.08,7.1,7.2
3594,2021-08-12 12:45:00,7.15,7.75,7.1,7.55,34350,1796625,12.08,7.55,7.6
3595,2021-08-12 12:46:00,7.55,7.75,7.2,7.45,73900,1796625,12.06,7.45,7.5
3596,2021-08-12 12:47:00,7.4,7.65,7.3,7.55,44275,1797250,12.05,7.5,7.6
3597,2021-08-12 12:48:00,7.65,7.65,7.25,7.4,44850,1797250,12.05,7.4,7.45
3598,2021-08-12 12:49:00,7.35,7.45,7.15,7.45,34700,1797250,12.04,7.45,7.5
3599,2021-08-12 12:50:00,7.4,7.45,7.25,7.45,28600,1803600,12.03,7.45,7.5
3600,2021-08-12 12:51:00,7.45,8.1,7.45,7.95,85700,1803600,12.02,7.95,8.0
3601,2021-08-12 12:52:00,7.95,8.3,7.85,8.25,40425,1803600,12.01,8.2,8.25
3602,2021-08-12 12:53:00,8.2,8.3,7.8,7.95,35175,1800775,12.01,7.9,7.95
3603,2021-08-12 12:54:00,8.1,8.15,7.7,7.95,39600,1800775,12.0,7.95,8.0
3604,2021-08-12 12:55:00,8.0,8.1,7.7,7.75,22675,1800775,12.0,7.7,7.8
3605,2021-08-12 12:56:00,7.7,9.0,7.45,9.0,167900,1806700,11.97,8.9,9.0
3606,2021-08-12 12:57:00,9.05,9.2,7.55,7.75,170075,1806700,11.95,7.75,7.8
3607,2021-08-12 12:58:00,7.9,8.15,5.9,6.35,269175,1806700,11.9,6.35,6.4
3608,2021-08-12 12:59:00,6.35,6.65,6.25,6.45,91175,1803050,11.88,6.4,6.45
3609,2021-08-12 13:00:00,6.45,6.5,6.05,6.25,80775,1803050,11.86,6.15,6.2
3610,2021-08-12 13:01:00,6.15,6.5,6.1,6.3,59825,1803050,11.85,6.3,6.35
3611,2021-08-12 13:02:00,6.3,6.55,6.3,6.4,50350,1803050,11.84,6.35,6.45
3612,2021-08-12 13:03:00,6.4,6.55,6.1,6.3,112425,1801200,11.81,6.3,6.35
3613,2021-08-12 13:04:00,6.2,6.3,5.85,5.95,94600,1801200,11.79,5.95,6.0
3614,2021-08-12 13:05:00,5.9,6.3,5.8,6.3,115150,1801200,11.77,6.3,6.35
3615,2021-08-12 13:06:00,6.25,6.3,5.9,6.1,47500,1830000,11.76,6.05,6.1
3616,2021-08-12 13:07:00,6.05,6.25,5.9,6.25,28150,1830000,11.75,6.15,6.25
3617,2021-08-12 13:08:00,6.2,6.45,6.1,6.4,62175,1830000,11.74,6.35,6.4
3618,2021-08-12 13:09:00,6.35,6.35,5.95,6.15,65375,1834925,11.73,6.15,6.25
3619,2021-08-12 13:10:00,6.15,6.15,5.7,5.95,68900,1834925,11.71,5.95,6.0
3620,2021-08-12 13:11:00,5.95,6.1,5.7,5.9,78150,1834925,11.69,5.9,5.95
3621,2021-08-12 13:12:00,5.85,6.0,5.6,5.9,64450,1819425,11.68,5.85,5.9
3622,2021-08-12 13:13:00,5.9,6.0,5.65,5.8,71150,1819425,11.66,5.8,5.85
3623,2021-08-12 13:14:00,5.85,6.1,5.8,5.95,76400,1819425,11.65,5.95,6.0
3624,2021-08-12 13:15:00,5.95,6.0,4.7,5.4,222275,1790150,11.6,5.35,5.4
3625,2021-08-12 13:16:00,5.5,5.5,5.05,5.25,152475,1790150,11.56,5.2,5.25
3626,2021-08-12 13:17:00,5.2,5.3,5.15,5.15,86150,1790150,11.54,5.1,5.15
3627,2021-08-12 13:18:00,5.15,5.4,5.15,5.3,67650,1759750,11.53,5.3,5.35
3628,2021-08-12 13:19:00,5.3,5.45,5.2,5.45,65125,1759750,11.51,5.4,5.45
3629,2021-08-12 13:20:00,5.5,5.55,5.25,5.5,57000,1759750,11.5,5.5,5.55
3630,2021-08-12 13:21:00,5.55,5.6,5.35,5.55,44300,1738275,11.49,5.55,5.6
3631,2021-08-12 13:22:00,5.55,5.55,5.3,5.35,51700,1738275,11.48,5.35,5.4
3632,2021-08-12 13:23:00,5.35,5.6,5.35,5.4,53425,1738275,11.47,5.4,5.45
3633,2021-08-12 13:24:00,5.4,5.5,5.2,5.45,37200,1733300,11.46,5.45,5.5
3634,2021-08-12 13:25:00,5.5,5.6,5.25,5.5,71700,1733300,11.45,5.45,5.5
3635,2021-08-12 13:26:00,5.5,5.6,5.35,5.45,33950,1733300,11.44,5.4,5.45
3636,2021-08-12 13:27:00,5.4,5.75,5.35,5.75,46700,1728450,11.43,5.7,5.75
3637,2021-08-12 13:28:00,5.7,6.2,5.7,6.15,136850,1728450,11.4,6.15,6.2
3638,2021-08-12 13:29:00,6.25,6.4,5.8,6.25,71575,1728450,11.39,6.3,6.35
3639,2021-08-12 13:30:00,6.35,7.2,6.2,7.2,169825,1722375,11.36,7.15,7.25
3640,2021-08-12 13:31:00,7.15,7.55,6.95,7.0,125850,1722375,11.34,6.95,7.0
3641,2021-08-12 13:32:00,7.0,7.1,6.75,6.9,77875,1722375,11.33,6.9,6.95
3642,2021-08-12 13:33:00,7.0,7.05,6.55,6.9,128025,1714875,11.31,6.85,6.9
3643,2021-08-12 13:34:00,6.95,7.05,6.15,6.15,111425,1714875,11.29,6.1,6.2
3644,2021-08-12 13:35:00,6.35,6.55,5.7,5.85,90325,1714875,11.28,5.85,5.9
3645,2021-08-12 13:36:00,5.85,6.1,5.7,5.75,67375,1724150,11.27,5.7,5.8
3646,2021-08-12 13:37:00,5.75,6.2,5.6,6.15,102275,1724150,11.25,6.15,6.2
3647,2021-08-12 13:38:00,6.3,6.75,5.9,6.75,80125,1724150,11.23,6.7,6.8
3648,2021-08-12 13:39:00,6.7,6.9,6.5,6.7,152000,1735450,11.21,6.65,6.75
3649,2021-08-12 13:40:00,6.55,7.65,6.55,6.9,207950,1735450,11.18,6.9,6.95
3650,2021-08-12 13:41:00,6.95,7.55,6.3,6.3,199925,1735450,11.15,6.3,6.35
3651,2021-08-12 13:42:00,6.35,6.65,5.4,5.6,159800,1762100,11.13,5.55,5.6
3652,2021-08-12 13:43:00,5.6,5.8,5.25,5.35,116725,1762100,11.1,5.35,5.4
3653,2021-08-12 13:44:00,5.35,5.6,5.3,5.55,105200,1762100,11.09,5.5,5.6
3654,2021-08-12 13:45:00,5.6,5.95,5.4,5.95,71375,1787450,11.07,5.95,6.0
3655,2021-08-12 13:46:00,5.95,6.0,5.6,5.85,85525,1787450,11.06,5.8,5.85
3656,2021-08-12 13:47:00,5.8,5.9,5.6,5.65,58825,1787450,11.05,5.6,5.65
3657,2021-08-12 13:48:00,5.6,5.85,4.6,4.75,166475,1804625,11.02,4.75,4.8
3658,2021-08-12 13:49:00,4.85,4.85,4.35,4.55,165975,1804625,10.98,4.5,4.6
3659,2021-08-12 13:50:00,4.45,4.6,4.4,4.5,76825,1804625,10.97,4.5,4.55
3660,2021-08-12 13:51:00,4.45,4.7,4.45,4.55,66950,1773400,10.95,4.5,4.6
3661,2021-08-12 13:52:00,4.45,4.9,4.45,4.9,104250,1773400,10.93,4.9,4.95
3662,2021-08-12 13:53:00,5.0,5.1,4.85,4.85,132875,1773400,10.91,4.85,4.9
3663,2021-08-12 13:54:00,4.8,5.3,4.8,5.3,116200,1774425,10.88,5.25,5.3
3664,2021-08-12 13:55:00,5.3,5.6,4.95,5.4,138925,1774425,10.86,5.35,5.45
3665,2021-08-12 13:56:00,5.35,5.75,5.2,5.25,125925,1774425,10.84,5.2,5.3
3666,2021-08-12 13:57:00,5.15,5.35,5.0,5.0,85625,1764900,10.82,5.0,5.1
3667,2021-08-12 13:58:00,5.1,5.1,4.45,4.5,75300,1764900,10.81,4.5,4.55
3668,2021-08-12 13:59:00,4.55,4.65,4.1,4.3,131175,1764900,10.78,4.3,4.35
3669,2021-08-12 14:00:00,4.35,4.4,3.9,4.15,116875,1747725,10.76,4.1,4.15
3670,2021-08-12 14:01:00,4.1,4.15,3.65,3.7,96450,1747725,10.74,3.65,3.75
3671,2021-08-12 14:02:00,3.65,4.0,3.65,3.65,156300,1747725,10.7,3.6,3.65
3672,2021-08-12 14:03:00,3.6,4.1,3.6,3.95,151050,1714500,10.67,3.9,3.95
3673,2021-08-12 14:04:00,3.95,4.35,3.85,3.9,135900,1714500,10.64,3.85,3.9
3674,2021-08-12 14:05:00,3.95,4.05,3.65,3.8,138150,1714500,10.62,3.8,3.85
3675,2021-08-12 14:06:00,3.75,3.8,2.9,3.45,153700,1699250,10.58,3.45,3.5
3676,2021-08-12 14:07:00,3.4,3.65,3.3,3.4,127550,1699250,10.55,3.35,3.4
3677,2021-08-12 14:08:00,3.4,3.6,3.35,3.6,80675,1699250,10.54,3.6,3.65
3678,2021-08-12 14:09:00,3.65,3.75,3.2,3.35,123725,1667800,10.51,3.3,3.35
3679,2021-08-12 14:10:00,3.35,3.35,2.95,3.0,164775,1667800,10.48,3.0,3.05
3680,2021-08-12 14:11:00,2.95,2.95,2.4,2.5,360375,1667800,10.39,2.45,2.5
3681,2021-08-12 14:12:00,2.45,2.9,2.45,2.85,242675,1610900,10.34,2.85,2.9
3682,2021-08-12 14:13:00,2.9,2.95,2.65,2.65,165750,1610900,10.3,2.6,2.65
3683,2021-08-12 14:14:00,2.65,2.7,2.2,2.3,217500,1610900,10.25,2.25,2.3
3684,2021-08-12 14:15:00,2.25,2.5,2.2,2.2,372600,1552800,10.16,2.25,2.3
3685,2021-08-12 14:16:00,2.25,2.5,2.2,2.45,272800,1552800,10.1,2.4,2.45
3686,2021-08-12 14:17:00,2.45,2.45,2.25,2.3,127925,1552800,10.08,2.3,2.35
3687,2021-08-12 14:18:00,2.35,2.45,2.25,2.35,180975,1461325,10.04,2.3,2.35
3688,2021-08-12 14:19:00,2.3,2.4,2.3,2.35,97375,1461325,10.02,2.35,2.4
3689,2021-08-12 14:20:00,2.35,2.45,2.25,2.3,127850,1461325,9.99,2.3,2.35
3690,2021-08-12 14:21:00,2.3,2.35,2.1,2.2,142175,1369225,9.96,2.2,2.25
3691,2021-08-12 14:22:00,2.15,2.2,1.85,1.95,195625,1369225,9.91,1.9,1.95
3692,2021-08-12 14:23:00,1.95,2.0,1.85,1.85,103775,1369225,9.89,1.85,1.9
3693,2021-08-12 14:24:00,1.85,1.9,1.7,1.7,81150,1356475,9.87,1.7,1.75
3694,2021-08-12 14:25:00,1.7,1.85,1.65,1.8,54500,1356475,9.86,1.75,1.8
3695,2021-08-12 14:26:00,1.8,1.85,1.7,1.8,70325,1356475,9.84,1.8,1.85
3696,2021-08-12 14:27:00,1.8,1.85,1.7,1.75,88150,1356125,9.83,1.75,1.8
3697,2021-08-12 14:28:00,1.8,1.85,1.55,1.6,149350,1356125,9.79,1.6,1.65
3698,2021-08-12 14:29:00,1.6,1.7,1.45,1.65,94750,1356125,9.77,1.6,1.65
3699,2021-08-12 14:30:00,1.7,1.8,1.6,1.8,103875,1313800,9.75,1.75,1.8
3700,2021-08-12 14:31:00,1.75,1.9,1.7,1.7,162750,1313800,9.71,1.7,1.75
3701,2021-08-12 14:32:00,1.7,1.75,1.6,1.75,98650,1313800,9.69,1.7,1.75
3702,2021-08-12 14:33:00,1.7,1.75,1.55,1.55,86725,1304000,9.67,1.5,1.55
3703,2021-08-12 14:34:00,1.5,1.55,1.5,1.5,85700,1304000,9.65,1.5,1.55
3704,2021-08-12 14:35:00,1.55,1.6,1.45,1.45,133450,1304000,9.62,1.45,1.5
3705,2021-08-12 14:36:00,1.5,1.6,1.45,1.6,97925,1335925,9.6,1.55,1.6
3706,2021-08-12 14:37:00,1.6,1.65,1.5,1.65,88225,1335925,9.58,1.6,1.65
3707,2021-08-12 14:38:00,1.65,1.65,1.35,1.4,76525,1335925,9.57,1.35,1.4
3708,2021-08-12 14:39:00,1.4,1.45,1.3,1.35,60100,1347625,9.55,1.3,1.35
3709,2021-08-12 14:40:00,1.35,1.35,1.15,1.2,107275,1347625,9.53,1.2,1.25
3710,2021-08-12 14:41:00,1.2,1.2,1.05,1.05,78150,1347625,9.51,1.05,1.1
3711,2021-08-12 14:42:00,1.05,1.1,0.95,1.0,61775,1338700,9.5,1.0,1.05
3712,2021-08-12 14:43:00,1.0,1.0,0.9,0.9,63775,1338700,9.49,0.9,0.95
3713,2021-08-12 14:44:00,0.9,1.05,0.9,1.05,50825,1338700,9.47,1.0,1.05
3714,2021-08-12 14:45:00,1.0,1.15,1.0,1.15,66475,1309250,9.46,1.1,1.15
3715,2021-08-12 14:46:00,1.15,1.3,1.1,1.2,76275,1309250,9.44,1.15,1.2
3716,2021-08-12 14:47:00,1.2,1.3,1.15,1.25,97850,1309250,9.42,1.25,1.3
3717,2021-08-12 14:48:00,1.3,1.3,1.2,1.25,43825,1320750,9.41,1.2,1.25
3718,2021-08-12 14:49:00,1.15,1.25,1.15,1.15,26050,1320750,9.41,1.15,1.2
3719,2021-08-12 14:50:00,1.15,1.3,1.1,1.25,68150,1320750,9.39,1.25,1.3
3720,2021-08-12 14:51:00,1.25,1.25,1.1,1.1,36850,1311225,9.38,1.1,1.15
3721,2021-08-12 14:52:00,1.1,1.15,1.0,1.0,54150,1311225,9.37,0.95,1.0
3722,2021-08-12 14:53:00,1.0,1.0,0.9,0.95,84525,1311225,9.35,0.95,1.0
3723,2021-08-12 14:54:00,0.95,0.95,0.85,0.95,58900,1305225,9.34,0.9,0.95
3724,2021-08-12 14:55:00,0.9,1.05,0.9,1.05,63275,1305225,9.33,1.05,1.1
3725,2021-08-12 14:56:00,1.1,1.1,1.0,1.0,60975,1305225,9.31,1.0,1.05
3726,2021-08-12 14:57:00,1.0,1.0,0.9,0.95,36400,1283075,9.31,0.9,0.95
3727,2021-08-12 14:58:00,0.9,1.05,0.9,1.0,51450,1283075,9.3,1.0,1.05
3728,2021-08-12 14:59:00,1.05,1.05,0.95,1.0,64775,1283075,9.28,1.0,1.05
3729,2021-08-12 15:00:00,1.0,1.05,0.9,0.9,127800,1274925,9.25,0.9,0.95
3730,2021-08-12 15:01:00,0.85,0.9,0.75,0.75,88100,1274925,9.24,0.75,0.8
3731,2021-08-12 15:02:00,0.8,0.9,0.8,0.85,73600,1274925,9.22,0.85,0.9
3732,2021-08-12 15:03:00,0.85,0.9,0.8,0.85,61175,1249400,9.21,0.8,0.85
3733,2021-08-12 15:04:00,0.85,0.95,0.8,0.85,94700,1249400,9.19,0.8,0.85
3734,2021-08-12 15:05:00,0.85,0.9,0.75,0.8,75200,1249400,9.17,0.8,0.85
3735,2021-08-12 15:06:00,0.8,0.9,0.8,0.8,104500,1235950,9.15,0.8,0.85
3736,2021-08-12 15:07:00,0.8,0.85,0.65,0.65,80675,1235950,9.13,0.65,0.7
3737,2021-08-12 15:08:00,0.7,0.7,0.55,0.65,85375,1235950,9.11,0.65,0.7
3738,2021-08-12 15:09:00,0.65,0.7,0.5,0.55,74825,1203625,9.1,0.5,0.55
3739,2021-08-12 15:10:00,0.5,0.55,0.35,0.4,93750,1203625,9.08,0.35,0.4
3740,2021-08-12 15:11:00,0.35,0.45,0.35,0.4,58725,1203625,9.06,0.35,0.4
3741,2021-08-12 15:12:00,0.4,0.4,0.3,0.3,62500,1166550,9.05,0.3,0.35
3742,2021-08-12 15:13:00,0.3,0.35,0.25,0.25,54050,1166550,9.04,0.25,0.3
3743,2021-08-12 15:14:00,0.3,0.3,0.25,0.25,60300,1166550,9.02,0.25,0.3
3744,2021-08-12 15:15:00,0.25,0.25,0.15,0.15,149775,1103250,8.99,0.15,0.2
3745,2021-08-12 15:16:00,0.15,0.2,0.15,0.15,37825,1103250,8.98,0.15,0.2
3746,2021-08-12 15:17:00,0.2,0.2,0.15,0.15,30625,1103250,8.98,0.15,0.2
3747,2021-08-12 15:18:00,0.15,0.2,0.15,0.15,36550,1049650,8.97,0.15,0.2
3748,2021-08-12 15:19:00,0.2,0.2,0.15,0.15,31125,1049650,8.96,0.15,0.2
3749,2021-08-12 15:20:00,0.15,0.2,0.15,0.15,22700,1049650,8.96,0.15,0.2
3750,2021-08-12 15:21:00,0.15,0.2,0.1,0.1,35450,992325,8.95,0.1,0.15
3751,2021-08-12 15:22:00,0.15,0.2,0.1,0.15,51800,992325,8.94,0.1,0.15
3752,2021-08-12 15:23:00,0.1,0.15,0.1,0.15,16475,992325,8.93,0.1,0.15
3753,2021-08-12 15:24:00,0.1,0.15,0.1,0.1,18700,954100,8.93,0.1,0.15
3754,2021-08-12 15:25:00,0.1,0.45,0.1,0.15,151825,954100,8.9,0.15,0.2
3755,2021-08-12 15:26:00,0.2,0.2,0.05,0.05,61575,954100,8.88,0.05,0.1
3756,2021-08-12 15:27:00,0.05,0.1,0.05,0.05,60025,864025,8.87,0.05,0.1
3757,2021-08-12 15:28:00,0.05,0.05,0.05,0.05,35450,864025,8.86,0.0,0.05
3758,2021-08-12 15:29:00,0.05,0.05,0.05,0.05,35450,864025,8.86,0.0,0.05
3759,2021-08-12 15:30:00,0.05,0.05,0.05,0.05,10475,864025,8.86,0.0,0.05
3760,2021-08-12 09:15:00,39.8,39.8,17.65,29.2,322050,1183000,23.75,29.1,29.2
3761,2021-08-12 09:16:00,28.85,29.9,25.2,25.9,267050,1183000,25.34,25.85,25.95
3762,2021-08-12 09:17:00,25.9,28.0,25.55,26.85,306150,1302125,25.92,26.85,26.95
3763,2021-08-12 09:18:00,26.75,27.5,25.75,26.25,272125,1302125,26.07,26.3,26.35
3764,2021-08-12 09:19:00,26.15,26.5,23.6,23.6,252525,1302125,25.84,23.6,23.65
3765,2021-08-12 09:20:00,23.85,24.35,19.5,21.95,362075,1444525,25.07,21.95,22.05
3766,2021-08-12 09:21:00,21.9,22.3,19.55,20.65,458400,1444525,24.2,20.7,20.75
3767,2021-08-12 09:22:00,20.6,21.05,17.75,17.8,439275,1444525,23.37,17.8,17.85
3768,2021-08-12 09:23:00,17.95,19.1,17.6,18.65,329750,1490650,22.82,18.65,18.7
3769,2021-08-12 09:24:00,18.6,20.45,15.45,15.85,538625,1490650,22.03,15.8,15.9
3770,2021-08-12 09:25:00,16.1,16.1,13.45,14.0,499800,1490650,21.09,14.0,14.05
3771,2021-08-12 09:26:00,14.1,16.8,14.1,15.95,326750,1563925,20.68,15.85,16.0
3772,2021-08-12 09:27:00,15.5,16.6,15.5,16.15,252650,1563925,20.43,16.1,16.2
3773,2021-08-12 09:28:00,16.25,16.95,16.15,16.75,247050,1563925,20.24,16.7,16.75
3774,2021-08-12 09:29:00,16.7,16.75,14.75,15.15,260475,1602525,20.01,15.15,15.2
3775,2021-08-12 09:30:00,15.2,15.25,14.55,14.8,223625,1602525,19.79,14.7,14.75
3776,2021-08-12 09:31:00,14.7,14.75,14.0,14.3,191825,1602525,19.6,14.2,14.3
3777,2021-08-12 09:32:00,14.25,14.45,14.0,14.05,145400,1676050,19.46,14.0,14.1
3778,2021-08-12 09:33:00,14.05,14.2,13.8,14.15,164100,1676050,19.31,14.05,14.15
3779,2021-08-12 09:34:00,14.15,14.15,13.2,13.25,153975,1676050,19.17,13.2,13.25
3780,2021-08-12 09:35:00,13.25,13.25,11.3,11.4,360075,1700275,18.79,11.45,11.5
3781,2021-08-12 09:36:00,11.5,11.5,11.05,11.5,218075,1700275,18.54,11.5,11.55
3782,2021-08-12 09:37:00,11.45,12.2,11.25,12.1,204500,1700275,18.33,12.05,12.15
3783,2021-08-12 09:38:00,12.15,12.4,11.75,12.15,123325,1641900,18.22,12.1,12.15
3784,2021-08-12 09:39:00,12.15,13.15,12.05,12.45,209125,1641900,18.06,12.4,12.45
3785,2021-08-12 09:40:00,12.55,12.7,12.25,12.5,163375,1641900,17.93,12.4,12.45
3786,2021-08-12 09:41:00,12.4,12.85,12.25,12.4,166475,1660825,17.81,12.35,12.4
3787,2021-08-12 09:42:00,12.4,12.55,11.9,12.2,159875,1660825,17.69,12.15,12.25
3788,2021-08-12 09:43:00,12.2,12.25,11.65,11.75,170575,1660825,17.57,11.75,11.85
3789,2021-08-12 09:44:00,11.8,11.9,11.5,11.55,134600,1671450,17.47,11.55,11.6
3790,2021-08-12 09:45:00,11.5,11.8,11.15,11.75,186650,1671450,17.33,11.7,11.75
3791,2021-08-12 09:46:00,11.8,12.5,11.7,12.5,104300,1671450,17.26,12.35,12.45
3792,2021-08-12 09:47:00,12.4,13.15,12.25,12.75,149500,1664275,17.18,12.7,12.8
3793,2021-08-12 09:48:00,12.85,12.85,11.85,12.25,134375,1664275,17.1,12.15,12.25
3794,2021-08-12 09:49:00,12.25,12.65,12.05,12.25,121275,1664275,17.04,12.2,12.3
3795,2021-08-12 09:50:00,12.05,12.4,12.0,12.4,150825,1670575,16.95,12.35,12.4
3796,2021-08-12 09:51:00,12.3,13.4,12.05,12.85,218250,1670575,16.85,12.8,12.9
3797,2021-08-12 09:52:00,12.65,13.95,12.65,13.55,159000,1670575,16.79,13.55,13.6
3798,2021-08-12 09:53:00,13.6,14.2,13.25,13.55,222125,1644150,16.72,13.5,13.6
3799,2021-08-12 09:54:00,13.45,13.5,12.45,13.05,194400,1644150,16.64,13.0,13.05
3800,2021-08-12 09:55:00,12.95,13.6,12.75,13.2,104700,1644150,16.6,13.25,13.3
3801,2021-08-12 09:56:00,13.25,13.45,12.9,12.95,85875,1666675,16.57,12.9,12.95
3802,2021-08-12 09:57:00,12.95,12.95,11.85,12.35,135125,1666675,16.52,12.3,12.35
3803,2021-08-12 09:58:00,12.25,12.8,12.0,12.8,95300,1666675,16.48,12.7,12.8
3804,2021-08-12 09:59:00,12.6,12.7,11.9,12.25,79600,1680650,16.44,12.25,12.3
3805,2021-08-12 10:00:00,12.35,13.5,12.0,13.5,159325,1680650,16.38,13.4,13.5
3806,2021-08-12 10:01:00,13.35,15.15,13.05,14.6,218550,1680650,16.33,14.55,14.65
3807,2021-08-12 10:02:00,14.6,17.1,14.25,17.1,227475,1663475,16.32,17.0,17.1
3808,2021-08-12 10:03:00,17.0,17.0,14.65,15.2,238700,1663475,16.3,15.15,15.25
3809,2021-08-12 10:04:00,15.15,16.6,14.95,16.4,187500,1663475,16.3,16.35,16.45
3810,2021-08-12 10:05:00,16.4,16.8,15.55,16.25,192525,1685325,16.29,16.2,16.3
3811,2021-08-12 10:06:00,16.2,17.15,15.9,16.2,233600,1685325,16.3,16.2,16.25
3812,2021-08-12 10:07:00,16.25,16.5,15.2,15.75,171525,1685325,16.29,15.7,15.75
3813,2021-08-12 10:08:00,15.8,16.3,15.4,15.75,110250,1731875,16.29,15.65,15.75
3814,2021-08-12 10:09:00,15.6,15.95,14.45,14.45,117600,1731875,16.28,14.5,14.55
3815,2021-08-12 10:10:00,14.4,14.9,11.95,12.2,261875,1731875,16.22,12.15,12.2
3816,2021-08-12 10:11:00,12.05,12.75,11.45,12.2,176325,1718125,16.16,12.15,12.2
3817,2021-08-12 10:12:00,12.25,12.25,10.85,11.35,128625,1718125,16.11,11.3,11.35
3818,2021-08-12 10:13:00,11.35,11.75,11.0,11.7,99650,1718125,16.07,11.65,11.75
3819,2021-08-12 10:14:00,11.7,11.7,11.1,11.45,85100,1735675,16.04,11.4,11.45
3820,2021-08-12 10:15:00,11.45,11.9,11.4,11.45,66275,1735675,16.02,11.45,11.5
3821,2021-08-12 10:16:00,11.5,11.6,10.2,10.4,106075,1735675,15.98,10.4,10.45
3822,2021-08-12 10:17:00,10.35,10.5,9.05,9.25,160725,1709850,15.9,9.2,9.25
3823,2021-08-12 10:18:00,9.2,9.2,8.55,8.85,170050,1709850,15.81,8.8,8.85
3824,2021-08-12 10:19:00,8.85,9.25,8.8,8.85,96750,1709850,15.76,8.8,8.9
3825,2021-08-12 10:20:00,8.9,9.2,8.75,9.05,140325,1687550,15.69,9.05,9.1
3826,2021-08-12 10:21:00,9.1,9.8,9.1,9.6,129450,1687550,15.63,9.6,9.65
3827,2021-08-12 10:22:00,9.7,9.95,9.55,9.9,101850,1687550,15.58,9.9,10.0
3828,2021-08-12 10:23:00,9.85,11.5,9.85,11.45,127050,1719950,15.54,11.4,11.45
3829,2021-08-12 10:24:00,11.5,11.95,10.8,11.95,94450,1719950,15.51,11.9,11.95
3830,2021-08-12 10:25:00,11.95,12.25,10.6,10.85,91250,1719950,15.49,10.85,10.95
3831,2021-08-12 10:26:00,10.9,11.2,10.0,10.0,56525,1732375,15.47,10.0,10.05
3832,2021-08-12 10:27:00,10.05,10.9,10.05,10.25,73450,1732375,15.44,10.25,10.3
3833,2021-08-12 10:28:00,10.35,10.85,10.1,10.6,49950,1732375,15.42,10.6,10.65
3834,2021-08-12 10:29:00,10.55,10.65,10.2,10.35,50550,1742900,15.4,10.3,10.4
3835,2021-08-12 10:30:00,10.25,10.7,9.95,10.3,84250,1742900,15.37,10.25,10.3
3836,2021-08-12 10:31:00,10.3,10.5,9.5,9.8,101150,1742900,15.34,9.8,9.85
3837,2021-08-12 10:32:00,9.85,10.15,9.45,10.0,106650,1756300,15.29,9.95,10.05
3838,2021-08-12 10:33:00,9.95,10.65,9.95,10.5,68200,1756300,15.27,10.45,10.55
3839,2021-08-12 10:34:00,10.5,10.8,10.25,10.75,53575,1756300,15.25,10.7,10.75
3840,2021-08-12 10:35:00,10.75,10.9,10.25,10.5,66400,1766050,15.23,10.4,10.5
3841,2021-08-12 10:36:00,10.3,10.3,9.65,10.0,77850,1766050,15.21,10.0,10.05
3842,2021-08-12 10:37:00,10.15,10.4,9.85,10.05,72025,1766050,15.18,10.0,10.05
3843,2021-08-12 10:38:00,10.05,11.3,10.05,10.9,80050,1792925,15.16,10.85,10.9
3844,2021-08-12 10:39:00,10.8,10.8,10.1,10.35,95825,1792925,15.13,10.3,10.35
3845,2021-08-12 10:40:00,10.1,10.25,9.75,9.95,113700,1792925,15.09,9.9,9.95
3846,2021-08-12 10:41:00,9.8,9.9,9.3,9.55,71975,1818800,15.06,9.55,9.6
3847,2021-08-12 10:42:00,9.55,10.0,8.9,8.9,123225,1818800,15.02,8.85,8.9
3848,2021-08-12 10:43:00,8.95,9.0,8.5,8.6,142675,1818800,14.96,8.55,8.65
3849,2021-08-12 10:44:00,8.55,8.55,8.2,8.3,110425,1830900,14.91,8.3,8.35
3850,2021-08-12 10:45:00,8.25,8.25,7.4,7.75,199200,1830900,14.82,7.75,7.8
3851,2021-08-12 10:46:00,7.75,8.1,7.7,8.1,101250,1830900,14.78,8.1,8.15
3852,2021-08-12 10:47:00,8.05,8.35,7.95,8.35,61550,1833000,14.75,8.35,8.4
3853,2021-08-12 10:48:00,8.35,8.6,8.25,8.5,77375,1833000,14.72,8.5,8.55
3854,2021-08-12 10:49:00,8.6,8.75,8.4,8.65,55600,1833000,14.7,8.65,8.7
3855,2021-08-12 10:50:00,8.7,8.9,8.65,8.75,57975,1842300,14.68,8.75,8.8
3856,2021-08-12 10:51:00,8.75,9.15,8.55,9.15,93125,1842300,14.65,9.1,9.15
3857,2021-08-12 10:52:00,9.15,9.5,9.05,9.45,48275,1842300,14.63,9.4,9.5
3858,2021-08-12 10:53:00,9.5,9.5,9.15,9.3,58425,1870775,14.61,9.3,9.35
3859,2021-08-12 10:54:00,9.3,9.45,9.15,9.45,34075,1870775,14.6,9.35,9.45
3860,2021-08-12 10:55:00,9.4,9.9,9.2,9.45,100325,1870775,14.57,9.4,9.5
3861,2021-08-12 10:56:00,9.4,9.75,9.15,9.65,71675,1891250,14.55,9.55,9.65
3862,2021-08-12 10:57:00,9.5,9.75,9.15,9.75,46625,1891250,14.53,9.7,9.8
3863,2021-08-12 10:58:00,9.7,10.15,9.45,10.0,75675,1891250,14.51,9.95,10.0
3864,2021-08-12 10:59:00,9.9,10.2,9.4,9.4,77225,1901975,14.49,9.35,9.4
3865,2021-08-12 11:00:00,9.35,9.4,8.4,8.4,127500,1901975,14.45,8.4,8.45
3866,2021-08-12 11:01:00,8.5,8.85,8.4,8.75,70550,1901975,14.42,8.75,8.8
3867,2021-08-12 11:02:00,8.75,8.9,8.5,8.8,44700,1910500,14.41,8.8,8.85
3868,2021-08-12 11:03:00,8.9,9.0,8.75,8.9,38250,1910500,14.4,8.85,8.9
3869,2021-08-12 11:04:00,8.9,9.2,8.85,9.05,40425,1910500,14.38,9.0,9.05
3870,2021-08-12 11:05:00,9.05,9.1,8.6,8.75,61325,1916625,14.36,8.7,8.8
3871,2021-08-12 11:06:00,8.75,8.95,8.7,8.8,34050,1916625,14.35,8.75,8.8
3872,2021-08-12 11:07:00,8.85,8.95,8.5,8.8,80425,1916625,14.33,8.8,8.85
3873,2021-08-12 11:08:00,8.85,8.95,8.6,8.8,36800,1926650,14.31,8.75,8.8
3874,2021-08-12 11:09:00,8.75,8.95,8.6,8.75,51175,1926650,14.3,8.7,8.75
3875,2021-08-12 11:10:00,8.75,9.1,8.7,8.95,77200,1926650,14.27,8.9,9.0
3876,2021-08-12 11:11:00,9.0,9.2,8.75,8.8,59000,1936225,14.26,8.8,8.85
3877,2021-08-12 11:12:00,8.8,8.85,8.3,8.45,50225,1936225,14.24,8.4,8.45
3878,2021-08-12 11:13:00,8.45,8.65,8.3,8.5,39650,1936225,14.23,8.45,8.5
3879,2021-08-12 11:14:00,8.5,8.8,8.35,8.65,38875,1939900,14.21,8.65,8.7
3880,2021-08-12 11:15:00,8.6,8.7,8.35,8.55,59525,1939900,14.19,8.5,8.6
3881,2021-08-12 11:16:00,8.5,8.55,7.85,7.9,92400,1939900,14.16,7.85,7.9
3882,2021-08-12 11:17:00,7.95,8.05,7.6,7.6,62975,1963575,14.14,7.6,7.65
3883,2021-08-12 11:18:00,7.6,7.8,7.55,7.6,64725,1963575,14.12,7.6,7.65
3884,2021-08-12 11:19:00,7.65,8.0,7.6,7.9,98575,1963575,14.08,7.85,7.9
3885,2021-08-12 11:20:00,7.95,8.2,7.85,8.1,56900,1968800,14.06,8.1,8.15
3886,2021-08-12 11:21:00,8.1,8.15,7.8,7.8,40600,1968800,14.05,7.8,7.85
3887,2021-08-12 11:22:00,7.85,8.1,7.8,7.9,32475,1968800,14.04,7.9,7.95
3888,2021-08-12 11:23:00,7.9,7.9,7.35,7.65,70825,1985375,14.01,7.6,7.65
3889,2021-08-12 11:24:00,7.6,7.7,7.3,7.5,104550,1985375,13.98,7.5,7.55
3890,2021-08-12 11:25:00,7.5,7.55,7.2,7.35,62750,1985375,13.95,7.35,7.4
3891,2021-08-12 11:26:00,7.35,7.55,7.3,7.5,95300,1984500,13.92,7.5,7.6
3892,2021-08-12 11:27:00,7.55,7.65,7.35,7.55,89425,1984500,13.89,7.55,7.6
3893,2021-08-12 11:28:00,7.6,7.8,7.5,7.8,59125,1984500,13.87,7.75,7.8
3894,2021-08-12 11:29:00,7.8,7.9,7.55,7.75,47000,1981350,13.85,7.7,7.75
3895,2021-08-12 11:30:00,7.7,8.05,7.55,7.95,77175,1981350,13.83,7.95,8.0
3896,2021-08-12 11:31:00,8.0,8.0,7.3,7.35,96000,1981350,13.8,7.35,7.4
3897,2021-08-12 11:32:00,7.45,8.0,5.95,6.35,442025,1965925,13.64,6.35,6.4
3898,2021-08-12 11:33:00,6.35,6.65,6.05,6.65,216400,1965925,13.56,6.6,6.7
3899,2021-08-12 11:34:00,6.75,7.05,6.4,6.5,166175,1965925,13.5,6.45,6.5
3900,2021-08-12 11:35:00,6.45,6.85,6.45,6.55,123850,1866325,13.46,6.55,6.6
3901,2021-08-12 11:36:00,6.55,6.95,6.45,6.95,169975,1866325,13.4,6.95,7.0
3902,2021-08-12 11:37:00,6.8,6.8,6.05,6.1,202225,1866325,13.33,6.05,6.1
3903,2021-08-12 11:38:00,6.1,6.35,6.1,6.35,134325,1816025,13.28,6.35,6.4
3904,2021-08-12 11:39:00,6.4,6.55,6.25,6.55,119950,1816025,13.24,6.5,6.55
3905,2021-08-12 11:40:00,6.55,6.8,6.55,6.8,69550,1816025,13.22,6.8,6.85
3906,2021-08-12 11:41:00,6.75,6.85,6.6,6.65,65925,1801950,13.2,6.65,6.7
3907,2021-08-12 11:42:00,6.7,6.75,6.5,6.6,54175,1801950,13.18,6.6,6.65
3908,2021-08-12 11:43:00,6.55,6.65,6.5,6.5,49575,1801950,13.17,6.45,6.5
3909,2021-08-12 11:44:00,6.5,6.7,6.4,6.55,128750,1795375,13.12,6.5,6.6
3910,2021-08-12 11:45:00,6.55,6.95,6.55,6.85,72950,1795375,13.1,6.8,6.85
3911,2021-08-12 11:46:00,6.85,7.15,6.85,7.15,86750,1795375,13.08,7.1,7.2
3912,2021-08-12 11:47:00,7.1,8.0,7.1,8.0,129675,1787500,13.04,7.9,8.0
3913,2021-08-12 11:48:00,7.95,8.05,7.65,7.9,98825,1787500,13.02,7.85,7.9
3914,2021-08-12 11:49:00,7.95,7.95,7.45,7.65,92225,1787500,13.0,7.6,7.65
3915,2021-08-12 11:50:00,7.6,7.65,6.8,7.0,67900,1793500,12.98,7.0,7.05
3916,2021-08-12 11:51:00,6.95,7.3,6.9,7.0,56075,1793500,12.96,6.95,7.0
3917,2021-08-12 11:52:00,7.0,7.45,7.0,7.2,48375,1793500,12.95,7.2,7.25
3918,2021-08-12 11:53:00,7.25,7.35,6.7,6.8,66400,1789175,12.93,6.75,6.8
3919,2021-08-12 11:54:00,6.8,7.05,6.7,7.05,55750,1789175,12.91,7.05,7.1
3920,2021-08-12 11:55:00,7.05,7.05,6.6,6.9,75075,1789175,12.89,6.9,6.95
3921,2021-08-12 11:56:00,6.9,7.0,6.8,6.9,49800,1779825,12.88,6.9,6.95
3922,2021-08-12 11:57:00,7.0,7.05,6.7,6.95,62025,1779825,12.86,6.95,7.0
3923,2021-08-12 11:58:00,7.05,7.05,6.55,6.8,61350,1779825,12.84,6.75,6.8
3924,2021-08-12 11:59:00,6.8,6.9,6.6,6.75,41275,1790550,12.83,6.7,6.75
3925,2021-08-12 12:00:00,6.6,6.8,6.35,6.7,48825,1790550,12.82,6.7,6.75
3926,2021-08-12 12:01:00,6.75,6.85,6.6,6.65,36850,1790550,12.81,6.6,6.65
3927,2021-08-12 12:02:00,6.6,6.9,6.35,6.6,62725,1782125,12.79,6.55,6.6
3928,2021-08-12 12:03:00,6.6,6.9,6.55,6.75,49150,1782125,12.78,6.75,6.8
3929,2021-08-12 12:04:00,6.7,6.9,6.6,6.65,39025,1782125,12.77,6.6,6.65
3930,2021-08-12 12:05:00,6.65,6.65,6.45,6.55,49800,1779750,12.75,6.55,6.6
3931,2021-08-12 12:06:00,6.5,6.85,6.4,6.8,135450,1779750,12.71,6.75,6.8
3932,2021-08-12 12:07:00,6.85,7.0,6.65,6.9,50200,1779750,12.7,6.85,6.9
3933,2021-08-12 12:08:00,6.9,6.95,6.6,6.8,48475,1777025,12.69,6.8,6.85
3934,2021-08-12 12:09:00,6.8,6.95,6.75,6.85,64425,1777025,12.67,6.8,6.85
3935,2021-08-12 12:10:00,6.8,7.0,6.75,6.85,46775,1777025,12.66,6.85,6.9
3936,2021-08-12 12:11:00,6.95,7.0,6.55,6.8,46350,1790575,12.65,6.8,6.85
3937,2021-08-12 12:12:00,6.85,6.9,6.7,6.8,27700,1790575,12.64,6.8,6.85
3938,2021-08-12 12:13:00,6.8,6.9,6.65,6.85,34550,1790575,12.63,6.85,6.9
3939,2021-08-12 12:14:00,6.85,7.0,6.8,6.8,33400,1795875,12.62,6.8,6.85
3940,2021-08-12 12:15:00,6.85,6.85,6.55,6.8,31000,1795875,12.61,6.75,6.8
3941,2021-08-12 12:16:00,6.7,6.95,6.3,6.6,93075,1795875,12.59,6.55,6.6
3942,2021-08-12 12:17:00,6.55,6.85,6.5,6.7,46075,1819750,12.58,6.65,6.7
3943,2021-08-12 12:18:00,6.6,6.75,6.55,6.75,33700,1819750,12.57,6.7,6.75
3944,2021-08-12 12:19:00,6.75,6.85,6.2,6.3,186625,1819750,12.52,6.3,6.35
3945,2021-08-12 12:20:00,6.35,6.4,6.2,6.25,82825,1812375,12.5,6.2,6.25
3946,2021-08-12 12:21:00,6.3,6.4,6.15,6.25,74475,1812375,12.48,6.2,6.3
3947,2021-08-12 12:22:00,6.25,6.4,6.25,6.4,52675,1812375,12.46,6.35,6.4
3948,2021-08-12 12:23:00,6.3,6.5,6.3,6.4,52475,1796950,12.45,6.35,6.45
3949,2021-08-12 12:24:00,6.35,6.35,6.15,6.2,36750,1796950,12.44,6.15,6.2
3950,2021-08-12 12:25:00,6.2,6.3,5.65,6.05,167025,1796950,12.39,6.0,6.05
3951,2021-08-12 12:26:00,6.05,6.45,6.0,6.4,144525,1775300,12.36,6.4,6.45
3952,2021-08-12 12:27:00,6.4,6.65,6.25,6.65,57200,1775300,12.34,6.6,6.65
3953,2021-08-12 12:28:00,6.6,6.75,6.45,6.7,33900,1775300,12.33,6.65,6.7
3954,2021-08-12 12:29:00,6.7,6.95,6.5,6.9,79275,1745750,12.31,6.9,6.95
3955,2021-08-12 12:30:00,6.9,9.6,6.8,9.05,295300,1745750,12.26,9.05,9.1
3956,2021-08-12 12:31:00,9.05,9.1,7.5,7.5,127075,1745750,12.24,7.5,7.55
3957,2021-08-12 12:32:00,7.6,8.4,7.6,8.25,102575,1766200,12.22,8.25,8.3
3958,2021-08-12 12:33:00,8.05,8.7,7.95,8.25,106675,1766200,12.21,8.25,8.3
3959,2021-08-12 12:34:00,8.35,8.65,7.8,8.05,71750,1766200,12.19,8.05,8.1
3960,2021-08-12 12:35:00,8.05,8.25,7.15,7.15,69375,1788500,12.18,7.15,7.2
3961,2021-08-12 12:36:00,7.15,8.1,7.15,7.95,92625,1788500,12.16,7.9,8.0
3962,2021-08-12 12:37:00,8.0,8.15,7.55,7.9,59325,1788500,12.15,7.9,7.95
3963,2021-08-12 12:38:00,7.9,8.15,7.6,7.7,42300,1790300,12.15,7.7,7.75
3964,2021-08-12 12:39:00,7.7,8.25,7.7,8.0,48050,1790300,12.14,7.95,8.05
3965,2021-08-12 12:40:00,8.05,8.15,7.8,7.85,46225,1790300,12.13,7.85,7.9
3966,2021-08-12 12:41:00,7.9,7.9,7.15,7.15,65550,1803675,12.12,7.15,7.2
3967,2021-08-12 12:42:00,7.15,7.55,6.85,7.2,100925,1803675,12.1,7.2,7.25
3968,2021-08-12 12:43:00,7.3,7.4,7.05,7.3,42725,1803675,12.09,7.3,7.35
3969,2021-08-12 12:44:00,7.3,7.35,7.1,7.15,39425,1796625,12.08,7.1,7.2
3970,2021-08-12 12:45:00,7.15,7.75,7.1,7.55,34350,1796625,12.08,7.55,7.6
3971,2021-08-12 12:46:00,7.55,7.75,7.2,7.45,73900,1796625,12.06,7.45,7.5
3972,2021-08-12 12:47:00,7.4,7.65,7.3,7.55,44275,1797250,12.05,7.5,7.6
3973,2021-08-12 12:48:00,7.65,7.65,7.25,7.4,44850,1797250,12.05,7.4,7.45
3974,2021-08-12 12:49:00,7.35,7.45,7.15,7.45,34700,1797250,12.04,7.45,7.5
3975,2021-08-12 12:50:00,7.4,7.45,7.25,7.45,28600,1803600,12.03,7.45,7.5
3976,2021-08-12 12:51:00,7.45,8.1,7.45,7.95,85700,1803600,12.02,7.95,8.0
3977,2021-08-12 12:52:00,7.95,8.3,7.85,8.25,40425,1803600,12.01,8.2,8.25
3978,2021-08-12 12:53:00,8.2,8.3,7.8,7.95,35175,1800775,12.01,7.9,7.95
3979,2021-08-12 12:54:00,8.1,8.15,7.7,7.95,39600,1800775,12.0,7.95,8.0
3980,2021-08-12 12:55:00,8.0,8.1,7.7,7.75,22675,1800775,12.0,7.7,7.8
3981,2021-08-12 12:56:00,7.7,9.0,7.45,9.0,167900,1806700,11.97,8.9,9.0
3982,2021-08-12 12:57:00,9.05,9.2,7.55,7.75,170075,1806700,11.95,7.75,7.8
3983,2021-08-12 12:58:00,7.9,8.15,5.9,6.35,269175,1806700,11.9,6.35,6.4
3984,2021-08-12 12:59:00,6.35,6.65,6.25,6.45,91175,1803050,11.88,6.4,6.45
3985,2021-08-12 13:00:00,6.45,6.5,6.05,6.25,80775,1803050,11.86,6.15,6.2
3986,2021-08-12 13:01:00,6.15,6.5,6.1,6.3,59825,1803050,11.85,6.3,6.35
3987,2021-08-12 13:02:00,6.3,6.55,6.3,6.4,50350,1803050,11.84,6.35,6.45
3988,2021-08-12 13:03:00,6.4,6.55,6.1,6.3,112425,1801200,11.81,6.3,6.35
3989,2021-08-12 13:04:00,6.2,6.3,5.85,5.95,94600,1801200,11.79,5.95,6.0
3990,2021-08-12 13:05:00,5.9,6.3,5.8,6.3,115150,1801200,11.77,6.3,6.35
3991,2021-08-12 13:06:00,6.25,6.3,5.9,6.1,47500,1830000,11.76,6.05,6.1
3992,2021-08-12 13:07:00,6.05,6.25,5.9,6.25,28150,1830000,11.75,6.15,6.25
3993,2021-08-12 13:08:00,6.2,6.45,6.1,6.4,62175,1830000,11.74,6.35,6.4
3994,2021-08-12 13:09:00,6.35,6.35,5.95,6.15,65375,1834925,11.73,6.15,6.25
3995,2021-08-12 13:10:00,6.15,6.15,5.7,5.95,68900,1834925,11.71,5.95,6.0
3996,2021-08-12 13:11:00,5.95,6.1,5.7,5.9,78150,1834925,11.69,5.9,5.95
3997,2021-08-12 13:12:00,5.85,6.0,5.6,5.9,64450,1819425,11.68,5.85,5.9
3998,2021-08-12 13:13:00,5.9,6.0,5.65,5.8,71150,1819425,11.66,5.8,5.85
3999,2021-08-12 13:14:00,5.85,6.1,5.8,5.95,76400,1819425,11.65,5.95,6.0
4000,2021-08-12 13:15:00,5.95,6.0,4.7,5.4,222275,1790150,11.6,5.35,5.4
4001,2021-08-12 13:16:00,5.5,5.5,5.05,5.25,152475,1790150,11.56,5.2,5.25
4002,2021-08-12 13:17:00,5.2,5.3,5.15,5.15,86150,1790150,11.54,5.1,5.15
4003,2021-08-12 13:18:00,5.15,5.4,5.15,5.3,67650,1759750,11.53,5.3,5.35
4004,2021-08-12 13:19:00,5.3,5.45,5.2,5.45,65125,1759750,11.51,5.4,5.45
4005,2021-08-12 13:20:00,5.5,5.55,5.25,5.5,57000,1759750,11.5,5.5,5.55
4006,2021-08-12 13:21:00,5.55,5.6,5.35,5.55,44300,1738275,11.49,5.55,5.6
4007,2021-08-12 13:22:00,5.55,5.55,5.3,5.35,51700,1738275,11.48,5.35,5.4
4008,2021-08-12 13:23:00,5.35,5.6,5.35,5.4,53425,1738275,11.47,5.4,5.45
4009,2021-08-12 13:24:00,5.4,5.5,5.2,5.45,37200,1733300,11.46,5.45,5.5
4010,2021-08-12 13:25:00,5.5,5.6,5.25,5.5,71700,1733300,11.45,5.45,5.5
4011,2021-08-12 13:26:00,5.5,5.6,5.35,5.45,33950,1733300,11.44,5.4,5.45
4012,2021-08-12 13:27:00,5.4,5.75,5.35,5.75,46700,1728450,11.43,5.7,5.75
4013,2021-08-12 13:28:00,5.7,6.2,5.7,6.15,136850,1728450,11.4,6.15,6.2
4014,2021-08-12 13:29:00,6.25,6.4,5.8,6.25,71575,1728450,11.39,6.3,6.35
4015,2021-08-12 13:30:00,6.35,7.2,6.2,7.2,169825,1722375,11.36,7.15,7.25
4016,2021-08-12 13:31:00,7.15,7.55,6.95,7.0,125850,1722375,11.34,6.95,7.0
4017,2021-08-12 13:32:00,7.0,7.1,6.75,6.9,77875,1722375,11.33,6.9,6.95
4018,2021-08-12 13:33:00,7.0,7.05,6.55,6.9,128025,1714875,11.31,6.85,6.9
4019,2021-08-12 13:34:00,6.95,7.05,6.15,6.15,111425,1714875,11.29,6.1,6.2
4020,2021-08-12 13:35:00,6.35,6.55,5.7,5.85,90325,1714875,11.28,5.85,5.9
4021,2021-08-12 13:36:00,5.85,6.1,5.7,5.75,67375,1724150,11.27,5.7,5.8
4022,2021-08-12 13:37:00,5.75,6.2,5.6,6.15,102275,1724150,11.25,6.15,6.2
4023,2021-08-12 13:38:00,6.3,6.75,5.9,6.75,80125,1724150,11.23,6.7,6.8
4024,2021-08-12 13:39:00,6.7,6.9,6.5,6.7,152000,1735450,11.21,6.65,6.75
4025,2021-08-12 13:40:00,6.55,7.65,6.55,6.9,207950,1735450,11.18,6.9,6.95
4026,2021-08-12 13:41:00,6.95,7.55,6.3,6.3,199925,1735450,11.15,6.3,6.35
4027,2021-08-12 13:42:00,6.35,6.65,5.4,5.6,159800,1762100,11.13,5.55,5.6
4028,2021-08-12 13:43:00,5.6,5.8,5.25,5.35,116725,1762100,11.1,5.35,5.4
4029,2021-08-12 13:44:00,5.35,5.6,5.3,5.55,105200,1762100,11.09,5.5,5.6
4030,2021-08-12 13:45:00,5.6,5.95,5.4,5.95,71375,1787450,11.07,5.95,6.0
4031,2021-08-12 13:46:00,5.95,6.0,5.6,5.85,85525,1787450,11.06,5.8,5.85
4032,2021-08-12 13:47:00,5.8,5.9,5.6,5.65,58825,1787450,11.05,5.6,5.65
4033,2021-08-12 13:48:00,5.6,5.85,4.6,4.75,166475,1804625,11.02,4.75,4.8
4034,2021-08-12 13:49:00,4.85,4.85,4.35,4.55,165975,1804625,10.98,4.5,4.6
4035,2021-08-12 13:50:00,4.45,4.6,4.4,4.5,76825,1804625,10.97,4.5,4.55
4036,2021-08-12 13:51:00,4.45,4.7,4.45,4.55,66950,1773400,10.95,4.5,4.6
4037,2021-08-12 13:52:00,4.45,4.9,4.45,4.9,104250,1773400,10.93,4.9,4.95
4038,2021-08-12 13:53:00,5.0,5.1,4.85,4.85,132875,1773400,10.91,4.85,4.9
4039,2021-08-12 13:54:00,4.8,5.3,4.8,5.3,116200,1774425,10.88,5.25,5.3
4040,2021-08-12 13:55:00,5.3,5.6,4.95,5.4,138925,1774425,10.86,5.35,5.45
4041,2021-08-12 13:56:00,5.35,5.75,5.2,5.25,125925,1774425,10.84,5.2,5.3
4042,2021-08-12 13:57:00,5.15,5.35,5.0,5.0,85625,1764900,10.82,5.0,5.1
4043,2021-08-12 13:58:00,5.1,5.1,4.45,4.5,75300,1764900,10.81,4.5,4.55
4044,2021-08-12 13:59:00,4.55,4.65,4.1,4.3,131175,1764900,10.78,4.3,4.35
4045,2021-08-12 14:00:00,4.35,4.4,3.9,4.15,116875,1747725,10.76,4.1,4.15
4046,2021-08-12 14:01:00,4.1,4.15,3.65,3.7,96450,1747725,10.74,3.65,3.75
4047,2021-08-12 14:02:00,3.65,4.0,3.65,3.65,156300,1747725,10.7,3.6,3.65
4048,2021-08-12 14:03:00,3.6,4.1,3.6,3.95,151050,1714500,10.67,3.9,3.95
4049,2021-08-12 14:04:00,3.95,4.35,3.85,3.9,135900,1714500,10.64,3.85,3.9
4050,2021-08-12 14:05:00,3.95,4.05,3.65,3.8,138150,1714500,10.62,3.8,3.85
4051,2021-08-12 14:06:00,3.75,3.8,2.9,3.45,153700,1699250,10.58,3.45,3.5
4052,2021-08-12 14:07:00,3.4,3.65,3.3,3.4,127550,1699250,10.55,3.35,3.4
4053,2021-08-12 14:08:00,3.4,3.6,3.35,3.6,80675,1699250,10.54,3.6,3.65
4054,2021-08-12 14:09:00,3.65,3.75,3.2,3.35,123725,1667800,10.51,3.3,3.35
4055,2021-08-12 14:10:00,3.35,3.35,2.95,3.0,164775,1667800,10.48,3.0,3.05
4056,2021-08-12 14:11:00,2.95,2.95,2.4,2.5,360375,1667800,10.39,2.45,2.5
4057,2021-08-12 14:12:00,2.45,2.9,2.45,2.85,242675,1610900,10.34,2.85,2.9
4058,2021-08-12 14:13:00,2.9,2.95,2.65,2.65,165750,1610900,10.3,2.6,2.65
4059,2021-08-12 14:14:00,2.65,2.7,2.2,2.3,217500,1610900,10.25,2.25,2.3
4060,2021-08-12 14:15:00,2.25,2.5,2.2,2.2,372600,1552800,10.16,2.25,2.3
4061,2021-08-12 14:16:00,2.25,2.5,2.2,2.45,272800,1552800,10.1,2.4,2.45
4062,2021-08-12 14:17:00,2.45,2.45,2.25,2.3,127925,1552800,10.08,2.3,2.35
4063,2021-08-12 14:18:00,2.35,2.45,2.25,2.35,180975,1461325,10.04,2.3,2.35
4064,2021-08-12 14:19:00,2.3,2.4,2.3,2.35,97375,1461325,10.02,2.35,2.4
4065,2021-08-12 14:20:00,2.35,2.45,2.25,2.3,127850,1461325,9.99,2.3,2.35
4066,2021-08-12 14:21:00,2.3,2.35,2.1,2.2,142175,1369225,9.96,2.2,2.25
4067,2021-08-12 14:22:00,2.15,2.2,1.85,1.95,195625,1369225,9.91,1.9,1.95
4068,2021-08-12 14:23:00,1.95,2.0,1.85,1.85,103775,1369225,9.89,1.85,1.9
4069,2021-08-12 14:24:00,1.85,1.9,1.7,1.7,81150,1356475,9.87,1.7,1.75
4070,2021-08-12 14:25:00,1.7,1.85,1.65,1.8,54500,1356475,9.86,1.75,1.8
4071,2021-08-12 14:26:00,1.8,1.85,1.7,1.8,70325,1356475,9.84,1.8,1.85
4072,2021-08-12 14:27:00,1.8,1.85,1.7,1.75,88150,1356125,9.83,1.75,1.8
4073,2021-08-12 14:28:00,1.8,1.85,1.55,1.6,149350,1356125,9.79,1.6,1.65
4074,2021-08-12 14:29:00,1.6,1.7,1.45,1.65,94750,1356125,9.77,1.6,1.65
4075,2021-08-12 14:30:00,1.7,1.8,1.6,1.8,103875,1313800,9.75,1.75,1.8
4076,2021-08-12 14:31:00,1.75,1.9,1.7,1.7,162750,1313800,9.71,1.7,1.75
4077,2021-08-12 14:32:00,1.7,1.75,1.6,1.75,98650,1313800,9.69,1.7,1.75
4078,2021-08-12 14:33:00,1.7,1.75,1.55,1.55,86725,1304000,9.67,1.5,1.55
4079,2021-08-12 14:34:00,1.5,1.55,1.5,1.5,85700,1304000,9.65,1.5,1.55
4080,2021-08-12 14:35:00,1.55,1.6,1.45,1.45,133450,1304000,9.62,1.45,1.5
4081,2021-08-12 14:36:00,1.5,1.6,1.45,1.6,97925,1335925,9.6,1.55,1.6
4082,2021-08-12 14:37:00,1.6,1.65,1.5,1.65,88225,1335925,9.58,1.6,1.65
4083,2021-08-12 14:38:00,1.65,1.65,1.35,1.4,76525,1335925,9.57,1.35,1.4
4084,2021-08-12 14:39:00,1.4,1.45,1.3,1.35,60100,1347625,9.55,1.3,1.35
4085,2021-08-12 14:40:00,1.35,1.35,1.15,1.2,107275,1347625,9.53,1.2,1.25
4086,2021-08-12 14:41:00,1.2,1.2,1.05,1.05,78150,1347625,9.51,1.05,1.1
4087,2021-08-12 14:42:00,1.05,1.1,0.95,1.0,61775,1338700,9.5,1.0,1.05
4088,2021-08-12 14:43:00,1.0,1.0,0.9,0.9,63775,1338700,9.49,0.9,0.95
4089,2021-08-12 14:44:00,0.9,1.05,0.9,1.05,50825,1338700,9.47,1.0,1.05
4090,2021-08-12 14:45:00,1.0,1.15,1.0,1.15,66475,1309250,9.46,1.1,1.15
4091,2021-08-12 14:46:00,1.15,1.3,1.1,1.2,76275,1309250,9.44,1.15,1.2
4092,2021-08-12 14:47:00,1.2,1.3,1.15,1.25,97850,1309250,9.42,1.25,1.3
4093,2021-08-12 14:48:00,1.3,1.3,1.2,1.25,43825,1320750,9.41,1.2,1.25
4094,2021-08-12 14:49:00,1.15,1.25,1.15,1.15,26050,1320750,9.41,1.15,1.2
4095,2021-08-12 14:50:00,1.15,1.3,1.1,1.25,68150,1320750,9.39,1.25,1.3
4096,2021-08-12 14:51:00,1.25,1.25,1.1,1.1,36850,1311225,9.38,1.1,1.15
4097,2021-08-12 14:52:00,1.1,1.15,1.0,1.0,54150,1311225,9.37,0.95,1.0
4098,2021-08-12 14:53:00,1.0,1.0,0.9,0.95,84525,1311225,9.35,0.95,1.0
4099,2021-08-12 14:54:00,0.95,0.95,0.85,0.95,58900,1305225,9.34,0.9,0.95
4100,2021-08-12 14:55:00,0.9,1.05,0.9,1.05,63275,1305225,9.33,1.05,1.1
4101,2021-08-12 14:56:00,1.1,1.1,1.0,1.0,60975,1305225,9.31,1.0,1.05
4102,2021-08-12 14:57:00,1.0,1.0,0.9,0.95,36400,1283075,9.31,0.9,0.95
4103,2021-08-12 14:58:00,0.9,1.05,0.9,1.0,51450,1283075,9.3,1.0,1.05
4104,2021-08-12 14:59:00,1.05,1.05,0.95,1.0,64775,1283075,9.28,1.0,1.05
4105,2021-08-12 15:00:00,1.0,1.05,0.9,0.9,127800,1274925,9.25,0.9,0.95
4106,2021-08-12 15:01:00,0.85,0.9,0.75,0.75,88100,1274925,9.24,0.75,0.8
4107,2021-08-12 15:02:00,0.8,0.9,0.8,0.85,73600,1274925,9.22,0.85,0.9
4108,2021-08-12 15:03:00,0.85,0.9,0.8,0.85,61175,1249400,9.21,0.8,0.85
4109,2021-08-12 15:04:00,0.85,0.95,0.8,0.85,94700,1249400,9.19,0.8,0.85
4110,2021-08-12 15:05:00,0.85,0.9,0.75,0.8,75200,1249400,9.17,0.8,0.85
4111,2021-08-12 15:06:00,0.8,0.9,0.8,0.8,104500,1235950,9.15,0.8,0.85
4112,2021-08-12 15:07:00,0.8,0.85,0.65,0.65,80675,1235950,9.13,0.65,0.7
4113,2021-08-12 15:08:00,0.7,0.7,0.55,0.65,85375,1235950,9.11,0.65,0.7
4114,2021-08-12 15:09:00,0.65,0.7,0.5,0.55,74825,1203625,9.1,0.5,0.55
4115,2021-08-12 15:10:00,0.5,0.55,0.35,0.4,93750,1203625,9.08,0.35,0.4
4116,2021-08-12 15:11:00,0.35,0.45,0.35,0.4,58725,1203625,9.06,0.35,0.4
4117,2021-08-12 15:12:00,0.4,0.4,0.3,0.3,62500,1166550,9.05,0.3,0.35
4118,2021-08-12 15:13:00,0.3,0.35,0.25,0.25,54050,1166550,9.04,0.25,0.3
4119,2021-08-12 15:14:00,0.3,0.3,0.25,0.25,60300,1166550,9.02,0.25,0.3
4120,2021-08-12 15:15:00,0.25,0.25,0.15,0.15,149775,1103250,8.99,0.15,0.2
4121,2021-08-12 15:16:00,0.15,0.2,0.15,0.15,37825,1103250,8.98,0.15,0.2
4122,2021-08-12 15:17:00,0.2,0.2,0.15,0.15,30625,1103250,8.98,0.15,0.2
4123,2021-08-12 15:18:00,0.15,0.2,0.15,0.15,36550,1049650,8.97,0.15,0.2
4124,2021-08-12 15:19:00,0.2,0.2,0.15,0.15,31125,1049650,8.96,0.15,0.2
4125,2021-08-12 15:20:00,0.15,0.2,0.15,0.15,22700,1049650,8.96,0.15,0.2
4126,2021-08-12 15:21:00,0.15,0.2,0.1,0.1,35450,992325,8.95,0.1,0.15
4127,2021-08-12 15:22:00,0.15,0.2,0.1,0.15,51800,992325,8.94,0.1,0.15
4128,2021-08-12 15:23:00,0.1,0.15,0.1,0.15,16475,992325,8.93,0.1,0.15
4129,2021-08-12 15:24:00,0.1,0.15,0.1,0.1,18700,954100,8.93,0.1,0.15
4130,2021-08-12 15:25:00,0.1,0.45,0.1,0.15,151825,954100,8.9,0.15,0.2
4131,2021-08-12 15:26:00,0.2,0.2,0.05,0.05,61575,954100,8.88,0.05,0.1
4132,2021-08-12 15:27:00,0.05,0.1,0.05,0.05,60025,864025,8.87,0.05,0.1
4133,2021-08-12 15:28:00,0.05,0.05,0.05,0.05,35450,864025,8.86,0.0,0.05
4134,2021-08-12 15:29:00,0.05,0.05,0.05,0.05,35450,864025,8.86,0.0,0.05
4135,2021-08-12 15:30:00,0.05,0.05,0.05,0.05,10475,864025,8.86,0.0,0.05
