,datetime,open,high,low,close,volume,oi,vwap,best_bid,best_offer
0,2021-05-28 09:15:00,-1.0,-1.0,-1.0,-1.0,-1,-1,-1.0,-1.0,-1.0
1,2021-05-28 09:16:00,304.0,304.0,302.5,302.5,975,0,303.3,291.9,307.5
2,2021-05-28 09:17:00,302.0,303.0,300.0,302.0,1425,1875,302.46,302.0,307.45
3,2021-05-28 09:18:00,308.5,308.5,308.5,308.5,225,1875,302.98,299.5,305.5
4,2021-05-28 09:19:00,308.5,308.5,308.5,308.5,225,1875,302.98,299.5,305.5
5,2021-05-28 09:20:00,308.5,308.5,308.5,308.5,225,1875,302.98,299.5,305.5
6,2021-05-28 09:21:00,308.5,308.5,308.5,308.5,225,1875,302.98,299.5,305.5
7,2021-05-28 09:22:00,308.5,308.5,308.5,308.5,225,1875,302.98,299.5,305.5
8,2021-05-28 09:23:00,308.5,308.5,308.5,308.5,225,1875,302.98,299.5,305.5
9,2021-05-28 09:24:00,299.0,299.0,299.0,299.0,225,2175,302.67,297.65,303.0
10,2021-05-28 09:25:00,299.0,299.0,299.0,299.0,225,2175,302.67,297.65,303.0
11,2021-05-28 09:26:00,299.0,299.0,299.0,299.0,225,2175,302.67,297.65,303.0
12,2021-05-28 09:27:00,299.0,299.0,299.0,299.0,225,2175,302.67,297.65,303.0
13,2021-05-28 09:28:00,300.05,301.0,300.05,301.0,225,2400,302.52,296.15,300.0
14,2021-05-28 09:29:00,298.5,298.5,291.5,294.5,225,2175,302.0,289.05,293.5
15,2021-05-28 09:30:00,298.5,298.5,291.5,294.5,225,2175,302.0,289.05,293.5
16,2021-05-28 09:31:00,298.5,298.5,291.5,294.5,225,2175,302.0,289.05,293.5
17,2021-05-28 09:32:00,298.5,298.5,291.5,294.5,225,2175,302.0,289.05,293.5
18,2021-05-28 09:33:00,295.0,300.65,295.0,300.65,300,2100,301.53,295.55,300.95
19,2021-05-28 09:34:00,304.0,304.0,304.0,304.0,225,2100,301.68,299.5,305.0
20,2021-05-28 09:35:00,304.0,304.0,304.0,304.0,225,2100,301.68,299.5,305.0
21,2021-05-28 09:36:00,304.0,304.0,304.0,304.0,225,2100,301.68,299.5,305.0
22,2021-05-28 09:37:00,295.4,295.4,295.4,295.4,75,2100,301.55,294.35,297.25
23,2021-05-28 09:38:00,298.05,298.05,298.05,298.05,150,2175,301.42,296.4,299.4
24,2021-05-28 09:39:00,298.05,298.05,298.05,298.05,150,2175,301.42,296.4,299.4
25,2021-05-28 09:40:00,298.05,298.05,298.05,298.05,150,2175,301.42,296.4,299.4
26,2021-05-28 09:41:00,298.05,298.05,298.05,298.05,150,2175,301.42,296.4,299.4
27,2021-05-28 09:42:00,298.05,298.05,298.05,298.05,150,2175,301.42,296.4,299.4
28,2021-05-28 09:43:00,298.05,298.05,298.05,298.05,150,2175,301.42,296.4,299.4
29,2021-05-28 09:44:00,298.05,298.05,298.05,298.05,150,2175,301.42,296.4,299.4
30,2021-05-28 09:45:00,298.05,298.05,298.05,298.05,150,2175,301.42,296.4,299.4
31,2021-05-28 09:46:00,298.05,298.05,298.05,298.05,150,2175,301.42,296.4,299.4
32,2021-05-28 09:47:00,298.05,298.05,298.05,298.05,150,2175,301.42,296.4,299.4
33,2021-05-28 09:48:00,298.05,298.05,298.05,298.05,150,2175,301.42,296.4,299.4
34,2021-05-28 09:49:00,298.05,298.05,298.05,298.05,150,2175,301.42,296.4,299.4
35,2021-05-28 09:50:00,298.05,298.05,298.05,298.05,150,2175,301.42,296.4,299.4
36,2021-05-28 09:51:00,298.05,298.05,298.05,298.05,150,2175,301.42,296.4,299.4
37,2021-05-28 09:52:00,291.65,291.65,291.65,291.65,75,2250,301.25,289.3,292.1
38,2021-05-28 09:53:00,291.65,291.65,291.65,291.65,75,2250,301.25,289.3,292.1
39,2021-05-28 09:54:00,291.65,291.65,291.65,291.65,75,2250,301.25,289.3,292.1
40,2021-05-28 09:55:00,291.65,291.65,291.65,291.65,75,2250,301.25,289.3,292.1
41,2021-05-28 09:56:00,297.15,297.15,297.15,297.15,75,2250,301.17,294.0,296.85
42,2021-05-28 09:57:00,297.15,297.15,297.15,297.15,75,2250,301.17,294.0,296.85
43,2021-05-28 09:58:00,297.15,297.15,297.15,297.15,75,2250,301.17,294.0,296.85
44,2021-05-28 09:59:00,297.15,297.15,297.15,297.15,75,2250,301.17,294.0,296.85
45,2021-05-28 10:00:00,297.15,297.15,297.15,297.15,75,2250,301.17,294.0,296.85
46,2021-05-28 10:01:00,297.15,297.15,297.15,297.15,75,2250,301.17,294.0,296.85
47,2021-05-28 10:02:00,297.15,297.15,297.15,297.15,75,2250,301.17,294.0,296.85
48,2021-05-28 10:03:00,297.15,297.15,297.15,297.15,75,2250,301.17,294.0,296.85
49,2021-05-28 10:04:00,297.15,297.15,297.15,297.15,75,2250,301.17,294.0,296.85
50,2021-05-28 10:05:00,297.15,297.15,297.15,297.15,75,2250,301.17,294.0,296.85
51,2021-05-28 10:06:00,297.15,297.15,297.15,297.15,75,2250,301.17,294.0,296.85
52,2021-05-28 10:07:00,297.15,297.15,297.15,297.15,75,2250,301.17,294.0,296.85
53,2021-05-28 10:08:00,297.15,297.15,297.15,297.15,75,2250,301.17,294.0,296.85
54,2021-05-28 10:09:00,297.15,297.15,297.15,297.15,75,2250,301.17,294.0,296.85
55,2021-05-28 10:10:00,297.15,297.15,297.15,297.15,75,2250,301.17,294.0,296.85
56,2021-05-28 10:11:00,297.15,297.15,297.15,297.15,75,2250,301.17,294.0,296.85
57,2021-05-28 10:12:00,297.15,297.15,297.15,297.15,75,2250,301.17,294.0,296.85
58,2021-05-28 10:13:00,297.15,297.15,297.15,297.15,75,2250,301.17,294.0,296.85
59,2021-05-28 10:14:00,297.15,297.15,297.15,297.15,75,2250,301.17,294.0,296.85
60,2021-05-28 10:15:00,304.7,304.7,304.7,304.7,300,2250,301.41,303.8,306.5
61,2021-05-28 10:16:00,304.7,304.7,304.7,304.7,300,2250,301.41,303.8,306.5
62,2021-05-28 10:17:00,304.7,304.7,304.7,304.7,300,2250,301.41,303.8,306.5
63,2021-05-28 10:18:00,308.2,308.2,308.2,308.2,75,2250,301.52,303.75,306.8
64,2021-05-28 10:19:00,308.2,308.2,308.2,308.2,75,2250,301.52,303.75,306.8
65,2021-05-28 10:20:00,308.2,308.2,308.2,308.2,75,2250,301.52,303.75,306.8
66,2021-05-28 10:21:00,308.2,308.2,308.2,308.2,75,2250,301.52,303.75,306.8
67,2021-05-28 10:22:00,308.2,308.2,308.2,308.2,75,2250,301.52,303.75,306.8
68,2021-05-28 10:23:00,308.2,308.2,308.2,308.2,75,2250,301.52,303.75,306.8
69,2021-05-28 10:24:00,308.2,308.2,308.2,308.2,75,2250,301.52,303.75,306.8
70,2021-05-28 10:25:00,308.2,308.2,308.2,308.2,75,2250,301.52,303.75,306.8
71,2021-05-28 10:26:00,308.2,308.2,308.2,308.2,75,2250,301.52,303.75,306.8
72,2021-05-28 10:27:00,308.2,308.2,308.2,308.2,75,2250,301.52,303.75,306.8
73,2021-05-28 10:28:00,296.0,296.0,296.0,296.0,75,2175,301.43,291.0,295.9
74,2021-05-28 10:29:00,296.0,296.0,296.0,296.0,75,2175,301.43,291.0,295.9
75,2021-05-28 10:30:00,296.0,296.0,296.0,296.0,75,2175,301.43,291.0,295.9
76,2021-05-28 10:31:00,296.0,296.0,296.0,296.0,75,2175,301.43,291.0,295.9
77,2021-05-28 10:32:00,296.0,296.0,296.0,296.0,75,2175,301.43,291.0,295.9
78,2021-05-28 10:33:00,296.0,296.0,296.0,296.0,75,2175,301.43,291.0,295.9
79,2021-05-28 10:34:00,296.0,296.0,296.0,296.0,75,2175,301.43,291.0,295.9
80,2021-05-28 10:35:00,296.0,296.0,296.0,296.0,75,2175,301.43,291.0,295.9
81,2021-05-28 10:36:00,296.0,296.0,296.0,296.0,75,2175,301.43,291.0,295.9
82,2021-05-28 10:37:00,296.0,296.0,296.0,296.0,75,2175,301.43,291.0,295.9
83,2021-05-28 10:38:00,296.0,296.0,296.0,296.0,75,2175,301.43,291.0,295.9
84,2021-05-28 10:39:00,296.0,296.0,296.0,296.0,75,2175,301.43,291.0,295.9
85,2021-05-28 10:40:00,296.0,296.0,296.0,296.0,75,2175,301.43,291.0,295.9
86,2021-05-28 10:41:00,296.0,296.0,296.0,296.0,75,2175,301.43,291.0,295.9
87,2021-05-28 10:42:00,296.0,296.0,296.0,296.0,75,2175,301.43,291.0,295.9
88,2021-05-28 10:43:00,296.0,296.0,296.0,296.0,75,2175,301.43,291.0,295.9
89,2021-05-28 10:44:00,296.0,296.0,296.0,296.0,75,2175,301.43,291.0,295.9
90,2021-05-28 10:45:00,296.0,296.0,296.0,296.0,75,2175,301.43,291.0,295.9
91,2021-05-28 10:46:00,296.0,296.0,296.0,296.0,75,2175,301.43,291.0,295.9
92,2021-05-28 10:47:00,296.0,296.0,296.0,296.0,75,2175,301.43,291.0,295.9
93,2021-05-28 10:48:00,296.0,296.0,296.0,296.0,75,2175,301.43,291.0,295.9
94,2021-05-28 10:49:00,296.0,296.0,296.0,296.0,75,2175,301.43,291.0,295.9
95,2021-05-28 10:50:00,296.0,296.0,296.0,296.0,75,2175,301.43,291.0,295.9
96,2021-05-28 10:51:00,296.0,296.0,296.0,296.0,75,2175,301.43,291.0,295.9
97,2021-05-28 10:52:00,296.0,296.0,296.0,296.0,75,2175,301.43,291.0,295.9
98,2021-05-28 10:53:00,296.0,296.0,296.0,296.0,75,2175,301.43,291.0,295.9
99,2021-05-28 10:54:00,296.0,296.0,296.0,296.0,75,2175,301.43,291.0,295.9
100,2021-05-28 10:55:00,296.0,296.0,296.0,296.0,75,2175,301.43,291.0,295.9
101,2021-05-28 10:56:00,296.0,296.0,296.0,296.0,75,2175,301.43,291.0,295.9
102,2021-05-28 10:57:00,296.0,296.0,296.0,296.0,75,2175,301.43,291.0,295.9
103,2021-05-28 10:58:00,296.0,296.0,296.0,296.0,75,2175,301.43,291.0,295.9
104,2021-05-28 10:59:00,296.0,296.0,296.0,296.0,75,2175,301.43,291.0,295.9
105,2021-05-28 11:00:00,296.0,296.0,296.0,296.0,75,2175,301.43,291.0,295.9
106,2021-05-28 11:01:00,296.0,296.0,296.0,296.0,75,2175,301.43,291.0,295.9
107,2021-05-28 11:02:00,296.0,296.0,296.0,296.0,75,2175,301.43,291.0,295.9
108,2021-05-28 11:03:00,296.0,296.0,296.0,296.0,75,2175,301.43,291.0,295.9
109,2021-05-28 11:04:00,296.0,296.0,296.0,296.0,75,2175,301.43,291.0,295.9
110,2021-05-28 11:05:00,296.0,296.0,296.0,296.0,75,2175,301.43,291.0,295.9
111,2021-05-28 11:06:00,296.0,296.0,296.0,296.0,75,2175,301.43,291.0,295.9
112,2021-05-28 11:07:00,296.0,296.0,296.0,296.0,75,2175,301.43,291.0,295.9
113,2021-05-28 11:08:00,296.0,296.0,296.0,296.0,75,2175,301.43,291.0,295.9
114,2021-05-28 11:09:00,296.0,296.0,296.0,296.0,75,2175,301.43,291.0,295.9
115,2021-05-28 11:10:00,296.0,296.0,296.0,296.0,75,2175,301.43,291.0,295.9
116,2021-05-28 11:11:00,296.0,296.0,296.0,296.0,75,2175,301.43,291.0,295.9
117,2021-05-28 11:12:00,296.0,296.0,296.0,296.0,75,2175,301.43,291.0,295.9
118,2021-05-28 11:13:00,296.0,296.0,296.0,296.0,75,2175,301.43,291.0,295.9
119,2021-05-28 11:14:00,296.0,296.0,296.0,296.0,75,2175,301.43,291.0,295.9
120,2021-05-28 11:15:00,296.0,296.0,296.0,296.0,75,2175,301.43,291.0,295.9
121,2021-05-28 11:16:00,296.0,296.0,296.0,296.0,75,2175,301.43,291.0,295.9
122,2021-05-28 11:17:00,296.0,296.0,296.0,296.0,75,2175,301.43,291.0,295.9
123,2021-05-28 11:18:00,296.0,296.0,296.0,296.0,75,2175,301.43,291.0,295.9
124,2021-05-28 11:19:00,296.0,296.0,296.0,296.0,75,2175,301.43,291.0,295.9
125,2021-05-28 11:20:00,296.0,296.0,296.0,296.0,75,2175,301.43,291.0,295.9
126,2021-05-28 11:21:00,296.0,296.0,296.0,296.0,75,2175,301.43,291.0,295.9
127,2021-05-28 11:22:00,296.0,296.0,296.0,296.0,75,2175,301.43,291.0,295.9
128,2021-05-28 11:23:00,296.0,296.0,296.0,296.0,75,2175,301.43,291.0,295.9
129,2021-05-28 11:24:00,296.0,296.0,296.0,296.0,75,2175,301.43,291.0,295.9
130,2021-05-28 11:25:00,296.0,296.0,296.0,296.0,75,2175,301.43,291.0,295.9
131,2021-05-28 11:26:00,296.0,296.0,296.0,296.0,75,2175,301.43,291.0,295.9
132,2021-05-28 11:27:00,296.0,296.0,296.0,296.0,75,2175,301.43,291.0,295.9
133,2021-05-28 11:28:00,296.0,296.0,296.0,296.0,75,2175,301.43,291.0,295.9
134,2021-05-28 11:29:00,296.0,296.0,296.0,296.0,75,2175,301.43,291.0,295.9
135,2021-05-28 11:30:00,296.0,296.0,296.0,296.0,75,2175,301.43,291.0,295.9
136,2021-05-28 11:31:00,296.0,296.0,296.0,296.0,75,2175,301.43,291.0,295.9
137,2021-05-28 11:32:00,305.5,305.5,305.5,305.5,75,1875,301.5,296.1,301.5
138,2021-05-28 11:33:00,305.5,305.5,305.5,305.5,75,1875,301.5,296.1,301.5
139,2021-05-28 11:34:00,305.5,305.5,305.5,305.5,75,1875,301.5,296.1,301.5
140,2021-05-28 11:35:00,305.5,305.5,305.5,305.5,75,1875,301.5,296.1,301.5
141,2021-05-28 11:36:00,305.5,305.5,305.5,305.5,75,1875,301.5,296.1,301.5
142,2021-05-28 11:37:00,305.5,305.5,305.5,305.5,75,1875,301.5,296.1,301.5
143,2021-05-28 11:38:00,305.5,305.5,305.5,305.5,75,1875,301.5,296.1,301.5
144,2021-05-28 11:39:00,305.5,305.5,305.5,305.5,75,1875,301.5,296.1,301.5
145,2021-05-28 11:40:00,305.5,305.5,305.5,305.5,75,1875,301.5,296.1,301.5
146,2021-05-28 11:41:00,305.5,305.5,305.5,305.5,75,1875,301.5,296.1,301.5
147,2021-05-28 11:42:00,305.5,305.5,305.5,305.5,75,1875,301.5,296.1,301.5
148,2021-05-28 11:43:00,305.5,305.5,305.5,305.5,75,1875,301.5,296.1,301.5
149,2021-05-28 11:44:00,305.5,305.5,305.5,305.5,75,1875,301.5,296.1,301.5
150,2021-05-28 11:45:00,305.5,305.5,305.5,305.5,75,1875,301.5,296.1,301.5
151,2021-05-28 11:46:00,305.5,305.5,305.5,305.5,75,1875,301.5,296.1,301.5
152,2021-05-28 11:47:00,305.5,305.5,305.5,305.5,75,1875,301.5,296.1,301.5
153,2021-05-28 11:48:00,305.5,305.5,305.5,305.5,75,1875,301.5,296.1,301.5
154,2021-05-28 11:49:00,305.5,305.5,305.5,305.5,75,1875,301.5,296.1,301.5
155,2021-05-28 11:50:00,305.5,305.5,305.5,305.5,75,1875,301.5,296.1,301.5
156,2021-05-28 11:51:00,305.5,305.5,305.5,305.5,75,1875,301.5,296.1,301.5
157,2021-05-28 11:52:00,305.5,305.5,305.5,305.5,75,1875,301.5,296.1,301.5
158,2021-05-28 11:53:00,305.5,305.5,305.5,305.5,75,1875,301.5,296.1,301.5
159,2021-05-28 11:54:00,305.5,305.5,305.5,305.5,75,1875,301.5,296.1,301.5
160,2021-05-28 11:55:00,305.5,305.5,305.5,305.5,75,1875,301.5,296.1,301.5
161,2021-05-28 11:56:00,305.5,305.5,305.5,305.5,75,1875,301.5,296.1,301.5
162,2021-05-28 11:57:00,305.5,305.5,305.5,305.5,75,1875,301.5,296.1,301.5
163,2021-05-28 11:58:00,305.5,305.5,305.5,305.5,75,1875,301.5,296.1,301.5
164,2021-05-28 11:59:00,305.5,305.5,305.5,305.5,75,1875,301.5,296.1,301.5
165,2021-05-28 12:00:00,305.5,305.5,305.5,305.5,75,1875,301.5,296.1,301.5
166,2021-05-28 12:01:00,305.5,305.5,305.5,305.5,75,1875,301.5,296.1,301.5
167,2021-05-28 12:02:00,305.5,305.5,305.5,305.5,75,1875,301.5,296.1,301.5
168,2021-05-28 12:03:00,300.45,300.45,300.45,300.45,75,1800,301.48,295.65,300.45
169,2021-05-28 12:04:00,300.45,300.45,300.45,300.45,75,1800,301.48,295.65,300.45
170,2021-05-28 12:05:00,300.45,300.45,300.45,300.45,75,1800,301.48,295.65,300.45
171,2021-05-28 12:06:00,293.05,293.05,293.05,293.05,75,1800,301.35,292.5,297.8
172,2021-05-28 12:07:00,293.05,293.05,293.05,293.05,75,1800,301.35,292.5,297.8
173,2021-05-28 12:08:00,293.05,293.05,293.05,293.05,75,1800,301.35,292.5,297.8
174,2021-05-28 12:09:00,293.05,293.05,293.05,293.05,75,1800,301.35,292.5,297.8
175,2021-05-28 12:10:00,293.05,293.05,293.05,293.05,75,1800,301.35,292.5,297.8
176,2021-05-28 12:11:00,293.05,293.05,293.05,293.05,75,1800,301.35,292.5,297.8
177,2021-05-28 12:12:00,293.05,293.05,293.05,293.05,75,1800,301.35,292.5,297.8
178,2021-05-28 12:13:00,293.05,293.05,293.05,293.05,75,1800,301.35,292.5,297.8
179,2021-05-28 12:14:00,293.05,293.05,293.05,293.05,75,1800,301.35,292.5,297.8
180,2021-05-28 12:15:00,293.05,293.05,293.05,293.05,75,1800,301.35,292.5,297.8
181,2021-05-28 12:16:00,293.05,293.05,293.05,293.05,75,1800,301.35,292.5,297.8
182,2021-05-28 12:17:00,293.05,293.05,293.05,293.05,75,1800,301.35,292.5,297.8
183,2021-05-28 12:18:00,293.05,293.05,293.05,293.05,75,1800,301.35,292.5,297.8
184,2021-05-28 12:19:00,293.05,293.05,293.05,293.05,75,1800,301.35,292.5,297.8
185,2021-05-28 12:20:00,293.05,293.05,293.05,293.05,75,1800,301.35,292.5,297.8
186,2021-05-28 12:21:00,293.05,293.05,293.05,293.05,75,1800,301.35,292.5,297.8
187,2021-05-28 12:22:00,293.05,293.05,293.05,293.05,75,1800,301.35,292.5,297.8
188,2021-05-28 12:23:00,293.05,293.05,293.05,293.05,75,1800,301.35,292.5,297.8
189,2021-05-28 12:24:00,293.05,293.05,293.05,293.05,75,1800,301.35,292.5,297.8
190,2021-05-28 12:25:00,293.05,293.05,293.05,293.05,75,1800,301.35,292.5,297.8
191,2021-05-28 12:26:00,293.05,293.05,293.05,293.05,75,1800,301.35,292.5,297.8
192,2021-05-28 12:27:00,293.05,293.05,293.05,293.05,75,1800,301.35,292.5,297.8
193,2021-05-28 12:28:00,293.05,293.05,293.05,293.05,75,1800,301.35,292.5,297.8
194,2021-05-28 12:29:00,293.05,293.05,293.05,293.05,75,1800,301.35,292.5,297.8
195,2021-05-28 12:30:00,293.05,293.05,293.05,293.05,75,1800,301.35,292.5,297.8
196,2021-05-28 12:31:00,293.05,293.05,293.05,293.05,75,1800,301.35,292.5,297.8
197,2021-05-28 12:32:00,293.05,293.05,293.05,293.05,75,1800,301.35,292.5,297.8
198,2021-05-28 12:33:00,293.05,293.05,293.05,293.05,75,1800,301.35,292.5,297.8
199,2021-05-28 12:34:00,293.05,293.05,293.05,293.05,75,1800,301.35,292.5,297.8
200,2021-05-28 12:35:00,293.05,293.05,293.05,293.05,75,1800,301.35,292.5,297.8
201,2021-05-28 12:36:00,293.05,293.05,293.05,293.05,75,1800,301.35,292.5,297.8
202,2021-05-28 12:37:00,293.05,293.05,293.05,293.05,75,1800,301.35,292.5,297.8
203,2021-05-28 12:38:00,293.05,293.05,293.05,293.05,75,1800,301.35,292.5,297.8
204,2021-05-28 12:39:00,293.05,293.05,293.05,293.05,75,1800,301.35,292.5,297.8
205,2021-05-28 12:40:00,293.05,293.05,293.05,293.05,75,1800,301.35,292.5,297.8
206,2021-05-28 12:41:00,293.05,293.05,293.05,293.05,75,1800,301.35,292.5,297.8
207,2021-05-28 12:42:00,293.05,293.05,293.05,293.05,75,1800,301.35,292.5,297.8
208,2021-05-28 12:43:00,293.05,293.05,293.05,293.05,75,1800,301.35,292.5,297.8
209,2021-05-28 12:44:00,293.05,293.05,293.05,293.05,75,1800,301.35,292.5,297.8
210,2021-05-28 12:45:00,293.05,293.05,293.05,293.05,75,1800,301.35,292.5,297.8
211,2021-05-28 12:46:00,293.05,293.05,293.05,293.05,75,1800,301.35,292.5,297.8
212,2021-05-28 12:47:00,293.05,293.05,293.05,293.05,75,1800,301.35,292.5,297.8
213,2021-05-28 12:48:00,293.05,293.05,293.05,293.05,75,1800,301.35,292.5,297.8
214,2021-05-28 12:49:00,295.0,295.0,295.0,295.0,225,1800,301.07,289.65,294.45
215,2021-05-28 12:50:00,295.0,295.0,295.0,295.0,225,1800,301.07,289.65,294.45
216,2021-05-28 12:51:00,295.0,295.0,295.0,295.0,225,1800,301.07,289.65,294.45
217,2021-05-28 12:52:00,295.0,295.0,295.0,295.0,225,1800,301.07,289.65,294.45
218,2021-05-28 12:53:00,295.0,295.0,295.0,295.0,225,1800,301.07,289.65,294.45
219,2021-05-28 12:54:00,295.0,295.0,295.0,295.0,225,1800,301.07,289.65,294.45
220,2021-05-28 12:55:00,296.2,296.2,296.2,296.2,225,1725,300.86,291.65,296.4
221,2021-05-28 12:56:00,296.2,296.2,296.2,296.2,225,1725,300.86,291.65,296.4
222,2021-05-28 12:57:00,296.2,296.2,296.2,296.2,225,1725,300.86,291.65,296.4
223,2021-05-28 12:58:00,296.2,296.2,296.2,296.2,225,1725,300.86,291.65,296.4
224,2021-05-28 12:59:00,296.2,296.2,296.2,296.2,225,1725,300.86,291.65,296.4
225,2021-05-28 13:00:00,296.2,296.2,296.2,296.2,225,1725,300.86,291.65,296.4
226,2021-05-28 13:01:00,296.2,296.2,296.2,296.2,225,1725,300.86,291.65,296.4
227,2021-05-28 13:02:00,296.2,296.2,296.2,296.2,225,1725,300.86,291.65,296.4
228,2021-05-28 13:03:00,291.45,291.45,291.45,291.45,75,1800,300.73,290.1,295.0
229,2021-05-28 13:04:00,291.45,291.45,291.45,291.45,75,1800,300.73,290.1,295.0
230,2021-05-28 13:05:00,291.45,291.45,291.45,291.45,75,1800,300.73,290.1,295.0
231,2021-05-28 13:06:00,291.45,291.45,291.45,291.45,75,1800,300.73,290.1,295.0
232,2021-05-28 13:07:00,291.45,291.45,291.45,291.45,75,1800,300.73,290.1,295.0
233,2021-05-28 13:08:00,291.45,291.45,291.45,291.45,75,1800,300.73,290.1,295.0
234,2021-05-28 13:09:00,291.45,291.45,291.45,291.45,75,1800,300.73,290.1,295.0
235,2021-05-28 13:10:00,291.45,291.45,291.45,291.45,75,1800,300.73,290.1,295.0
236,2021-05-28 13:11:00,291.45,291.45,291.45,291.45,75,1800,300.73,290.1,295.0
237,2021-05-28 13:12:00,291.45,291.45,291.45,291.45,75,1800,300.73,290.1,295.0
238,2021-05-28 13:13:00,291.45,291.45,291.45,291.45,75,1800,300.73,290.1,295.0
239,2021-05-28 13:14:00,291.45,291.45,291.45,291.45,75,1800,300.73,290.1,295.0
240,2021-05-28 13:15:00,291.45,291.45,291.45,291.45,75,1800,300.73,290.1,295.0
241,2021-05-28 13:16:00,291.45,291.45,291.45,291.45,75,1800,300.73,290.1,295.0
242,2021-05-28 13:17:00,291.45,291.45,291.45,291.45,75,1800,300.73,290.1,295.0
243,2021-05-28 13:18:00,291.45,291.45,291.45,291.45,75,1800,300.73,290.1,295.0
244,2021-05-28 13:19:00,291.45,291.45,291.45,291.45,75,1800,300.73,290.1,295.0
245,2021-05-28 13:20:00,291.45,291.45,291.45,291.45,75,1800,300.73,290.1,295.0
246,2021-05-28 13:21:00,291.45,291.45,291.45,291.45,75,1800,300.73,290.1,295.0
247,2021-05-28 13:22:00,291.45,291.45,291.45,291.45,75,1800,300.73,290.1,295.0
248,2021-05-28 13:23:00,291.45,291.45,291.45,291.45,75,1800,300.73,290.1,295.0
249,2021-05-28 13:24:00,291.45,291.45,291.45,291.45,75,1800,300.73,290.1,295.0
250,2021-05-28 13:25:00,291.45,291.45,291.45,291.45,75,1800,300.73,290.1,295.0
251,2021-05-28 13:26:00,291.45,291.45,291.45,291.45,75,1800,300.73,290.1,295.0
252,2021-05-28 13:27:00,291.45,291.45,291.45,291.45,75,1800,300.73,290.1,295.0
253,2021-05-28 13:28:00,291.45,291.45,291.45,291.45,75,1800,300.73,290.1,295.0
254,2021-05-28 13:29:00,291.45,291.45,291.45,291.45,75,1800,300.73,290.1,295.0
255,2021-05-28 13:30:00,291.45,291.45,291.45,291.45,75,1800,300.73,290.1,295.0
256,2021-05-28 13:31:00,291.45,291.45,291.45,291.45,75,1800,300.73,290.1,295.0
257,2021-05-28 13:32:00,291.45,291.45,291.45,291.45,75,1800,300.73,290.1,295.0
258,2021-05-28 13:33:00,291.45,291.45,291.45,291.45,75,1800,300.73,290.1,295.0
259,2021-05-28 13:34:00,291.45,291.45,291.45,291.45,75,1800,300.73,290.1,295.0
260,2021-05-28 13:35:00,291.45,291.45,291.45,291.45,75,1800,300.73,290.1,295.0
261,2021-05-28 13:36:00,291.45,291.45,291.45,291.45,75,1800,300.73,290.1,295.0
262,2021-05-28 13:37:00,291.45,291.45,291.45,291.45,75,1800,300.73,290.1,295.0
263,2021-05-28 13:38:00,291.45,291.45,291.45,291.45,75,1800,300.73,290.1,295.0
264,2021-05-28 13:39:00,291.45,291.45,291.45,291.45,75,1800,300.73,290.1,295.0
265,2021-05-28 13:40:00,291.45,291.45,291.45,291.45,75,1800,300.73,290.1,295.0
266,2021-05-28 13:41:00,291.45,291.45,291.45,291.45,75,1800,300.73,290.1,295.0
267,2021-05-28 13:42:00,291.45,291.45,291.45,291.45,75,1800,300.73,290.1,295.0
268,2021-05-28 13:43:00,291.45,291.45,291.45,291.45,75,1800,300.73,290.1,295.0
269,2021-05-28 13:44:00,291.45,291.45,291.45,291.45,75,1800,300.73,290.1,295.0
270,2021-05-28 13:45:00,291.45,291.45,291.45,291.45,75,1800,300.73,290.1,295.0
271,2021-05-28 13:46:00,291.45,291.45,291.45,291.45,75,1800,300.73,290.1,295.0
272,2021-05-28 13:47:00,291.45,291.45,291.45,291.45,75,1800,300.73,290.1,295.0
273,2021-05-28 13:48:00,291.45,291.45,291.45,291.45,75,1800,300.73,290.1,295.0
274,2021-05-28 13:49:00,291.45,291.45,291.45,291.45,75,1800,300.73,290.1,295.0
275,2021-05-28 13:50:00,291.45,291.45,291.45,291.45,75,1800,300.73,290.1,295.0
276,2021-05-28 13:51:00,291.45,291.45,291.45,291.45,75,1800,300.73,290.1,295.0
277,2021-05-28 13:52:00,291.45,291.45,291.45,291.45,75,1800,300.73,290.1,295.0
278,2021-05-28 13:53:00,291.45,291.45,291.45,291.45,75,1800,300.73,290.1,295.0
279,2021-05-28 13:54:00,291.45,291.45,291.45,291.45,75,1800,300.73,290.1,295.0
280,2021-05-28 13:55:00,291.45,291.45,291.45,291.45,75,1800,300.73,290.1,295.0
281,2021-05-28 13:56:00,291.45,291.45,291.45,291.45,75,1800,300.73,290.1,295.0
282,2021-05-28 13:57:00,291.45,291.45,291.45,291.45,75,1800,300.73,290.1,295.0
283,2021-05-28 13:58:00,291.45,291.45,291.45,291.45,75,1800,300.73,290.1,295.0
284,2021-05-28 13:59:00,291.45,291.45,291.45,291.45,75,1800,300.73,290.1,295.0
285,2021-05-28 14:00:00,291.45,291.45,291.45,291.45,75,1800,300.73,290.1,295.0
286,2021-05-28 14:01:00,291.45,291.45,291.45,291.45,75,1800,300.73,290.1,295.0
287,2021-05-28 14:02:00,291.45,291.45,291.45,291.45,75,1800,300.73,290.1,295.0
288,2021-05-28 14:03:00,291.45,291.45,291.45,291.45,75,1800,300.73,290.1,295.0
289,2021-05-28 14:04:00,291.45,291.45,291.45,291.45,75,1800,300.73,290.1,295.0
290,2021-05-28 14:05:00,291.45,291.45,291.45,291.45,75,1800,300.73,290.1,295.0
291,2021-05-28 14:06:00,291.45,291.45,291.45,291.45,75,1800,300.73,290.1,295.0
292,2021-05-28 14:07:00,291.45,291.45,291.45,291.45,75,1800,300.73,290.1,295.0
293,2021-05-28 14:08:00,291.45,291.45,291.45,291.45,75,1800,300.73,290.1,295.0
294,2021-05-28 14:09:00,291.45,291.45,291.45,291.45,75,1800,300.73,290.1,295.0
295,2021-05-28 14:10:00,291.45,291.45,291.45,291.45,75,1800,300.73,290.1,295.0
296,2021-05-28 14:11:00,291.45,291.45,291.45,291.45,75,1800,300.73,290.1,295.0
297,2021-05-28 14:12:00,291.45,291.45,291.45,291.45,75,1800,300.73,290.1,295.0
298,2021-05-28 14:13:00,291.45,291.45,291.45,291.45,75,1800,300.73,290.1,295.0
299,2021-05-28 14:14:00,291.45,291.45,291.45,291.45,75,1800,300.73,290.1,295.0
300,2021-05-28 14:15:00,291.45,291.45,291.45,291.45,75,1800,300.73,290.1,295.0
301,2021-05-28 14:16:00,291.45,291.45,291.45,291.45,75,1800,300.73,290.1,295.0
302,2021-05-28 14:17:00,291.45,291.45,291.45,291.45,75,1800,300.73,290.1,295.0
303,2021-05-28 14:18:00,291.45,291.45,291.45,291.45,75,1800,300.73,290.1,295.0
304,2021-05-28 14:19:00,291.45,291.45,291.45,291.45,75,1800,300.73,290.1,295.0
305,2021-05-28 14:20:00,291.45,291.45,291.45,291.45,75,1800,300.73,290.1,295.0
306,2021-05-28 14:21:00,291.45,291.45,291.45,291.45,75,1800,300.73,290.1,295.0
307,2021-05-28 14:22:00,291.45,291.45,291.45,291.45,75,1800,300.73,290.1,295.0
308,2021-05-28 14:23:00,291.45,291.45,291.45,291.45,75,1800,300.73,290.1,295.0
309,2021-05-28 14:24:00,291.45,291.45,291.45,291.45,75,1800,300.73,290.1,295.0
310,2021-05-28 14:25:00,291.45,291.45,291.45,291.45,75,1800,300.73,290.1,295.0
311,2021-05-28 14:26:00,291.45,291.45,291.45,291.45,75,1800,300.73,290.1,295.0
312,2021-05-28 14:27:00,291.45,291.45,291.45,291.45,75,1800,300.73,290.1,295.0
313,2021-05-28 14:28:00,291.45,291.45,291.45,291.45,75,1800,300.73,290.1,295.0
314,2021-05-28 14:29:00,291.45,291.45,291.45,291.45,75,1800,300.73,290.1,295.0
315,2021-05-28 14:30:00,291.45,291.45,291.45,291.45,75,1800,300.73,290.1,295.0
316,2021-05-28 14:31:00,291.45,291.45,291.45,291.45,75,1800,300.73,290.1,295.0
317,2021-05-28 14:32:00,291.45,291.45,291.45,291.45,75,1800,300.73,290.1,295.0
318,2021-05-28 14:33:00,291.45,291.45,291.45,291.45,75,1800,300.73,290.1,295.0
319,2021-05-28 14:34:00,291.45,291.45,291.45,291.45,75,1800,300.73,290.1,295.0
320,2021-05-28 14:35:00,291.45,291.45,291.45,291.45,75,1800,300.73,290.1,295.0
321,2021-05-28 14:36:00,291.45,291.45,291.45,291.45,75,1800,300.73,290.1,295.0
322,2021-05-28 14:37:00,291.45,291.45,291.45,291.45,75,1800,300.73,290.1,295.0
323,2021-05-28 14:38:00,291.45,291.45,291.45,291.45,75,1800,300.73,290.1,295.0
324,2021-05-28 14:39:00,291.45,291.45,291.45,291.45,75,1800,300.73,290.1,295.0
325,2021-05-28 14:40:00,291.45,291.45,291.45,291.45,75,1800,300.73,290.1,295.0
326,2021-05-28 14:41:00,291.45,291.45,291.45,291.45,75,1800,300.73,290.1,295.0
327,2021-05-28 14:42:00,291.45,291.45,291.45,291.45,75,1800,300.73,290.1,295.0
328,2021-05-28 14:43:00,291.45,291.45,291.45,291.45,75,1800,300.73,290.1,295.0
329,2021-05-28 14:44:00,291.45,291.45,291.45,291.45,75,1800,300.73,290.1,295.0
330,2021-05-28 14:45:00,291.45,291.45,291.45,291.45,75,1800,300.73,290.1,295.0
331,2021-05-28 14:46:00,291.45,291.45,291.45,291.45,75,1800,300.73,290.1,295.0
332,2021-05-28 14:47:00,291.45,291.45,291.45,291.45,75,1800,300.73,290.1,295.0
333,2021-05-28 14:48:00,291.45,291.45,291.45,291.45,75,1800,300.73,290.1,295.0
334,2021-05-28 14:49:00,291.45,291.45,291.45,291.45,75,1800,300.73,290.1,295.0
335,2021-05-28 14:50:00,291.45,291.45,291.45,291.45,75,1800,300.73,290.1,295.0
336,2021-05-28 14:51:00,291.45,291.45,291.45,291.45,75,1800,300.73,290.1,295.0
337,2021-05-28 14:52:00,291.45,291.45,291.45,291.45,75,1800,300.73,290.1,295.0
338,2021-05-28 14:53:00,291.45,291.45,291.45,291.45,75,1800,300.73,290.1,295.0
339,2021-05-28 14:54:00,291.45,291.45,291.45,291.45,75,1800,300.73,290.1,295.0
340,2021-05-28 14:55:00,291.45,291.45,291.45,291.45,75,1800,300.73,290.1,295.0
341,2021-05-28 14:56:00,291.45,291.45,291.45,291.45,75,1800,300.73,290.1,295.0
342,2021-05-28 14:57:00,291.45,291.45,291.45,291.45,75,1800,300.73,290.1,295.0
343,2021-05-28 14:58:00,291.45,291.45,291.45,291.45,75,1800,300.73,290.1,295.0
344,2021-05-28 14:59:00,291.45,291.45,291.45,291.45,75,1800,300.73,290.1,295.0
345,2021-05-28 15:00:00,291.45,291.45,291.45,291.45,75,1800,300.73,290.1,295.0
346,2021-05-28 15:01:00,291.45,291.45,291.45,291.45,75,1800,300.73,290.1,295.0
347,2021-05-28 15:02:00,291.45,291.45,291.45,291.45,75,1800,300.73,290.1,295.0
348,2021-05-28 15:03:00,291.45,291.45,291.45,291.45,75,1800,300.73,290.1,295.0
349,2021-05-28 15:04:00,291.45,291.45,291.45,291.45,75,1800,300.73,290.1,295.0
350,2021-05-28 15:05:00,291.45,291.45,291.45,291.45,75,1800,300.73,290.1,295.0
351,2021-05-28 15:06:00,291.45,291.45,291.45,291.45,75,1800,300.73,290.1,295.0
352,2021-05-28 15:07:00,291.45,291.45,291.45,291.45,75,1800,300.73,290.1,295.0
353,2021-05-28 15:08:00,291.45,291.45,291.45,291.45,75,1800,300.73,290.1,295.0
354,2021-05-28 15:09:00,291.45,291.45,291.45,291.45,75,1800,300.73,290.1,295.0
355,2021-05-28 15:10:00,291.45,291.45,291.45,291.45,75,1800,300.73,290.1,295.0
356,2021-05-28 15:11:00,291.45,291.45,291.45,291.45,75,1800,300.73,290.1,295.0
357,2021-05-28 15:12:00,291.45,291.45,291.45,291.45,75,1800,300.73,290.1,295.0
358,2021-05-28 15:13:00,291.45,291.45,291.45,291.45,75,1800,300.73,290.1,295.0
359,2021-05-28 15:14:00,291.45,291.45,291.45,291.45,75,1800,300.73,290.1,295.0
360,2021-05-28 15:15:00,291.45,291.45,291.45,291.45,75,1800,300.73,290.1,295.0
361,2021-05-28 15:16:00,291.45,291.45,291.45,291.45,75,1800,300.73,290.1,295.0
362,2021-05-28 15:17:00,286.0,286.0,284.5,284.5,675,1800,299.02,279.55,284.9
363,2021-05-28 15:18:00,279.55,285.95,279.55,285.95,225,1800,298.4,282.0,286.75
364,2021-05-28 15:19:00,279.55,285.95,279.55,285.95,225,1800,298.4,282.0,286.75
365,2021-05-28 15:20:00,279.55,285.95,279.55,285.95,225,1800,298.4,282.0,286.75
366,2021-05-28 15:21:00,286.75,286.75,286.75,286.75,375,1650,297.72,282.05,286.45
367,2021-05-28 15:22:00,288.05,288.05,288.05,288.05,375,1950,297.2,281.6,286.0
368,2021-05-28 15:23:00,288.05,288.05,288.05,288.05,375,1950,297.2,281.6,286.0
369,2021-05-28 15:24:00,288.05,288.05,288.05,288.05,375,1950,297.2,281.6,286.0
370,2021-05-28 15:25:00,288.05,288.05,288.05,288.05,375,1950,297.2,281.6,286.0
371,2021-05-28 15:26:00,288.05,288.05,288.05,288.05,375,1950,297.2,281.6,286.0
372,2021-05-28 15:27:00,288.05,288.05,288.05,288.05,375,1950,297.2,281.6,286.0
373,2021-05-28 15:28:00,288.05,288.05,288.05,288.05,375,1950,297.2,281.6,286.0
374,2021-05-28 15:29:00,288.05,288.05,288.05,288.05,375,1950,297.2,281.6,286.0
375,2021-05-28 15:30:00,288.05,288.05,288.05,288.05,375,1950,297.2,281.6,286.0
376,2021-05-29 09:15:00,288.05,288.05,288.05,288.05,375,1950,297.2,281.6,286.0
377,2021-05-29 09:16:00,288.05,288.05,288.05,288.05,375,1950,297.2,281.6,286.0
378,2021-05-29 09:17:00,288.05,288.05,288.05,288.05,375,1950,297.2,281.6,286.0
379,2021-05-29 09:18:00,288.05,288.05,288.05,288.05,375,1950,297.2,281.6,286.0
380,2021-05-29 09:19:00,288.05,288.05,288.05,288.05,375,1950,297.2,281.6,286.0
381,2021-05-29 09:20:00,288.05,288.05,288.05,288.05,375,1950,297.2,281.6,286.0
382,2021-05-29 09:21:00,288.05,288.05,288.05,288.05,375,1950,297.2,281.6,286.0
383,2021-05-29 09:22:00,288.05,288.05,288.05,288.05,375,1950,297.2,281.6,286.0
384,2021-05-29 09:23:00,288.05,288.05,288.05,288.05,375,1950,297.2,281.6,286.0
385,2021-05-29 09:24:00,288.05,288.05,288.05,288.05,375,1950,297.2,281.6,286.0
386,2021-05-29 09:25:00,288.05,288.05,288.05,288.05,375,1950,297.2,281.6,286.0
387,2021-05-29 09:26:00,288.05,288.05,288.05,288.05,375,1950,297.2,281.6,286.0
388,2021-05-29 09:27:00,288.05,288.05,288.05,288.05,375,1950,297.2,281.6,286.0
389,2021-05-29 09:28:00,288.05,288.05,288.05,288.05,375,1950,297.2,281.6,286.0
390,2021-05-29 09:29:00,288.05,288.05,288.05,288.05,375,1950,297.2,281.6,286.0
391,2021-05-29 09:30:00,288.05,288.05,288.05,288.05,375,1950,297.2,281.6,286.0
392,2021-05-29 09:31:00,288.05,288.05,288.05,288.05,375,1950,297.2,281.6,286.0
393,2021-05-29 09:32:00,288.05,288.05,288.05,288.05,375,1950,297.2,281.6,286.0
394,2021-05-29 09:33:00,288.05,288.05,288.05,288.05,375,1950,297.2,281.6,286.0
395,2021-05-29 09:34:00,288.05,288.05,288.05,288.05,375,1950,297.2,281.6,286.0
396,2021-05-29 09:35:00,288.05,288.05,288.05,288.05,375,1950,297.2,281.6,286.0
397,2021-05-29 09:36:00,288.05,288.05,288.05,288.05,375,1950,297.2,281.6,286.0
398,2021-05-29 09:37:00,288.05,288.05,288.05,288.05,375,1950,297.2,281.6,286.0
399,2021-05-29 09:38:00,288.05,288.05,288.05,288.05,375,1950,297.2,281.6,286.0
400,2021-05-29 09:39:00,288.05,288.05,288.05,288.05,375,1950,297.2,281.6,286.0
401,2021-05-29 09:40:00,288.05,288.05,288.05,288.05,375,1950,297.2,281.6,286.0
402,2021-05-29 09:41:00,288.05,288.05,288.05,288.05,375,1950,297.2,281.6,286.0
403,2021-05-29 09:42:00,288.05,288.05,288.05,288.05,375,1950,297.2,281.6,286.0
404,2021-05-29 09:43:00,288.05,288.05,288.05,288.05,375,1950,297.2,281.6,286.0
405,2021-05-29 09:44:00,288.05,288.05,288.05,288.05,375,1950,297.2,281.6,286.0
406,2021-05-29 09:45:00,288.05,288.05,288.05,288.05,375,1950,297.2,281.6,286.0
407,2021-05-29 09:46:00,288.05,288.05,288.05,288.05,375,1950,297.2,281.6,286.0
408,2021-05-29 09:47:00,288.05,288.05,288.05,288.05,375,1950,297.2,281.6,286.0
409,2021-05-29 09:48:00,288.05,288.05,288.05,288.05,375,1950,297.2,281.6,286.0
410,2021-05-29 09:49:00,288.05,288.05,288.05,288.05,375,1950,297.2,281.6,286.0
411,2021-05-29 09:50:00,288.05,288.05,288.05,288.05,375,1950,297.2,281.6,286.0
412,2021-05-29 09:51:00,288.05,288.05,288.05,288.05,375,1950,297.2,281.6,286.0
413,2021-05-29 09:52:00,288.05,288.05,288.05,288.05,375,1950,297.2,281.6,286.0
414,2021-05-29 09:53:00,288.05,288.05,288.05,288.05,375,1950,297.2,281.6,286.0
415,2021-05-29 09:54:00,288.05,288.05,288.05,288.05,375,1950,297.2,281.6,286.0
416,2021-05-29 09:55:00,288.05,288.05,288.05,288.05,375,1950,297.2,281.6,286.0
417,2021-05-29 09:56:00,288.05,288.05,288.05,288.05,375,1950,297.2,281.6,286.0
418,2021-05-29 09:57:00,288.05,288.05,288.05,288.05,375,1950,297.2,281.6,286.0
419,2021-05-29 09:58:00,288.05,288.05,288.05,288.05,375,1950,297.2,281.6,286.0
420,2021-05-29 09:59:00,288.05,288.05,288.05,288.05,375,1950,297.2,281.6,286.0
421,2021-05-29 10:00:00,288.05,288.05,288.05,288.05,375,1950,297.2,281.6,286.0
422,2021-05-29 10:01:00,288.05,288.05,288.05,288.05,375,1950,297.2,281.6,286.0
423,2021-05-29 10:02:00,288.05,288.05,288.05,288.05,375,1950,297.2,281.6,286.0
424,2021-05-29 10:03:00,288.05,288.05,288.05,288.05,375,1950,297.2,281.6,286.0
425,2021-05-29 10:04:00,288.05,288.05,288.05,288.05,375,1950,297.2,281.6,286.0
426,2021-05-29 10:05:00,288.05,288.05,288.05,288.05,375,1950,297.2,281.6,286.0
427,2021-05-29 10:06:00,288.05,288.05,288.05,288.05,375,1950,297.2,281.6,286.0
428,2021-05-29 10:07:00,288.05,288.05,288.05,288.05,375,1950,297.2,281.6,286.0
429,2021-05-29 10:08:00,288.05,288.05,288.05,288.05,375,1950,297.2,281.6,286.0
430,2021-05-29 10:09:00,288.05,288.05,288.05,288.05,375,1950,297.2,281.6,286.0
431,2021-05-29 10:10:00,288.05,288.05,288.05,288.05,375,1950,297.2,281.6,286.0
432,2021-05-29 10:11:00,288.05,288.05,288.05,288.05,375,1950,297.2,281.6,286.0
433,2021-05-29 10:12:00,288.05,288.05,288.05,288.05,375,1950,297.2,281.6,286.0
434,2021-05-29 10:13:00,288.05,288.05,288.05,288.05,375,1950,297.2,281.6,286.0
435,2021-05-29 10:14:00,288.05,288.05,288.05,288.05,375,1950,297.2,281.6,286.0
436,2021-05-29 10:15:00,288.05,288.05,288.05,288.05,375,1950,297.2,281.6,286.0
437,2021-05-29 10:16:00,288.05,288.05,288.05,288.05,375,1950,297.2,281.6,286.0
438,2021-05-29 10:17:00,288.05,288.05,288.05,288.05,375,1950,297.2,281.6,286.0
439,2021-05-29 10:18:00,288.05,288.05,288.05,288.05,375,1950,297.2,281.6,286.0
440,2021-05-29 10:19:00,288.05,288.05,288.05,288.05,375,1950,297.2,281.6,286.0
441,2021-05-29 10:20:00,288.05,288.05,288.05,288.05,375,1950,297.2,281.6,286.0
442,2021-05-29 10:21:00,288.05,288.05,288.05,288.05,375,1950,297.2,281.6,286.0
443,2021-05-29 10:22:00,288.05,288.05,288.05,288.05,375,1950,297.2,281.6,286.0
444,2021-05-29 10:23:00,288.05,288.05,288.05,288.05,375,1950,297.2,281.6,286.0
445,2021-05-29 10:24:00,288.05,288.05,288.05,288.05,375,1950,297.2,281.6,286.0
446,2021-05-29 10:25:00,288.05,288.05,288.05,288.05,375,1950,297.2,281.6,286.0
447,2021-05-29 10:26:00,288.05,288.05,288.05,288.05,375,1950,297.2,281.6,286.0
448,2021-05-29 10:27:00,288.05,288.05,288.05,288.05,375,1950,297.2,281.6,286.0
449,2021-05-29 10:28:00,288.05,288.05,288.05,288.05,375,1950,297.2,281.6,286.0
450,2021-05-29 10:29:00,288.05,288.05,288.05,288.05,375,1950,297.2,281.6,286.0
451,2021-05-29 10:30:00,288.05,288.05,288.05,288.05,375,1950,297.2,281.6,286.0
452,2021-05-29 10:31:00,288.05,288.05,288.05,288.05,375,1950,297.2,281.6,286.0
453,2021-05-29 10:32:00,288.05,288.05,288.05,288.05,375,1950,297.2,281.6,286.0
454,2021-05-29 10:33:00,288.05,288.05,288.05,288.05,375,1950,297.2,281.6,286.0
455,2021-05-29 10:34:00,288.05,288.05,288.05,288.05,375,1950,297.2,281.6,286.0
456,2021-05-29 10:35:00,288.05,288.05,288.05,288.05,375,1950,297.2,281.6,286.0
457,2021-05-29 10:36:00,288.05,288.05,288.05,288.05,375,1950,297.2,281.6,286.0
458,2021-05-29 10:37:00,288.05,288.05,288.05,288.05,375,1950,297.2,281.6,286.0
459,2021-05-29 10:38:00,288.05,288.05,288.05,288.05,375,1950,297.2,281.6,286.0
460,2021-05-29 10:39:00,288.05,288.05,288.05,288.05,375,1950,297.2,281.6,286.0
461,2021-05-29 10:40:00,288.05,288.05,288.05,288.05,375,1950,297.2,281.6,286.0
462,2021-05-29 10:41:00,288.05,288.05,288.05,288.05,375,1950,297.2,281.6,286.0
463,2021-05-29 10:42:00,288.05,288.05,288.05,288.05,375,1950,297.2,281.6,286.0
464,2021-05-29 10:43:00,288.05,288.05,288.05,288.05,375,1950,297.2,281.6,286.0
465,2021-05-29 10:44:00,288.05,288.05,288.05,288.05,375,1950,297.2,281.6,286.0
466,2021-05-29 10:45:00,288.05,288.05,288.05,288.05,375,1950,297.2,281.6,286.0
467,2021-05-29 10:46:00,288.05,288.05,288.05,288.05,375,1950,297.2,281.6,286.0
468,2021-05-29 10:47:00,288.05,288.05,288.05,288.05,375,1950,297.2,281.6,286.0
469,2021-05-29 10:48:00,288.05,288.05,288.05,288.05,375,1950,297.2,281.6,286.0
470,2021-05-29 10:49:00,288.05,288.05,288.05,288.05,375,1950,297.2,281.6,286.0
471,2021-05-29 10:50:00,288.05,288.05,288.05,288.05,375,1950,297.2,281.6,286.0
472,2021-05-29 10:51:00,288.05,288.05,288.05,288.05,375,1950,297.2,281.6,286.0
473,2021-05-29 10:52:00,288.05,288.05,288.05,288.05,375,1950,297.2,281.6,286.0
474,2021-05-29 10:53:00,288.05,288.05,288.05,288.05,375,1950,297.2,281.6,286.0
475,2021-05-29 10:54:00,288.05,288.05,288.05,288.05,375,1950,297.2,281.6,286.0
476,2021-05-29 10:55:00,288.05,288.05,288.05,288.05,375,1950,297.2,281.6,286.0
477,2021-05-29 10:56:00,288.05,288.05,288.05,288.05,375,1950,297.2,281.6,286.0
478,2021-05-29 10:57:00,288.05,288.05,288.05,288.05,375,1950,297.2,281.6,286.0
479,2021-05-29 10:58:00,288.05,288.05,288.05,288.05,375,1950,297.2,281.6,286.0
480,2021-05-29 10:59:00,288.05,288.05,288.05,288.05,375,1950,297.2,281.6,286.0
481,2021-05-29 11:00:00,288.05,288.05,288.05,288.05,375,1950,297.2,281.6,286.0
482,2021-05-29 11:01:00,288.05,288.05,288.05,288.05,375,1950,297.2,281.6,286.0
483,2021-05-29 11:02:00,288.05,288.05,288.05,288.05,375,1950,297.2,281.6,286.0
484,2021-05-29 11:03:00,288.05,288.05,288.05,288.05,375,1950,297.2,281.6,286.0
485,2021-05-29 11:04:00,288.05,288.05,288.05,288.05,375,1950,297.2,281.6,286.0
486,2021-05-29 11:05:00,288.05,288.05,288.05,288.05,375,1950,297.2,281.6,286.0
487,2021-05-29 11:06:00,288.05,288.05,288.05,288.05,375,1950,297.2,281.6,286.0
488,2021-05-29 11:07:00,288.05,288.05,288.05,288.05,375,1950,297.2,281.6,286.0
489,2021-05-29 11:08:00,288.05,288.05,288.05,288.05,375,1950,297.2,281.6,286.0
490,2021-05-29 11:09:00,288.05,288.05,288.05,288.05,375,1950,297.2,281.6,286.0
491,2021-05-29 11:10:00,288.05,288.05,288.05,288.05,375,1950,297.2,281.6,286.0
492,2021-05-29 11:11:00,288.05,288.05,288.05,288.05,375,1950,297.2,281.6,286.0
493,2021-05-29 11:12:00,288.05,288.05,288.05,288.05,375,1950,297.2,281.6,286.0
494,2021-05-29 11:13:00,288.05,288.05,288.05,288.05,375,1950,297.2,281.6,286.0
495,2021-05-29 11:14:00,288.05,288.05,288.05,288.05,375,1950,297.2,281.6,286.0
496,2021-05-29 11:15:00,288.05,288.05,288.05,288.05,375,1950,297.2,281.6,286.0
497,2021-05-29 11:16:00,288.05,288.05,288.05,288.05,375,1950,297.2,281.6,286.0
498,2021-05-29 11:17:00,288.05,288.05,288.05,288.05,375,1950,297.2,281.6,286.0
499,2021-05-29 11:18:00,288.05,288.05,288.05,288.05,375,1950,297.2,281.6,286.0
500,2021-05-29 11:19:00,288.05,288.05,288.05,288.05,375,1950,297.2,281.6,286.0
501,2021-05-29 11:20:00,288.05,288.05,288.05,288.05,375,1950,297.2,281.6,286.0
502,2021-05-29 11:21:00,288.05,288.05,288.05,288.05,375,1950,297.2,281.6,286.0
503,2021-05-29 11:22:00,288.05,288.05,288.05,288.05,375,1950,297.2,281.6,286.0
504,2021-05-29 11:23:00,288.05,288.05,288.05,288.05,375,1950,297.2,281.6,286.0
505,2021-05-29 11:24:00,288.05,288.05,288.05,288.05,375,1950,297.2,281.6,286.0
506,2021-05-29 11:25:00,288.05,288.05,288.05,288.05,375,1950,297.2,281.6,286.0
507,2021-05-29 11:26:00,288.05,288.05,288.05,288.05,375,1950,297.2,281.6,286.0
508,2021-05-29 11:27:00,288.05,288.05,288.05,288.05,375,1950,297.2,281.6,286.0
509,2021-05-29 11:28:00,288.05,288.05,288.05,288.05,375,1950,297.2,281.6,286.0
510,2021-05-29 11:29:00,288.05,288.05,288.05,288.05,375,1950,297.2,281.6,286.0
511,2021-05-29 11:30:00,288.05,288.05,288.05,288.05,375,1950,297.2,281.6,286.0
512,2021-05-29 11:31:00,288.05,288.05,288.05,288.05,375,1950,297.2,281.6,286.0
513,2021-05-29 11:32:00,288.05,288.05,288.05,288.05,375,1950,297.2,281.6,286.0
514,2021-05-29 11:33:00,288.05,288.05,288.05,288.05,375,1950,297.2,281.6,286.0
515,2021-05-29 11:34:00,288.05,288.05,288.05,288.05,375,1950,297.2,281.6,286.0
516,2021-05-29 11:35:00,288.05,288.05,288.05,288.05,375,1950,297.2,281.6,286.0
517,2021-05-29 11:36:00,288.05,288.05,288.05,288.05,375,1950,297.2,281.6,286.0
518,2021-05-29 11:37:00,288.05,288.05,288.05,288.05,375,1950,297.2,281.6,286.0
519,2021-05-29 11:38:00,288.05,288.05,288.05,288.05,375,1950,297.2,281.6,286.0
520,2021-05-29 11:39:00,288.05,288.05,288.05,288.05,375,1950,297.2,281.6,286.0
521,2021-05-29 11:40:00,288.05,288.05,288.05,288.05,375,1950,297.2,281.6,286.0
522,2021-05-29 11:41:00,288.05,288.05,288.05,288.05,375,1950,297.2,281.6,286.0
523,2021-05-29 11:42:00,288.05,288.05,288.05,288.05,375,1950,297.2,281.6,286.0
524,2021-05-29 11:43:00,288.05,288.05,288.05,288.05,375,1950,297.2,281.6,286.0
525,2021-05-29 11:44:00,288.05,288.05,288.05,288.05,375,1950,297.2,281.6,286.0
526,2021-05-29 11:45:00,288.05,288.05,288.05,288.05,375,1950,297.2,281.6,286.0
527,2021-05-29 11:46:00,288.05,288.05,288.05,288.05,375,1950,297.2,281.6,286.0
528,2021-05-29 11:47:00,288.05,288.05,288.05,288.05,375,1950,297.2,281.6,286.0
529,2021-05-29 11:48:00,288.05,288.05,288.05,288.05,375,1950,297.2,281.6,286.0
530,2021-05-29 11:49:00,288.05,288.05,288.05,288.05,375,1950,297.2,281.6,286.0
531,2021-05-29 11:50:00,288.05,288.05,288.05,288.05,375,1950,297.2,281.6,286.0
532,2021-05-29 11:51:00,288.05,288.05,288.05,288.05,375,1950,297.2,281.6,286.0
533,2021-05-29 11:52:00,288.05,288.05,288.05,288.05,375,1950,297.2,281.6,286.0
534,2021-05-29 11:53:00,288.05,288.05,288.05,288.05,375,1950,297.2,281.6,286.0
535,2021-05-29 11:54:00,288.05,288.05,288.05,288.05,375,1950,297.2,281.6,286.0
536,2021-05-29 11:55:00,288.05,288.05,288.05,288.05,375,1950,297.2,281.6,286.0
537,2021-05-29 11:56:00,288.05,288.05,288.05,288.05,375,1950,297.2,281.6,286.0
538,2021-05-29 11:57:00,288.05,288.05,288.05,288.05,375,1950,297.2,281.6,286.0
539,2021-05-29 11:58:00,288.05,288.05,288.05,288.05,375,1950,297.2,281.6,286.0
540,2021-05-29 11:59:00,288.05,288.05,288.05,288.05,375,1950,297.2,281.6,286.0
541,2021-05-29 12:00:00,288.05,288.05,288.05,288.05,375,1950,297.2,281.6,286.0
542,2021-05-29 12:01:00,288.05,288.05,288.05,288.05,375,1950,297.2,281.6,286.0
543,2021-05-29 12:02:00,288.05,288.05,288.05,288.05,375,1950,297.2,281.6,286.0
544,2021-05-29 12:03:00,288.05,288.05,288.05,288.05,375,1950,297.2,281.6,286.0
545,2021-05-29 12:04:00,288.05,288.05,288.05,288.05,375,1950,297.2,281.6,286.0
546,2021-05-29 12:05:00,288.05,288.05,288.05,288.05,375,1950,297.2,281.6,286.0
547,2021-05-29 12:06:00,288.05,288.05,288.05,288.05,375,1950,297.2,281.6,286.0
548,2021-05-29 12:07:00,288.05,288.05,288.05,288.05,375,1950,297.2,281.6,286.0
549,2021-05-29 12:08:00,288.05,288.05,288.05,288.05,375,1950,297.2,281.6,286.0
550,2021-05-29 12:09:00,288.05,288.05,288.05,288.05,375,1950,297.2,281.6,286.0
551,2021-05-29 12:10:00,288.05,288.05,288.05,288.05,375,1950,297.2,281.6,286.0
552,2021-05-29 12:11:00,288.05,288.05,288.05,288.05,375,1950,297.2,281.6,286.0
553,2021-05-29 12:12:00,288.05,288.05,288.05,288.05,375,1950,297.2,281.6,286.0
554,2021-05-29 12:13:00,288.05,288.05,288.05,288.05,375,1950,297.2,281.6,286.0
555,2021-05-29 12:14:00,288.05,288.05,288.05,288.05,375,1950,297.2,281.6,286.0
556,2021-05-29 12:15:00,288.05,288.05,288.05,288.05,375,1950,297.2,281.6,286.0
557,2021-05-29 12:16:00,288.05,288.05,288.05,288.05,375,1950,297.2,281.6,286.0
558,2021-05-29 12:17:00,288.05,288.05,288.05,288.05,375,1950,297.2,281.6,286.0
559,2021-05-29 12:18:00,288.05,288.05,288.05,288.05,375,1950,297.2,281.6,286.0
560,2021-05-29 12:19:00,288.05,288.05,288.05,288.05,375,1950,297.2,281.6,286.0
561,2021-05-29 12:20:00,288.05,288.05,288.05,288.05,375,1950,297.2,281.6,286.0
562,2021-05-29 12:21:00,288.05,288.05,288.05,288.05,375,1950,297.2,281.6,286.0
563,2021-05-29 12:22:00,288.05,288.05,288.05,288.05,375,1950,297.2,281.6,286.0
564,2021-05-29 12:23:00,288.05,288.05,288.05,288.05,375,1950,297.2,281.6,286.0
565,2021-05-29 12:24:00,288.05,288.05,288.05,288.05,375,1950,297.2,281.6,286.0
566,2021-05-29 12:25:00,288.05,288.05,288.05,288.05,375,1950,297.2,281.6,286.0
567,2021-05-29 12:26:00,288.05,288.05,288.05,288.05,375,1950,297.2,281.6,286.0
568,2021-05-29 12:27:00,288.05,288.05,288.05,288.05,375,1950,297.2,281.6,286.0
569,2021-05-29 12:28:00,288.05,288.05,288.05,288.05,375,1950,297.2,281.6,286.0
570,2021-05-29 12:29:00,288.05,288.05,288.05,288.05,375,1950,297.2,281.6,286.0
571,2021-05-29 12:30:00,288.05,288.05,288.05,288.05,375,1950,297.2,281.6,286.0
572,2021-05-29 12:31:00,288.05,288.05,288.05,288.05,375,1950,297.2,281.6,286.0
573,2021-05-29 12:32:00,288.05,288.05,288.05,288.05,375,1950,297.2,281.6,286.0
574,2021-05-29 12:33:00,288.05,288.05,288.05,288.05,375,1950,297.2,281.6,286.0
575,2021-05-29 12:34:00,288.05,288.05,288.05,288.05,375,1950,297.2,281.6,286.0
576,2021-05-29 12:35:00,288.05,288.05,288.05,288.05,375,1950,297.2,281.6,286.0
577,2021-05-29 12:36:00,288.05,288.05,288.05,288.05,375,1950,297.2,281.6,286.0
578,2021-05-29 12:37:00,288.05,288.05,288.05,288.05,375,1950,297.2,281.6,286.0
579,2021-05-29 12:38:00,288.05,288.05,288.05,288.05,375,1950,297.2,281.6,286.0
580,2021-05-29 12:39:00,288.05,288.05,288.05,288.05,375,1950,297.2,281.6,286.0
581,2021-05-29 12:40:00,288.05,288.05,288.05,288.05,375,1950,297.2,281.6,286.0
582,2021-05-29 12:41:00,288.05,288.05,288.05,288.05,375,1950,297.2,281.6,286.0
583,2021-05-29 12:42:00,288.05,288.05,288.05,288.05,375,1950,297.2,281.6,286.0
584,2021-05-29 12:43:00,288.05,288.05,288.05,288.05,375,1950,297.2,281.6,286.0
585,2021-05-29 12:44:00,288.05,288.05,288.05,288.05,375,1950,297.2,281.6,286.0
586,2021-05-29 12:45:00,288.05,288.05,288.05,288.05,375,1950,297.2,281.6,286.0
587,2021-05-29 12:46:00,288.05,288.05,288.05,288.05,375,1950,297.2,281.6,286.0
588,2021-05-29 12:47:00,288.05,288.05,288.05,288.05,375,1950,297.2,281.6,286.0
589,2021-05-29 12:48:00,288.05,288.05,288.05,288.05,375,1950,297.2,281.6,286.0
590,2021-05-29 12:49:00,288.05,288.05,288.05,288.05,375,1950,297.2,281.6,286.0
591,2021-05-29 12:50:00,288.05,288.05,288.05,288.05,375,1950,297.2,281.6,286.0
592,2021-05-29 12:51:00,288.05,288.05,288.05,288.05,375,1950,297.2,281.6,286.0
593,2021-05-29 12:52:00,288.05,288.05,288.05,288.05,375,1950,297.2,281.6,286.0
594,2021-05-29 12:53:00,288.05,288.05,288.05,288.05,375,1950,297.2,281.6,286.0
595,2021-05-29 12:54:00,288.05,288.05,288.05,288.05,375,1950,297.2,281.6,286.0
596,2021-05-29 12:55:00,288.05,288.05,288.05,288.05,375,1950,297.2,281.6,286.0
597,2021-05-29 12:56:00,288.05,288.05,288.05,288.05,375,1950,297.2,281.6,286.0
598,2021-05-29 12:57:00,288.05,288.05,288.05,288.05,375,1950,297.2,281.6,286.0
599,2021-05-29 12:58:00,288.05,288.05,288.05,288.05,375,1950,297.2,281.6,286.0
600,2021-05-29 12:59:00,288.05,288.05,288.05,288.05,375,1950,297.2,281.6,286.0
601,2021-05-29 13:00:00,288.05,288.05,288.05,288.05,375,1950,297.2,281.6,286.0
602,2021-05-29 13:01:00,288.05,288.05,288.05,288.05,375,1950,297.2,281.6,286.0
603,2021-05-29 13:02:00,288.05,288.05,288.05,288.05,375,1950,297.2,281.6,286.0
604,2021-05-29 13:03:00,288.05,288.05,288.05,288.05,375,1950,297.2,281.6,286.0
605,2021-05-29 13:04:00,288.05,288.05,288.05,288.05,375,1950,297.2,281.6,286.0
606,2021-05-29 13:05:00,288.05,288.05,288.05,288.05,375,1950,297.2,281.6,286.0
607,2021-05-29 13:06:00,288.05,288.05,288.05,288.05,375,1950,297.2,281.6,286.0
608,2021-05-29 13:07:00,288.05,288.05,288.05,288.05,375,1950,297.2,281.6,286.0
609,2021-05-29 13:08:00,288.05,288.05,288.05,288.05,375,1950,297.2,281.6,286.0
610,2021-05-29 13:09:00,288.05,288.05,288.05,288.05,375,1950,297.2,281.6,286.0
611,2021-05-29 13:10:00,288.05,288.05,288.05,288.05,375,1950,297.2,281.6,286.0
612,2021-05-29 13:11:00,288.05,288.05,288.05,288.05,375,1950,297.2,281.6,286.0
613,2021-05-29 13:12:00,288.05,288.05,288.05,288.05,375,1950,297.2,281.6,286.0
614,2021-05-29 13:13:00,288.05,288.05,288.05,288.05,375,1950,297.2,281.6,286.0
615,2021-05-29 13:14:00,288.05,288.05,288.05,288.05,375,1950,297.2,281.6,286.0
616,2021-05-29 13:15:00,288.05,288.05,288.05,288.05,375,1950,297.2,281.6,286.0
617,2021-05-29 13:16:00,288.05,288.05,288.05,288.05,375,1950,297.2,281.6,286.0
618,2021-05-29 13:17:00,288.05,288.05,288.05,288.05,375,1950,297.2,281.6,286.0
619,2021-05-29 13:18:00,288.05,288.05,288.05,288.05,375,1950,297.2,281.6,286.0
620,2021-05-29 13:19:00,288.05,288.05,288.05,288.05,375,1950,297.2,281.6,286.0
621,2021-05-29 13:20:00,288.05,288.05,288.05,288.05,375,1950,297.2,281.6,286.0
622,2021-05-29 13:21:00,288.05,288.05,288.05,288.05,375,1950,297.2,281.6,286.0
623,2021-05-29 13:22:00,288.05,288.05,288.05,288.05,375,1950,297.2,281.6,286.0
624,2021-05-29 13:23:00,288.05,288.05,288.05,288.05,375,1950,297.2,281.6,286.0
625,2021-05-29 13:24:00,288.05,288.05,288.05,288.05,375,1950,297.2,281.6,286.0
626,2021-05-29 13:25:00,288.05,288.05,288.05,288.05,375,1950,297.2,281.6,286.0
627,2021-05-29 13:26:00,288.05,288.05,288.05,288.05,375,1950,297.2,281.6,286.0
628,2021-05-29 13:27:00,288.05,288.05,288.05,288.05,375,1950,297.2,281.6,286.0
629,2021-05-29 13:28:00,288.05,288.05,288.05,288.05,375,1950,297.2,281.6,286.0
630,2021-05-29 13:29:00,288.05,288.05,288.05,288.05,375,1950,297.2,281.6,286.0
631,2021-05-29 13:30:00,288.05,288.05,288.05,288.05,375,1950,297.2,281.6,286.0
632,2021-05-29 13:31:00,288.05,288.05,288.05,288.05,375,1950,297.2,281.6,286.0
633,2021-05-29 13:32:00,288.05,288.05,288.05,288.05,375,1950,297.2,281.6,286.0
634,2021-05-29 13:33:00,288.05,288.05,288.05,288.05,375,1950,297.2,281.6,286.0
635,2021-05-29 13:34:00,288.05,288.05,288.05,288.05,375,1950,297.2,281.6,286.0
636,2021-05-29 13:35:00,288.05,288.05,288.05,288.05,375,1950,297.2,281.6,286.0
637,2021-05-29 13:36:00,288.05,288.05,288.05,288.05,375,1950,297.2,281.6,286.0
638,2021-05-29 13:37:00,288.05,288.05,288.05,288.05,375,1950,297.2,281.6,286.0
639,2021-05-29 13:38:00,288.05,288.05,288.05,288.05,375,1950,297.2,281.6,286.0
640,2021-05-29 13:39:00,288.05,288.05,288.05,288.05,375,1950,297.2,281.6,286.0
641,2021-05-29 13:40:00,288.05,288.05,288.05,288.05,375,1950,297.2,281.6,286.0
642,2021-05-29 13:41:00,288.05,288.05,288.05,288.05,375,1950,297.2,281.6,286.0
643,2021-05-29 13:42:00,288.05,288.05,288.05,288.05,375,1950,297.2,281.6,286.0
644,2021-05-29 13:43:00,288.05,288.05,288.05,288.05,375,1950,297.2,281.6,286.0
645,2021-05-29 13:44:00,288.05,288.05,288.05,288.05,375,1950,297.2,281.6,286.0
646,2021-05-29 13:45:00,288.05,288.05,288.05,288.05,375,1950,297.2,281.6,286.0
647,2021-05-29 13:46:00,288.05,288.05,288.05,288.05,375,1950,297.2,281.6,286.0
648,2021-05-29 13:47:00,288.05,288.05,288.05,288.05,375,1950,297.2,281.6,286.0
649,2021-05-29 13:48:00,288.05,288.05,288.05,288.05,375,1950,297.2,281.6,286.0
650,2021-05-29 13:49:00,288.05,288.05,288.05,288.05,375,1950,297.2,281.6,286.0
651,2021-05-29 13:50:00,288.05,288.05,288.05,288.05,375,1950,297.2,281.6,286.0
652,2021-05-29 13:51:00,288.05,288.05,288.05,288.05,375,1950,297.2,281.6,286.0
653,2021-05-29 13:52:00,288.05,288.05,288.05,288.05,375,1950,297.2,281.6,286.0
654,2021-05-29 13:53:00,288.05,288.05,288.05,288.05,375,1950,297.2,281.6,286.0
655,2021-05-29 13:54:00,288.05,288.05,288.05,288.05,375,1950,297.2,281.6,286.0
656,2021-05-29 13:55:00,288.05,288.05,288.05,288.05,375,1950,297.2,281.6,286.0
657,2021-05-29 13:56:00,288.05,288.05,288.05,288.05,375,1950,297.2,281.6,286.0
658,2021-05-29 13:57:00,288.05,288.05,288.05,288.05,375,1950,297.2,281.6,286.0
659,2021-05-29 13:58:00,288.05,288.05,288.05,288.05,375,1950,297.2,281.6,286.0
660,2021-05-29 13:59:00,288.05,288.05,288.05,288.05,375,1950,297.2,281.6,286.0
661,2021-05-29 14:00:00,288.05,288.05,288.05,288.05,375,1950,297.2,281.6,286.0
662,2021-05-29 14:01:00,288.05,288.05,288.05,288.05,375,1950,297.2,281.6,286.0
663,2021-05-29 14:02:00,288.05,288.05,288.05,288.05,375,1950,297.2,281.6,286.0
664,2021-05-29 14:03:00,288.05,288.05,288.05,288.05,375,1950,297.2,281.6,286.0
665,2021-05-29 14:04:00,288.05,288.05,288.05,288.05,375,1950,297.2,281.6,286.0
666,2021-05-29 14:05:00,288.05,288.05,288.05,288.05,375,1950,297.2,281.6,286.0
667,2021-05-29 14:06:00,288.05,288.05,288.05,288.05,375,1950,297.2,281.6,286.0
668,2021-05-29 14:07:00,288.05,288.05,288.05,288.05,375,1950,297.2,281.6,286.0
669,2021-05-29 14:08:00,288.05,288.05,288.05,288.05,375,1950,297.2,281.6,286.0
670,2021-05-29 14:09:00,288.05,288.05,288.05,288.05,375,1950,297.2,281.6,286.0
671,2021-05-29 14:10:00,288.05,288.05,288.05,288.05,375,1950,297.2,281.6,286.0
672,2021-05-29 14:11:00,288.05,288.05,288.05,288.05,375,1950,297.2,281.6,286.0
673,2021-05-29 14:12:00,288.05,288.05,288.05,288.05,375,1950,297.2,281.6,286.0
674,2021-05-29 14:13:00,288.05,288.05,288.05,288.05,375,1950,297.2,281.6,286.0
675,2021-05-29 14:14:00,288.05,288.05,288.05,288.05,375,1950,297.2,281.6,286.0
676,2021-05-29 14:15:00,288.05,288.05,288.05,288.05,375,1950,297.2,281.6,286.0
677,2021-05-29 14:16:00,288.05,288.05,288.05,288.05,375,1950,297.2,281.6,286.0
678,2021-05-29 14:17:00,288.05,288.05,288.05,288.05,375,1950,297.2,281.6,286.0
679,2021-05-29 14:18:00,288.05,288.05,288.05,288.05,375,1950,297.2,281.6,286.0
680,2021-05-29 14:19:00,288.05,288.05,288.05,288.05,375,1950,297.2,281.6,286.0
681,2021-05-29 14:20:00,288.05,288.05,288.05,288.05,375,1950,297.2,281.6,286.0
682,2021-05-29 14:21:00,288.05,288.05,288.05,288.05,375,1950,297.2,281.6,286.0
683,2021-05-29 14:22:00,288.05,288.05,288.05,288.05,375,1950,297.2,281.6,286.0
684,2021-05-29 14:23:00,288.05,288.05,288.05,288.05,375,1950,297.2,281.6,286.0
685,2021-05-29 14:24:00,288.05,288.05,288.05,288.05,375,1950,297.2,281.6,286.0
686,2021-05-29 14:25:00,288.05,288.05,288.05,288.05,375,1950,297.2,281.6,286.0
687,2021-05-29 14:26:00,288.05,288.05,288.05,288.05,375,1950,297.2,281.6,286.0
688,2021-05-29 14:27:00,288.05,288.05,288.05,288.05,375,1950,297.2,281.6,286.0
689,2021-05-29 14:28:00,288.05,288.05,288.05,288.05,375,1950,297.2,281.6,286.0
690,2021-05-29 14:29:00,288.05,288.05,288.05,288.05,375,1950,297.2,281.6,286.0
691,2021-05-29 14:30:00,288.05,288.05,288.05,288.05,375,1950,297.2,281.6,286.0
692,2021-05-29 14:31:00,288.05,288.05,288.05,288.05,375,1950,297.2,281.6,286.0
693,2021-05-29 14:32:00,288.05,288.05,288.05,288.05,375,1950,297.2,281.6,286.0
694,2021-05-29 14:33:00,288.05,288.05,288.05,288.05,375,1950,297.2,281.6,286.0
695,2021-05-29 14:34:00,288.05,288.05,288.05,288.05,375,1950,297.2,281.6,286.0
696,2021-05-29 14:35:00,288.05,288.05,288.05,288.05,375,1950,297.2,281.6,286.0
697,2021-05-29 14:36:00,288.05,288.05,288.05,288.05,375,1950,297.2,281.6,286.0
698,2021-05-29 14:37:00,288.05,288.05,288.05,288.05,375,1950,297.2,281.6,286.0
699,2021-05-29 14:38:00,288.05,288.05,288.05,288.05,375,1950,297.2,281.6,286.0
700,2021-05-29 14:39:00,288.05,288.05,288.05,288.05,375,1950,297.2,281.6,286.0
701,2021-05-29 14:40:00,288.05,288.05,288.05,288.05,375,1950,297.2,281.6,286.0
702,2021-05-29 14:41:00,288.05,288.05,288.05,288.05,375,1950,297.2,281.6,286.0
703,2021-05-29 14:42:00,288.05,288.05,288.05,288.05,375,1950,297.2,281.6,286.0
704,2021-05-29 14:43:00,288.05,288.05,288.05,288.05,375,1950,297.2,281.6,286.0
705,2021-05-29 14:44:00,288.05,288.05,288.05,288.05,375,1950,297.2,281.6,286.0
706,2021-05-29 14:45:00,288.05,288.05,288.05,288.05,375,1950,297.2,281.6,286.0
707,2021-05-29 14:46:00,288.05,288.05,288.05,288.05,375,1950,297.2,281.6,286.0
708,2021-05-29 14:47:00,288.05,288.05,288.05,288.05,375,1950,297.2,281.6,286.0
709,2021-05-29 14:48:00,288.05,288.05,288.05,288.05,375,1950,297.2,281.6,286.0
710,2021-05-29 14:49:00,288.05,288.05,288.05,288.05,375,1950,297.2,281.6,286.0
711,2021-05-29 14:50:00,288.05,288.05,288.05,288.05,375,1950,297.2,281.6,286.0
712,2021-05-29 14:51:00,288.05,288.05,288.05,288.05,375,1950,297.2,281.6,286.0
713,2021-05-29 14:52:00,288.05,288.05,288.05,288.05,375,1950,297.2,281.6,286.0
714,2021-05-29 14:53:00,288.05,288.05,288.05,288.05,375,1950,297.2,281.6,286.0
715,2021-05-29 14:54:00,288.05,288.05,288.05,288.05,375,1950,297.2,281.6,286.0
716,2021-05-29 14:55:00,288.05,288.05,288.05,288.05,375,1950,297.2,281.6,286.0
717,2021-05-29 14:56:00,288.05,288.05,288.05,288.05,375,1950,297.2,281.6,286.0
718,2021-05-29 14:57:00,288.05,288.05,288.05,288.05,375,1950,297.2,281.6,286.0
719,2021-05-29 14:58:00,288.05,288.05,288.05,288.05,375,1950,297.2,281.6,286.0
720,2021-05-29 14:59:00,288.05,288.05,288.05,288.05,375,1950,297.2,281.6,286.0
721,2021-05-29 15:00:00,288.05,288.05,288.05,288.05,375,1950,297.2,281.6,286.0
722,2021-05-29 15:01:00,288.05,288.05,288.05,288.05,375,1950,297.2,281.6,286.0
723,2021-05-29 15:02:00,288.05,288.05,288.05,288.05,375,1950,297.2,281.6,286.0
724,2021-05-29 15:03:00,288.05,288.05,288.05,288.05,375,1950,297.2,281.6,286.0
725,2021-05-29 15:04:00,288.05,288.05,288.05,288.05,375,1950,297.2,281.6,286.0
726,2021-05-29 15:05:00,288.05,288.05,288.05,288.05,375,1950,297.2,281.6,286.0
727,2021-05-29 15:06:00,288.05,288.05,288.05,288.05,375,1950,297.2,281.6,286.0
728,2021-05-29 15:07:00,288.05,288.05,288.05,288.05,375,1950,297.2,281.6,286.0
729,2021-05-29 15:08:00,288.05,288.05,288.05,288.05,375,1950,297.2,281.6,286.0
730,2021-05-29 15:09:00,288.05,288.05,288.05,288.05,375,1950,297.2,281.6,286.0
731,2021-05-29 15:10:00,288.05,288.05,288.05,288.05,375,1950,297.2,281.6,286.0
732,2021-05-29 15:11:00,288.05,288.05,288.05,288.05,375,1950,297.2,281.6,286.0
733,2021-05-29 15:12:00,288.05,288.05,288.05,288.05,375,1950,297.2,281.6,286.0
734,2021-05-29 15:13:00,288.05,288.05,288.05,288.05,375,1950,297.2,281.6,286.0
735,2021-05-29 15:14:00,288.05,288.05,288.05,288.05,375,1950,297.2,281.6,286.0
736,2021-05-29 15:15:00,288.05,288.05,288.05,288.05,375,1950,297.2,281.6,286.0
737,2021-05-29 15:16:00,288.05,288.05,288.05,288.05,375,1950,297.2,281.6,286.0
738,2021-05-29 15:17:00,288.05,288.05,288.05,288.05,375,1950,297.2,281.6,286.0
739,2021-05-29 15:18:00,288.05,288.05,288.05,288.05,375,1950,297.2,281.6,286.0
740,2021-05-29 15:19:00,288.05,288.05,288.05,288.05,375,1950,297.2,281.6,286.0
741,2021-05-29 15:20:00,288.05,288.05,288.05,288.05,375,1950,297.2,281.6,286.0
742,2021-05-29 15:21:00,288.05,288.05,288.05,288.05,375,1950,297.2,281.6,286.0
743,2021-05-29 15:22:00,288.05,288.05,288.05,288.05,375,1950,297.2,281.6,286.0
744,2021-05-29 15:23:00,288.05,288.05,288.05,288.05,375,1950,297.2,281.6,286.0
745,2021-05-29 15:24:00,288.05,288.05,288.05,288.05,375,1950,297.2,281.6,286.0
746,2021-05-29 15:25:00,288.05,288.05,288.05,288.05,375,1950,297.2,281.6,286.0
747,2021-05-29 15:26:00,288.05,288.05,288.05,288.05,375,1950,297.2,281.6,286.0
748,2021-05-29 15:27:00,288.05,288.05,288.05,288.05,375,1950,297.2,281.6,286.0
749,2021-05-29 15:28:00,288.05,288.05,288.05,288.05,375,1950,297.2,281.6,286.0
750,2021-05-29 15:29:00,288.05,288.05,288.05,288.05,375,1950,297.2,281.6,286.0
751,2021-05-29 15:30:00,288.05,288.05,288.05,288.05,375,1950,297.2,281.6,286.0
752,2021-05-30 09:15:00,288.05,288.05,288.05,288.05,375,1950,297.2,281.6,286.0
753,2021-05-30 09:16:00,288.05,288.05,288.05,288.05,375,1950,297.2,281.6,286.0
754,2021-05-30 09:17:00,288.05,288.05,288.05,288.05,375,1950,297.2,281.6,286.0
755,2021-05-30 09:18:00,288.05,288.05,288.05,288.05,375,1950,297.2,281.6,286.0
756,2021-05-30 09:19:00,288.05,288.05,288.05,288.05,375,1950,297.2,281.6,286.0
757,2021-05-30 09:20:00,288.05,288.05,288.05,288.05,375,1950,297.2,281.6,286.0
758,2021-05-30 09:21:00,288.05,288.05,288.05,288.05,375,1950,297.2,281.6,286.0
759,2021-05-30 09:22:00,288.05,288.05,288.05,288.05,375,1950,297.2,281.6,286.0
760,2021-05-30 09:23:00,288.05,288.05,288.05,288.05,375,1950,297.2,281.6,286.0
761,2021-05-30 09:24:00,288.05,288.05,288.05,288.05,375,1950,297.2,281.6,286.0
762,2021-05-30 09:25:00,288.05,288.05,288.05,288.05,375,1950,297.2,281.6,286.0
763,2021-05-30 09:26:00,288.05,288.05,288.05,288.05,375,1950,297.2,281.6,286.0
764,2021-05-30 09:27:00,288.05,288.05,288.05,288.05,375,1950,297.2,281.6,286.0
765,2021-05-30 09:28:00,288.05,288.05,288.05,288.05,375,1950,297.2,281.6,286.0
766,2021-05-30 09:29:00,288.05,288.05,288.05,288.05,375,1950,297.2,281.6,286.0
767,2021-05-30 09:30:00,288.05,288.05,288.05,288.05,375,1950,297.2,281.6,286.0
768,2021-05-30 09:31:00,288.05,288.05,288.05,288.05,375,1950,297.2,281.6,286.0
769,2021-05-30 09:32:00,288.05,288.05,288.05,288.05,375,1950,297.2,281.6,286.0
770,2021-05-30 09:33:00,288.05,288.05,288.05,288.05,375,1950,297.2,281.6,286.0
771,2021-05-30 09:34:00,288.05,288.05,288.05,288.05,375,1950,297.2,281.6,286.0
772,2021-05-30 09:35:00,288.05,288.05,288.05,288.05,375,1950,297.2,281.6,286.0
773,2021-05-30 09:36:00,288.05,288.05,288.05,288.05,375,1950,297.2,281.6,286.0
774,2021-05-30 09:37:00,288.05,288.05,288.05,288.05,375,1950,297.2,281.6,286.0
775,2021-05-30 09:38:00,288.05,288.05,288.05,288.05,375,1950,297.2,281.6,286.0
776,2021-05-30 09:39:00,288.05,288.05,288.05,288.05,375,1950,297.2,281.6,286.0
777,2021-05-30 09:40:00,288.05,288.05,288.05,288.05,375,1950,297.2,281.6,286.0
778,2021-05-30 09:41:00,288.05,288.05,288.05,288.05,375,1950,297.2,281.6,286.0
779,2021-05-30 09:42:00,288.05,288.05,288.05,288.05,375,1950,297.2,281.6,286.0
780,2021-05-30 09:43:00,288.05,288.05,288.05,288.05,375,1950,297.2,281.6,286.0
781,2021-05-30 09:44:00,288.05,288.05,288.05,288.05,375,1950,297.2,281.6,286.0
782,2021-05-30 09:45:00,288.05,288.05,288.05,288.05,375,1950,297.2,281.6,286.0
783,2021-05-30 09:46:00,288.05,288.05,288.05,288.05,375,1950,297.2,281.6,286.0
784,2021-05-30 09:47:00,288.05,288.05,288.05,288.05,375,1950,297.2,281.6,286.0
785,2021-05-30 09:48:00,288.05,288.05,288.05,288.05,375,1950,297.2,281.6,286.0
786,2021-05-30 09:49:00,288.05,288.05,288.05,288.05,375,1950,297.2,281.6,286.0
787,2021-05-30 09:50:00,288.05,288.05,288.05,288.05,375,1950,297.2,281.6,286.0
788,2021-05-30 09:51:00,288.05,288.05,288.05,288.05,375,1950,297.2,281.6,286.0
789,2021-05-30 09:52:00,288.05,288.05,288.05,288.05,375,1950,297.2,281.6,286.0
790,2021-05-30 09:53:00,288.05,288.05,288.05,288.05,375,1950,297.2,281.6,286.0
791,2021-05-30 09:54:00,288.05,288.05,288.05,288.05,375,1950,297.2,281.6,286.0
792,2021-05-30 09:55:00,288.05,288.05,288.05,288.05,375,1950,297.2,281.6,286.0
793,2021-05-30 09:56:00,288.05,288.05,288.05,288.05,375,1950,297.2,281.6,286.0
794,2021-05-30 09:57:00,288.05,288.05,288.05,288.05,375,1950,297.2,281.6,286.0
795,2021-05-30 09:58:00,288.05,288.05,288.05,288.05,375,1950,297.2,281.6,286.0
796,2021-05-30 09:59:00,288.05,288.05,288.05,288.05,375,1950,297.2,281.6,286.0
797,2021-05-30 10:00:00,288.05,288.05,288.05,288.05,375,1950,297.2,281.6,286.0
798,2021-05-30 10:01:00,288.05,288.05,288.05,288.05,375,1950,297.2,281.6,286.0
799,2021-05-30 10:02:00,288.05,288.05,288.05,288.05,375,1950,297.2,281.6,286.0
800,2021-05-30 10:03:00,288.05,288.05,288.05,288.05,375,1950,297.2,281.6,286.0
801,2021-05-30 10:04:00,288.05,288.05,288.05,288.05,375,1950,297.2,281.6,286.0
802,2021-05-30 10:05:00,288.05,288.05,288.05,288.05,375,1950,297.2,281.6,286.0
803,2021-05-30 10:06:00,288.05,288.05,288.05,288.05,375,1950,297.2,281.6,286.0
804,2021-05-30 10:07:00,288.05,288.05,288.05,288.05,375,1950,297.2,281.6,286.0
805,2021-05-30 10:08:00,288.05,288.05,288.05,288.05,375,1950,297.2,281.6,286.0
806,2021-05-30 10:09:00,288.05,288.05,288.05,288.05,375,1950,297.2,281.6,286.0
807,2021-05-30 10:10:00,288.05,288.05,288.05,288.05,375,1950,297.2,281.6,286.0
808,2021-05-30 10:11:00,288.05,288.05,288.05,288.05,375,1950,297.2,281.6,286.0
809,2021-05-30 10:12:00,288.05,288.05,288.05,288.05,375,1950,297.2,281.6,286.0
810,2021-05-30 10:13:00,288.05,288.05,288.05,288.05,375,1950,297.2,281.6,286.0
811,2021-05-30 10:14:00,288.05,288.05,288.05,288.05,375,1950,297.2,281.6,286.0
812,2021-05-30 10:15:00,288.05,288.05,288.05,288.05,375,1950,297.2,281.6,286.0
813,2021-05-30 10:16:00,288.05,288.05,288.05,288.05,375,1950,297.2,281.6,286.0
814,2021-05-30 10:17:00,288.05,288.05,288.05,288.05,375,1950,297.2,281.6,286.0
815,2021-05-30 10:18:00,288.05,288.05,288.05,288.05,375,1950,297.2,281.6,286.0
816,2021-05-30 10:19:00,288.05,288.05,288.05,288.05,375,1950,297.2,281.6,286.0
817,2021-05-30 10:20:00,288.05,288.05,288.05,288.05,375,1950,297.2,281.6,286.0
818,2021-05-30 10:21:00,288.05,288.05,288.05,288.05,375,1950,297.2,281.6,286.0
819,2021-05-30 10:22:00,288.05,288.05,288.05,288.05,375,1950,297.2,281.6,286.0
820,2021-05-30 10:23:00,288.05,288.05,288.05,288.05,375,1950,297.2,281.6,286.0
821,2021-05-30 10:24:00,288.05,288.05,288.05,288.05,375,1950,297.2,281.6,286.0
822,2021-05-30 10:25:00,288.05,288.05,288.05,288.05,375,1950,297.2,281.6,286.0
823,2021-05-30 10:26:00,288.05,288.05,288.05,288.05,375,1950,297.2,281.6,286.0
824,2021-05-30 10:27:00,288.05,288.05,288.05,288.05,375,1950,297.2,281.6,286.0
825,2021-05-30 10:28:00,288.05,288.05,288.05,288.05,375,1950,297.2,281.6,286.0
826,2021-05-30 10:29:00,288.05,288.05,288.05,288.05,375,1950,297.2,281.6,286.0
827,2021-05-30 10:30:00,288.05,288.05,288.05,288.05,375,1950,297.2,281.6,286.0
828,2021-05-30 10:31:00,288.05,288.05,288.05,288.05,375,1950,297.2,281.6,286.0
829,2021-05-30 10:32:00,288.05,288.05,288.05,288.05,375,1950,297.2,281.6,286.0
830,2021-05-30 10:33:00,288.05,288.05,288.05,288.05,375,1950,297.2,281.6,286.0
831,2021-05-30 10:34:00,288.05,288.05,288.05,288.05,375,1950,297.2,281.6,286.0
832,2021-05-30 10:35:00,288.05,288.05,288.05,288.05,375,1950,297.2,281.6,286.0
833,2021-05-30 10:36:00,288.05,288.05,288.05,288.05,375,1950,297.2,281.6,286.0
834,2021-05-30 10:37:00,288.05,288.05,288.05,288.05,375,1950,297.2,281.6,286.0
835,2021-05-30 10:38:00,288.05,288.05,288.05,288.05,375,1950,297.2,281.6,286.0
836,2021-05-30 10:39:00,288.05,288.05,288.05,288.05,375,1950,297.2,281.6,286.0
837,2021-05-30 10:40:00,288.05,288.05,288.05,288.05,375,1950,297.2,281.6,286.0
838,2021-05-30 10:41:00,288.05,288.05,288.05,288.05,375,1950,297.2,281.6,286.0
839,2021-05-30 10:42:00,288.05,288.05,288.05,288.05,375,1950,297.2,281.6,286.0
840,2021-05-30 10:43:00,288.05,288.05,288.05,288.05,375,1950,297.2,281.6,286.0
841,2021-05-30 10:44:00,288.05,288.05,288.05,288.05,375,1950,297.2,281.6,286.0
842,2021-05-30 10:45:00,288.05,288.05,288.05,288.05,375,1950,297.2,281.6,286.0
843,2021-05-30 10:46:00,288.05,288.05,288.05,288.05,375,1950,297.2,281.6,286.0
844,2021-05-30 10:47:00,288.05,288.05,288.05,288.05,375,1950,297.2,281.6,286.0
845,2021-05-30 10:48:00,288.05,288.05,288.05,288.05,375,1950,297.2,281.6,286.0
846,2021-05-30 10:49:00,288.05,288.05,288.05,288.05,375,1950,297.2,281.6,286.0
847,2021-05-30 10:50:00,288.05,288.05,288.05,288.05,375,1950,297.2,281.6,286.0
848,2021-05-30 10:51:00,288.05,288.05,288.05,288.05,375,1950,297.2,281.6,286.0
849,2021-05-30 10:52:00,288.05,288.05,288.05,288.05,375,1950,297.2,281.6,286.0
850,2021-05-30 10:53:00,288.05,288.05,288.05,288.05,375,1950,297.2,281.6,286.0
851,2021-05-30 10:54:00,288.05,288.05,288.05,288.05,375,1950,297.2,281.6,286.0
852,2021-05-30 10:55:00,288.05,288.05,288.05,288.05,375,1950,297.2,281.6,286.0
853,2021-05-30 10:56:00,288.05,288.05,288.05,288.05,375,1950,297.2,281.6,286.0
854,2021-05-30 10:57:00,288.05,288.05,288.05,288.05,375,1950,297.2,281.6,286.0
855,2021-05-30 10:58:00,288.05,288.05,288.05,288.05,375,1950,297.2,281.6,286.0
856,2021-05-30 10:59:00,288.05,288.05,288.05,288.05,375,1950,297.2,281.6,286.0
857,2021-05-30 11:00:00,288.05,288.05,288.05,288.05,375,1950,297.2,281.6,286.0
858,2021-05-30 11:01:00,288.05,288.05,288.05,288.05,375,1950,297.2,281.6,286.0
859,2021-05-30 11:02:00,288.05,288.05,288.05,288.05,375,1950,297.2,281.6,286.0
860,2021-05-30 11:03:00,288.05,288.05,288.05,288.05,375,1950,297.2,281.6,286.0
861,2021-05-30 11:04:00,288.05,288.05,288.05,288.05,375,1950,297.2,281.6,286.0
862,2021-05-30 11:05:00,288.05,288.05,288.05,288.05,375,1950,297.2,281.6,286.0
863,2021-05-30 11:06:00,288.05,288.05,288.05,288.05,375,1950,297.2,281.6,286.0
864,2021-05-30 11:07:00,288.05,288.05,288.05,288.05,375,1950,297.2,281.6,286.0
865,2021-05-30 11:08:00,288.05,288.05,288.05,288.05,375,1950,297.2,281.6,286.0
866,2021-05-30 11:09:00,288.05,288.05,288.05,288.05,375,1950,297.2,281.6,286.0
867,2021-05-30 11:10:00,288.05,288.05,288.05,288.05,375,1950,297.2,281.6,286.0
868,2021-05-30 11:11:00,288.05,288.05,288.05,288.05,375,1950,297.2,281.6,286.0
869,2021-05-30 11:12:00,288.05,288.05,288.05,288.05,375,1950,297.2,281.6,286.0
870,2021-05-30 11:13:00,288.05,288.05,288.05,288.05,375,1950,297.2,281.6,286.0
871,2021-05-30 11:14:00,288.05,288.05,288.05,288.05,375,1950,297.2,281.6,286.0
872,2021-05-30 11:15:00,288.05,288.05,288.05,288.05,375,1950,297.2,281.6,286.0
873,2021-05-30 11:16:00,288.05,288.05,288.05,288.05,375,1950,297.2,281.6,286.0
874,2021-05-30 11:17:00,288.05,288.05,288.05,288.05,375,1950,297.2,281.6,286.0
875,2021-05-30 11:18:00,288.05,288.05,288.05,288.05,375,1950,297.2,281.6,286.0
876,2021-05-30 11:19:00,288.05,288.05,288.05,288.05,375,1950,297.2,281.6,286.0
877,2021-05-30 11:20:00,288.05,288.05,288.05,288.05,375,1950,297.2,281.6,286.0
878,2021-05-30 11:21:00,288.05,288.05,288.05,288.05,375,1950,297.2,281.6,286.0
879,2021-05-30 11:22:00,288.05,288.05,288.05,288.05,375,1950,297.2,281.6,286.0
880,2021-05-30 11:23:00,288.05,288.05,288.05,288.05,375,1950,297.2,281.6,286.0
881,2021-05-30 11:24:00,288.05,288.05,288.05,288.05,375,1950,297.2,281.6,286.0
882,2021-05-30 11:25:00,288.05,288.05,288.05,288.05,375,1950,297.2,281.6,286.0
883,2021-05-30 11:26:00,288.05,288.05,288.05,288.05,375,1950,297.2,281.6,286.0
884,2021-05-30 11:27:00,288.05,288.05,288.05,288.05,375,1950,297.2,281.6,286.0
885,2021-05-30 11:28:00,288.05,288.05,288.05,288.05,375,1950,297.2,281.6,286.0
886,2021-05-30 11:29:00,288.05,288.05,288.05,288.05,375,1950,297.2,281.6,286.0
887,2021-05-30 11:30:00,288.05,288.05,288.05,288.05,375,1950,297.2,281.6,286.0
888,2021-05-30 11:31:00,288.05,288.05,288.05,288.05,375,1950,297.2,281.6,286.0
889,2021-05-30 11:32:00,288.05,288.05,288.05,288.05,375,1950,297.2,281.6,286.0
890,2021-05-30 11:33:00,288.05,288.05,288.05,288.05,375,1950,297.2,281.6,286.0
891,2021-05-30 11:34:00,288.05,288.05,288.05,288.05,375,1950,297.2,281.6,286.0
892,2021-05-30 11:35:00,288.05,288.05,288.05,288.05,375,1950,297.2,281.6,286.0
893,2021-05-30 11:36:00,288.05,288.05,288.05,288.05,375,1950,297.2,281.6,286.0
894,2021-05-30 11:37:00,288.05,288.05,288.05,288.05,375,1950,297.2,281.6,286.0
895,2021-05-30 11:38:00,288.05,288.05,288.05,288.05,375,1950,297.2,281.6,286.0
896,2021-05-30 11:39:00,288.05,288.05,288.05,288.05,375,1950,297.2,281.6,286.0
897,2021-05-30 11:40:00,288.05,288.05,288.05,288.05,375,1950,297.2,281.6,286.0
898,2021-05-30 11:41:00,288.05,288.05,288.05,288.05,375,1950,297.2,281.6,286.0
899,2021-05-30 11:42:00,288.05,288.05,288.05,288.05,375,1950,297.2,281.6,286.0
900,2021-05-30 11:43:00,288.05,288.05,288.05,288.05,375,1950,297.2,281.6,286.0
901,2021-05-30 11:44:00,288.05,288.05,288.05,288.05,375,1950,297.2,281.6,286.0
902,2021-05-30 11:45:00,288.05,288.05,288.05,288.05,375,1950,297.2,281.6,286.0
903,2021-05-30 11:46:00,288.05,288.05,288.05,288.05,375,1950,297.2,281.6,286.0
904,2021-05-30 11:47:00,288.05,288.05,288.05,288.05,375,1950,297.2,281.6,286.0
905,2021-05-30 11:48:00,288.05,288.05,288.05,288.05,375,1950,297.2,281.6,286.0
906,2021-05-30 11:49:00,288.05,288.05,288.05,288.05,375,1950,297.2,281.6,286.0
907,2021-05-30 11:50:00,288.05,288.05,288.05,288.05,375,1950,297.2,281.6,286.0
908,2021-05-30 11:51:00,288.05,288.05,288.05,288.05,375,1950,297.2,281.6,286.0
909,2021-05-30 11:52:00,288.05,288.05,288.05,288.05,375,1950,297.2,281.6,286.0
910,2021-05-30 11:53:00,288.05,288.05,288.05,288.05,375,1950,297.2,281.6,286.0
911,2021-05-30 11:54:00,288.05,288.05,288.05,288.05,375,1950,297.2,281.6,286.0
912,2021-05-30 11:55:00,288.05,288.05,288.05,288.05,375,1950,297.2,281.6,286.0
913,2021-05-30 11:56:00,288.05,288.05,288.05,288.05,375,1950,297.2,281.6,286.0
914,2021-05-30 11:57:00,288.05,288.05,288.05,288.05,375,1950,297.2,281.6,286.0
915,2021-05-30 11:58:00,288.05,288.05,288.05,288.05,375,1950,297.2,281.6,286.0
916,2021-05-30 11:59:00,288.05,288.05,288.05,288.05,375,1950,297.2,281.6,286.0
917,2021-05-30 12:00:00,288.05,288.05,288.05,288.05,375,1950,297.2,281.6,286.0
918,2021-05-30 12:01:00,288.05,288.05,288.05,288.05,375,1950,297.2,281.6,286.0
919,2021-05-30 12:02:00,288.05,288.05,288.05,288.05,375,1950,297.2,281.6,286.0
920,2021-05-30 12:03:00,288.05,288.05,288.05,288.05,375,1950,297.2,281.6,286.0
921,2021-05-30 12:04:00,288.05,288.05,288.05,288.05,375,1950,297.2,281.6,286.0
922,2021-05-30 12:05:00,288.05,288.05,288.05,288.05,375,1950,297.2,281.6,286.0
923,2021-05-30 12:06:00,288.05,288.05,288.05,288.05,375,1950,297.2,281.6,286.0
924,2021-05-30 12:07:00,288.05,288.05,288.05,288.05,375,1950,297.2,281.6,286.0
925,2021-05-30 12:08:00,288.05,288.05,288.05,288.05,375,1950,297.2,281.6,286.0
926,2021-05-30 12:09:00,288.05,288.05,288.05,288.05,375,1950,297.2,281.6,286.0
927,2021-05-30 12:10:00,288.05,288.05,288.05,288.05,375,1950,297.2,281.6,286.0
928,2021-05-30 12:11:00,288.05,288.05,288.05,288.05,375,1950,297.2,281.6,286.0
929,2021-05-30 12:12:00,288.05,288.05,288.05,288.05,375,1950,297.2,281.6,286.0
930,2021-05-30 12:13:00,288.05,288.05,288.05,288.05,375,1950,297.2,281.6,286.0
931,2021-05-30 12:14:00,288.05,288.05,288.05,288.05,375,1950,297.2,281.6,286.0
932,2021-05-30 12:15:00,288.05,288.05,288.05,288.05,375,1950,297.2,281.6,286.0
933,2021-05-30 12:16:00,288.05,288.05,288.05,288.05,375,1950,297.2,281.6,286.0
934,2021-05-30 12:17:00,288.05,288.05,288.05,288.05,375,1950,297.2,281.6,286.0
935,2021-05-30 12:18:00,288.05,288.05,288.05,288.05,375,1950,297.2,281.6,286.0
936,2021-05-30 12:19:00,288.05,288.05,288.05,288.05,375,1950,297.2,281.6,286.0
937,2021-05-30 12:20:00,288.05,288.05,288.05,288.05,375,1950,297.2,281.6,286.0
938,2021-05-30 12:21:00,288.05,288.05,288.05,288.05,375,1950,297.2,281.6,286.0
939,2021-05-30 12:22:00,288.05,288.05,288.05,288.05,375,1950,297.2,281.6,286.0
940,2021-05-30 12:23:00,288.05,288.05,288.05,288.05,375,1950,297.2,281.6,286.0
941,2021-05-30 12:24:00,288.05,288.05,288.05,288.05,375,1950,297.2,281.6,286.0
942,2021-05-30 12:25:00,288.05,288.05,288.05,288.05,375,1950,297.2,281.6,286.0
943,2021-05-30 12:26:00,288.05,288.05,288.05,288.05,375,1950,297.2,281.6,286.0
944,2021-05-30 12:27:00,288.05,288.05,288.05,288.05,375,1950,297.2,281.6,286.0
945,2021-05-30 12:28:00,288.05,288.05,288.05,288.05,375,1950,297.2,281.6,286.0
946,2021-05-30 12:29:00,288.05,288.05,288.05,288.05,375,1950,297.2,281.6,286.0
947,2021-05-30 12:30:00,288.05,288.05,288.05,288.05,375,1950,297.2,281.6,286.0
948,2021-05-30 12:31:00,288.05,288.05,288.05,288.05,375,1950,297.2,281.6,286.0
949,2021-05-30 12:32:00,288.05,288.05,288.05,288.05,375,1950,297.2,281.6,286.0
950,2021-05-30 12:33:00,288.05,288.05,288.05,288.05,375,1950,297.2,281.6,286.0
951,2021-05-30 12:34:00,288.05,288.05,288.05,288.05,375,1950,297.2,281.6,286.0
952,2021-05-30 12:35:00,288.05,288.05,288.05,288.05,375,1950,297.2,281.6,286.0
953,2021-05-30 12:36:00,288.05,288.05,288.05,288.05,375,1950,297.2,281.6,286.0
954,2021-05-30 12:37:00,288.05,288.05,288.05,288.05,375,1950,297.2,281.6,286.0
955,2021-05-30 12:38:00,288.05,288.05,288.05,288.05,375,1950,297.2,281.6,286.0
956,2021-05-30 12:39:00,288.05,288.05,288.05,288.05,375,1950,297.2,281.6,286.0
957,2021-05-30 12:40:00,288.05,288.05,288.05,288.05,375,1950,297.2,281.6,286.0
958,2021-05-30 12:41:00,288.05,288.05,288.05,288.05,375,1950,297.2,281.6,286.0
959,2021-05-30 12:42:00,288.05,288.05,288.05,288.05,375,1950,297.2,281.6,286.0
960,2021-05-30 12:43:00,288.05,288.05,288.05,288.05,375,1950,297.2,281.6,286.0
961,2021-05-30 12:44:00,288.05,288.05,288.05,288.05,375,1950,297.2,281.6,286.0
962,2021-05-30 12:45:00,288.05,288.05,288.05,288.05,375,1950,297.2,281.6,286.0
963,2021-05-30 12:46:00,288.05,288.05,288.05,288.05,375,1950,297.2,281.6,286.0
964,2021-05-30 12:47:00,288.05,288.05,288.05,288.05,375,1950,297.2,281.6,286.0
965,2021-05-30 12:48:00,288.05,288.05,288.05,288.05,375,1950,297.2,281.6,286.0
966,2021-05-30 12:49:00,288.05,288.05,288.05,288.05,375,1950,297.2,281.6,286.0
967,2021-05-30 12:50:00,288.05,288.05,288.05,288.05,375,1950,297.2,281.6,286.0
968,2021-05-30 12:51:00,288.05,288.05,288.05,288.05,375,1950,297.2,281.6,286.0
969,2021-05-30 12:52:00,288.05,288.05,288.05,288.05,375,1950,297.2,281.6,286.0
970,2021-05-30 12:53:00,288.05,288.05,288.05,288.05,375,1950,297.2,281.6,286.0
971,2021-05-30 12:54:00,288.05,288.05,288.05,288.05,375,1950,297.2,281.6,286.0
972,2021-05-30 12:55:00,288.05,288.05,288.05,288.05,375,1950,297.2,281.6,286.0
973,2021-05-30 12:56:00,288.05,288.05,288.05,288.05,375,1950,297.2,281.6,286.0
974,2021-05-30 12:57:00,288.05,288.05,288.05,288.05,375,1950,297.2,281.6,286.0
975,2021-05-30 12:58:00,288.05,288.05,288.05,288.05,375,1950,297.2,281.6,286.0
976,2021-05-30 12:59:00,288.05,288.05,288.05,288.05,375,1950,297.2,281.6,286.0
977,2021-05-30 13:00:00,288.05,288.05,288.05,288.05,375,1950,297.2,281.6,286.0
978,2021-05-30 13:01:00,288.05,288.05,288.05,288.05,375,1950,297.2,281.6,286.0
979,2021-05-30 13:02:00,288.05,288.05,288.05,288.05,375,1950,297.2,281.6,286.0
980,2021-05-30 13:03:00,288.05,288.05,288.05,288.05,375,1950,297.2,281.6,286.0
981,2021-05-30 13:04:00,288.05,288.05,288.05,288.05,375,1950,297.2,281.6,286.0
982,2021-05-30 13:05:00,288.05,288.05,288.05,288.05,375,1950,297.2,281.6,286.0
983,2021-05-30 13:06:00,288.05,288.05,288.05,288.05,375,1950,297.2,281.6,286.0
984,2021-05-30 13:07:00,288.05,288.05,288.05,288.05,375,1950,297.2,281.6,286.0
985,2021-05-30 13:08:00,288.05,288.05,288.05,288.05,375,1950,297.2,281.6,286.0
986,2021-05-30 13:09:00,288.05,288.05,288.05,288.05,375,1950,297.2,281.6,286.0
987,2021-05-30 13:10:00,288.05,288.05,288.05,288.05,375,1950,297.2,281.6,286.0
988,2021-05-30 13:11:00,288.05,288.05,288.05,288.05,375,1950,297.2,281.6,286.0
989,2021-05-30 13:12:00,288.05,288.05,288.05,288.05,375,1950,297.2,281.6,286.0
990,2021-05-30 13:13:00,288.05,288.05,288.05,288.05,375,1950,297.2,281.6,286.0
991,2021-05-30 13:14:00,288.05,288.05,288.05,288.05,375,1950,297.2,281.6,286.0
992,2021-05-30 13:15:00,288.05,288.05,288.05,288.05,375,1950,297.2,281.6,286.0
993,2021-05-30 13:16:00,288.05,288.05,288.05,288.05,375,1950,297.2,281.6,286.0
994,2021-05-30 13:17:00,288.05,288.05,288.05,288.05,375,1950,297.2,281.6,286.0
995,2021-05-30 13:18:00,288.05,288.05,288.05,288.05,375,1950,297.2,281.6,286.0
996,2021-05-30 13:19:00,288.05,288.05,288.05,288.05,375,1950,297.2,281.6,286.0
997,2021-05-30 13:20:00,288.05,288.05,288.05,288.05,375,1950,297.2,281.6,286.0
998,2021-05-30 13:21:00,288.05,288.05,288.05,288.05,375,1950,297.2,281.6,286.0
999,2021-05-30 13:22:00,288.05,288.05,288.05,288.05,375,1950,297.2,281.6,286.0
1000,2021-05-30 13:23:00,288.05,288.05,288.05,288.05,375,1950,297.2,281.6,286.0
1001,2021-05-30 13:24:00,288.05,288.05,288.05,288.05,375,1950,297.2,281.6,286.0
1002,2021-05-30 13:25:00,288.05,288.05,288.05,288.05,375,1950,297.2,281.6,286.0
1003,2021-05-30 13:26:00,288.05,288.05,288.05,288.05,375,1950,297.2,281.6,286.0
1004,2021-05-30 13:27:00,288.05,288.05,288.05,288.05,375,1950,297.2,281.6,286.0
1005,2021-05-30 13:28:00,288.05,288.05,288.05,288.05,375,1950,297.2,281.6,286.0
1006,2021-05-30 13:29:00,288.05,288.05,288.05,288.05,375,1950,297.2,281.6,286.0
1007,2021-05-30 13:30:00,288.05,288.05,288.05,288.05,375,1950,297.2,281.6,286.0
1008,2021-05-30 13:31:00,288.05,288.05,288.05,288.05,375,1950,297.2,281.6,286.0
1009,2021-05-30 13:32:00,288.05,288.05,288.05,288.05,375,1950,297.2,281.6,286.0
1010,2021-05-30 13:33:00,288.05,288.05,288.05,288.05,375,1950,297.2,281.6,286.0
1011,2021-05-30 13:34:00,288.05,288.05,288.05,288.05,375,1950,297.2,281.6,286.0
1012,2021-05-30 13:35:00,288.05,288.05,288.05,288.05,375,1950,297.2,281.6,286.0
1013,2021-05-30 13:36:00,288.05,288.05,288.05,288.05,375,1950,297.2,281.6,286.0
1014,2021-05-30 13:37:00,288.05,288.05,288.05,288.05,375,1950,297.2,281.6,286.0
1015,2021-05-30 13:38:00,288.05,288.05,288.05,288.05,375,1950,297.2,281.6,286.0
1016,2021-05-30 13:39:00,288.05,288.05,288.05,288.05,375,1950,297.2,281.6,286.0
1017,2021-05-30 13:40:00,288.05,288.05,288.05,288.05,375,1950,297.2,281.6,286.0
1018,2021-05-30 13:41:00,288.05,288.05,288.05,288.05,375,1950,297.2,281.6,286.0
1019,2021-05-30 13:42:00,288.05,288.05,288.05,288.05,375,1950,297.2,281.6,286.0
1020,2021-05-30 13:43:00,288.05,288.05,288.05,288.05,375,1950,297.2,281.6,286.0
1021,2021-05-30 13:44:00,288.05,288.05,288.05,288.05,375,1950,297.2,281.6,286.0
1022,2021-05-30 13:45:00,288.05,288.05,288.05,288.05,375,1950,297.2,281.6,286.0
1023,2021-05-30 13:46:00,288.05,288.05,288.05,288.05,375,1950,297.2,281.6,286.0
1024,2021-05-30 13:47:00,288.05,288.05,288.05,288.05,375,1950,297.2,281.6,286.0
1025,2021-05-30 13:48:00,288.05,288.05,288.05,288.05,375,1950,297.2,281.6,286.0
1026,2021-05-30 13:49:00,288.05,288.05,288.05,288.05,375,1950,297.2,281.6,286.0
1027,2021-05-30 13:50:00,288.05,288.05,288.05,288.05,375,1950,297.2,281.6,286.0
1028,2021-05-30 13:51:00,288.05,288.05,288.05,288.05,375,1950,297.2,281.6,286.0
1029,2021-05-30 13:52:00,288.05,288.05,288.05,288.05,375,1950,297.2,281.6,286.0
1030,2021-05-30 13:53:00,288.05,288.05,288.05,288.05,375,1950,297.2,281.6,286.0
1031,2021-05-30 13:54:00,288.05,288.05,288.05,288.05,375,1950,297.2,281.6,286.0
1032,2021-05-30 13:55:00,288.05,288.05,288.05,288.05,375,1950,297.2,281.6,286.0
1033,2021-05-30 13:56:00,288.05,288.05,288.05,288.05,375,1950,297.2,281.6,286.0
1034,2021-05-30 13:57:00,288.05,288.05,288.05,288.05,375,1950,297.2,281.6,286.0
1035,2021-05-30 13:58:00,288.05,288.05,288.05,288.05,375,1950,297.2,281.6,286.0
1036,2021-05-30 13:59:00,288.05,288.05,288.05,288.05,375,1950,297.2,281.6,286.0
1037,2021-05-30 14:00:00,288.05,288.05,288.05,288.05,375,1950,297.2,281.6,286.0
1038,2021-05-30 14:01:00,288.05,288.05,288.05,288.05,375,1950,297.2,281.6,286.0
1039,2021-05-30 14:02:00,288.05,288.05,288.05,288.05,375,1950,297.2,281.6,286.0
1040,2021-05-30 14:03:00,288.05,288.05,288.05,288.05,375,1950,297.2,281.6,286.0
1041,2021-05-30 14:04:00,288.05,288.05,288.05,288.05,375,1950,297.2,281.6,286.0
1042,2021-05-30 14:05:00,288.05,288.05,288.05,288.05,375,1950,297.2,281.6,286.0
1043,2021-05-30 14:06:00,288.05,288.05,288.05,288.05,375,1950,297.2,281.6,286.0
1044,2021-05-30 14:07:00,288.05,288.05,288.05,288.05,375,1950,297.2,281.6,286.0
1045,2021-05-30 14:08:00,288.05,288.05,288.05,288.05,375,1950,297.2,281.6,286.0
1046,2021-05-30 14:09:00,288.05,288.05,288.05,288.05,375,1950,297.2,281.6,286.0
1047,2021-05-30 14:10:00,288.05,288.05,288.05,288.05,375,1950,297.2,281.6,286.0
1048,2021-05-30 14:11:00,288.05,288.05,288.05,288.05,375,1950,297.2,281.6,286.0
1049,2021-05-30 14:12:00,288.05,288.05,288.05,288.05,375,1950,297.2,281.6,286.0
1050,2021-05-30 14:13:00,288.05,288.05,288.05,288.05,375,1950,297.2,281.6,286.0
1051,2021-05-30 14:14:00,288.05,288.05,288.05,288.05,375,1950,297.2,281.6,286.0
1052,2021-05-30 14:15:00,288.05,288.05,288.05,288.05,375,1950,297.2,281.6,286.0
1053,2021-05-30 14:16:00,288.05,288.05,288.05,288.05,375,1950,297.2,281.6,286.0
1054,2021-05-30 14:17:00,288.05,288.05,288.05,288.05,375,1950,297.2,281.6,286.0
1055,2021-05-30 14:18:00,288.05,288.05,288.05,288.05,375,1950,297.2,281.6,286.0
1056,2021-05-30 14:19:00,288.05,288.05,288.05,288.05,375,1950,297.2,281.6,286.0
1057,2021-05-30 14:20:00,288.05,288.05,288.05,288.05,375,1950,297.2,281.6,286.0
1058,2021-05-30 14:21:00,288.05,288.05,288.05,288.05,375,1950,297.2,281.6,286.0
1059,2021-05-30 14:22:00,288.05,288.05,288.05,288.05,375,1950,297.2,281.6,286.0
1060,2021-05-30 14:23:00,288.05,288.05,288.05,288.05,375,1950,297.2,281.6,286.0
1061,2021-05-30 14:24:00,288.05,288.05,288.05,288.05,375,1950,297.2,281.6,286.0
1062,2021-05-30 14:25:00,288.05,288.05,288.05,288.05,375,1950,297.2,281.6,286.0
1063,2021-05-30 14:26:00,288.05,288.05,288.05,288.05,375,1950,297.2,281.6,286.0
1064,2021-05-30 14:27:00,288.05,288.05,288.05,288.05,375,1950,297.2,281.6,286.0
1065,2021-05-30 14:28:00,288.05,288.05,288.05,288.05,375,1950,297.2,281.6,286.0
1066,2021-05-30 14:29:00,288.05,288.05,288.05,288.05,375,1950,297.2,281.6,286.0
1067,2021-05-30 14:30:00,288.05,288.05,288.05,288.05,375,1950,297.2,281.6,286.0
1068,2021-05-30 14:31:00,288.05,288.05,288.05,288.05,375,1950,297.2,281.6,286.0
1069,2021-05-30 14:32:00,288.05,288.05,288.05,288.05,375,1950,297.2,281.6,286.0
1070,2021-05-30 14:33:00,288.05,288.05,288.05,288.05,375,1950,297.2,281.6,286.0
1071,2021-05-30 14:34:00,288.05,288.05,288.05,288.05,375,1950,297.2,281.6,286.0
1072,2021-05-30 14:35:00,288.05,288.05,288.05,288.05,375,1950,297.2,281.6,286.0
1073,2021-05-30 14:36:00,288.05,288.05,288.05,288.05,375,1950,297.2,281.6,286.0
1074,2021-05-30 14:37:00,288.05,288.05,288.05,288.05,375,1950,297.2,281.6,286.0
1075,2021-05-30 14:38:00,288.05,288.05,288.05,288.05,375,1950,297.2,281.6,286.0
1076,2021-05-30 14:39:00,288.05,288.05,288.05,288.05,375,1950,297.2,281.6,286.0
1077,2021-05-30 14:40:00,288.05,288.05,288.05,288.05,375,1950,297.2,281.6,286.0
1078,2021-05-30 14:41:00,288.05,288.05,288.05,288.05,375,1950,297.2,281.6,286.0
1079,2021-05-30 14:42:00,288.05,288.05,288.05,288.05,375,1950,297.2,281.6,286.0
1080,2021-05-30 14:43:00,288.05,288.05,288.05,288.05,375,1950,297.2,281.6,286.0
1081,2021-05-30 14:44:00,288.05,288.05,288.05,288.05,375,1950,297.2,281.6,286.0
1082,2021-05-30 14:45:00,288.05,288.05,288.05,288.05,375,1950,297.2,281.6,286.0
1083,2021-05-30 14:46:00,288.05,288.05,288.05,288.05,375,1950,297.2,281.6,286.0
1084,2021-05-30 14:47:00,288.05,288.05,288.05,288.05,375,1950,297.2,281.6,286.0
1085,2021-05-30 14:48:00,288.05,288.05,288.05,288.05,375,1950,297.2,281.6,286.0
1086,2021-05-30 14:49:00,288.05,288.05,288.05,288.05,375,1950,297.2,281.6,286.0
1087,2021-05-30 14:50:00,288.05,288.05,288.05,288.05,375,1950,297.2,281.6,286.0
1088,2021-05-30 14:51:00,288.05,288.05,288.05,288.05,375,1950,297.2,281.6,286.0
1089,2021-05-30 14:52:00,288.05,288.05,288.05,288.05,375,1950,297.2,281.6,286.0
1090,2021-05-30 14:53:00,288.05,288.05,288.05,288.05,375,1950,297.2,281.6,286.0
1091,2021-05-30 14:54:00,288.05,288.05,288.05,288.05,375,1950,297.2,281.6,286.0
1092,2021-05-30 14:55:00,288.05,288.05,288.05,288.05,375,1950,297.2,281.6,286.0
1093,2021-05-30 14:56:00,288.05,288.05,288.05,288.05,375,1950,297.2,281.6,286.0
1094,2021-05-30 14:57:00,288.05,288.05,288.05,288.05,375,1950,297.2,281.6,286.0
1095,2021-05-30 14:58:00,288.05,288.05,288.05,288.05,375,1950,297.2,281.6,286.0
1096,2021-05-30 14:59:00,288.05,288.05,288.05,288.05,375,1950,297.2,281.6,286.0
1097,2021-05-30 15:00:00,288.05,288.05,288.05,288.05,375,1950,297.2,281.6,286.0
1098,2021-05-30 15:01:00,288.05,288.05,288.05,288.05,375,1950,297.2,281.6,286.0
1099,2021-05-30 15:02:00,288.05,288.05,288.05,288.05,375,1950,297.2,281.6,286.0
1100,2021-05-30 15:03:00,288.05,288.05,288.05,288.05,375,1950,297.2,281.6,286.0
1101,2021-05-30 15:04:00,288.05,288.05,288.05,288.05,375,1950,297.2,281.6,286.0
1102,2021-05-30 15:05:00,288.05,288.05,288.05,288.05,375,1950,297.2,281.6,286.0
1103,2021-05-30 15:06:00,288.05,288.05,288.05,288.05,375,1950,297.2,281.6,286.0
1104,2021-05-30 15:07:00,288.05,288.05,288.05,288.05,375,1950,297.2,281.6,286.0
1105,2021-05-30 15:08:00,288.05,288.05,288.05,288.05,375,1950,297.2,281.6,286.0
1106,2021-05-30 15:09:00,288.05,288.05,288.05,288.05,375,1950,297.2,281.6,286.0
1107,2021-05-30 15:10:00,288.05,288.05,288.05,288.05,375,1950,297.2,281.6,286.0
1108,2021-05-30 15:11:00,288.05,288.05,288.05,288.05,375,1950,297.2,281.6,286.0
1109,2021-05-30 15:12:00,288.05,288.05,288.05,288.05,375,1950,297.2,281.6,286.0
1110,2021-05-30 15:13:00,288.05,288.05,288.05,288.05,375,1950,297.2,281.6,286.0
1111,2021-05-30 15:14:00,288.05,288.05,288.05,288.05,375,1950,297.2,281.6,286.0
1112,2021-05-30 15:15:00,288.05,288.05,288.05,288.05,375,1950,297.2,281.6,286.0
1113,2021-05-30 15:16:00,288.05,288.05,288.05,288.05,375,1950,297.2,281.6,286.0
1114,2021-05-30 15:17:00,288.05,288.05,288.05,288.05,375,1950,297.2,281.6,286.0
1115,2021-05-30 15:18:00,288.05,288.05,288.05,288.05,375,1950,297.2,281.6,286.0
1116,2021-05-30 15:19:00,288.05,288.05,288.05,288.05,375,1950,297.2,281.6,286.0
1117,2021-05-30 15:20:00,288.05,288.05,288.05,288.05,375,1950,297.2,281.6,286.0
1118,2021-05-30 15:21:00,288.05,288.05,288.05,288.05,375,1950,297.2,281.6,286.0
1119,2021-05-30 15:22:00,288.05,288.05,288.05,288.05,375,1950,297.2,281.6,286.0
1120,2021-05-30 15:23:00,288.05,288.05,288.05,288.05,375,1950,297.2,281.6,286.0
1121,2021-05-30 15:24:00,288.05,288.05,288.05,288.05,375,1950,297.2,281.6,286.0
1122,2021-05-30 15:25:00,288.05,288.05,288.05,288.05,375,1950,297.2,281.6,286.0
1123,2021-05-30 15:26:00,288.05,288.05,288.05,288.05,375,1950,297.2,281.6,286.0
1124,2021-05-30 15:27:00,288.05,288.05,288.05,288.05,375,1950,297.2,281.6,286.0
1125,2021-05-30 15:28:00,288.05,288.05,288.05,288.05,375,1950,297.2,281.6,286.0
1126,2021-05-30 15:29:00,288.05,288.05,288.05,288.05,375,1950,297.2,281.6,286.0
1127,2021-05-30 15:30:00,288.05,288.05,288.05,288.05,375,1950,297.2,281.6,286.0
1128,2021-05-31 09:15:00,288.05,288.05,288.05,288.05,375,1950,297.2,281.6,286.0
1129,2021-05-31 09:16:00,288.05,288.05,288.05,288.05,375,1950,297.2,281.6,286.0
1130,2021-05-31 09:17:00,288.05,288.05,288.05,288.05,375,1950,297.2,281.6,286.0
1131,2021-05-31 09:18:00,288.05,288.05,288.05,288.05,375,1950,297.2,281.6,286.0
1132,2021-05-31 09:19:00,288.05,288.05,288.05,288.05,375,1950,297.2,281.6,286.0
1133,2021-05-31 09:20:00,288.05,288.05,288.05,288.05,375,1950,297.2,281.6,286.0
1134,2021-05-31 09:21:00,288.05,288.05,288.05,288.05,375,1950,297.2,281.6,286.0
1135,2021-05-31 09:22:00,294.3,294.3,294.3,294.3,75,2325,294.3,290.35,309.25
1136,2021-05-31 09:23:00,294.3,294.3,294.3,294.3,75,2325,294.3,290.35,309.25
1137,2021-05-31 09:24:00,294.3,294.3,294.3,294.3,75,2325,294.3,290.35,309.25
1138,2021-05-31 09:25:00,294.3,294.3,294.3,294.3,75,2325,294.3,290.35,309.25
1139,2021-05-31 09:26:00,310.7,310.7,310.7,310.7,300,2325,307.42,292.8,307.2
1140,2021-05-31 09:27:00,310.7,310.7,310.7,310.7,300,2325,307.42,292.8,307.2
1141,2021-05-31 09:28:00,310.7,310.7,310.7,310.7,300,2325,307.42,292.8,307.2
1142,2021-05-31 09:29:00,310.7,310.7,310.7,310.7,300,2325,307.42,292.8,307.2
1143,2021-05-31 09:30:00,334.8,334.8,313.7,313.7,150,2625,312.22,294.7,360.5
1144,2021-05-31 09:31:00,274.15,274.15,274.15,274.15,75,2625,307.46,285.05,316.65
1145,2021-05-31 09:32:00,316.65,316.65,316.65,316.65,375,2625,311.0,274.8,324.55
1146,2021-05-31 09:33:00,316.65,316.65,316.65,316.65,375,2625,311.0,274.8,324.55
1147,2021-05-31 09:34:00,316.65,316.65,316.65,316.65,375,2625,311.0,274.8,324.55
1148,2021-05-31 09:35:00,316.65,316.65,316.65,316.65,375,2625,311.0,274.8,324.55
1149,2021-05-31 09:36:00,316.65,316.65,316.65,316.65,375,2625,311.0,274.8,324.55
1150,2021-05-31 09:37:00,316.65,316.65,316.65,316.65,375,2625,311.0,274.8,324.55
1151,2021-05-31 09:38:00,316.65,316.65,316.65,316.65,375,2625,311.0,274.8,324.55
1152,2021-05-31 09:39:00,316.65,316.65,316.65,316.65,375,2625,311.0,274.8,324.55
1153,2021-05-31 09:40:00,316.65,316.65,316.65,316.65,375,2625,311.0,274.8,324.55
1154,2021-05-31 09:41:00,316.65,316.65,316.65,316.65,375,2625,311.0,274.8,324.55
1155,2021-05-31 09:42:00,316.65,316.65,316.65,316.65,375,2625,311.0,274.8,324.55
1156,2021-05-31 09:43:00,316.65,316.65,316.65,316.65,375,2625,311.0,274.8,324.55
1157,2021-05-31 09:44:00,316.65,316.65,316.65,316.65,375,2625,311.0,274.8,324.55
1158,2021-05-31 09:45:00,316.65,316.65,316.65,316.65,375,2625,311.0,274.8,324.55
1159,2021-05-31 09:46:00,316.65,316.65,316.65,316.65,375,2625,311.0,274.8,324.55
1160,2021-05-31 09:47:00,316.65,316.65,316.65,316.65,375,2625,311.0,274.8,324.55
1161,2021-05-31 09:48:00,316.65,316.65,316.65,316.65,375,2625,311.0,274.8,324.55
1162,2021-05-31 09:49:00,271.55,272.15,264.65,271.75,825,2625,292.67,263.3,326.55
1163,2021-05-31 09:50:00,265.5,265.5,265.5,265.5,150,2625,290.58,260.0,264.35
1164,2021-05-31 09:51:00,265.5,265.5,265.5,265.5,150,2625,290.58,260.0,264.35
1165,2021-05-31 09:52:00,265.5,265.5,265.5,265.5,150,2625,290.58,260.0,264.35
1166,2021-05-31 09:53:00,264.75,266.4,264.75,266.4,150,3375,288.8,261.0,265.35
1167,2021-05-31 09:54:00,262.65,263.0,262.65,263.0,225,3375,286.29,258.5,262.3
1168,2021-05-31 09:55:00,262.65,263.0,262.65,263.0,225,3375,286.29,258.5,262.3
1169,2021-05-31 09:56:00,262.65,263.0,262.65,263.0,225,3375,286.29,258.5,262.3
1170,2021-05-31 09:57:00,259.6,259.6,259.6,259.6,75,3450,285.45,256.9,260.8
1171,2021-05-31 09:58:00,261.95,261.95,261.95,261.95,75,3450,284.74,258.6,263.2
1172,2021-05-31 09:59:00,261.95,261.95,261.95,261.95,75,3450,284.74,258.6,263.2
1173,2021-05-31 10:00:00,261.95,261.95,261.95,261.95,75,3450,284.74,258.6,263.2
1174,2021-05-31 10:01:00,260.0,261.15,260.0,261.15,225,3525,282.74,258.4,263.0
1175,2021-05-31 10:02:00,260.0,261.15,260.0,261.15,225,3525,282.74,258.4,263.0
1176,2021-05-31 10:03:00,260.0,261.15,260.0,261.15,225,3525,282.74,258.4,263.0
1177,2021-05-31 10:04:00,261.95,261.95,261.95,261.95,75,3600,282.18,259.6,264.45
1178,2021-05-31 10:05:00,261.95,261.95,261.95,261.95,75,3600,282.18,259.6,264.45
1179,2021-05-31 10:06:00,261.95,261.95,261.95,261.95,75,3600,282.18,259.6,264.45
1180,2021-05-31 10:07:00,260.75,260.75,260.75,260.75,75,3600,281.62,251.0,255.7
1181,2021-05-31 10:08:00,244.5,244.5,242.8,244.5,300,3525,278.0,239.5,245.0
1182,2021-05-31 10:09:00,243.75,243.75,243.75,243.75,375,3525,274.36,242.0,246.9
1183,2021-05-31 10:10:00,240.0,240.0,240.0,240.0,75,3525,273.64,236.9,240.0
1184,2021-05-31 10:11:00,237.05,237.05,237.05,237.05,75,3450,272.9,234.45,237.35
1185,2021-05-31 10:12:00,237.05,237.05,237.05,237.05,75,3450,272.9,234.45,237.35
1186,2021-05-31 10:13:00,237.95,237.95,237.95,237.95,225,3450,270.88,238.1,240.65
1187,2021-05-31 10:14:00,237.95,237.95,237.95,237.95,225,3450,270.88,238.1,240.65
1188,2021-05-31 10:15:00,238.1,238.1,238.1,238.1,150,3450,269.67,236.2,238.7
1189,2021-05-31 10:16:00,241.1,241.1,241.1,241.1,75,3450,269.15,240.9,243.85
1190,2021-05-31 10:17:00,241.1,241.1,241.1,241.1,75,3450,269.15,240.9,243.85
1191,2021-05-31 10:18:00,242.5,242.5,242.5,242.5,75,3450,268.67,238.85,241.4
1192,2021-05-31 10:19:00,239.5,239.5,239.5,239.5,75,3450,268.16,238.05,240.6
1193,2021-05-31 10:20:00,242.65,242.65,242.65,242.65,75,3450,267.72,242.15,244.8
1194,2021-05-31 10:21:00,244.65,244.65,244.65,244.65,150,3450,266.95,240.95,243.55
1195,2021-05-31 10:22:00,244.65,244.65,244.65,244.65,150,3450,266.95,240.95,243.55
1196,2021-05-31 10:23:00,244.65,244.65,244.65,244.65,150,3450,266.95,240.95,243.55
1197,2021-05-31 10:24:00,244.65,244.65,244.65,244.65,150,3450,266.95,240.95,243.55
1198,2021-05-31 10:25:00,244.65,244.65,244.65,244.65,150,3450,266.95,240.95,243.55
1199,2021-05-31 10:26:00,241.15,241.15,241.15,241.15,150,3600,266.12,240.8,242.85
1200,2021-05-31 10:27:00,241.15,241.15,241.15,241.15,150,3600,266.12,240.8,242.85
1201,2021-05-31 10:28:00,238.95,238.95,238.95,238.95,75,3750,265.68,236.85,239.55
1202,2021-05-31 10:29:00,238.95,238.95,238.95,238.95,75,3750,265.68,236.85,239.55
1203,2021-05-31 10:30:00,238.95,238.95,238.95,238.95,75,3750,265.68,236.85,239.55
1204,2021-05-31 10:31:00,238.95,238.95,238.95,238.95,75,3750,265.68,236.85,239.55
1205,2021-05-31 10:32:00,238.95,238.95,238.95,238.95,75,3750,265.68,236.85,239.55
1206,2021-05-31 10:33:00,238.95,238.95,238.95,238.95,75,3750,265.68,236.85,239.55
1207,2021-05-31 10:34:00,238.95,238.95,238.95,238.95,75,3750,265.68,236.85,239.55
1208,2021-05-31 10:35:00,238.95,238.95,238.95,238.95,75,3750,265.68,236.85,239.55
1209,2021-05-31 10:36:00,238.95,238.95,238.95,238.95,75,3750,265.68,236.85,239.55
1210,2021-05-31 10:37:00,234.05,234.05,234.05,234.05,75,3825,265.19,232.6,234.4
1211,2021-05-31 10:38:00,234.05,234.05,234.05,234.05,75,3825,265.19,232.6,234.4
1212,2021-05-31 10:39:00,234.05,234.05,234.05,234.05,75,3825,265.19,232.6,234.4
1213,2021-05-31 10:40:00,234.05,234.05,234.05,234.05,75,3825,265.19,232.6,234.4
1214,2021-05-31 10:41:00,234.05,234.05,234.05,234.05,75,3825,265.19,232.6,234.4
1215,2021-05-31 10:42:00,234.05,234.05,234.05,234.05,75,3825,265.19,232.6,234.4
1216,2021-05-31 10:43:00,234.05,234.05,234.05,234.05,75,3825,265.19,232.6,234.4
1217,2021-05-31 10:44:00,234.05,234.05,234.05,234.05,75,3825,265.19,232.6,234.4
1218,2021-05-31 10:45:00,234.05,234.05,234.05,234.05,75,3825,265.19,232.6,234.4
1219,2021-05-31 10:46:00,234.05,234.05,234.05,234.05,75,3825,265.19,232.6,234.4
1220,2021-05-31 10:47:00,234.05,234.05,234.05,234.05,75,3825,265.19,232.6,234.4
1221,2021-05-31 10:48:00,234.05,234.05,234.05,234.05,75,3825,265.19,232.6,234.4
1222,2021-05-31 10:49:00,234.05,234.05,234.05,234.05,75,3825,265.19,232.6,234.4
1223,2021-05-31 10:50:00,234.05,234.05,234.05,234.05,75,3825,265.19,232.6,234.4
1224,2021-05-31 10:51:00,234.05,234.05,234.05,234.05,75,3825,265.19,232.6,234.4
1225,2021-05-31 10:52:00,234.05,234.05,234.05,234.05,75,3825,265.19,232.6,234.4
1226,2021-05-31 10:53:00,234.05,234.05,234.05,234.05,75,3825,265.19,232.6,234.4
1227,2021-05-31 10:54:00,234.05,234.05,234.05,234.05,75,3825,265.19,232.6,234.4
1228,2021-05-31 10:55:00,234.05,234.05,234.05,234.05,75,3825,265.19,232.6,234.4
1229,2021-05-31 10:56:00,234.05,234.05,234.05,234.05,75,3825,265.19,232.6,234.4
1230,2021-05-31 10:57:00,234.05,234.05,234.05,234.05,75,3825,265.19,232.6,234.4
1231,2021-05-31 10:58:00,234.05,234.05,234.05,234.05,75,3825,265.19,232.6,234.4
1232,2021-05-31 10:59:00,234.05,234.05,234.05,234.05,75,3825,265.19,232.6,234.4
1233,2021-05-31 11:00:00,234.05,234.05,234.05,234.05,75,3825,265.19,232.6,234.4
1234,2021-05-31 11:01:00,234.05,234.05,234.05,234.05,75,3825,265.19,232.6,234.4
1235,2021-05-31 11:02:00,229.85,229.85,229.85,229.85,75,3825,264.65,225.75,229.8
1236,2021-05-31 11:03:00,229.85,229.85,229.85,229.85,75,3825,264.65,225.75,229.8
1237,2021-05-31 11:04:00,229.85,229.85,229.85,229.85,75,3825,264.65,225.75,229.8
1238,2021-05-31 11:05:00,229.85,229.85,229.85,229.85,75,3825,264.65,225.75,229.8
1239,2021-05-31 11:06:00,228.95,228.95,228.95,228.95,75,3825,264.11,225.75,229.85
1240,2021-05-31 11:07:00,228.95,228.95,228.95,228.95,75,3825,264.11,225.75,229.85
1241,2021-05-31 11:08:00,228.95,228.95,228.95,228.95,75,3825,264.11,225.75,229.85
1242,2021-05-31 11:09:00,228.95,228.95,228.95,228.95,75,3825,264.11,225.75,229.85
1243,2021-05-31 11:10:00,228.95,228.95,228.95,228.95,75,3825,264.11,225.75,229.85
1244,2021-05-31 11:11:00,229.25,229.25,229.25,229.25,75,3900,263.59,225.55,228.85
1245,2021-05-31 11:12:00,229.25,229.25,229.25,229.25,75,3900,263.59,225.55,228.85
1246,2021-05-31 11:13:00,229.25,229.25,229.25,229.25,75,3900,263.59,225.55,228.85
1247,2021-05-31 11:14:00,229.25,229.25,229.25,229.25,75,3900,263.59,225.55,228.85
1248,2021-05-31 11:15:00,229.25,229.25,229.25,229.25,75,3900,263.59,225.55,228.85
1249,2021-05-31 11:16:00,229.25,229.25,229.25,229.25,75,3900,263.59,225.55,228.85
1250,2021-05-31 11:17:00,229.25,229.25,229.25,229.25,75,3900,263.59,225.55,228.85
1251,2021-05-31 11:18:00,229.25,229.25,229.25,229.25,75,3900,263.59,225.55,228.85
1252,2021-05-31 11:19:00,229.25,229.25,229.25,229.25,75,3900,263.59,225.55,228.85
1253,2021-05-31 11:20:00,229.25,229.25,229.25,229.25,75,3900,263.59,225.55,228.85
1254,2021-05-31 11:21:00,229.25,229.25,229.25,229.25,75,3900,263.59,225.55,228.85
1255,2021-05-31 11:22:00,229.25,229.25,229.25,229.25,75,3900,263.59,225.55,228.85
1256,2021-05-31 11:23:00,229.25,229.25,229.25,229.25,75,3900,263.59,225.55,228.85
1257,2021-05-31 11:24:00,229.25,229.25,229.25,229.25,75,3900,263.59,225.55,228.85
1258,2021-05-31 11:25:00,229.25,229.25,229.25,229.25,75,3900,263.59,225.55,228.85
1259,2021-05-31 11:26:00,229.25,229.25,229.25,229.25,75,3900,263.59,225.55,228.85
1260,2021-05-31 11:27:00,229.25,229.25,229.25,229.25,75,3900,263.59,225.55,228.85
1261,2021-05-31 11:28:00,229.25,229.25,229.25,229.25,75,3900,263.59,225.55,228.85
1262,2021-05-31 11:29:00,229.25,229.25,229.25,229.25,75,3900,263.59,225.55,228.85
1263,2021-05-31 11:30:00,229.25,229.25,229.25,229.25,75,3900,263.59,225.55,228.85
1264,2021-05-31 11:31:00,229.25,229.25,229.25,229.25,75,3900,263.59,225.55,228.85
1265,2021-05-31 11:32:00,229.25,229.25,229.25,229.25,75,3900,263.59,225.55,228.85
1266,2021-05-31 11:33:00,229.25,229.25,229.25,229.25,75,3900,263.59,225.55,228.85
1267,2021-05-31 11:34:00,229.25,229.25,229.25,229.25,75,3900,263.59,225.55,228.85
1268,2021-05-31 11:35:00,229.25,229.25,229.25,229.25,75,3900,263.59,225.55,228.85
1269,2021-05-31 11:36:00,229.25,229.25,229.25,229.25,75,3900,263.59,225.55,228.85
1270,2021-05-31 11:37:00,222.15,222.15,222.15,222.15,75,3975,262.98,218.55,221.65
1271,2021-05-31 11:38:00,222.15,222.15,222.15,222.15,75,3975,262.98,218.55,221.65
1272,2021-05-31 11:39:00,222.15,222.15,222.15,222.15,75,3975,262.98,218.55,221.65
1273,2021-05-31 11:40:00,222.15,222.15,222.15,222.15,75,3975,262.98,218.55,221.65
1274,2021-05-31 11:41:00,222.15,222.15,222.15,222.15,75,3975,262.98,218.55,221.65
1275,2021-05-31 11:42:00,222.15,222.15,222.15,222.15,75,3975,262.98,218.55,221.65
1276,2021-05-31 11:43:00,222.15,222.15,222.15,222.15,75,3975,262.98,218.55,221.65
1277,2021-05-31 11:44:00,222.15,222.15,222.15,222.15,75,3975,262.98,218.55,221.65
1278,2021-05-31 11:45:00,222.15,222.15,222.15,222.15,75,3975,262.98,218.55,221.65
1279,2021-05-31 11:46:00,222.15,222.15,222.15,222.15,75,3975,262.98,218.55,221.65
1280,2021-05-31 11:47:00,222.15,222.15,222.15,222.15,75,3975,262.98,218.55,221.65
1281,2021-05-31 11:48:00,222.15,222.15,222.15,222.15,75,3975,262.98,218.55,221.65
1282,2021-05-31 11:49:00,222.15,222.15,222.15,222.15,75,3975,262.98,218.55,221.65
1283,2021-05-31 11:50:00,222.15,222.15,222.15,222.15,75,3975,262.98,218.55,221.65
1284,2021-05-31 11:51:00,222.15,222.15,222.15,222.15,75,3975,262.98,218.55,221.65
1285,2021-05-31 11:52:00,222.15,222.15,222.15,222.15,75,3975,262.98,218.55,221.65
1286,2021-05-31 11:53:00,222.15,222.15,222.15,222.15,75,3975,262.98,218.55,221.65
1287,2021-05-31 11:54:00,222.15,222.15,222.15,222.15,75,3975,262.98,218.55,221.65
1288,2021-05-31 11:55:00,222.15,222.15,222.15,222.15,75,3975,262.98,218.55,221.65
1289,2021-05-31 11:56:00,222.15,222.15,222.15,222.15,75,3975,262.98,218.55,221.65
1290,2021-05-31 11:57:00,222.15,222.15,222.15,222.15,75,3975,262.98,218.55,221.65
1291,2021-05-31 11:58:00,222.15,222.15,222.15,222.15,75,3975,262.98,218.55,221.65
1292,2021-05-31 11:59:00,222.15,222.15,222.15,222.15,75,3975,262.98,218.55,221.65
1293,2021-05-31 12:00:00,222.15,222.15,222.15,222.15,75,3975,262.98,218.55,221.65
1294,2021-05-31 12:01:00,222.15,222.15,222.15,222.15,75,3975,262.98,218.55,221.65
1295,2021-05-31 12:02:00,222.15,222.15,222.15,222.15,75,3975,262.98,218.55,221.65
1296,2021-05-31 12:03:00,222.15,222.15,222.15,222.15,75,3975,262.98,218.55,221.65
1297,2021-05-31 12:04:00,217.75,217.75,217.75,217.75,75,4050,262.32,217.45,221.2
1298,2021-05-31 12:05:00,217.75,217.75,217.75,217.75,75,4050,262.32,217.45,221.2
1299,2021-05-31 12:06:00,217.75,217.75,217.75,217.75,75,4050,262.32,217.45,221.2
1300,2021-05-31 12:07:00,217.75,217.75,217.75,217.75,75,4050,262.32,217.45,221.2
1301,2021-05-31 12:08:00,217.75,217.75,217.75,217.75,75,4050,262.32,217.45,221.2
1302,2021-05-31 12:09:00,217.75,217.75,217.75,217.75,75,4050,262.32,217.45,221.2
1303,2021-05-31 12:10:00,217.75,217.75,217.75,217.75,75,4050,262.32,217.45,221.2
1304,2021-05-31 12:11:00,218.0,218.0,218.0,218.0,75,4050,261.69,216.05,220.0
1305,2021-05-31 12:12:00,218.0,218.0,218.0,218.0,75,4050,261.69,216.05,220.0
1306,2021-05-31 12:13:00,218.0,218.0,218.0,218.0,75,4050,261.69,216.05,220.0
1307,2021-05-31 12:14:00,218.0,218.0,218.0,218.0,75,4050,261.69,216.05,220.0
1308,2021-05-31 12:15:00,218.0,218.0,218.0,218.0,75,4050,261.69,216.05,220.0
1309,2021-05-31 12:16:00,216.0,216.0,216.0,216.0,75,4125,261.04,213.75,217.35
1310,2021-05-31 12:17:00,216.0,216.0,216.0,216.0,75,4125,261.04,213.75,217.35
1311,2021-05-31 12:18:00,216.0,216.0,216.0,216.0,75,4125,261.04,213.75,217.35
1312,2021-05-31 12:19:00,216.0,216.0,216.0,216.0,75,4125,261.04,213.75,217.35
1313,2021-05-31 12:20:00,216.0,216.0,216.0,216.0,75,4125,261.04,213.75,217.35
1314,2021-05-31 12:21:00,218.5,218.5,218.5,218.5,75,4200,260.45,214.95,218.35
1315,2021-05-31 12:22:00,218.5,218.5,218.5,218.5,75,4200,260.45,214.95,218.35
1316,2021-05-31 12:23:00,218.5,218.5,218.5,218.5,75,4200,260.45,214.95,218.35
1317,2021-05-31 12:24:00,218.5,218.5,218.5,218.5,75,4200,260.45,214.95,218.35
1318,2021-05-31 12:25:00,218.5,218.5,218.5,218.5,75,4200,260.45,214.95,218.35
1319,2021-05-31 12:26:00,218.5,218.5,218.5,218.5,75,4200,260.45,214.95,218.35
1320,2021-05-31 12:27:00,218.5,218.5,218.5,218.5,75,4200,260.45,214.95,218.35
1321,2021-05-31 12:28:00,218.5,218.5,218.5,218.5,75,4200,260.45,214.95,218.35
1322,2021-05-31 12:29:00,218.5,218.5,218.5,218.5,75,4200,260.45,214.95,218.35
1323,2021-05-31 12:30:00,218.5,218.5,218.5,218.5,75,4200,260.45,214.95,218.35
1324,2021-05-31 12:31:00,218.5,218.5,218.5,218.5,75,4200,260.45,214.95,218.35
1325,2021-05-31 12:32:00,205.65,205.65,205.65,205.65,75,4200,259.7,202.0,205.8
1326,2021-05-31 12:33:00,205.65,205.65,205.65,205.65,75,4200,259.7,202.0,205.8
1327,2021-05-31 12:34:00,202.8,202.8,202.8,202.8,75,4200,258.93,201.05,204.35
1328,2021-05-31 12:35:00,202.8,202.8,202.8,202.8,75,4200,258.93,201.05,204.35
1329,2021-05-31 12:36:00,202.8,202.8,202.8,202.8,75,4200,258.93,201.05,204.35
1330,2021-05-31 12:37:00,202.8,202.8,202.8,202.8,75,4200,258.93,201.05,204.35
1331,2021-05-31 12:38:00,202.8,202.8,202.8,202.8,75,4200,258.93,201.05,204.35
1332,2021-05-31 12:39:00,205.5,205.5,205.5,205.5,300,4275,256.19,201.15,204.75
1333,2021-05-31 12:40:00,205.5,205.5,205.5,205.5,300,4275,256.19,201.15,204.75
1334,2021-05-31 12:41:00,205.85,205.85,205.85,205.85,75,4275,255.55,203.05,206.2
1335,2021-05-31 12:42:00,205.85,205.85,205.85,205.85,75,4275,255.55,203.05,206.2
1336,2021-05-31 12:43:00,205.85,205.85,204.05,204.05,375,4650,252.52,203.9,207.35
1337,2021-05-31 12:44:00,205.85,205.85,204.05,204.05,375,4650,252.52,203.9,207.35
1338,2021-05-31 12:45:00,205.85,205.85,204.05,204.05,375,4650,252.52,203.9,207.35
1339,2021-05-31 12:46:00,200.0,200.0,200.0,200.0,150,4650,251.29,199.9,202.95
1340,2021-05-31 12:47:00,204.85,204.85,204.85,204.85,75,4650,250.76,200.15,203.15
1341,2021-05-31 12:48:00,204.85,204.85,204.85,204.85,75,4650,250.76,200.15,203.15
1342,2021-05-31 12:49:00,204.85,204.85,204.85,204.85,75,4650,250.76,200.15,203.15
1343,2021-05-31 12:50:00,204.85,204.85,204.85,204.85,75,4650,250.76,200.15,203.15
1344,2021-05-31 12:51:00,204.85,204.85,204.85,204.85,75,4650,250.76,200.15,203.15
1345,2021-05-31 12:52:00,200.0,200.0,200.0,200.0,75,4875,250.18,198.0,200.3
1346,2021-05-31 12:53:00,200.0,200.0,200.0,200.0,75,4875,250.18,198.0,200.3
1347,2021-05-31 12:54:00,200.0,200.0,200.0,200.0,75,4875,250.18,198.0,200.3
1348,2021-05-31 12:55:00,200.0,200.0,200.0,200.0,75,4875,250.18,198.0,200.3
1349,2021-05-31 12:56:00,200.0,200.0,200.0,200.0,75,4875,250.18,198.0,200.3
1350,2021-05-31 12:57:00,200.0,200.0,200.0,200.0,75,4875,250.18,198.0,200.3
1351,2021-05-31 12:58:00,203.0,203.0,203.0,203.0,75,0,249.65,200.15,203.95
1352,2021-05-31 12:59:00,203.0,203.0,203.0,203.0,75,0,249.65,200.15,203.95
1353,2021-05-31 13:00:00,203.0,203.0,203.0,203.0,75,0,249.65,200.15,203.95
1354,2021-05-31 13:01:00,203.0,203.0,203.0,203.0,75,0,249.65,200.15,203.95
1355,2021-05-31 13:02:00,203.0,203.0,203.0,203.0,75,0,249.65,200.15,203.95
1356,2021-05-31 13:03:00,203.0,203.0,203.0,203.0,75,0,249.65,200.15,203.95
1357,2021-05-31 13:04:00,203.0,203.0,203.0,203.0,75,0,249.65,200.15,203.95
1358,2021-05-31 13:05:00,203.0,203.0,203.0,203.0,75,0,249.65,200.15,203.95
1359,2021-05-31 13:06:00,203.0,203.0,203.0,203.0,75,0,249.65,200.15,203.95
1360,2021-05-31 13:07:00,203.0,203.0,203.0,203.0,75,0,249.65,200.15,203.95
1361,2021-05-31 13:08:00,204.45,204.45,204.45,204.45,300,4950,247.69,200.65,204.15
1362,2021-05-31 13:09:00,204.45,204.45,204.45,204.45,300,4950,247.69,200.65,204.15
1363,2021-05-31 13:10:00,204.45,204.45,204.45,204.45,300,4950,247.69,200.65,204.15
1364,2021-05-31 13:11:00,204.45,204.45,204.45,204.45,300,4950,247.69,200.65,204.15
1365,2021-05-31 13:12:00,204.45,204.45,204.45,204.45,300,4950,247.69,200.65,204.15
1366,2021-05-31 13:13:00,204.45,204.45,204.45,204.45,300,4950,247.69,200.65,204.15
1367,2021-05-31 13:14:00,202.15,202.15,202.15,202.15,75,5250,247.2,200.85,204.1
1368,2021-05-31 13:15:00,202.15,202.15,202.15,202.15,75,5250,247.2,200.85,204.1
1369,2021-05-31 13:16:00,207.5,207.5,207.5,207.5,150,5325,246.38,206.6,210.45
1370,2021-05-31 13:17:00,207.5,207.5,207.5,207.5,150,5325,246.38,206.6,210.45
1371,2021-05-31 13:18:00,207.5,207.5,207.5,207.5,150,5325,246.38,206.6,210.45
1372,2021-05-31 13:19:00,201.7,201.7,201.7,201.7,75,5475,245.92,201.45,205.05
1373,2021-05-31 13:20:00,201.7,201.7,201.7,201.7,75,5475,245.92,201.45,205.05
1374,2021-05-31 13:21:00,206.0,206.0,206.0,206.0,150,5400,245.11,203.5,205.9
1375,2021-05-31 13:22:00,207.5,207.5,207.5,207.5,300,5400,243.65,207.35,210.45
1376,2021-05-31 13:23:00,210.7,210.7,210.7,210.7,75,5400,243.33,206.45,209.5
1377,2021-05-31 13:24:00,210.7,210.7,210.7,210.7,75,5400,243.33,206.45,209.5
1378,2021-05-31 13:25:00,210.7,210.7,210.7,210.7,75,5400,243.33,206.45,209.5
1379,2021-05-31 13:26:00,210.7,210.7,210.7,210.7,75,5400,243.33,206.45,209.5
1380,2021-05-31 13:27:00,210.7,210.7,210.7,210.7,75,5400,243.33,206.45,209.5
1381,2021-05-31 13:28:00,210.7,210.7,210.7,210.7,75,5400,243.33,206.45,209.5
1382,2021-05-31 13:29:00,210.7,210.7,210.7,210.7,75,5400,243.33,206.45,209.5
1383,2021-05-31 13:30:00,208.5,208.5,208.5,208.5,150,5475,242.67,207.3,210.8
1384,2021-05-31 13:31:00,208.5,208.5,208.5,208.5,150,5475,242.67,207.3,210.8
1385,2021-05-31 13:32:00,208.5,208.5,208.5,208.5,150,5475,242.67,207.3,210.8
1386,2021-05-31 13:33:00,208.5,208.5,208.5,208.5,150,5475,242.67,207.3,210.8
1387,2021-05-31 13:34:00,208.5,208.5,208.5,208.5,150,5475,242.67,207.3,210.8
1388,2021-05-31 13:35:00,208.5,208.5,208.5,208.5,150,5475,242.67,207.3,210.8
1389,2021-05-31 13:36:00,208.5,208.5,208.5,208.5,150,5475,242.67,207.3,210.8
1390,2021-05-31 13:37:00,208.5,208.5,208.5,208.5,150,5475,242.67,207.3,210.8
1391,2021-05-31 13:38:00,208.5,208.5,208.5,208.5,150,5475,242.67,207.3,210.8
1392,2021-05-31 13:39:00,203.2,203.2,203.2,203.2,75,5475,242.3,202.55,205.75
1393,2021-05-31 13:40:00,203.2,203.2,203.2,203.2,75,5475,242.3,202.55,205.75
1394,2021-05-31 13:41:00,206.0,209.5,206.0,209.5,600,5475,239.94,206.55,209.95
1395,2021-05-31 13:42:00,206.0,209.5,206.0,209.5,600,5475,239.94,206.55,209.95
1396,2021-05-31 13:43:00,206.0,209.5,206.0,209.5,600,5475,239.94,206.55,209.95
1397,2021-05-31 13:44:00,206.0,209.5,206.0,209.5,600,5475,239.94,206.55,209.95
1398,2021-05-31 13:45:00,206.0,209.5,206.0,209.5,600,5475,239.94,206.55,209.95
1399,2021-05-31 13:46:00,206.0,209.5,206.0,209.5,600,5475,239.94,206.55,209.95
1400,2021-05-31 13:47:00,206.0,209.5,206.0,209.5,600,5475,239.94,206.55,209.95
1401,2021-05-31 13:48:00,206.0,209.5,206.0,209.5,600,5475,239.94,206.55,209.95
1402,2021-05-31 13:49:00,206.0,209.5,206.0,209.5,600,5475,239.94,206.55,209.95
1403,2021-05-31 13:50:00,206.0,209.5,206.0,209.5,600,5475,239.94,206.55,209.95
1404,2021-05-31 13:51:00,208.45,208.45,208.45,208.45,75,5550,239.67,207.5,210.4
1405,2021-05-31 13:52:00,208.45,208.45,208.45,208.45,75,5550,239.67,207.5,210.4
1406,2021-05-31 13:53:00,208.45,208.45,208.45,208.45,75,5550,239.67,207.5,210.4
1407,2021-05-31 13:54:00,211.6,211.6,211.0,211.0,975,5325,236.82,208.05,211.65
1408,2021-05-31 13:55:00,211.6,211.6,211.0,211.0,975,5325,236.82,208.05,211.65
1409,2021-05-31 13:56:00,211.6,211.6,211.0,211.0,975,5325,236.82,208.05,211.65
1410,2021-05-31 13:57:00,211.6,211.6,211.0,211.0,975,5325,236.82,208.05,211.65
1411,2021-05-31 13:58:00,211.6,211.6,211.0,211.0,975,5325,236.82,208.05,211.65
1412,2021-05-31 13:59:00,211.6,211.6,211.0,211.0,975,5325,236.82,208.05,211.65
1413,2021-05-31 14:00:00,211.6,211.6,211.0,211.0,975,5325,236.82,208.05,211.65
1414,2021-05-31 14:01:00,211.6,211.6,211.0,211.0,975,5325,236.82,208.05,211.65
1415,2021-05-31 14:02:00,211.6,211.6,211.0,211.0,975,5325,236.82,208.05,211.65
1416,2021-05-31 14:03:00,211.6,211.6,211.0,211.0,975,5325,236.82,208.05,211.65
1417,2021-05-31 14:04:00,211.6,211.6,211.0,211.0,975,5325,236.82,208.05,211.65
1418,2021-05-31 14:05:00,211.6,211.6,211.0,211.0,975,5325,236.82,208.05,211.65
1419,2021-05-31 14:06:00,211.6,211.6,211.0,211.0,975,5325,236.82,208.05,211.65
1420,2021-05-31 14:07:00,196.15,196.15,196.15,196.15,75,5325,236.51,196.9,199.9
1421,2021-05-31 14:08:00,196.1,196.1,194.55,194.55,225,5325,235.58,194.65,197.5
1422,2021-05-31 14:09:00,193.95,193.95,193.95,193.95,75,5100,235.27,193.55,196.55
1423,2021-05-31 14:10:00,193.95,193.95,193.95,193.95,75,5100,235.27,193.55,196.55
1424,2021-05-31 14:11:00,193.95,193.95,193.95,193.95,75,5100,235.27,193.55,196.55
1425,2021-05-31 14:12:00,193.95,193.95,193.95,193.95,75,5100,235.27,193.55,196.55
1426,2021-05-31 14:13:00,201.15,201.15,201.15,201.15,75,5175,235.01,198.55,202.05
1427,2021-05-31 14:14:00,198.0,198.0,198.0,198.0,75,5175,234.74,195.35,198.45
1428,2021-05-31 14:15:00,198.0,198.0,198.0,198.0,75,5175,234.74,195.35,198.45
1429,2021-05-31 14:16:00,198.0,198.0,198.0,198.0,75,5175,234.74,195.35,198.45
1430,2021-05-31 14:17:00,198.0,198.0,198.0,198.0,75,5175,234.74,195.35,198.45
1431,2021-05-31 14:18:00,198.0,198.0,198.0,198.0,75,5175,234.74,195.35,198.45
1432,2021-05-31 14:19:00,198.0,198.0,198.0,198.0,75,5175,234.74,195.35,198.45
1433,2021-05-31 14:20:00,198.0,198.0,198.0,198.0,75,5175,234.74,195.35,198.45
1434,2021-05-31 14:21:00,198.0,198.0,198.0,198.0,75,5175,234.74,195.35,198.45
1435,2021-05-31 14:22:00,198.0,198.0,198.0,198.0,75,5175,234.74,195.35,198.45
1436,2021-05-31 14:23:00,198.0,198.0,198.0,198.0,75,5175,234.74,195.35,198.45
1437,2021-05-31 14:24:00,198.0,198.0,198.0,198.0,75,5175,234.74,195.35,198.45
1438,2021-05-31 14:25:00,198.0,198.0,198.0,198.0,75,5175,234.74,195.35,198.45
1439,2021-05-31 14:26:00,198.0,198.0,198.0,198.0,75,5175,234.74,195.35,198.45
1440,2021-05-31 14:27:00,198.0,198.0,198.0,198.0,75,5175,234.74,195.35,198.45
1441,2021-05-31 14:28:00,198.0,198.0,198.0,198.0,75,5175,234.74,195.35,198.45
1442,2021-05-31 14:29:00,198.0,198.0,198.0,198.0,75,5175,234.74,195.35,198.45
1443,2021-05-31 14:30:00,198.0,198.0,198.0,198.0,75,5175,234.74,195.35,198.45
1444,2021-05-31 14:31:00,198.0,198.0,198.0,198.0,75,5175,234.74,195.35,198.45
1445,2021-05-31 14:32:00,192.0,192.0,192.0,192.0,75,5325,234.43,189.65,193.85
1446,2021-05-31 14:33:00,192.0,192.0,192.0,192.0,75,5325,234.43,189.65,193.85
1447,2021-05-31 14:34:00,195.5,196.0,195.5,196.0,300,5400,233.32,193.0,195.75
1448,2021-05-31 14:35:00,195.8,198.45,195.8,198.0,375,5400,232.1,195.05,197.7
1449,2021-05-31 14:36:00,194.65,197.0,194.65,197.0,300,5400,231.14,191.1,194.1
1450,2021-05-31 14:37:00,194.75,194.75,194.75,194.75,150,6075,230.66,193.1,196.2
1451,2021-05-31 14:38:00,196.15,196.15,195.9,195.9,225,6075,229.99,193.3,196.15
1452,2021-05-31 14:39:00,196.15,196.15,195.9,195.9,225,6075,229.99,193.3,196.15
1453,2021-05-31 14:40:00,196.15,196.15,195.9,195.9,225,6075,229.99,193.3,196.15
1454,2021-05-31 14:41:00,196.15,196.15,195.9,195.9,225,6075,229.99,193.3,196.15
1455,2021-05-31 14:42:00,196.15,196.15,195.9,195.9,225,6075,229.99,193.3,196.15
1456,2021-05-31 14:43:00,196.15,196.15,195.9,195.9,225,6075,229.99,193.3,196.15
1457,2021-05-31 14:44:00,196.15,196.15,195.9,195.9,225,6075,229.99,193.3,196.15
1458,2021-05-31 14:45:00,196.15,196.15,195.9,195.9,225,6075,229.99,193.3,196.15
1459,2021-05-31 14:46:00,197.55,197.55,197.55,197.55,225,6450,229.37,196.95,199.0
1460,2021-05-31 14:47:00,196.75,196.75,196.75,196.75,75,6450,229.17,196.55,197.85
1461,2021-05-31 14:48:00,196.75,196.75,196.75,196.75,75,6450,229.17,196.55,197.85
1462,2021-05-31 14:49:00,196.75,196.75,196.75,196.75,75,6450,229.17,196.55,197.85
1463,2021-05-31 14:50:00,196.75,196.75,196.75,196.75,75,6450,229.17,196.55,197.85
1464,2021-05-31 14:51:00,196.75,196.75,196.75,196.75,75,6450,229.17,196.55,197.85
1465,2021-05-31 14:52:00,196.75,196.75,196.75,196.75,75,6450,229.17,196.55,197.85
1466,2021-05-31 14:53:00,200.0,203.2,200.0,203.2,225,6375,228.66,199.15,202.35
1467,2021-05-31 14:54:00,200.0,203.2,200.0,203.2,225,6375,228.66,199.15,202.35
1468,2021-05-31 14:55:00,202.8,202.8,202.8,202.8,450,6375,227.74,199.05,201.65
1469,2021-05-31 14:56:00,202.8,202.8,202.8,202.8,450,6375,227.74,199.05,201.65
1470,2021-05-31 14:57:00,202.8,202.8,202.8,202.8,75,6375,227.59,200.6,203.4
1471,2021-05-31 14:58:00,202.8,202.8,202.8,202.8,75,6375,227.59,200.6,203.4
1472,2021-05-31 14:59:00,202.8,202.8,202.8,202.8,75,6375,227.59,200.6,203.4
1473,2021-05-31 15:00:00,202.8,202.8,202.8,202.8,75,6375,227.59,200.6,203.4
1474,2021-05-31 15:01:00,195.05,195.05,195.05,195.05,75,6450,227.4,196.45,200.15
1475,2021-05-31 15:02:00,195.05,195.05,195.05,195.05,75,6450,227.4,196.45,200.15
1476,2021-05-31 15:03:00,195.05,195.05,195.05,195.05,75,6450,227.4,196.45,200.15
1477,2021-05-31 15:04:00,195.05,195.05,195.05,195.05,75,6450,227.4,196.45,200.15
1478,2021-05-31 15:05:00,195.05,195.05,195.05,195.05,75,6450,227.4,196.45,200.15
1479,2021-05-31 15:06:00,195.05,195.05,195.05,195.05,75,6450,227.4,196.45,200.15
1480,2021-05-31 15:07:00,195.05,195.05,195.05,195.05,75,6450,227.4,196.45,200.15
1481,2021-05-31 15:08:00,195.05,195.05,195.05,195.05,75,6450,227.4,196.45,200.15
1482,2021-05-31 15:09:00,199.05,199.05,199.05,199.05,75,6375,227.24,197.35,201.2
1483,2021-05-31 15:10:00,199.05,199.05,199.05,199.05,75,6375,227.24,197.35,201.2
1484,2021-05-31 15:11:00,199.05,199.05,199.05,199.05,75,6375,227.24,197.35,201.2
1485,2021-05-31 15:12:00,199.05,199.05,199.05,199.05,75,6375,227.24,197.35,201.2
1486,2021-05-31 15:13:00,199.05,199.05,199.05,199.05,75,6375,227.24,197.35,201.2
1487,2021-05-31 15:14:00,197.7,197.7,197.7,197.7,75,6450,227.06,194.65,197.45
1488,2021-05-31 15:15:00,197.6,197.6,197.6,197.6,75,6450,226.89,193.2,196.45
1489,2021-05-31 15:16:00,197.6,197.6,197.6,197.6,75,6450,226.89,193.2,196.45
1490,2021-05-31 15:17:00,197.6,197.6,197.6,197.6,75,6450,226.89,193.2,196.45
1491,2021-05-31 15:18:00,194.2,194.2,194.2,194.2,75,6600,226.71,194.45,197.5
1492,2021-05-31 15:19:00,194.2,194.2,194.2,194.2,75,6600,226.71,194.45,197.5
1493,2021-05-31 15:20:00,194.2,194.2,194.2,194.2,75,6600,226.71,194.45,197.5
1494,2021-05-31 15:21:00,197.5,197.5,197.3,197.3,300,6675,226.04,195.6,198.8
1495,2021-05-31 15:22:00,197.5,197.5,197.3,197.3,300,6675,226.04,195.6,198.8
1496,2021-05-31 15:23:00,200.4,200.4,200.4,200.4,75,6675,225.9,198.25,200.8
1497,2021-05-31 15:24:00,200.4,200.4,200.4,200.4,75,6675,225.9,198.25,200.8
1498,2021-05-31 15:25:00,200.4,200.4,200.4,200.4,75,6675,225.9,198.25,200.8
1499,2021-05-31 15:26:00,200.4,200.4,200.4,200.4,75,6675,225.9,198.25,200.8
1500,2021-05-31 15:27:00,207.05,207.05,207.05,207.05,750,6675,224.87,201.2,203.85
1501,2021-05-31 15:28:00,204.1,204.1,204.1,204.1,75,6675,224.76,201.7,204.35
1502,2021-05-31 15:29:00,204.1,204.1,204.1,204.1,75,6675,224.76,201.7,204.35
1503,2021-05-31 15:30:00,204.2,204.2,204.2,204.2,75,6675,224.65,195.05,207.95
1504,2021-06-01 09:15:00,152.3,185.45,152.3,182.45,675,7425,180.03,176.7,180.45
1505,2021-06-01 09:16:00,180.4,180.95,178.0,178.0,450,7425,179.97,176.05,180.85
1506,2021-06-01 09:17:00,181.1,185.45,181.1,185.45,225,8325,180.57,181.1,185.25
1507,2021-06-01 09:18:00,185.15,185.15,183.0,183.0,300,8325,181.31,176.85,179.75
1508,2021-06-01 09:19:00,181.3,181.45,178.55,180.0,750,8325,181.04,178.25,181.2
1509,2021-06-01 09:20:00,178.3,179.4,175.0,175.0,1725,8625,179.74,176.05,178.45
1510,2021-06-01 09:21:00,172.7,172.7,171.6,171.6,375,8625,179.11,169.85,172.0
1511,2021-06-01 09:22:00,170.55,170.55,167.5,167.55,600,8625,177.97,164.7,166.75
1512,2021-06-01 09:23:00,165.0,165.85,165.0,165.65,375,8550,177.11,163.6,165.45
1513,2021-06-01 09:24:00,165.75,165.75,164.0,164.0,1200,8550,174.88,163.1,163.95
1514,2021-06-01 09:25:00,163.1,165.0,159.75,159.75,2925,8550,171.15,160.1,162.9
1515,2021-06-01 09:26:00,160.3,165.95,160.3,163.0,2025,10650,169.85,161.45,163.15
1516,2021-06-01 09:27:00,161.4,162.85,160.5,160.5,3750,10650,167.85,160.35,161.2
1517,2021-06-01 09:28:00,161.5,161.85,161.0,161.85,450,10650,167.67,161.45,162.3
1518,2021-06-01 09:29:00,162.5,164.8,162.0,162.3,1050,13500,167.38,162.7,163.5
1519,2021-06-01 09:30:00,162.7,162.85,160.0,162.75,3150,13500,166.36,162.5,163.3
1520,2021-06-01 09:31:00,164.65,165.0,160.75,161.5,2025,13500,166.0,162.55,163.3
1521,2021-06-01 09:32:00,163.6,163.6,161.0,162.85,750,16200,165.88,161.6,162.35
1522,2021-06-01 09:33:00,161.6,161.6,157.0,157.0,2175,16200,165.29,156.85,157.4
1523,2021-06-01 09:34:00,158.15,159.85,157.65,159.05,1800,16200,164.87,159.35,160.05
1524,2021-06-01 09:35:00,160.6,160.6,159.0,159.0,525,17850,164.76,158.85,159.6
1525,2021-06-01 09:36:00,159.25,161.2,158.75,161.0,750,17850,164.62,159.4,160.4
1526,2021-06-01 09:37:00,160.0,160.0,159.0,160.0,600,17850,164.51,159.05,159.8
1527,2021-06-01 09:38:00,160.0,161.75,160.0,160.45,1575,17925,164.3,161.0,161.9
1528,2021-06-01 09:39:00,160.8,161.45,160.4,161.0,600,17925,164.23,160.8,161.35
1529,2021-06-01 09:40:00,161.05,161.55,159.05,159.05,1275,17925,164.1,159.05,159.75
1530,2021-06-01 09:41:00,159.0,159.0,155.35,155.35,525,19725,164.0,156.5,157.45
1531,2021-06-01 09:42:00,157.2,158.25,157.0,157.5,450,19725,163.91,157.0,157.7
1532,2021-06-01 09:43:00,157.0,160.25,157.0,158.4,750,19725,163.8,158.6,159.3
1533,2021-06-01 09:44:00,158.4,160.0,158.4,159.8,675,20325,163.71,159.0,159.65
1534,2021-06-01 09:45:00,159.75,159.75,159.7,159.7,225,20325,163.68,159.8,160.65
1535,2021-06-01 09:46:00,160.6,165.1,159.25,165.1,1050,20325,163.67,164.2,165.05
1536,2021-06-01 09:47:00,165.05,165.05,162.9,163.0,1125,21225,163.67,162.0,162.8
1537,2021-06-01 09:48:00,162.8,165.0,162.8,163.2,2100,21225,163.67,162.65,163.4
1538,2021-06-01 09:49:00,163.9,165.0,163.9,165.0,450,21225,163.68,165.35,166.05
1539,2021-06-01 09:50:00,165.25,165.25,164.15,165.2,1425,20850,163.73,165.5,166.25
1540,2021-06-01 09:51:00,165.7,166.0,163.0,166.0,525,20850,163.74,165.05,165.75
1541,2021-06-01 09:52:00,166.0,166.0,165.6,165.6,225,20850,163.75,165.45,166.0
1542,2021-06-01 09:53:00,165.6,168.25,165.6,168.25,1050,20250,163.83,167.95,168.75
1543,2021-06-01 09:54:00,168.25,169.65,168.25,169.2,1125,20250,163.96,169.2,169.75
1544,2021-06-01 09:55:00,168.4,168.9,164.0,164.0,1050,20250,164.03,163.55,164.2
1545,2021-06-01 09:56:00,164.0,166.05,163.7,164.6,2925,20100,164.09,163.7,164.5
1546,2021-06-01 09:57:00,164.6,166.7,163.85,166.7,1950,20100,164.16,165.8,166.65
1547,2021-06-01 09:58:00,168.0,169.0,168.0,169.0,225,20100,164.18,168.65,169.9
1548,2021-06-01 09:59:00,168.75,173.0,168.75,173.0,3975,19125,164.78,173.0,173.85
1549,2021-06-01 10:00:00,169.65,170.6,167.8,167.8,1200,19125,164.88,167.05,167.95
1550,2021-06-01 10:01:00,167.9,168.05,166.7,167.0,2475,19125,164.99,166.25,167.5
1551,2021-06-01 10:02:00,166.9,166.9,166.9,166.9,150,19125,164.99,167.4,168.0
1552,2021-06-01 10:03:00,168.0,171.4,168.0,171.4,2700,18675,165.16,173.05,174.1
1553,2021-06-01 10:04:00,175.0,178.25,174.0,175.35,1500,18675,165.42,176.5,177.5
1554,2021-06-01 10:05:00,177.1,177.1,172.05,172.05,525,17175,165.49,172.65,173.65
1555,2021-06-01 10:06:00,171.0,171.0,168.35,168.75,675,17175,165.53,168.55,169.0
1556,2021-06-01 10:07:00,170.75,175.0,170.75,175.0,1425,17175,165.67,173.55,174.15
1557,2021-06-01 10:08:00,173.25,173.25,173.0,173.0,600,18600,165.74,172.55,173.55
1558,2021-06-01 10:09:00,173.0,173.0,173.0,173.0,75,18600,165.75,174.55,175.4
1559,2021-06-01 10:10:00,175.4,176.0,175.4,176.0,225,18600,165.78,174.4,175.25
1560,2021-06-01 10:11:00,176.65,179.45,176.2,179.05,1200,17850,166.01,176.7,177.55
1561,2021-06-01 10:12:00,176.0,176.05,175.0,175.0,1275,17850,166.2,173.9,174.85
1562,2021-06-01 10:13:00,175.0,178.55,173.9,178.55,375,17850,166.25,177.85,179.4
1563,2021-06-01 10:14:00,178.45,178.45,178.0,178.0,150,18525,166.27,179.35,180.5
1564,2021-06-01 10:15:00,180.0,186.1,180.0,185.1,1500,18525,166.65,182.1,183.7
1565,2021-06-01 10:16:00,184.5,187.2,183.7,185.6,3075,18525,167.43,184.8,186.0
1566,2021-06-01 10:17:00,183.7,184.1,183.35,184.1,1500,18525,167.76,186.0,186.8
1567,2021-06-01 10:18:00,186.75,192.7,186.75,192.35,1350,19350,168.17,191.25,192.9
1568,2021-06-01 10:19:00,194.4,194.4,189.0,189.4,2475,19350,168.92,189.45,191.05
1569,2021-06-01 10:20:00,191.5,197.4,191.5,195.25,1800,19500,169.52,194.6,195.15
1570,2021-06-01 10:21:00,195.2,204.6,194.0,200.8,2925,19500,170.51,200.55,202.75
1571,2021-06-01 10:22:00,203.05,207.2,203.05,205.6,2700,19500,171.6,205.95,206.95
1572,2021-06-01 10:23:00,207.95,207.95,197.0,197.0,900,18600,171.9,196.55,197.6
1573,2021-06-01 10:24:00,196.85,198.55,195.4,195.8,1125,18600,172.21,194.15,195.4
1574,2021-06-01 10:25:00,196.0,200.0,196.0,199.0,525,18600,172.36,197.45,199.0
1575,2021-06-01 10:26:00,196.95,196.95,190.6,190.6,525,18375,172.49,189.9,191.35
1576,2021-06-01 10:27:00,189.0,189.0,184.4,184.4,900,18375,172.63,183.4,185.0
1577,2021-06-01 10:28:00,185.0,186.2,184.0,184.0,600,18375,172.71,183.05,184.9
1578,2021-06-01 10:29:00,184.3,185.95,184.3,185.95,300,18600,172.75,185.4,187.5
1579,2021-06-01 10:30:00,186.8,186.8,182.45,182.45,375,18600,172.79,183.95,186.05
1580,2021-06-01 10:31:00,187.6,187.6,187.6,187.6,75,18600,172.8,190.8,192.25
1581,2021-06-01 10:32:00,190.3,192.05,190.3,192.05,375,18825,172.88,187.95,189.7
1582,2021-06-01 10:33:00,189.0,189.0,185.9,185.9,825,18825,173.02,187.2,189.05
1583,2021-06-01 10:34:00,188.0,188.0,188.0,188.0,300,18825,173.07,186.85,188.65
1584,2021-06-01 10:35:00,185.0,185.0,180.1,180.1,1575,19050,173.22,178.95,179.9
1585,2021-06-01 10:36:00,179.9,179.9,179.9,179.9,75,19050,173.23,184.35,185.35
1586,2021-06-01 10:37:00,186.1,186.1,186.1,186.1,75,19050,173.24,185.7,186.7
1587,2021-06-01 10:38:00,186.1,186.1,186.1,186.1,225,19425,173.27,183.75,184.7
1588,2021-06-01 10:39:00,190.25,190.25,190.0,190.0,225,19425,173.31,189.0,190.05
1589,2021-06-01 10:40:00,192.4,193.1,192.4,193.1,150,19425,173.34,192.95,193.95
1590,2021-06-01 10:41:00,193.45,196.25,193.35,193.35,375,19425,173.42,191.75,193.25
1591,2021-06-01 10:42:00,193.85,194.0,193.85,194.0,825,19350,173.6,193.15,194.7
1592,2021-06-01 10:43:00,193.85,194.0,193.85,194.0,825,19350,173.6,193.15,194.7
1593,2021-06-01 10:44:00,194.5,194.5,194.5,194.5,75,18975,173.61,192.75,193.7
1594,2021-06-01 10:45:00,192.65,197.4,192.65,194.75,675,18975,173.76,194.05,195.3
1595,2021-06-01 10:46:00,194.35,194.6,187.8,187.8,450,18975,173.85,185.6,187.85
1596,2021-06-01 10:47:00,187.5,187.5,182.6,182.6,750,18675,173.93,182.95,184.95
1597,2021-06-01 10:48:00,187.5,187.5,182.6,182.6,750,18675,173.93,182.95,184.95
1598,2021-06-01 10:49:00,184.35,184.35,184.35,184.35,75,18675,173.94,186.65,188.1
1599,2021-06-01 10:50:00,184.95,186.95,184.45,186.95,225,18675,173.97,184.5,186.3
1600,2021-06-01 10:51:00,186.75,186.75,186.75,186.75,150,18825,173.99,189.45,191.25
1601,2021-06-01 10:52:00,187.3,187.3,187.3,187.3,75,18825,174.0,188.95,190.5
1602,2021-06-01 10:53:00,190.75,192.55,190.75,192.55,150,19050,174.02,191.45,193.25
1603,2021-06-01 10:54:00,190.75,192.55,190.75,192.55,150,19050,174.02,191.45,193.25
1604,2021-06-01 10:55:00,190.0,190.0,190.0,190.0,75,19050,174.04,191.15,192.0
1605,2021-06-01 10:56:00,192.0,193.1,188.85,188.85,300,19050,174.09,187.75,188.75
1606,2021-06-01 10:57:00,187.55,189.15,187.55,189.15,300,19050,174.13,189.35,190.35
1607,2021-06-01 10:58:00,187.55,189.15,187.55,189.15,300,19050,174.13,189.35,190.35
1608,2021-06-01 10:59:00,187.55,189.15,187.55,189.15,300,19050,174.13,189.35,190.35
1609,2021-06-01 11:00:00,189.4,189.9,189.0,189.0,225,19350,174.16,188.6,189.6
1610,2021-06-01 11:01:00,189.4,189.9,189.0,189.0,225,19350,174.16,188.6,189.6
1611,2021-06-01 11:02:00,189.4,189.9,189.0,189.0,225,19350,174.16,188.6,189.6
1612,2021-06-01 11:03:00,189.4,189.9,189.0,189.0,225,19350,174.16,188.6,189.6
1613,2021-06-01 11:04:00,190.4,190.5,189.75,190.5,225,19500,174.2,190.35,191.3
1614,2021-06-01 11:05:00,190.4,190.5,189.75,190.5,225,19500,174.2,190.35,191.3
1615,2021-06-01 11:06:00,193.0,193.0,193.0,193.0,75,19425,174.21,190.75,191.7
1616,2021-06-01 11:07:00,193.0,193.0,193.0,193.0,75,19425,174.21,190.75,191.7
1617,2021-06-01 11:08:00,194.5,194.5,194.5,194.5,225,19425,174.26,197.1,198.05
1618,2021-06-01 11:09:00,197.5,197.5,197.5,197.5,75,19350,174.28,197.45,198.4
1619,2021-06-01 11:10:00,199.6,200.4,196.5,196.5,375,19350,174.37,197.3,198.6
1620,2021-06-01 11:11:00,199.7,199.7,199.7,199.7,75,19350,174.39,199.3,200.95
1621,2021-06-01 11:12:00,201.0,202.65,201.0,202.65,300,19500,174.47,199.75,200.75
1622,2021-06-01 11:13:00,204.1,205.0,203.2,203.2,450,19500,174.6,203.9,204.95
1623,2021-06-01 11:14:00,202.35,202.6,202.1,202.1,300,19725,174.68,200.0,200.75
1624,2021-06-01 11:15:00,200.0,203.0,199.3,201.85,375,19725,174.78,196.4,198.2
1625,2021-06-01 11:16:00,195.0,195.0,192.25,193.4,525,19725,174.87,193.5,194.3
1626,2021-06-01 11:17:00,195.0,195.0,192.25,193.4,525,19725,174.87,193.5,194.3
1627,2021-06-01 11:18:00,195.0,195.0,192.25,193.4,525,19725,174.87,193.5,194.3
1628,2021-06-01 11:19:00,195.0,195.0,192.25,193.4,525,19725,174.87,193.5,194.3
1629,2021-06-01 11:20:00,198.95,198.95,197.45,197.45,150,19875,174.91,197.05,198.05
1630,2021-06-01 11:21:00,198.95,198.95,197.45,197.45,150,19875,174.91,197.05,198.05
1631,2021-06-01 11:22:00,199.3,199.3,199.3,199.3,150,19875,174.94,197.9,198.85
1632,2021-06-01 11:23:00,199.3,199.3,199.3,199.3,150,19875,174.94,197.9,198.85
1633,2021-06-01 11:24:00,196.65,196.65,196.65,196.65,150,20025,174.97,195.8,196.8
1634,2021-06-01 11:25:00,193.5,193.5,193.5,193.5,225,20025,175.01,192.7,193.7
1635,2021-06-01 11:26:00,193.5,193.5,193.5,193.5,225,20025,175.01,192.7,193.7
1636,2021-06-01 11:27:00,193.5,193.5,193.5,193.5,225,20025,175.01,192.7,193.7
1637,2021-06-01 11:28:00,193.5,193.5,193.5,193.5,225,20025,175.01,192.7,193.7
1638,2021-06-01 11:29:00,193.5,193.5,193.5,193.5,225,20025,175.01,192.7,193.7
1639,2021-06-01 11:30:00,188.0,188.0,188.0,188.0,150,20025,175.03,188.6,189.65
1640,2021-06-01 11:31:00,189.65,189.65,189.65,189.65,75,20025,175.04,192.65,194.1
1641,2021-06-01 11:32:00,189.65,189.65,189.65,189.65,75,20025,175.04,192.65,194.1
1642,2021-06-01 11:33:00,189.65,189.65,189.65,189.65,75,20025,175.04,192.65,194.1
1643,2021-06-01 11:34:00,195.85,195.9,195.85,195.9,225,20100,175.09,196.35,197.45
1644,2021-06-01 11:35:00,195.85,195.9,195.85,195.9,225,20100,175.09,196.35,197.45
1645,2021-06-01 11:36:00,196.1,199.0,196.1,199.0,225,20325,175.14,198.85,199.85
1646,2021-06-01 11:37:00,196.1,199.0,196.1,199.0,225,20325,175.14,198.85,199.85
1647,2021-06-01 11:38:00,201.35,201.35,201.35,201.35,75,20325,175.16,202.45,203.35
1648,2021-06-01 11:39:00,204.65,211.35,204.65,210.0,1800,20325,175.7,209.1,210.8
1649,2021-06-01 11:40:00,207.15,207.8,204.75,204.75,525,20325,175.85,205.0,205.95
1650,2021-06-01 11:41:00,204.4,205.45,202.15,205.45,600,20325,176.0,206.7,207.85
1651,2021-06-01 11:42:00,206.4,206.4,205.55,205.55,375,19350,176.11,203.0,204.85
1652,2021-06-01 11:43:00,204.0,208.45,204.0,208.45,600,19350,176.28,207.65,208.8
1653,2021-06-01 11:44:00,208.45,208.45,207.0,207.25,375,19350,176.38,207.45,208.9
1654,2021-06-01 11:45:00,209.05,209.05,205.85,205.85,225,20025,176.45,206.95,208.1
1655,2021-06-01 11:46:00,208.6,213.55,208.45,212.0,1275,20025,176.85,212.05,212.95
1656,2021-06-01 11:47:00,213.0,215.0,212.0,212.0,1275,20025,177.27,209.25,211.1
1657,2021-06-01 11:48:00,213.0,213.5,209.55,209.55,675,21525,177.48,209.35,211.95
1658,2021-06-01 11:49:00,208.05,208.05,208.05,208.05,225,21525,177.54,210.7,212.45
1659,2021-06-01 11:50:00,208.05,208.05,208.05,208.05,225,21525,177.54,210.7,212.45
1660,2021-06-01 11:51:00,210.1,210.1,209.15,209.15,150,21225,177.58,208.75,209.95
1661,2021-06-01 11:52:00,207.7,207.7,207.7,207.7,150,21225,177.62,207.05,209.35
1662,2021-06-01 11:53:00,207.7,207.7,207.2,207.2,150,21225,177.66,203.8,205.85
1663,2021-06-01 11:54:00,202.0,202.0,202.0,202.0,225,21225,177.71,201.05,203.2
1664,2021-06-01 11:55:00,201.0,201.0,199.15,199.15,225,21225,177.76,199.45,201.35
1665,2021-06-01 11:56:00,200.0,200.0,200.0,200.0,75,21225,177.77,200.65,202.9
1666,2021-06-01 11:57:00,204.8,204.8,204.8,204.8,75,21000,177.79,203.85,205.95
1667,2021-06-01 11:58:00,203.85,203.85,203.85,203.85,75,21000,177.81,203.1,205.2
1668,2021-06-01 11:59:00,203.85,203.85,203.85,203.85,75,21000,177.81,203.1,205.2
1669,2021-06-01 12:00:00,203.85,203.85,203.85,203.85,75,21000,177.81,203.1,205.2
1670,2021-06-01 12:01:00,204.2,204.2,204.2,204.2,75,20700,177.82,205.85,207.9
1671,2021-06-01 12:02:00,207.7,207.7,207.7,207.7,75,20700,177.84,206.35,207.6
1672,2021-06-01 12:03:00,202.9,202.9,201.25,202.1,225,20700,177.89,202.3,204.3
1673,2021-06-01 12:04:00,202.9,202.9,201.25,202.1,225,20700,177.89,202.3,204.3
1674,2021-06-01 12:05:00,198.2,198.2,195.0,195.0,1125,20700,178.08,193.6,195.3
1675,2021-06-01 12:06:00,195.0,197.6,195.0,197.6,525,21075,178.17,194.45,195.5
1676,2021-06-01 12:07:00,193.0,196.3,193.0,196.3,300,21075,178.21,195.5,196.6
1677,2021-06-01 12:08:00,193.4,195.6,193.4,195.6,150,21075,178.23,194.45,195.45
1678,2021-06-01 12:09:00,196.0,196.0,196.0,196.0,75,21450,178.24,195.6,197.55
1679,2021-06-01 12:10:00,196.0,196.2,194.35,194.35,225,21450,178.28,192.95,194.7
1680,2021-06-01 12:11:00,193.3,193.3,193.3,193.3,150,21450,178.3,192.25,193.4
1681,2021-06-01 12:12:00,193.05,193.05,193.05,193.05,75,21525,178.3,193.0,194.45
1682,2021-06-01 12:13:00,194.6,194.6,189.4,189.6,1050,21525,178.43,188.6,190.45
1683,2021-06-01 12:14:00,189.65,189.65,189.65,189.65,75,21525,178.44,189.55,191.5
1684,2021-06-01 12:15:00,189.65,189.65,189.65,189.65,75,21525,178.44,189.55,191.5
1685,2021-06-01 12:16:00,190.45,190.45,187.9,187.9,375,22500,178.48,188.5,190.5
1686,2021-06-01 12:17:00,187.15,187.15,187.0,187.0,150,22500,178.49,185.75,187.7
1687,2021-06-01 12:18:00,187.0,188.65,185.55,185.55,225,22800,178.5,184.8,186.75
1688,2021-06-01 12:19:00,185.55,185.55,183.6,183.6,150,22800,178.51,185.55,187.65
1689,2021-06-01 12:20:00,185.55,185.55,183.6,183.6,150,22800,178.51,185.55,187.65
1690,2021-06-01 12:21:00,191.0,191.0,191.0,191.0,75,22875,178.52,192.6,194.25
1691,2021-06-01 12:22:00,194.0,194.0,194.0,194.0,150,22875,178.54,194.35,196.0
1692,2021-06-01 12:23:00,196.0,196.0,193.95,195.4,225,22875,178.57,194.5,196.0
1693,2021-06-01 12:24:00,196.0,196.0,196.0,196.0,75,22725,178.58,194.2,196.0
1694,2021-06-01 12:25:00,196.0,196.0,196.0,196.0,225,22725,178.61,196.2,198.15
1695,2021-06-01 12:26:00,193.5,193.7,191.75,191.75,525,22725,178.68,193.75,195.75
1696,2021-06-01 12:27:00,193.5,193.7,191.75,191.75,525,22725,178.68,193.75,195.75
1697,2021-06-01 12:28:00,193.5,193.7,191.75,191.75,525,22725,178.68,193.75,195.75
1698,2021-06-01 12:29:00,196.75,200.0,196.75,200.0,675,22500,178.78,199.3,201.25
1699,2021-06-01 12:30:00,198.0,198.0,198.0,198.0,75,22950,178.79,195.55,197.25
1700,2021-06-01 12:31:00,195.0,195.0,195.0,195.0,75,22950,178.8,193.55,195.15
1701,2021-06-01 12:32:00,195.0,195.0,195.0,195.0,75,22950,178.8,193.55,195.15
1702,2021-06-01 12:33:00,191.7,191.7,191.7,191.7,75,23025,178.81,189.1,190.95
1703,2021-06-01 12:34:00,186.25,186.25,186.25,186.25,75,23025,178.82,188.0,190.0
1704,2021-06-01 12:35:00,186.6,186.6,186.6,186.6,300,23025,178.84,183.75,185.85
1705,2021-06-01 12:36:00,184.35,184.35,184.35,184.35,75,23025,178.84,186.3,188.2
1706,2021-06-01 12:37:00,184.35,184.35,184.35,184.35,75,23025,178.84,186.3,188.2
1707,2021-06-01 12:38:00,184.35,184.35,184.35,184.35,75,23025,178.84,186.3,188.2
1708,2021-06-01 12:39:00,184.35,184.35,184.35,184.35,75,23025,178.84,186.3,188.2
1709,2021-06-01 12:40:00,185.75,185.75,185.75,185.75,75,23400,178.84,184.15,185.75
1710,2021-06-01 12:41:00,185.75,185.75,185.75,185.75,75,23400,178.84,184.15,185.75
1711,2021-06-01 12:42:00,188.1,188.1,188.1,188.1,150,23400,178.86,188.5,190.2
1712,2021-06-01 12:43:00,190.0,190.0,190.0,190.0,150,23325,178.87,189.4,191.1
1713,2021-06-01 12:44:00,190.0,190.0,190.0,190.0,150,23325,178.87,189.4,191.1
1714,2021-06-01 12:45:00,190.0,190.0,190.0,190.0,75,23325,178.88,187.15,189.1
1715,2021-06-01 12:46:00,190.0,190.0,190.0,190.0,75,23325,178.88,187.15,189.1
1716,2021-06-01 12:47:00,190.0,190.0,190.0,190.0,75,23325,178.88,187.15,189.1
1717,2021-06-01 12:48:00,188.7,188.7,188.7,188.7,75,23400,178.88,188.25,189.95
1718,2021-06-01 12:49:00,188.7,188.7,188.7,188.7,75,23400,178.88,188.25,189.95
1719,2021-06-01 12:50:00,182.35,182.35,182.35,182.35,75,23400,178.88,183.2,185.1
1720,2021-06-01 12:51:00,182.8,185.75,182.8,185.75,225,23400,178.89,183.6,185.2
1721,2021-06-01 12:52:00,183.45,184.75,183.45,184.75,375,23400,178.91,185.4,187.25
1722,2021-06-01 12:53:00,183.45,184.75,183.45,184.75,375,23400,178.91,185.4,187.25
1723,2021-06-01 12:54:00,183.45,184.75,183.45,184.75,375,23400,178.91,185.4,187.25
1724,2021-06-01 12:55:00,184.75,184.75,184.75,184.75,150,23625,178.92,182.85,184.95
1725,2021-06-01 12:56:00,184.75,184.75,184.75,184.75,150,23625,178.92,182.85,184.95
1726,2021-06-01 12:57:00,182.0,182.0,182.0,182.0,75,23700,178.92,181.35,183.4
1727,2021-06-01 12:58:00,183.1,183.1,183.1,183.1,75,23700,178.92,183.7,185.55
1728,2021-06-01 12:59:00,183.1,183.1,183.1,183.1,75,23700,178.93,181.75,183.65
1729,2021-06-01 13:00:00,183.1,183.1,183.1,183.1,75,23700,178.93,181.75,183.65
1730,2021-06-01 13:01:00,183.1,183.1,183.1,183.1,75,23700,178.93,181.75,183.65
1731,2021-06-01 13:02:00,183.95,184.0,183.95,184.0,375,23925,178.94,183.1,184.15
1732,2021-06-01 13:03:00,185.0,185.2,185.0,185.2,150,24000,178.95,184.1,185.1
1733,2021-06-01 13:04:00,184.0,184.0,183.45,183.8,675,24000,178.98,184.7,185.7
1734,2021-06-01 13:05:00,188.45,188.45,188.45,188.45,75,24000,178.98,188.0,189.95
1735,2021-06-01 13:06:00,189.0,190.0,189.0,190.0,225,24000,179.0,188.65,189.7
1736,2021-06-01 13:07:00,187.5,187.5,186.5,186.5,150,24375,179.01,183.95,185.15
1737,2021-06-01 13:08:00,187.55,187.55,187.55,187.55,75,24375,179.01,186.5,187.55
1738,2021-06-01 13:09:00,187.55,187.55,187.55,187.55,75,24375,179.01,186.5,187.55
1739,2021-06-01 13:10:00,187.55,187.55,187.55,187.55,75,24375,179.01,186.5,187.55
1740,2021-06-01 13:11:00,187.55,187.55,187.55,187.55,75,24375,179.01,186.5,187.55
1741,2021-06-01 13:12:00,187.55,187.55,187.55,187.55,75,24375,179.01,186.5,187.55
1742,2021-06-01 13:13:00,183.0,183.0,182.65,182.65,1125,24600,179.05,182.45,183.45
1743,2021-06-01 13:14:00,181.45,181.45,181.45,181.45,150,24600,179.05,182.65,183.65
1744,2021-06-01 13:15:00,181.45,181.45,181.45,181.45,150,24600,179.05,182.65,183.65
1745,2021-06-01 13:16:00,181.45,181.45,181.45,181.45,150,24600,179.05,182.65,183.65
1746,2021-06-01 13:17:00,183.0,183.3,183.0,183.3,1200,25575,179.09,182.65,183.6
1747,2021-06-01 13:18:00,182.4,183.95,182.4,183.95,825,26550,179.12,182.85,183.8
1748,2021-06-01 13:19:00,185.0,185.0,183.0,183.0,375,26550,179.13,182.05,183.0
1749,2021-06-01 13:20:00,174.7,174.7,174.7,174.7,1275,26550,179.11,175.75,177.2
1750,2021-06-01 13:21:00,171.0,171.25,169.55,171.25,450,26550,179.08,173.05,174.05
1751,2021-06-01 13:22:00,172.4,172.4,171.55,171.85,6975,26550,178.75,171.1,171.9
1752,2021-06-01 13:23:00,171.8,171.8,170.7,171.25,450,26550,178.73,169.7,170.65
1753,2021-06-01 13:24:00,169.1,169.1,167.3,167.3,2325,34050,178.57,167.35,168.3
1754,2021-06-01 13:25:00,168.5,171.25,168.5,169.1,825,34050,178.52,168.85,170.05
1755,2021-06-01 13:26:00,168.4,168.7,168.0,168.15,300,34050,178.5,166.55,168.05
1756,2021-06-01 13:27:00,167.6,168.7,167.6,168.7,150,34725,178.49,171.2,171.85
1757,2021-06-01 13:28:00,171.3,171.4,170.45,170.95,600,34725,178.46,171.5,172.4
1758,2021-06-01 13:29:00,171.3,171.4,170.45,170.95,600,34725,178.46,171.5,172.4
1759,2021-06-01 13:30:00,170.0,170.0,168.0,168.05,375,35625,178.43,168.75,169.55
1760,2021-06-01 13:31:00,170.0,170.0,168.0,168.05,375,35625,178.43,168.75,169.55
1761,2021-06-01 13:32:00,170.65,170.65,170.65,170.65,75,35625,178.43,169.5,170.55
1762,2021-06-01 13:33:00,171.0,172.6,171.0,172.6,375,35625,178.41,172.3,173.3
1763,2021-06-01 13:34:00,172.5,172.5,171.5,171.5,225,35625,178.4,171.85,172.85
1764,2021-06-01 13:35:00,172.5,172.5,171.5,171.5,225,35625,178.4,171.85,172.85
1765,2021-06-01 13:36:00,171.5,171.5,170.2,170.2,225,33975,178.38,170.7,171.6
1766,2021-06-01 13:37:00,171.2,171.2,171.2,171.2,750,33975,178.35,171.2,172.2
1767,2021-06-01 13:38:00,170.3,170.3,170.0,170.0,300,33975,178.33,170.9,171.7
1768,2021-06-01 13:39:00,170.3,170.3,170.0,170.0,300,33975,178.33,170.9,171.7
1769,2021-06-01 13:40:00,172.0,172.0,170.8,170.8,825,34425,178.29,170.6,171.5
1770,2021-06-01 13:41:00,172.0,172.0,170.8,170.8,825,34425,178.29,170.6,171.5
1771,2021-06-01 13:42:00,170.0,170.0,170.0,170.0,75,34425,178.29,169.35,170.25
1772,2021-06-01 13:43:00,170.0,170.0,170.0,170.0,75,34425,178.29,169.35,170.25
1773,2021-06-01 13:44:00,168.55,168.55,168.55,168.55,75,34350,178.28,167.9,168.85
1774,2021-06-01 13:45:00,166.9,167.45,166.7,167.45,375,34350,178.25,169.05,170.0
1775,2021-06-01 13:46:00,166.9,167.45,166.7,167.45,375,34350,178.25,169.05,170.0
1776,2021-06-01 13:47:00,166.9,167.45,166.7,167.45,375,34350,178.25,169.05,170.0
1777,2021-06-01 13:48:00,166.0,166.0,164.95,164.95,150,34500,178.24,164.8,165.75
1778,2021-06-01 13:49:00,164.75,166.0,164.75,166.0,675,34500,178.18,165.3,166.0
1779,2021-06-01 13:50:00,164.95,166.3,164.95,166.3,225,34500,178.16,165.0,165.6
1780,2021-06-01 13:51:00,165.0,165.0,164.0,164.0,150,33900,178.15,164.0,164.25
1781,2021-06-01 13:52:00,164.0,164.0,157.6,159.1,1500,33900,177.98,158.65,159.55
1782,2021-06-01 13:53:00,159.2,159.2,159.2,159.2,75,33900,177.97,159.45,160.4
1783,2021-06-01 13:54:00,156.95,156.95,156.35,156.75,450,34275,177.9,156.15,157.05
1784,2021-06-01 13:55:00,156.0,156.0,156.0,156.0,150,34275,177.88,155.85,156.5
1785,2021-06-01 13:56:00,157.0,158.25,157.0,158.25,525,34275,177.81,158.15,158.65
1786,2021-06-01 13:57:00,158.3,159.4,158.3,159.4,225,34575,177.78,160.25,160.95
1787,2021-06-01 13:58:00,160.65,161.9,160.65,161.9,300,34575,177.75,162.4,163.05
1788,2021-06-01 13:59:00,163.5,167.1,163.5,167.1,675,34575,177.69,167.1,167.9
1789,2021-06-01 14:00:00,170.2,182.8,169.35,179.35,3900,34575,177.7,179.0,179.9
1790,2021-06-01 14:01:00,179.9,180.6,178.0,178.0,1500,34575,177.72,178.85,179.75
1791,2021-06-01 14:02:00,180.0,192.0,180.0,184.1,6825,34575,178.07,183.2,184.45
1792,2021-06-01 14:03:00,187.4,187.85,187.4,187.85,3150,31200,178.26,185.85,187.3
1793,2021-06-01 14:04:00,190.2,197.55,190.2,197.55,2550,31200,178.5,195.5,197.6
1794,2021-06-01 14:05:00,200.0,200.0,191.15,191.15,1725,31200,178.66,188.9,190.15
1795,2021-06-01 14:06:00,190.0,190.0,190.0,190.0,75,31200,178.66,183.2,184.7
1796,2021-06-01 14:07:00,186.5,191.0,186.5,191.0,2475,30450,178.82,192.0,193.65
1797,2021-06-01 14:08:00,193.2,193.2,189.4,190.9,525,30450,178.86,190.9,192.75
1798,2021-06-01 14:09:00,190.95,190.95,190.95,190.95,300,30450,178.88,192.3,193.6
1799,2021-06-01 14:10:00,190.8,190.8,189.15,189.15,150,29925,178.89,189.1,190.45
1800,2021-06-01 14:11:00,189.1,189.1,189.1,189.1,75,29925,178.89,186.2,187.65
1801,2021-06-01 14:12:00,187.6,187.6,187.6,187.6,450,29925,178.92,183.65,185.35
1802,2021-06-01 14:13:00,187.2,187.2,187.2,187.2,75,29775,178.92,184.9,186.8
1803,2021-06-01 14:14:00,187.2,187.2,187.2,187.2,150,29775,178.93,188.65,189.95
1804,2021-06-01 14:15:00,186.0,186.0,186.0,186.0,75,29775,178.93,181.1,182.6
1805,2021-06-01 14:16:00,186.0,186.0,186.0,186.0,75,29775,178.93,181.1,182.6
1806,2021-06-01 14:17:00,186.0,186.0,186.0,186.0,75,29775,178.93,181.1,182.6
1807,2021-06-01 14:18:00,184.55,184.55,184.55,184.55,75,29775,178.93,182.85,184.55
1808,2021-06-01 14:19:00,183.0,183.0,183.0,183.0,75,0,178.94,185.55,187.35
1809,2021-06-01 14:20:00,190.0,190.0,190.0,190.0,75,29775,178.94,187.95,189.55
1810,2021-06-01 14:21:00,189.65,189.65,189.65,189.65,75,29775,178.94,188.05,189.55
1811,2021-06-01 14:22:00,189.65,189.65,189.65,189.65,75,29775,178.94,188.05,189.55
1812,2021-06-01 14:23:00,183.75,183.75,176.4,178.2,1275,29775,178.94,176.05,178.0
1813,2021-06-01 14:24:00,178.0,178.0,176.5,176.5,750,29775,178.93,175.6,177.05
1814,2021-06-01 14:25:00,177.6,177.6,175.15,175.15,600,29625,178.92,172.55,174.0
1815,2021-06-01 14:26:00,173.75,174.85,173.35,174.55,375,29625,178.91,175.2,176.15
1816,2021-06-01 14:27:00,175.6,175.6,175.6,175.6,150,29625,178.91,173.4,174.05
1817,2021-06-01 14:28:00,173.4,175.7,173.4,175.7,150,29850,178.91,174.05,175.0
1818,2021-06-01 14:29:00,173.0,173.0,172.8,172.8,150,29850,178.9,173.8,174.8
1819,2021-06-01 14:30:00,172.2,172.2,170.0,170.0,525,29850,178.88,169.0,170.0
1820,2021-06-01 14:31:00,170.7,170.7,170.7,170.7,150,30450,178.87,171.45,172.3
1821,2021-06-01 14:32:00,170.7,170.7,170.7,170.7,150,30450,178.87,171.45,172.3
1822,2021-06-01 14:33:00,174.95,174.95,174.95,174.95,75,30450,178.87,178.0,178.9
1823,2021-06-01 14:34:00,177.95,177.95,177.95,177.95,150,30675,178.87,179.35,180.35
1824,2021-06-01 14:35:00,175.0,175.0,174.0,174.0,150,30675,178.87,172.8,173.8
1825,2021-06-01 14:36:00,174.0,174.0,174.0,174.0,75,30675,178.87,173.95,174.95
1826,2021-06-01 14:37:00,170.0,170.0,169.0,169.0,150,30825,178.86,168.75,170.3
1827,2021-06-01 14:38:00,170.0,170.0,169.0,169.0,150,30825,178.86,168.75,170.3
1828,2021-06-01 14:39:00,172.75,172.75,172.75,172.75,225,30825,178.85,173.0,173.75
1829,2021-06-01 14:40:00,172.75,172.75,172.75,172.75,225,30825,178.85,173.0,173.75
1830,2021-06-01 14:41:00,172.8,173.7,172.8,173.7,150,30975,178.84,172.85,173.45
1831,2021-06-01 14:42:00,172.8,172.8,172.8,172.8,75,30975,178.84,175.1,176.0
1832,2021-06-01 14:43:00,175.4,175.4,175.4,175.4,75,30975,178.84,173.95,174.85
1833,2021-06-01 14:44:00,175.4,175.55,175.4,175.55,1575,30975,178.81,176.05,177.0
1834,2021-06-01 14:45:00,175.4,175.55,175.4,175.55,1575,30975,178.81,176.05,177.0
1835,2021-06-01 14:46:00,178.0,178.0,178.0,178.0,150,32250,178.81,175.2,176.4
1836,2021-06-01 14:47:00,178.0,178.0,178.0,178.0,150,32250,178.81,175.2,176.4
1837,2021-06-01 14:48:00,173.1,173.1,171.75,171.75,225,32250,178.8,170.6,171.5
1838,2021-06-01 14:49:00,171.45,171.45,171.45,171.45,75,32025,178.8,172.6,173.6
1839,2021-06-01 14:50:00,171.45,171.45,171.45,171.45,75,32025,178.8,172.6,173.6
1840,2021-06-01 14:51:00,173.4,174.65,173.4,174.65,375,32025,178.79,173.95,174.9
1841,2021-06-01 14:52:00,175.75,175.75,175.75,175.75,75,32025,178.79,174.85,175.6
1842,2021-06-01 14:53:00,176.75,176.75,176.75,176.75,75,32025,178.79,174.45,175.1
1843,2021-06-01 14:54:00,176.15,176.15,176.15,176.15,75,31725,178.78,175.3,176.2
1844,2021-06-01 14:55:00,176.15,176.15,176.15,176.15,75,31725,178.78,175.3,176.2
1845,2021-06-01 14:56:00,176.15,176.15,176.15,176.15,75,31725,178.78,175.3,176.2
1846,2021-06-01 14:57:00,178.05,178.05,178.05,178.05,75,31725,178.78,174.9,175.8
1847,2021-06-01 14:58:00,172.7,172.7,172.7,172.7,75,31875,178.78,173.0,173.9
1848,2021-06-01 14:59:00,177.15,177.15,177.15,177.15,75,31875,178.78,176.35,176.65
1849,2021-06-01 15:00:00,176.65,178.0,175.0,177.15,375,31875,178.78,174.85,175.6
1850,2021-06-01 15:01:00,173.8,175.0,173.8,175.0,225,31875,178.77,173.65,174.55
1851,2021-06-01 15:02:00,175.05,175.05,175.05,175.05,75,31875,178.77,174.7,175.65
1852,2021-06-01 15:03:00,175.05,175.05,175.05,175.05,75,31875,178.77,174.7,175.65
1853,2021-06-01 15:04:00,172.8,172.8,172.8,172.8,75,31950,178.77,172.7,173.65
1854,2021-06-01 15:05:00,173.05,173.05,173.05,173.05,75,31950,178.76,175.35,176.05
1855,2021-06-01 15:06:00,176.35,176.35,176.0,176.0,150,31950,178.76,177.65,178.8
1856,2021-06-01 15:07:00,181.45,181.45,180.0,180.0,300,31950,178.76,180.15,180.7
1857,2021-06-01 15:08:00,181.15,185.0,181.15,185.0,2700,31950,178.82,185.65,187.0
1858,2021-06-01 15:09:00,184.3,184.3,181.55,181.55,300,31950,178.83,180.7,181.5
1859,2021-06-01 15:10:00,176.05,176.05,176.0,176.0,150,30375,178.83,173.85,174.55
1860,2021-06-01 15:11:00,176.05,176.05,176.0,176.0,150,30375,178.83,173.85,174.55
1861,2021-06-01 15:12:00,176.05,176.05,176.0,176.0,150,30375,178.83,173.85,174.55
1862,2021-06-01 15:13:00,173.25,173.25,172.95,172.95,225,30375,178.82,173.4,174.25
1863,2021-06-01 15:14:00,172.55,173.0,172.55,173.0,150,30375,178.81,172.05,172.9
1864,2021-06-01 15:15:00,172.25,173.0,170.9,173.0,675,30375,178.79,171.45,172.35
1865,2021-06-01 15:16:00,172.25,173.0,170.9,173.0,675,30375,178.79,171.45,172.35
1866,2021-06-01 15:17:00,171.1,171.1,169.6,169.6,375,30075,178.77,169.95,170.8
1867,2021-06-01 15:18:00,170.05,171.0,169.6,170.6,450,30075,178.75,169.35,170.2
1868,2021-06-01 15:19:00,170.15,171.2,170.15,171.2,225,30075,178.74,169.1,169.95
1869,2021-06-01 15:20:00,169.4,172.25,169.4,172.25,1500,30075,178.68,171.5,172.45
1870,2021-06-01 15:21:00,172.4,173.0,170.55,173.0,1125,30075,178.64,172.0,172.25
1871,2021-06-01 15:22:00,172.0,172.0,170.65,171.65,2550,32625,178.54,170.85,171.45
1872,2021-06-01 15:23:00,171.35,171.65,171.35,171.65,375,32625,178.53,170.6,171.45
1873,2021-06-01 15:24:00,170.55,170.6,170.3,170.3,375,32625,178.51,170.15,171.45
1874,2021-06-01 15:25:00,171.05,171.05,170.25,171.0,1725,35325,178.45,169.8,170.75
1875,2021-06-01 15:26:00,170.9,170.9,170.9,170.9,375,35325,178.43,170.45,170.95
1876,2021-06-01 15:27:00,170.95,171.95,170.95,171.95,975,37275,178.4,171.25,172.0
1877,2021-06-01 15:28:00,172.0,172.9,171.7,172.9,675,37275,178.38,171.85,172.85
1878,2021-06-01 15:29:00,172.0,172.9,171.7,172.9,675,37275,178.38,171.85,172.85
1879,2021-06-01 15:30:00,172.75,172.75,171.25,171.65,300,37275,178.37,167.55,175.0
1880,2021-06-02 09:15:00,186.55,194.85,185.5,194.85,375,37200,189.1,189.85,194.45
1881,2021-06-02 09:16:00,194.25,196.0,188.85,188.85,2100,37200,192.91,187.5,189.15
1882,2021-06-02 09:17:00,190.1,190.35,190.1,190.35,225,36375,192.68,188.05,189.45
1883,2021-06-02 09:18:00,189.95,191.6,187.95,190.05,1725,36375,191.29,190.05,191.5
1884,2021-06-02 09:19:00,190.0,192.0,190.0,191.05,600,36375,191.27,190.2,192.65
1885,2021-06-02 09:20:00,195.75,198.05,195.75,198.05,600,36000,191.96,197.95,199.9
1886,2021-06-02 09:21:00,199.2,202.8,198.4,202.8,975,36000,193.2,203.35,205.9
1887,2021-06-02 09:22:00,201.1,201.1,201.1,201.1,375,36000,193.65,201.9,203.75
1888,2021-06-02 09:23:00,203.15,205.0,203.15,205.0,150,35700,193.87,202.65,203.85
1889,2021-06-02 09:24:00,205.05,210.0,205.05,210.0,675,35700,195.05,208.85,210.65
1890,2021-06-02 09:25:00,205.2,205.2,205.2,205.2,450,35700,195.64,209.55,211.45
1891,2021-06-02 09:26:00,208.3,210.3,205.5,205.5,750,35025,196.62,206.0,207.15
1892,2021-06-02 09:27:00,205.75,206.2,205.75,206.2,900,35025,197.51,206.35,208.75
1893,2021-06-02 09:28:00,215.55,215.55,215.55,215.55,300,35025,198.02,212.3,214.8
1894,2021-06-02 09:29:00,215.55,217.9,213.95,213.95,225,35025,198.41,215.65,217.6
1895,2021-06-02 09:30:00,220.0,221.95,211.0,211.0,825,35025,199.77,211.1,213.6
1896,2021-06-02 09:31:00,216.0,216.1,209.9,209.9,750,35025,200.7,206.5,209.05
1897,2021-06-02 09:32:00,213.75,213.75,213.75,213.75,75,34950,200.78,209.85,212.55
1898,2021-06-02 09:33:00,207.5,207.5,202.1,204.95,675,34950,201.02,204.2,204.95
1899,2021-06-02 09:34:00,205.0,205.5,203.3,205.5,750,34950,201.24,203.2,204.35
1900,2021-06-02 09:35:00,200.0,205.5,200.0,205.5,300,34275,201.24,204.15,205.75
1901,2021-06-02 09:36:00,204.85,204.85,204.85,204.85,75,34275,201.26,204.0,205.0
1902,2021-06-02 09:37:00,203.1,203.1,199.95,199.95,150,34275,201.26,200.55,201.7
1903,2021-06-02 09:38:00,199.0,199.0,199.0,199.0,75,34275,201.25,198.85,200.0
1904,2021-06-02 09:39:00,203.45,207.05,203.45,207.05,1125,34275,201.5,204.3,205.4
1905,2021-06-02 09:40:00,203.45,207.05,203.45,207.05,1125,34275,201.5,204.3,205.4
1906,2021-06-02 09:41:00,203.45,207.05,203.45,207.05,1125,34275,201.5,204.3,205.4
1907,2021-06-02 09:42:00,206.15,206.15,206.15,206.15,75,35025,201.52,205.9,207.05
1908,2021-06-02 09:43:00,207.05,207.05,207.05,207.05,225,35025,201.6,208.8,211.05
1909,2021-06-02 09:44:00,207.05,207.05,207.05,207.05,225,35025,201.6,208.8,211.05
1910,2021-06-02 09:45:00,210.1,211.55,210.1,211.55,525,34875,201.94,212.3,214.95
1911,2021-06-02 09:46:00,209.7,209.7,209.7,209.7,75,34875,201.97,208.0,210.2
1912,2021-06-02 09:47:00,209.8,209.8,204.95,204.95,225,34425,202.06,203.75,205.8
1913,2021-06-02 09:48:00,204.75,204.75,204.75,204.75,75,34425,202.07,206.35,208.4
1914,2021-06-02 09:49:00,204.75,204.75,204.75,204.75,75,34425,202.07,206.35,208.4
1915,2021-06-02 09:50:00,210.1,210.1,208.9,208.9,225,34425,202.17,207.6,209.95
1916,2021-06-02 09:51:00,208.3,208.75,208.3,208.75,150,34425,202.23,207.65,208.7
1917,2021-06-02 09:52:00,208.9,208.9,208.9,208.9,75,34425,202.26,206.1,207.15
1918,2021-06-02 09:53:00,205.85,205.85,205.85,205.85,150,34425,202.29,206.05,207.9
1919,2021-06-02 09:54:00,205.85,205.85,205.85,205.85,150,34425,202.29,206.05,207.9
1920,2021-06-02 09:55:00,208.8,208.8,208.3,208.3,375,34650,202.43,207.15,209.0
1921,2021-06-02 09:56:00,207.5,207.5,207.5,207.5,150,34650,202.47,210.3,212.3
1922,2021-06-02 09:57:00,212.5,212.5,212.0,212.0,225,34275,202.59,211.55,213.45
1923,2021-06-02 09:58:00,212.0,212.0,209.4,209.4,375,34275,202.75,210.15,211.45
1924,2021-06-02 09:59:00,213.2,214.8,213.2,214.8,675,34200,203.16,213.75,215.0
1925,2021-06-02 10:00:00,217.0,217.0,217.0,217.0,525,34200,203.49,214.25,216.6
1926,2021-06-02 10:01:00,217.0,217.0,217.0,217.0,525,34200,203.49,214.25,216.6
1927,2021-06-02 10:02:00,217.0,217.0,217.0,217.0,525,34200,203.49,214.25,216.6
1928,2021-06-02 10:03:00,221.1,225.0,221.1,225.0,225,33975,203.72,220.65,222.8
1929,2021-06-02 10:04:00,221.6,221.6,221.6,221.6,75,33975,203.79,216.4,218.85
1930,2021-06-02 10:05:00,221.6,221.6,221.6,221.6,75,33975,203.79,216.4,218.85
1931,2021-06-02 10:06:00,219.8,220.55,219.8,220.55,150,33825,203.91,215.65,218.45
1932,2021-06-02 10:07:00,215.0,221.0,215.0,221.0,150,33825,204.02,219.45,222.55
1933,2021-06-02 10:08:00,215.0,221.0,215.0,221.0,150,33825,204.02,219.45,222.55
1934,2021-06-02 10:09:00,224.4,224.4,224.4,224.4,150,33750,204.17,222.0,224.0
1935,2021-06-02 10:10:00,224.0,224.6,224.0,224.6,150,33750,204.32,222.3,224.65
1936,2021-06-02 10:11:00,224.0,224.6,224.0,224.6,150,33750,204.32,222.3,224.65
1937,2021-06-02 10:12:00,221.3,221.3,218.25,218.25,300,33825,204.54,216.85,219.3
1938,2021-06-02 10:13:00,221.3,221.3,218.25,218.25,300,33825,204.54,216.85,219.3
1939,2021-06-02 10:14:00,215.0,215.0,215.0,215.0,300,33675,204.7,215.7,218.2
1940,2021-06-02 10:15:00,214.6,215.4,214.6,215.4,150,33675,204.77,215.95,218.15
1941,2021-06-02 10:16:00,214.6,215.4,214.6,215.4,150,33675,204.77,215.95,218.15
1942,2021-06-02 10:17:00,216.0,216.0,216.0,216.0,75,33675,204.81,214.8,217.0
1943,2021-06-02 10:18:00,216.0,216.0,216.0,216.0,75,33675,204.81,214.8,217.0
1944,2021-06-02 10:19:00,218.95,218.95,218.95,218.95,75,33675,204.86,219.75,222.15
1945,2021-06-02 10:20:00,218.95,218.95,218.95,218.95,75,33675,204.86,219.75,222.15
1946,2021-06-02 10:21:00,225.0,225.0,225.0,225.0,75,33600,204.93,225.25,227.9
1947,2021-06-02 10:22:00,225.0,225.0,225.0,225.0,75,33600,204.93,225.25,227.9
1948,2021-06-02 10:23:00,224.0,224.0,224.0,224.0,75,33525,205.0,222.15,223.95
1949,2021-06-02 10:24:00,220.2,220.2,220.2,220.2,75,33525,205.06,218.8,220.9
1950,2021-06-02 10:25:00,220.2,220.2,220.2,220.2,75,33525,205.06,218.8,220.9
1951,2021-06-02 10:26:00,220.2,220.2,220.2,220.2,75,33525,205.06,218.8,220.9
1952,2021-06-02 10:27:00,220.2,220.2,220.2,220.2,75,33525,205.06,218.8,220.9
1953,2021-06-02 10:28:00,220.2,220.2,220.2,220.2,75,33525,205.06,218.8,220.9
1954,2021-06-02 10:29:00,222.0,222.0,221.25,221.25,225,33525,205.23,219.8,221.6
1955,2021-06-02 10:30:00,220.0,220.0,220.0,220.0,1650,33525,206.35,223.15,225.3
1956,2021-06-02 10:31:00,220.0,220.0,220.0,220.0,1650,33525,206.35,223.15,225.3
1957,2021-06-02 10:32:00,221.55,221.55,221.55,221.55,75,34500,206.4,219.85,222.4
1958,2021-06-02 10:33:00,221.55,221.55,221.55,221.55,75,34500,206.4,219.85,222.4
1959,2021-06-02 10:34:00,221.4,221.4,221.4,221.4,75,34500,206.45,219.15,221.5
1960,2021-06-02 10:35:00,221.4,221.4,221.4,221.4,75,34500,206.45,219.15,221.5
1961,2021-06-02 10:36:00,221.4,221.4,221.4,221.4,75,34500,206.45,219.15,221.5
1962,2021-06-02 10:37:00,219.3,219.3,215.0,215.0,225,34350,206.56,212.4,214.75
1963,2021-06-02 10:38:00,219.3,219.3,215.0,215.0,225,34350,206.56,212.4,214.75
1964,2021-06-02 10:39:00,219.3,219.3,215.0,215.0,225,34350,206.56,212.4,214.75
1965,2021-06-02 10:40:00,219.3,219.3,215.0,215.0,225,34350,206.56,212.4,214.75
1966,2021-06-02 10:41:00,212.5,214.0,212.5,214.0,150,34350,206.6,213.1,215.5
1967,2021-06-02 10:42:00,212.5,214.0,212.5,214.0,150,34350,206.6,213.1,215.5
1968,2021-06-02 10:43:00,212.5,214.0,212.5,214.0,150,34350,206.6,213.1,215.5
1969,2021-06-02 10:44:00,212.5,214.0,212.5,214.0,150,34350,206.6,213.1,215.5
1970,2021-06-02 10:45:00,211.65,211.65,211.65,211.65,75,34275,206.62,217.4,219.65
1971,2021-06-02 10:46:00,211.65,211.65,211.65,211.65,75,34275,206.62,217.4,219.65
1972,2021-06-02 10:47:00,211.65,211.65,211.65,211.65,75,34275,206.62,217.4,219.65
1973,2021-06-02 10:48:00,211.65,211.65,211.65,211.65,75,34275,206.62,217.4,219.65
1974,2021-06-02 10:49:00,216.35,216.35,216.35,216.35,75,34350,206.65,216.8,218.0
1975,2021-06-02 10:50:00,216.35,216.35,216.35,216.35,75,34350,206.65,216.8,218.0
1976,2021-06-02 10:51:00,216.35,216.35,216.35,216.35,75,34350,206.65,216.8,218.0
1977,2021-06-02 10:52:00,216.35,216.35,216.35,216.35,75,34350,206.65,216.8,218.0
1978,2021-06-02 10:53:00,216.35,216.35,216.35,216.35,75,34350,206.65,216.8,218.0
1979,2021-06-02 10:54:00,216.35,216.35,216.35,216.35,75,34350,206.65,216.8,218.0
1980,2021-06-02 10:55:00,223.0,223.0,222.2,222.2,450,34350,206.94,221.05,222.25
1981,2021-06-02 10:56:00,223.0,223.0,222.2,222.2,450,34350,206.94,221.05,222.25
1982,2021-06-02 10:57:00,220.7,220.7,220.7,220.7,225,34200,207.07,221.5,222.7
1983,2021-06-02 10:58:00,219.45,219.45,219.45,219.45,150,34200,207.14,217.2,218.4
1984,2021-06-02 10:59:00,219.45,219.45,219.45,219.45,150,34200,207.14,217.2,218.4
1985,2021-06-02 11:00:00,219.45,219.45,219.45,219.45,150,34200,207.14,217.2,218.4
1986,2021-06-02 11:01:00,219.45,219.45,219.45,219.45,150,34200,207.14,217.2,218.4
1987,2021-06-02 11:02:00,219.45,219.45,219.45,219.45,150,34200,207.14,217.2,218.4
1988,2021-06-02 11:03:00,216.0,216.0,216.0,216.0,75,33900,207.17,216.05,217.65
1989,2021-06-02 11:04:00,216.0,216.0,216.0,216.0,75,33900,207.17,216.05,217.65
1990,2021-06-02 11:05:00,210.0,210.0,210.0,210.0,75,33900,207.18,209.5,210.7
1991,2021-06-02 11:06:00,209.6,209.6,209.6,209.6,75,34050,207.19,208.45,210.0
1992,2021-06-02 11:07:00,210.0,210.0,210.0,210.0,225,34050,207.21,210.5,211.75
1993,2021-06-02 11:08:00,209.7,209.7,209.7,209.7,750,34050,207.29,212.3,213.5
1994,2021-06-02 11:09:00,209.7,209.7,209.7,209.7,750,34050,207.29,212.3,213.5
1995,2021-06-02 11:10:00,209.7,209.7,209.7,209.7,750,34050,207.29,212.3,213.5
1996,2021-06-02 11:11:00,214.65,214.65,214.65,214.65,75,34350,207.31,211.5,212.7
1997,2021-06-02 11:12:00,214.65,214.65,214.65,214.65,75,34350,207.31,211.5,212.7
1998,2021-06-02 11:13:00,214.65,214.65,214.65,214.65,75,34350,207.31,211.5,212.7
1999,2021-06-02 11:14:00,211.15,211.15,211.15,211.15,75,34425,207.32,209.9,211.2
2000,2021-06-02 11:15:00,211.15,211.15,211.15,211.15,75,34425,207.32,209.9,211.2
2001,2021-06-02 11:16:00,208.55,208.55,208.55,208.55,75,34425,207.33,206.75,207.95
2002,2021-06-02 11:17:00,209.8,209.8,209.8,209.8,150,34425,207.34,209.7,210.9
2003,2021-06-02 11:18:00,209.8,209.8,209.8,209.8,150,34425,207.34,209.7,210.9
2004,2021-06-02 11:19:00,209.8,209.8,209.8,209.8,150,34425,207.34,209.7,210.9
2005,2021-06-02 11:20:00,204.2,204.2,204.2,204.2,150,34500,207.32,204.4,205.5
2006,2021-06-02 11:21:00,204.2,204.2,204.2,204.2,150,34500,207.32,204.4,205.5
2007,2021-06-02 11:22:00,204.2,204.2,204.2,204.2,150,34500,207.32,204.4,205.5
2008,2021-06-02 11:23:00,206.8,206.8,206.8,206.8,75,34575,207.32,207.7,210.35
2009,2021-06-02 11:24:00,206.8,206.8,206.8,206.8,75,34575,207.32,207.7,210.35
2010,2021-06-02 11:25:00,206.8,206.8,206.8,206.8,75,34575,207.32,207.7,210.35
2011,2021-06-02 11:26:00,206.8,206.8,206.8,206.8,75,34575,207.32,207.7,210.35
2012,2021-06-02 11:27:00,214.4,214.4,214.4,214.4,75,34500,207.34,215.75,216.95
2013,2021-06-02 11:28:00,217.2,217.2,217.05,217.05,150,34500,207.39,215.2,216.35
2014,2021-06-02 11:29:00,216.8,216.8,216.65,216.65,225,34500,207.47,214.05,214.75
2015,2021-06-02 11:30:00,216.8,216.8,216.65,216.65,225,34500,207.47,214.05,214.75
2016,2021-06-02 11:31:00,216.8,216.8,216.65,216.65,225,34500,207.47,214.05,214.75
2017,2021-06-02 11:32:00,216.8,216.8,216.65,216.65,225,34500,207.47,214.05,214.75
2018,2021-06-02 11:33:00,217.8,217.8,217.8,217.8,300,34650,207.58,217.3,218.5
2019,2021-06-02 11:34:00,220.0,222.45,220.0,222.45,300,34650,207.73,221.45,222.7
2020,2021-06-02 11:35:00,222.4,222.4,218.65,218.65,2175,33450,208.62,218.3,218.85
2021,2021-06-02 11:36:00,218.7,221.1,218.7,221.1,150,33450,208.68,218.25,220.3
2022,2021-06-02 11:37:00,218.7,221.1,218.7,221.1,150,33450,208.68,218.25,220.3
2023,2021-06-02 11:38:00,218.1,218.1,218.1,218.1,75,33450,208.7,217.35,219.5
2024,2021-06-02 11:39:00,222.25,222.25,222.25,222.25,450,33375,208.9,219.8,221.95
2025,2021-06-02 11:40:00,222.25,222.25,222.25,222.25,450,33375,208.9,219.8,221.95
2026,2021-06-02 11:41:00,222.25,222.25,222.25,222.25,450,33375,208.9,219.8,221.95
2027,2021-06-02 11:42:00,222.25,222.25,222.25,222.25,450,33375,208.9,219.8,221.95
2028,2021-06-02 11:43:00,222.25,222.25,222.25,222.25,450,33375,208.9,219.8,221.95
2029,2021-06-02 11:44:00,222.25,222.25,222.25,222.25,450,33375,208.9,219.8,221.95
2030,2021-06-02 11:45:00,219.1,219.1,219.1,219.1,75,33675,208.92,218.1,219.3
2031,2021-06-02 11:46:00,218.65,218.65,218.65,218.65,75,33675,208.95,217.3,219.1
2032,2021-06-02 11:47:00,218.35,218.35,218.35,218.35,75,33675,208.97,217.5,218.7
2033,2021-06-02 11:48:00,218.35,218.35,218.35,218.35,75,33675,208.97,217.5,218.7
2034,2021-06-02 11:49:00,218.35,218.35,218.35,218.35,75,33675,208.97,217.5,218.7
2035,2021-06-02 11:50:00,217.7,217.7,217.7,217.7,75,33600,208.99,218.25,219.5
2036,2021-06-02 11:51:00,222.0,222.0,222.0,222.0,75,33600,209.02,221.1,222.3
2037,2021-06-02 11:52:00,222.0,222.0,222.0,222.0,75,33600,209.02,221.1,222.3
2038,2021-06-02 11:53:00,222.55,225.9,222.55,225.9,150,33600,209.1,224.4,225.6
2039,2021-06-02 11:54:00,225.35,225.35,225.0,225.0,150,33750,209.17,223.75,225.0
2040,2021-06-02 11:55:00,224.75,224.75,224.75,224.75,75,33750,209.21,224.2,225.3
2041,2021-06-02 11:56:00,224.75,224.75,224.75,224.75,75,33750,209.21,224.2,225.3
2042,2021-06-02 11:57:00,222.35,222.35,222.35,222.35,75,33750,209.24,219.0,220.55
2043,2021-06-02 11:58:00,221.05,221.05,221.05,221.05,75,33750,209.27,222.0,223.35
2044,2021-06-02 11:59:00,222.0,222.0,222.0,222.0,75,33750,209.3,220.8,222.0
2045,2021-06-02 12:00:00,220.0,220.8,220.0,220.25,375,33750,209.43,219.0,220.1
2046,2021-06-02 12:01:00,220.0,220.8,220.0,220.25,375,33750,209.43,219.0,220.1
2047,2021-06-02 12:02:00,220.0,220.8,220.0,220.25,375,33750,209.43,219.0,220.1
2048,2021-06-02 12:03:00,220.0,220.8,220.0,220.25,375,33750,209.43,219.0,220.1
2049,2021-06-02 12:04:00,220.0,220.8,220.0,220.25,375,33750,209.43,219.0,220.1
2050,2021-06-02 12:05:00,225.05,225.05,225.05,225.05,75,33975,209.47,221.1,222.4
2051,2021-06-02 12:06:00,225.05,225.05,225.05,225.05,75,33975,209.47,221.1,222.4
2052,2021-06-02 12:07:00,220.0,220.0,220.0,220.0,75,33900,209.5,218.05,219.3
2053,2021-06-02 12:08:00,221.4,221.4,221.4,221.4,75,33900,209.52,218.8,219.8
2054,2021-06-02 12:09:00,221.4,221.4,221.4,221.4,75,33900,209.52,218.8,219.8
2055,2021-06-02 12:10:00,220.7,220.7,220.7,220.7,75,34050,209.55,220.05,221.2
2056,2021-06-02 12:11:00,220.75,220.75,220.75,220.75,75,34050,209.58,218.85,220.1
2057,2021-06-02 12:12:00,220.75,220.75,220.75,220.75,75,34050,209.58,218.85,220.1
2058,2021-06-02 12:13:00,220.75,220.75,220.75,220.75,75,34050,209.58,218.85,220.1
2059,2021-06-02 12:14:00,220.75,220.75,220.75,220.75,75,34200,209.6,219.3,220.45
2060,2021-06-02 12:15:00,220.85,220.85,220.85,220.85,75,34275,209.63,221.4,222.5
2061,2021-06-02 12:16:00,220.85,220.85,220.85,220.85,75,34275,209.63,221.4,222.5
2062,2021-06-02 12:17:00,221.0,221.0,221.0,221.0,675,34275,209.86,220.75,221.95
2063,2021-06-02 12:18:00,221.0,221.0,221.0,221.0,675,34275,209.86,220.75,221.95
2064,2021-06-02 12:19:00,221.0,221.0,221.0,221.0,675,34275,209.86,220.75,221.95
2065,2021-06-02 12:20:00,221.0,221.0,221.0,221.0,675,34275,209.86,220.75,221.95
2066,2021-06-02 12:21:00,218.0,218.0,215.8,215.8,150,34725,209.89,213.5,215.1
2067,2021-06-02 12:22:00,213.8,213.8,213.0,213.0,225,34725,209.91,211.2,213.1
2068,2021-06-02 12:23:00,213.8,213.8,213.0,213.0,225,34725,209.91,211.2,213.1
2069,2021-06-02 12:24:00,213.8,213.8,213.0,213.0,225,34725,209.91,211.2,213.1
2070,2021-06-02 12:25:00,214.8,214.8,214.8,214.8,75,34950,209.92,214.9,216.05
2071,2021-06-02 12:26:00,216.2,216.2,216.2,216.2,75,34950,209.94,215.95,217.1
2072,2021-06-02 12:27:00,216.2,216.2,216.2,216.2,75,34950,209.94,215.95,217.1
2073,2021-06-02 12:28:00,215.95,215.95,215.95,215.95,75,34875,209.95,215.15,216.35
2074,2021-06-02 12:29:00,215.95,215.95,215.95,215.95,75,34875,209.95,215.15,216.35
2075,2021-06-02 12:30:00,217.4,217.4,217.0,217.0,150,34875,209.98,215.45,216.6
2076,2021-06-02 12:31:00,217.4,217.4,217.0,217.0,150,34875,209.98,215.45,216.6
2077,2021-06-02 12:32:00,216.0,216.0,216.0,216.0,150,34875,210.01,214.6,215.75
2078,2021-06-02 12:33:00,216.0,216.0,216.0,216.0,150,34875,210.01,214.6,215.75
2079,2021-06-02 12:34:00,213.2,213.2,208.75,208.75,375,34950,210.01,209.7,210.85
2080,2021-06-02 12:35:00,210.15,210.15,210.15,210.15,75,34950,210.01,210.5,211.65
2081,2021-06-02 12:36:00,209.55,209.55,209.55,209.55,75,34950,210.01,209.95,211.3
2082,2021-06-02 12:37:00,209.55,209.55,209.55,209.55,75,34950,210.01,209.95,211.3
2083,2021-06-02 12:38:00,209.55,209.55,209.55,209.55,75,34950,210.01,209.95,211.3
2084,2021-06-02 12:39:00,209.55,209.55,209.55,209.55,75,34950,210.01,209.95,211.3
2085,2021-06-02 12:40:00,209.55,209.55,209.55,209.55,75,34950,210.01,209.95,211.3
2086,2021-06-02 12:41:00,209.55,209.55,209.55,209.55,75,34950,210.01,209.95,211.3
2087,2021-06-02 12:42:00,209.55,209.55,209.55,209.55,75,34950,210.01,209.95,211.3
2088,2021-06-02 12:43:00,207.95,207.95,207.95,207.95,75,34800,210.01,208.45,209.6
2089,2021-06-02 12:44:00,210.0,212.15,210.0,212.15,150,34800,210.01,211.7,213.1
2090,2021-06-02 12:45:00,213.1,213.6,213.1,213.6,150,34800,210.03,215.0,216.2
2091,2021-06-02 12:46:00,215.45,215.45,215.45,215.45,75,34800,210.04,215.9,217.05
2092,2021-06-02 12:47:00,215.45,215.45,215.45,215.45,75,34800,210.04,215.9,217.05
2093,2021-06-02 12:48:00,215.45,215.45,215.45,215.45,75,34800,210.04,215.9,217.05
2094,2021-06-02 12:49:00,215.45,215.45,215.45,215.45,75,34800,210.04,215.9,217.05
2095,2021-06-02 12:50:00,215.45,215.45,215.45,215.45,75,34800,210.04,215.9,217.05
2096,2021-06-02 12:51:00,215.45,215.45,215.45,215.45,75,34800,210.04,215.9,217.05
2097,2021-06-02 12:52:00,215.45,215.45,215.45,215.45,75,34800,210.04,215.9,217.05
2098,2021-06-02 12:53:00,215.45,215.45,215.45,215.45,75,34800,210.04,215.9,217.05
2099,2021-06-02 12:54:00,215.45,215.45,215.45,215.45,75,34800,210.04,215.9,217.05
2100,2021-06-02 12:55:00,215.45,215.45,215.45,215.45,75,34800,210.04,215.9,217.05
2101,2021-06-02 12:56:00,217.6,217.6,217.6,217.6,75,34875,210.05,216.3,217.45
2102,2021-06-02 12:57:00,217.6,217.6,217.6,217.6,75,34875,210.05,216.3,217.45
2103,2021-06-02 12:58:00,219.2,219.2,219.2,219.2,450,34875,210.17,220.35,221.5
2104,2021-06-02 12:59:00,219.2,219.2,219.2,219.2,450,34875,210.17,220.35,221.5
2105,2021-06-02 13:00:00,219.2,219.2,219.2,219.2,450,34875,210.17,220.35,221.5
2106,2021-06-02 13:01:00,219.2,219.2,219.2,219.2,450,34875,210.17,220.35,221.5
2107,2021-06-02 13:02:00,232.95,232.95,227.5,227.5,150,34875,210.26,225.95,227.35
2108,2021-06-02 13:03:00,232.95,232.95,227.5,227.5,150,34875,210.26,225.95,227.35
2109,2021-06-02 13:04:00,228.1,228.1,228.1,228.1,450,35025,210.48,229.35,230.45
2110,2021-06-02 13:05:00,228.1,228.1,228.1,228.1,450,35025,210.48,229.35,230.45
2111,2021-06-02 13:06:00,231.4,231.4,231.4,231.4,75,34875,210.53,231.05,232.45
2112,2021-06-02 13:07:00,231.4,231.4,231.4,231.4,75,34875,210.53,231.05,232.45
2113,2021-06-02 13:08:00,226.5,226.5,226.5,226.5,75,34875,210.56,223.05,224.45
2114,2021-06-02 13:09:00,226.5,226.5,226.5,226.5,75,34875,210.56,223.05,224.45
2115,2021-06-02 13:10:00,226.5,226.5,226.5,226.5,75,34875,210.59,226.1,227.2
2116,2021-06-02 13:11:00,226.5,226.5,226.5,226.5,75,34875,210.59,226.1,227.2
2117,2021-06-02 13:12:00,226.5,226.5,226.5,226.5,75,34875,210.59,226.1,227.2
2118,2021-06-02 13:13:00,230.7,230.7,228.0,228.0,225,34800,210.71,226.9,228.0
2119,2021-06-02 13:14:00,228.2,228.2,228.2,228.2,75,34800,210.75,229.0,230.15
2120,2021-06-02 13:15:00,230.2,232.7,230.2,232.7,375,34875,210.95,231.05,232.1
2121,2021-06-02 13:16:00,233.5,235.95,233.5,235.0,600,34875,211.33,232.35,234.05
2122,2021-06-02 13:17:00,233.35,233.35,233.35,233.35,150,34875,211.42,233.15,234.25
2123,2021-06-02 13:18:00,235.0,235.0,233.9,233.9,1125,34425,212.1,231.75,233.0
2124,2021-06-02 13:19:00,229.8,229.8,229.8,229.8,450,34425,212.31,227.15,228.65
2125,2021-06-02 13:20:00,229.8,229.8,229.8,229.8,450,34425,212.31,227.15,228.65
2126,2021-06-02 13:21:00,229.8,229.8,229.8,229.8,450,34425,212.31,227.15,228.65
2127,2021-06-02 13:22:00,224.2,224.2,222.2,222.2,300,33825,212.39,221.45,222.55
2128,2021-06-02 13:23:00,224.2,224.2,222.2,222.2,300,33825,212.39,221.45,222.55
2129,2021-06-02 13:24:00,224.2,224.2,222.2,222.2,300,33825,212.39,221.45,222.55
2130,2021-06-02 13:25:00,224.2,224.2,222.2,222.2,300,33825,212.39,221.45,222.55
2131,2021-06-02 13:26:00,221.85,221.85,221.85,221.85,150,33825,212.42,220.85,221.9
2132,2021-06-02 13:27:00,221.85,221.85,221.85,221.85,150,33825,212.42,220.85,221.9
2133,2021-06-02 13:28:00,222.6,222.6,222.3,222.3,150,33975,212.46,222.55,223.7
2134,2021-06-02 13:29:00,222.6,222.6,222.3,222.3,150,33975,212.46,222.55,223.7
2135,2021-06-02 13:30:00,221.35,221.35,221.35,221.35,75,33900,212.48,222.9,224.05
2136,2021-06-02 13:31:00,222.2,222.2,222.2,222.2,75,33900,212.5,220.25,222.7
2137,2021-06-02 13:32:00,222.2,222.2,222.2,222.2,75,33900,212.5,220.25,222.7
2138,2021-06-02 13:33:00,216.3,216.3,216.3,216.3,75,33900,212.5,213.9,215.7
2139,2021-06-02 13:34:00,216.3,216.3,216.3,216.3,75,33900,212.5,213.9,215.7
2140,2021-06-02 13:35:00,216.3,216.3,216.3,216.3,75,33900,212.5,213.9,215.7
2141,2021-06-02 13:36:00,216.3,216.3,216.3,216.3,75,33900,212.5,213.9,215.7
2142,2021-06-02 13:37:00,216.3,216.3,216.3,216.3,75,33900,212.5,213.9,215.7
2143,2021-06-02 13:38:00,216.3,216.3,216.3,216.3,75,33900,212.5,213.9,215.7
2144,2021-06-02 13:39:00,216.3,216.3,216.3,216.3,75,33900,212.5,213.9,215.7
2145,2021-06-02 13:40:00,216.3,216.3,216.3,216.3,75,33900,212.5,213.9,215.7
2146,2021-06-02 13:41:00,214.4,214.4,214.4,214.4,450,33825,212.52,213.9,215.15
2147,2021-06-02 13:42:00,214.4,214.4,214.4,214.4,450,33825,212.52,213.9,215.15
2148,2021-06-02 13:43:00,214.4,214.4,214.4,214.4,450,33825,212.52,213.9,215.15
2149,2021-06-02 13:44:00,214.4,214.4,214.4,214.4,450,33825,212.52,213.9,215.15
2150,2021-06-02 13:45:00,214.4,214.4,214.4,214.4,450,33825,212.52,213.9,215.15
2151,2021-06-02 13:46:00,214.4,214.4,214.4,214.4,450,33825,212.52,213.9,215.15
2152,2021-06-02 13:47:00,214.4,214.4,214.4,214.4,450,33825,212.52,213.9,215.15
2153,2021-06-02 13:48:00,214.4,214.4,214.4,214.4,450,33825,212.52,213.9,215.15
2154,2021-06-02 13:49:00,214.4,214.4,214.4,214.4,450,33825,212.52,213.9,215.15
2155,2021-06-02 13:50:00,214.4,214.4,214.4,214.4,450,33825,212.52,213.9,215.15
2156,2021-06-02 13:51:00,214.4,214.4,214.4,214.4,450,33825,212.52,213.9,215.15
2157,2021-06-02 13:52:00,214.4,214.4,214.4,214.4,450,33825,212.52,213.9,215.15
2158,2021-06-02 13:53:00,211.6,211.6,211.6,211.6,75,34050,212.52,213.2,214.35
2159,2021-06-02 13:54:00,211.55,211.55,211.55,211.55,75,34125,212.51,210.65,211.85
2160,2021-06-02 13:55:00,207.9,207.9,207.9,207.9,300,34125,212.48,207.4,208.55
2161,2021-06-02 13:56:00,207.9,207.9,207.9,207.9,300,34125,212.48,207.4,208.55
2162,2021-06-02 13:57:00,215.0,215.0,215.0,215.0,75,34050,212.48,214.4,215.6
2163,2021-06-02 13:58:00,215.0,215.55,215.0,215.55,300,34050,212.51,213.2,215.35
2164,2021-06-02 13:59:00,215.0,215.55,215.0,215.55,300,34050,212.51,213.2,215.35
2165,2021-06-02 14:00:00,203.1,203.1,203.1,203.1,525,34050,212.39,204.4,206.45
2166,2021-06-02 14:01:00,206.4,206.4,206.4,206.4,75,33900,212.38,207.6,208.8
2167,2021-06-02 14:02:00,212.8,212.8,212.8,212.8,525,33900,212.38,211.0,213.0
2168,2021-06-02 14:03:00,212.8,212.8,212.8,212.8,525,33900,212.38,211.0,213.0
2169,2021-06-02 14:04:00,215.7,215.7,215.7,215.7,75,34200,212.39,215.2,216.4
2170,2021-06-02 14:05:00,216.75,216.75,216.75,216.75,150,34200,212.4,213.55,215.25
2171,2021-06-02 14:06:00,219.5,219.5,218.1,218.1,300,34425,212.45,216.4,217.5
2172,2021-06-02 14:07:00,219.05,219.05,219.05,219.05,75,0,212.46,215.8,217.0
2173,2021-06-02 14:08:00,215.55,215.55,214.1,214.1,150,34425,212.47,213.75,214.95
2174,2021-06-02 14:09:00,215.55,215.55,214.1,214.1,150,34425,212.47,213.75,214.95
2175,2021-06-02 14:10:00,213.15,213.15,212.1,212.1,150,34500,212.47,213.0,214.1
2176,2021-06-02 14:11:00,214.0,214.0,214.0,214.0,75,34500,212.47,212.4,213.85
2177,2021-06-02 14:12:00,214.0,214.0,214.0,214.0,75,34500,212.47,212.4,213.85
2178,2021-06-02 14:13:00,210.0,210.0,210.0,210.0,75,34425,212.47,211.5,212.5
2179,2021-06-02 14:14:00,211.5,211.5,211.5,211.5,75,34425,212.47,211.15,212.3
2180,2021-06-02 14:15:00,211.5,211.5,211.5,211.5,75,34425,212.47,211.15,212.3
2181,2021-06-02 14:16:00,208.0,208.0,208.0,208.0,150,34425,212.45,207.7,209.45
2182,2021-06-02 14:17:00,207.4,207.4,207.4,207.4,75,34425,212.44,207.55,209.05
2183,2021-06-02 14:18:00,209.75,209.75,209.75,209.75,75,34425,212.44,209.2,210.1
2184,2021-06-02 14:19:00,209.75,209.75,209.75,209.75,75,34425,212.44,209.2,210.1
2185,2021-06-02 14:20:00,206.4,206.4,206.4,206.4,150,34575,212.42,208.1,209.95
2186,2021-06-02 14:21:00,209.0,209.0,209.0,209.0,75,34575,212.41,208.8,209.85
2187,2021-06-02 14:22:00,209.0,209.0,209.0,209.0,75,34575,212.41,208.8,209.85
2188,2021-06-02 14:23:00,202.7,202.7,202.7,202.7,75,34575,212.39,202.5,203.6
2189,2021-06-02 14:24:00,202.7,202.7,202.7,202.7,75,34575,212.39,202.5,203.6
2190,2021-06-02 14:25:00,200.0,201.0,199.0,201.0,525,34500,212.25,203.1,204.25
2191,2021-06-02 14:26:00,204.65,204.65,204.65,204.65,75,34500,212.24,206.2,207.35
2192,2021-06-02 14:27:00,204.7,205.5,204.7,205.5,150,34875,212.21,205.0,206.1
2193,2021-06-02 14:28:00,204.7,205.5,204.7,205.5,150,34875,212.21,205.0,206.1
2194,2021-06-02 14:29:00,204.7,205.5,204.7,205.5,150,34875,212.21,205.0,206.1
2195,2021-06-02 14:30:00,204.7,205.5,204.7,205.5,150,34875,212.21,205.0,206.1
2196,2021-06-02 14:31:00,204.7,205.5,204.7,205.5,150,34875,212.21,205.0,206.1
2197,2021-06-02 14:32:00,203.5,203.5,203.5,203.5,75,34800,212.2,202.4,203.55
2198,2021-06-02 14:33:00,203.5,203.5,203.5,203.5,75,34800,212.2,202.4,203.55
2199,2021-06-02 14:34:00,205.75,205.75,205.75,205.75,75,34800,212.19,204.6,205.6
2200,2021-06-02 14:35:00,205.75,205.75,205.75,205.75,75,34800,212.19,204.6,205.6
2201,2021-06-02 14:36:00,202.8,202.8,202.8,202.8,75,34800,212.17,203.05,204.1
2202,2021-06-02 14:37:00,202.8,202.8,202.8,202.8,75,34800,212.17,203.05,204.1
2203,2021-06-02 14:38:00,202.8,202.8,202.8,202.8,75,34800,212.17,203.05,204.1
2204,2021-06-02 14:39:00,202.8,202.8,202.8,202.8,75,34800,212.17,203.05,204.1
2205,2021-06-02 14:40:00,206.85,210.25,206.85,210.25,225,34800,212.16,208.2,209.95
2206,2021-06-02 14:41:00,207.8,208.35,207.8,208.35,225,34800,212.14,207.7,208.85
2207,2021-06-02 14:42:00,207.8,208.35,207.8,208.35,225,34800,212.14,207.7,208.85
2208,2021-06-02 14:43:00,207.8,208.35,207.8,208.35,225,34800,212.14,207.7,208.85
2209,2021-06-02 14:44:00,207.8,208.35,207.8,208.35,225,34800,212.14,207.7,208.85
2210,2021-06-02 14:45:00,207.8,208.35,207.8,208.35,225,34800,212.14,207.7,208.85
2211,2021-06-02 14:46:00,207.8,208.35,207.8,208.35,225,34800,212.14,207.7,208.85
2212,2021-06-02 14:47:00,207.8,208.35,207.8,208.35,225,34800,212.14,207.7,208.85
2213,2021-06-02 14:48:00,195.0,195.0,190.7,190.7,525,34725,211.92,189.1,190.5
2214,2021-06-02 14:49:00,188.4,190.0,185.85,185.85,450,34725,211.69,183.35,185.55
2215,2021-06-02 14:50:00,188.4,190.0,185.85,185.85,450,34725,211.69,183.35,185.55
2216,2021-06-02 14:51:00,182.3,182.3,177.25,181.05,525,34725,211.34,180.3,182.7
2217,2021-06-02 14:52:00,181.0,181.05,180.75,181.05,1425,35100,210.44,181.3,183.15
2218,2021-06-02 14:53:00,181.0,181.0,181.0,181.0,75,35100,210.39,178.2,179.55
2219,2021-06-02 14:54:00,175.0,175.05,172.9,172.9,300,35475,210.17,173.0,175.75
2220,2021-06-02 14:55:00,175.5,178.0,175.5,178.0,1200,35475,209.38,174.8,176.65
2221,2021-06-02 14:56:00,169.35,170.5,169.35,170.0,975,35475,208.63,170.05,171.9
2222,2021-06-02 14:57:00,170.0,170.75,170.0,170.75,225,35625,208.46,170.05,171.8
2223,2021-06-02 14:58:00,170.0,170.75,170.0,170.75,225,35625,208.46,170.05,171.8
2224,2021-06-02 14:59:00,170.25,170.25,168.35,168.35,225,35625,208.29,169.15,170.35
2225,2021-06-02 15:00:00,165.05,165.05,163.15,163.15,375,35625,207.97,164.05,165.35
2226,2021-06-02 15:01:00,164.85,169.0,164.85,168.3,375,35925,207.67,169.05,170.0
2227,2021-06-02 15:02:00,166.55,169.2,166.55,168.3,525,35925,207.28,168.1,169.0
2228,2021-06-02 15:03:00,168.0,168.0,168.0,168.0,75,35925,207.22,171.15,172.05
2229,2021-06-02 15:04:00,172.65,173.1,172.05,173.1,900,36150,206.64,171.45,172.35
2230,2021-06-02 15:05:00,170.65,170.65,170.65,170.65,75,36150,206.59,168.05,169.0
2231,2021-06-02 15:06:00,168.25,168.35,166.15,167.8,525,36300,206.21,166.6,167.95
2232,2021-06-02 15:07:00,167.65,168.35,165.4,165.4,300,36300,206.0,165.6,166.6
2233,2021-06-02 15:08:00,166.05,166.05,165.0,165.25,675,36300,205.5,165.5,165.95
2234,2021-06-02 15:09:00,166.0,166.9,165.5,165.5,300,36975,205.29,164.6,165.4
2235,2021-06-02 15:10:00,162.15,162.15,160.85,161.7,450,36975,204.94,161.95,162.85
2236,2021-06-02 15:11:00,162.5,162.7,160.55,160.55,825,36975,204.32,161.55,162.35
2237,2021-06-02 15:12:00,160.7,161.0,160.7,160.85,525,36975,203.92,160.8,161.7
2238,2021-06-02 15:13:00,158.65,158.9,158.05,158.05,375,37425,203.63,157.25,158.4
2239,2021-06-02 15:14:00,158.65,158.9,158.05,158.05,375,37425,203.63,157.25,158.4
2240,2021-06-02 15:15:00,155.0,155.95,155.0,155.95,225,37425,203.44,155.45,156.95
2241,2021-06-02 15:16:00,156.25,156.25,153.9,153.9,975,37350,202.65,153.0,153.85
2242,2021-06-02 15:17:00,152.85,153.15,152.3,152.3,900,37350,201.89,151.85,152.75
2243,2021-06-02 15:18:00,150.2,152.0,150.2,152.0,525,37350,201.45,152.3,153.25
2244,2021-06-02 15:19:00,152.75,153.0,151.85,153.0,750,37275,200.85,152.1,153.0
2245,2021-06-02 15:20:00,153.0,153.0,151.35,152.5,750,37275,200.27,151.7,153.0
2246,2021-06-02 15:21:00,152.75,153.0,150.5,152.25,1200,37575,199.35,152.45,153.5
2247,2021-06-02 15:22:00,152.7,154.1,152.7,154.1,450,37575,199.02,152.45,153.25
2248,2021-06-02 15:23:00,154.1,154.1,152.75,153.55,675,37575,198.55,152.45,154.25
2249,2021-06-02 15:24:00,152.3,152.9,152.0,152.0,975,37575,197.85,152.1,153.0
2250,2021-06-02 15:25:00,152.05,152.85,151.5,151.5,1275,38250,196.98,151.85,153.15
2251,2021-06-02 15:26:00,153.0,153.2,152.35,153.2,675,38250,196.53,152.25,153.35
2252,2021-06-02 15:27:00,153.3,154.0,152.75,152.75,1425,38475,195.65,152.1,152.75
2253,2021-06-02 15:28:00,152.75,153.55,152.1,152.1,975,38475,195.05,152.6,153.5
2254,2021-06-02 15:29:00,152.75,153.55,152.1,152.1,975,38475,195.05,152.6,153.5
2255,2021-06-02 15:30:00,153.45,153.45,147.8,147.8,1650,38475,194.03,145.55,152.0
2256,2021-06-03 09:15:00,122.45,126.0,117.15,121.45,12975,39375,120.45,119.3,121.45
2257,2021-06-03 09:16:00,119.7,123.9,115.85,123.9,11025,39375,119.84,123.0,123.95
2258,2021-06-03 09:17:00,123.65,124.0,121.9,124.0,15150,50550,121.0,123.7,124.25
2259,2021-06-03 09:18:00,124.25,124.25,120.5,121.15,18675,50550,121.34,121.2,121.6
2260,2021-06-03 09:19:00,121.0,122.5,120.45,121.35,9900,50550,121.36,121.6,121.95
2261,2021-06-03 09:20:00,121.25,123.0,120.75,122.15,14325,70950,121.47,122.3,122.85
2262,2021-06-03 09:21:00,123.1,123.7,122.0,122.1,11700,70950,121.63,122.05,122.6
2263,2021-06-03 09:22:00,122.3,122.3,120.0,120.9,6975,70950,121.59,120.25,120.75
2264,2021-06-03 09:23:00,120.95,121.15,118.75,119.0,9975,85200,121.46,119.0,119.45
2265,2021-06-03 09:24:00,119.0,119.55,115.45,115.75,12900,85200,121.08,115.4,115.95
2266,2021-06-03 09:25:00,115.35,119.1,115.3,116.95,8550,85200,120.81,117.15,117.8
2267,2021-06-03 09:26:00,117.85,119.0,117.05,119.0,5400,88200,120.7,118.75,119.5
2268,2021-06-03 09:27:00,119.45,119.45,116.85,117.75,7875,88200,120.53,117.3,117.8
2269,2021-06-03 09:28:00,117.35,118.95,117.0,117.4,10350,88200,120.36,117.05,117.5
2270,2021-06-03 09:29:00,117.6,117.8,116.0,116.15,5025,99600,120.25,116.15,116.7
2271,2021-06-03 09:30:00,116.0,117.0,113.5,114.5,14250,99600,119.83,113.6,114.1
2272,2021-06-03 09:31:00,113.9,114.3,110.45,114.3,11025,99600,119.41,113.9,114.3
2273,2021-06-03 09:32:00,114.4,117.55,113.55,117.55,10050,110550,119.21,117.55,118.0
2274,2021-06-03 09:33:00,117.75,117.8,115.45,115.85,5625,110550,119.14,115.55,115.9
2275,2021-06-03 09:34:00,116.75,120.35,116.75,119.7,13350,110550,119.11,119.3,119.6
2276,2021-06-03 09:35:00,119.55,120.65,115.3,116.1,17250,118950,119.05,115.95,116.4
2277,2021-06-03 09:36:00,116.4,118.15,115.1,117.0,11850,118950,118.93,116.8,117.35
2278,2021-06-03 09:37:00,117.0,117.3,115.45,115.5,16800,118950,118.78,115.55,116.0
2279,2021-06-03 09:38:00,116.1,116.8,113.4,113.5,12450,139200,118.61,113.3,113.8
2280,2021-06-03 09:39:00,113.7,114.9,113.0,114.15,5700,139200,118.51,114.05,114.5
2281,2021-06-03 09:40:00,114.0,114.95,112.45,114.65,6750,139200,118.38,114.1,114.7
2282,2021-06-03 09:41:00,113.35,114.45,112.85,113.55,4275,144975,118.31,113.85,114.35
2283,2021-06-03 09:42:00,113.95,113.95,113.0,113.15,7575,144975,118.19,113.15,113.7
2284,2021-06-03 09:43:00,114.0,114.6,113.05,114.0,3825,144975,118.13,114.0,114.55
2285,2021-06-03 09:44:00,114.55,115.95,114.0,115.85,6150,145725,118.07,115.6,116.1
2286,2021-06-03 09:45:00,116.15,117.5,114.7,116.75,8700,145725,118.02,116.8,117.35
2287,2021-06-03 09:46:00,117.0,117.45,115.5,115.5,4650,145725,118.0,115.45,115.95
2288,2021-06-03 09:47:00,115.4,116.05,114.4,115.05,8100,149475,117.93,115.0,115.55
2289,2021-06-03 09:48:00,115.4,116.55,115.0,115.2,6375,149475,117.89,115.0,115.45
2290,2021-06-03 09:49:00,115.0,115.7,113.2,114.25,5850,149475,117.84,114.2,114.7
2291,2021-06-03 09:50:00,115.0,115.6,114.45,115.1,2625,157275,117.82,115.35,115.9
2292,2021-06-03 09:51:00,115.55,116.3,114.6,115.25,9225,157275,117.75,115.25,115.75
2293,2021-06-03 09:52:00,115.0,116.0,114.6,116.0,8850,157275,117.69,115.5,115.95
2294,2021-06-03 09:53:00,115.95,117.3,115.75,117.2,6975,169125,117.66,116.9,117.2
2295,2021-06-03 09:54:00,116.5,117.95,116.5,117.2,5400,169125,117.66,117.55,117.95
2296,2021-06-03 09:55:00,117.55,118.85,115.35,116.05,18075,169125,117.67,116.1,116.65
2297,2021-06-03 09:56:00,115.85,118.45,115.85,118.2,9450,171600,117.66,117.7,118.2
2298,2021-06-03 09:57:00,117.45,119.0,117.0,118.45,5700,171600,117.67,118.6,119.0
2299,2021-06-03 09:58:00,118.7,119.9,117.55,118.0,10575,171600,117.7,117.9,118.35
2300,2021-06-03 09:59:00,118.0,118.0,116.6,117.8,3000,171525,117.7,117.65,118.3
2301,2021-06-03 10:00:00,117.9,118.0,115.7,116.95,6975,171525,117.69,116.45,116.95
2302,2021-06-03 10:01:00,117.55,119.85,117.55,119.0,9225,171525,117.71,119.05,119.45
2303,2021-06-03 10:02:00,119.5,119.75,118.0,119.45,6900,174825,117.73,119.15,119.65
2304,2021-06-03 10:03:00,119.15,119.75,117.15,117.15,4125,174825,117.74,117.4,117.75
2305,2021-06-03 10:04:00,117.75,119.05,117.2,117.65,3375,174825,117.75,117.5,117.8
2306,2021-06-03 10:05:00,117.5,117.5,113.3,113.9,4425,176325,117.72,113.4,113.95
2307,2021-06-03 10:06:00,113.65,113.95,112.3,113.0,6675,176325,117.65,112.55,112.95
2308,2021-06-03 10:07:00,112.55,114.35,112.55,113.6,3975,176325,117.61,113.5,114.0
2309,2021-06-03 10:08:00,113.65,114.0,112.75,113.85,6075,178500,117.56,113.5,114.05
2310,2021-06-03 10:09:00,113.5,113.75,112.6,113.25,3900,178500,117.52,113.2,113.6
2311,2021-06-03 10:10:00,113.45,115.45,113.45,115.0,2475,178500,117.51,115.0,115.45
2312,2021-06-03 10:11:00,115.8,115.8,114.0,114.15,8175,189075,117.47,114.1,114.7
2313,2021-06-03 10:12:00,114.0,114.8,113.3,114.0,6600,189075,117.42,113.6,114.15
2314,2021-06-03 10:13:00,113.15,114.0,113.0,113.7,3450,189075,117.39,114.05,114.65
2315,2021-06-03 10:14:00,113.9,115.0,113.7,115.0,1875,192825,117.38,114.9,115.35
2316,2021-06-03 10:15:00,114.85,115.45,114.0,115.45,2250,192825,117.37,115.05,115.5
2317,2021-06-03 10:16:00,115.5,116.0,114.55,116.0,4200,192825,117.35,115.65,116.0
2318,2021-06-03 10:17:00,116.0,116.65,114.5,114.5,6600,189000,117.33,114.2,114.7
2319,2021-06-03 10:18:00,115.55,116.25,115.55,116.25,2250,189000,117.32,116.0,116.35
2320,2021-06-03 10:19:00,116.35,116.35,114.3,114.8,8400,189000,117.29,114.55,115.05
2321,2021-06-03 10:20:00,114.7,114.7,112.55,113.15,8475,199950,117.23,112.65,113.0
2322,2021-06-03 10:21:00,112.85,113.95,112.45,113.95,4800,199950,117.2,113.65,113.95
2323,2021-06-03 10:22:00,114.3,114.5,113.15,114.0,2025,199950,117.18,113.6,114.1
2324,2021-06-03 10:23:00,114.0,114.75,114.0,114.75,1650,199950,117.17,114.3,114.8
2325,2021-06-03 10:24:00,113.95,114.0,113.3,114.0,2700,199950,117.16,113.6,113.95
2326,2021-06-03 10:25:00,113.8,115.45,113.6,115.45,3750,199950,117.14,115.15,115.55
2327,2021-06-03 10:26:00,115.6,117.0,115.6,116.25,7575,196275,117.13,116.25,116.8
2328,2021-06-03 10:27:00,116.6,117.0,115.15,115.15,6225,196275,117.12,115.25,115.75
2329,2021-06-03 10:28:00,115.25,115.8,114.55,115.8,4200,196275,117.1,115.55,116.05
2330,2021-06-03 10:29:00,117.0,117.0,116.0,117.0,3375,198300,117.1,116.4,116.95
2331,2021-06-03 10:30:00,116.5,117.8,116.1,117.55,7575,198300,117.1,117.35,117.85
2332,2021-06-03 10:31:00,117.8,118.1,117.15,117.5,6300,198300,117.11,117.15,117.5
2333,2021-06-03 10:32:00,117.5,117.5,115.95,115.95,6450,200100,117.1,115.95,116.5
2334,2021-06-03 10:33:00,115.85,115.9,113.85,114.65,6300,200100,117.07,114.9,115.4
2335,2021-06-03 10:34:00,115.4,117.0,115.15,116.95,4125,200100,117.07,116.45,117.05
2336,2021-06-03 10:35:00,116.25,117.15,116.15,116.85,2025,203025,117.07,116.4,116.9
2337,2021-06-03 10:36:00,116.9,118.0,116.35,117.05,3675,203025,117.07,117.3,117.7
2338,2021-06-03 10:37:00,118.15,119.5,116.55,116.65,6150,203025,117.08,116.7,117.2
2339,2021-06-03 10:38:00,118.8,118.8,117.2,118.0,2775,206325,117.08,117.6,117.9
2340,2021-06-03 10:39:00,117.9,118.7,117.6,117.6,2700,206325,117.08,117.45,118.05
2341,2021-06-03 10:40:00,117.9,117.9,116.05,116.6,2250,206325,117.08,116.45,116.75
2342,2021-06-03 10:41:00,117.05,117.05,113.8,114.4,9525,210675,117.06,114.4,114.7
2343,2021-06-03 10:42:00,114.7,114.7,113.25,114.15,4350,210675,117.04,113.8,114.0
2344,2021-06-03 10:43:00,114.0,114.5,113.2,114.5,8100,210675,116.99,114.15,114.6
2345,2021-06-03 10:44:00,114.6,119.4,114.5,119.4,9525,214950,117.0,118.95,119.4
2346,2021-06-03 10:45:00,118.15,120.95,117.05,118.0,23025,214950,117.09,118.0,118.45
2347,2021-06-03 10:46:00,117.5,120.3,116.15,118.9,7800,214950,117.11,118.25,118.8
2348,2021-06-03 10:47:00,118.95,118.95,117.5,118.5,4575,228675,117.12,117.8,118.35
2349,2021-06-03 10:48:00,118.15,118.15,116.55,116.55,4275,228675,117.12,116.6,117.05
2350,2021-06-03 10:49:00,116.95,117.7,116.95,116.95,2325,228675,117.12,116.55,117.1
2351,2021-06-03 10:50:00,116.95,117.1,115.25,116.35,8100,226575,117.1,116.05,116.35
2352,2021-06-03 10:51:00,116.45,116.6,114.45,114.85,9600,226575,117.08,114.6,115.05
2353,2021-06-03 10:52:00,114.85,117.0,114.0,116.7,5100,226575,117.07,116.6,117.1
2354,2021-06-03 10:53:00,117.1,117.15,116.0,116.0,5175,228375,117.06,115.95,116.4
2355,2021-06-03 10:54:00,115.85,117.15,115.55,117.15,2475,228375,117.06,116.65,117.25
2356,2021-06-03 10:55:00,117.2,117.2,115.85,117.05,4500,228375,117.06,116.95,117.45
2357,2021-06-03 10:56:00,117.5,117.7,115.65,116.25,2625,229425,117.06,115.65,116.1
2358,2021-06-03 10:57:00,116.2,116.85,116.15,116.4,1350,229425,117.06,116.5,116.9
2359,2021-06-03 10:58:00,117.0,117.8,116.85,117.5,3900,229425,117.06,117.35,117.75
2360,2021-06-03 10:59:00,117.35,119.45,117.0,119.0,5025,230475,117.07,118.65,119.0
2361,2021-06-03 11:00:00,119.0,119.85,117.65,117.65,5775,230475,117.08,117.65,118.15
2362,2021-06-03 11:01:00,118.0,118.4,117.55,117.55,2250,230475,117.08,117.7,118.2
2363,2021-06-03 11:02:00,118.4,119.05,117.85,118.0,6300,228225,117.09,118.0,118.45
2364,2021-06-03 11:03:00,118.45,119.35,118.45,119.0,3075,228225,117.1,118.3,118.7
2365,2021-06-03 11:04:00,118.45,119.5,118.0,118.45,3225,228225,117.11,118.4,118.8
2366,2021-06-03 11:05:00,118.6,119.05,118.0,118.0,2325,229425,117.11,117.8,118.45
2367,2021-06-03 11:06:00,118.85,118.9,116.1,116.15,3675,229425,117.11,116.75,117.35
2368,2021-06-03 11:07:00,117.15,118.2,116.15,117.9,2325,229425,117.11,117.65,118.15
2369,2021-06-03 11:08:00,117.65,117.65,116.85,117.2,975,229425,117.11,117.05,117.5
2370,2021-06-03 11:09:00,117.5,119.5,117.5,119.35,6675,229200,117.13,118.95,119.35
2371,2021-06-03 11:10:00,119.0,119.5,118.55,118.95,8025,229200,117.15,118.3,118.8
2372,2021-06-03 11:11:00,119.0,119.45,118.0,118.2,2175,221475,117.15,118.0,118.45
2373,2021-06-03 11:12:00,118.0,118.4,117.6,118.4,1350,221475,117.15,118.15,118.4
2374,2021-06-03 11:13:00,118.4,119.0,118.4,118.45,750,221475,117.15,117.8,118.35
2375,2021-06-03 11:14:00,118.0,119.0,117.9,119.0,1275,220650,117.16,118.5,118.95
2376,2021-06-03 11:15:00,119.0,119.55,118.2,118.75,5775,220650,117.17,118.35,118.85
2377,2021-06-03 11:16:00,118.0,119.05,118.0,118.9,7800,220650,117.19,118.9,119.45
2378,2021-06-03 11:17:00,119.75,119.75,118.85,119.4,3600,222150,117.2,119.05,119.55
2379,2021-06-03 11:18:00,119.45,120.0,118.8,119.2,5400,222150,117.21,119.35,119.6
2380,2021-06-03 11:19:00,119.6,119.8,118.0,118.0,5625,222150,117.22,117.8,118.5
2381,2021-06-03 11:20:00,118.25,118.85,117.9,118.3,1725,223875,117.22,118.0,118.35
2382,2021-06-03 11:21:00,118.0,119.15,117.75,119.0,2550,223875,117.23,118.7,119.15
2383,2021-06-03 11:22:00,119.0,119.75,118.75,119.75,4050,223875,117.23,119.15,119.65
2384,2021-06-03 11:23:00,119.3,119.3,118.55,119.15,1050,223875,117.24,119.25,119.7
2385,2021-06-03 11:24:00,119.25,120.15,118.75,118.75,7200,222000,117.26,118.95,119.4
2386,2021-06-03 11:25:00,119.0,119.0,117.6,118.2,3750,222000,117.26,117.8,118.45
2387,2021-06-03 11:26:00,117.9,120.25,117.9,118.8,10275,227475,117.28,118.6,119.05
2388,2021-06-03 11:27:00,118.6,120.15,118.45,119.6,3750,227475,117.29,119.3,119.8
2389,2021-06-03 11:28:00,119.4,119.4,118.45,118.45,1950,227475,117.3,118.25,118.7
2390,2021-06-03 11:29:00,118.9,119.6,118.45,119.6,2025,227475,117.3,119.35,119.8
2391,2021-06-03 11:30:00,119.55,119.55,117.3,117.45,6225,228450,117.31,117.8,118.35
2392,2021-06-03 11:31:00,117.75,118.95,117.75,117.85,3150,228450,117.31,117.75,118.3
2393,2021-06-03 11:32:00,117.85,117.95,115.4,115.95,11550,232575,117.3,115.0,115.3
2394,2021-06-03 11:33:00,115.4,115.95,111.55,112.05,13650,232575,117.23,112.05,112.35
2395,2021-06-03 11:34:00,112.1,112.35,109.15,112.1,26250,232575,117.05,112.25,112.75
2396,2021-06-03 11:35:00,112.25,113.5,112.25,112.7,12000,245100,117.0,112.25,112.8
2397,2021-06-03 11:36:00,113.15,113.15,112.1,112.2,7650,245100,116.96,112.25,112.4
2398,2021-06-03 11:37:00,112.35,113.85,112.05,113.85,8025,245100,116.93,113.3,113.75
2399,2021-06-03 11:38:00,113.9,113.9,112.7,113.2,5850,258375,116.9,113.05,113.4
2400,2021-06-03 11:39:00,113.5,113.8,112.6,112.85,8850,258375,116.87,112.6,112.85
2401,2021-06-03 11:40:00,112.95,113.5,112.8,113.0,4575,258375,116.85,112.65,113.1
2402,2021-06-03 11:41:00,113.0,113.45,112.15,113.25,4800,258525,116.83,112.65,113.05
2403,2021-06-03 11:42:00,112.4,113.7,112.05,113.0,7200,258525,116.81,112.65,113.2
2404,2021-06-03 11:43:00,113.2,113.25,111.95,111.95,15375,258525,116.74,111.25,111.85
2405,2021-06-03 11:44:00,111.75,112.6,111.4,112.6,10725,258525,116.69,112.35,112.85
2406,2021-06-03 11:45:00,112.15,112.45,112.0,112.25,3900,260400,116.67,112.35,112.7
2407,2021-06-03 11:46:00,112.3,112.5,111.7,112.2,6600,260400,116.64,111.9,112.35
2408,2021-06-03 11:47:00,112.1,112.65,110.45,110.45,6225,265875,116.61,110.4,110.75
2409,2021-06-03 11:48:00,110.0,110.25,107.95,108.4,18300,265875,116.48,108.15,108.45
2410,2021-06-03 11:49:00,107.85,108.75,107.85,108.65,4800,265875,116.44,108.15,108.65
2411,2021-06-03 11:50:00,108.8,108.85,108.2,108.8,5400,265875,116.4,108.5,108.8
2412,2021-06-03 11:51:00,108.75,109.9,108.0,109.9,9150,270750,116.33,109.5,109.9
2413,2021-06-03 11:52:00,110.15,110.2,109.55,109.85,10575,270750,116.27,109.3,109.7
2414,2021-06-03 11:53:00,109.7,109.7,109.0,109.25,4275,270750,116.24,109.1,109.45
2415,2021-06-03 11:54:00,109.05,109.45,108.25,108.8,3975,283350,116.21,108.55,108.95
2416,2021-06-03 11:55:00,108.95,109.1,108.55,109.0,2025,283350,116.2,108.9,109.0
2417,2021-06-03 11:56:00,109.05,109.15,108.5,109.0,2475,283350,116.18,108.55,108.95
2418,2021-06-03 11:57:00,108.95,110.55,108.5,110.55,5250,286575,116.15,109.5,110.0
2419,2021-06-03 11:58:00,110.0,110.0,109.1,109.2,1725,286575,116.14,109.2,109.5
2420,2021-06-03 11:59:00,109.5,110.4,109.45,110.25,2025,286575,116.13,109.85,110.3
2421,2021-06-03 12:00:00,109.85,110.3,109.55,109.8,4950,289050,116.1,109.55,109.95
2422,2021-06-03 12:01:00,110.05,110.5,109.8,110.45,2550,289050,116.08,110.0,110.4
2423,2021-06-03 12:02:00,110.0,110.4,109.35,109.35,1575,289050,116.08,109.35,109.65
2424,2021-06-03 12:03:00,109.35,109.45,108.95,108.95,975,287850,116.07,108.65,109.15
2425,2021-06-03 12:04:00,108.6,109.95,108.6,109.05,6000,287850,116.03,109.0,109.45
2426,2021-06-03 12:05:00,109.2,109.6,109.2,109.55,525,287850,116.03,109.5,110.0
2427,2021-06-03 12:06:00,110.0,110.85,109.9,110.85,3675,287250,116.01,110.5,110.95
2428,2021-06-03 12:07:00,110.95,111.2,110.45,111.2,3225,287250,116.0,111.0,111.35
2429,2021-06-03 12:08:00,110.85,111.15,110.0,110.0,4575,287250,115.97,109.7,110.0
2430,2021-06-03 12:09:00,110.0,110.75,109.8,110.2,4575,288450,115.95,109.9,110.45
2431,2021-06-03 12:10:00,110.15,111.0,110.15,110.7,1425,288450,115.94,110.35,110.85
2432,2021-06-03 12:11:00,110.75,110.9,110.5,110.9,1125,288450,115.94,110.65,110.9
2433,2021-06-03 12:12:00,110.5,111.45,110.5,110.8,4350,287400,115.92,110.7,111.0
2434,2021-06-03 12:13:00,111.0,112.2,111.0,112.1,2325,287400,115.91,112.05,112.5
2435,2021-06-03 12:14:00,112.0,112.7,111.55,112.0,3675,287400,115.9,111.5,111.95
2436,2021-06-03 12:15:00,112.0,112.85,112.0,112.85,2925,285825,115.89,112.35,112.85
2437,2021-06-03 12:16:00,112.85,112.85,112.05,112.45,1800,285825,115.88,112.0,112.5
2438,2021-06-03 12:17:00,112.0,112.25,111.35,111.4,2625,285825,115.87,111.1,111.65
2439,2021-06-03 12:18:00,111.5,112.2,111.35,112.05,1650,287100,115.87,111.6,112.2
2440,2021-06-03 12:19:00,112.15,112.75,111.55,112.0,6525,287100,115.85,112.0,112.5
2441,2021-06-03 12:20:00,112.75,113.95,112.65,113.35,7425,287100,115.83,113.0,113.25
2442,2021-06-03 12:21:00,113.0,113.0,112.25,112.95,8775,282750,115.81,112.4,112.85
2443,2021-06-03 12:22:00,112.7,113.0,112.5,112.75,3750,282750,115.8,112.7,113.2
2444,2021-06-03 12:23:00,113.35,113.45,112.75,112.8,2775,282750,115.79,112.8,113.25
2445,2021-06-03 12:24:00,112.8,114.1,112.8,113.95,9075,281025,115.78,114.0,114.5
2446,2021-06-03 12:25:00,114.05,114.5,112.85,112.85,8475,281025,115.76,112.4,112.75
2447,2021-06-03 12:26:00,113.0,113.0,111.35,111.35,11400,281025,115.73,111.45,111.75
2448,2021-06-03 12:27:00,112.0,113.05,111.55,113.0,6375,282750,115.71,113.15,113.75
2449,2021-06-03 12:28:00,113.9,114.5,113.75,114.1,1950,282750,115.71,114.1,114.35
2450,2021-06-03 12:29:00,114.1,114.1,113.1,113.1,5550,282750,115.7,113.45,113.5
2451,2021-06-03 12:30:00,113.5,113.65,113.05,113.25,1575,277800,115.69,113.05,113.45
2452,2021-06-03 12:31:00,113.55,114.15,113.55,114.15,1725,277800,115.69,114.05,114.5
2453,2021-06-03 12:32:00,114.05,115.0,113.65,113.65,5475,277800,115.69,113.0,113.4
2454,2021-06-03 12:33:00,113.55,114.15,113.55,113.7,2025,276075,115.68,113.65,114.1
2455,2021-06-03 12:34:00,113.75,114.25,113.35,113.95,1950,276075,115.68,113.45,113.85
2456,2021-06-03 12:35:00,114.35,115.4,114.1,115.3,3375,276075,115.68,114.8,115.4
2457,2021-06-03 12:36:00,115.0,115.0,114.35,114.5,1200,277200,115.68,114.0,114.35
2458,2021-06-03 12:37:00,114.95,115.0,113.75,115.0,1575,277200,115.68,114.45,114.95
2459,2021-06-03 12:38:00,114.95,115.0,114.05,114.6,3675,277200,115.67,114.35,114.8
2460,2021-06-03 12:39:00,114.85,116.35,114.7,116.35,4800,275025,115.67,115.55,116.15
2461,2021-06-03 12:40:00,116.2,117.3,116.2,116.55,6300,275025,115.68,116.0,116.5
2462,2021-06-03 12:41:00,116.0,116.5,115.5,115.5,3825,275025,115.68,115.5,115.95
2463,2021-06-03 12:42:00,115.5,120.65,115.5,119.2,23625,272025,115.74,118.7,119.3
2464,2021-06-03 12:43:00,118.7,119.75,117.4,118.5,3900,272025,115.75,119.3,119.9
2465,2021-06-03 12:44:00,119.0,122.1,118.5,122.0,13575,272025,115.8,121.15,121.75
2466,2021-06-03 12:45:00,122.0,123.6,119.3,119.3,21150,268125,115.89,119.75,120.0
2467,2021-06-03 12:46:00,119.45,121.55,119.45,120.65,11850,268125,115.94,120.3,120.8
2468,2021-06-03 12:47:00,120.9,122.0,119.85,121.1,6300,268125,115.96,121.05,121.6
2469,2021-06-03 12:48:00,122.4,122.4,118.55,118.55,12225,261450,116.01,118.1,118.65
2470,2021-06-03 12:49:00,118.05,119.4,117.7,118.95,6825,261450,116.02,118.45,118.95
2471,2021-06-03 12:50:00,118.7,120.35,118.25,119.6,3750,261450,116.03,119.5,119.95
2472,2021-06-03 12:51:00,119.5,119.5,114.3,114.75,12600,263700,116.03,114.35,114.95
2473,2021-06-03 12:52:00,114.95,117.9,114.95,117.9,14250,263700,116.04,117.6,118.1
2474,2021-06-03 12:53:00,117.55,118.0,116.95,116.95,1725,263700,116.04,117.0,117.65
2475,2021-06-03 12:54:00,117.2,117.75,116.3,116.3,3450,270975,116.04,116.45,116.95
2476,2021-06-03 12:55:00,116.5,119.15,116.0,119.15,3450,270975,116.05,118.6,119.0
2477,2021-06-03 12:56:00,118.95,119.4,117.8,119.0,8700,270975,116.06,118.65,119.15
2478,2021-06-03 12:57:00,118.65,120.55,118.65,119.5,14025,268350,116.1,119.2,119.45
2479,2021-06-03 12:58:00,119.45,119.45,118.05,119.0,2100,268350,116.11,118.15,118.5
2480,2021-06-03 12:59:00,118.2,118.65,116.35,116.5,5475,268350,116.11,116.45,116.95
2481,2021-06-03 13:00:00,116.45,118.0,116.45,117.6,1725,262500,116.11,117.8,118.2
2482,2021-06-03 13:01:00,118.35,118.65,117.1,117.1,4500,262500,116.12,117.05,117.4
2483,2021-06-03 13:02:00,117.4,118.5,117.35,117.6,2100,262500,116.12,117.65,118.1
2484,2021-06-03 13:03:00,117.8,117.95,116.9,117.2,1875,263325,116.12,116.75,117.2
2485,2021-06-03 13:04:00,117.4,118.7,117.4,118.7,3750,263325,116.13,118.75,119.0
2486,2021-06-03 13:05:00,118.8,118.8,117.65,118.25,10350,263325,116.14,118.15,118.5
2487,2021-06-03 13:06:00,118.3,119.95,118.3,119.95,6600,263475,116.16,119.4,119.9
2488,2021-06-03 13:07:00,119.5,120.0,118.05,119.0,2775,263475,116.16,118.7,119.2
2489,2021-06-03 13:08:00,119.0,119.0,117.15,117.95,3600,263475,116.17,118.95,119.4
2490,2021-06-03 13:09:00,119.25,119.6,118.65,119.2,3000,266925,116.17,118.8,119.2
2491,2021-06-03 13:10:00,119.5,119.95,119.2,119.2,4725,266925,116.18,119.05,119.55
2492,2021-06-03 13:11:00,118.9,119.2,118.25,118.35,1575,266925,116.19,118.45,118.9
2493,2021-06-03 13:12:00,119.8,120.8,119.8,120.3,3525,265200,116.2,120.25,120.75
2494,2021-06-03 13:13:00,120.0,122.35,120.0,122.05,6900,265200,116.22,121.55,122.0
2495,2021-06-03 13:14:00,121.8,124.75,121.8,124.35,23250,265200,116.34,124.1,124.55
2496,2021-06-03 13:15:00,124.15,124.8,123.15,123.95,9975,259725,116.39,123.15,123.6
2497,2021-06-03 13:16:00,122.9,122.9,120.2,120.2,7650,259725,116.41,120.05,120.25
2498,2021-06-03 13:17:00,120.25,122.0,120.25,121.9,4050,259725,116.43,121.65,122.2
2499,2021-06-03 13:18:00,121.65,123.5,121.65,122.0,3975,256350,116.44,122.25,122.65
2500,2021-06-03 13:19:00,122.0,124.25,122.0,124.1,4350,256350,116.46,123.9,124.2
2501,2021-06-03 13:20:00,124.4,125.0,123.2,123.7,8925,256350,116.51,123.3,123.85
2502,2021-06-03 13:21:00,124.0,124.3,120.9,121.2,5925,252150,116.54,121.0,121.5
2503,2021-06-03 13:22:00,122.35,123.85,122.0,123.7,3675,252150,116.55,123.25,123.75
2504,2021-06-03 13:23:00,123.75,124.25,122.95,123.25,3000,252150,116.56,123.85,124.35
2505,2021-06-03 13:24:00,123.65,132.0,123.65,130.4,29475,252525,116.78,129.95,130.6
2506,2021-06-03 13:25:00,131.4,137.5,129.55,129.7,26400,252525,117.05,129.35,129.85
2507,2021-06-03 13:26:00,129.5,133.6,129.5,131.5,21975,252525,117.25,131.55,132.0
2508,2021-06-03 13:27:00,132.5,132.85,124.1,124.1,12675,230625,117.35,124.55,125.0
2509,2021-06-03 13:28:00,124.9,127.45,124.5,126.25,3750,230625,117.37,125.7,126.2
2510,2021-06-03 13:29:00,125.05,125.05,122.9,124.1,11175,230625,117.42,123.7,124.2
2511,2021-06-03 13:30:00,122.1,123.1,120.2,122.0,9900,229875,117.44,121.5,122.05
2512,2021-06-03 13:31:00,121.5,123.25,121.5,121.8,3675,229875,117.45,121.35,121.85
2513,2021-06-03 13:32:00,121.5,124.0,121.5,123.8,6150,229875,117.47,121.9,122.4
2514,2021-06-03 13:33:00,122.8,123.5,121.5,122.6,3675,232575,117.48,121.4,121.8
2515,2021-06-03 13:34:00,121.55,121.7,118.55,119.4,12000,232575,117.5,119.45,119.85
2516,2021-06-03 13:35:00,118.3,119.6,110.25,115.25,25050,232575,117.43,114.2,114.55
2517,2021-06-03 13:36:00,114.5,117.0,114.5,117.0,16950,242850,117.42,116.7,117.0
2518,2021-06-03 13:37:00,117.0,117.0,115.45,116.15,10575,242850,117.41,116.1,116.55
2519,2021-06-03 13:38:00,116.2,117.45,115.65,117.45,6600,242850,117.41,117.05,117.45
2520,2021-06-03 13:39:00,117.45,118.65,117.0,117.4,6900,253200,117.41,116.85,117.4
2521,2021-06-03 13:40:00,117.6,117.95,116.5,117.35,6750,253200,117.41,117.5,118.0
2522,2021-06-03 13:41:00,117.95,117.95,114.0,114.9,10500,253200,117.4,114.6,115.15
2523,2021-06-03 13:42:00,114.75,115.1,114.0,114.85,12900,260925,117.38,114.5,114.95
2524,2021-06-03 13:43:00,114.85,115.4,113.95,115.3,6525,260925,117.37,114.95,115.4
2525,2021-06-03 13:44:00,114.2,116.15,114.2,115.0,4650,260925,117.36,115.0,115.3
2526,2021-06-03 13:45:00,115.0,115.85,114.65,115.75,5400,266250,117.36,115.65,116.15
2527,2021-06-03 13:46:00,115.55,115.7,114.95,115.7,5550,266250,117.35,115.4,115.95
2528,2021-06-03 13:47:00,115.65,116.35,115.2,116.35,6900,266250,117.34,115.95,116.35
2529,2021-06-03 13:48:00,116.35,116.5,115.45,115.9,4200,267525,117.34,115.5,116.05
2530,2021-06-03 13:49:00,115.5,116.8,115.5,115.5,2700,267525,117.34,115.2,115.7
2531,2021-06-03 13:50:00,115.1,115.55,111.0,112.0,21450,267525,117.29,111.8,112.4
2532,2021-06-03 13:51:00,112.55,112.55,109.1,111.0,23925,281400,117.2,111.05,111.5
2533,2021-06-03 13:52:00,111.0,112.95,110.55,112.7,9150,281400,117.17,112.1,112.45
2534,2021-06-03 13:53:00,112.5,113.3,112.0,112.45,6000,281400,117.16,112.4,112.85
2535,2021-06-03 13:54:00,112.5,112.7,112.0,112.4,8400,290025,117.14,112.0,112.35
2536,2021-06-03 13:55:00,112.35,112.35,109.0,110.9,15450,290025,117.08,110.65,111.0
2537,2021-06-03 13:56:00,110.7,112.5,110.7,112.25,3225,290025,117.07,111.7,112.15
2538,2021-06-03 13:57:00,112.0,112.25,111.0,112.0,7950,295950,117.05,111.15,111.6
2539,2021-06-03 13:58:00,112.0,112.45,111.55,112.0,3900,295950,117.04,112.15,112.55
2540,2021-06-03 13:59:00,112.35,112.35,109.3,109.3,7350,295950,117.02,109.3,109.8
2541,2021-06-03 14:00:00,109.0,110.65,109.0,110.0,9900,301575,116.98,109.85,110.25
2542,2021-06-03 14:01:00,109.6,110.35,109.0,109.35,6900,301575,116.95,109.05,109.45
2543,2021-06-03 14:02:00,109.45,109.9,108.95,109.9,3975,301575,116.94,109.45,109.9
2544,2021-06-03 14:03:00,109.4,110.5,109.35,110.45,10875,303075,116.9,110.15,110.5
2545,2021-06-03 14:04:00,110.0,111.7,108.55,108.6,15600,303075,116.84,108.55,108.8
2546,2021-06-03 14:05:00,108.5,108.55,105.0,106.35,22200,303075,116.73,105.95,106.4
2547,2021-06-03 14:06:00,106.3,107.7,105.95,106.8,9675,309300,116.68,106.65,107.0
2548,2021-06-03 14:07:00,107.0,107.55,106.1,106.5,8850,309300,116.64,106.45,106.8
2549,2021-06-03 14:08:00,106.8,106.95,105.75,106.95,6000,309300,116.61,106.45,106.9
2550,2021-06-03 14:09:00,106.75,107.25,106.25,106.5,4950,314850,116.59,106.6,107.15
2551,2021-06-03 14:10:00,106.75,107.65,102.65,102.85,21375,314850,116.47,102.9,103.35
2552,2021-06-03 14:11:00,103.25,103.25,97.0,100.6,47550,314850,116.1,100.55,101.0
2553,2021-06-03 14:12:00,100.4,100.45,99.15,100.1,27600,330225,115.89,100.1,100.55
2554,2021-06-03 14:13:00,99.85,101.8,99.85,101.05,17625,330225,115.76,101.45,101.9
2555,2021-06-03 14:14:00,101.45,102.1,100.5,100.5,10125,330225,115.69,100.35,100.8
2556,2021-06-03 14:15:00,100.2,100.2,98.05,99.35,16050,345900,115.57,99.25,99.55
2557,2021-06-03 14:16:00,99.65,99.65,97.8,99.05,9375,345900,115.5,99.1,99.45
2558,2021-06-03 14:17:00,99.5,99.75,98.85,99.75,7425,345900,115.44,99.25,99.75
2559,2021-06-03 14:18:00,99.6,103.25,99.6,102.0,15225,349575,115.35,101.45,102.0
2560,2021-06-03 14:19:00,100.75,102.35,100.25,100.25,8025,349575,115.3,100.35,100.8
2561,2021-06-03 14:20:00,100.1,100.5,99.0,99.85,5700,349575,115.26,99.9,100.4
2562,2021-06-03 14:21:00,99.75,101.25,99.75,101.25,6525,355125,115.22,101.05,101.55
2563,2021-06-03 14:22:00,102.0,102.45,101.3,102.0,3600,355125,115.19,102.05,102.35
2564,2021-06-03 14:23:00,102.35,102.4,100.85,102.4,5850,355125,115.16,101.95,102.45
2565,2021-06-03 14:24:00,102.5,103.0,101.95,102.7,6675,357675,115.12,102.15,102.55
2566,2021-06-03 14:25:00,102.85,103.75,102.0,102.2,9225,357675,115.07,102.05,102.35
2567,2021-06-03 14:26:00,102.4,103.7,102.0,103.7,5175,357675,115.04,103.7,104.0
2568,2021-06-03 14:27:00,104.05,104.2,103.25,104.1,6300,359475,115.01,103.9,104.2
2569,2021-06-03 14:28:00,104.15,104.8,103.4,104.0,6600,359475,114.98,103.65,104.0
2570,2021-06-03 14:29:00,103.7,103.85,98.25,100.35,16425,359475,114.88,100.4,100.75
2571,2021-06-03 14:30:00,100.7,102.5,100.5,101.85,6900,363300,114.84,101.35,101.85
2572,2021-06-03 14:31:00,101.7,102.05,100.6,101.75,9300,363300,114.78,101.4,101.8
2573,2021-06-03 14:32:00,101.05,101.9,99.15,99.5,18900,363300,114.66,99.5,99.85
2574,2021-06-03 14:33:00,99.4,100.6,98.5,99.3,12750,381000,114.58,99.05,99.55
2575,2021-06-03 14:34:00,99.0,101.6,99.0,100.8,5325,381000,114.55,100.55,101.0
2576,2021-06-03 14:35:00,100.9,101.55,99.65,100.45,14175,381000,114.46,100.1,100.5
2577,2021-06-03 14:36:00,100.3,101.35,99.8,100.9,12525,386775,114.39,100.8,101.3
2578,2021-06-03 14:37:00,100.8,101.35,99.9,100.3,7800,386775,114.34,100.35,100.7
2579,2021-06-03 14:38:00,100.45,102.4,100.25,101.75,8550,386775,114.3,101.45,101.95
2580,2021-06-03 14:39:00,101.7,102.0,101.0,101.85,5400,382725,114.27,101.35,101.75
2581,2021-06-03 14:40:00,102.0,102.6,101.8,102.05,4650,382725,114.25,102.05,102.45
2582,2021-06-03 14:41:00,102.0,102.0,99.75,99.75,14850,382725,114.16,99.9,100.25
2583,2021-06-03 14:42:00,99.95,101.0,99.3,99.9,9075,391950,114.11,99.75,100.2
2584,2021-06-03 14:43:00,100.1,100.3,99.3,100.2,4650,391950,114.08,100.2,100.6
2585,2021-06-03 14:44:00,100.35,102.15,99.65,102.15,6600,391950,114.05,101.8,102.15
2586,2021-06-03 14:45:00,101.35,106.55,101.35,103.7,44475,382875,113.87,103.55,104.05
2587,2021-06-03 14:46:00,103.35,104.4,102.35,103.2,10725,382875,113.83,102.95,103.45
2588,2021-06-03 14:47:00,103.25,104.9,102.0,102.55,14625,382875,113.77,102.25,102.55
2589,2021-06-03 14:48:00,102.55,104.65,101.45,104.5,16125,385950,113.7,104.35,104.85
2590,2021-06-03 14:49:00,104.6,107.2,104.35,105.0,28500,385950,113.61,104.55,105.0
2591,2021-06-03 14:50:00,105.2,106.95,105.2,105.65,10650,385950,113.58,105.5,105.8
2592,2021-06-03 14:51:00,105.5,108.5,105.5,108.5,23550,384750,113.53,107.8,108.2
2593,2021-06-03 14:52:00,108.05,109.0,106.3,108.1,13875,384750,113.49,107.95,108.5
2594,2021-06-03 14:53:00,108.1,109.45,108.1,109.1,14850,384750,113.47,109.1,109.4
2595,2021-06-03 14:54:00,109.1,109.65,107.3,108.0,11925,387150,113.44,107.9,108.4
2596,2021-06-03 14:55:00,107.65,109.55,107.35,108.65,21825,387150,113.4,108.35,108.8
2597,2021-06-03 14:56:00,108.35,108.45,105.7,106.0,26100,387150,113.34,105.95,106.4
2598,2021-06-03 14:57:00,106.0,107.0,102.85,102.85,13950,402300,113.3,103.0,103.45
2599,2021-06-03 14:58:00,103.2,107.35,103.2,107.1,6825,402300,113.28,106.7,107.15
2600,2021-06-03 14:59:00,107.1,107.1,102.5,102.75,10275,402300,113.25,102.55,102.9
2601,2021-06-03 15:00:00,102.3,102.3,97.35,98.85,48900,409950,113.0,98.45,98.85
2602,2021-06-03 15:01:00,98.45,98.9,97.4,97.9,33900,409950,112.82,97.95,98.25
2603,2021-06-03 15:02:00,98.3,98.45,95.1,96.0,40200,409950,112.59,95.75,96.15
2604,2021-06-03 15:03:00,96.15,98.55,95.55,97.65,17925,433050,112.49,97.6,97.95
2605,2021-06-03 15:04:00,97.95,98.5,96.4,96.4,19500,433050,112.39,96.0,96.35
2606,2021-06-03 15:05:00,96.25,96.4,95.1,96.05,17775,433050,112.29,96.05,96.4
2607,2021-06-03 15:06:00,96.4,96.6,95.8,96.5,9300,449550,112.24,96.4,96.6
2608,2021-06-03 15:07:00,96.5,97.65,96.3,97.2,16875,449550,112.15,97.0,97.3
2609,2021-06-03 15:08:00,97.3,98.0,96.95,98.0,12225,449550,112.09,97.6,98.0
2610,2021-06-03 15:09:00,98.0,98.0,95.55,95.55,29925,467250,111.93,95.5,95.75
2611,2021-06-03 15:10:00,95.45,96.7,95.45,95.9,19950,467250,111.82,95.6,95.85
2612,2021-06-03 15:11:00,95.95,97.2,95.7,97.15,13425,467250,111.75,97.1,97.45
2613,2021-06-03 15:12:00,97.4,98.45,97.05,98.35,14550,468225,111.68,98.0,98.35
2614,2021-06-03 15:13:00,97.95,98.4,97.2,97.7,26025,468225,111.56,97.75,98.1
2615,2021-06-03 15:14:00,98.3,98.3,97.1,97.1,11175,468225,111.51,97.1,97.45
2616,2021-06-03 15:15:00,97.45,97.85,97.15,97.25,10950,469500,111.46,97.15,97.45
2617,2021-06-03 15:16:00,97.45,98.5,97.25,98.2,13275,469500,111.4,98.15,98.5
2618,2021-06-03 15:17:00,98.5,99.0,98.1,98.25,13350,469500,111.35,98.3,98.6
2619,2021-06-03 15:18:00,98.3,99.0,98.15,98.75,13950,473850,111.29,98.3,98.55
2620,2021-06-03 15:19:00,98.6,98.65,97.9,98.2,15675,473850,111.22,98.05,98.25
2621,2021-06-03 15:20:00,98.05,98.5,97.95,98.15,10425,473850,111.18,98.0,98.25
2622,2021-06-03 15:21:00,97.8,98.1,96.1,96.6,29625,466950,111.04,96.55,96.85
2623,2021-06-03 15:22:00,96.55,97.0,96.0,96.1,37875,466950,110.87,96.2,96.45
2624,2021-06-03 15:23:00,96.45,96.6,95.8,96.55,17175,466950,110.79,96.45,96.65
2625,2021-06-03 15:24:00,96.6,97.7,96.3,97.4,17700,460050,110.72,97.25,97.7
2626,2021-06-03 15:25:00,97.6,98.75,97.25,98.0,19350,460050,110.64,98.15,98.25
2627,2021-06-03 15:26:00,98.5,98.85,98.1,98.55,8925,460050,110.61,98.55,98.8
2628,2021-06-03 15:27:00,98.75,99.0,97.05,97.55,19800,462600,110.53,97.2,97.55
2629,2021-06-03 15:28:00,97.6,97.6,92.05,92.2,41100,462600,110.35,92.25,92.6
2630,2021-06-03 15:29:00,97.6,97.6,92.05,92.2,41100,462600,110.35,92.25,92.6
2631,2021-06-03 15:30:00,92.5,94.65,91.2,93.4,30825,462600,110.18,93.25,93.85
2632,2021-06-04 09:15:00,93.5,105.0,70.25,98.0,158175,474900,98.07,98.0,98.45
2633,2021-06-04 09:16:00,98.4,98.75,94.2,96.95,88200,474900,97.41,96.85,97.25
2634,2021-06-04 09:17:00,97.6,98.45,95.4,97.4,69075,578850,97.4,97.5,97.7
2635,2021-06-04 09:18:00,97.3,99.45,97.1,98.1,108975,578850,97.61,97.85,98.15
2636,2021-06-04 09:19:00,97.95,98.05,95.8,98.0,76050,578850,97.53,97.75,97.95
2637,2021-06-04 09:20:00,98.55,100.5,96.9,99.15,105000,650925,97.71,99.1,99.3
2638,2021-06-04 09:21:00,99.55,99.55,97.5,98.95,64500,650925,97.79,98.8,98.95
2639,2021-06-04 09:22:00,98.7,99.95,97.5,98.6,72375,650925,97.9,98.55,98.75
2640,2021-06-04 09:23:00,99.5,99.65,97.9,99.4,47250,709350,97.94,98.9,99.1
2641,2021-06-04 09:24:00,98.9,99.75,96.7,96.9,53925,709350,97.94,96.55,96.75
2642,2021-06-04 09:25:00,96.5,98.5,96.0,97.2,52650,709350,97.88,97.05,97.2
2643,2021-06-04 09:26:00,96.5,96.75,91.75,94.2,106275,751950,97.51,94.2,94.4
2644,2021-06-04 09:27:00,94.15,94.5,92.6,94.5,49800,751950,97.32,94.3,94.55
2645,2021-06-04 09:28:00,94.35,94.85,92.6,93.4,40800,751950,97.18,93.4,93.6
2646,2021-06-04 09:29:00,93.55,93.55,91.4,92.7,51975,777075,96.96,92.65,92.9
2647,2021-06-04 09:30:00,92.55,94.7,91.05,94.7,55200,777075,96.76,94.65,94.8
2648,2021-06-04 09:31:00,94.4,94.6,92.65,93.75,45300,777075,96.65,93.55,93.8
2649,2021-06-04 09:32:00,93.7,94.0,92.15,93.0,24525,785175,96.59,92.95,93.15
2650,2021-06-04 09:33:00,93.1,95.35,92.9,95.0,32550,785175,96.53,94.95,95.2
2651,2021-06-04 09:34:00,95.45,96.85,94.95,96.05,35625,785175,96.51,96.2,96.35
2652,2021-06-04 09:35:00,95.9,97.55,95.9,97.05,43650,788325,96.51,97.1,97.35
2653,2021-06-04 09:36:00,97.45,97.45,94.0,95.1,28425,788325,96.49,94.9,95.15
2654,2021-06-04 09:37:00,95.15,95.15,92.85,94.0,33975,788325,96.42,93.75,93.95
2655,2021-06-04 09:38:00,93.9,94.0,92.5,93.3,27900,809325,96.36,93.15,93.35
2656,2021-06-04 09:39:00,93.4,93.4,90.15,90.65,40800,809325,96.23,90.45,90.7
2657,2021-06-04 09:40:00,90.6,92.05,89.1,91.9,66000,809325,96.0,91.65,91.9
2658,2021-06-04 09:41:00,91.6,93.05,91.05,91.35,34050,826200,95.92,91.2,91.45
2659,2021-06-04 09:42:00,91.55,91.7,90.55,91.25,22650,826200,95.85,91.2,91.45
2660,2021-06-04 09:43:00,91.2,91.75,90.15,91.5,25800,826200,95.78,91.5,91.65
2661,2021-06-04 09:44:00,91.4,92.9,91.35,92.3,30150,843975,95.71,92.2,92.5
2662,2021-06-04 09:45:00,92.5,94.0,92.5,94.0,33825,843975,95.66,93.75,93.95
2663,2021-06-04 09:46:00,94.0,94.65,93.0,93.45,35250,843975,95.63,93.55,93.8
2664,2021-06-04 09:47:00,93.6,95.1,93.35,94.9,45000,849450,95.6,94.75,94.95
2665,2021-06-04 09:48:00,94.65,95.0,93.6,94.9,23175,849450,95.58,94.85,94.95
2666,2021-06-04 09:49:00,94.9,94.95,93.05,93.55,19500,849450,95.57,93.5,93.7
2667,2021-06-04 09:50:00,93.4,95.35,93.4,95.1,21450,840300,95.56,95.1,95.3
2668,2021-06-04 09:51:00,95.05,95.7,94.35,95.65,23925,840300,95.55,95.55,95.7
2669,2021-06-04 09:52:00,95.7,96.7,94.85,96.7,34275,840300,95.55,96.45,96.7
2670,2021-06-04 09:53:00,96.35,97.1,94.55,94.9,51825,855375,95.56,94.8,95.0
2671,2021-06-04 09:54:00,94.8,95.15,93.85,94.2,18450,855375,95.55,94.0,94.25
2672,2021-06-04 09:55:00,94.0,94.5,93.25,93.65,17475,855375,95.54,93.5,93.75
2673,2021-06-04 09:56:00,94.05,96.4,93.85,95.8,28650,865050,95.53,95.5,95.8
2674,2021-06-04 09:57:00,95.6,96.1,94.7,95.15,12825,865050,95.53,95.0,95.25
2675,2021-06-04 09:58:00,95.15,96.2,94.45,95.45,19275,865050,95.53,95.2,95.5
2676,2021-06-04 09:59:00,95.45,95.45,91.5,91.5,38250,867675,95.49,91.35,91.5
2677,2021-06-04 10:00:00,91.5,92.0,85.3,86.45,107850,867675,95.16,86.5,86.75
2678,2021-06-04 10:01:00,86.85,88.7,85.95,86.65,44325,867675,95.0,86.65,86.95
2679,2021-06-04 10:02:00,86.75,89.0,86.7,88.85,64950,877125,94.8,88.55,88.8
2680,2021-06-04 10:03:00,88.55,88.55,86.0,86.55,25950,877125,94.72,86.3,86.6
2681,2021-06-04 10:04:00,85.75,86.5,84.75,85.4,52875,877125,94.51,85.4,85.65
2682,2021-06-04 10:05:00,85.0,85.0,80.75,81.5,93375,900675,94.03,81.45,81.65
2683,2021-06-04 10:06:00,81.8,85.3,81.75,85.3,51825,900675,93.82,85.15,85.4
2684,2021-06-04 10:07:00,85.5,85.55,83.35,84.35,37275,900675,93.68,84.25,84.4
2685,2021-06-04 10:08:00,84.85,85.0,82.75,83.35,18450,898950,93.61,83.15,83.35
2686,2021-06-04 10:09:00,83.05,84.5,80.55,81.9,35850,898950,93.46,81.85,82.0
2687,2021-06-04 10:10:00,81.85,83.8,80.1,82.85,58650,898950,93.19,82.65,82.85
2688,2021-06-04 10:11:00,83.1,85.85,82.9,85.4,41925,908550,93.06,85.35,85.65
2689,2021-06-04 10:12:00,85.6,86.05,83.45,84.85,54150,908550,92.91,84.7,84.9
2690,2021-06-04 10:13:00,84.9,85.35,82.65,84.1,47925,908550,92.76,84.05,84.3
2691,2021-06-04 10:14:00,84.0,84.0,82.25,82.4,29625,934125,92.65,82.2,82.4
2692,2021-06-04 10:15:00,82.3,83.35,80.6,83.35,46425,934125,92.48,83.2,83.45
2693,2021-06-04 10:16:00,83.85,85.5,83.5,85.15,48000,934125,92.36,85.15,85.35
2694,2021-06-04 10:17:00,85.65,85.95,83.95,84.55,62700,952350,92.2,84.5,84.75
2695,2021-06-04 10:18:00,84.65,85.3,82.9,83.1,32325,952350,92.11,82.75,83.0
2696,2021-06-04 10:19:00,82.65,83.55,81.8,83.4,40125,952350,91.99,83.4,83.65
2697,2021-06-04 10:20:00,83.65,85.6,83.3,85.2,31125,973725,91.91,85.0,85.15
2698,2021-06-04 10:21:00,84.85,85.1,82.75,83.35,35550,973725,91.82,83.2,83.4
2699,2021-06-04 10:22:00,83.25,84.1,82.9,83.8,21375,973725,91.76,83.6,83.75
2700,2021-06-04 10:23:00,83.8,84.8,82.25,83.2,21675,998925,91.71,82.95,83.15
2701,2021-06-04 10:24:00,83.0,83.65,82.6,83.05,13425,998925,91.67,83.1,83.35
2702,2021-06-04 10:25:00,82.95,84.0,82.65,82.8,17475,998925,91.63,82.7,82.85
2703,2021-06-04 10:26:00,82.95,83.3,77.75,79.2,77775,993600,91.35,79.25,79.5
2704,2021-06-04 10:27:00,79.3,79.35,75.95,77.35,77700,993600,91.03,77.25,77.45
2705,2021-06-04 10:28:00,77.35,79.35,77.35,79.3,18600,993600,90.96,79.15,79.35
2706,2021-06-04 10:29:00,79.2,79.7,78.4,79.45,16950,989175,90.9,79.35,79.5
2707,2021-06-04 10:30:00,79.2,80.95,78.8,80.3,22575,989175,90.83,80.2,80.4
2708,2021-06-04 10:31:00,81.0,83.5,80.7,82.7,37875,989175,90.74,82.55,82.8
2709,2021-06-04 10:32:00,82.7,86.8,82.4,86.55,91350,977625,90.6,86.25,86.45
2710,2021-06-04 10:33:00,86.75,88.3,85.0,86.0,91425,977625,90.5,86.0,86.25
2711,2021-06-04 10:34:00,85.9,87.75,84.85,87.75,38250,977625,90.46,87.55,87.8
2712,2021-06-04 10:35:00,87.95,92.25,86.85,91.85,116625,958875,90.44,91.65,91.85
2713,2021-06-04 10:36:00,91.8,95.5,90.7,92.7,141450,958875,90.53,92.8,93.05
2714,2021-06-04 10:37:00,93.8,97.35,93.75,95.65,166575,958875,90.73,95.65,95.8
2715,2021-06-04 10:38:00,96.15,97.85,92.4,93.05,148425,925875,90.92,92.65,92.95
2716,2021-06-04 10:39:00,92.5,95.95,91.75,95.85,84300,925875,90.96,95.55,95.8
2717,2021-06-04 10:40:00,96.0,97.2,93.05,94.0,89925,925875,91.05,94.0,94.1
2718,2021-06-04 10:41:00,94.55,94.85,89.5,91.35,99300,908625,91.07,91.4,91.65
2719,2021-06-04 10:42:00,90.95,92.65,89.4,92.3,53475,908625,91.06,92.05,92.3
2720,2021-06-04 10:43:00,92.2,92.25,89.7,91.5,72450,908625,91.06,91.65,91.9
2721,2021-06-04 10:44:00,92.35,92.75,90.0,91.85,37575,909975,91.07,91.6,91.85
2722,2021-06-04 10:45:00,91.45,94.65,90.9,94.5,63375,909975,91.09,94.35,94.6
2723,2021-06-04 10:46:00,94.55,98.3,94.55,97.4,140325,909975,91.25,97.25,97.55
2724,2021-06-04 10:47:00,97.55,98.35,96.15,97.2,99000,898425,91.37,97.1,97.35
2725,2021-06-04 10:48:00,96.7,98.1,95.85,98.1,63225,898425,91.44,97.95,98.15
2726,2021-06-04 10:49:00,98.2,98.2,92.85,93.95,69000,898425,91.49,93.8,93.95
2727,2021-06-04 10:50:00,94.0,94.65,90.05,91.1,72600,898125,91.49,91.1,91.3
2728,2021-06-04 10:51:00,91.3,91.5,88.85,89.1,48000,898125,91.48,88.95,89.15
2729,2021-06-04 10:52:00,88.65,89.35,87.1,89.35,48225,898125,91.44,88.9,89.15
2730,2021-06-04 10:53:00,89.4,91.0,89.3,90.9,33525,906375,91.44,90.65,90.95
2731,2021-06-04 10:54:00,90.9,93.15,89.1,92.9,44400,906375,91.44,92.8,93.0
2732,2021-06-04 10:55:00,92.85,94.3,92.55,93.95,48600,906375,91.46,93.65,93.95
2733,2021-06-04 10:56:00,93.95,94.3,93.0,94.2,33750,913575,91.47,94.0,94.2
2734,2021-06-04 10:57:00,93.8,95.8,93.6,94.0,44025,913575,91.5,93.85,94.1
2735,2021-06-04 10:58:00,94.0,94.35,88.15,88.4,67800,913575,91.49,88.4,88.65
2736,2021-06-04 10:59:00,88.85,89.35,85.9,85.9,66075,920400,91.44,85.9,86.15
2737,2021-06-04 11:00:00,85.65,87.65,84.45,87.65,60675,920400,91.38,87.6,87.7
2738,2021-06-04 11:01:00,87.7,90.4,87.35,88.2,46050,920400,91.36,87.9,88.05
2739,2021-06-04 11:02:00,88.2,89.0,87.1,87.35,19800,928950,91.35,87.0,87.3
2740,2021-06-04 11:03:00,87.3,88.8,87.0,87.2,21375,928950,91.34,87.3,87.5
2741,2021-06-04 11:04:00,87.5,88.0,86.6,87.55,15075,928950,91.33,87.5,87.75
2742,2021-06-04 11:05:00,87.75,89.55,87.4,89.55,23100,931800,91.32,89.5,89.7
2743,2021-06-04 11:06:00,89.7,90.8,89.0,90.55,31050,931800,91.31,90.45,90.75
2744,2021-06-04 11:07:00,90.75,91.75,90.3,91.25,40800,931800,91.31,91.35,91.5
2745,2021-06-04 11:08:00,91.25,92.65,90.4,92.65,33075,940500,91.31,92.15,92.4
2746,2021-06-04 11:09:00,92.55,95.5,92.55,95.5,84750,940500,91.35,95.2,95.45
2747,2021-06-04 11:10:00,95.15,95.95,92.05,93.35,84825,940500,91.4,93.3,93.4
2748,2021-06-04 11:11:00,93.4,96.0,91.3,95.6,37500,937500,91.41,95.5,95.75
2749,2021-06-04 11:12:00,96.15,97.9,94.25,94.7,114375,937500,91.5,94.4,94.7
2750,2021-06-04 11:13:00,95.15,97.8,95.15,95.95,82875,937500,91.57,95.85,96.1
2751,2021-06-04 11:14:00,95.65,98.0,94.3,97.6,82950,957150,91.63,97.6,97.85
2752,2021-06-04 11:15:00,97.95,101.0,97.95,100.75,185175,957150,91.86,100.5,100.55
2753,2021-06-04 11:16:00,100.55,101.0,98.15,99.75,100725,957150,91.97,99.75,100.0
2754,2021-06-04 11:17:00,100.25,102.05,97.6,99.75,119925,926625,92.12,99.75,100.0
2755,2021-06-04 11:18:00,100.0,101.45,99.1,101.0,65925,926625,92.2,100.8,101.05
2756,2021-06-04 11:19:00,100.35,102.35,99.45,101.85,78300,926625,92.29,101.65,101.75
2757,2021-06-04 11:20:00,102.5,105.95,102.1,102.75,188550,908250,92.6,102.4,102.7
2758,2021-06-04 11:21:00,102.6,106.9,102.6,106.2,149100,908250,92.87,106.15,106.4
2759,2021-06-04 11:22:00,106.2,106.2,100.4,101.45,123000,908250,93.03,101.5,101.75
2760,2021-06-04 11:23:00,102.0,105.5,101.85,105.5,74025,899325,93.13,105.3,105.55
2761,2021-06-04 11:24:00,105.25,106.4,103.55,106.25,65400,899325,93.24,106.2,106.5
2762,2021-06-04 11:25:00,106.75,110.0,106.15,106.15,161925,899325,93.55,106.05,106.35
2763,2021-06-04 11:26:00,106.05,107.45,102.45,103.15,98475,905850,93.69,103.05,103.35
2764,2021-06-04 11:27:00,103.35,104.7,102.1,103.3,60600,905850,93.77,103.3,103.6
2765,2021-06-04 11:28:00,103.75,106.15,103.75,103.8,49575,905850,93.84,103.75,103.95
2766,2021-06-04 11:29:00,103.95,105.5,102.5,105.5,40350,927225,93.89,105.4,105.6
2767,2021-06-04 11:30:00,105.45,109.0,105.45,107.35,99150,927225,94.06,106.85,107.15
2768,2021-06-04 11:31:00,107.4,110.8,106.6,107.7,84300,927225,94.21,107.45,107.75
2769,2021-06-04 11:32:00,107.7,107.7,104.9,104.95,48825,923850,94.27,104.75,105.0
2770,2021-06-04 11:33:00,105.0,108.65,105.0,108.0,50025,923850,94.35,108.25,108.5
2771,2021-06-04 11:34:00,108.0,109.55,104.3,104.35,50925,923850,94.43,104.15,104.45
2772,2021-06-04 11:35:00,104.0,104.05,99.55,101.05,96450,907950,94.51,101.1,101.35
2773,2021-06-04 11:36:00,100.7,101.25,98.85,100.75,81450,907950,94.56,100.7,100.95
2774,2021-06-04 11:37:00,100.4,102.6,99.6,102.6,41850,907950,94.6,102.45,102.7
2775,2021-06-04 11:38:00,103.0,103.3,101.9,102.9,39300,918225,94.63,102.65,102.9
2776,2021-06-04 11:39:00,102.9,103.4,100.2,102.35,47025,918225,94.67,102.2,102.45
2777,2021-06-04 11:40:00,102.4,102.9,100.35,100.65,20550,918225,94.69,100.35,100.55
2778,2021-06-04 11:41:00,100.0,101.2,99.0,99.15,46350,932850,94.72,99.1,99.35
2779,2021-06-04 11:42:00,99.1,100.25,98.45,99.45,39825,932850,94.74,99.15,99.35
2780,2021-06-04 11:43:00,99.55,99.55,97.15,98.4,59100,932850,94.76,98.25,98.5
2781,2021-06-04 11:44:00,98.2,99.3,97.5,99.2,29175,921600,94.77,98.95,99.1
2782,2021-06-04 11:45:00,98.95,100.2,98.5,99.35,56025,921600,94.8,99.1,99.35
2783,2021-06-04 11:46:00,99.3,99.3,95.75,96.05,59475,921600,94.81,96.2,96.4
2784,2021-06-04 11:47:00,95.7,97.85,95.7,97.0,36300,932550,94.82,97.05,97.3
2785,2021-06-04 11:48:00,97.25,97.25,95.55,96.8,30525,932550,94.83,96.65,96.85
2786,2021-06-04 11:49:00,96.45,99.35,96.45,98.5,32550,932550,94.84,98.3,98.6
2787,2021-06-04 11:50:00,98.35,99.35,96.85,96.85,32325,927750,94.85,96.8,97.05
2788,2021-06-04 11:51:00,97.0,98.55,96.8,98.0,21000,927750,94.86,98.0,98.3
2789,2021-06-04 11:52:00,98.3,99.1,97.0,99.1,27225,927750,94.87,99.0,99.1
2790,2021-06-04 11:53:00,98.85,100.55,98.7,99.45,63900,933000,94.9,99.55,99.7
2791,2021-06-04 11:54:00,99.75,100.45,98.8,99.85,43125,933000,94.92,99.8,100.0
2792,2021-06-04 11:55:00,99.85,101.8,99.3,101.1,70650,933000,94.97,100.85,101.1
2793,2021-06-04 11:56:00,101.15,102.25,100.6,101.6,63975,933000,95.01,101.6,101.8
2794,2021-06-04 11:57:00,101.9,103.0,101.4,101.7,53925,951375,95.05,101.5,101.8
2795,2021-06-04 11:58:00,101.8,101.8,98.85,99.05,49500,951375,95.08,99.0,99.25
2796,2021-06-04 11:59:00,98.95,98.95,94.25,94.35,104175,951375,95.09,94.35,94.6
2797,2021-06-04 12:00:00,94.45,95.75,92.25,95.2,67575,948525,95.08,95.2,95.5
2798,2021-06-04 12:01:00,95.25,97.05,95.15,96.85,43575,948525,95.08,96.85,96.9
2799,2021-06-04 12:02:00,97.0,98.75,95.85,98.05,34725,948525,95.09,97.75,98.0
2800,2021-06-04 12:03:00,98.0,98.1,96.0,96.1,29850,950550,95.1,96.3,96.45
2801,2021-06-04 12:04:00,96.8,97.2,96.1,96.95,20175,950550,95.1,96.7,96.85
2802,2021-06-04 12:05:00,96.85,97.35,96.3,97.1,30525,950550,95.11,97.15,97.35
2803,2021-06-04 12:06:00,97.1,97.25,95.0,95.45,24675,956550,95.11,95.6,95.75
2804,2021-06-04 12:07:00,95.7,97.35,95.1,97.0,22575,956550,95.11,96.55,96.75
2805,2021-06-04 12:08:00,96.5,97.45,95.95,97.4,18825,956550,95.12,97.35,97.6
2806,2021-06-04 12:09:00,97.45,102.0,96.9,101.5,84300,954450,95.15,101.5,101.75
2807,2021-06-04 12:10:00,101.55,102.8,100.55,101.9,64650,954450,95.2,101.3,101.6
2808,2021-06-04 12:11:00,101.55,101.75,100.55,100.75,45750,954450,95.22,100.5,100.7
2809,2021-06-04 12:12:00,100.5,100.9,98.2,98.6,32775,964200,95.24,98.55,98.7
2810,2021-06-04 12:13:00,98.45,100.05,98.25,99.55,15075,964200,95.24,99.65,99.9
2811,2021-06-04 12:14:00,100.3,100.9,98.6,100.45,18675,964200,95.25,100.4,100.65
2812,2021-06-04 12:15:00,100.25,100.45,96.6,96.95,41850,967425,95.26,96.75,97.0
2813,2021-06-04 12:16:00,96.35,96.9,95.3,95.85,59325,967425,95.27,95.6,95.8
2814,2021-06-04 12:17:00,95.75,98.5,95.7,97.9,32850,967425,95.27,97.7,97.95
2815,2021-06-04 12:18:00,98.0,98.45,97.0,97.95,18000,986325,95.28,97.95,98.15
2816,2021-06-04 12:19:00,97.95,98.85,96.05,96.05,27825,986325,95.28,95.9,96.1
2817,2021-06-04 12:20:00,95.85,96.25,94.0,95.1,63750,986325,95.28,95.1,95.2
2818,2021-06-04 12:21:00,95.05,97.0,94.6,96.9,31425,1002675,95.28,96.75,97.0
2819,2021-06-04 12:22:00,96.85,97.8,95.6,97.45,22050,1002675,95.29,97.55,97.75
2820,2021-06-04 12:23:00,97.85,97.9,95.3,95.75,24150,1002675,95.29,95.55,95.75
2821,2021-06-04 12:24:00,95.6,96.0,94.45,94.55,25425,1003575,95.29,94.7,94.9
2822,2021-06-04 12:25:00,95.05,96.0,94.5,94.6,15750,1003575,95.29,94.5,94.75
2823,2021-06-04 12:26:00,94.5,94.5,92.8,94.45,48525,1003575,95.28,94.4,94.65
2824,2021-06-04 12:27:00,94.5,94.5,90.75,91.2,77850,1007100,95.26,91.0,91.2
2825,2021-06-04 12:28:00,91.55,93.65,90.9,93.6,54900,1007100,95.24,93.45,93.7
2826,2021-06-04 12:29:00,93.6,93.6,91.05,91.3,53550,1007100,95.23,91.25,91.5
2827,2021-06-04 12:30:00,91.4,92.05,89.3,89.3,85650,1019250,95.19,89.1,89.35
2828,2021-06-04 12:31:00,89.2,90.8,87.85,89.75,78450,1019250,95.15,89.85,90.0
2829,2021-06-04 12:32:00,89.75,92.45,89.7,91.8,59775,1019250,95.13,91.55,91.8
2830,2021-06-04 12:33:00,91.7,93.4,91.4,93.25,35775,1005600,95.12,93.0,93.25
2831,2021-06-04 12:34:00,92.85,93.2,91.55,91.55,32775,1005600,95.11,91.35,91.55
2832,2021-06-04 12:35:00,91.2,92.45,88.9,88.9,52875,1005600,95.09,88.9,89.0
2833,2021-06-04 12:36:00,88.0,89.45,87.25,88.4,67275,1012050,95.04,88.25,88.4
2834,2021-06-04 12:37:00,87.85,87.9,85.9,87.25,66600,1012050,95.0,87.2,87.4
2835,2021-06-04 12:38:00,86.7,86.7,84.4,86.2,108075,1012050,94.91,86.2,86.4
2836,2021-06-04 12:39:00,86.15,86.95,84.8,86.4,69000,992700,94.85,86.25,86.55
2837,2021-06-04 12:40:00,86.2,87.6,85.8,86.75,45300,992700,94.82,86.7,86.95
2838,2021-06-04 12:41:00,86.5,87.0,85.3,86.75,37050,992700,94.79,86.7,87.0
2839,2021-06-04 12:42:00,86.9,87.5,86.4,87.5,23625,980400,94.78,87.25,87.45
2840,2021-06-04 12:43:00,87.2,87.95,86.55,87.0,35100,980400,94.75,87.1,87.3
2841,2021-06-04 12:44:00,87.0,87.55,86.05,86.55,22125,980400,94.74,86.55,86.65
2842,2021-06-04 12:45:00,86.4,87.5,85.25,87.0,27600,990150,94.72,86.8,87.05
2843,2021-06-04 12:46:00,86.95,86.95,83.2,83.8,78675,990150,94.65,83.55,83.8
2844,2021-06-04 12:47:00,83.25,84.35,82.0,82.7,66825,990150,94.58,82.5,82.75
2845,2021-06-04 12:48:00,82.45,83.1,82.1,82.1,55050,1011900,94.53,82.05,82.15
2846,2021-06-04 12:49:00,82.5,84.5,82.4,83.55,51150,1011900,94.48,83.7,83.9
2847,2021-06-04 12:50:00,83.7,85.8,83.7,84.75,35850,1011900,94.45,84.55,84.8
2848,2021-06-04 12:51:00,84.5,85.5,84.35,85.1,17625,998775,94.44,85.0,85.2
2849,2021-06-04 12:52:00,85.2,85.2,81.8,84.0,36450,998775,94.4,83.8,84.05
2850,2021-06-04 12:53:00,84.3,86.95,83.8,86.0,38325,998775,94.37,85.95,86.15
2851,2021-06-04 12:54:00,86.35,87.1,85.2,86.15,40350,1005900,94.34,86.0,86.15
2852,2021-06-04 12:55:00,86.25,88.05,86.0,86.3,76875,1005900,94.3,86.35,86.6
2853,2021-06-04 12:56:00,86.35,88.15,86.35,87.9,58875,1005900,94.26,87.8,87.9
2854,2021-06-04 12:57:00,87.75,87.85,86.5,86.75,61650,1022550,94.23,86.65,86.9
2855,2021-06-04 12:58:00,86.7,88.15,85.9,87.5,51525,1022550,94.2,87.3,87.5
2856,2021-06-04 12:59:00,87.3,87.3,85.0,85.0,29025,1022550,94.18,84.8,85.05
2857,2021-06-04 13:00:00,84.8,85.9,84.45,85.45,22725,1026450,94.16,85.4,85.65
2858,2021-06-04 13:01:00,85.5,85.5,82.9,84.45,34950,1026450,94.13,84.25,84.5
2859,2021-06-04 13:02:00,84.45,84.45,81.85,83.65,38700,1026450,94.1,83.2,83.45
2860,2021-06-04 13:03:00,83.5,87.25,83.5,87.25,38850,1035750,94.07,87.15,87.4
2861,2021-06-04 13:04:00,87.3,94.45,87.3,93.3,174150,1035750,94.04,93.3,93.55
2862,2021-06-04 13:05:00,93.6,93.85,90.5,91.3,112575,1035750,94.02,91.25,91.5
2863,2021-06-04 13:06:00,91.45,95.45,91.45,95.35,75375,1015725,94.02,95.2,95.4
2864,2021-06-04 13:07:00,94.8,98.6,94.8,95.9,172050,1015725,94.05,95.9,96.15
2865,2021-06-04 13:08:00,96.5,96.55,92.65,94.0,92475,1015725,94.05,93.7,93.95
2866,2021-06-04 13:09:00,93.95,95.5,93.7,95.5,47250,1008900,94.05,95.6,95.8
2867,2021-06-04 13:10:00,95.8,96.0,92.55,93.0,62475,1008900,94.06,92.9,93.05
2868,2021-06-04 13:11:00,92.8,94.95,92.5,94.15,38625,1008900,94.06,94.1,94.4
2869,2021-06-04 13:12:00,93.75,94.1,92.2,93.55,31800,1021725,94.05,93.05,93.25
2870,2021-06-04 13:13:00,93.75,93.75,92.1,93.05,21825,1021725,94.05,93.05,93.3
2871,2021-06-04 13:14:00,93.05,94.9,92.7,94.25,23700,1021725,94.05,94.1,94.35
2872,2021-06-04 13:15:00,94.35,95.0,88.75,90.5,82875,1026000,94.04,90.4,90.7
2873,2021-06-04 13:16:00,90.6,92.55,90.15,92.4,21600,1026000,94.03,92.15,92.45
2874,2021-06-04 13:17:00,92.2,92.8,91.45,92.55,20250,1026000,94.03,92.6,92.85
2875,2021-06-04 13:18:00,92.8,92.8,91.0,91.65,23700,1029000,94.03,91.45,91.7
2876,2021-06-04 13:19:00,91.75,94.55,91.75,94.55,27150,1029000,94.02,94.4,94.65
2877,2021-06-04 13:20:00,94.5,95.15,93.85,95.0,56925,1029000,94.03,94.9,95.25
2878,2021-06-04 13:21:00,95.15,95.85,93.0,93.8,33000,1029600,94.03,93.85,94.1
2879,2021-06-04 13:22:00,94.1,96.2,93.6,95.1,34275,1029600,94.03,94.9,95.15
2880,2021-06-04 13:23:00,95.0,95.65,94.35,95.6,29850,1029600,94.03,95.6,95.9
2881,2021-06-04 13:24:00,95.55,95.9,94.5,95.7,24825,1041375,94.04,95.25,95.6
2882,2021-06-04 13:25:00,95.4,100.9,94.85,100.9,178275,1041375,94.09,100.65,100.9
2883,2021-06-04 13:26:00,100.65,101.5,97.15,98.35,105375,1041375,94.13,98.55,98.8
2884,2021-06-04 13:27:00,98.3,102.25,98.3,101.95,84600,1014525,94.17,101.55,101.9
2885,2021-06-04 13:28:00,101.65,103.35,100.35,103.0,100800,1014525,94.23,102.6,102.85
2886,2021-06-04 13:29:00,102.65,104.85,101.15,103.0,97275,1014525,94.29,102.7,103.0
2887,2021-06-04 13:30:00,102.9,103.35,99.35,101.35,93375,1019700,94.33,101.5,101.75
2888,2021-06-04 13:31:00,101.85,101.85,97.3,98.0,68625,1019700,94.35,98.15,98.4
2889,2021-06-04 13:32:00,98.05,100.0,97.15,97.3,42150,1019700,94.37,97.15,97.3
2890,2021-06-04 13:33:00,97.05,98.75,96.5,98.0,51975,1009500,94.38,97.9,98.0
2891,2021-06-04 13:34:00,97.75,101.0,97.5,100.55,42225,1009500,94.39,100.55,100.75
2892,2021-06-04 13:35:00,100.5,102.85,99.75,102.3,73800,1009500,94.43,102.05,102.3
2893,2021-06-04 13:36:00,102.4,104.25,101.6,103.65,62175,1009200,94.47,103.3,103.6
2894,2021-06-04 13:37:00,103.6,105.7,102.0,103.85,123825,1009200,94.55,103.85,104.0
2895,2021-06-04 13:38:00,103.6,103.9,100.6,101.55,63000,1009200,94.58,101.45,101.75
2896,2021-06-04 13:39:00,101.75,102.85,99.7,102.25,48525,1003125,94.6,102.25,102.6
2897,2021-06-04 13:40:00,102.25,102.35,99.15,100.05,52350,1003125,94.62,100.2,100.4
2898,2021-06-04 13:41:00,100.7,102.45,100.65,102.0,39975,1003125,94.64,101.95,102.2
2899,2021-06-04 13:42:00,102.0,107.25,102.0,106.6,128400,1014000,94.73,106.55,106.8
2900,2021-06-04 13:43:00,106.1,112.0,105.75,109.15,252075,1014000,94.97,109.35,109.65
2901,2021-06-04 13:44:00,109.95,111.4,107.7,111.1,137025,1014000,95.09,111.05,111.35
2902,2021-06-04 13:45:00,111.5,114.7,108.95,108.95,205125,960150,95.32,108.65,109.0
2903,2021-06-04 13:46:00,109.0,110.05,105.6,107.7,118800,960150,95.41,107.45,107.75
2904,2021-06-04 13:47:00,107.7,111.0,107.7,109.6,79575,960150,95.48,109.55,109.85
2905,2021-06-04 13:48:00,109.5,114.95,109.05,113.5,99450,947475,95.59,113.55,113.75
2906,2021-06-04 13:49:00,113.7,114.55,109.15,110.3,101850,947475,95.7,110.45,110.65
2907,2021-06-04 13:50:00,110.5,112.55,108.25,110.3,64500,947475,95.75,110.3,110.6
2908,2021-06-04 13:51:00,110.3,114.0,109.4,114.0,62475,943875,95.82,113.8,114.15
2909,2021-06-04 13:52:00,113.8,114.3,111.95,112.9,70725,943875,95.89,112.85,113.15
2910,2021-06-04 13:53:00,112.9,113.05,110.3,111.4,51825,943875,95.94,111.1,111.3
2911,2021-06-04 13:54:00,111.25,112.0,108.85,109.4,49950,954000,95.99,109.5,109.8
2912,2021-06-04 13:55:00,109.9,110.15,101.45,103.0,127725,954000,96.05,103.1,103.4
2913,2021-06-04 13:56:00,103.0,104.0,99.1,101.05,102900,954000,96.08,100.7,100.95
2914,2021-06-04 13:57:00,100.7,102.15,99.0,101.05,66525,954000,96.1,101.0,101.3
2915,2021-06-04 13:58:00,100.8,103.0,100.8,102.6,53775,954000,96.12,102.5,102.7
2916,2021-06-04 13:59:00,102.55,102.55,99.2,100.65,60225,954000,96.13,100.4,100.65
2917,2021-06-04 14:00:00,100.7,102.5,99.0,102.0,66150,966375,96.15,101.75,102.05
2918,2021-06-04 14:01:00,101.95,102.0,97.25,97.9,52725,966375,96.16,97.85,98.15
2919,2021-06-04 14:02:00,97.4,98.4,96.0,96.1,79275,966375,96.17,96.1,96.4
2920,2021-06-04 14:03:00,96.05,98.65,93.55,98.5,107550,960825,96.16,98.4,98.75
2921,2021-06-04 14:04:00,98.35,101.0,97.8,101.0,95850,960825,96.18,100.3,100.6
2922,2021-06-04 14:05:00,100.1,101.9,99.45,101.1,76650,960825,96.2,101.05,101.3
2923,2021-06-04 14:06:00,101.4,101.65,98.7,100.35,37500,997425,96.21,100.1,100.35
2924,2021-06-04 14:07:00,100.05,100.65,98.3,99.9,39450,997425,96.22,99.65,99.95
2925,2021-06-04 14:08:00,99.8,102.9,99.8,102.65,44100,997425,96.23,102.65,102.85
2926,2021-06-04 14:09:00,102.45,102.45,100.6,101.25,37200,1007325,96.25,101.1,101.35
2927,2021-06-04 14:10:00,101.4,102.3,99.6,99.6,45300,1007325,96.26,99.75,100.0
2928,2021-06-04 14:11:00,99.9,101.25,99.6,100.0,30150,1007325,96.26,99.6,99.85
2929,2021-06-04 14:12:00,99.85,100.3,97.9,98.0,47850,1012500,96.27,97.95,98.2
2930,2021-06-04 14:13:00,98.1,98.15,95.35,96.25,50775,1012500,96.27,96.15,96.4
2931,2021-06-04 14:14:00,96.55,96.6,94.0,94.7,63975,1012500,96.27,94.45,94.7
2932,2021-06-04 14:15:00,94.4,94.55,92.3,93.6,87675,1005450,96.25,93.3,93.55
2933,2021-06-04 14:16:00,93.4,93.4,91.55,92.8,49200,1005450,96.24,92.35,92.65
2934,2021-06-04 14:17:00,91.9,93.35,90.5,93.25,73200,1005450,96.23,93.25,93.4
2935,2021-06-04 14:18:00,93.4,96.0,93.2,95.6,77775,1021425,96.22,95.6,95.85
2936,2021-06-04 14:19:00,95.2,98.5,95.2,97.0,79725,1021425,96.22,97.1,97.3
2937,2021-06-04 14:20:00,97.35,98.3,96.2,98.0,61950,1021425,96.22,98.15,98.3
2938,2021-06-04 14:21:00,98.0,99.6,96.4,98.9,42300,1013925,96.23,98.8,98.95
2939,2021-06-04 14:22:00,99.15,99.25,97.3,97.45,49650,1013925,96.23,97.3,97.45
2940,2021-06-04 14:23:00,97.55,98.75,95.3,95.75,47625,1013925,96.24,95.5,95.75
2941,2021-06-04 14:24:00,95.65,97.2,93.5,97.2,42600,1016175,96.23,97.0,97.2
2942,2021-06-04 14:25:00,97.0,97.0,93.65,96.0,33900,1016175,96.23,95.95,96.15
2943,2021-06-04 14:26:00,95.7,96.9,95.05,95.4,24675,1016175,96.23,95.1,95.35
2944,2021-06-04 14:27:00,95.3,96.5,95.05,95.8,12225,1022175,96.23,95.65,95.95
2945,2021-06-04 14:28:00,96.25,97.6,95.6,96.2,36900,1022175,96.23,95.85,96.05
2946,2021-06-04 14:29:00,95.25,95.4,93.8,95.35,33525,1022175,96.23,95.15,95.35
2947,2021-06-04 14:30:00,94.9,95.1,91.15,92.05,76575,1040250,96.21,91.8,92.1
2948,2021-06-04 14:31:00,92.4,94.95,92.0,94.9,51150,1040250,96.2,94.7,94.9
2949,2021-06-04 14:32:00,94.65,95.75,93.95,95.75,38775,1040250,96.2,95.55,95.8
2950,2021-06-04 14:33:00,95.3,98.1,95.3,97.65,75300,1038975,96.2,97.4,97.65
2951,2021-06-04 14:34:00,96.9,98.7,96.8,97.7,42000,1038975,96.21,97.25,97.5
2952,2021-06-04 14:35:00,97.1,100.7,96.55,99.6,63300,1038975,96.22,99.45,99.65
2953,2021-06-04 14:36:00,98.95,99.05,96.4,96.45,48750,1040025,96.22,96.45,96.65
2954,2021-06-04 14:37:00,96.0,96.05,94.25,96.05,52800,1040025,96.22,95.85,96.1
2955,2021-06-04 14:38:00,95.85,99.9,95.8,99.9,39300,1040025,96.22,99.55,99.85
2956,2021-06-04 14:39:00,99.9,99.9,98.0,98.65,39825,1042650,96.23,98.45,98.65
2957,2021-06-04 14:40:00,98.5,100.5,97.5,98.7,39000,1042650,96.23,98.75,99.0
2958,2021-06-04 14:41:00,98.0,99.9,96.7,97.65,38325,1042650,96.24,97.65,97.95
2959,2021-06-04 14:42:00,97.65,98.6,95.8,96.05,28200,1044600,96.24,95.95,96.2
2960,2021-06-04 14:43:00,96.2,97.9,94.5,97.25,35100,1044600,96.24,97.3,97.5
2961,2021-06-04 14:44:00,97.25,99.1,96.9,98.95,32850,1044600,96.24,99.0,99.3
2962,2021-06-04 14:45:00,99.15,99.15,95.0,95.95,51900,1034775,96.24,95.7,95.95
2963,2021-06-04 14:46:00,95.1,96.4,93.6,95.85,44325,1034775,96.24,95.9,96.2
2964,2021-06-04 14:47:00,96.1,97.7,95.4,97.0,44475,1034775,96.24,97.0,97.25
2965,2021-06-04 14:48:00,97.0,97.4,95.4,96.15,29700,1030425,96.24,95.9,96.2
2966,2021-06-04 14:49:00,95.9,97.1,94.75,96.55,37875,1030425,96.24,96.6,96.85
2967,2021-06-04 14:50:00,96.95,98.0,96.55,97.8,36525,1030425,96.24,97.8,97.95
2968,2021-06-04 14:51:00,99.05,100.2,98.0,100.2,82050,1031550,96.25,100.05,100.25
2969,2021-06-04 14:52:00,100.2,100.45,97.5,97.5,52575,1031550,96.26,97.4,97.7
2970,2021-06-04 14:53:00,97.4,97.4,95.05,95.6,54525,1031550,96.26,95.4,95.65
2971,2021-06-04 14:54:00,95.45,96.6,85.15,89.0,258525,1007100,96.18,88.9,89.15
2972,2021-06-04 14:55:00,88.8,89.15,82.3,83.95,174225,1007100,96.08,83.7,83.9
2973,2021-06-04 14:56:00,83.75,86.75,83.65,86.75,90825,1007100,96.03,86.65,86.95
2974,2021-06-04 14:57:00,86.75,87.9,85.75,85.85,64575,983025,96.0,85.9,86.15
2975,2021-06-04 14:58:00,85.4,88.4,85.4,87.1,35775,983025,95.98,86.75,86.95
2976,2021-06-04 14:59:00,86.65,91.0,86.3,90.6,73500,983025,95.96,90.35,90.5
2977,2021-06-04 15:00:00,89.75,89.75,85.15,85.15,93300,981075,95.92,85.55,85.8
2978,2021-06-04 15:01:00,86.2,89.7,85.25,89.7,65700,981075,95.89,89.4,89.65
2979,2021-06-04 15:02:00,89.5,90.0,87.0,88.5,43125,981075,95.87,88.05,88.35
2980,2021-06-04 15:03:00,88.35,89.75,87.8,89.75,36600,984375,95.86,89.5,89.65
2981,2021-06-04 15:04:00,89.1,91.35,88.55,88.85,54225,984375,95.85,88.65,88.85
2982,2021-06-04 15:05:00,88.65,93.5,88.65,92.55,67875,984375,95.83,92.25,92.5
2983,2021-06-04 15:06:00,92.55,93.25,90.6,92.65,57075,972225,95.82,92.65,92.9
2984,2021-06-04 15:07:00,93.0,94.8,92.3,92.5,82425,972225,95.81,92.5,92.7
2985,2021-06-04 15:08:00,92.5,92.9,89.45,90.2,53925,972225,95.8,90.2,90.45
2986,2021-06-04 15:09:00,90.1,91.9,90.0,90.9,45150,982350,95.79,90.65,90.9
2987,2021-06-04 15:10:00,90.65,92.65,90.5,91.1,79875,982350,95.77,91.2,91.45
2988,2021-06-04 15:11:00,91.25,91.25,88.0,88.3,81375,982350,95.75,88.35,88.5
2989,2021-06-04 15:12:00,88.2,88.5,86.8,87.65,65625,964350,95.72,87.55,87.8
2990,2021-06-04 15:13:00,87.3,88.6,87.0,88.0,36825,964350,95.71,87.9,88.15
2991,2021-06-04 15:14:00,87.55,87.85,84.85,86.5,73875,964350,95.67,86.4,86.65
2992,2021-06-04 15:15:00,86.4,87.0,84.0,84.35,63600,956700,95.64,84.3,84.55
2993,2021-06-04 15:16:00,84.5,86.25,84.45,85.5,75450,956700,95.61,85.65,85.85
2994,2021-06-04 15:17:00,85.7,87.0,85.7,86.65,45075,956700,95.59,86.7,86.95
2995,2021-06-04 15:18:00,86.2,87.9,86.15,87.25,57075,951450,95.56,87.1,87.3
2996,2021-06-04 15:19:00,87.05,87.15,86.0,86.55,50475,951450,95.54,86.35,86.55
2997,2021-06-04 15:20:00,86.05,86.15,83.6,84.0,79575,951450,95.5,83.75,84.0
2998,2021-06-04 15:21:00,83.7,84.35,82.05,83.65,84600,911175,95.46,83.5,83.65
2999,2021-06-04 15:22:00,83.6,84.7,82.9,82.9,92925,911175,95.41,82.9,83.0
3000,2021-06-04 15:23:00,83.0,83.95,82.3,82.35,44475,911175,95.38,82.35,82.5
3001,2021-06-04 15:24:00,82.35,84.0,82.35,83.95,51375,849900,95.35,83.7,83.95
3002,2021-06-04 15:25:00,83.7,84.5,83.45,84.3,63375,849900,95.32,84.15,84.4
3003,2021-06-04 15:26:00,84.25,85.65,84.25,85.5,36525,849900,95.3,85.25,85.5
3004,2021-06-04 15:27:00,85.65,85.95,84.5,84.75,37575,788625,95.29,84.55,84.75
3005,2021-06-04 15:28:00,84.75,85.35,83.6,85.2,46575,788625,95.26,84.85,85.25
3006,2021-06-04 15:29:00,84.75,85.35,83.6,85.2,46575,788625,95.26,84.85,85.25
3007,2021-06-04 15:30:00,85.25,85.35,84.3,85.0,53325,788625,95.24,84.2,85.0
3008,2021-06-05 09:15:00,85.25,85.35,84.3,85.0,53325,788625,95.24,84.2,85.0
3009,2021-06-05 09:16:00,85.25,85.35,84.3,85.0,53325,788625,95.24,84.2,85.0
3010,2021-06-05 09:17:00,85.25,85.35,84.3,85.0,53325,788625,95.24,84.2,85.0
3011,2021-06-05 09:18:00,85.25,85.35,84.3,85.0,53325,788625,95.24,84.2,85.0
3012,2021-06-05 09:19:00,85.25,85.35,84.3,85.0,53325,788625,95.24,84.2,85.0
3013,2021-06-05 09:20:00,85.25,85.35,84.3,85.0,53325,788625,95.24,84.2,85.0
3014,2021-06-05 09:21:00,85.25,85.35,84.3,85.0,53325,788625,95.24,84.2,85.0
3015,2021-06-05 09:22:00,85.25,85.35,84.3,85.0,53325,788625,95.24,84.2,85.0
3016,2021-06-05 09:23:00,85.25,85.35,84.3,85.0,53325,788625,95.24,84.2,85.0
3017,2021-06-05 09:24:00,85.25,85.35,84.3,85.0,53325,788625,95.24,84.2,85.0
3018,2021-06-05 09:25:00,85.25,85.35,84.3,85.0,53325,788625,95.24,84.2,85.0
3019,2021-06-05 09:26:00,85.25,85.35,84.3,85.0,53325,788625,95.24,84.2,85.0
3020,2021-06-05 09:27:00,85.25,85.35,84.3,85.0,53325,788625,95.24,84.2,85.0
3021,2021-06-05 09:28:00,85.25,85.35,84.3,85.0,53325,788625,95.24,84.2,85.0
3022,2021-06-05 09:29:00,85.25,85.35,84.3,85.0,53325,788625,95.24,84.2,85.0
3023,2021-06-05 09:30:00,85.25,85.35,84.3,85.0,53325,788625,95.24,84.2,85.0
3024,2021-06-05 09:31:00,85.25,85.35,84.3,85.0,53325,788625,95.24,84.2,85.0
3025,2021-06-05 09:32:00,85.25,85.35,84.3,85.0,53325,788625,95.24,84.2,85.0
3026,2021-06-05 09:33:00,85.25,85.35,84.3,85.0,53325,788625,95.24,84.2,85.0
3027,2021-06-05 09:34:00,85.25,85.35,84.3,85.0,53325,788625,95.24,84.2,85.0
3028,2021-06-05 09:35:00,85.25,85.35,84.3,85.0,53325,788625,95.24,84.2,85.0
3029,2021-06-05 09:36:00,85.25,85.35,84.3,85.0,53325,788625,95.24,84.2,85.0
3030,2021-06-05 09:37:00,85.25,85.35,84.3,85.0,53325,788625,95.24,84.2,85.0
3031,2021-06-05 09:38:00,85.25,85.35,84.3,85.0,53325,788625,95.24,84.2,85.0
3032,2021-06-05 09:39:00,85.25,85.35,84.3,85.0,53325,788625,95.24,84.2,85.0
3033,2021-06-05 09:40:00,85.25,85.35,84.3,85.0,53325,788625,95.24,84.2,85.0
3034,2021-06-05 09:41:00,85.25,85.35,84.3,85.0,53325,788625,95.24,84.2,85.0
3035,2021-06-05 09:42:00,85.25,85.35,84.3,85.0,53325,788625,95.24,84.2,85.0
3036,2021-06-05 09:43:00,85.25,85.35,84.3,85.0,53325,788625,95.24,84.2,85.0
3037,2021-06-05 09:44:00,85.25,85.35,84.3,85.0,53325,788625,95.24,84.2,85.0
3038,2021-06-05 09:45:00,85.25,85.35,84.3,85.0,53325,788625,95.24,84.2,85.0
3039,2021-06-05 09:46:00,85.25,85.35,84.3,85.0,53325,788625,95.24,84.2,85.0
3040,2021-06-05 09:47:00,85.25,85.35,84.3,85.0,53325,788625,95.24,84.2,85.0
3041,2021-06-05 09:48:00,85.25,85.35,84.3,85.0,53325,788625,95.24,84.2,85.0
3042,2021-06-05 09:49:00,85.25,85.35,84.3,85.0,53325,788625,95.24,84.2,85.0
3043,2021-06-05 09:50:00,85.25,85.35,84.3,85.0,53325,788625,95.24,84.2,85.0
3044,2021-06-05 09:51:00,85.25,85.35,84.3,85.0,53325,788625,95.24,84.2,85.0
3045,2021-06-05 09:52:00,85.25,85.35,84.3,85.0,53325,788625,95.24,84.2,85.0
3046,2021-06-05 09:53:00,85.25,85.35,84.3,85.0,53325,788625,95.24,84.2,85.0
3047,2021-06-05 09:54:00,85.25,85.35,84.3,85.0,53325,788625,95.24,84.2,85.0
3048,2021-06-05 09:55:00,85.25,85.35,84.3,85.0,53325,788625,95.24,84.2,85.0
3049,2021-06-05 09:56:00,85.25,85.35,84.3,85.0,53325,788625,95.24,84.2,85.0
3050,2021-06-05 09:57:00,85.25,85.35,84.3,85.0,53325,788625,95.24,84.2,85.0
3051,2021-06-05 09:58:00,85.25,85.35,84.3,85.0,53325,788625,95.24,84.2,85.0
3052,2021-06-05 09:59:00,85.25,85.35,84.3,85.0,53325,788625,95.24,84.2,85.0
3053,2021-06-05 10:00:00,85.25,85.35,84.3,85.0,53325,788625,95.24,84.2,85.0
3054,2021-06-05 10:01:00,85.25,85.35,84.3,85.0,53325,788625,95.24,84.2,85.0
3055,2021-06-05 10:02:00,85.25,85.35,84.3,85.0,53325,788625,95.24,84.2,85.0
3056,2021-06-05 10:03:00,85.25,85.35,84.3,85.0,53325,788625,95.24,84.2,85.0
3057,2021-06-05 10:04:00,85.25,85.35,84.3,85.0,53325,788625,95.24,84.2,85.0
3058,2021-06-05 10:05:00,85.25,85.35,84.3,85.0,53325,788625,95.24,84.2,85.0
3059,2021-06-05 10:06:00,85.25,85.35,84.3,85.0,53325,788625,95.24,84.2,85.0
3060,2021-06-05 10:07:00,85.25,85.35,84.3,85.0,53325,788625,95.24,84.2,85.0
3061,2021-06-05 10:08:00,85.25,85.35,84.3,85.0,53325,788625,95.24,84.2,85.0
3062,2021-06-05 10:09:00,85.25,85.35,84.3,85.0,53325,788625,95.24,84.2,85.0
3063,2021-06-05 10:10:00,85.25,85.35,84.3,85.0,53325,788625,95.24,84.2,85.0
3064,2021-06-05 10:11:00,85.25,85.35,84.3,85.0,53325,788625,95.24,84.2,85.0
3065,2021-06-05 10:12:00,85.25,85.35,84.3,85.0,53325,788625,95.24,84.2,85.0
3066,2021-06-05 10:13:00,85.25,85.35,84.3,85.0,53325,788625,95.24,84.2,85.0
3067,2021-06-05 10:14:00,85.25,85.35,84.3,85.0,53325,788625,95.24,84.2,85.0
3068,2021-06-05 10:15:00,85.25,85.35,84.3,85.0,53325,788625,95.24,84.2,85.0
3069,2021-06-05 10:16:00,85.25,85.35,84.3,85.0,53325,788625,95.24,84.2,85.0
3070,2021-06-05 10:17:00,85.25,85.35,84.3,85.0,53325,788625,95.24,84.2,85.0
3071,2021-06-05 10:18:00,85.25,85.35,84.3,85.0,53325,788625,95.24,84.2,85.0
3072,2021-06-05 10:19:00,85.25,85.35,84.3,85.0,53325,788625,95.24,84.2,85.0
3073,2021-06-05 10:20:00,85.25,85.35,84.3,85.0,53325,788625,95.24,84.2,85.0
3074,2021-06-05 10:21:00,85.25,85.35,84.3,85.0,53325,788625,95.24,84.2,85.0
3075,2021-06-05 10:22:00,85.25,85.35,84.3,85.0,53325,788625,95.24,84.2,85.0
3076,2021-06-05 10:23:00,85.25,85.35,84.3,85.0,53325,788625,95.24,84.2,85.0
3077,2021-06-05 10:24:00,85.25,85.35,84.3,85.0,53325,788625,95.24,84.2,85.0
3078,2021-06-05 10:25:00,85.25,85.35,84.3,85.0,53325,788625,95.24,84.2,85.0
3079,2021-06-05 10:26:00,85.25,85.35,84.3,85.0,53325,788625,95.24,84.2,85.0
3080,2021-06-05 10:27:00,85.25,85.35,84.3,85.0,53325,788625,95.24,84.2,85.0
3081,2021-06-05 10:28:00,85.25,85.35,84.3,85.0,53325,788625,95.24,84.2,85.0
3082,2021-06-05 10:29:00,85.25,85.35,84.3,85.0,53325,788625,95.24,84.2,85.0
3083,2021-06-05 10:30:00,85.25,85.35,84.3,85.0,53325,788625,95.24,84.2,85.0
3084,2021-06-05 10:31:00,85.25,85.35,84.3,85.0,53325,788625,95.24,84.2,85.0
3085,2021-06-05 10:32:00,85.25,85.35,84.3,85.0,53325,788625,95.24,84.2,85.0
3086,2021-06-05 10:33:00,85.25,85.35,84.3,85.0,53325,788625,95.24,84.2,85.0
3087,2021-06-05 10:34:00,85.25,85.35,84.3,85.0,53325,788625,95.24,84.2,85.0
3088,2021-06-05 10:35:00,85.25,85.35,84.3,85.0,53325,788625,95.24,84.2,85.0
3089,2021-06-05 10:36:00,85.25,85.35,84.3,85.0,53325,788625,95.24,84.2,85.0
3090,2021-06-05 10:37:00,85.25,85.35,84.3,85.0,53325,788625,95.24,84.2,85.0
3091,2021-06-05 10:38:00,85.25,85.35,84.3,85.0,53325,788625,95.24,84.2,85.0
3092,2021-06-05 10:39:00,85.25,85.35,84.3,85.0,53325,788625,95.24,84.2,85.0
3093,2021-06-05 10:40:00,85.25,85.35,84.3,85.0,53325,788625,95.24,84.2,85.0
3094,2021-06-05 10:41:00,85.25,85.35,84.3,85.0,53325,788625,95.24,84.2,85.0
3095,2021-06-05 10:42:00,85.25,85.35,84.3,85.0,53325,788625,95.24,84.2,85.0
3096,2021-06-05 10:43:00,85.25,85.35,84.3,85.0,53325,788625,95.24,84.2,85.0
3097,2021-06-05 10:44:00,85.25,85.35,84.3,85.0,53325,788625,95.24,84.2,85.0
3098,2021-06-05 10:45:00,85.25,85.35,84.3,85.0,53325,788625,95.24,84.2,85.0
3099,2021-06-05 10:46:00,85.25,85.35,84.3,85.0,53325,788625,95.24,84.2,85.0
3100,2021-06-05 10:47:00,85.25,85.35,84.3,85.0,53325,788625,95.24,84.2,85.0
3101,2021-06-05 10:48:00,85.25,85.35,84.3,85.0,53325,788625,95.24,84.2,85.0
3102,2021-06-05 10:49:00,85.25,85.35,84.3,85.0,53325,788625,95.24,84.2,85.0
3103,2021-06-05 10:50:00,85.25,85.35,84.3,85.0,53325,788625,95.24,84.2,85.0
3104,2021-06-05 10:51:00,85.25,85.35,84.3,85.0,53325,788625,95.24,84.2,85.0
3105,2021-06-05 10:52:00,85.25,85.35,84.3,85.0,53325,788625,95.24,84.2,85.0
3106,2021-06-05 10:53:00,85.25,85.35,84.3,85.0,53325,788625,95.24,84.2,85.0
3107,2021-06-05 10:54:00,85.25,85.35,84.3,85.0,53325,788625,95.24,84.2,85.0
3108,2021-06-05 10:55:00,85.25,85.35,84.3,85.0,53325,788625,95.24,84.2,85.0
3109,2021-06-05 10:56:00,85.25,85.35,84.3,85.0,53325,788625,95.24,84.2,85.0
3110,2021-06-05 10:57:00,85.25,85.35,84.3,85.0,53325,788625,95.24,84.2,85.0
3111,2021-06-05 10:58:00,85.25,85.35,84.3,85.0,53325,788625,95.24,84.2,85.0
3112,2021-06-05 10:59:00,85.25,85.35,84.3,85.0,53325,788625,95.24,84.2,85.0
3113,2021-06-05 11:00:00,85.25,85.35,84.3,85.0,53325,788625,95.24,84.2,85.0
3114,2021-06-05 11:01:00,85.25,85.35,84.3,85.0,53325,788625,95.24,84.2,85.0
3115,2021-06-05 11:02:00,85.25,85.35,84.3,85.0,53325,788625,95.24,84.2,85.0
3116,2021-06-05 11:03:00,85.25,85.35,84.3,85.0,53325,788625,95.24,84.2,85.0
3117,2021-06-05 11:04:00,85.25,85.35,84.3,85.0,53325,788625,95.24,84.2,85.0
3118,2021-06-05 11:05:00,85.25,85.35,84.3,85.0,53325,788625,95.24,84.2,85.0
3119,2021-06-05 11:06:00,85.25,85.35,84.3,85.0,53325,788625,95.24,84.2,85.0
3120,2021-06-05 11:07:00,85.25,85.35,84.3,85.0,53325,788625,95.24,84.2,85.0
3121,2021-06-05 11:08:00,85.25,85.35,84.3,85.0,53325,788625,95.24,84.2,85.0
3122,2021-06-05 11:09:00,85.25,85.35,84.3,85.0,53325,788625,95.24,84.2,85.0
3123,2021-06-05 11:10:00,85.25,85.35,84.3,85.0,53325,788625,95.24,84.2,85.0
3124,2021-06-05 11:11:00,85.25,85.35,84.3,85.0,53325,788625,95.24,84.2,85.0
3125,2021-06-05 11:12:00,85.25,85.35,84.3,85.0,53325,788625,95.24,84.2,85.0
3126,2021-06-05 11:13:00,85.25,85.35,84.3,85.0,53325,788625,95.24,84.2,85.0
3127,2021-06-05 11:14:00,85.25,85.35,84.3,85.0,53325,788625,95.24,84.2,85.0
3128,2021-06-05 11:15:00,85.25,85.35,84.3,85.0,53325,788625,95.24,84.2,85.0
3129,2021-06-05 11:16:00,85.25,85.35,84.3,85.0,53325,788625,95.24,84.2,85.0
3130,2021-06-05 11:17:00,85.25,85.35,84.3,85.0,53325,788625,95.24,84.2,85.0
3131,2021-06-05 11:18:00,85.25,85.35,84.3,85.0,53325,788625,95.24,84.2,85.0
3132,2021-06-05 11:19:00,85.25,85.35,84.3,85.0,53325,788625,95.24,84.2,85.0
3133,2021-06-05 11:20:00,85.25,85.35,84.3,85.0,53325,788625,95.24,84.2,85.0
3134,2021-06-05 11:21:00,85.25,85.35,84.3,85.0,53325,788625,95.24,84.2,85.0
3135,2021-06-05 11:22:00,85.25,85.35,84.3,85.0,53325,788625,95.24,84.2,85.0
3136,2021-06-05 11:23:00,85.25,85.35,84.3,85.0,53325,788625,95.24,84.2,85.0
3137,2021-06-05 11:24:00,85.25,85.35,84.3,85.0,53325,788625,95.24,84.2,85.0
3138,2021-06-05 11:25:00,85.25,85.35,84.3,85.0,53325,788625,95.24,84.2,85.0
3139,2021-06-05 11:26:00,85.25,85.35,84.3,85.0,53325,788625,95.24,84.2,85.0
3140,2021-06-05 11:27:00,85.25,85.35,84.3,85.0,53325,788625,95.24,84.2,85.0
3141,2021-06-05 11:28:00,85.25,85.35,84.3,85.0,53325,788625,95.24,84.2,85.0
3142,2021-06-05 11:29:00,85.25,85.35,84.3,85.0,53325,788625,95.24,84.2,85.0
3143,2021-06-05 11:30:00,85.25,85.35,84.3,85.0,53325,788625,95.24,84.2,85.0
3144,2021-06-05 11:31:00,85.25,85.35,84.3,85.0,53325,788625,95.24,84.2,85.0
3145,2021-06-05 11:32:00,85.25,85.35,84.3,85.0,53325,788625,95.24,84.2,85.0
3146,2021-06-05 11:33:00,85.25,85.35,84.3,85.0,53325,788625,95.24,84.2,85.0
3147,2021-06-05 11:34:00,85.25,85.35,84.3,85.0,53325,788625,95.24,84.2,85.0
3148,2021-06-05 11:35:00,85.25,85.35,84.3,85.0,53325,788625,95.24,84.2,85.0
3149,2021-06-05 11:36:00,85.25,85.35,84.3,85.0,53325,788625,95.24,84.2,85.0
3150,2021-06-05 11:37:00,85.25,85.35,84.3,85.0,53325,788625,95.24,84.2,85.0
3151,2021-06-05 11:38:00,85.25,85.35,84.3,85.0,53325,788625,95.24,84.2,85.0
3152,2021-06-05 11:39:00,85.25,85.35,84.3,85.0,53325,788625,95.24,84.2,85.0
3153,2021-06-05 11:40:00,85.25,85.35,84.3,85.0,53325,788625,95.24,84.2,85.0
3154,2021-06-05 11:41:00,85.25,85.35,84.3,85.0,53325,788625,95.24,84.2,85.0
3155,2021-06-05 11:42:00,85.25,85.35,84.3,85.0,53325,788625,95.24,84.2,85.0
3156,2021-06-05 11:43:00,85.25,85.35,84.3,85.0,53325,788625,95.24,84.2,85.0
3157,2021-06-05 11:44:00,85.25,85.35,84.3,85.0,53325,788625,95.24,84.2,85.0
3158,2021-06-05 11:45:00,85.25,85.35,84.3,85.0,53325,788625,95.24,84.2,85.0
3159,2021-06-05 11:46:00,85.25,85.35,84.3,85.0,53325,788625,95.24,84.2,85.0
3160,2021-06-05 11:47:00,85.25,85.35,84.3,85.0,53325,788625,95.24,84.2,85.0
3161,2021-06-05 11:48:00,85.25,85.35,84.3,85.0,53325,788625,95.24,84.2,85.0
3162,2021-06-05 11:49:00,85.25,85.35,84.3,85.0,53325,788625,95.24,84.2,85.0
3163,2021-06-05 11:50:00,85.25,85.35,84.3,85.0,53325,788625,95.24,84.2,85.0
3164,2021-06-05 11:51:00,85.25,85.35,84.3,85.0,53325,788625,95.24,84.2,85.0
3165,2021-06-05 11:52:00,85.25,85.35,84.3,85.0,53325,788625,95.24,84.2,85.0
3166,2021-06-05 11:53:00,85.25,85.35,84.3,85.0,53325,788625,95.24,84.2,85.0
3167,2021-06-05 11:54:00,85.25,85.35,84.3,85.0,53325,788625,95.24,84.2,85.0
3168,2021-06-05 11:55:00,85.25,85.35,84.3,85.0,53325,788625,95.24,84.2,85.0
3169,2021-06-05 11:56:00,85.25,85.35,84.3,85.0,53325,788625,95.24,84.2,85.0
3170,2021-06-05 11:57:00,85.25,85.35,84.3,85.0,53325,788625,95.24,84.2,85.0
3171,2021-06-05 11:58:00,85.25,85.35,84.3,85.0,53325,788625,95.24,84.2,85.0
3172,2021-06-05 11:59:00,85.25,85.35,84.3,85.0,53325,788625,95.24,84.2,85.0
3173,2021-06-05 12:00:00,85.25,85.35,84.3,85.0,53325,788625,95.24,84.2,85.0
3174,2021-06-05 12:01:00,85.25,85.35,84.3,85.0,53325,788625,95.24,84.2,85.0
3175,2021-06-05 12:02:00,85.25,85.35,84.3,85.0,53325,788625,95.24,84.2,85.0
3176,2021-06-05 12:03:00,85.25,85.35,84.3,85.0,53325,788625,95.24,84.2,85.0
3177,2021-06-05 12:04:00,85.25,85.35,84.3,85.0,53325,788625,95.24,84.2,85.0
3178,2021-06-05 12:05:00,85.25,85.35,84.3,85.0,53325,788625,95.24,84.2,85.0
3179,2021-06-05 12:06:00,85.25,85.35,84.3,85.0,53325,788625,95.24,84.2,85.0
3180,2021-06-05 12:07:00,85.25,85.35,84.3,85.0,53325,788625,95.24,84.2,85.0
3181,2021-06-05 12:08:00,85.25,85.35,84.3,85.0,53325,788625,95.24,84.2,85.0
3182,2021-06-05 12:09:00,85.25,85.35,84.3,85.0,53325,788625,95.24,84.2,85.0
3183,2021-06-05 12:10:00,85.25,85.35,84.3,85.0,53325,788625,95.24,84.2,85.0
3184,2021-06-05 12:11:00,85.25,85.35,84.3,85.0,53325,788625,95.24,84.2,85.0
3185,2021-06-05 12:12:00,85.25,85.35,84.3,85.0,53325,788625,95.24,84.2,85.0
3186,2021-06-05 12:13:00,85.25,85.35,84.3,85.0,53325,788625,95.24,84.2,85.0
3187,2021-06-05 12:14:00,85.25,85.35,84.3,85.0,53325,788625,95.24,84.2,85.0
3188,2021-06-05 12:15:00,85.25,85.35,84.3,85.0,53325,788625,95.24,84.2,85.0
3189,2021-06-05 12:16:00,85.25,85.35,84.3,85.0,53325,788625,95.24,84.2,85.0
3190,2021-06-05 12:17:00,85.25,85.35,84.3,85.0,53325,788625,95.24,84.2,85.0
3191,2021-06-05 12:18:00,85.25,85.35,84.3,85.0,53325,788625,95.24,84.2,85.0
3192,2021-06-05 12:19:00,85.25,85.35,84.3,85.0,53325,788625,95.24,84.2,85.0
3193,2021-06-05 12:20:00,85.25,85.35,84.3,85.0,53325,788625,95.24,84.2,85.0
3194,2021-06-05 12:21:00,85.25,85.35,84.3,85.0,53325,788625,95.24,84.2,85.0
3195,2021-06-05 12:22:00,85.25,85.35,84.3,85.0,53325,788625,95.24,84.2,85.0
3196,2021-06-05 12:23:00,85.25,85.35,84.3,85.0,53325,788625,95.24,84.2,85.0
3197,2021-06-05 12:24:00,85.25,85.35,84.3,85.0,53325,788625,95.24,84.2,85.0
3198,2021-06-05 12:25:00,85.25,85.35,84.3,85.0,53325,788625,95.24,84.2,85.0
3199,2021-06-05 12:26:00,85.25,85.35,84.3,85.0,53325,788625,95.24,84.2,85.0
3200,2021-06-05 12:27:00,85.25,85.35,84.3,85.0,53325,788625,95.24,84.2,85.0
3201,2021-06-05 12:28:00,85.25,85.35,84.3,85.0,53325,788625,95.24,84.2,85.0
3202,2021-06-05 12:29:00,85.25,85.35,84.3,85.0,53325,788625,95.24,84.2,85.0
3203,2021-06-05 12:30:00,85.25,85.35,84.3,85.0,53325,788625,95.24,84.2,85.0
3204,2021-06-05 12:31:00,85.25,85.35,84.3,85.0,53325,788625,95.24,84.2,85.0
3205,2021-06-05 12:32:00,85.25,85.35,84.3,85.0,53325,788625,95.24,84.2,85.0
3206,2021-06-05 12:33:00,85.25,85.35,84.3,85.0,53325,788625,95.24,84.2,85.0
3207,2021-06-05 12:34:00,85.25,85.35,84.3,85.0,53325,788625,95.24,84.2,85.0
3208,2021-06-05 12:35:00,85.25,85.35,84.3,85.0,53325,788625,95.24,84.2,85.0
3209,2021-06-05 12:36:00,85.25,85.35,84.3,85.0,53325,788625,95.24,84.2,85.0
3210,2021-06-05 12:37:00,85.25,85.35,84.3,85.0,53325,788625,95.24,84.2,85.0
3211,2021-06-05 12:38:00,85.25,85.35,84.3,85.0,53325,788625,95.24,84.2,85.0
3212,2021-06-05 12:39:00,85.25,85.35,84.3,85.0,53325,788625,95.24,84.2,85.0
3213,2021-06-05 12:40:00,85.25,85.35,84.3,85.0,53325,788625,95.24,84.2,85.0
3214,2021-06-05 12:41:00,85.25,85.35,84.3,85.0,53325,788625,95.24,84.2,85.0
3215,2021-06-05 12:42:00,85.25,85.35,84.3,85.0,53325,788625,95.24,84.2,85.0
3216,2021-06-05 12:43:00,85.25,85.35,84.3,85.0,53325,788625,95.24,84.2,85.0
3217,2021-06-05 12:44:00,85.25,85.35,84.3,85.0,53325,788625,95.24,84.2,85.0
3218,2021-06-05 12:45:00,85.25,85.35,84.3,85.0,53325,788625,95.24,84.2,85.0
3219,2021-06-05 12:46:00,85.25,85.35,84.3,85.0,53325,788625,95.24,84.2,85.0
3220,2021-06-05 12:47:00,85.25,85.35,84.3,85.0,53325,788625,95.24,84.2,85.0
3221,2021-06-05 12:48:00,85.25,85.35,84.3,85.0,53325,788625,95.24,84.2,85.0
3222,2021-06-05 12:49:00,85.25,85.35,84.3,85.0,53325,788625,95.24,84.2,85.0
3223,2021-06-05 12:50:00,85.25,85.35,84.3,85.0,53325,788625,95.24,84.2,85.0
3224,2021-06-05 12:51:00,85.25,85.35,84.3,85.0,53325,788625,95.24,84.2,85.0
3225,2021-06-05 12:52:00,85.25,85.35,84.3,85.0,53325,788625,95.24,84.2,85.0
3226,2021-06-05 12:53:00,85.25,85.35,84.3,85.0,53325,788625,95.24,84.2,85.0
3227,2021-06-05 12:54:00,85.25,85.35,84.3,85.0,53325,788625,95.24,84.2,85.0
3228,2021-06-05 12:55:00,85.25,85.35,84.3,85.0,53325,788625,95.24,84.2,85.0
3229,2021-06-05 12:56:00,85.25,85.35,84.3,85.0,53325,788625,95.24,84.2,85.0
3230,2021-06-05 12:57:00,85.25,85.35,84.3,85.0,53325,788625,95.24,84.2,85.0
3231,2021-06-05 12:58:00,85.25,85.35,84.3,85.0,53325,788625,95.24,84.2,85.0
3232,2021-06-05 12:59:00,85.25,85.35,84.3,85.0,53325,788625,95.24,84.2,85.0
3233,2021-06-05 13:00:00,85.25,85.35,84.3,85.0,53325,788625,95.24,84.2,85.0
3234,2021-06-05 13:01:00,85.25,85.35,84.3,85.0,53325,788625,95.24,84.2,85.0
3235,2021-06-05 13:02:00,85.25,85.35,84.3,85.0,53325,788625,95.24,84.2,85.0
3236,2021-06-05 13:03:00,85.25,85.35,84.3,85.0,53325,788625,95.24,84.2,85.0
3237,2021-06-05 13:04:00,85.25,85.35,84.3,85.0,53325,788625,95.24,84.2,85.0
3238,2021-06-05 13:05:00,85.25,85.35,84.3,85.0,53325,788625,95.24,84.2,85.0
3239,2021-06-05 13:06:00,85.25,85.35,84.3,85.0,53325,788625,95.24,84.2,85.0
3240,2021-06-05 13:07:00,85.25,85.35,84.3,85.0,53325,788625,95.24,84.2,85.0
3241,2021-06-05 13:08:00,85.25,85.35,84.3,85.0,53325,788625,95.24,84.2,85.0
3242,2021-06-05 13:09:00,85.25,85.35,84.3,85.0,53325,788625,95.24,84.2,85.0
3243,2021-06-05 13:10:00,85.25,85.35,84.3,85.0,53325,788625,95.24,84.2,85.0
3244,2021-06-05 13:11:00,85.25,85.35,84.3,85.0,53325,788625,95.24,84.2,85.0
3245,2021-06-05 13:12:00,85.25,85.35,84.3,85.0,53325,788625,95.24,84.2,85.0
3246,2021-06-05 13:13:00,85.25,85.35,84.3,85.0,53325,788625,95.24,84.2,85.0
3247,2021-06-05 13:14:00,85.25,85.35,84.3,85.0,53325,788625,95.24,84.2,85.0
3248,2021-06-05 13:15:00,85.25,85.35,84.3,85.0,53325,788625,95.24,84.2,85.0
3249,2021-06-05 13:16:00,85.25,85.35,84.3,85.0,53325,788625,95.24,84.2,85.0
3250,2021-06-05 13:17:00,85.25,85.35,84.3,85.0,53325,788625,95.24,84.2,85.0
3251,2021-06-05 13:18:00,85.25,85.35,84.3,85.0,53325,788625,95.24,84.2,85.0
3252,2021-06-05 13:19:00,85.25,85.35,84.3,85.0,53325,788625,95.24,84.2,85.0
3253,2021-06-05 13:20:00,85.25,85.35,84.3,85.0,53325,788625,95.24,84.2,85.0
3254,2021-06-05 13:21:00,85.25,85.35,84.3,85.0,53325,788625,95.24,84.2,85.0
3255,2021-06-05 13:22:00,85.25,85.35,84.3,85.0,53325,788625,95.24,84.2,85.0
3256,2021-06-05 13:23:00,85.25,85.35,84.3,85.0,53325,788625,95.24,84.2,85.0
3257,2021-06-05 13:24:00,85.25,85.35,84.3,85.0,53325,788625,95.24,84.2,85.0
3258,2021-06-05 13:25:00,85.25,85.35,84.3,85.0,53325,788625,95.24,84.2,85.0
3259,2021-06-05 13:26:00,85.25,85.35,84.3,85.0,53325,788625,95.24,84.2,85.0
3260,2021-06-05 13:27:00,85.25,85.35,84.3,85.0,53325,788625,95.24,84.2,85.0
3261,2021-06-05 13:28:00,85.25,85.35,84.3,85.0,53325,788625,95.24,84.2,85.0
3262,2021-06-05 13:29:00,85.25,85.35,84.3,85.0,53325,788625,95.24,84.2,85.0
3263,2021-06-05 13:30:00,85.25,85.35,84.3,85.0,53325,788625,95.24,84.2,85.0
3264,2021-06-05 13:31:00,85.25,85.35,84.3,85.0,53325,788625,95.24,84.2,85.0
3265,2021-06-05 13:32:00,85.25,85.35,84.3,85.0,53325,788625,95.24,84.2,85.0
3266,2021-06-05 13:33:00,85.25,85.35,84.3,85.0,53325,788625,95.24,84.2,85.0
3267,2021-06-05 13:34:00,85.25,85.35,84.3,85.0,53325,788625,95.24,84.2,85.0
3268,2021-06-05 13:35:00,85.25,85.35,84.3,85.0,53325,788625,95.24,84.2,85.0
3269,2021-06-05 13:36:00,85.25,85.35,84.3,85.0,53325,788625,95.24,84.2,85.0
3270,2021-06-05 13:37:00,85.25,85.35,84.3,85.0,53325,788625,95.24,84.2,85.0
3271,2021-06-05 13:38:00,85.25,85.35,84.3,85.0,53325,788625,95.24,84.2,85.0
3272,2021-06-05 13:39:00,85.25,85.35,84.3,85.0,53325,788625,95.24,84.2,85.0
3273,2021-06-05 13:40:00,85.25,85.35,84.3,85.0,53325,788625,95.24,84.2,85.0
3274,2021-06-05 13:41:00,85.25,85.35,84.3,85.0,53325,788625,95.24,84.2,85.0
3275,2021-06-05 13:42:00,85.25,85.35,84.3,85.0,53325,788625,95.24,84.2,85.0
3276,2021-06-05 13:43:00,85.25,85.35,84.3,85.0,53325,788625,95.24,84.2,85.0
3277,2021-06-05 13:44:00,85.25,85.35,84.3,85.0,53325,788625,95.24,84.2,85.0
3278,2021-06-05 13:45:00,85.25,85.35,84.3,85.0,53325,788625,95.24,84.2,85.0
3279,2021-06-05 13:46:00,85.25,85.35,84.3,85.0,53325,788625,95.24,84.2,85.0
3280,2021-06-05 13:47:00,85.25,85.35,84.3,85.0,53325,788625,95.24,84.2,85.0
3281,2021-06-05 13:48:00,85.25,85.35,84.3,85.0,53325,788625,95.24,84.2,85.0
3282,2021-06-05 13:49:00,85.25,85.35,84.3,85.0,53325,788625,95.24,84.2,85.0
3283,2021-06-05 13:50:00,85.25,85.35,84.3,85.0,53325,788625,95.24,84.2,85.0
3284,2021-06-05 13:51:00,85.25,85.35,84.3,85.0,53325,788625,95.24,84.2,85.0
3285,2021-06-05 13:52:00,85.25,85.35,84.3,85.0,53325,788625,95.24,84.2,85.0
3286,2021-06-05 13:53:00,85.25,85.35,84.3,85.0,53325,788625,95.24,84.2,85.0
3287,2021-06-05 13:54:00,85.25,85.35,84.3,85.0,53325,788625,95.24,84.2,85.0
3288,2021-06-05 13:55:00,85.25,85.35,84.3,85.0,53325,788625,95.24,84.2,85.0
3289,2021-06-05 13:56:00,85.25,85.35,84.3,85.0,53325,788625,95.24,84.2,85.0
3290,2021-06-05 13:57:00,85.25,85.35,84.3,85.0,53325,788625,95.24,84.2,85.0
3291,2021-06-05 13:58:00,85.25,85.35,84.3,85.0,53325,788625,95.24,84.2,85.0
3292,2021-06-05 13:59:00,85.25,85.35,84.3,85.0,53325,788625,95.24,84.2,85.0
3293,2021-06-05 14:00:00,85.25,85.35,84.3,85.0,53325,788625,95.24,84.2,85.0
3294,2021-06-05 14:01:00,85.25,85.35,84.3,85.0,53325,788625,95.24,84.2,85.0
3295,2021-06-05 14:02:00,85.25,85.35,84.3,85.0,53325,788625,95.24,84.2,85.0
3296,2021-06-05 14:03:00,85.25,85.35,84.3,85.0,53325,788625,95.24,84.2,85.0
3297,2021-06-05 14:04:00,85.25,85.35,84.3,85.0,53325,788625,95.24,84.2,85.0
3298,2021-06-05 14:05:00,85.25,85.35,84.3,85.0,53325,788625,95.24,84.2,85.0
3299,2021-06-05 14:06:00,85.25,85.35,84.3,85.0,53325,788625,95.24,84.2,85.0
3300,2021-06-05 14:07:00,85.25,85.35,84.3,85.0,53325,788625,95.24,84.2,85.0
3301,2021-06-05 14:08:00,85.25,85.35,84.3,85.0,53325,788625,95.24,84.2,85.0
3302,2021-06-05 14:09:00,85.25,85.35,84.3,85.0,53325,788625,95.24,84.2,85.0
3303,2021-06-05 14:10:00,85.25,85.35,84.3,85.0,53325,788625,95.24,84.2,85.0
3304,2021-06-05 14:11:00,85.25,85.35,84.3,85.0,53325,788625,95.24,84.2,85.0
3305,2021-06-05 14:12:00,85.25,85.35,84.3,85.0,53325,788625,95.24,84.2,85.0
3306,2021-06-05 14:13:00,85.25,85.35,84.3,85.0,53325,788625,95.24,84.2,85.0
3307,2021-06-05 14:14:00,85.25,85.35,84.3,85.0,53325,788625,95.24,84.2,85.0
3308,2021-06-05 14:15:00,85.25,85.35,84.3,85.0,53325,788625,95.24,84.2,85.0
3309,2021-06-05 14:16:00,85.25,85.35,84.3,85.0,53325,788625,95.24,84.2,85.0
3310,2021-06-05 14:17:00,85.25,85.35,84.3,85.0,53325,788625,95.24,84.2,85.0
3311,2021-06-05 14:18:00,85.25,85.35,84.3,85.0,53325,788625,95.24,84.2,85.0
3312,2021-06-05 14:19:00,85.25,85.35,84.3,85.0,53325,788625,95.24,84.2,85.0
3313,2021-06-05 14:20:00,85.25,85.35,84.3,85.0,53325,788625,95.24,84.2,85.0
3314,2021-06-05 14:21:00,85.25,85.35,84.3,85.0,53325,788625,95.24,84.2,85.0
3315,2021-06-05 14:22:00,85.25,85.35,84.3,85.0,53325,788625,95.24,84.2,85.0
3316,2021-06-05 14:23:00,85.25,85.35,84.3,85.0,53325,788625,95.24,84.2,85.0
3317,2021-06-05 14:24:00,85.25,85.35,84.3,85.0,53325,788625,95.24,84.2,85.0
3318,2021-06-05 14:25:00,85.25,85.35,84.3,85.0,53325,788625,95.24,84.2,85.0
3319,2021-06-05 14:26:00,85.25,85.35,84.3,85.0,53325,788625,95.24,84.2,85.0
3320,2021-06-05 14:27:00,85.25,85.35,84.3,85.0,53325,788625,95.24,84.2,85.0
3321,2021-06-05 14:28:00,85.25,85.35,84.3,85.0,53325,788625,95.24,84.2,85.0
3322,2021-06-05 14:29:00,85.25,85.35,84.3,85.0,53325,788625,95.24,84.2,85.0
3323,2021-06-05 14:30:00,85.25,85.35,84.3,85.0,53325,788625,95.24,84.2,85.0
3324,2021-06-05 14:31:00,85.25,85.35,84.3,85.0,53325,788625,95.24,84.2,85.0
3325,2021-06-05 14:32:00,85.25,85.35,84.3,85.0,53325,788625,95.24,84.2,85.0
3326,2021-06-05 14:33:00,85.25,85.35,84.3,85.0,53325,788625,95.24,84.2,85.0
3327,2021-06-05 14:34:00,85.25,85.35,84.3,85.0,53325,788625,95.24,84.2,85.0
3328,2021-06-05 14:35:00,85.25,85.35,84.3,85.0,53325,788625,95.24,84.2,85.0
3329,2021-06-05 14:36:00,85.25,85.35,84.3,85.0,53325,788625,95.24,84.2,85.0
3330,2021-06-05 14:37:00,85.25,85.35,84.3,85.0,53325,788625,95.24,84.2,85.0
3331,2021-06-05 14:38:00,85.25,85.35,84.3,85.0,53325,788625,95.24,84.2,85.0
3332,2021-06-05 14:39:00,85.25,85.35,84.3,85.0,53325,788625,95.24,84.2,85.0
3333,2021-06-05 14:40:00,85.25,85.35,84.3,85.0,53325,788625,95.24,84.2,85.0
3334,2021-06-05 14:41:00,85.25,85.35,84.3,85.0,53325,788625,95.24,84.2,85.0
3335,2021-06-05 14:42:00,85.25,85.35,84.3,85.0,53325,788625,95.24,84.2,85.0
3336,2021-06-05 14:43:00,85.25,85.35,84.3,85.0,53325,788625,95.24,84.2,85.0
3337,2021-06-05 14:44:00,85.25,85.35,84.3,85.0,53325,788625,95.24,84.2,85.0
3338,2021-06-05 14:45:00,85.25,85.35,84.3,85.0,53325,788625,95.24,84.2,85.0
3339,2021-06-05 14:46:00,85.25,85.35,84.3,85.0,53325,788625,95.24,84.2,85.0
3340,2021-06-05 14:47:00,85.25,85.35,84.3,85.0,53325,788625,95.24,84.2,85.0
3341,2021-06-05 14:48:00,85.25,85.35,84.3,85.0,53325,788625,95.24,84.2,85.0
3342,2021-06-05 14:49:00,85.25,85.35,84.3,85.0,53325,788625,95.24,84.2,85.0
3343,2021-06-05 14:50:00,85.25,85.35,84.3,85.0,53325,788625,95.24,84.2,85.0
3344,2021-06-05 14:51:00,85.25,85.35,84.3,85.0,53325,788625,95.24,84.2,85.0
3345,2021-06-05 14:52:00,85.25,85.35,84.3,85.0,53325,788625,95.24,84.2,85.0
3346,2021-06-05 14:53:00,85.25,85.35,84.3,85.0,53325,788625,95.24,84.2,85.0
3347,2021-06-05 14:54:00,85.25,85.35,84.3,85.0,53325,788625,95.24,84.2,85.0
3348,2021-06-05 14:55:00,85.25,85.35,84.3,85.0,53325,788625,95.24,84.2,85.0
3349,2021-06-05 14:56:00,85.25,85.35,84.3,85.0,53325,788625,95.24,84.2,85.0
3350,2021-06-05 14:57:00,85.25,85.35,84.3,85.0,53325,788625,95.24,84.2,85.0
3351,2021-06-05 14:58:00,85.25,85.35,84.3,85.0,53325,788625,95.24,84.2,85.0
3352,2021-06-05 14:59:00,85.25,85.35,84.3,85.0,53325,788625,95.24,84.2,85.0
3353,2021-06-05 15:00:00,85.25,85.35,84.3,85.0,53325,788625,95.24,84.2,85.0
3354,2021-06-05 15:01:00,85.25,85.35,84.3,85.0,53325,788625,95.24,84.2,85.0
3355,2021-06-05 15:02:00,85.25,85.35,84.3,85.0,53325,788625,95.24,84.2,85.0
3356,2021-06-05 15:03:00,85.25,85.35,84.3,85.0,53325,788625,95.24,84.2,85.0
3357,2021-06-05 15:04:00,85.25,85.35,84.3,85.0,53325,788625,95.24,84.2,85.0
3358,2021-06-05 15:05:00,85.25,85.35,84.3,85.0,53325,788625,95.24,84.2,85.0
3359,2021-06-05 15:06:00,85.25,85.35,84.3,85.0,53325,788625,95.24,84.2,85.0
3360,2021-06-05 15:07:00,85.25,85.35,84.3,85.0,53325,788625,95.24,84.2,85.0
3361,2021-06-05 15:08:00,85.25,85.35,84.3,85.0,53325,788625,95.24,84.2,85.0
3362,2021-06-05 15:09:00,85.25,85.35,84.3,85.0,53325,788625,95.24,84.2,85.0
3363,2021-06-05 15:10:00,85.25,85.35,84.3,85.0,53325,788625,95.24,84.2,85.0
3364,2021-06-05 15:11:00,85.25,85.35,84.3,85.0,53325,788625,95.24,84.2,85.0
3365,2021-06-05 15:12:00,85.25,85.35,84.3,85.0,53325,788625,95.24,84.2,85.0
3366,2021-06-05 15:13:00,85.25,85.35,84.3,85.0,53325,788625,95.24,84.2,85.0
3367,2021-06-05 15:14:00,85.25,85.35,84.3,85.0,53325,788625,95.24,84.2,85.0
3368,2021-06-05 15:15:00,85.25,85.35,84.3,85.0,53325,788625,95.24,84.2,85.0
3369,2021-06-05 15:16:00,85.25,85.35,84.3,85.0,53325,788625,95.24,84.2,85.0
3370,2021-06-05 15:17:00,85.25,85.35,84.3,85.0,53325,788625,95.24,84.2,85.0
3371,2021-06-05 15:18:00,85.25,85.35,84.3,85.0,53325,788625,95.24,84.2,85.0
3372,2021-06-05 15:19:00,85.25,85.35,84.3,85.0,53325,788625,95.24,84.2,85.0
3373,2021-06-05 15:20:00,85.25,85.35,84.3,85.0,53325,788625,95.24,84.2,85.0
3374,2021-06-05 15:21:00,85.25,85.35,84.3,85.0,53325,788625,95.24,84.2,85.0
3375,2021-06-05 15:22:00,85.25,85.35,84.3,85.0,53325,788625,95.24,84.2,85.0
3376,2021-06-05 15:23:00,85.25,85.35,84.3,85.0,53325,788625,95.24,84.2,85.0
3377,2021-06-05 15:24:00,85.25,85.35,84.3,85.0,53325,788625,95.24,84.2,85.0
3378,2021-06-05 15:25:00,85.25,85.35,84.3,85.0,53325,788625,95.24,84.2,85.0
3379,2021-06-05 15:26:00,85.25,85.35,84.3,85.0,53325,788625,95.24,84.2,85.0
3380,2021-06-05 15:27:00,85.25,85.35,84.3,85.0,53325,788625,95.24,84.2,85.0
3381,2021-06-05 15:28:00,85.25,85.35,84.3,85.0,53325,788625,95.24,84.2,85.0
3382,2021-06-05 15:29:00,85.25,85.35,84.3,85.0,53325,788625,95.24,84.2,85.0
3383,2021-06-05 15:30:00,85.25,85.35,84.3,85.0,53325,788625,95.24,84.2,85.0
3384,2021-06-06 09:15:00,85.25,85.35,84.3,85.0,53325,788625,95.24,84.2,85.0
3385,2021-06-06 09:16:00,85.25,85.35,84.3,85.0,53325,788625,95.24,84.2,85.0
3386,2021-06-06 09:17:00,85.25,85.35,84.3,85.0,53325,788625,95.24,84.2,85.0
3387,2021-06-06 09:18:00,85.25,85.35,84.3,85.0,53325,788625,95.24,84.2,85.0
3388,2021-06-06 09:19:00,85.25,85.35,84.3,85.0,53325,788625,95.24,84.2,85.0
3389,2021-06-06 09:20:00,85.25,85.35,84.3,85.0,53325,788625,95.24,84.2,85.0
3390,2021-06-06 09:21:00,85.25,85.35,84.3,85.0,53325,788625,95.24,84.2,85.0
3391,2021-06-06 09:22:00,85.25,85.35,84.3,85.0,53325,788625,95.24,84.2,85.0
3392,2021-06-06 09:23:00,85.25,85.35,84.3,85.0,53325,788625,95.24,84.2,85.0
3393,2021-06-06 09:24:00,85.25,85.35,84.3,85.0,53325,788625,95.24,84.2,85.0
3394,2021-06-06 09:25:00,85.25,85.35,84.3,85.0,53325,788625,95.24,84.2,85.0
3395,2021-06-06 09:26:00,85.25,85.35,84.3,85.0,53325,788625,95.24,84.2,85.0
3396,2021-06-06 09:27:00,85.25,85.35,84.3,85.0,53325,788625,95.24,84.2,85.0
3397,2021-06-06 09:28:00,85.25,85.35,84.3,85.0,53325,788625,95.24,84.2,85.0
3398,2021-06-06 09:29:00,85.25,85.35,84.3,85.0,53325,788625,95.24,84.2,85.0
3399,2021-06-06 09:30:00,85.25,85.35,84.3,85.0,53325,788625,95.24,84.2,85.0
3400,2021-06-06 09:31:00,85.25,85.35,84.3,85.0,53325,788625,95.24,84.2,85.0
3401,2021-06-06 09:32:00,85.25,85.35,84.3,85.0,53325,788625,95.24,84.2,85.0
3402,2021-06-06 09:33:00,85.25,85.35,84.3,85.0,53325,788625,95.24,84.2,85.0
3403,2021-06-06 09:34:00,85.25,85.35,84.3,85.0,53325,788625,95.24,84.2,85.0
3404,2021-06-06 09:35:00,85.25,85.35,84.3,85.0,53325,788625,95.24,84.2,85.0
3405,2021-06-06 09:36:00,85.25,85.35,84.3,85.0,53325,788625,95.24,84.2,85.0
3406,2021-06-06 09:37:00,85.25,85.35,84.3,85.0,53325,788625,95.24,84.2,85.0
3407,2021-06-06 09:38:00,85.25,85.35,84.3,85.0,53325,788625,95.24,84.2,85.0
3408,2021-06-06 09:39:00,85.25,85.35,84.3,85.0,53325,788625,95.24,84.2,85.0
3409,2021-06-06 09:40:00,85.25,85.35,84.3,85.0,53325,788625,95.24,84.2,85.0
3410,2021-06-06 09:41:00,85.25,85.35,84.3,85.0,53325,788625,95.24,84.2,85.0
3411,2021-06-06 09:42:00,85.25,85.35,84.3,85.0,53325,788625,95.24,84.2,85.0
3412,2021-06-06 09:43:00,85.25,85.35,84.3,85.0,53325,788625,95.24,84.2,85.0
3413,2021-06-06 09:44:00,85.25,85.35,84.3,85.0,53325,788625,95.24,84.2,85.0
3414,2021-06-06 09:45:00,85.25,85.35,84.3,85.0,53325,788625,95.24,84.2,85.0
3415,2021-06-06 09:46:00,85.25,85.35,84.3,85.0,53325,788625,95.24,84.2,85.0
3416,2021-06-06 09:47:00,85.25,85.35,84.3,85.0,53325,788625,95.24,84.2,85.0
3417,2021-06-06 09:48:00,85.25,85.35,84.3,85.0,53325,788625,95.24,84.2,85.0
3418,2021-06-06 09:49:00,85.25,85.35,84.3,85.0,53325,788625,95.24,84.2,85.0
3419,2021-06-06 09:50:00,85.25,85.35,84.3,85.0,53325,788625,95.24,84.2,85.0
3420,2021-06-06 09:51:00,85.25,85.35,84.3,85.0,53325,788625,95.24,84.2,85.0
3421,2021-06-06 09:52:00,85.25,85.35,84.3,85.0,53325,788625,95.24,84.2,85.0
3422,2021-06-06 09:53:00,85.25,85.35,84.3,85.0,53325,788625,95.24,84.2,85.0
3423,2021-06-06 09:54:00,85.25,85.35,84.3,85.0,53325,788625,95.24,84.2,85.0
3424,2021-06-06 09:55:00,85.25,85.35,84.3,85.0,53325,788625,95.24,84.2,85.0
3425,2021-06-06 09:56:00,85.25,85.35,84.3,85.0,53325,788625,95.24,84.2,85.0
3426,2021-06-06 09:57:00,85.25,85.35,84.3,85.0,53325,788625,95.24,84.2,85.0
3427,2021-06-06 09:58:00,85.25,85.35,84.3,85.0,53325,788625,95.24,84.2,85.0
3428,2021-06-06 09:59:00,85.25,85.35,84.3,85.0,53325,788625,95.24,84.2,85.0
3429,2021-06-06 10:00:00,85.25,85.35,84.3,85.0,53325,788625,95.24,84.2,85.0
3430,2021-06-06 10:01:00,85.25,85.35,84.3,85.0,53325,788625,95.24,84.2,85.0
3431,2021-06-06 10:02:00,85.25,85.35,84.3,85.0,53325,788625,95.24,84.2,85.0
3432,2021-06-06 10:03:00,85.25,85.35,84.3,85.0,53325,788625,95.24,84.2,85.0
3433,2021-06-06 10:04:00,85.25,85.35,84.3,85.0,53325,788625,95.24,84.2,85.0
3434,2021-06-06 10:05:00,85.25,85.35,84.3,85.0,53325,788625,95.24,84.2,85.0
3435,2021-06-06 10:06:00,85.25,85.35,84.3,85.0,53325,788625,95.24,84.2,85.0
3436,2021-06-06 10:07:00,85.25,85.35,84.3,85.0,53325,788625,95.24,84.2,85.0
3437,2021-06-06 10:08:00,85.25,85.35,84.3,85.0,53325,788625,95.24,84.2,85.0
3438,2021-06-06 10:09:00,85.25,85.35,84.3,85.0,53325,788625,95.24,84.2,85.0
3439,2021-06-06 10:10:00,85.25,85.35,84.3,85.0,53325,788625,95.24,84.2,85.0
3440,2021-06-06 10:11:00,85.25,85.35,84.3,85.0,53325,788625,95.24,84.2,85.0
3441,2021-06-06 10:12:00,85.25,85.35,84.3,85.0,53325,788625,95.24,84.2,85.0
3442,2021-06-06 10:13:00,85.25,85.35,84.3,85.0,53325,788625,95.24,84.2,85.0
3443,2021-06-06 10:14:00,85.25,85.35,84.3,85.0,53325,788625,95.24,84.2,85.0
3444,2021-06-06 10:15:00,85.25,85.35,84.3,85.0,53325,788625,95.24,84.2,85.0
3445,2021-06-06 10:16:00,85.25,85.35,84.3,85.0,53325,788625,95.24,84.2,85.0
3446,2021-06-06 10:17:00,85.25,85.35,84.3,85.0,53325,788625,95.24,84.2,85.0
3447,2021-06-06 10:18:00,85.25,85.35,84.3,85.0,53325,788625,95.24,84.2,85.0
3448,2021-06-06 10:19:00,85.25,85.35,84.3,85.0,53325,788625,95.24,84.2,85.0
3449,2021-06-06 10:20:00,85.25,85.35,84.3,85.0,53325,788625,95.24,84.2,85.0
3450,2021-06-06 10:21:00,85.25,85.35,84.3,85.0,53325,788625,95.24,84.2,85.0
3451,2021-06-06 10:22:00,85.25,85.35,84.3,85.0,53325,788625,95.24,84.2,85.0
3452,2021-06-06 10:23:00,85.25,85.35,84.3,85.0,53325,788625,95.24,84.2,85.0
3453,2021-06-06 10:24:00,85.25,85.35,84.3,85.0,53325,788625,95.24,84.2,85.0
3454,2021-06-06 10:25:00,85.25,85.35,84.3,85.0,53325,788625,95.24,84.2,85.0
3455,2021-06-06 10:26:00,85.25,85.35,84.3,85.0,53325,788625,95.24,84.2,85.0
3456,2021-06-06 10:27:00,85.25,85.35,84.3,85.0,53325,788625,95.24,84.2,85.0
3457,2021-06-06 10:28:00,85.25,85.35,84.3,85.0,53325,788625,95.24,84.2,85.0
3458,2021-06-06 10:29:00,85.25,85.35,84.3,85.0,53325,788625,95.24,84.2,85.0
3459,2021-06-06 10:30:00,85.25,85.35,84.3,85.0,53325,788625,95.24,84.2,85.0
3460,2021-06-06 10:31:00,85.25,85.35,84.3,85.0,53325,788625,95.24,84.2,85.0
3461,2021-06-06 10:32:00,85.25,85.35,84.3,85.0,53325,788625,95.24,84.2,85.0
3462,2021-06-06 10:33:00,85.25,85.35,84.3,85.0,53325,788625,95.24,84.2,85.0
3463,2021-06-06 10:34:00,85.25,85.35,84.3,85.0,53325,788625,95.24,84.2,85.0
3464,2021-06-06 10:35:00,85.25,85.35,84.3,85.0,53325,788625,95.24,84.2,85.0
3465,2021-06-06 10:36:00,85.25,85.35,84.3,85.0,53325,788625,95.24,84.2,85.0
3466,2021-06-06 10:37:00,85.25,85.35,84.3,85.0,53325,788625,95.24,84.2,85.0
3467,2021-06-06 10:38:00,85.25,85.35,84.3,85.0,53325,788625,95.24,84.2,85.0
3468,2021-06-06 10:39:00,85.25,85.35,84.3,85.0,53325,788625,95.24,84.2,85.0
3469,2021-06-06 10:40:00,85.25,85.35,84.3,85.0,53325,788625,95.24,84.2,85.0
3470,2021-06-06 10:41:00,85.25,85.35,84.3,85.0,53325,788625,95.24,84.2,85.0
3471,2021-06-06 10:42:00,85.25,85.35,84.3,85.0,53325,788625,95.24,84.2,85.0
3472,2021-06-06 10:43:00,85.25,85.35,84.3,85.0,53325,788625,95.24,84.2,85.0
3473,2021-06-06 10:44:00,85.25,85.35,84.3,85.0,53325,788625,95.24,84.2,85.0
3474,2021-06-06 10:45:00,85.25,85.35,84.3,85.0,53325,788625,95.24,84.2,85.0
3475,2021-06-06 10:46:00,85.25,85.35,84.3,85.0,53325,788625,95.24,84.2,85.0
3476,2021-06-06 10:47:00,85.25,85.35,84.3,85.0,53325,788625,95.24,84.2,85.0
3477,2021-06-06 10:48:00,85.25,85.35,84.3,85.0,53325,788625,95.24,84.2,85.0
3478,2021-06-06 10:49:00,85.25,85.35,84.3,85.0,53325,788625,95.24,84.2,85.0
3479,2021-06-06 10:50:00,85.25,85.35,84.3,85.0,53325,788625,95.24,84.2,85.0
3480,2021-06-06 10:51:00,85.25,85.35,84.3,85.0,53325,788625,95.24,84.2,85.0
3481,2021-06-06 10:52:00,85.25,85.35,84.3,85.0,53325,788625,95.24,84.2,85.0
3482,2021-06-06 10:53:00,85.25,85.35,84.3,85.0,53325,788625,95.24,84.2,85.0
3483,2021-06-06 10:54:00,85.25,85.35,84.3,85.0,53325,788625,95.24,84.2,85.0
3484,2021-06-06 10:55:00,85.25,85.35,84.3,85.0,53325,788625,95.24,84.2,85.0
3485,2021-06-06 10:56:00,85.25,85.35,84.3,85.0,53325,788625,95.24,84.2,85.0
3486,2021-06-06 10:57:00,85.25,85.35,84.3,85.0,53325,788625,95.24,84.2,85.0
3487,2021-06-06 10:58:00,85.25,85.35,84.3,85.0,53325,788625,95.24,84.2,85.0
3488,2021-06-06 10:59:00,85.25,85.35,84.3,85.0,53325,788625,95.24,84.2,85.0
3489,2021-06-06 11:00:00,85.25,85.35,84.3,85.0,53325,788625,95.24,84.2,85.0
3490,2021-06-06 11:01:00,85.25,85.35,84.3,85.0,53325,788625,95.24,84.2,85.0
3491,2021-06-06 11:02:00,85.25,85.35,84.3,85.0,53325,788625,95.24,84.2,85.0
3492,2021-06-06 11:03:00,85.25,85.35,84.3,85.0,53325,788625,95.24,84.2,85.0
3493,2021-06-06 11:04:00,85.25,85.35,84.3,85.0,53325,788625,95.24,84.2,85.0
3494,2021-06-06 11:05:00,85.25,85.35,84.3,85.0,53325,788625,95.24,84.2,85.0
3495,2021-06-06 11:06:00,85.25,85.35,84.3,85.0,53325,788625,95.24,84.2,85.0
3496,2021-06-06 11:07:00,85.25,85.35,84.3,85.0,53325,788625,95.24,84.2,85.0
3497,2021-06-06 11:08:00,85.25,85.35,84.3,85.0,53325,788625,95.24,84.2,85.0
3498,2021-06-06 11:09:00,85.25,85.35,84.3,85.0,53325,788625,95.24,84.2,85.0
3499,2021-06-06 11:10:00,85.25,85.35,84.3,85.0,53325,788625,95.24,84.2,85.0
3500,2021-06-06 11:11:00,85.25,85.35,84.3,85.0,53325,788625,95.24,84.2,85.0
3501,2021-06-06 11:12:00,85.25,85.35,84.3,85.0,53325,788625,95.24,84.2,85.0
3502,2021-06-06 11:13:00,85.25,85.35,84.3,85.0,53325,788625,95.24,84.2,85.0
3503,2021-06-06 11:14:00,85.25,85.35,84.3,85.0,53325,788625,95.24,84.2,85.0
3504,2021-06-06 11:15:00,85.25,85.35,84.3,85.0,53325,788625,95.24,84.2,85.0
3505,2021-06-06 11:16:00,85.25,85.35,84.3,85.0,53325,788625,95.24,84.2,85.0
3506,2021-06-06 11:17:00,85.25,85.35,84.3,85.0,53325,788625,95.24,84.2,85.0
3507,2021-06-06 11:18:00,85.25,85.35,84.3,85.0,53325,788625,95.24,84.2,85.0
3508,2021-06-06 11:19:00,85.25,85.35,84.3,85.0,53325,788625,95.24,84.2,85.0
3509,2021-06-06 11:20:00,85.25,85.35,84.3,85.0,53325,788625,95.24,84.2,85.0
3510,2021-06-06 11:21:00,85.25,85.35,84.3,85.0,53325,788625,95.24,84.2,85.0
3511,2021-06-06 11:22:00,85.25,85.35,84.3,85.0,53325,788625,95.24,84.2,85.0
3512,2021-06-06 11:23:00,85.25,85.35,84.3,85.0,53325,788625,95.24,84.2,85.0
3513,2021-06-06 11:24:00,85.25,85.35,84.3,85.0,53325,788625,95.24,84.2,85.0
3514,2021-06-06 11:25:00,85.25,85.35,84.3,85.0,53325,788625,95.24,84.2,85.0
3515,2021-06-06 11:26:00,85.25,85.35,84.3,85.0,53325,788625,95.24,84.2,85.0
3516,2021-06-06 11:27:00,85.25,85.35,84.3,85.0,53325,788625,95.24,84.2,85.0
3517,2021-06-06 11:28:00,85.25,85.35,84.3,85.0,53325,788625,95.24,84.2,85.0
3518,2021-06-06 11:29:00,85.25,85.35,84.3,85.0,53325,788625,95.24,84.2,85.0
3519,2021-06-06 11:30:00,85.25,85.35,84.3,85.0,53325,788625,95.24,84.2,85.0
3520,2021-06-06 11:31:00,85.25,85.35,84.3,85.0,53325,788625,95.24,84.2,85.0
3521,2021-06-06 11:32:00,85.25,85.35,84.3,85.0,53325,788625,95.24,84.2,85.0
3522,2021-06-06 11:33:00,85.25,85.35,84.3,85.0,53325,788625,95.24,84.2,85.0
3523,2021-06-06 11:34:00,85.25,85.35,84.3,85.0,53325,788625,95.24,84.2,85.0
3524,2021-06-06 11:35:00,85.25,85.35,84.3,85.0,53325,788625,95.24,84.2,85.0
3525,2021-06-06 11:36:00,85.25,85.35,84.3,85.0,53325,788625,95.24,84.2,85.0
3526,2021-06-06 11:37:00,85.25,85.35,84.3,85.0,53325,788625,95.24,84.2,85.0
3527,2021-06-06 11:38:00,85.25,85.35,84.3,85.0,53325,788625,95.24,84.2,85.0
3528,2021-06-06 11:39:00,85.25,85.35,84.3,85.0,53325,788625,95.24,84.2,85.0
3529,2021-06-06 11:40:00,85.25,85.35,84.3,85.0,53325,788625,95.24,84.2,85.0
3530,2021-06-06 11:41:00,85.25,85.35,84.3,85.0,53325,788625,95.24,84.2,85.0
3531,2021-06-06 11:42:00,85.25,85.35,84.3,85.0,53325,788625,95.24,84.2,85.0
3532,2021-06-06 11:43:00,85.25,85.35,84.3,85.0,53325,788625,95.24,84.2,85.0
3533,2021-06-06 11:44:00,85.25,85.35,84.3,85.0,53325,788625,95.24,84.2,85.0
3534,2021-06-06 11:45:00,85.25,85.35,84.3,85.0,53325,788625,95.24,84.2,85.0
3535,2021-06-06 11:46:00,85.25,85.35,84.3,85.0,53325,788625,95.24,84.2,85.0
3536,2021-06-06 11:47:00,85.25,85.35,84.3,85.0,53325,788625,95.24,84.2,85.0
3537,2021-06-06 11:48:00,85.25,85.35,84.3,85.0,53325,788625,95.24,84.2,85.0
3538,2021-06-06 11:49:00,85.25,85.35,84.3,85.0,53325,788625,95.24,84.2,85.0
3539,2021-06-06 11:50:00,85.25,85.35,84.3,85.0,53325,788625,95.24,84.2,85.0
3540,2021-06-06 11:51:00,85.25,85.35,84.3,85.0,53325,788625,95.24,84.2,85.0
3541,2021-06-06 11:52:00,85.25,85.35,84.3,85.0,53325,788625,95.24,84.2,85.0
3542,2021-06-06 11:53:00,85.25,85.35,84.3,85.0,53325,788625,95.24,84.2,85.0
3543,2021-06-06 11:54:00,85.25,85.35,84.3,85.0,53325,788625,95.24,84.2,85.0
3544,2021-06-06 11:55:00,85.25,85.35,84.3,85.0,53325,788625,95.24,84.2,85.0
3545,2021-06-06 11:56:00,85.25,85.35,84.3,85.0,53325,788625,95.24,84.2,85.0
3546,2021-06-06 11:57:00,85.25,85.35,84.3,85.0,53325,788625,95.24,84.2,85.0
3547,2021-06-06 11:58:00,85.25,85.35,84.3,85.0,53325,788625,95.24,84.2,85.0
3548,2021-06-06 11:59:00,85.25,85.35,84.3,85.0,53325,788625,95.24,84.2,85.0
3549,2021-06-06 12:00:00,85.25,85.35,84.3,85.0,53325,788625,95.24,84.2,85.0
3550,2021-06-06 12:01:00,85.25,85.35,84.3,85.0,53325,788625,95.24,84.2,85.0
3551,2021-06-06 12:02:00,85.25,85.35,84.3,85.0,53325,788625,95.24,84.2,85.0
3552,2021-06-06 12:03:00,85.25,85.35,84.3,85.0,53325,788625,95.24,84.2,85.0
3553,2021-06-06 12:04:00,85.25,85.35,84.3,85.0,53325,788625,95.24,84.2,85.0
3554,2021-06-06 12:05:00,85.25,85.35,84.3,85.0,53325,788625,95.24,84.2,85.0
3555,2021-06-06 12:06:00,85.25,85.35,84.3,85.0,53325,788625,95.24,84.2,85.0
3556,2021-06-06 12:07:00,85.25,85.35,84.3,85.0,53325,788625,95.24,84.2,85.0
3557,2021-06-06 12:08:00,85.25,85.35,84.3,85.0,53325,788625,95.24,84.2,85.0
3558,2021-06-06 12:09:00,85.25,85.35,84.3,85.0,53325,788625,95.24,84.2,85.0
3559,2021-06-06 12:10:00,85.25,85.35,84.3,85.0,53325,788625,95.24,84.2,85.0
3560,2021-06-06 12:11:00,85.25,85.35,84.3,85.0,53325,788625,95.24,84.2,85.0
3561,2021-06-06 12:12:00,85.25,85.35,84.3,85.0,53325,788625,95.24,84.2,85.0
3562,2021-06-06 12:13:00,85.25,85.35,84.3,85.0,53325,788625,95.24,84.2,85.0
3563,2021-06-06 12:14:00,85.25,85.35,84.3,85.0,53325,788625,95.24,84.2,85.0
3564,2021-06-06 12:15:00,85.25,85.35,84.3,85.0,53325,788625,95.24,84.2,85.0
3565,2021-06-06 12:16:00,85.25,85.35,84.3,85.0,53325,788625,95.24,84.2,85.0
3566,2021-06-06 12:17:00,85.25,85.35,84.3,85.0,53325,788625,95.24,84.2,85.0
3567,2021-06-06 12:18:00,85.25,85.35,84.3,85.0,53325,788625,95.24,84.2,85.0
3568,2021-06-06 12:19:00,85.25,85.35,84.3,85.0,53325,788625,95.24,84.2,85.0
3569,2021-06-06 12:20:00,85.25,85.35,84.3,85.0,53325,788625,95.24,84.2,85.0
3570,2021-06-06 12:21:00,85.25,85.35,84.3,85.0,53325,788625,95.24,84.2,85.0
3571,2021-06-06 12:22:00,85.25,85.35,84.3,85.0,53325,788625,95.24,84.2,85.0
3572,2021-06-06 12:23:00,85.25,85.35,84.3,85.0,53325,788625,95.24,84.2,85.0
3573,2021-06-06 12:24:00,85.25,85.35,84.3,85.0,53325,788625,95.24,84.2,85.0
3574,2021-06-06 12:25:00,85.25,85.35,84.3,85.0,53325,788625,95.24,84.2,85.0
3575,2021-06-06 12:26:00,85.25,85.35,84.3,85.0,53325,788625,95.24,84.2,85.0
3576,2021-06-06 12:27:00,85.25,85.35,84.3,85.0,53325,788625,95.24,84.2,85.0
3577,2021-06-06 12:28:00,85.25,85.35,84.3,85.0,53325,788625,95.24,84.2,85.0
3578,2021-06-06 12:29:00,85.25,85.35,84.3,85.0,53325,788625,95.24,84.2,85.0
3579,2021-06-06 12:30:00,85.25,85.35,84.3,85.0,53325,788625,95.24,84.2,85.0
3580,2021-06-06 12:31:00,85.25,85.35,84.3,85.0,53325,788625,95.24,84.2,85.0
3581,2021-06-06 12:32:00,85.25,85.35,84.3,85.0,53325,788625,95.24,84.2,85.0
3582,2021-06-06 12:33:00,85.25,85.35,84.3,85.0,53325,788625,95.24,84.2,85.0
3583,2021-06-06 12:34:00,85.25,85.35,84.3,85.0,53325,788625,95.24,84.2,85.0
3584,2021-06-06 12:35:00,85.25,85.35,84.3,85.0,53325,788625,95.24,84.2,85.0
3585,2021-06-06 12:36:00,85.25,85.35,84.3,85.0,53325,788625,95.24,84.2,85.0
3586,2021-06-06 12:37:00,85.25,85.35,84.3,85.0,53325,788625,95.24,84.2,85.0
3587,2021-06-06 12:38:00,85.25,85.35,84.3,85.0,53325,788625,95.24,84.2,85.0
3588,2021-06-06 12:39:00,85.25,85.35,84.3,85.0,53325,788625,95.24,84.2,85.0
3589,2021-06-06 12:40:00,85.25,85.35,84.3,85.0,53325,788625,95.24,84.2,85.0
3590,2021-06-06 12:41:00,85.25,85.35,84.3,85.0,53325,788625,95.24,84.2,85.0
3591,2021-06-06 12:42:00,85.25,85.35,84.3,85.0,53325,788625,95.24,84.2,85.0
3592,2021-06-06 12:43:00,85.25,85.35,84.3,85.0,53325,788625,95.24,84.2,85.0
3593,2021-06-06 12:44:00,85.25,85.35,84.3,85.0,53325,788625,95.24,84.2,85.0
3594,2021-06-06 12:45:00,85.25,85.35,84.3,85.0,53325,788625,95.24,84.2,85.0
3595,2021-06-06 12:46:00,85.25,85.35,84.3,85.0,53325,788625,95.24,84.2,85.0
3596,2021-06-06 12:47:00,85.25,85.35,84.3,85.0,53325,788625,95.24,84.2,85.0
3597,2021-06-06 12:48:00,85.25,85.35,84.3,85.0,53325,788625,95.24,84.2,85.0
3598,2021-06-06 12:49:00,85.25,85.35,84.3,85.0,53325,788625,95.24,84.2,85.0
3599,2021-06-06 12:50:00,85.25,85.35,84.3,85.0,53325,788625,95.24,84.2,85.0
3600,2021-06-06 12:51:00,85.25,85.35,84.3,85.0,53325,788625,95.24,84.2,85.0
3601,2021-06-06 12:52:00,85.25,85.35,84.3,85.0,53325,788625,95.24,84.2,85.0
3602,2021-06-06 12:53:00,85.25,85.35,84.3,85.0,53325,788625,95.24,84.2,85.0
3603,2021-06-06 12:54:00,85.25,85.35,84.3,85.0,53325,788625,95.24,84.2,85.0
3604,2021-06-06 12:55:00,85.25,85.35,84.3,85.0,53325,788625,95.24,84.2,85.0
3605,2021-06-06 12:56:00,85.25,85.35,84.3,85.0,53325,788625,95.24,84.2,85.0
3606,2021-06-06 12:57:00,85.25,85.35,84.3,85.0,53325,788625,95.24,84.2,85.0
3607,2021-06-06 12:58:00,85.25,85.35,84.3,85.0,53325,788625,95.24,84.2,85.0
3608,2021-06-06 12:59:00,85.25,85.35,84.3,85.0,53325,788625,95.24,84.2,85.0
3609,2021-06-06 13:00:00,85.25,85.35,84.3,85.0,53325,788625,95.24,84.2,85.0
3610,2021-06-06 13:01:00,85.25,85.35,84.3,85.0,53325,788625,95.24,84.2,85.0
3611,2021-06-06 13:02:00,85.25,85.35,84.3,85.0,53325,788625,95.24,84.2,85.0
3612,2021-06-06 13:03:00,85.25,85.35,84.3,85.0,53325,788625,95.24,84.2,85.0
3613,2021-06-06 13:04:00,85.25,85.35,84.3,85.0,53325,788625,95.24,84.2,85.0
3614,2021-06-06 13:05:00,85.25,85.35,84.3,85.0,53325,788625,95.24,84.2,85.0
3615,2021-06-06 13:06:00,85.25,85.35,84.3,85.0,53325,788625,95.24,84.2,85.0
3616,2021-06-06 13:07:00,85.25,85.35,84.3,85.0,53325,788625,95.24,84.2,85.0
3617,2021-06-06 13:08:00,85.25,85.35,84.3,85.0,53325,788625,95.24,84.2,85.0
3618,2021-06-06 13:09:00,85.25,85.35,84.3,85.0,53325,788625,95.24,84.2,85.0
3619,2021-06-06 13:10:00,85.25,85.35,84.3,85.0,53325,788625,95.24,84.2,85.0
3620,2021-06-06 13:11:00,85.25,85.35,84.3,85.0,53325,788625,95.24,84.2,85.0
3621,2021-06-06 13:12:00,85.25,85.35,84.3,85.0,53325,788625,95.24,84.2,85.0
3622,2021-06-06 13:13:00,85.25,85.35,84.3,85.0,53325,788625,95.24,84.2,85.0
3623,2021-06-06 13:14:00,85.25,85.35,84.3,85.0,53325,788625,95.24,84.2,85.0
3624,2021-06-06 13:15:00,85.25,85.35,84.3,85.0,53325,788625,95.24,84.2,85.0
3625,2021-06-06 13:16:00,85.25,85.35,84.3,85.0,53325,788625,95.24,84.2,85.0
3626,2021-06-06 13:17:00,85.25,85.35,84.3,85.0,53325,788625,95.24,84.2,85.0
3627,2021-06-06 13:18:00,85.25,85.35,84.3,85.0,53325,788625,95.24,84.2,85.0
3628,2021-06-06 13:19:00,85.25,85.35,84.3,85.0,53325,788625,95.24,84.2,85.0
3629,2021-06-06 13:20:00,85.25,85.35,84.3,85.0,53325,788625,95.24,84.2,85.0
3630,2021-06-06 13:21:00,85.25,85.35,84.3,85.0,53325,788625,95.24,84.2,85.0
3631,2021-06-06 13:22:00,85.25,85.35,84.3,85.0,53325,788625,95.24,84.2,85.0
3632,2021-06-06 13:23:00,85.25,85.35,84.3,85.0,53325,788625,95.24,84.2,85.0
3633,2021-06-06 13:24:00,85.25,85.35,84.3,85.0,53325,788625,95.24,84.2,85.0
3634,2021-06-06 13:25:00,85.25,85.35,84.3,85.0,53325,788625,95.24,84.2,85.0
3635,2021-06-06 13:26:00,85.25,85.35,84.3,85.0,53325,788625,95.24,84.2,85.0
3636,2021-06-06 13:27:00,85.25,85.35,84.3,85.0,53325,788625,95.24,84.2,85.0
3637,2021-06-06 13:28:00,85.25,85.35,84.3,85.0,53325,788625,95.24,84.2,85.0
3638,2021-06-06 13:29:00,85.25,85.35,84.3,85.0,53325,788625,95.24,84.2,85.0
3639,2021-06-06 13:30:00,85.25,85.35,84.3,85.0,53325,788625,95.24,84.2,85.0
3640,2021-06-06 13:31:00,85.25,85.35,84.3,85.0,53325,788625,95.24,84.2,85.0
3641,2021-06-06 13:32:00,85.25,85.35,84.3,85.0,53325,788625,95.24,84.2,85.0
3642,2021-06-06 13:33:00,85.25,85.35,84.3,85.0,53325,788625,95.24,84.2,85.0
3643,2021-06-06 13:34:00,85.25,85.35,84.3,85.0,53325,788625,95.24,84.2,85.0
3644,2021-06-06 13:35:00,85.25,85.35,84.3,85.0,53325,788625,95.24,84.2,85.0
3645,2021-06-06 13:36:00,85.25,85.35,84.3,85.0,53325,788625,95.24,84.2,85.0
3646,2021-06-06 13:37:00,85.25,85.35,84.3,85.0,53325,788625,95.24,84.2,85.0
3647,2021-06-06 13:38:00,85.25,85.35,84.3,85.0,53325,788625,95.24,84.2,85.0
3648,2021-06-06 13:39:00,85.25,85.35,84.3,85.0,53325,788625,95.24,84.2,85.0
3649,2021-06-06 13:40:00,85.25,85.35,84.3,85.0,53325,788625,95.24,84.2,85.0
3650,2021-06-06 13:41:00,85.25,85.35,84.3,85.0,53325,788625,95.24,84.2,85.0
3651,2021-06-06 13:42:00,85.25,85.35,84.3,85.0,53325,788625,95.24,84.2,85.0
3652,2021-06-06 13:43:00,85.25,85.35,84.3,85.0,53325,788625,95.24,84.2,85.0
3653,2021-06-06 13:44:00,85.25,85.35,84.3,85.0,53325,788625,95.24,84.2,85.0
3654,2021-06-06 13:45:00,85.25,85.35,84.3,85.0,53325,788625,95.24,84.2,85.0
3655,2021-06-06 13:46:00,85.25,85.35,84.3,85.0,53325,788625,95.24,84.2,85.0
3656,2021-06-06 13:47:00,85.25,85.35,84.3,85.0,53325,788625,95.24,84.2,85.0
3657,2021-06-06 13:48:00,85.25,85.35,84.3,85.0,53325,788625,95.24,84.2,85.0
3658,2021-06-06 13:49:00,85.25,85.35,84.3,85.0,53325,788625,95.24,84.2,85.0
3659,2021-06-06 13:50:00,85.25,85.35,84.3,85.0,53325,788625,95.24,84.2,85.0
3660,2021-06-06 13:51:00,85.25,85.35,84.3,85.0,53325,788625,95.24,84.2,85.0
3661,2021-06-06 13:52:00,85.25,85.35,84.3,85.0,53325,788625,95.24,84.2,85.0
3662,2021-06-06 13:53:00,85.25,85.35,84.3,85.0,53325,788625,95.24,84.2,85.0
3663,2021-06-06 13:54:00,85.25,85.35,84.3,85.0,53325,788625,95.24,84.2,85.0
3664,2021-06-06 13:55:00,85.25,85.35,84.3,85.0,53325,788625,95.24,84.2,85.0
3665,2021-06-06 13:56:00,85.25,85.35,84.3,85.0,53325,788625,95.24,84.2,85.0
3666,2021-06-06 13:57:00,85.25,85.35,84.3,85.0,53325,788625,95.24,84.2,85.0
3667,2021-06-06 13:58:00,85.25,85.35,84.3,85.0,53325,788625,95.24,84.2,85.0
3668,2021-06-06 13:59:00,85.25,85.35,84.3,85.0,53325,788625,95.24,84.2,85.0
3669,2021-06-06 14:00:00,85.25,85.35,84.3,85.0,53325,788625,95.24,84.2,85.0
3670,2021-06-06 14:01:00,85.25,85.35,84.3,85.0,53325,788625,95.24,84.2,85.0
3671,2021-06-06 14:02:00,85.25,85.35,84.3,85.0,53325,788625,95.24,84.2,85.0
3672,2021-06-06 14:03:00,85.25,85.35,84.3,85.0,53325,788625,95.24,84.2,85.0
3673,2021-06-06 14:04:00,85.25,85.35,84.3,85.0,53325,788625,95.24,84.2,85.0
3674,2021-06-06 14:05:00,85.25,85.35,84.3,85.0,53325,788625,95.24,84.2,85.0
3675,2021-06-06 14:06:00,85.25,85.35,84.3,85.0,53325,788625,95.24,84.2,85.0
3676,2021-06-06 14:07:00,85.25,85.35,84.3,85.0,53325,788625,95.24,84.2,85.0
3677,2021-06-06 14:08:00,85.25,85.35,84.3,85.0,53325,788625,95.24,84.2,85.0
3678,2021-06-06 14:09:00,85.25,85.35,84.3,85.0,53325,788625,95.24,84.2,85.0
3679,2021-06-06 14:10:00,85.25,85.35,84.3,85.0,53325,788625,95.24,84.2,85.0
3680,2021-06-06 14:11:00,85.25,85.35,84.3,85.0,53325,788625,95.24,84.2,85.0
3681,2021-06-06 14:12:00,85.25,85.35,84.3,85.0,53325,788625,95.24,84.2,85.0
3682,2021-06-06 14:13:00,85.25,85.35,84.3,85.0,53325,788625,95.24,84.2,85.0
3683,2021-06-06 14:14:00,85.25,85.35,84.3,85.0,53325,788625,95.24,84.2,85.0
3684,2021-06-06 14:15:00,85.25,85.35,84.3,85.0,53325,788625,95.24,84.2,85.0
3685,2021-06-06 14:16:00,85.25,85.35,84.3,85.0,53325,788625,95.24,84.2,85.0
3686,2021-06-06 14:17:00,85.25,85.35,84.3,85.0,53325,788625,95.24,84.2,85.0
3687,2021-06-06 14:18:00,85.25,85.35,84.3,85.0,53325,788625,95.24,84.2,85.0
3688,2021-06-06 14:19:00,85.25,85.35,84.3,85.0,53325,788625,95.24,84.2,85.0
3689,2021-06-06 14:20:00,85.25,85.35,84.3,85.0,53325,788625,95.24,84.2,85.0
3690,2021-06-06 14:21:00,85.25,85.35,84.3,85.0,53325,788625,95.24,84.2,85.0
3691,2021-06-06 14:22:00,85.25,85.35,84.3,85.0,53325,788625,95.24,84.2,85.0
3692,2021-06-06 14:23:00,85.25,85.35,84.3,85.0,53325,788625,95.24,84.2,85.0
3693,2021-06-06 14:24:00,85.25,85.35,84.3,85.0,53325,788625,95.24,84.2,85.0
3694,2021-06-06 14:25:00,85.25,85.35,84.3,85.0,53325,788625,95.24,84.2,85.0
3695,2021-06-06 14:26:00,85.25,85.35,84.3,85.0,53325,788625,95.24,84.2,85.0
3696,2021-06-06 14:27:00,85.25,85.35,84.3,85.0,53325,788625,95.24,84.2,85.0
3697,2021-06-06 14:28:00,85.25,85.35,84.3,85.0,53325,788625,95.24,84.2,85.0
3698,2021-06-06 14:29:00,85.25,85.35,84.3,85.0,53325,788625,95.24,84.2,85.0
3699,2021-06-06 14:30:00,85.25,85.35,84.3,85.0,53325,788625,95.24,84.2,85.0
3700,2021-06-06 14:31:00,85.25,85.35,84.3,85.0,53325,788625,95.24,84.2,85.0
3701,2021-06-06 14:32:00,85.25,85.35,84.3,85.0,53325,788625,95.24,84.2,85.0
3702,2021-06-06 14:33:00,85.25,85.35,84.3,85.0,53325,788625,95.24,84.2,85.0
3703,2021-06-06 14:34:00,85.25,85.35,84.3,85.0,53325,788625,95.24,84.2,85.0
3704,2021-06-06 14:35:00,85.25,85.35,84.3,85.0,53325,788625,95.24,84.2,85.0
3705,2021-06-06 14:36:00,85.25,85.35,84.3,85.0,53325,788625,95.24,84.2,85.0
3706,2021-06-06 14:37:00,85.25,85.35,84.3,85.0,53325,788625,95.24,84.2,85.0
3707,2021-06-06 14:38:00,85.25,85.35,84.3,85.0,53325,788625,95.24,84.2,85.0
3708,2021-06-06 14:39:00,85.25,85.35,84.3,85.0,53325,788625,95.24,84.2,85.0
3709,2021-06-06 14:40:00,85.25,85.35,84.3,85.0,53325,788625,95.24,84.2,85.0
3710,2021-06-06 14:41:00,85.25,85.35,84.3,85.0,53325,788625,95.24,84.2,85.0
3711,2021-06-06 14:42:00,85.25,85.35,84.3,85.0,53325,788625,95.24,84.2,85.0
3712,2021-06-06 14:43:00,85.25,85.35,84.3,85.0,53325,788625,95.24,84.2,85.0
3713,2021-06-06 14:44:00,85.25,85.35,84.3,85.0,53325,788625,95.24,84.2,85.0
3714,2021-06-06 14:45:00,85.25,85.35,84.3,85.0,53325,788625,95.24,84.2,85.0
3715,2021-06-06 14:46:00,85.25,85.35,84.3,85.0,53325,788625,95.24,84.2,85.0
3716,2021-06-06 14:47:00,85.25,85.35,84.3,85.0,53325,788625,95.24,84.2,85.0
3717,2021-06-06 14:48:00,85.25,85.35,84.3,85.0,53325,788625,95.24,84.2,85.0
3718,2021-06-06 14:49:00,85.25,85.35,84.3,85.0,53325,788625,95.24,84.2,85.0
3719,2021-06-06 14:50:00,85.25,85.35,84.3,85.0,53325,788625,95.24,84.2,85.0
3720,2021-06-06 14:51:00,85.25,85.35,84.3,85.0,53325,788625,95.24,84.2,85.0
3721,2021-06-06 14:52:00,85.25,85.35,84.3,85.0,53325,788625,95.24,84.2,85.0
3722,2021-06-06 14:53:00,85.25,85.35,84.3,85.0,53325,788625,95.24,84.2,85.0
3723,2021-06-06 14:54:00,85.25,85.35,84.3,85.0,53325,788625,95.24,84.2,85.0
3724,2021-06-06 14:55:00,85.25,85.35,84.3,85.0,53325,788625,95.24,84.2,85.0
3725,2021-06-06 14:56:00,85.25,85.35,84.3,85.0,53325,788625,95.24,84.2,85.0
3726,2021-06-06 14:57:00,85.25,85.35,84.3,85.0,53325,788625,95.24,84.2,85.0
3727,2021-06-06 14:58:00,85.25,85.35,84.3,85.0,53325,788625,95.24,84.2,85.0
3728,2021-06-06 14:59:00,85.25,85.35,84.3,85.0,53325,788625,95.24,84.2,85.0
3729,2021-06-06 15:00:00,85.25,85.35,84.3,85.0,53325,788625,95.24,84.2,85.0
3730,2021-06-06 15:01:00,85.25,85.35,84.3,85.0,53325,788625,95.24,84.2,85.0
3731,2021-06-06 15:02:00,85.25,85.35,84.3,85.0,53325,788625,95.24,84.2,85.0
3732,2021-06-06 15:03:00,85.25,85.35,84.3,85.0,53325,788625,95.24,84.2,85.0
3733,2021-06-06 15:04:00,85.25,85.35,84.3,85.0,53325,788625,95.24,84.2,85.0
3734,2021-06-06 15:05:00,85.25,85.35,84.3,85.0,53325,788625,95.24,84.2,85.0
3735,2021-06-06 15:06:00,85.25,85.35,84.3,85.0,53325,788625,95.24,84.2,85.0
3736,2021-06-06 15:07:00,85.25,85.35,84.3,85.0,53325,788625,95.24,84.2,85.0
3737,2021-06-06 15:08:00,85.25,85.35,84.3,85.0,53325,788625,95.24,84.2,85.0
3738,2021-06-06 15:09:00,85.25,85.35,84.3,85.0,53325,788625,95.24,84.2,85.0
3739,2021-06-06 15:10:00,85.25,85.35,84.3,85.0,53325,788625,95.24,84.2,85.0
3740,2021-06-06 15:11:00,85.25,85.35,84.3,85.0,53325,788625,95.24,84.2,85.0
3741,2021-06-06 15:12:00,85.25,85.35,84.3,85.0,53325,788625,95.24,84.2,85.0
3742,2021-06-06 15:13:00,85.25,85.35,84.3,85.0,53325,788625,95.24,84.2,85.0
3743,2021-06-06 15:14:00,85.25,85.35,84.3,85.0,53325,788625,95.24,84.2,85.0
3744,2021-06-06 15:15:00,85.25,85.35,84.3,85.0,53325,788625,95.24,84.2,85.0
3745,2021-06-06 15:16:00,85.25,85.35,84.3,85.0,53325,788625,95.24,84.2,85.0
3746,2021-06-06 15:17:00,85.25,85.35,84.3,85.0,53325,788625,95.24,84.2,85.0
3747,2021-06-06 15:18:00,85.25,85.35,84.3,85.0,53325,788625,95.24,84.2,85.0
3748,2021-06-06 15:19:00,85.25,85.35,84.3,85.0,53325,788625,95.24,84.2,85.0
3749,2021-06-06 15:20:00,85.25,85.35,84.3,85.0,53325,788625,95.24,84.2,85.0
3750,2021-06-06 15:21:00,85.25,85.35,84.3,85.0,53325,788625,95.24,84.2,85.0
3751,2021-06-06 15:22:00,85.25,85.35,84.3,85.0,53325,788625,95.24,84.2,85.0
3752,2021-06-06 15:23:00,85.25,85.35,84.3,85.0,53325,788625,95.24,84.2,85.0
3753,2021-06-06 15:24:00,85.25,85.35,84.3,85.0,53325,788625,95.24,84.2,85.0
3754,2021-06-06 15:25:00,85.25,85.35,84.3,85.0,53325,788625,95.24,84.2,85.0
3755,2021-06-06 15:26:00,85.25,85.35,84.3,85.0,53325,788625,95.24,84.2,85.0
3756,2021-06-06 15:27:00,85.25,85.35,84.3,85.0,53325,788625,95.24,84.2,85.0
3757,2021-06-06 15:28:00,85.25,85.35,84.3,85.0,53325,788625,95.24,84.2,85.0
3758,2021-06-06 15:29:00,85.25,85.35,84.3,85.0,53325,788625,95.24,84.2,85.0
3759,2021-06-06 15:30:00,85.25,85.35,84.3,85.0,53325,788625,95.24,84.2,85.0
3760,2021-06-07 09:15:00,60.55,70.0,57.35,63.15,134775,745575,61.52,63.15,63.4
3761,2021-06-07 09:16:00,63.35,64.4,60.6,61.2,123750,745575,62.04,60.9,61.2
3762,2021-06-07 09:17:00,61.35,64.1,59.55,63.85,78975,800175,61.8,64.0,64.15
3763,2021-06-07 09:18:00,63.85,66.05,62.4,65.4,93525,800175,62.33,65.35,65.55
3764,2021-06-07 09:19:00,65.7,65.7,62.55,62.55,67125,800175,62.58,62.5,62.6
3765,2021-06-07 09:20:00,62.65,67.65,61.0,65.8,114825,831600,63.02,65.6,65.75
3766,2021-06-07 09:21:00,65.6,73.65,65.15,72.0,126075,831600,64.12,72.1,72.25
3767,2021-06-07 09:22:00,71.5,73.35,69.65,71.7,167100,831600,65.46,71.4,71.65
3768,2021-06-07 09:23:00,71.9,76.0,71.1,72.8,110100,857475,66.37,72.6,72.8
3769,2021-06-07 09:24:00,72.55,72.55,67.4,69.25,83250,857475,66.6,69.2,69.45
3770,2021-06-07 09:25:00,69.1,69.35,64.55,66.55,89400,857475,66.62,66.55,66.7
3771,2021-06-07 09:26:00,66.75,68.35,65.95,67.6,50100,886350,66.63,67.6,67.8
3772,2021-06-07 09:27:00,67.5,69.7,67.5,68.0,52800,886350,66.71,68.0,68.2
3773,2021-06-07 09:28:00,68.4,69.05,66.45,66.9,40800,886350,66.75,66.95,67.2
3774,2021-06-07 09:29:00,66.8,67.6,65.0,66.15,41475,903825,66.72,66.15,66.4
3775,2021-06-07 09:30:00,66.3,66.55,63.7,65.3,102075,903825,66.61,65.1,65.25
3776,2021-06-07 09:31:00,65.05,65.55,59.5,61.85,117675,903825,66.25,61.65,61.9
3777,2021-06-07 09:32:00,61.5,63.05,61.15,61.55,46725,938625,66.14,61.55,61.7
3778,2021-06-07 09:33:00,60.95,62.95,60.75,61.4,59850,938625,65.98,61.4,61.6
3779,2021-06-07 09:34:00,61.5,62.65,60.9,62.5,31800,938625,65.91,62.4,62.6
3780,2021-06-07 09:35:00,62.15,62.9,60.95,61.95,67125,954750,65.76,61.75,61.95
3781,2021-06-07 09:36:00,62.25,65.0,62.05,63.6,55575,954750,65.69,63.55,63.75
3782,2021-06-07 09:37:00,63.7,64.35,62.05,64.05,41775,954750,65.64,64.1,64.3
3783,2021-06-07 09:38:00,64.05,64.25,62.0,62.75,39075,988725,65.59,62.45,62.65
3784,2021-06-07 09:39:00,62.45,63.35,62.1,63.1,21375,988725,65.55,63.0,63.1
3785,2021-06-07 09:40:00,62.9,63.6,60.85,63.15,51975,988725,65.46,63.1,63.3
3786,2021-06-07 09:41:00,63.05,64.95,63.0,64.9,66075,1016250,65.41,64.95,65.2
3787,2021-06-07 09:42:00,64.8,65.2,63.05,63.9,58275,1016250,65.37,63.8,63.95
3788,2021-06-07 09:43:00,64.25,64.6,62.2,63.0,48225,1016250,65.33,62.8,63.0
3789,2021-06-07 09:44:00,63.05,63.8,62.6,63.2,33225,1045575,65.3,62.85,63.05
3790,2021-06-07 09:45:00,62.9,67.05,62.9,65.75,81225,1045575,65.3,65.5,65.7
3791,2021-06-07 09:46:00,65.9,67.0,65.0,65.3,60450,1045575,65.31,65.0,65.2
3792,2021-06-07 09:47:00,65.3,66.8,64.85,66.8,62925,1054050,65.32,66.7,66.8
3793,2021-06-07 09:48:00,66.7,67.25,65.2,66.15,58875,1054050,65.34,66.1,66.3
3794,2021-06-07 09:49:00,66.0,66.0,63.0,63.2,74325,1054050,65.31,63.2,63.3
3795,2021-06-07 09:50:00,63.4,67.3,63.4,67.05,55425,1081650,65.32,67.05,67.3
3796,2021-06-07 09:51:00,67.15,70.95,67.15,68.8,106425,1081650,65.47,68.65,68.8
3797,2021-06-07 09:52:00,68.8,70.6,68.4,70.5,66075,1081650,65.57,70.25,70.5
3798,2021-06-07 09:53:00,70.65,70.7,65.6,66.0,99900,1095975,65.62,66.05,66.2
3799,2021-06-07 09:54:00,66.3,66.65,63.6,63.85,77325,1095975,65.59,63.8,63.95
3800,2021-06-07 09:55:00,64.2,65.65,63.85,65.25,49200,1095975,65.57,65.2,65.4
3801,2021-06-07 09:56:00,65.1,65.6,63.9,64.45,38175,1124325,65.56,64.55,64.75
3802,2021-06-07 09:57:00,64.4,65.5,63.65,65.3,36150,1124325,65.55,65.15,65.4
3803,2021-06-07 09:58:00,64.9,65.55,62.35,63.15,35625,1124325,65.53,62.95,63.15
3804,2021-06-07 09:59:00,63.1,63.2,61.25,61.3,69750,1153350,65.45,61.2,61.4
3805,2021-06-07 10:00:00,61.35,62.25,60.0,61.15,72750,1153350,65.35,61.05,61.15
3806,2021-06-07 10:01:00,61.4,61.4,58.25,60.0,104250,1153350,65.18,59.95,60.15
3807,2021-06-07 10:02:00,60.0,61.0,59.0,60.6,52050,1185675,65.11,60.55,60.75
3808,2021-06-07 10:03:00,60.85,61.0,59.5,59.7,37050,1185675,65.06,59.95,60.1
3809,2021-06-07 10:04:00,60.1,60.95,58.9,60.5,25050,1185675,65.02,60.35,60.55
3810,2021-06-07 10:05:00,60.6,62.0,60.2,61.0,40650,1195500,64.97,60.9,61.0
3811,2021-06-07 10:06:00,61.05,62.75,61.05,61.8,30750,1195500,64.95,61.85,62.0
3812,2021-06-07 10:07:00,62.0,62.0,60.2,61.25,27000,1195500,64.92,61.35,61.5
3813,2021-06-07 10:08:00,61.6,61.85,59.85,61.4,21975,1216800,64.89,61.4,61.55
3814,2021-06-07 10:09:00,61.3,62.25,59.5,59.5,44850,1216800,64.84,59.55,59.7
3815,2021-06-07 10:10:00,59.9,59.9,58.45,58.7,47400,1216800,64.76,58.5,58.7
3816,2021-06-07 10:11:00,58.45,59.5,57.95,58.95,52050,1229700,64.68,58.75,58.9
3817,2021-06-07 10:12:00,58.9,59.2,58.0,58.5,27750,1229700,64.63,58.45,58.65
3818,2021-06-07 10:13:00,58.4,59.0,58.15,58.6,25650,1229700,64.59,58.4,58.6
3819,2021-06-07 10:14:00,58.5,58.6,57.6,57.6,35850,1240200,64.53,57.6,57.8
3820,2021-06-07 10:15:00,57.2,58.65,56.75,58.65,60225,1240200,64.42,58.45,58.6
3821,2021-06-07 10:16:00,58.5,58.9,57.7,58.35,36750,1240200,64.37,58.15,58.3
3822,2021-06-07 10:17:00,58.2,58.4,57.25,57.5,27375,1251600,64.32,57.45,57.65
3823,2021-06-07 10:18:00,57.75,58.65,57.3,58.5,23475,1251600,64.29,58.35,58.5
3824,2021-06-07 10:19:00,58.5,58.7,54.55,55.1,94575,1251600,64.1,55.05,55.25
3825,2021-06-07 10:20:00,54.1,54.45,51.55,53.5,166125,1308075,63.66,53.35,53.5
3826,2021-06-07 10:21:00,53.25,54.7,52.65,54.7,73275,1308075,63.49,54.6,54.75
3827,2021-06-07 10:22:00,54.5,54.8,53.55,54.0,72450,1308075,63.34,53.95,54.15
3828,2021-06-07 10:23:00,53.9,54.2,53.5,54.2,28650,1352925,63.28,54.0,54.15
3829,2021-06-07 10:24:00,53.8,54.7,53.5,54.15,51075,1352925,63.17,54.05,54.2
3830,2021-06-07 10:25:00,54.2,55.0,54.2,54.9,53550,1352925,63.07,54.75,54.9
3831,2021-06-07 10:26:00,54.9,55.25,54.3,55.0,27150,1356900,63.02,54.95,55.1
3832,2021-06-07 10:27:00,55.15,55.5,54.6,55.0,31500,1356900,62.97,54.85,54.9
3833,2021-06-07 10:28:00,55.0,55.45,54.6,55.25,23925,1356900,62.92,55.05,55.2
3834,2021-06-07 10:29:00,55.25,55.7,54.7,54.95,27900,1357425,62.88,54.8,54.95
3835,2021-06-07 10:30:00,54.55,55.0,53.5,54.9,36075,1357425,62.81,54.75,54.9
3836,2021-06-07 10:31:00,54.45,54.9,54.0,54.1,30375,1357425,62.76,54.15,54.3
3837,2021-06-07 10:32:00,54.15,54.15,52.9,53.75,37050,1389300,62.69,53.9,54.0
3838,2021-06-07 10:33:00,54.35,54.9,53.9,54.75,19725,1389300,62.65,54.7,54.8
3839,2021-06-07 10:34:00,54.8,54.8,53.65,53.85,23850,1389300,62.61,53.65,53.85
3840,2021-06-07 10:35:00,53.65,54.0,52.65,52.65,43500,1397025,62.53,52.65,52.8
3841,2021-06-07 10:36:00,52.55,53.5,52.5,53.3,39825,1397025,62.45,53.3,53.45
3842,2021-06-07 10:37:00,53.5,53.95,53.35,53.9,18075,1397025,62.41,53.85,54.0
3843,2021-06-07 10:38:00,53.85,54.5,53.7,54.2,17100,1390275,62.39,54.25,54.45
3844,2021-06-07 10:39:00,54.45,54.5,53.0,53.7,29475,1390275,62.34,53.6,53.75
3845,2021-06-07 10:40:00,53.6,54.25,53.5,53.95,16575,1390275,62.31,53.95,54.1
3846,2021-06-07 10:41:00,53.95,54.2,53.4,53.7,25200,1397025,62.26,53.6,53.75
3847,2021-06-07 10:42:00,53.75,54.55,53.3,54.05,19425,1397025,62.23,54.05,54.15
3848,2021-06-07 10:43:00,54.05,54.5,53.8,54.5,17100,1397025,62.2,54.35,54.45
3849,2021-06-07 10:44:00,54.35,55.35,54.05,55.1,34425,1390275,62.15,54.95,55.1
3850,2021-06-07 10:45:00,55.15,56.25,54.8,55.8,36675,1390275,62.11,55.65,55.85
3851,2021-06-07 10:46:00,55.7,55.9,53.7,54.0,37500,1390275,62.05,53.85,54.0
3852,2021-06-07 10:47:00,54.05,54.1,53.05,54.1,25800,1392150,62.01,54.0,54.15
3853,2021-06-07 10:48:00,54.05,54.25,53.8,53.95,15450,1392150,61.99,53.9,54.05
3854,2021-06-07 10:49:00,54.1,54.1,52.55,52.55,21600,1392150,61.95,52.55,52.75
3855,2021-06-07 10:50:00,52.65,53.0,50.55,51.8,92550,1414125,61.77,51.75,51.9
3856,2021-06-07 10:51:00,51.75,52.75,51.75,52.15,19800,1414125,61.73,52.05,52.15
3857,2021-06-07 10:52:00,52.0,52.55,51.5,52.25,53100,1414125,61.63,52.15,52.3
3858,2021-06-07 10:53:00,52.15,52.95,52.15,52.8,36750,1436325,61.57,52.6,52.75
3859,2021-06-07 10:54:00,52.7,52.7,51.05,51.05,32925,1436325,61.51,51.05,51.25
3860,2021-06-07 10:55:00,51.45,51.45,49.35,49.75,123150,1436325,61.26,49.75,49.9
3861,2021-06-07 10:56:00,49.9,50.4,49.8,50.0,40425,1466400,61.18,49.85,50.0
3862,2021-06-07 10:57:00,49.95,49.95,48.3,49.0,100350,1466400,60.96,48.9,49.05
3863,2021-06-07 10:58:00,48.95,49.95,48.95,49.2,40800,1466400,60.88,49.1,49.25
3864,2021-06-07 10:59:00,49.25,49.95,49.1,49.95,21525,1481625,60.84,49.8,49.9
3865,2021-06-07 11:00:00,49.8,49.8,47.05,48.55,111450,1481625,60.59,48.3,48.45
3866,2021-06-07 11:01:00,48.45,48.6,47.55,48.0,41250,1481625,60.51,47.95,48.1
3867,2021-06-07 11:02:00,48.3,48.6,47.8,48.25,50475,1500900,60.4,48.25,48.35
3868,2021-06-07 11:03:00,48.25,48.75,47.95,48.1,31950,1500900,60.33,47.9,48.0
3869,2021-06-07 11:04:00,48.0,48.2,47.35,47.75,42300,1500900,60.25,47.75,47.9
3870,2021-06-07 11:05:00,47.5,48.3,47.1,48.2,40650,1510575,60.16,48.2,48.3
3871,2021-06-07 11:06:00,48.35,48.35,47.8,48.1,25650,1510575,60.11,48.1,48.2
3872,2021-06-07 11:07:00,48.2,48.8,48.2,48.55,53550,1510575,60.01,48.6,48.75
3873,2021-06-07 11:08:00,48.85,49.5,48.65,49.05,30450,1525200,59.96,48.9,49.0
3874,2021-06-07 11:09:00,48.85,48.85,47.85,47.85,42000,1525200,59.88,47.9,48.0
3875,2021-06-07 11:10:00,47.85,48.5,47.5,48.5,15750,1525200,59.85,48.3,48.4
3876,2021-06-07 11:11:00,48.4,49.0,48.35,48.95,12150,1539450,59.83,48.85,48.95
3877,2021-06-07 11:12:00,48.85,49.1,48.1,48.75,41475,1539450,59.75,48.75,48.9
3878,2021-06-07 11:13:00,48.85,48.85,48.3,48.5,12675,1539450,59.73,48.4,48.5
3879,2021-06-07 11:14:00,48.5,48.65,48.05,48.2,24225,1543950,59.69,48.1,48.25
3880,2021-06-07 11:15:00,48.0,48.85,47.9,48.8,29400,1543950,59.63,48.75,48.8
3881,2021-06-07 11:16:00,48.95,50.7,48.65,50.55,46350,1543950,59.56,50.6,50.7
3882,2021-06-07 11:17:00,50.85,51.0,50.2,50.8,52050,1541550,59.49,50.65,50.8
3883,2021-06-07 11:18:00,50.7,51.9,50.6,50.6,71925,1541550,59.4,50.5,50.6
3884,2021-06-07 11:19:00,50.3,50.6,49.4,50.1,41400,1541550,59.34,50.15,50.3
3885,2021-06-07 11:20:00,50.4,50.75,50.15,50.35,20175,1547325,59.31,50.35,50.45
3886,2021-06-07 11:21:00,50.4,50.5,49.5,49.5,24150,1547325,59.28,49.5,49.65
3887,2021-06-07 11:22:00,49.5,49.95,49.0,49.55,12150,1547325,59.26,49.5,49.6
3888,2021-06-07 11:23:00,49.5,50.05,49.15,49.7,20775,1543500,59.23,49.6,49.75
3889,2021-06-07 11:24:00,49.6,50.95,49.6,50.95,43275,1543500,59.17,50.9,51.0
3890,2021-06-07 11:25:00,50.8,50.95,49.15,49.15,30750,1543500,59.13,49.15,49.3
3891,2021-06-07 11:26:00,49.1,50.05,49.0,49.85,28350,1534500,59.09,49.75,49.9
3892,2021-06-07 11:27:00,49.7,50.2,49.4,50.0,8100,1534500,59.08,49.85,50.0
3893,2021-06-07 11:28:00,50.0,50.5,49.7,50.0,14400,1534500,59.06,50.0,50.1
3894,2021-06-07 11:29:00,50.0,50.4,49.7,50.2,11100,1536750,59.04,50.1,50.2
3895,2021-06-07 11:30:00,50.1,50.45,49.4,50.45,21000,1536750,59.02,50.25,50.4
3896,2021-06-07 11:31:00,50.4,50.95,50.15,50.95,21900,1536750,58.99,50.8,50.95
3897,2021-06-07 11:32:00,51.0,51.0,49.9,50.8,31500,1539825,58.95,50.7,50.8
3898,2021-06-07 11:33:00,50.9,51.1,50.4,50.55,25275,1539825,58.92,50.5,50.6
3899,2021-06-07 11:34:00,50.25,50.45,49.35,49.35,22425,1539825,58.89,49.4,49.5
3900,2021-06-07 11:35:00,49.5,50.3,49.3,49.95,19950,1540200,58.87,49.85,49.95
3901,2021-06-07 11:36:00,50.0,50.5,49.95,50.15,10425,1540200,58.85,50.15,50.3
3902,2021-06-07 11:37:00,50.25,50.35,49.05,49.35,16200,1540200,58.83,49.25,49.4
3903,2021-06-07 11:38:00,49.3,49.4,47.7,47.85,48825,1548075,58.76,47.8,47.95
3904,2021-06-07 11:39:00,48.15,48.9,48.0,48.35,19125,1548075,58.73,48.35,48.5
3905,2021-06-07 11:40:00,48.25,48.45,47.55,47.9,33900,1548075,58.68,47.85,47.95
3906,2021-06-07 11:41:00,48.0,48.45,47.9,48.4,12150,1538400,58.66,48.3,48.45
3907,2021-06-07 11:42:00,48.3,49.0,48.1,49.0,20025,1538400,58.63,48.85,48.95
3908,2021-06-07 11:43:00,49.0,49.15,48.6,48.7,13875,1538400,58.61,48.75,48.85
3909,2021-06-07 11:44:00,48.85,48.85,48.05,48.6,10575,1538400,58.6,48.5,48.65
3910,2021-06-07 11:45:00,48.5,49.8,48.5,49.45,17850,1542750,58.57,49.5,49.65
3911,2021-06-07 11:46:00,49.55,49.7,48.7,49.0,16800,1542750,58.55,48.8,48.9
3912,2021-06-07 11:47:00,48.9,50.2,48.9,50.0,29250,1544250,58.52,49.8,49.95
3913,2021-06-07 11:48:00,50.1,50.9,49.85,50.1,26100,1544250,58.49,50.1,50.25
3914,2021-06-07 11:49:00,50.3,50.5,49.6,49.9,17475,1544250,58.47,49.75,49.95
3915,2021-06-07 11:50:00,50.1,50.7,49.95,50.4,16200,1544850,58.45,50.25,50.4
3916,2021-06-07 11:51:00,50.2,50.3,49.3,49.3,16200,1544850,58.43,49.2,49.3
3917,2021-06-07 11:52:00,49.45,49.95,49.35,49.55,6600,1544850,58.42,49.55,49.7
3918,2021-06-07 11:53:00,49.4,50.1,49.4,49.8,5250,1544850,58.41,49.7,49.85
3919,2021-06-07 11:54:00,49.7,50.35,49.45,50.15,11400,1548000,58.4,50.15,50.3
3920,2021-06-07 11:55:00,50.15,50.15,49.5,49.8,9300,1548000,58.39,49.7,49.85
3921,2021-06-07 11:56:00,49.7,50.85,49.7,50.85,26250,1548000,58.36,50.8,50.9
3922,2021-06-07 11:57:00,50.85,51.7,50.6,50.8,40875,1548450,58.32,50.65,50.85
3923,2021-06-07 11:58:00,50.85,51.3,50.55,50.75,13875,1548450,58.31,50.55,50.75
3924,2021-06-07 11:59:00,50.7,51.55,50.6,51.55,55650,1548450,58.25,51.25,51.4
3925,2021-06-07 12:00:00,51.2,51.35,50.45,50.8,20700,1511475,58.23,50.5,50.7
3926,2021-06-07 12:01:00,50.55,51.25,50.55,51.15,16500,1511475,58.22,51.0,51.1
3927,2021-06-07 12:02:00,51.2,51.8,51.2,51.45,14775,1511475,58.2,51.35,51.45
3928,2021-06-07 12:03:00,51.45,51.9,51.4,51.4,20025,1508475,58.19,51.4,51.55
3929,2021-06-07 12:04:00,51.5,52.05,51.45,51.65,34725,1508475,58.16,51.55,51.65
3930,2021-06-07 12:05:00,51.8,52.35,51.4,52.35,33900,1508475,58.13,52.2,52.4
3931,2021-06-07 12:06:00,52.25,52.5,51.25,51.5,49875,1510950,58.09,51.5,51.65
3932,2021-06-07 12:07:00,51.65,51.8,50.6,50.65,19275,1510950,58.07,50.6,50.8
3933,2021-06-07 12:08:00,50.9,51.6,50.7,51.4,19125,1510950,58.05,51.4,51.55
3934,2021-06-07 12:09:00,51.6,51.6,50.5,50.5,25950,1514700,58.03,50.4,50.55
3935,2021-06-07 12:10:00,50.45,50.95,49.6,50.4,25650,1514700,58.0,50.25,50.4
3936,2021-06-07 12:11:00,50.5,50.95,50.35,50.75,10350,1514700,57.99,50.7,50.85
3937,2021-06-07 12:12:00,50.9,51.6,50.9,51.4,26850,1509150,57.97,51.3,51.45
3938,2021-06-07 12:13:00,51.45,52.0,51.0,51.55,26100,1509150,57.95,51.45,51.6
3939,2021-06-07 12:14:00,51.45,52.05,51.3,51.45,20850,1509150,57.93,51.4,51.55
3940,2021-06-07 12:15:00,51.35,53.3,51.35,52.45,72375,1508625,57.88,52.5,52.7
3941,2021-06-07 12:16:00,52.7,53.0,52.25,52.5,25875,1508625,57.87,52.4,52.55
3942,2021-06-07 12:17:00,52.6,52.6,50.2,50.7,54150,1508625,57.82,50.6,50.75
3943,2021-06-07 12:18:00,50.8,50.8,50.1,50.1,23700,1502925,57.8,50.05,50.25
3944,2021-06-07 12:19:00,50.05,50.35,49.5,49.55,31275,1502925,57.77,49.5,49.65
3945,2021-06-07 12:20:00,49.55,50.2,49.45,49.6,16050,1502925,57.75,49.6,49.7
3946,2021-06-07 12:21:00,49.6,50.0,49.05,50.0,16200,1498800,57.73,49.95,50.0
3947,2021-06-07 12:22:00,50.0,50.7,49.75,50.7,10875,1498800,57.72,50.65,50.8
3948,2021-06-07 12:23:00,50.7,50.7,49.95,50.2,8550,1498800,57.72,50.05,50.2
3949,2021-06-07 12:24:00,50.1,50.8,49.95,50.6,20775,1497075,57.7,50.45,50.65
3950,2021-06-07 12:25:00,50.65,50.7,49.9,50.5,10275,1497075,57.69,50.5,50.55
3951,2021-06-07 12:26:00,50.5,50.95,50.2,50.4,14550,1497075,57.67,50.25,50.35
3952,2021-06-07 12:27:00,50.3,50.4,49.8,50.2,11475,1495125,57.66,50.05,50.25
3953,2021-06-07 12:28:00,50.2,50.2,49.7,49.85,8100,1495125,57.66,49.75,49.9
3954,2021-06-07 12:29:00,49.9,49.9,48.8,48.8,28800,1495125,57.63,48.6,48.75
3955,2021-06-07 12:30:00,48.7,49.45,48.55,48.9,26400,1500375,57.6,48.6,48.75
3956,2021-06-07 12:31:00,48.9,49.4,48.9,49.35,13125,1500375,57.59,49.2,49.35
3957,2021-06-07 12:32:00,49.15,50.0,49.15,49.7,13125,1500375,57.57,49.55,49.75
3958,2021-06-07 12:33:00,49.65,50.0,49.6,49.7,4725,1504425,57.57,49.65,49.75
3959,2021-06-07 12:34:00,49.85,49.9,48.85,49.25,17475,1504425,57.55,49.45,49.6
3960,2021-06-07 12:35:00,49.65,49.8,48.8,48.9,18450,1504425,57.53,48.85,49.0
3961,2021-06-07 12:36:00,48.9,48.9,47.9,48.6,44025,1518375,57.48,48.6,48.65
3962,2021-06-07 12:37:00,48.5,51.1,48.5,50.05,58050,1518375,57.43,50.05,50.25
3963,2021-06-07 12:38:00,50.15,50.35,49.95,50.25,9225,1518375,57.42,50.15,50.3
3964,2021-06-07 12:39:00,50.1,51.55,49.8,51.3,39675,1505100,57.39,51.2,51.3
3965,2021-06-07 12:40:00,51.45,51.95,51.0,51.85,28650,1505100,57.37,51.6,51.8
3966,2021-06-07 12:41:00,51.8,51.95,51.25,51.8,14250,1505100,57.36,51.75,51.9
3967,2021-06-07 12:42:00,51.9,53.8,51.9,53.25,80625,1484925,57.32,53.35,53.55
3968,2021-06-07 12:43:00,53.6,54.5,53.0,53.75,56625,1484925,57.3,53.75,53.9
3969,2021-06-07 12:44:00,53.9,55.4,53.85,54.4,66450,1484925,57.28,54.35,54.5
3970,2021-06-07 12:45:00,54.85,56.25,54.85,56.25,67425,1477650,57.26,56.2,56.3
3971,2021-06-07 12:46:00,56.05,56.35,54.75,54.75,67875,1477650,57.25,54.75,54.9
3972,2021-06-07 12:47:00,55.0,56.45,54.85,54.9,50400,1477650,57.24,54.8,54.95
3973,2021-06-07 12:48:00,54.85,55.25,53.7,55.25,41250,1473000,57.23,55.05,55.2
3974,2021-06-07 12:49:00,55.3,57.05,55.2,56.7,64500,1473000,57.23,56.7,56.8
3975,2021-06-07 12:50:00,56.7,57.45,54.7,54.8,92700,1473000,57.21,54.75,54.9
3976,2021-06-07 12:51:00,54.75,55.05,54.05,54.9,50625,1481100,57.2,54.75,54.95
3977,2021-06-07 12:52:00,54.75,56.9,54.75,56.9,39675,1481100,57.19,56.75,56.9
3978,2021-06-07 12:53:00,56.8,57.05,56.2,56.35,54750,1481100,57.19,56.3,56.45
3979,2021-06-07 12:54:00,56.35,57.65,54.75,57.5,74475,1498275,57.18,57.45,57.6
3980,2021-06-07 12:55:00,57.25,57.7,55.0,55.65,39750,1498275,57.18,55.5,55.6
3981,2021-06-07 12:56:00,55.7,56.15,53.85,54.55,47475,1498275,57.16,54.4,54.55
3982,2021-06-07 12:57:00,54.4,54.6,53.15,53.45,38850,1496100,57.15,53.45,53.6
3983,2021-06-07 12:58:00,53.5,54.6,53.2,53.65,33450,1496100,57.14,53.55,53.7
3984,2021-06-07 12:59:00,53.55,54.85,53.4,54.5,20250,1496100,57.13,54.35,54.5
3985,2021-06-07 13:00:00,54.3,54.3,53.15,53.75,48525,1498125,57.11,53.75,53.9
3986,2021-06-07 13:01:00,53.95,54.45,53.4,54.25,14475,1498125,57.11,54.2,54.35
3987,2021-06-07 13:02:00,54.45,54.85,54.05,54.7,17175,1498125,57.1,54.7,54.85
3988,2021-06-07 13:03:00,54.75,54.8,52.4,53.45,50775,1508250,57.09,53.4,53.6
3989,2021-06-07 13:04:00,53.3,54.3,50.8,50.95,75150,1508250,57.04,50.8,51.0
3990,2021-06-07 13:05:00,50.0,51.1,49.45,50.5,93375,1508250,56.98,50.5,50.6
3991,2021-06-07 13:06:00,50.5,50.55,48.55,49.15,71775,1514550,56.92,49.05,49.2
3992,2021-06-07 13:07:00,49.2,49.4,48.5,48.55,39000,1514550,56.89,48.55,48.7
3993,2021-06-07 13:08:00,48.8,49.35,48.35,49.0,32475,1514550,56.87,49.0,49.1
3994,2021-06-07 13:09:00,49.1,49.45,47.8,47.95,53550,1515600,56.82,47.95,48.05
3995,2021-06-07 13:10:00,48.0,48.75,46.95,47.65,62625,1515600,56.76,47.75,47.85
3996,2021-06-07 13:11:00,48.0,48.65,47.55,47.55,41325,1515600,56.73,47.6,47.75
3997,2021-06-07 13:12:00,47.8,48.15,47.4,47.95,41475,1526250,56.69,47.85,48.0
3998,2021-06-07 13:13:00,48.1,48.65,47.4,47.8,44475,1526250,56.65,47.6,47.65
3999,2021-06-07 13:14:00,47.6,47.85,45.8,46.25,90150,1526250,56.56,46.1,46.25
4000,2021-06-07 13:15:00,46.2,46.35,44.55,46.15,104700,1530300,56.45,46.2,46.3
4001,2021-06-07 13:16:00,46.3,47.05,46.0,46.25,47625,1530300,56.41,46.25,46.35
4002,2021-06-07 13:17:00,46.3,46.65,45.55,45.9,53100,1530300,56.35,45.85,45.95
4003,2021-06-07 13:18:00,46.0,46.7,45.5,45.8,62325,1543125,56.29,45.55,45.65
4004,2021-06-07 13:19:00,45.5,45.6,44.5,45.05,63750,1543125,56.22,44.95,45.1
4005,2021-06-07 13:20:00,45.15,46.8,44.8,46.8,56700,1543125,56.17,46.75,46.9
4006,2021-06-07 13:21:00,46.85,46.95,45.7,45.7,61200,1534350,56.11,45.7,45.85
4007,2021-06-07 13:22:00,45.8,46.0,43.3,44.9,134100,1534350,55.97,44.8,44.9
4008,2021-06-07 13:23:00,44.95,45.9,44.65,45.9,42600,1534350,55.93,45.7,45.85
4009,2021-06-07 13:24:00,45.75,46.45,45.7,46.1,48225,1534425,55.88,45.9,46.1
4010,2021-06-07 13:25:00,45.6,46.6,45.35,46.6,52275,1534425,55.84,46.45,46.6
4011,2021-06-07 13:26:00,46.5,47.45,46.2,47.3,62025,1534425,55.79,47.25,47.4
4012,2021-06-07 13:27:00,47.45,47.85,47.4,47.65,47175,1525125,55.75,47.55,47.75
4013,2021-06-07 13:28:00,47.65,48.05,47.25,48.0,49275,1525125,55.72,47.85,48.0
4014,2021-06-07 13:29:00,47.85,47.95,46.25,46.4,41025,1525125,55.68,46.35,46.5
4015,2021-06-07 13:30:00,46.35,47.1,46.15,46.2,42375,1509750,55.65,46.25,46.4
4016,2021-06-07 13:31:00,46.3,46.35,45.85,46.35,46950,1509750,55.61,46.2,46.35
4017,2021-06-07 13:32:00,46.35,46.65,45.1,45.25,42000,1509750,55.57,45.15,45.35
4018,2021-06-07 13:33:00,45.5,46.0,44.35,46.0,139275,1534800,55.44,45.95,46.1
4019,2021-06-07 13:34:00,45.9,46.35,44.85,44.85,54825,1534800,55.4,44.9,45.05
4020,2021-06-07 13:35:00,45.15,46.0,45.0,45.5,42225,1534800,55.36,45.55,45.7
4021,2021-06-07 13:36:00,45.7,45.9,45.15,45.35,34050,1545750,55.33,45.35,45.5
4022,2021-06-07 13:37:00,45.35,45.35,44.5,44.75,59550,1545750,55.28,44.65,44.8
4023,2021-06-07 13:38:00,44.85,45.1,44.35,45.0,67650,1545750,55.21,44.95,45.05
4024,2021-06-07 13:39:00,45.05,45.25,44.8,44.9,31200,1566825,55.19,44.8,44.95
4025,2021-06-07 13:40:00,44.85,45.2,44.3,44.9,77025,1566825,55.12,44.8,44.9
4026,2021-06-07 13:41:00,44.8,46.0,44.8,45.85,53250,1566825,55.08,45.65,45.8
4027,2021-06-07 13:42:00,45.85,46.2,45.35,45.35,54375,1555275,55.03,45.35,45.5
4028,2021-06-07 13:43:00,45.55,45.95,45.1,45.5,34650,1555275,55.01,45.45,45.6
4029,2021-06-07 13:44:00,45.5,45.5,44.55,45.0,94575,1555275,54.93,45.1,45.2
4030,2021-06-07 13:45:00,44.95,46.05,44.7,45.85,82950,1567050,54.86,45.8,45.95
4031,2021-06-07 13:46:00,45.6,46.15,45.4,45.9,31350,1567050,54.84,45.75,45.9
4032,2021-06-07 13:47:00,45.9,46.25,45.5,45.85,41400,1567050,54.81,45.7,45.85
4033,2021-06-07 13:48:00,45.5,46.35,45.5,46.35,23700,1566750,54.79,46.2,46.3
4034,2021-06-07 13:49:00,46.2,46.65,46.05,46.55,36450,1566750,54.76,46.4,46.55
4035,2021-06-07 13:50:00,46.55,46.7,46.05,46.25,45600,1566750,54.73,46.2,46.35
4036,2021-06-07 13:51:00,46.35,46.45,45.85,46.0,49875,1585875,54.7,46.0,46.15
4037,2021-06-07 13:52:00,46.0,46.7,45.8,46.4,33450,1585875,54.67,46.4,46.55
4038,2021-06-07 13:53:00,46.6,46.65,46.0,46.35,39900,1585875,54.65,46.35,46.45
4039,2021-06-07 13:54:00,46.5,46.65,46.05,46.5,29100,1599000,54.63,46.35,46.5
4040,2021-06-07 13:55:00,46.45,46.55,45.3,45.65,26925,1599000,54.61,45.6,45.7
4041,2021-06-07 13:56:00,45.6,47.05,45.2,47.05,78600,1599000,54.56,46.9,47.05
4042,2021-06-07 13:57:00,46.9,47.2,46.4,46.6,37725,1627950,54.53,46.5,46.65
4043,2021-06-07 13:58:00,46.65,46.65,45.1,45.4,37800,1627950,54.51,45.25,45.4
4044,2021-06-07 13:59:00,45.15,45.5,44.65,45.45,30150,1627950,54.48,45.25,45.4
4045,2021-06-07 14:00:00,45.2,45.9,44.75,45.9,22425,1625625,54.47,45.95,46.0
4046,2021-06-07 14:01:00,45.85,46.5,45.85,46.5,33075,1625625,54.45,46.35,46.5
4047,2021-06-07 14:02:00,46.4,46.6,45.95,46.55,20250,1625625,54.43,46.35,46.5
4048,2021-06-07 14:03:00,46.5,46.5,44.95,44.95,20850,1625625,54.42,44.9,45.0
4049,2021-06-07 14:04:00,44.95,45.1,44.2,44.9,28200,1625625,54.4,44.8,44.95
4050,2021-06-07 14:05:00,44.95,45.4,44.8,45.2,21375,1625625,54.38,45.05,45.2
4051,2021-06-07 14:06:00,45.35,45.55,45.0,45.15,18525,1631475,54.37,45.1,45.25
4052,2021-06-07 14:07:00,45.3,45.55,45.0,45.35,17175,1631475,54.36,45.3,45.4
4053,2021-06-07 14:08:00,45.4,45.9,44.85,45.9,15375,1631475,54.34,45.8,45.95
4054,2021-06-07 14:09:00,45.8,46.1,45.65,45.8,19425,1630575,54.33,45.65,45.8
4055,2021-06-07 14:10:00,45.85,46.35,45.85,45.9,23400,1630575,54.32,45.95,46.05
4056,2021-06-07 14:11:00,46.05,46.3,44.75,45.15,32250,1630575,54.29,45.05,45.2
4057,2021-06-07 14:12:00,45.05,45.65,44.8,45.35,14625,1637250,54.28,45.4,45.55
4058,2021-06-07 14:13:00,45.45,45.9,45.3,45.55,12000,1637250,54.28,45.55,45.65
4059,2021-06-07 14:14:00,45.6,45.75,45.0,45.25,23100,1637250,54.26,45.15,45.25
4060,2021-06-07 14:15:00,45.2,45.9,44.85,45.3,31800,1643025,54.24,45.3,45.4
4061,2021-06-07 14:16:00,45.55,45.7,45.0,45.2,10650,1643025,54.23,45.15,45.3
4062,2021-06-07 14:17:00,45.2,45.35,38.85,40.9,345300,1643025,53.88,40.85,41.0
4063,2021-06-07 14:18:00,40.85,41.4,39.9,40.05,139425,1708800,53.74,40.0,40.15
4064,2021-06-07 14:19:00,40.05,40.2,39.25,39.55,91275,1708800,53.65,39.5,39.55
4065,2021-06-07 14:20:00,39.7,39.9,39.3,39.5,51375,1708800,53.6,39.45,39.55
4066,2021-06-07 14:21:00,39.45,40.5,39.4,40.35,61725,1692900,53.53,40.2,40.35
4067,2021-06-07 14:22:00,40.3,40.5,40.0,40.3,32550,1692900,53.5,40.25,40.4
4068,2021-06-07 14:23:00,40.35,40.9,40.25,40.6,42450,1692900,53.46,40.6,40.7
4069,2021-06-07 14:24:00,40.75,41.4,40.5,40.65,49800,1683000,53.42,40.65,40.75
4070,2021-06-07 14:25:00,40.8,41.0,40.3,40.7,21450,1683000,53.4,40.6,40.75
4071,2021-06-07 14:26:00,40.75,41.0,40.5,40.75,14775,1683000,53.38,40.7,40.85
4072,2021-06-07 14:27:00,40.8,40.8,40.35,40.55,18000,1682625,53.37,40.55,40.6
4073,2021-06-07 14:28:00,40.55,41.2,40.55,40.85,26025,1682625,53.34,40.85,41.0
4074,2021-06-07 14:29:00,40.85,41.0,40.5,40.5,10050,1682625,53.34,40.5,40.6
4075,2021-06-07 14:30:00,40.5,40.5,40.0,40.15,23625,1688025,53.31,40.1,40.2
4076,2021-06-07 14:31:00,40.1,41.25,40.0,41.25,49800,1688025,53.27,41.2,41.35
4077,2021-06-07 14:32:00,41.1,41.45,40.3,40.3,35250,1688025,53.24,40.25,40.35
4078,2021-06-07 14:33:00,40.25,40.25,39.6,40.15,37425,1696275,53.2,40.1,40.2
4079,2021-06-07 14:34:00,40.25,40.9,40.05,40.6,39600,1696275,53.16,40.45,40.6
4080,2021-06-07 14:35:00,40.55,40.55,39.45,40.05,34950,1696275,53.13,40.0,40.05
4081,2021-06-07 14:36:00,40.2,40.2,38.1,38.85,107550,1713375,53.02,38.8,38.95
4082,2021-06-07 14:37:00,38.85,39.15,38.65,39.05,42825,1713375,52.98,38.9,39.0
4083,2021-06-07 14:38:00,39.0,39.35,38.65,38.85,64500,1713375,52.92,38.9,39.0
4084,2021-06-07 14:39:00,39.05,39.7,39.05,39.4,41250,1713000,52.88,39.3,39.4
4085,2021-06-07 14:40:00,39.3,39.75,39.15,39.7,32325,1713000,52.85,39.55,39.7
4086,2021-06-07 14:41:00,39.75,40.45,39.75,40.4,32550,1713000,52.82,40.25,40.4
4087,2021-06-07 14:42:00,40.3,40.75,40.15,40.35,36375,1710375,52.79,40.3,40.4
4088,2021-06-07 14:43:00,40.3,40.7,40.3,40.5,22650,1710375,52.77,40.55,40.7
4089,2021-06-07 14:44:00,40.7,40.95,40.5,40.6,32325,1710375,52.74,40.55,40.65
4090,2021-06-07 14:45:00,40.7,42.0,40.7,41.8,94800,1701825,52.67,41.7,41.75
4091,2021-06-07 14:46:00,41.7,42.45,41.1,42.45,51300,1701825,52.63,42.3,42.45
4092,2021-06-07 14:47:00,42.2,43.0,42.1,42.1,53550,1701825,52.59,42.05,42.2
4093,2021-06-07 14:48:00,41.9,42.0,41.1,41.2,37650,1705800,52.57,41.05,41.2
4094,2021-06-07 14:49:00,41.2,42.1,40.9,41.8,30375,1705800,52.54,41.65,41.75
4095,2021-06-07 14:50:00,41.65,42.25,41.35,42.0,20400,1705800,52.53,41.85,42.0
4096,2021-06-07 14:51:00,41.95,42.2,41.75,42.0,27300,1696425,52.51,41.9,42.05
4097,2021-06-07 14:52:00,42.0,42.1,41.3,41.4,20925,1696425,52.49,41.35,41.45
4098,2021-06-07 14:53:00,41.4,41.75,41.25,41.5,12150,1696425,52.48,41.5,41.6
4099,2021-06-07 14:54:00,41.5,41.8,41.3,41.45,16125,1695975,52.47,41.35,41.5
4100,2021-06-07 14:55:00,41.5,41.6,39.65,40.35,57675,1695975,52.43,40.25,40.4
4101,2021-06-07 14:56:00,40.35,40.75,40.1,40.6,28425,1695975,52.4,40.65,40.7
4102,2021-06-07 14:57:00,40.7,41.0,40.15,40.3,17700,1701450,52.39,40.15,40.3
4103,2021-06-07 14:58:00,40.15,40.5,39.35,39.55,49800,1701450,52.35,39.5,39.65
4104,2021-06-07 14:59:00,39.5,40.75,39.35,40.4,67650,1701450,52.29,40.4,40.55
4105,2021-06-07 15:00:00,40.55,43.5,40.55,43.35,275700,1625700,52.11,43.3,43.45
4106,2021-06-07 15:01:00,43.5,44.45,42.6,42.75,125775,1625700,52.04,42.7,42.85
4107,2021-06-07 15:02:00,42.65,43.3,40.8,41.1,58425,1625700,52.0,41.1,41.25
4108,2021-06-07 15:03:00,41.2,41.7,40.5,41.55,37275,1581225,51.97,41.4,41.55
4109,2021-06-07 15:04:00,41.3,41.7,40.15,40.45,27375,1581225,51.95,40.3,40.45
4110,2021-06-07 15:05:00,40.4,42.5,40.4,42.25,42675,1581225,51.93,42.15,42.35
4111,2021-06-07 15:06:00,42.6,43.55,42.6,43.15,59175,1575450,51.89,43.05,43.2
4112,2021-06-07 15:07:00,43.0,43.2,42.4,42.75,20175,1575450,51.88,42.6,42.75
4113,2021-06-07 15:08:00,42.75,43.5,42.5,43.3,50475,1575450,51.85,43.2,43.4
4114,2021-06-07 15:09:00,43.25,43.45,42.3,43.15,44325,1552650,51.83,43.1,43.2
4115,2021-06-07 15:10:00,43.3,44.0,41.65,42.85,123150,1552650,51.76,42.75,42.9
4116,2021-06-07 15:11:00,42.55,43.85,42.55,43.65,25875,1552650,51.75,43.6,43.7
4117,2021-06-07 15:12:00,43.55,44.2,43.5,43.5,53025,1518375,51.72,43.55,43.65
4118,2021-06-07 15:13:00,43.95,44.0,41.8,42.4,58800,1518375,51.69,42.35,42.5
4119,2021-06-07 15:14:00,42.45,43.0,42.3,43.0,26925,1518375,51.67,42.95,43.0
4120,2021-06-07 15:15:00,43.0,43.8,43.0,43.75,42225,1503150,51.65,43.7,43.85
4121,2021-06-07 15:16:00,43.65,44.3,43.25,44.3,76200,1503150,51.61,44.15,44.3
4122,2021-06-07 15:17:00,44.15,44.2,42.75,43.15,47625,1503150,51.59,43.15,43.3
4123,2021-06-07 15:18:00,43.4,43.8,43.2,43.35,37425,1460250,51.57,43.3,43.45
4124,2021-06-07 15:19:00,43.35,43.55,43.1,43.25,33000,1460250,51.56,43.25,43.3
4125,2021-06-07 15:20:00,43.25,43.45,42.75,43.1,66750,1460250,51.52,43.0,43.15
4126,2021-06-07 15:21:00,42.95,43.25,42.5,43.15,54450,1415625,51.49,43.0,43.15
4127,2021-06-07 15:22:00,43.1,43.25,42.3,42.75,79950,1415625,51.45,42.65,42.75
4128,2021-06-07 15:23:00,42.7,43.55,42.7,43.45,48450,1415625,51.43,43.3,43.45
4129,2021-06-07 15:24:00,43.45,43.9,43.4,43.65,47700,1368150,51.4,43.7,43.8
4130,2021-06-07 15:25:00,43.75,43.85,42.9,43.55,69075,1368150,51.37,43.45,43.55
4131,2021-06-07 15:26:00,43.4,43.5,43.2,43.45,25350,1368150,51.36,43.35,43.5
4132,2021-06-07 15:27:00,43.45,43.85,43.45,43.5,37200,1321800,51.34,43.5,43.65
4133,2021-06-07 15:28:00,43.6,43.7,43.15,43.55,47550,1321800,51.32,43.5,43.7
4134,2021-06-07 15:29:00,43.6,43.7,43.15,43.55,47550,1321800,51.32,43.5,43.7
4135,2021-06-07 15:30:00,43.75,43.8,43.0,43.0,68175,1321800,51.29,43.0,43.5
4136,2021-06-08 09:15:00,39.2,45.5,28.95,43.15,143475,1280475,42.08,42.65,43.2
4137,2021-06-08 09:16:00,42.9,44.45,41.6,43.7,120300,1280475,42.49,43.55,43.75
4138,2021-06-08 09:17:00,43.85,43.85,39.8,41.2,116250,1348425,42.35,41.0,41.2
4139,2021-06-08 09:18:00,40.25,40.85,38.5,38.5,113100,1348425,41.7,38.45,38.6
4140,2021-06-08 09:19:00,38.65,39.5,37.35,39.5,118875,1348425,41.01,39.4,39.55
4141,2021-06-08 09:20:00,39.6,39.6,37.55,38.2,116850,1478700,40.65,38.1,38.3
4142,2021-06-08 09:21:00,38.3,38.9,37.35,37.75,80400,1478700,40.38,37.5,37.6
4143,2021-06-08 09:22:00,37.6,38.65,36.7,38.5,73050,1478700,40.17,38.35,38.5
4144,2021-06-08 09:23:00,38.2,39.65,38.1,39.5,54525,1522425,40.09,39.5,39.65
4145,2021-06-08 09:24:00,39.45,40.85,39.1,40.6,115950,1522425,40.05,40.5,40.65
4146,2021-06-08 09:25:00,40.65,43.05,40.65,42.5,147150,1522425,40.29,42.45,42.5
4147,2021-06-08 09:26:00,42.75,44.15,42.7,43.0,131475,1547400,40.6,42.85,43.0
4148,2021-06-08 09:27:00,42.95,44.7,42.95,44.35,100350,1547400,40.84,44.15,44.3
4149,2021-06-08 09:28:00,44.2,44.8,43.1,44.25,93825,1547400,41.03,44.1,44.3
4150,2021-06-08 09:29:00,44.2,44.6,43.1,43.1,61350,1561200,41.14,43.05,43.2
4151,2021-06-08 09:30:00,43.4,43.4,39.75,40.1,136725,1561200,41.19,40.05,40.15
4152,2021-06-08 09:31:00,40.05,40.45,38.8,40.1,85050,1561200,41.12,39.95,40.05
4153,2021-06-08 09:32:00,39.75,40.05,37.9,39.2,75525,1624200,41.02,39.2,39.35
4154,2021-06-08 09:33:00,39.25,40.4,38.5,40.4,70500,1624200,40.96,40.3,40.45
4155,2021-06-08 09:34:00,40.8,44.9,40.7,44.3,174375,1624200,41.21,44.3,44.4
4156,2021-06-08 09:35:00,44.35,44.4,42.5,44.0,84150,1664550,41.29,43.95,44.05
4157,2021-06-08 09:36:00,43.9,44.75,43.45,43.8,68550,1664550,41.38,43.8,43.95
4158,2021-06-08 09:37:00,44.25,44.4,42.55,43.3,64125,1664550,41.44,43.2,43.3
4159,2021-06-08 09:38:00,43.15,43.6,40.85,42.05,78825,1699200,41.46,42.1,42.2
4160,2021-06-08 09:39:00,42.2,44.6,42.1,44.25,113025,1699200,41.56,44.25,44.4
4161,2021-06-08 09:40:00,44.4,49.0,44.4,47.1,268350,1699200,42.07,47.15,47.25
4162,2021-06-08 09:41:00,47.25,50.45,47.25,49.1,228000,1710075,42.6,49.25,49.3
4163,2021-06-08 09:42:00,49.85,50.6,48.55,49.0,144225,1710075,42.92,49.0,49.15
4164,2021-06-08 09:43:00,49.4,50.2,47.0,47.4,141675,1710075,43.16,47.25,47.4
4165,2021-06-08 09:44:00,47.7,52.05,47.7,51.45,212925,1736700,43.6,51.65,51.75
4166,2021-06-08 09:45:00,51.35,53.45,48.8,50.0,215250,1736700,44.03,50.0,50.2
4167,2021-06-08 09:46:00,50.05,52.75,50.05,50.65,121575,1736700,44.26,50.65,50.85
4168,2021-06-08 09:47:00,50.75,53.0,50.35,52.3,146550,1700100,44.54,52.2,52.4
4169,2021-06-08 09:48:00,51.8,52.9,50.8,51.3,116700,1700100,44.75,51.35,51.5
4170,2021-06-08 09:49:00,51.65,52.2,49.1,50.0,150300,1700100,44.95,49.9,49.95
4171,2021-06-08 09:50:00,49.75,51.2,47.7,47.7,108975,1681575,45.06,47.7,47.85
4172,2021-06-08 09:51:00,48.05,48.4,46.0,48.25,128100,1681575,45.12,48.15,48.25
4173,2021-06-08 09:52:00,47.8,48.45,46.75,47.6,66750,1681575,45.16,47.6,47.7
4174,2021-06-08 09:53:00,47.7,49.7,47.35,48.9,66375,1661400,45.21,48.8,48.9
4175,2021-06-08 09:54:00,48.95,53.05,48.7,52.9,117525,1661400,45.37,52.7,52.9
4176,2021-06-08 09:55:00,52.5,59.0,52.5,58.5,390375,1661400,46.18,58.3,58.45
4177,2021-06-08 09:56:00,58.9,60.1,55.1,57.65,308775,1614300,46.82,57.55,57.75
4178,2021-06-08 09:57:00,57.7,59.05,55.75,58.35,163950,1614300,47.14,58.4,58.55
4179,2021-06-08 09:58:00,58.8,59.65,56.7,56.7,174600,1614300,47.47,56.55,56.75
4180,2021-06-08 09:59:00,57.2,59.5,57.2,59.25,164550,1621500,47.78,59.1,59.25
4181,2021-06-08 10:00:00,59.5,64.0,59.5,61.6,264825,1621500,48.36,61.7,61.9
4182,2021-06-08 10:01:00,61.4,63.3,59.95,60.0,222300,1621500,48.81,60.05,60.2
4183,2021-06-08 10:02:00,59.6,61.0,58.6,60.8,90525,1595025,48.96,60.6,60.8
4184,2021-06-08 10:03:00,60.65,61.45,56.5,56.8,108150,1595025,49.13,56.6,56.75
4185,2021-06-08 10:04:00,57.5,57.5,54.65,56.4,120150,1595025,49.25,56.5,56.65
4186,2021-06-08 10:05:00,56.55,58.2,55.55,55.75,98625,1616025,49.35,55.75,55.95
4187,2021-06-08 10:06:00,55.85,56.5,52.1,52.75,114675,1616025,49.43,52.7,52.9
4188,2021-06-08 10:07:00,52.9,53.45,51.6,51.8,106575,1616025,49.48,51.85,52.0
4189,2021-06-08 10:08:00,51.7,53.75,51.7,53.45,51825,1656525,49.5,53.4,53.55
4190,2021-06-08 10:09:00,53.45,56.3,53.45,56.3,88200,1656525,49.57,56.2,56.35
4191,2021-06-08 10:10:00,55.95,56.7,54.15,55.55,65775,1656525,49.62,55.5,55.65
4192,2021-06-08 10:11:00,55.8,57.0,55.45,56.65,65025,1647600,49.68,56.8,56.95
4193,2021-06-08 10:12:00,56.65,57.25,55.0,56.65,62775,1647600,49.73,56.65,56.75
4194,2021-06-08 10:13:00,56.7,58.1,56.6,57.65,59475,1647600,49.79,57.5,57.7
4195,2021-06-08 10:14:00,58.0,58.1,56.2,57.85,56250,1654725,49.85,57.85,58.0
4196,2021-06-08 10:15:00,57.9,59.7,57.7,58.2,94875,1654725,49.96,58.25,58.45
4197,2021-06-08 10:16:00,58.45,59.75,57.8,58.0,84450,1654725,50.05,57.75,57.9
4198,2021-06-08 10:17:00,57.95,57.95,54.95,56.25,68325,1659450,50.11,56.2,56.4
4199,2021-06-08 10:18:00,56.55,56.85,55.0,55.1,54750,1659450,50.15,55.0,55.1
4200,2021-06-08 10:19:00,55.0,58.0,54.5,57.35,57975,1659450,50.19,57.3,57.45
4201,2021-06-08 10:20:00,57.15,57.45,54.3,54.85,40350,1672275,50.22,54.85,55.0
4202,2021-06-08 10:21:00,54.6,54.6,52.05,52.25,97650,1672275,50.25,52.3,52.5
4203,2021-06-08 10:22:00,52.15,54.4,52.1,53.0,72225,1672275,50.28,53.0,53.2
4204,2021-06-08 10:23:00,53.0,53.85,52.0,53.2,57375,1688400,50.3,53.2,53.4
4205,2021-06-08 10:24:00,53.5,53.85,52.1,52.75,46275,1688400,50.31,52.65,52.8
4206,2021-06-08 10:25:00,52.8,52.85,51.0,52.45,88950,1688400,50.33,52.25,52.4
4207,2021-06-08 10:26:00,52.35,52.35,50.55,50.65,62925,1713825,50.33,50.65,50.8
4208,2021-06-08 10:27:00,50.45,52.25,50.45,52.2,50100,1713825,50.34,52.25,52.35
4209,2021-06-08 10:28:00,52.5,52.75,51.9,52.6,33450,1713825,50.35,52.5,52.7
4210,2021-06-08 10:29:00,52.65,52.65,51.05,51.15,36375,1733475,50.35,51.15,51.35
4211,2021-06-08 10:30:00,51.2,51.75,50.3,51.2,47850,1733475,50.36,51.15,51.35
4212,2021-06-08 10:31:00,51.0,51.85,49.55,49.7,49800,1733475,50.36,49.6,49.75
4213,2021-06-08 10:32:00,49.7,50.5,49.35,50.05,57900,1740225,50.36,50.05,50.2
4214,2021-06-08 10:33:00,50.3,51.35,49.95,51.3,35700,1740225,50.36,51.15,51.3
4215,2021-06-08 10:34:00,51.3,51.45,50.75,51.4,35850,1740225,50.36,51.3,51.4
4216,2021-06-08 10:35:00,51.15,51.85,50.75,51.35,32325,1739700,50.36,51.15,51.3
4217,2021-06-08 10:36:00,51.3,51.75,50.25,50.5,59475,1739700,50.37,50.3,50.5
4218,2021-06-08 10:37:00,50.45,51.65,50.1,51.1,38550,1739700,50.37,50.95,51.1
4219,2021-06-08 10:38:00,50.95,52.05,50.95,52.0,44400,1755825,50.38,51.9,52.05
4220,2021-06-08 10:39:00,52.05,54.2,52.0,53.75,123600,1755825,50.42,53.65,53.8
4221,2021-06-08 10:40:00,53.8,53.85,52.25,52.6,69675,1755825,50.44,52.6,52.75
4222,2021-06-08 10:41:00,52.5,53.25,52.1,52.25,39150,1775550,50.45,52.15,52.3
4223,2021-06-08 10:42:00,52.3,52.45,50.45,52.25,50700,1775550,50.45,52.25,52.45
4224,2021-06-08 10:43:00,52.05,52.05,50.9,51.4,29550,1775550,50.46,51.35,51.5
4225,2021-06-08 10:44:00,51.45,52.7,51.45,52.05,28575,1769925,50.46,52.05,52.15
4226,2021-06-08 10:45:00,51.95,51.95,49.6,50.5,61875,1769925,50.46,50.55,50.75
4227,2021-06-08 10:46:00,50.6,51.2,50.2,50.9,29625,1769925,50.46,50.85,51.0
4228,2021-06-08 10:47:00,50.95,51.35,50.25,50.65,14025,1776600,50.46,50.7,50.85
4229,2021-06-08 10:48:00,50.7,51.6,50.5,51.35,28500,1776600,50.46,51.25,51.4
4230,2021-06-08 10:49:00,51.15,52.3,50.9,52.15,37875,1776600,50.47,51.9,52.1
4231,2021-06-08 10:50:00,52.1,52.35,51.3,51.55,36825,1788225,50.48,51.55,51.7
4232,2021-06-08 10:51:00,51.95,51.95,50.4,50.7,23775,1788225,50.48,50.65,50.8
4233,2021-06-08 10:52:00,50.85,51.55,50.05,51.35,26025,1788225,50.48,51.2,51.3
4234,2021-06-08 10:53:00,51.4,52.25,51.15,51.75,37200,1793100,50.48,51.45,51.6
4235,2021-06-08 10:54:00,51.35,52.6,51.35,52.0,32475,1793100,50.49,51.85,52.0
4236,2021-06-08 10:55:00,51.85,52.1,50.5,51.1,26775,1793100,50.49,50.95,51.1
4237,2021-06-08 10:56:00,51.0,51.2,50.5,50.75,19350,1792950,50.49,50.6,50.75
4238,2021-06-08 10:57:00,50.75,50.75,45.4,45.45,162225,1792950,50.44,45.45,45.6
4239,2021-06-08 10:58:00,45.7,47.0,45.5,45.95,114150,1792950,50.39,45.95,46.1
4240,2021-06-08 10:59:00,45.75,47.25,45.75,46.45,56175,1784775,50.37,46.4,46.55
4241,2021-06-08 11:00:00,46.75,47.3,45.85,46.0,49875,1784775,50.35,45.95,46.1
4242,2021-06-08 11:01:00,46.1,46.65,46.05,46.5,27150,1784775,50.34,46.35,46.45
4243,2021-06-08 11:02:00,46.3,46.5,45.1,45.5,64875,1790325,50.31,45.4,45.55
4244,2021-06-08 11:03:00,45.3,45.95,45.2,45.5,31425,1790325,50.3,45.55,45.6
4245,2021-06-08 11:04:00,45.5,45.7,44.2,45.2,67650,1790325,50.26,45.15,45.3
4246,2021-06-08 11:05:00,45.05,45.85,44.7,45.7,39750,1798275,50.24,45.75,45.8
4247,2021-06-08 11:06:00,45.65,46.05,45.6,45.8,28200,1798275,50.23,45.7,45.85
4248,2021-06-08 11:07:00,45.75,46.0,45.0,45.55,26400,1798275,50.22,45.55,45.65
4249,2021-06-08 11:08:00,45.7,46.0,45.3,45.75,22125,1797825,50.21,45.55,45.7
4250,2021-06-08 11:09:00,45.55,46.0,45.15,45.75,15525,1797825,50.2,45.65,45.75
4251,2021-06-08 11:10:00,45.8,46.85,45.6,46.8,30000,1797825,50.19,46.75,46.8
4252,2021-06-08 11:11:00,46.75,48.15,46.6,47.95,65250,1791825,50.17,47.95,48.0
4253,2021-06-08 11:12:00,47.9,47.95,46.9,47.65,37875,1791825,50.16,47.65,47.75
4254,2021-06-08 11:13:00,47.65,47.85,47.2,47.45,20925,1791825,50.16,47.35,47.5
4255,2021-06-08 11:14:00,47.15,47.3,46.35,46.65,26250,1790550,50.15,46.6,46.75
4256,2021-06-08 11:15:00,46.8,47.1,45.8,46.55,26250,1790550,50.14,46.5,46.6
4257,2021-06-08 11:16:00,46.6,46.7,45.7,45.9,20175,1790550,50.13,45.8,45.9
4258,2021-06-08 11:17:00,45.55,46.0,45.3,45.9,20250,1794900,50.12,45.6,45.7
4259,2021-06-08 11:18:00,46.1,46.1,43.8,44.2,68625,1794900,50.09,44.05,44.2
4260,2021-06-08 11:19:00,44.05,44.65,43.35,44.25,45000,1794900,50.06,44.1,44.25
4261,2021-06-08 11:20:00,44.15,44.95,43.7,44.6,31500,1791225,50.05,44.65,44.75
4262,2021-06-08 11:21:00,44.75,44.75,43.85,44.3,25575,1791225,50.03,44.25,44.35
4263,2021-06-08 11:22:00,44.3,44.5,43.8,44.25,71850,1791225,49.99,44.1,44.2
4264,2021-06-08 11:23:00,44.25,44.95,44.1,44.95,19125,1801200,49.98,44.8,44.95
4265,2021-06-08 11:24:00,44.9,46.45,44.75,46.45,38625,1801200,49.97,46.3,46.45
4266,2021-06-08 11:25:00,46.25,46.8,45.95,46.7,42525,1801200,49.95,46.6,46.7
4267,2021-06-08 11:26:00,46.8,46.95,45.65,46.45,42000,1799625,49.94,46.35,46.5
4268,2021-06-08 11:27:00,46.4,46.8,45.7,45.7,21075,1799625,49.93,45.75,45.85
4269,2021-06-08 11:28:00,45.9,45.9,44.65,44.75,16725,1799625,49.93,44.6,44.75
4270,2021-06-08 11:29:00,44.65,45.45,44.55,44.65,28800,1807575,49.91,44.65,44.8
4271,2021-06-08 11:30:00,44.8,45.5,44.0,44.2,36300,1807575,49.9,44.1,44.25
4272,2021-06-08 11:31:00,44.25,44.6,43.6,44.4,19650,1807575,49.89,44.4,44.55
4273,2021-06-08 11:32:00,44.2,44.2,43.05,43.4,50550,1819800,49.86,43.35,43.5
4274,2021-06-08 11:33:00,43.5,44.0,43.1,43.45,52050,1819800,49.83,43.4,43.55
4275,2021-06-08 11:34:00,43.4,43.9,43.2,43.2,57225,1819800,49.79,43.15,43.3
4276,2021-06-08 11:35:00,43.25,43.25,42.3,42.75,44550,1847475,49.77,42.75,42.9
4277,2021-06-08 11:36:00,42.9,44.0,42.4,43.75,49575,1847475,49.74,43.6,43.8
4278,2021-06-08 11:37:00,43.8,44.7,43.6,44.6,30975,1847475,49.72,44.5,44.65
4279,2021-06-08 11:38:00,44.6,44.75,44.0,44.2,34575,1854675,49.71,44.2,44.35
4280,2021-06-08 11:39:00,44.25,44.35,43.55,43.55,19875,1854675,49.7,43.6,43.75
4281,2021-06-08 11:40:00,43.85,44.5,43.4,44.5,11475,1854675,49.69,44.35,44.45
4282,2021-06-08 11:41:00,44.5,45.0,43.55,43.65,25950,1859700,49.68,43.55,43.7
4283,2021-06-08 11:42:00,43.6,43.9,43.2,43.2,11175,1859700,49.67,43.15,43.3
4284,2021-06-08 11:43:00,43.35,43.65,41.2,41.6,74925,1859700,49.62,41.5,41.7
4285,2021-06-08 11:44:00,41.7,42.1,41.0,41.35,76500,1862175,49.57,41.35,41.45
4286,2021-06-08 11:45:00,41.4,41.4,39.8,41.2,189825,1862175,49.42,41.15,41.3
4287,2021-06-08 11:46:00,41.1,42.35,41.1,42.35,66375,1862175,49.38,42.15,42.3
4288,2021-06-08 11:47:00,42.25,42.65,41.8,42.05,55500,1875675,49.35,42.1,42.15
4289,2021-06-08 11:48:00,42.25,42.75,41.9,42.65,30825,1875675,49.33,42.65,42.8
4290,2021-06-08 11:49:00,42.85,43.5,42.6,43.35,43875,1875675,49.31,43.2,43.35
4291,2021-06-08 11:50:00,43.45,45.7,43.0,44.9,101250,1856550,49.27,44.95,45.1
4292,2021-06-08 11:51:00,45.1,45.9,44.8,45.3,42075,1856550,49.25,45.2,45.3
4293,2021-06-08 11:52:00,45.4,45.9,45.05,45.45,46650,1856550,49.24,45.4,45.55
4294,2021-06-08 11:53:00,45.65,45.65,43.65,44.05,57000,1853025,49.22,44.0,44.15
4295,2021-06-08 11:54:00,44.15,44.2,43.0,43.7,36075,1853025,49.2,43.7,43.85
4296,2021-06-08 11:55:00,43.75,43.8,42.65,43.15,42975,1853025,49.18,43.1,43.25
4297,2021-06-08 11:56:00,43.2,44.4,43.1,44.4,36075,1876050,49.16,44.3,44.45
4298,2021-06-08 11:57:00,44.45,46.0,44.3,45.45,64950,1876050,49.14,45.45,45.65
4299,2021-06-08 11:58:00,45.7,45.85,45.0,45.45,35625,1876050,49.13,45.45,45.55
4300,2021-06-08 11:59:00,45.75,47.5,45.6,47.2,84300,1858875,49.12,47.05,47.2
4301,2021-06-08 12:00:00,47.2,49.0,46.25,47.85,132000,1858875,49.1,47.8,48.0
4302,2021-06-08 12:01:00,48.2,48.95,47.75,48.95,47775,1858875,49.1,48.75,48.85
4303,2021-06-08 12:02:00,48.7,48.85,47.3,47.85,67950,1859475,49.09,47.8,47.95
4304,2021-06-08 12:03:00,48.1,48.1,46.8,47.1,44025,1859475,49.09,47.05,47.15
4305,2021-06-08 12:04:00,47.25,48.65,47.0,48.4,43500,1859475,49.08,48.45,48.55
4306,2021-06-08 12:05:00,48.65,49.7,47.9,49.7,82500,1845750,49.08,49.75,49.9
4307,2021-06-08 12:06:00,49.65,51.5,49.5,50.8,172200,1845750,49.1,50.8,50.95
4308,2021-06-08 12:07:00,51.05,51.3,49.6,49.6,101400,1845750,49.11,49.55,49.7
4309,2021-06-08 12:08:00,49.65,50.75,49.65,50.25,55650,1836300,49.11,50.2,50.35
4310,2021-06-08 12:09:00,50.2,51.05,50.05,50.8,64200,1836300,49.12,50.8,50.95
4311,2021-06-08 12:10:00,50.7,51.95,50.45,50.55,118500,1836300,49.14,50.55,50.75
4312,2021-06-08 12:11:00,50.8,50.9,48.7,49.25,93750,1836300,49.15,49.2,49.35
4313,2021-06-08 12:12:00,49.2,49.35,47.8,49.05,55575,1820550,49.14,49.05,49.2
4314,2021-06-08 12:13:00,48.6,48.9,45.95,47.15,60975,1820550,49.14,47.0,47.15
4315,2021-06-08 12:14:00,47.05,47.8,46.5,46.85,42675,1820550,49.13,46.8,46.9
4316,2021-06-08 12:15:00,46.5,46.9,45.55,46.25,45375,1826325,49.12,46.2,46.25
4317,2021-06-08 12:16:00,46.1,46.3,44.6,45.8,63450,1826325,49.1,45.8,45.85
4318,2021-06-08 12:17:00,45.85,46.4,44.8,46.25,33900,1826325,49.09,46.0,46.2
4319,2021-06-08 12:18:00,45.95,46.9,45.9,46.6,30825,1824600,49.09,46.55,46.65
4320,2021-06-08 12:19:00,46.65,47.0,46.15,47.0,23250,1824600,49.08,46.85,46.95
4321,2021-06-08 12:20:00,46.85,47.15,45.6,46.15,39975,1824600,49.08,46.15,46.35
4322,2021-06-08 12:21:00,46.2,47.45,45.75,47.45,30375,1827150,49.07,47.15,47.3
4323,2021-06-08 12:22:00,47.3,47.45,45.95,46.25,39825,1827150,49.06,46.0,46.1
4324,2021-06-08 12:23:00,46.0,46.75,45.75,46.75,16275,1827150,49.06,46.65,46.85
4325,2021-06-08 12:24:00,46.75,46.8,45.85,46.35,16500,1835700,49.06,46.25,46.45
4326,2021-06-08 12:25:00,46.55,46.55,45.55,46.1,15225,1835700,49.05,46.1,46.25
4327,2021-06-08 12:26:00,46.25,46.4,45.3,45.8,17250,1835700,49.05,45.6,45.7
4328,2021-06-08 12:27:00,45.95,45.95,45.0,45.3,22800,1832925,49.04,45.3,45.45
4329,2021-06-08 12:28:00,45.3,45.6,44.95,45.1,20025,1832925,49.04,44.95,45.15
4330,2021-06-08 12:29:00,45.0,45.0,44.2,44.75,32925,1832925,49.03,44.75,44.9
4331,2021-06-08 12:30:00,44.55,45.1,43.55,44.15,54375,1837350,49.01,43.9,44.1
4332,2021-06-08 12:31:00,44.0,45.15,44.0,44.8,31575,1837350,49.0,44.8,44.95
4333,2021-06-08 12:32:00,44.85,44.9,44.25,44.65,19800,1837350,48.99,44.6,44.7
4334,2021-06-08 12:33:00,44.85,46.4,44.75,46.0,32175,1837800,48.99,46.05,46.2
4335,2021-06-08 12:34:00,46.1,46.65,45.8,46.25,43800,1837800,48.98,46.2,46.4
4336,2021-06-08 12:35:00,46.45,46.7,45.8,45.8,26850,1837800,48.97,45.8,45.95
4337,2021-06-08 12:36:00,46.0,46.15,45.35,45.95,18675,1839900,48.97,45.9,46.05
4338,2021-06-08 12:37:00,45.9,46.35,45.0,45.0,21675,1839900,48.96,45.0,45.1
4339,2021-06-08 12:38:00,45.0,45.7,45.0,45.0,21900,1839900,48.96,45.0,45.15
4340,2021-06-08 12:39:00,45.2,45.2,43.45,43.85,51600,1833525,48.94,43.8,43.95
4341,2021-06-08 12:40:00,43.65,44.15,43.25,43.9,36600,1833525,48.93,43.75,43.9
4342,2021-06-08 12:41:00,43.75,43.9,43.1,43.6,47850,1833525,48.91,43.55,43.7
4343,2021-06-08 12:42:00,43.4,44.2,43.3,43.35,25875,1839300,48.9,43.3,43.4
4344,2021-06-08 12:43:00,43.3,43.95,43.1,43.8,23925,1839300,48.89,43.6,43.75
4345,2021-06-08 12:44:00,43.7,44.0,43.4,43.6,23775,1839300,48.88,43.4,43.6
4346,2021-06-08 12:45:00,43.65,44.65,43.6,44.45,29400,1843575,48.87,44.3,44.4
4347,2021-06-08 12:46:00,44.3,44.75,43.6,43.65,29775,1843575,48.87,43.6,43.75
4348,2021-06-08 12:47:00,43.5,43.65,42.05,42.35,83175,1843575,48.83,42.35,42.5
4349,2021-06-08 12:48:00,42.2,43.7,42.1,43.05,47400,1858725,48.81,43.0,43.15
4350,2021-06-08 12:49:00,42.95,43.7,42.95,43.35,19275,1858725,48.8,43.35,43.45
4351,2021-06-08 12:50:00,43.5,43.65,42.75,43.3,24975,1858725,48.79,43.25,43.35
4352,2021-06-08 12:51:00,43.35,43.85,42.6,42.6,31200,1860750,48.78,42.55,42.7
4353,2021-06-08 12:52:00,42.7,43.7,42.5,43.5,21750,1860750,48.77,43.55,43.7
4354,2021-06-08 12:53:00,43.45,43.95,43.0,43.25,14400,1860750,48.77,43.25,43.4
4355,2021-06-08 12:54:00,43.4,44.2,43.25,44.2,27525,1860225,48.76,44.15,44.35
4356,2021-06-08 12:55:00,44.2,44.8,44.05,44.15,30900,1860225,48.75,44.0,44.15
4357,2021-06-08 12:56:00,44.15,44.7,44.15,44.55,21525,1860225,48.74,44.4,44.55
4358,2021-06-08 12:57:00,44.35,44.65,44.0,44.6,12525,1865400,48.74,44.45,44.6
4359,2021-06-08 12:58:00,44.5,44.7,44.0,44.15,21525,1865400,48.73,44.1,44.25
4360,2021-06-08 12:59:00,44.2,44.35,43.6,43.85,17475,1865400,48.73,43.95,44.1
4361,2021-06-08 13:00:00,43.95,44.1,43.45,43.65,16500,1869675,48.72,43.55,43.7
4362,2021-06-08 13:01:00,43.65,43.65,42.8,42.8,20250,1869675,48.72,42.85,43.0
4363,2021-06-08 13:02:00,42.95,43.2,42.4,43.0,23625,1869675,48.71,42.85,43.0
4364,2021-06-08 13:03:00,42.8,43.0,41.2,41.85,81150,1866900,48.67,41.85,41.95
4365,2021-06-08 13:04:00,41.95,42.1,41.05,41.5,32925,1866900,48.65,41.4,41.55
4366,2021-06-08 13:05:00,41.65,42.1,41.4,42.1,24750,1866900,48.64,42.0,42.05
4367,2021-06-08 13:06:00,41.8,42.35,41.8,42.0,23025,1863525,48.63,41.95,42.0
4368,2021-06-08 13:07:00,41.95,42.05,41.45,41.45,27225,1863525,48.62,41.35,41.45
4369,2021-06-08 13:08:00,41.4,41.6,40.4,40.85,70050,1863525,48.58,40.9,40.95
4370,2021-06-08 13:09:00,40.8,41.5,40.6,40.9,96225,1854600,48.54,40.8,40.95
4371,2021-06-08 13:10:00,40.6,41.3,39.8,41.0,133950,1854600,48.47,40.95,41.0
4372,2021-06-08 13:11:00,41.1,41.9,41.1,41.85,60675,1854600,48.44,41.75,41.85
4373,2021-06-08 13:12:00,41.85,42.3,41.6,41.6,63075,1862400,48.41,41.5,41.65
4374,2021-06-08 13:13:00,41.8,42.75,41.65,42.7,26700,1862400,48.4,42.4,42.55
4375,2021-06-08 13:14:00,42.65,43.35,42.65,43.15,63075,1862400,48.38,43.05,43.2
4376,2021-06-08 13:15:00,43.35,43.55,42.9,42.95,51300,1865325,48.37,43.0,43.05
4377,2021-06-08 13:16:00,43.2,43.4,41.75,42.15,48675,1865325,48.35,42.05,42.15
4378,2021-06-08 13:17:00,42.0,42.05,40.5,40.75,40725,1865325,48.33,40.8,41.0
4379,2021-06-08 13:18:00,40.85,41.0,40.4,40.95,28575,1875825,48.32,40.95,41.05
4380,2021-06-08 13:19:00,41.15,41.55,41.0,41.1,22200,1875825,48.31,40.95,41.1
4381,2021-06-08 13:20:00,40.95,42.45,40.95,42.15,31275,1875825,48.29,42.05,42.2
4382,2021-06-08 13:21:00,42.25,42.4,41.85,42.0,25125,1868775,48.28,41.95,42.1
4383,2021-06-08 13:22:00,42.05,42.2,41.65,41.7,21525,1868775,48.27,41.7,41.8
4384,2021-06-08 13:23:00,41.8,42.2,41.7,42.1,11175,1868775,48.27,42.05,42.15
4385,2021-06-08 13:24:00,42.15,42.55,41.7,41.7,26925,1871625,48.26,41.65,41.8
4386,2021-06-08 13:25:00,41.7,42.15,41.5,42.15,23400,1871625,48.25,41.95,42.15
4387,2021-06-08 13:26:00,41.95,42.45,41.85,42.0,15000,1871625,48.25,41.95,42.0
4388,2021-06-08 13:27:00,41.85,42.0,40.7,40.9,25125,1883625,48.23,40.9,41.0
4389,2021-06-08 13:28:00,40.85,41.0,31.0,33.1,498225,1883625,47.84,33.15,33.2
4390,2021-06-08 13:29:00,33.1,34.55,33.1,33.55,232425,1883625,47.65,33.5,33.6
4391,2021-06-08 13:30:00,33.35,33.8,32.45,33.6,150150,1856250,47.52,33.5,33.65
4392,2021-06-08 13:31:00,33.45,34.3,33.25,33.7,85425,1856250,47.46,33.65,33.85
4393,2021-06-08 13:32:00,33.4,33.45,31.55,33.25,166050,1856250,47.31,33.15,33.25
4394,2021-06-08 13:33:00,33.2,33.2,32.0,32.8,104100,1836075,47.22,32.75,32.85
4395,2021-06-08 13:34:00,32.95,33.35,31.9,32.75,89700,1836075,47.15,32.75,32.85
4396,2021-06-08 13:35:00,32.75,33.15,32.3,32.5,51000,1836075,47.11,32.4,32.5
4397,2021-06-08 13:36:00,32.5,33.6,32.5,33.15,65475,1839000,47.06,33.15,33.25
4398,2021-06-08 13:37:00,33.25,34.45,33.25,33.9,88500,1839000,46.99,33.8,33.9
4399,2021-06-08 13:38:00,34.0,34.0,33.2,33.45,66675,1839000,46.94,33.45,33.6
4400,2021-06-08 13:39:00,33.45,34.25,32.95,33.0,101325,1866000,46.86,32.9,33.0
4401,2021-06-08 13:40:00,33.3,34.3,32.95,34.25,59325,1866000,46.82,34.1,34.25
4402,2021-06-08 13:41:00,34.3,35.15,34.0,35.0,60900,1866000,46.78,34.9,35.0
4403,2021-06-08 13:42:00,34.6,34.8,33.8,33.95,81900,1883550,46.72,33.9,34.05
4404,2021-06-08 13:43:00,34.2,34.45,33.9,34.45,34200,1883550,46.7,34.35,34.45
4405,2021-06-08 13:44:00,34.45,35.0,34.3,34.9,38025,1883550,46.67,34.6,34.75
4406,2021-06-08 13:45:00,34.6,35.55,34.5,35.3,47400,1899675,46.64,35.25,35.35
4407,2021-06-08 13:46:00,35.2,35.35,34.15,35.0,54300,1899675,46.61,34.85,35.0
4408,2021-06-08 13:47:00,34.9,35.95,34.6,35.95,38475,1899675,46.58,35.8,35.9
4409,2021-06-08 13:48:00,35.65,35.9,34.8,35.2,66000,1897875,46.54,35.25,35.4
4410,2021-06-08 13:49:00,35.25,35.6,34.5,34.5,38400,1897875,46.52,34.55,34.7
4411,2021-06-08 13:50:00,34.7,35.2,34.55,35.1,38550,1897875,46.49,35.0,35.1
4412,2021-06-08 13:51:00,35.15,35.8,35.05,35.2,61575,1914750,46.46,35.2,35.35
4413,2021-06-08 13:52:00,35.25,36.05,35.25,36.05,41100,1914750,46.43,36.0,36.1
4414,2021-06-08 13:53:00,36.05,36.85,35.85,36.35,64125,1914750,46.4,36.25,36.4
4415,2021-06-08 13:54:00,36.45,36.5,35.6,36.05,39825,1909875,46.38,35.95,36.1
4416,2021-06-08 13:55:00,35.95,37.9,35.75,37.85,60600,1909875,46.35,37.8,37.9
4417,2021-06-08 13:56:00,37.7,38.45,37.7,38.1,153600,1909875,46.28,37.95,38.05
4418,2021-06-08 13:57:00,38.0,38.05,37.0,37.95,43950,1929750,46.26,37.9,38.0
4419,2021-06-08 13:58:00,38.0,38.5,36.75,36.75,65925,1929750,46.23,36.7,36.75
4420,2021-06-08 13:59:00,36.25,37.25,35.95,35.95,63375,1929750,46.2,35.95,36.05
4421,2021-06-08 14:00:00,35.8,39.3,35.8,38.9,139950,1936575,46.14,38.75,38.9
4422,2021-06-08 14:01:00,38.75,40.85,38.5,40.35,152775,1936575,46.09,40.15,40.3
4423,2021-06-08 14:02:00,40.4,41.45,39.6,40.95,110625,1936575,46.06,40.95,41.1
4424,2021-06-08 14:03:00,40.9,43.35,40.9,42.4,131475,1902225,46.03,42.4,42.55
4425,2021-06-08 14:04:00,42.7,43.3,40.85,41.0,102075,1902225,46.01,40.8,40.95
4426,2021-06-08 14:05:00,40.95,41.35,39.35,40.35,85725,1902225,45.99,40.15,40.3
4427,2021-06-08 14:06:00,40.2,40.35,38.45,39.4,68250,1911825,45.96,39.3,39.45
4428,2021-06-08 14:07:00,39.35,39.95,38.8,38.85,38850,1911825,45.95,38.8,38.95
4429,2021-06-08 14:08:00,38.9,39.6,38.0,39.15,49050,1911825,45.93,39.1,39.2
4430,2021-06-08 14:09:00,39.25,39.25,37.9,38.25,69000,1920150,45.91,38.2,38.25
4431,2021-06-08 14:10:00,38.1,38.35,37.3,37.3,41025,1920150,45.89,37.3,37.45
4432,2021-06-08 14:11:00,37.25,37.65,36.45,37.3,57600,1920150,45.86,37.3,37.4
4433,2021-06-08 14:12:00,37.2,39.0,36.75,39.0,59925,1924200,45.84,38.9,39.0
4434,2021-06-08 14:13:00,39.0,39.35,38.2,38.25,33525,1924200,45.83,38.25,38.4
4435,2021-06-08 14:14:00,38.35,38.5,37.2,37.2,37800,1924200,45.81,37.35,37.45
4436,2021-06-08 14:15:00,37.15,38.3,36.35,38.3,60525,1923300,45.79,38.2,38.3
4437,2021-06-08 14:16:00,38.35,38.85,38.0,38.45,31425,1923300,45.78,38.35,38.5
4438,2021-06-08 14:17:00,38.5,38.5,37.4,38.1,20700,1923300,45.77,37.95,38.1
4439,2021-06-08 14:18:00,38.0,38.5,37.75,38.15,18975,1918050,45.76,38.1,38.2
4440,2021-06-08 14:19:00,38.2,38.8,36.6,37.15,32925,1918050,45.75,37.1,37.2
4441,2021-06-08 14:20:00,37.15,37.25,33.85,34.25,117525,1918050,45.69,34.1,34.2
4442,2021-06-08 14:21:00,34.3,34.35,32.15,32.25,108825,1905900,45.62,32.25,32.35
4443,2021-06-08 14:22:00,32.55,33.3,32.15,32.8,120450,1905900,45.55,32.7,32.85
4444,2021-06-08 14:23:00,32.9,33.75,32.8,33.45,56175,1905900,45.51,33.45,33.5
4445,2021-06-08 14:24:00,33.6,33.8,32.6,32.65,38400,1900575,45.49,32.6,32.7
4446,2021-06-08 14:25:00,32.7,33.5,32.7,33.35,33225,1900575,45.47,33.25,33.4
4447,2021-06-08 14:26:00,33.4,34.45,33.4,33.95,45375,1900575,45.45,33.85,33.9
4448,2021-06-08 14:27:00,33.8,34.6,33.65,34.1,30600,1912725,45.43,34.05,34.15
4449,2021-06-08 14:28:00,34.15,34.9,33.9,34.05,37575,1912725,45.41,33.95,34.1
4450,2021-06-08 14:29:00,34.1,34.1,32.25,32.8,79500,1912725,45.36,32.65,32.8
4451,2021-06-08 14:30:00,32.9,33.2,32.25,32.75,49650,1951275,45.33,32.75,32.9
4452,2021-06-08 14:31:00,32.65,33.25,32.25,33.1,42000,1951275,45.31,33.05,33.15
4453,2021-06-08 14:32:00,33.05,33.2,32.4,32.95,45750,1951275,45.28,32.8,32.9
4454,2021-06-08 14:33:00,32.85,33.55,32.8,33.55,45225,1964400,45.26,33.5,33.6
4455,2021-06-08 14:34:00,33.5,34.0,32.85,33.65,42600,1964400,45.23,33.55,33.65
4456,2021-06-08 14:35:00,33.4,33.65,32.5,32.9,57000,1964400,45.2,32.9,33.0
4457,2021-06-08 14:36:00,33.0,34.0,32.95,33.6,45000,1978650,45.18,33.5,33.55
4458,2021-06-08 14:37:00,33.6,33.8,33.3,33.7,16950,1978650,45.17,33.6,33.7
4459,2021-06-08 14:38:00,33.7,33.8,33.45,33.45,18675,1978650,45.16,33.4,33.5
4460,2021-06-08 14:39:00,33.5,33.5,31.55,31.6,124800,1981425,45.08,31.5,31.6
4461,2021-06-08 14:40:00,31.35,32.45,31.0,32.45,96675,1981425,45.02,32.4,32.45
4462,2021-06-08 14:41:00,32.35,32.8,32.15,32.3,58425,1981425,44.99,32.25,32.4
4463,2021-06-08 14:42:00,32.35,32.8,31.15,32.8,70800,1978800,44.95,32.6,32.7
4464,2021-06-08 14:43:00,32.5,32.65,31.65,32.1,44850,1978800,44.92,32.1,32.25
4465,2021-06-08 14:44:00,32.2,32.2,31.4,31.45,20400,1978800,44.91,31.45,31.6
4466,2021-06-08 14:45:00,31.5,31.5,27.6,29.75,488850,2022000,44.56,29.65,29.75
4467,2021-06-08 14:46:00,29.6,29.6,28.65,29.1,89850,2022000,44.5,29.0,29.15
4468,2021-06-08 14:47:00,29.0,29.85,28.3,29.8,104175,2022000,44.42,29.75,29.85
4469,2021-06-08 14:48:00,29.95,31.6,29.8,30.65,145275,2008500,44.34,30.35,30.45
4470,2021-06-08 14:49:00,30.45,30.45,28.6,29.4,97200,2008500,44.27,29.3,29.4
4471,2021-06-08 14:50:00,29.3,29.3,28.05,28.9,172875,2008500,44.15,28.85,28.9
4472,2021-06-08 14:51:00,28.7,28.7,26.25,27.3,211650,2040750,44.0,27.15,27.2
4473,2021-06-08 14:52:00,27.2,27.85,26.65,27.85,74625,2040750,43.95,27.75,27.85
4474,2021-06-08 14:53:00,27.8,27.9,26.7,27.15,73875,2040750,43.89,27.05,27.15
4475,2021-06-08 14:54:00,27.1,28.4,27.0,28.35,93600,2058300,43.83,28.2,28.25
4476,2021-06-08 14:55:00,28.3,29.0,27.55,28.8,78150,2058300,43.78,28.7,28.8
4477,2021-06-08 14:56:00,28.75,29.45,28.5,28.65,60525,2058300,43.74,28.55,28.65
4478,2021-06-08 14:57:00,28.55,28.75,27.65,28.3,65100,2072625,43.7,28.25,28.35
4479,2021-06-08 14:58:00,28.15,29.15,28.05,29.0,64950,2072625,43.66,29.0,29.15
4480,2021-06-08 14:59:00,28.9,29.0,28.1,28.3,64125,2072625,43.61,28.2,28.3
4481,2021-06-08 15:00:00,28.05,30.7,27.85,30.7,345900,2029350,43.41,30.6,30.7
4482,2021-06-08 15:01:00,30.75,32.4,30.25,31.0,124650,2029350,43.34,30.95,31.05
4483,2021-06-08 15:02:00,31.05,32.25,30.9,31.25,110850,2029350,43.29,31.2,31.3
4484,2021-06-08 15:03:00,31.1,31.1,29.4,29.5,75750,2024700,43.25,29.45,29.55
4485,2021-06-08 15:04:00,29.4,30.4,29.1,29.1,55875,2024700,43.22,29.1,29.2
4486,2021-06-08 15:05:00,29.0,31.7,28.95,31.3,79200,2024700,43.18,31.1,31.2
4487,2021-06-08 15:06:00,30.95,32.15,30.75,32.1,84225,2021025,43.14,32.05,32.15
4488,2021-06-08 15:07:00,31.95,32.6,31.6,31.95,102450,2021025,43.09,31.8,31.9
4489,2021-06-08 15:08:00,31.9,32.2,31.3,31.55,65400,2021025,43.06,31.4,31.55
4490,2021-06-08 15:09:00,31.55,32.1,31.05,31.25,73575,1969500,43.03,31.2,31.3
4491,2021-06-08 15:10:00,31.3,32.45,31.3,32.25,95250,1969500,42.99,32.2,32.35
4492,2021-06-08 15:11:00,32.45,34.0,32.3,33.75,107400,1969500,42.94,33.75,33.85
4493,2021-06-08 15:12:00,33.8,34.1,33.25,33.8,53025,1920675,42.92,33.8,33.9
4494,2021-06-08 15:13:00,33.85,34.0,32.6,33.15,100200,1920675,42.89,32.9,33.05
4495,2021-06-08 15:14:00,33.05,33.75,32.55,32.7,61500,1920675,42.86,32.7,32.8
4496,2021-06-08 15:15:00,32.7,33.45,31.8,32.0,86250,1935450,42.83,32.05,32.15
4497,2021-06-08 15:16:00,32.2,33.25,32.2,33.15,60750,1935450,42.8,33.1,33.2
4498,2021-06-08 15:17:00,33.1,33.25,32.1,32.35,51675,1935450,42.78,32.25,32.35
4499,2021-06-08 15:18:00,32.35,32.75,31.55,32.65,68475,1918650,42.76,32.6,32.65
4500,2021-06-08 15:19:00,32.65,32.65,32.3,32.5,38625,1918650,42.74,32.5,32.6
4501,2021-06-08 15:20:00,32.55,32.6,30.7,31.5,121125,1918650,42.69,31.5,31.6
4502,2021-06-08 15:21:00,31.3,32.15,31.3,31.9,75375,1883475,42.66,31.9,32.0
4503,2021-06-08 15:22:00,31.95,31.95,29.35,30.1,161025,1883475,42.58,30.1,30.2
4504,2021-06-08 15:23:00,30.05,30.9,30.0,30.65,108075,1883475,42.53,30.55,30.65
4505,2021-06-08 15:24:00,30.6,31.4,30.5,31.25,73350,1846800,42.5,31.25,31.4
4506,2021-06-08 15:25:00,31.35,31.35,30.15,30.8,101850,1846800,42.45,30.75,30.9
4507,2021-06-08 15:26:00,30.75,30.8,30.25,30.3,83625,1846800,42.41,30.3,30.45
4508,2021-06-08 15:27:00,30.25,30.75,30.25,30.7,64050,1838850,42.38,30.6,30.7
4509,2021-06-08 15:28:00,30.65,30.7,30.3,30.5,58200,1838850,42.36,30.35,30.5
4510,2021-06-08 15:29:00,30.65,30.7,30.3,30.5,58200,1838850,42.36,30.35,30.5
4511,2021-06-08 15:30:00,30.45,30.75,30.0,30.0,98925,1838850,42.31,30.0,30.1
4512,2021-06-09 09:15:00,26.65,29.65,21.5,27.05,267075,1778700,26.72,26.9,27.0
4513,2021-06-09 09:16:00,26.9,26.9,24.0,24.25,139050,1778700,26.16,24.05,24.25
4514,2021-06-09 09:17:00,23.55,24.9,23.05,24.6,170100,1858500,25.54,24.65,24.8
4515,2021-06-09 09:18:00,24.65,26.1,24.45,25.8,137850,1858500,25.48,25.6,25.75
4516,2021-06-09 09:19:00,25.75,26.0,24.8,25.7,99150,1858500,25.48,25.6,25.7
4517,2021-06-09 09:20:00,26.95,31.55,26.95,30.85,323925,1932525,26.57,30.75,30.85
4518,2021-06-09 09:21:00,30.45,35.5,30.0,34.2,243900,1932525,27.43,34.15,34.25
4519,2021-06-09 09:22:00,33.85,34.8,31.7,33.5,217800,1932525,28.21,33.45,33.6
4520,2021-06-09 09:23:00,34.3,34.3,33.05,33.5,115575,1913550,28.59,33.3,33.45
4521,2021-06-09 09:24:00,33.4,35.2,31.85,31.9,174075,1913550,29.04,31.9,32.0
4522,2021-06-09 09:25:00,32.05,32.45,28.25,29.25,233775,1913550,29.15,29.15,29.3
4523,2021-06-09 09:26:00,29.3,30.45,28.3,29.6,136050,1972575,29.15,29.5,29.65
4524,2021-06-09 09:27:00,29.65,31.1,28.2,28.2,178725,1972575,29.17,28.15,28.3
4525,2021-06-09 09:28:00,28.25,28.25,25.8,25.8,190500,1972575,29.01,25.65,25.8
4526,2021-06-09 09:29:00,25.3,25.55,24.1,24.6,207300,2025750,28.7,24.6,24.75
4527,2021-06-09 09:30:00,24.25,24.85,22.4,23.4,247125,2025750,28.27,23.3,23.4
4528,2021-06-09 09:31:00,23.45,23.95,21.85,23.2,207450,2025750,27.93,23.0,23.1
4529,2021-06-09 09:32:00,22.8,23.85,22.8,23.5,105150,2034000,27.79,23.4,23.5
4530,2021-06-09 09:33:00,23.5,24.05,23.05,23.3,116250,2034000,27.65,23.3,23.35
4531,2021-06-09 09:34:00,23.45,23.6,22.0,22.35,138825,2034000,27.46,22.35,22.4
4532,2021-06-09 09:35:00,22.3,23.0,21.75,22.9,155775,2060100,27.25,22.8,22.9
4533,2021-06-09 09:36:00,22.9,22.9,22.0,22.15,100200,2060100,27.12,22.1,22.2
4534,2021-06-09 09:37:00,22.25,22.7,22.05,22.65,99675,2060100,27.0,22.55,22.65
4535,2021-06-09 09:38:00,22.45,23.25,22.45,22.8,97725,2079300,26.91,22.8,22.9
4536,2021-06-09 09:39:00,23.0,23.35,22.65,23.25,59325,2079300,26.85,23.2,23.3
4537,2021-06-09 09:40:00,23.3,23.4,22.1,22.35,107850,2079300,26.75,22.3,22.4
4538,2021-06-09 09:41:00,22.45,22.8,22.1,22.15,81600,2102625,26.67,22.1,22.15
4539,2021-06-09 09:42:00,22.2,23.8,22.05,23.4,102600,2102625,26.58,23.4,23.5
4540,2021-06-09 09:43:00,23.4,23.5,22.5,22.8,64950,2102625,26.53,22.75,22.9
4541,2021-06-09 09:44:00,22.7,22.85,21.95,22.25,90150,2127975,26.45,22.3,22.4
4542,2021-06-09 09:45:00,22.2,22.6,21.35,21.65,83025,2127975,26.37,21.55,21.65
4543,2021-06-09 09:46:00,21.65,22.45,21.55,21.95,68550,2127975,26.31,22.0,22.1
4544,2021-06-09 09:47:00,22.0,22.4,21.5,22.1,46050,2131350,26.26,22.1,22.2
4545,2021-06-09 09:48:00,22.3,22.75,22.25,22.5,67800,2131350,26.21,22.5,22.6
4546,2021-06-09 09:49:00,22.3,22.75,21.8,21.8,67050,2131350,26.16,21.8,21.9
4547,2021-06-09 09:50:00,21.95,22.15,21.5,21.85,51450,2135550,26.11,21.85,22.0
4548,2021-06-09 09:51:00,21.95,22.15,20.55,21.5,90225,2135550,26.03,21.45,21.6
4549,2021-06-09 09:52:00,21.4,21.4,20.75,20.9,57675,2135550,25.97,20.9,20.95
4550,2021-06-09 09:53:00,20.85,21.0,19.1,19.4,207675,2130825,25.73,19.4,19.45
4551,2021-06-09 09:54:00,19.3,19.8,19.25,19.45,103500,2130825,25.62,19.35,19.45
4552,2021-06-09 09:55:00,19.4,19.5,18.8,19.3,126375,2130825,25.47,19.25,19.3
4553,2021-06-09 09:56:00,19.25,19.95,19.05,19.8,76200,2123025,25.39,19.75,19.8
4554,2021-06-09 09:57:00,19.75,19.85,19.5,19.6,39375,2123025,25.35,19.6,19.7
4555,2021-06-09 09:58:00,19.65,20.15,19.65,19.65,71475,2123025,25.28,19.65,19.7
4556,2021-06-09 09:59:00,19.7,19.85,19.45,19.45,52425,2139450,25.23,19.5,19.55
4557,2021-06-09 10:00:00,19.5,19.5,18.75,19.25,113625,2139450,25.12,19.25,19.35
4558,2021-06-09 10:01:00,19.3,19.6,19.25,19.55,83025,2139450,25.04,19.5,19.55
4559,2021-06-09 10:02:00,19.6,19.9,19.0,19.1,79425,2145150,24.96,19.1,19.2
4560,2021-06-09 10:03:00,19.2,19.3,18.9,19.2,60375,2145150,24.91,19.15,19.25
4561,2021-06-09 10:04:00,19.15,19.7,19.15,19.65,59175,2145150,24.85,19.5,19.6
4562,2021-06-09 10:05:00,19.55,19.95,19.25,19.25,45150,2142900,24.82,19.25,19.35
4563,2021-06-09 10:06:00,19.4,19.7,19.2,19.55,61275,2142900,24.76,19.55,19.6
4564,2021-06-09 10:07:00,19.6,19.8,19.3,19.35,43425,2142900,24.73,19.4,19.45
4565,2021-06-09 10:08:00,19.4,19.8,19.0,19.25,51675,2138850,24.69,19.3,19.35
4566,2021-06-09 10:09:00,19.35,19.9,19.3,19.8,43800,2138850,24.65,19.7,19.8
4567,2021-06-09 10:10:00,19.7,20.2,19.65,19.9,62325,2138850,24.61,19.85,19.95
4568,2021-06-09 10:11:00,19.95,20.4,19.8,20.35,49800,2149800,24.57,20.3,20.35
4569,2021-06-09 10:12:00,20.4,20.45,20.0,20.05,44100,2149800,24.54,20.05,20.1
4570,2021-06-09 10:13:00,20.15,20.15,19.6,19.8,49200,2149800,24.51,19.7,19.8
4571,2021-06-09 10:14:00,19.65,19.7,18.9,18.9,59100,2168475,24.46,18.9,19.0
4572,2021-06-09 10:15:00,18.95,19.5,18.65,19.35,55125,2168475,24.42,19.3,19.35
4573,2021-06-09 10:16:00,19.5,20.1,19.45,19.65,50775,2168475,24.38,19.6,19.7
4574,2021-06-09 10:17:00,19.6,19.9,19.3,19.8,28950,2193750,24.36,19.75,19.85
4575,2021-06-09 10:18:00,19.75,20.35,19.6,20.0,45000,2193750,24.34,19.9,20.0
4576,2021-06-09 10:19:00,20.15,20.15,19.6,19.7,20625,2193750,24.32,19.65,19.7
4577,2021-06-09 10:20:00,19.5,19.6,19.05,19.2,42525,2208900,24.29,19.15,19.2
4578,2021-06-09 10:21:00,19.2,19.5,19.05,19.5,27225,2208900,24.27,19.4,19.5
4579,2021-06-09 10:22:00,19.5,19.55,19.0,19.3,28125,2208900,24.25,19.2,19.3
4580,2021-06-09 10:23:00,19.2,19.25,18.5,18.9,58950,2233875,24.21,18.9,19.0
4581,2021-06-09 10:24:00,19.0,19.35,19.0,19.1,41700,2233875,24.18,19.0,19.1
4582,2021-06-09 10:25:00,19.0,19.7,19.0,19.65,49275,2233875,24.14,19.55,19.65
4583,2021-06-09 10:26:00,19.65,19.75,19.25,19.35,26925,2260875,24.13,19.3,19.4
4584,2021-06-09 10:27:00,19.35,19.75,19.2,19.6,23925,2260875,24.11,19.55,19.65
4585,2021-06-09 10:28:00,19.5,19.8,19.35,19.6,31950,2260875,24.09,19.5,19.6
4586,2021-06-09 10:29:00,19.55,19.75,19.45,19.65,27750,2276850,24.07,19.65,19.75
4587,2021-06-09 10:30:00,19.55,19.9,19.55,19.65,39300,2276850,24.05,19.55,19.6
4588,2021-06-09 10:31:00,19.55,19.55,19.2,19.35,35925,2276850,24.03,19.3,19.4
4589,2021-06-09 10:32:00,19.4,19.7,19.3,19.45,33000,2286000,24.01,19.45,19.55
4590,2021-06-09 10:33:00,19.55,19.55,18.95,19.1,51450,2286000,23.97,19.0,19.1
4591,2021-06-09 10:34:00,19.1,19.15,18.85,19.0,30150,2286000,23.95,19.0,19.1
4592,2021-06-09 10:35:00,19.0,19.35,18.9,19.3,22350,2304675,23.94,19.3,19.4
4593,2021-06-09 10:36:00,19.45,20.25,19.4,19.85,126825,2304675,23.87,19.8,19.9
4594,2021-06-09 10:37:00,19.85,19.95,19.05,19.2,37800,2304675,23.85,19.2,19.3
4595,2021-06-09 10:38:00,19.2,19.3,18.85,18.85,54225,2322000,23.82,18.85,18.9
4596,2021-06-09 10:39:00,18.9,19.1,18.7,18.7,59025,2322000,23.78,18.7,18.8
4597,2021-06-09 10:40:00,18.8,18.8,18.35,18.75,60150,2322000,23.74,18.65,18.75
4598,2021-06-09 10:41:00,18.65,18.8,18.15,18.3,66225,2330475,23.69,18.2,18.3
4599,2021-06-09 10:42:00,18.2,18.2,17.3,17.55,97275,2330475,23.62,17.45,17.55
4600,2021-06-09 10:43:00,17.4,18.2,17.3,17.9,87300,2330475,23.56,17.9,17.95
4601,2021-06-09 10:44:00,17.95,18.35,17.7,18.35,53325,2323650,23.52,18.25,18.35
4602,2021-06-09 10:45:00,18.3,18.45,18.05,18.3,52125,2323650,23.49,18.25,18.35
4603,2021-06-09 10:46:00,18.2,18.25,17.8,18.0,40650,2323650,23.46,17.95,18.05
4604,2021-06-09 10:47:00,18.0,18.4,18.0,18.4,14775,2326575,23.45,18.35,18.45
4605,2021-06-09 10:48:00,18.4,18.4,18.05,18.1,26850,2326575,23.44,18.05,18.15
4606,2021-06-09 10:49:00,18.15,18.25,18.05,18.2,28125,2326575,23.42,18.15,18.25
4607,2021-06-09 10:50:00,18.25,18.35,17.95,17.95,32775,2314350,23.4,17.9,18.0
4608,2021-06-09 10:51:00,17.85,18.25,17.85,18.15,21750,2314350,23.38,18.1,18.2
4609,2021-06-09 10:52:00,18.05,18.15,17.8,17.9,16650,2314350,23.37,17.85,17.95
4610,2021-06-09 10:53:00,17.9,18.2,17.85,17.95,23550,2318250,23.36,17.9,17.95
4611,2021-06-09 10:54:00,17.95,18.15,17.0,17.1,66975,2318250,23.31,17.1,17.15
4612,2021-06-09 10:55:00,17.2,17.75,17.1,17.55,49425,2318250,23.28,17.5,17.6
4613,2021-06-09 10:56:00,17.7,17.75,17.35,17.7,57225,2331975,23.24,17.65,17.7
4614,2021-06-09 10:57:00,17.65,17.85,17.55,17.85,20625,2331975,23.23,17.75,17.85
4615,2021-06-09 10:58:00,17.85,18.0,17.7,17.85,27375,2331975,23.21,17.8,17.95
4616,2021-06-09 10:59:00,17.8,18.05,17.65,17.8,49050,2341800,23.18,17.75,17.85
4617,2021-06-09 11:00:00,17.8,18.1,17.8,18.1,36525,2341800,23.16,18.05,18.1
4618,2021-06-09 11:01:00,18.1,18.15,17.5,17.55,25200,2341800,23.14,17.5,17.55
4619,2021-06-09 11:02:00,17.55,17.65,17.1,17.25,39900,2354700,23.12,17.2,17.3
4620,2021-06-09 11:03:00,17.2,17.35,16.65,17.1,65400,2354700,23.07,17.05,17.15
4621,2021-06-09 11:04:00,17.1,17.25,16.85,17.1,26475,2354700,23.05,17.0,17.05
4622,2021-06-09 11:05:00,17.0,17.4,17.0,17.15,35625,2355675,23.03,17.05,17.15
4623,2021-06-09 11:06:00,17.0,17.2,16.9,17.0,35775,2355675,23.01,16.95,17.0
4624,2021-06-09 11:07:00,17.05,17.3,17.0,17.05,27750,2355675,22.99,17.05,17.15
4625,2021-06-09 11:08:00,17.05,17.2,16.3,16.75,28800,2364900,22.97,16.7,16.75
4626,2021-06-09 11:09:00,16.75,16.8,16.2,16.75,56100,2364900,22.93,16.7,16.8
4627,2021-06-09 11:10:00,16.8,16.8,16.55,16.6,37800,2364900,22.9,16.6,16.7
4628,2021-06-09 11:11:00,16.7,16.7,16.2,16.4,37725,2374725,22.88,16.35,16.45
4629,2021-06-09 11:12:00,16.55,16.6,16.35,16.6,38100,2374725,22.85,16.55,16.6
4630,2021-06-09 11:13:00,16.65,16.75,16.45,16.7,49950,2374725,22.82,16.7,16.75
4631,2021-06-09 11:14:00,16.7,16.8,16.5,16.65,35400,2380950,22.79,16.55,16.65
4632,2021-06-09 11:15:00,16.6,17.05,16.55,17.05,59100,2380950,22.75,16.95,17.05
4633,2021-06-09 11:16:00,17.0,17.0,16.55,16.6,29325,2380950,22.74,16.6,16.7
4634,2021-06-09 11:17:00,16.7,16.95,16.6,16.75,41250,2398800,22.71,16.75,16.8
4635,2021-06-09 11:18:00,16.7,16.95,16.55,16.9,50175,2398800,22.68,16.85,16.95
4636,2021-06-09 11:19:00,16.85,17.2,16.7,16.8,75225,2398800,22.63,16.8,16.85
4637,2021-06-09 11:20:00,16.75,16.95,16.5,16.65,33150,2429700,22.61,16.55,16.65
4638,2021-06-09 11:21:00,16.6,16.7,16.2,16.35,33375,2429700,22.59,16.25,16.3
4639,2021-06-09 11:22:00,16.35,16.7,16.35,16.45,26475,2429700,22.57,16.35,16.45
4640,2021-06-09 11:23:00,16.35,16.5,16.0,16.45,54675,2423100,22.54,16.4,16.5
4641,2021-06-09 11:24:00,16.45,16.6,16.2,16.4,34200,2423100,22.51,16.3,16.4
4642,2021-06-09 11:25:00,16.35,16.55,15.6,15.8,67050,2423100,22.47,15.8,15.85
4643,2021-06-09 11:26:00,15.8,16.0,15.0,15.15,130875,2415750,22.38,15.25,15.3
4644,2021-06-09 11:27:00,15.2,15.8,14.75,15.7,102225,2415750,22.3,15.55,15.6
4645,2021-06-09 11:28:00,15.6,15.85,15.5,15.7,34350,2415750,22.28,15.65,15.75
4646,2021-06-09 11:29:00,15.7,15.7,15.4,15.4,29850,2413425,22.26,15.35,15.4
4647,2021-06-09 11:30:00,15.4,15.65,15.4,15.55,17625,2413425,22.25,15.5,15.6
4648,2021-06-09 11:31:00,15.6,15.6,15.35,15.45,24600,2413425,22.23,15.4,15.5
4649,2021-06-09 11:32:00,15.4,15.55,15.15,15.4,38925,2412075,22.21,15.35,15.45
4650,2021-06-09 11:33:00,15.35,15.5,15.3,15.35,30300,2412075,22.19,15.35,15.45
4651,2021-06-09 11:34:00,15.45,15.85,15.45,15.7,39525,2412075,22.16,15.7,15.8
4652,2021-06-09 11:35:00,15.8,15.95,15.6,15.9,55350,2412600,22.13,15.8,15.9
4653,2021-06-09 11:36:00,15.9,16.25,15.8,16.2,105300,2412600,22.06,16.2,16.25
4654,2021-06-09 11:37:00,16.2,16.35,16.0,16.05,109950,2412600,22.0,16.05,16.15
4655,2021-06-09 11:38:00,16.05,16.15,15.95,16.15,25800,2398650,21.99,16.05,16.15
4656,2021-06-09 11:39:00,16.15,16.3,15.95,16.1,31575,2398650,21.97,16.05,16.15
4657,2021-06-09 11:40:00,16.15,16.25,15.95,16.15,29175,2398650,21.95,16.1,16.2
4658,2021-06-09 11:41:00,16.2,16.2,15.95,16.0,14475,2403075,21.95,16.0,16.1
4659,2021-06-09 11:42:00,16.05,16.05,15.75,15.85,20850,2403075,21.93,15.85,15.95
4660,2021-06-09 11:43:00,16.0,16.0,15.75,15.8,23025,2403075,21.92,15.7,15.8
4661,2021-06-09 11:44:00,15.8,16.1,15.6,15.95,23850,2406750,21.91,15.95,16.05
4662,2021-06-09 11:45:00,16.0,16.05,15.7,15.7,16725,2406750,21.9,15.65,15.75
4663,2021-06-09 11:46:00,15.8,16.25,15.8,16.1,43800,2406750,21.87,16.0,16.1
4664,2021-06-09 11:47:00,16.1,16.3,15.8,15.8,36375,2390250,21.85,15.7,15.8
4665,2021-06-09 11:48:00,15.7,15.95,15.55,15.85,27075,2390250,21.84,15.75,15.8
4666,2021-06-09 11:49:00,15.8,16.25,15.75,16.15,43800,2390250,21.82,16.1,16.15
4667,2021-06-09 11:50:00,16.1,16.25,15.8,16.25,53250,2402700,21.79,16.2,16.25
4668,2021-06-09 11:51:00,16.2,16.5,16.0,16.15,44925,2402700,21.76,16.1,16.15
4669,2021-06-09 11:52:00,16.15,16.5,16.1,16.1,58425,2402700,21.73,16.15,16.25
4670,2021-06-09 11:53:00,16.15,16.3,15.8,15.9,37800,2391675,21.71,15.9,15.95
4671,2021-06-09 11:54:00,15.9,16.0,15.5,15.7,37650,2391675,21.69,15.7,15.75
4672,2021-06-09 11:55:00,15.8,15.8,15.45,15.6,29625,2391675,21.68,15.55,15.65
4673,2021-06-09 11:56:00,15.65,15.8,15.35,15.4,45450,2407575,21.65,15.35,15.45
4674,2021-06-09 11:57:00,15.35,15.5,15.1,15.2,108300,2407575,21.59,15.2,15.3
4675,2021-06-09 11:58:00,15.2,15.45,15.2,15.25,41775,2407575,21.57,15.3,15.35
4676,2021-06-09 11:59:00,15.4,15.5,15.1,15.35,70800,2438700,21.53,15.35,15.4
4677,2021-06-09 12:00:00,15.35,15.6,15.3,15.55,42600,2438700,21.51,15.45,15.55
4678,2021-06-09 12:01:00,15.55,15.55,15.25,15.35,20400,2438700,21.49,15.3,15.4
4679,2021-06-09 12:02:00,15.3,15.55,15.3,15.45,22500,2440050,21.48,15.45,15.55
4680,2021-06-09 12:03:00,15.45,15.7,15.45,15.6,27750,2440050,21.47,15.55,15.65
4681,2021-06-09 12:04:00,15.55,15.75,15.4,15.4,54225,2440050,21.44,15.4,15.5
4682,2021-06-09 12:05:00,15.35,15.6,15.25,15.3,31725,2440050,21.42,15.25,15.35
4683,2021-06-09 12:06:00,15.3,15.75,15.2,15.6,23550,2445600,21.41,15.5,15.6
4684,2021-06-09 12:07:00,15.6,15.75,15.55,15.55,27525,2445600,21.4,15.5,15.55
4685,2021-06-09 12:08:00,15.55,15.6,15.3,15.45,14175,2445600,21.39,15.4,15.5
4686,2021-06-09 12:09:00,15.45,15.5,15.25,15.3,13875,2448300,21.38,15.25,15.35
4687,2021-06-09 12:10:00,15.3,15.45,15.2,15.35,61875,2448300,21.35,15.3,15.35
4688,2021-06-09 12:11:00,15.3,15.45,15.2,15.25,63750,2448300,21.32,15.25,15.35
4689,2021-06-09 12:12:00,15.35,15.35,14.2,15.15,191925,2452950,21.21,15.15,15.2
4690,2021-06-09 12:13:00,15.2,15.25,14.7,14.75,90075,2452950,21.16,14.75,14.85
4691,2021-06-09 12:14:00,14.8,15.25,14.6,15.2,115425,2452950,21.1,15.2,15.3
4692,2021-06-09 12:15:00,15.25,15.35,14.95,15.25,63900,2408550,21.07,15.2,15.3
4693,2021-06-09 12:16:00,15.3,15.4,15.2,15.35,66525,2408550,21.04,15.3,15.4
4694,2021-06-09 12:17:00,15.3,15.3,15.05,15.05,47850,2408550,21.02,15.05,15.15
4695,2021-06-09 12:18:00,15.2,15.2,13.65,14.3,239100,2414175,20.89,14.3,14.4
4696,2021-06-09 12:19:00,14.4,14.4,13.6,14.25,138975,2414175,20.82,14.2,14.3
4697,2021-06-09 12:20:00,14.3,14.5,14.05,14.2,102075,2414175,20.76,14.15,14.25
4698,2021-06-09 12:21:00,14.15,14.4,14.15,14.3,55575,2377500,20.74,14.2,14.3
4699,2021-06-09 12:22:00,14.4,14.5,14.2,14.3,73200,2377500,20.7,14.25,14.35
4700,2021-06-09 12:23:00,14.25,14.6,14.2,14.45,36975,2377500,20.68,14.35,14.45
4701,2021-06-09 12:24:00,14.35,14.55,14.3,14.55,49800,2386875,20.66,14.5,14.6
4702,2021-06-09 12:25:00,14.6,14.8,14.45,14.7,74925,2386875,20.62,14.6,14.7
4703,2021-06-09 12:26:00,14.6,14.7,14.45,14.7,48525,2386875,20.6,14.65,14.75
4704,2021-06-09 12:27:00,14.7,14.75,14.55,14.65,42150,2359050,20.58,14.6,14.7
4705,2021-06-09 12:28:00,14.6,14.9,14.55,14.75,49500,2359050,20.56,14.75,14.8
4706,2021-06-09 12:29:00,14.85,15.0,14.7,14.9,78150,2359050,20.53,14.9,14.95
4707,2021-06-09 12:30:00,14.9,15.0,14.65,14.65,39525,2322825,20.51,14.6,14.7
4708,2021-06-09 12:31:00,14.75,14.8,14.6,14.75,42525,2322825,20.49,14.7,14.8
4709,2021-06-09 12:32:00,14.7,14.95,14.7,14.95,32325,2322825,20.48,14.85,14.95
4710,2021-06-09 12:33:00,14.85,14.95,14.6,14.8,30600,2299050,20.46,14.8,14.9
4711,2021-06-09 12:34:00,14.9,15.6,14.8,15.55,127875,2299050,20.41,15.55,15.6
4712,2021-06-09 12:35:00,15.55,15.9,15.25,15.7,77325,2299050,20.39,15.6,15.7
4713,2021-06-09 12:36:00,15.8,16.05,15.2,15.35,86475,2298600,20.36,15.3,15.4
4714,2021-06-09 12:37:00,15.4,15.85,15.35,15.65,49875,2298600,20.34,15.55,15.65
4715,2021-06-09 12:38:00,15.55,15.7,15.3,15.45,74400,2298600,20.31,15.4,15.5
4716,2021-06-09 12:39:00,15.4,15.4,15.0,15.15,42900,2334825,20.3,15.1,15.2
4717,2021-06-09 12:40:00,15.25,15.7,14.95,15.65,45750,2334825,20.28,15.65,15.75
4718,2021-06-09 12:41:00,15.65,15.8,14.8,14.8,36600,2334825,20.27,14.8,14.85
4719,2021-06-09 12:42:00,14.75,15.35,14.65,15.35,40425,2334675,20.25,15.25,15.35
4720,2021-06-09 12:43:00,15.4,15.85,15.4,15.8,43725,2334675,20.24,15.7,15.8
4721,2021-06-09 12:44:00,15.8,15.85,15.6,15.7,29400,2334675,20.23,15.7,15.8
4722,2021-06-09 12:45:00,15.8,15.9,15.55,15.75,36675,2351700,20.22,15.65,15.75
4723,2021-06-09 12:46:00,15.75,15.85,15.25,15.65,41775,2351700,20.2,15.6,15.65
4724,2021-06-09 12:47:00,15.65,15.85,15.55,15.7,35550,2351700,20.19,15.6,15.7
4725,2021-06-09 12:48:00,15.7,15.8,15.5,15.6,13875,2367150,20.19,15.6,15.7
4726,2021-06-09 12:49:00,15.7,15.75,15.5,15.5,28425,2367150,20.18,15.5,15.6
4727,2021-06-09 12:50:00,15.5,15.95,15.5,15.75,29775,2367150,20.17,15.75,15.85
4728,2021-06-09 12:51:00,15.75,16.0,15.6,15.75,40875,2363025,20.16,15.7,15.75
4729,2021-06-09 12:52:00,15.8,16.9,15.7,16.6,127800,2363025,20.13,16.6,16.7
4730,2021-06-09 12:53:00,16.4,17.15,16.3,17.1,170550,2363025,20.09,17.1,17.2
4731,2021-06-09 12:54:00,17.15,17.25,16.5,16.75,56100,2384475,20.08,16.7,16.8
4732,2021-06-09 12:55:00,16.8,17.3,16.65,17.05,89550,2384475,20.06,16.95,17.05
4733,2021-06-09 12:56:00,17.0,17.2,15.75,16.3,125475,2384475,20.03,16.3,16.4
4734,2021-06-09 12:57:00,16.25,16.3,15.7,16.25,46800,2375475,20.01,16.25,16.3
4735,2021-06-09 12:58:00,16.25,16.35,15.75,15.85,52050,2375475,20.0,15.8,15.85
4736,2021-06-09 12:59:00,15.8,16.45,15.8,16.45,38700,2375475,19.99,16.45,16.5
4737,2021-06-09 13:00:00,16.55,17.25,16.35,16.35,76500,2383725,19.98,16.3,16.35
4738,2021-06-09 13:01:00,16.2,16.95,16.15,16.85,31650,2383725,19.97,16.75,16.85
4739,2021-06-09 13:02:00,16.85,17.45,16.7,17.0,81450,2383725,19.95,16.9,17.0
4740,2021-06-09 13:03:00,16.8,16.9,16.1,16.4,60225,2365800,19.94,16.35,16.45
4741,2021-06-09 13:04:00,16.4,17.1,16.2,17.1,27000,2365800,19.93,17.05,17.1
4742,2021-06-09 13:05:00,17.05,17.35,16.7,17.1,50925,2365800,19.92,17.15,17.2
4743,2021-06-09 13:06:00,17.25,18.5,17.25,18.5,155475,2358675,19.9,18.55,18.6
4744,2021-06-09 13:07:00,18.45,19.9,18.4,19.15,193050,2358675,19.9,19.05,19.15
4745,2021-06-09 13:08:00,19.15,22.65,19.15,20.55,382875,2358675,19.93,20.5,20.6
4746,2021-06-09 13:09:00,20.5,22.6,20.45,22.1,368250,2330700,19.97,21.95,22.1
4747,2021-06-09 13:10:00,22.65,27.4,21.35,26.65,595575,2330700,20.15,26.5,26.7
4748,2021-06-09 13:11:00,27.0,31.55,26.25,28.8,718200,2330700,20.51,28.65,28.8
4749,2021-06-09 13:12:00,29.35,32.2,29.0,32.2,511500,2274375,20.81,32.1,32.25
4750,2021-06-09 13:13:00,32.1,33.4,29.45,33.4,459600,2274375,21.06,33.35,33.55
4751,2021-06-09 13:14:00,34.1,51.25,33.9,49.3,1109100,2274375,22.28,49.25,49.5
4752,2021-06-09 13:15:00,50.2,76.0,50.2,52.7,940425,2097900,24.07,52.7,53.1
4753,2021-06-09 13:16:00,53.7,60.15,46.1,58.75,603000,2097900,24.83,58.4,58.75
4754,2021-06-09 13:17:00,59.45,63.0,56.1,59.4,478050,2097900,25.6,59.65,60.0
4755,2021-06-09 13:18:00,60.2,61.5,46.65,47.1,424050,1966500,26.12,46.85,47.05
4756,2021-06-09 13:19:00,45.95,54.65,45.35,54.05,337725,1966500,26.49,53.8,54.05
4757,2021-06-09 13:20:00,54.6,61.75,53.3,54.65,409950,1966500,27.05,54.65,55.0
4758,2021-06-09 13:21:00,55.9,61.05,55.0,60.45,353925,1966500,27.53,60.3,60.55
4759,2021-06-09 13:22:00,60.15,60.95,55.25,57.9,271350,1966500,27.89,57.6,57.9
4760,2021-06-09 13:23:00,57.0,57.8,46.3,46.8,306300,1966500,28.19,46.7,46.95
4761,2021-06-09 13:24:00,46.8,53.05,43.6,50.4,330675,2036475,28.46,50.4,50.65
4762,2021-06-09 13:25:00,50.45,50.95,46.9,50.0,181800,2036475,28.61,49.8,50.0
4763,2021-06-09 13:26:00,49.4,50.45,46.8,49.15,182775,2036475,28.76,48.95,49.2
4764,2021-06-09 13:27:00,48.9,50.8,47.1,49.55,165150,2121150,28.89,49.6,49.75
4765,2021-06-09 13:28:00,50.3,51.15,47.45,48.35,144825,2121150,29.01,48.2,48.35
4766,2021-06-09 13:29:00,48.3,50.05,46.0,47.55,149850,2121150,29.12,47.45,47.6
4767,2021-06-09 13:30:00,47.45,56.75,47.2,55.25,295200,2155350,29.41,55.2,55.45
4768,2021-06-09 13:31:00,55.85,56.0,51.0,55.4,227175,2155350,29.62,55.35,55.5
4769,2021-06-09 13:32:00,55.1,56.65,48.95,52.75,247950,2155350,29.84,52.75,53.0
4770,2021-06-09 13:33:00,53.1,54.15,49.75,49.95,200175,2146275,30.0,49.75,49.9
4771,2021-06-09 13:34:00,51.05,53.2,49.75,50.5,147375,2146275,30.12,50.2,50.4
4772,2021-06-09 13:35:00,50.8,52.45,44.2,44.2,258375,2146275,30.3,44.1,44.25
4773,2021-06-09 13:36:00,43.55,46.9,40.35,40.35,351150,2199900,30.47,40.35,40.55
4774,2021-06-09 13:37:00,40.5,40.85,38.35,38.8,321900,2199900,30.57,39.0,39.15
4775,2021-06-09 13:38:00,39.1,41.45,37.4,39.05,190725,2199900,30.64,39.0,39.15
4776,2021-06-09 13:39:00,38.95,38.95,33.7,36.15,306975,2199450,30.7,36.05,36.2
4777,2021-06-09 13:40:00,36.75,39.1,35.4,38.95,193500,2199450,30.74,38.95,39.05
4778,2021-06-09 13:41:00,38.6,40.7,37.1,39.4,154650,2199450,30.79,39.15,39.3
4779,2021-06-09 13:42:00,39.45,39.45,34.85,34.85,213000,2196825,30.83,34.7,34.85
4780,2021-06-09 13:43:00,35.1,35.7,31.25,31.7,260625,2196825,30.85,31.6,31.75
4781,2021-06-09 13:44:00,31.55,34.75,31.05,32.5,230100,2196825,30.87,32.5,32.65
4782,2021-06-09 13:45:00,32.6,36.45,32.15,35.7,152400,2188650,30.89,35.6,35.75
4783,2021-06-09 13:46:00,35.55,36.6,32.95,36.1,111675,2188650,30.9,36.1,36.25
4784,2021-06-09 13:47:00,36.35,37.95,34.75,35.15,146925,2188650,30.93,35.1,35.2
4785,2021-06-09 13:48:00,35.1,36.0,34.4,35.75,68325,2207250,30.94,35.8,35.9
4786,2021-06-09 13:49:00,36.0,36.4,34.15,35.4,77400,2207250,30.95,35.4,35.55
4787,2021-06-09 13:50:00,35.4,35.4,32.75,33.25,87825,2207250,30.96,33.3,33.45
4788,2021-06-09 13:51:00,33.25,38.9,33.25,38.9,135825,2200275,30.98,38.8,38.95
4789,2021-06-09 13:52:00,40.0,43.55,40.0,43.1,275400,2200275,31.08,43.0,43.1
4790,2021-06-09 13:53:00,43.1,43.1,39.15,43.0,230250,2200275,31.16,42.95,43.0
4791,2021-06-09 13:54:00,43.75,43.75,40.0,41.3,184650,2168775,31.22,41.1,41.25
4792,2021-06-09 13:55:00,41.65,42.5,38.4,39.9,203175,2168775,31.28,39.85,39.95
4793,2021-06-09 13:56:00,40.45,41.3,38.45,40.8,139575,2168775,31.32,40.7,40.8
4794,2021-06-09 13:57:00,40.55,44.3,40.0,44.3,175050,2183850,31.38,44.15,44.3
4795,2021-06-09 13:58:00,44.2,44.2,39.6,40.55,231975,2183850,31.45,40.35,40.5
4796,2021-06-09 13:59:00,40.65,40.65,34.35,34.65,273450,2183850,31.5,34.7,34.8
4797,2021-06-09 14:00:00,34.5,37.65,33.45,36.7,176400,2190225,31.53,36.6,36.75
4798,2021-06-09 14:01:00,36.55,37.25,35.0,35.55,90450,2190225,31.54,35.6,35.75
4799,2021-06-09 14:02:00,35.75,38.4,35.75,38.25,116400,2190225,31.56,38.3,38.4
4800,2021-06-09 14:03:00,38.55,39.85,36.35,36.4,146250,2180400,31.59,36.3,36.45
4801,2021-06-09 14:04:00,36.05,38.55,36.05,38.0,90975,2180400,31.61,37.95,38.15
4802,2021-06-09 14:05:00,38.3,38.95,36.5,36.75,141900,2180400,31.64,36.65,36.8
4803,2021-06-09 14:06:00,36.75,37.55,35.95,36.2,92550,2237250,31.65,36.15,36.3
4804,2021-06-09 14:07:00,35.9,36.25,33.1,33.1,193800,2237250,31.67,33.05,33.2
4805,2021-06-09 14:08:00,32.75,34.1,32.25,32.65,216750,2237250,31.68,32.55,32.7
4806,2021-06-09 14:09:00,32.7,33.45,30.95,33.0,231000,2309475,31.68,32.8,32.95
4807,2021-06-09 14:10:00,33.2,35.45,32.95,34.1,145800,2309475,31.69,34.1,34.2
4808,2021-06-09 14:11:00,34.25,35.25,33.7,34.05,82200,2309475,31.7,33.85,33.95
4809,2021-06-09 14:12:00,34.0,34.5,33.05,33.05,81375,2322375,31.7,33.05,33.15
4810,2021-06-09 14:13:00,32.95,34.7,32.95,34.7,66675,2322375,31.71,34.6,34.75
4811,2021-06-09 14:14:00,34.55,35.6,33.65,35.05,94125,2322375,31.72,35.25,35.4
4812,2021-06-09 14:15:00,34.9,35.5,32.35,32.35,113625,2324250,31.72,32.25,32.4
4813,2021-06-09 14:16:00,32.65,34.25,32.6,33.5,83400,2324250,31.73,33.45,33.6
4814,2021-06-09 14:17:00,33.45,33.45,31.15,32.65,166275,2324250,31.73,32.6,32.7
4815,2021-06-09 14:18:00,32.45,34.05,31.75,33.85,140175,2366400,31.73,33.75,33.85
4816,2021-06-09 14:19:00,33.8,34.0,31.95,31.95,73500,2366400,31.74,31.95,32.0
4817,2021-06-09 14:20:00,32.1,33.75,32.0,33.75,74025,2366400,31.74,33.65,33.8
4818,2021-06-09 14:21:00,33.8,34.85,33.25,34.55,95100,2353275,31.74,34.35,34.5
4819,2021-06-09 14:22:00,34.85,41.8,34.85,38.2,371925,2353275,31.82,38.15,38.25
4820,2021-06-09 14:23:00,38.95,43.15,38.85,41.7,332850,2353275,31.91,41.75,41.85
4821,2021-06-09 14:24:00,41.7,47.15,41.3,46.55,372900,2273025,32.05,46.5,46.6
4822,2021-06-09 14:25:00,46.55,47.05,42.0,42.4,250050,2273025,32.13,42.35,42.45
4823,2021-06-09 14:26:00,42.4,44.25,41.6,43.7,160425,2273025,32.18,43.55,43.7
4824,2021-06-09 14:27:00,43.95,45.4,41.0,44.4,184875,2293425,32.24,44.4,44.55
4825,2021-06-09 14:28:00,45.7,49.1,45.1,49.1,376650,2293425,32.39,49.1,49.25
4826,2021-06-09 14:29:00,48.8,55.45,48.0,53.3,580650,2293425,32.71,53.35,53.5
4827,2021-06-09 14:30:00,53.75,55.4,49.1,54.85,416400,2285175,32.92,54.7,54.9
4828,2021-06-09 14:31:00,55.45,55.45,49.1,54.0,334050,2285175,33.1,54.2,54.3
4829,2021-06-09 14:32:00,54.3,58.35,52.3,57.65,365250,2285175,33.31,57.6,57.8
4830,2021-06-09 14:33:00,58.45,68.15,55.6,67.8,628650,2193825,33.77,67.85,68.05
4831,2021-06-09 14:34:00,68.35,75.55,61.65,74.7,767025,2193825,34.46,74.5,74.7
4832,2021-06-09 14:35:00,75.45,76.5,62.25,62.8,590325,2193825,34.96,62.8,63.1
4833,2021-06-09 14:36:00,62.3,68.75,58.8,68.4,348525,1834350,35.2,68.45,68.65
4834,2021-06-09 14:37:00,69.45,69.45,65.0,65.6,199650,1834350,35.36,65.55,65.7
4835,2021-06-09 14:38:00,65.65,68.6,63.85,65.65,159825,1834350,35.48,65.85,66.05
4836,2021-06-09 14:39:00,65.95,68.75,64.4,67.55,161100,1819500,35.61,67.25,67.5
4837,2021-06-09 14:40:00,67.45,67.45,61.2,66.15,201375,1819500,35.75,66.15,66.4
4838,2021-06-09 14:41:00,66.45,72.35,63.45,71.75,336675,1819500,36.02,71.45,71.75
4839,2021-06-09 14:42:00,71.9,84.55,69.95,81.55,387300,1755825,36.4,81.45,81.75
4840,2021-06-09 14:43:00,82.65,90.4,78.6,80.6,463275,1755825,36.94,80.6,80.95
4841,2021-06-09 14:44:00,81.4,95.0,79.5,91.75,405900,1755825,37.43,91.5,91.65
4842,2021-06-09 14:45:00,92.4,94.8,85.0,90.75,317550,1600950,37.83,90.75,91.1
4843,2021-06-09 14:46:00,91.65,100.85,86.65,95.7,407550,1600950,38.38,95.75,96.05
4844,2021-06-09 14:47:00,95.5,98.4,87.4,87.4,253575,1600950,38.7,87.15,87.4
4845,2021-06-09 14:48:00,88.25,88.25,78.1,82.8,275475,1394475,38.98,82.6,82.9
4846,2021-06-09 14:49:00,82.8,82.8,76.05,79.4,179625,1394475,39.14,79.3,79.65
4847,2021-06-09 14:50:00,80.15,80.15,68.1,70.05,245475,1394475,39.33,69.9,70.25
4848,2021-06-09 14:51:00,70.2,78.3,70.2,75.45,178950,1381650,39.47,75.2,75.5
4849,2021-06-09 14:52:00,75.9,77.2,72.2,72.75,91950,1381650,39.54,72.4,72.75
4850,2021-06-09 14:53:00,71.85,72.45,67.3,69.05,156375,1381650,39.65,69.1,69.3
4851,2021-06-09 14:54:00,69.65,72.55,64.7,66.5,144750,1375050,39.74,66.3,66.5
4852,2021-06-09 14:55:00,66.25,70.95,65.0,69.0,124650,1375050,39.82,68.85,69.1
4853,2021-06-09 14:56:00,68.95,70.1,65.85,67.5,78525,1375050,39.87,67.3,67.6
4854,2021-06-09 14:57:00,67.2,70.95,65.3,67.65,100200,1374675,39.93,67.6,67.75
4855,2021-06-09 14:58:00,67.7,72.2,66.35,70.35,104850,1374675,40.0,70.35,70.65
4856,2021-06-09 14:59:00,71.25,72.15,68.1,70.55,92025,1374675,40.06,70.65,70.85
4857,2021-06-09 15:00:00,70.45,70.45,59.0,62.85,313875,1369350,40.21,62.55,62.8
4858,2021-06-09 15:01:00,62.0,67.5,60.5,66.65,184350,1369350,40.31,66.55,66.8
4859,2021-06-09 15:02:00,66.5,66.5,63.15,64.75,98025,1369350,40.36,64.8,65.05
4860,2021-06-09 15:03:00,65.55,68.3,63.1,67.3,100575,1384200,40.41,67.0,67.2
4861,2021-06-09 15:04:00,67.2,67.2,59.5,59.55,180825,1384200,40.5,59.35,59.55
4862,2021-06-09 15:05:00,58.9,62.3,55.25,60.15,285150,1384200,40.61,60.0,60.1
4863,2021-06-09 15:06:00,60.95,61.95,58.4,61.5,143625,1364325,40.67,61.45,61.65
4864,2021-06-09 15:07:00,61.3,62.95,59.3,60.4,164325,1364325,40.74,60.4,60.55
4865,2021-06-09 15:08:00,60.8,61.3,57.4,59.0,142200,1364325,40.8,58.8,59.0
4866,2021-06-09 15:09:00,58.1,58.65,55.45,55.6,143250,1378425,40.85,55.5,55.65
4867,2021-06-09 15:10:00,55.65,55.65,49.15,51.85,368325,1378425,40.93,51.75,51.9
4868,2021-06-09 15:11:00,51.4,51.4,45.9,47.45,395100,1378425,40.99,47.5,47.65
4869,2021-06-09 15:12:00,47.8,49.15,45.05,46.75,269475,1625475,41.02,46.8,46.9
4870,2021-06-09 15:13:00,46.7,48.15,44.9,47.8,314025,1625475,41.06,47.8,48.0
4871,2021-06-09 15:14:00,47.75,49.1,46.45,48.55,240075,1625475,41.09,48.6,48.75
4872,2021-06-09 15:15:00,48.85,48.85,44.2,46.45,206625,1836225,41.11,46.35,46.5
4873,2021-06-09 15:16:00,45.35,45.8,44.05,45.6,205575,1836225,41.13,45.3,45.5
4874,2021-06-09 15:17:00,45.35,45.35,42.1,42.95,241275,1836225,41.14,43.1,43.25
4875,2021-06-09 15:18:00,43.4,44.8,42.15,44.8,189900,1847325,41.15,44.6,44.8
4876,2021-06-09 15:19:00,44.45,44.9,42.95,44.6,161400,1847325,41.16,44.45,44.6
4877,2021-06-09 15:20:00,44.7,45.3,43.25,45.0,186825,1847325,41.17,45.0,45.15
4878,2021-06-09 15:21:00,44.95,49.7,44.1,49.7,212925,1809750,41.19,49.65,49.8
4879,2021-06-09 15:22:00,49.4,51.15,48.5,49.55,271725,1809750,41.24,49.55,49.75
4880,2021-06-09 15:23:00,49.55,50.25,48.4,49.15,127800,1809750,41.26,49.05,49.2
4881,2021-06-09 15:24:00,49.2,50.55,48.3,49.35,135375,1673025,41.28,49.25,49.45
4882,2021-06-09 15:25:00,49.15,49.25,46.9,48.65,132000,1673025,41.3,48.6,48.8
4883,2021-06-09 15:26:00,48.65,48.8,48.05,48.6,85125,1673025,41.31,48.55,48.6
4884,2021-06-09 15:27:00,48.6,48.75,48.0,48.05,93300,1612800,41.33,48.05,48.3
4885,2021-06-09 15:28:00,48.15,49.0,47.8,49.0,101400,1612800,41.34,48.85,49.0
4886,2021-06-09 15:29:00,48.15,49.0,47.8,49.0,101400,1612800,41.34,48.85,49.0
4887,2021-06-09 15:30:00,49.0,51.0,49.0,50.0,238800,1612800,41.38,50.05,50.95
4888,2021-06-10 09:15:00,45.0,45.45,30.1,31.4,751875,1548600,34.89,31.45,31.5
4889,2021-06-10 09:16:00,32.2,32.2,26.9,29.4,650325,1548600,32.61,29.35,29.4
4890,2021-06-10 09:17:00,29.1,29.7,26.65,28.15,502950,1938900,31.42,28.05,28.2
4891,2021-06-10 09:18:00,27.5,27.65,25.35,26.25,567900,1938900,30.27,26.15,26.25
4892,2021-06-10 09:19:00,26.45,28.7,26.1,27.65,361050,1938900,29.88,27.6,27.65
4893,2021-06-10 09:20:00,28.9,32.0,28.15,31.3,696450,2278200,29.94,31.3,31.45
4894,2021-06-10 09:21:00,31.45,31.6,29.45,31.05,395400,2278200,30.0,31.0,31.05
4895,2021-06-10 09:22:00,31.1,32.4,29.6,31.7,369075,2278200,30.08,31.65,31.7
4896,2021-06-10 09:23:00,31.7,31.8,27.25,27.55,454800,2438175,29.98,27.5,27.6
4897,2021-06-10 09:24:00,27.5,28.1,26.55,27.25,341925,2438175,29.8,27.15,27.2
4898,2021-06-10 09:25:00,27.4,29.1,26.3,29.1,360675,2438175,29.62,29.0,29.1
4899,2021-06-10 09:26:00,29.2,40.2,29.2,38.3,852075,2545050,30.25,38.15,38.3
4900,2021-06-10 09:27:00,39.05,46.0,35.2,38.6,891600,2545050,31.45,38.65,38.75
4901,2021-06-10 09:28:00,39.45,39.45,34.5,35.3,375600,2545050,31.69,35.35,35.5
4902,2021-06-10 09:29:00,35.2,35.2,29.6,30.95,450750,2474250,31.69,30.85,31.0
4903,2021-06-10 09:30:00,30.7,30.85,26.0,28.8,771300,2474250,31.31,28.65,28.8
4904,2021-06-10 09:31:00,28.85,29.1,26.1,28.15,437850,2474250,31.14,28.1,28.25
4905,2021-06-10 09:32:00,27.75,28.4,23.4,25.1,854025,2687925,30.63,25.05,25.15
4906,2021-06-10 09:33:00,24.55,25.95,24.45,25.25,249600,2687925,30.49,25.25,25.35
4907,2021-06-10 09:34:00,25.25,25.25,22.95,24.75,390900,2687925,30.26,24.6,24.75
4908,2021-06-10 09:35:00,24.55,24.55,23.5,23.5,200550,2903025,30.14,23.4,23.5
4909,2021-06-10 09:36:00,23.6,24.75,22.0,24.75,405900,2903025,29.88,24.7,24.85
4910,2021-06-10 09:37:00,24.65,25.25,22.8,23.15,391200,2903025,29.7,23.05,23.15
4911,2021-06-10 09:38:00,23.2,24.1,22.4,23.0,263850,3013275,29.55,22.8,22.9
4912,2021-06-10 09:39:00,22.9,22.9,20.1,21.8,484725,3013275,29.24,21.8,21.9
4913,2021-06-10 09:40:00,21.65,22.35,21.2,21.6,294525,3013275,29.07,21.65,21.7
4914,2021-06-10 09:41:00,21.8,21.9,21.4,21.65,243825,3080775,28.93,21.55,21.65
4915,2021-06-10 09:42:00,21.9,21.9,20.95,21.5,230025,3080775,28.8,21.5,21.6
4916,2021-06-10 09:43:00,21.7,24.4,21.65,24.4,384375,3080775,28.64,24.4,24.5
4917,2021-06-10 09:44:00,24.4,24.4,22.0,23.2,322575,3184725,28.51,23.2,23.3
4918,2021-06-10 09:45:00,23.05,23.05,21.65,22.2,182325,3184725,28.43,22.1,22.2
4919,2021-06-10 09:46:00,22.1,24.0,21.95,23.2,169050,3184725,28.37,23.1,23.2
4920,2021-06-10 09:47:00,22.9,23.0,21.0,21.25,286275,3184275,28.23,21.25,21.35
4921,2021-06-10 09:48:00,21.3,22.95,21.25,22.95,217200,3184275,28.14,22.8,22.95
4922,2021-06-10 09:49:00,23.05,24.1,22.1,23.15,305400,3184275,28.05,23.15,23.25
4923,2021-06-10 09:50:00,23.4,23.5,21.7,21.9,145050,3167550,28.0,21.8,21.9
4924,2021-06-10 09:51:00,21.8,23.6,21.35,23.6,181575,3167550,27.93,23.6,23.7
4925,2021-06-10 09:52:00,23.8,24.85,22.8,23.25,361875,3167550,27.84,23.15,23.25
4926,2021-06-10 09:53:00,23.25,24.0,22.6,23.4,134625,3176250,27.8,23.35,23.45
4927,2021-06-10 09:54:00,23.45,23.8,22.15,22.8,128175,3176250,27.76,22.8,22.85
4928,2021-06-10 09:55:00,22.75,23.0,21.85,22.15,121875,3176250,27.72,22.1,22.2
4929,2021-06-10 09:56:00,22.15,22.75,22.05,22.35,65325,3219000,27.7,22.35,22.4
4930,2021-06-10 09:57:00,22.2,23.1,22.2,22.2,107250,3219000,27.67,22.15,22.2
4931,2021-06-10 09:58:00,21.95,22.2,21.6,22.1,185250,3219000,27.6,22.1,22.2
4932,2021-06-10 09:59:00,22.2,22.2,21.35,21.4,145875,3259800,27.55,21.3,21.4
4933,2021-06-10 10:00:00,21.4,21.65,20.25,20.5,250875,3259800,27.45,20.45,20.55
4934,2021-06-10 10:01:00,20.5,21.9,20.3,21.9,172425,3259800,27.39,21.85,21.9
4935,2021-06-10 10:02:00,21.85,23.75,21.65,23.6,326475,3306300,27.31,23.55,23.65
4936,2021-06-10 10:03:00,23.8,24.75,22.5,23.15,413100,3306300,27.22,23.05,23.15
4937,2021-06-10 10:04:00,23.0,24.2,23.0,23.35,317175,3306300,27.16,23.3,23.4
4938,2021-06-10 10:05:00,23.5,24.5,23.15,24.3,198900,3403575,27.12,24.3,24.4
4939,2021-06-10 10:06:00,24.6,24.8,22.35,22.4,290550,3403575,27.07,22.35,22.45
4940,2021-06-10 10:07:00,22.4,23.65,21.4,23.4,203175,3403575,27.02,23.35,23.45
4941,2021-06-10 10:08:00,23.35,24.3,22.75,23.45,211650,3474300,26.98,23.35,23.45
4942,2021-06-10 10:09:00,23.3,24.1,23.15,23.65,123975,3474300,26.96,23.5,23.6
4943,2021-06-10 10:10:00,23.65,24.6,23.0,24.4,193350,3474300,26.93,24.3,24.4
4944,2021-06-10 10:11:00,24.7,24.7,22.85,23.4,171900,3477225,26.9,23.35,23.4
4945,2021-06-10 10:12:00,23.5,24.5,23.5,23.7,111000,3477225,26.88,23.6,23.7
4946,2021-06-10 10:13:00,23.7,24.0,22.65,22.65,110250,3477225,26.86,22.65,22.75
4947,2021-06-10 10:14:00,22.65,22.85,21.35,22.55,186825,3530625,26.82,22.45,22.55
4948,2021-06-10 10:15:00,22.5,22.5,21.05,21.95,240975,3530625,26.76,21.75,21.85
4949,2021-06-10 10:16:00,21.8,22.2,21.2,21.3,151875,3530625,26.72,21.3,21.4
4950,2021-06-10 10:17:00,21.35,22.15,21.15,21.95,116100,3615075,26.69,21.9,22.0
4951,2021-06-10 10:18:00,22.0,22.2,21.55,21.55,117825,3615075,26.66,21.55,21.65
4952,2021-06-10 10:19:00,21.55,21.9,21.25,21.6,73350,3615075,26.65,21.75,21.85
4953,2021-06-10 10:20:00,21.85,22.2,21.4,21.5,154200,3665625,26.61,21.5,21.6
4954,2021-06-10 10:21:00,21.5,21.5,20.55,21.0,230850,3665625,26.55,20.9,20.95
4955,2021-06-10 10:22:00,20.95,21.4,20.0,21.15,308250,3665625,26.46,21.05,21.1
4956,2021-06-10 10:23:00,21.05,21.5,17.85,18.7,575550,3761250,26.27,18.6,18.7
4957,2021-06-10 10:24:00,18.4,18.55,17.25,17.95,522825,3761250,26.08,17.9,18.0
4958,2021-06-10 10:25:00,17.85,19.05,17.6,18.95,315225,3761250,25.97,19.0,19.05
4959,2021-06-10 10:26:00,19.15,19.15,17.0,17.7,400800,3725325,25.83,17.7,17.75
4960,2021-06-10 10:27:00,17.9,18.4,17.6,17.7,246825,3725325,25.75,17.7,17.8
4961,2021-06-10 10:28:00,17.65,18.05,17.0,17.0,229200,3725325,25.67,17.0,17.05
4962,2021-06-10 10:29:00,17.4,18.0,17.0,17.85,170775,3768600,25.61,17.9,17.95
4963,2021-06-10 10:30:00,17.5,18.25,17.1,18.1,255675,3768600,25.53,18.1,18.15
4964,2021-06-10 10:31:00,18.25,18.25,17.1,17.75,200475,3768600,25.46,17.75,17.85
4965,2021-06-10 10:32:00,17.85,18.05,17.45,17.45,125400,3787425,25.42,17.4,17.45
4966,2021-06-10 10:33:00,17.55,17.75,17.1,17.25,182700,3787425,25.36,17.2,17.3
4967,2021-06-10 10:34:00,17.3,17.55,16.7,17.35,235500,3787425,25.28,17.3,17.4
4968,2021-06-10 10:35:00,17.3,18.2,17.3,17.9,175125,3800550,25.23,17.9,17.95
4969,2021-06-10 10:36:00,17.7,18.35,17.7,18.2,178575,3800550,25.18,18.15,18.2
4970,2021-06-10 10:37:00,18.25,18.5,17.6,18.5,180900,3800550,25.13,18.4,18.45
4971,2021-06-10 10:38:00,18.35,18.55,17.8,17.85,124875,3796650,25.1,17.8,17.85
4972,2021-06-10 10:39:00,17.8,17.95,17.15,17.4,179475,3796650,25.04,17.35,17.4
4973,2021-06-10 10:40:00,17.35,17.95,16.9,16.95,196350,3796650,24.99,16.9,17.0
4974,2021-06-10 10:41:00,17.0,17.5,16.8,17.5,120975,3840375,24.95,17.45,17.5
4975,2021-06-10 10:42:00,17.45,17.55,17.0,17.1,98175,3840375,24.92,17.15,17.2
4976,2021-06-10 10:43:00,17.15,17.5,16.25,16.6,168000,3840375,24.87,16.65,16.75
4977,2021-06-10 10:44:00,16.65,16.65,15.0,15.8,475425,3890175,24.7,15.7,15.75
4978,2021-06-10 10:45:00,15.8,16.0,15.5,15.65,244500,3890175,24.62,15.65,15.7
4979,2021-06-10 10:46:00,15.85,16.55,15.7,16.05,252075,3890175,24.54,16.05,16.15
4980,2021-06-10 10:47:00,16.1,16.4,16.05,16.35,101175,3949950,24.51,16.35,16.4
4981,2021-06-10 10:48:00,16.4,16.7,16.05,16.2,180450,3949950,24.46,16.2,16.25
4982,2021-06-10 10:49:00,16.2,16.5,15.85,16.0,121875,3949950,24.42,16.0,16.05
4983,2021-06-10 10:50:00,16.05,16.7,15.9,16.25,192375,3981300,24.37,16.2,16.3
4984,2021-06-10 10:51:00,16.2,16.3,15.95,16.15,93300,3981300,24.34,16.1,16.15
4985,2021-06-10 10:52:00,16.1,16.15,15.4,15.9,159750,3981300,24.29,15.95,16.0
4986,2021-06-10 10:53:00,15.9,16.15,15.65,15.9,83175,4020675,24.27,15.8,15.9
4987,2021-06-10 10:54:00,15.8,16.2,15.75,15.95,84825,4020675,24.24,15.85,15.95
4988,2021-06-10 10:55:00,15.95,17.1,15.85,17.0,187050,4020675,24.19,16.9,16.95
4989,2021-06-10 10:56:00,16.9,17.0,16.4,16.4,71400,3965925,24.17,16.35,16.45
4990,2021-06-10 10:57:00,16.35,16.9,16.0,16.0,102375,3965925,24.14,15.95,16.0
4991,2021-06-10 10:58:00,16.0,16.45,15.85,16.0,87825,3965925,24.12,16.0,16.05
4992,2021-06-10 10:59:00,16.0,16.2,15.1,15.3,118725,3987000,24.08,15.2,15.3
4993,2021-06-10 11:00:00,15.1,15.15,13.1,14.5,527475,3987000,23.91,14.45,14.5
4994,2021-06-10 11:01:00,14.35,14.95,14.1,14.75,178050,3987000,23.85,14.7,14.8
4995,2021-06-10 11:02:00,14.7,15.7,14.7,15.45,232650,4021125,23.78,15.4,15.5
4996,2021-06-10 11:03:00,15.35,15.9,15.3,15.55,270375,4021125,23.71,15.45,15.55
4997,2021-06-10 11:04:00,15.5,17.05,14.9,16.4,292200,4021125,23.64,16.4,16.45
4998,2021-06-10 11:05:00,16.45,18.3,16.45,18.25,493500,3964800,23.53,18.2,18.3
4999,2021-06-10 11:06:00,18.35,19.5,17.6,17.9,536025,3964800,23.45,17.8,17.9
5000,2021-06-10 11:07:00,18.3,19.25,17.95,18.95,221325,3964800,23.42,18.85,18.9
5001,2021-06-10 11:08:00,19.05,19.4,18.4,18.85,246450,3942300,23.38,18.8,18.9
5002,2021-06-10 11:09:00,18.85,19.0,17.25,18.65,316275,3942300,23.33,18.65,18.75
5003,2021-06-10 11:10:00,19.0,19.3,18.2,19.3,253875,3942300,23.3,19.25,19.3
5004,2021-06-10 11:11:00,19.35,19.9,18.6,19.9,368250,3959625,23.25,19.85,19.95
5005,2021-06-10 11:12:00,19.9,19.95,18.1,18.75,329775,3959625,23.21,18.6,18.7
5006,2021-06-10 11:13:00,18.8,18.95,17.8,18.8,180525,3959625,23.18,18.9,18.95
5007,2021-06-10 11:14:00,18.9,19.25,18.9,19.25,153075,3919275,23.16,19.2,19.3
5008,2021-06-10 11:15:00,19.1,19.9,18.8,19.5,195600,3919275,23.14,19.45,19.55
5009,2021-06-10 11:16:00,19.55,19.55,17.5,17.8,237000,3919275,23.11,17.75,17.8
5010,2021-06-10 11:17:00,17.8,19.0,17.8,18.0,103050,3887475,23.09,18.0,18.1
5011,2021-06-10 11:18:00,18.25,18.4,17.8,18.15,101025,3887475,23.08,18.2,18.25
5012,2021-06-10 11:19:00,18.1,18.4,17.65,18.15,119550,3887475,23.06,18.1,18.15
5013,2021-06-10 11:20:00,18.2,18.3,16.95,16.95,148200,3894750,23.04,16.9,16.95
5014,2021-06-10 11:21:00,16.85,17.65,16.15,17.55,296400,3894750,22.98,17.45,17.5
5015,2021-06-10 11:22:00,17.55,17.85,16.9,17.2,130875,3894750,22.96,17.1,17.2
5016,2021-06-10 11:23:00,17.15,17.2,16.25,16.65,122100,3906675,22.94,16.6,16.7
5017,2021-06-10 11:24:00,16.8,17.0,16.45,16.45,107400,3906675,22.92,16.45,16.55
5018,2021-06-10 11:25:00,16.55,16.75,16.05,16.25,104625,3906675,22.9,16.15,16.25
5019,2021-06-10 11:26:00,16.15,16.8,16.0,16.7,107700,3918450,22.88,16.65,16.75
5020,2021-06-10 11:27:00,16.7,17.0,16.5,16.5,68250,3918450,22.87,16.45,16.55
5021,2021-06-10 11:28:00,16.5,16.6,16.15,16.25,68475,3918450,22.86,16.2,16.25
5022,2021-06-10 11:29:00,16.15,17.2,16.1,17.0,106575,3920850,22.84,16.9,17.0
5023,2021-06-10 11:30:00,17.05,17.1,16.1,16.1,172650,3920850,22.81,16.1,16.15
5024,2021-06-10 11:31:00,16.0,16.6,16.0,16.35,98625,3920850,22.79,16.4,16.45
5025,2021-06-10 11:32:00,16.35,16.7,16.15,16.6,104850,3941250,22.77,16.55,16.6
5026,2021-06-10 11:33:00,16.8,16.95,14.9,15.25,243600,3941250,22.73,15.3,15.35
5027,2021-06-10 11:34:00,15.8,16.2,15.65,15.75,156975,3941250,22.7,15.7,15.75
5028,2021-06-10 11:35:00,15.9,15.9,15.0,15.45,146325,3941250,22.67,15.35,15.45
5029,2021-06-10 11:36:00,15.4,15.45,15.05,15.35,220425,3924300,22.62,15.3,15.4
5030,2021-06-10 11:37:00,15.3,15.5,15.1,15.3,130500,3924300,22.6,15.25,15.3
5031,2021-06-10 11:38:00,15.3,15.65,15.05,15.55,122625,3924300,22.57,15.45,15.55
5032,2021-06-10 11:39:00,15.55,16.0,15.4,15.65,111900,3925425,22.55,15.6,15.65
5033,2021-06-10 11:40:00,15.65,16.65,15.65,16.45,189450,3925425,22.52,16.45,16.55
5034,2021-06-10 11:41:00,16.5,17.5,15.9,17.5,257775,3925425,22.48,17.4,17.45
5035,2021-06-10 11:42:00,17.65,18.0,17.3,17.65,293700,3912825,22.44,17.65,17.75
5036,2021-06-10 11:43:00,17.6,17.6,15.1,15.5,386175,3912825,22.38,15.45,15.55
5037,2021-06-10 11:44:00,16.0,16.0,15.05,15.45,217200,3912825,22.34,15.55,15.6
5038,2021-06-10 11:45:00,15.7,15.8,14.55,15.1,309900,3964500,22.28,15.05,15.15
5039,2021-06-10 11:46:00,15.1,16.15,15.1,15.75,299475,3964500,22.23,15.65,15.75
5040,2021-06-10 11:47:00,15.9,16.8,15.75,15.95,236850,3964500,22.19,15.95,16.0
5041,2021-06-10 11:48:00,15.95,16.3,15.7,16.1,82500,3948675,22.18,16.05,16.1
5042,2021-06-10 11:49:00,16.05,16.5,16.0,16.05,94200,3948675,22.17,16.0,16.05
5043,2021-06-10 11:50:00,15.95,16.05,15.45,15.7,90900,3948675,22.15,15.7,15.8
5044,2021-06-10 11:51:00,15.9,16.4,15.65,15.95,90750,3986325,22.14,15.95,16.0
5045,2021-06-10 11:52:00,16.0,16.05,15.7,15.9,50400,3986325,22.13,15.85,15.95
5046,2021-06-10 11:53:00,15.9,16.05,14.7,14.7,239625,3986325,22.09,14.65,14.75
5047,2021-06-10 11:54:00,14.65,14.65,14.15,14.55,489750,4033350,21.99,14.5,14.55
5048,2021-06-10 11:55:00,14.65,15.55,14.5,14.85,261225,4033350,21.95,14.8,14.85
5049,2021-06-10 11:56:00,14.9,15.45,14.3,14.8,191400,4033350,21.91,14.75,14.8
5050,2021-06-10 11:57:00,14.8,15.0,14.55,14.65,132000,4062375,21.89,14.65,14.75
5051,2021-06-10 11:58:00,14.7,14.7,12.8,13.8,490725,4062375,21.79,13.7,13.8
5052,2021-06-10 11:59:00,13.8,14.25,13.55,13.7,278025,4062375,21.74,13.7,13.8
5053,2021-06-10 12:00:00,13.65,14.05,12.25,12.7,996675,4155225,21.54,12.65,12.75
5054,2021-06-10 12:01:00,12.7,14.35,12.45,13.65,1039650,4155225,21.35,13.65,13.7
5055,2021-06-10 12:02:00,13.55,13.6,12.55,12.8,480825,4155225,21.26,12.75,12.8
5056,2021-06-10 12:03:00,12.9,13.0,12.4,12.5,313800,4157250,21.2,12.45,12.55
5057,2021-06-10 12:04:00,12.5,13.15,12.5,12.95,336150,4157250,21.13,13.0,13.05
5058,2021-06-10 12:05:00,13.1,13.15,12.55,12.75,288900,4157250,21.08,12.65,12.7
5059,2021-06-10 12:06:00,12.6,12.65,11.65,11.75,391500,4223400,21.01,11.7,11.75
5060,2021-06-10 12:07:00,11.6,12.05,11.35,12.05,393375,4223400,20.93,12.05,12.1
5061,2021-06-10 12:08:00,12.0,12.05,11.45,11.75,321300,4223400,20.86,11.75,11.85
5062,2021-06-10 12:09:00,11.75,12.15,11.65,11.75,268200,4244700,20.81,11.7,11.75
5063,2021-06-10 12:10:00,11.8,11.95,11.25,11.7,315675,4244700,20.75,11.7,11.8
5064,2021-06-10 12:11:00,11.85,12.2,11.7,11.7,230175,4244700,20.7,11.7,11.75
5065,2021-06-10 12:12:00,11.7,12.25,11.55,12.2,182475,4269375,20.67,12.15,12.25
5066,2021-06-10 12:13:00,12.15,12.9,12.15,12.45,270900,4269375,20.62,12.45,12.55
5067,2021-06-10 12:14:00,12.5,12.75,12.2,12.4,159075,4269375,20.6,12.3,12.4
5068,2021-06-10 12:15:00,12.4,12.45,12.1,12.1,167550,4308900,20.57,12.05,12.1
5069,2021-06-10 12:16:00,12.1,12.4,12.1,12.4,118725,4308900,20.55,12.35,12.45
5070,2021-06-10 12:17:00,12.45,12.9,12.35,12.9,157500,4308900,20.52,12.8,12.9
5071,2021-06-10 12:18:00,12.85,13.0,12.35,12.45,206775,4321800,20.49,12.45,12.5
5072,2021-06-10 12:19:00,12.45,12.6,11.6,12.1,183825,4321800,20.46,12.05,12.1
5073,2021-06-10 12:20:00,12.05,12.5,11.75,12.45,144075,4321800,20.43,12.35,12.4
5074,2021-06-10 12:21:00,12.6,12.95,12.45,12.75,174000,4371825,20.4,12.65,12.75
5075,2021-06-10 12:22:00,12.7,13.0,12.4,12.7,227775,4371825,20.37,12.65,12.7
5076,2021-06-10 12:23:00,12.7,13.05,12.45,12.65,182325,4371825,20.34,12.6,12.65
5077,2021-06-10 12:24:00,12.5,12.65,12.05,12.3,142575,4338150,20.32,12.3,12.4
5078,2021-06-10 12:25:00,12.35,13.15,12.35,12.75,163050,4338150,20.29,12.7,12.75
5079,2021-06-10 12:26:00,12.7,12.85,12.3,12.3,117225,4338150,20.27,12.3,12.35
5080,2021-06-10 12:27:00,12.35,12.9,12.0,12.7,155100,4365450,20.25,12.65,12.7
5081,2021-06-10 12:28:00,12.7,14.15,12.45,14.15,356550,4365450,20.2,14.1,14.15
5082,2021-06-10 12:29:00,13.9,14.8,13.35,14.1,539250,4365450,20.14,14.05,14.1
5083,2021-06-10 12:30:00,14.15,14.2,12.7,12.75,296325,4268325,20.1,12.65,12.75
5084,2021-06-10 12:31:00,12.85,13.95,12.85,13.65,171900,4268325,20.07,13.55,13.65
5085,2021-06-10 12:32:00,13.55,13.95,13.4,13.95,138225,4268325,20.06,13.9,13.95
5086,2021-06-10 12:33:00,13.95,14.2,13.6,13.8,213975,4260675,20.03,13.8,13.85
5087,2021-06-10 12:34:00,13.8,14.0,13.05,13.2,157725,4260675,20.01,13.15,13.25
5088,2021-06-10 12:35:00,13.15,13.2,12.55,12.75,159300,4260675,19.99,12.7,12.8
5089,2021-06-10 12:36:00,12.85,12.9,11.45,12.2,253050,4312125,19.95,12.15,12.25
5090,2021-06-10 12:37:00,12.1,12.4,12.0,12.05,96300,4312125,19.94,12.05,12.15
5091,2021-06-10 12:38:00,12.1,12.65,11.9,12.15,130575,4312125,19.92,12.05,12.15
5092,2021-06-10 12:39:00,12.1,12.45,11.9,12.2,112125,4328250,19.9,12.2,12.25
5093,2021-06-10 12:40:00,12.35,12.5,11.9,12.35,90450,4328250,19.89,12.3,12.35
5094,2021-06-10 12:41:00,12.4,14.35,12.2,14.35,297300,4328250,19.85,14.35,14.45
5095,2021-06-10 12:42:00,14.4,17.35,14.35,16.2,948300,4339650,19.78,16.2,16.3
5096,2021-06-10 12:43:00,16.25,19.1,15.1,17.8,930225,4339650,19.74,17.65,17.7
5097,2021-06-10 12:44:00,17.85,18.1,16.25,16.25,576600,4339650,19.71,16.25,16.3
5098,2021-06-10 12:45:00,16.2,17.4,15.6,17.0,484875,4284450,19.68,16.95,17.05
5099,2021-06-10 12:46:00,16.9,17.95,13.55,14.6,651225,4284450,19.63,14.5,14.6
5100,2021-06-10 12:47:00,14.6,16.35,14.6,15.0,307200,4284450,19.61,14.9,14.95
5101,2021-06-10 12:48:00,14.9,15.55,14.65,15.1,191925,4295850,19.59,15.0,15.1
5102,2021-06-10 12:49:00,15.1,15.15,13.7,14.5,272475,4295850,19.57,14.35,14.4
5103,2021-06-10 12:50:00,14.1,14.35,13.05,13.1,221325,4295850,19.55,13.05,13.15
5104,2021-06-10 12:51:00,13.35,13.55,12.55,12.7,245775,4311675,19.52,12.6,12.7
5105,2021-06-10 12:52:00,12.7,13.25,12.4,12.4,194850,4311675,19.5,12.45,12.5
5106,2021-06-10 12:53:00,12.6,14.15,12.6,14.15,200100,4311675,19.48,14.05,14.15
5107,2021-06-10 12:54:00,14.15,15.85,14.15,15.85,339000,4366950,19.45,15.75,15.85
5108,2021-06-10 12:55:00,15.65,15.85,14.2,14.45,281700,4366950,19.43,14.45,14.5
5109,2021-06-10 12:56:00,14.5,15.3,14.45,14.55,156675,4366950,19.42,14.55,14.6
5110,2021-06-10 12:57:00,14.6,14.6,13.15,14.15,266700,4440000,19.39,14.1,14.2
5111,2021-06-10 12:58:00,14.25,15.75,14.05,15.35,235200,4440000,19.37,15.4,15.5
5112,2021-06-10 12:59:00,15.65,16.5,15.0,16.35,234075,4440000,19.36,16.35,16.45
5113,2021-06-10 13:00:00,16.9,17.15,15.45,17.0,309975,4429725,19.34,17.0,17.05
5114,2021-06-10 13:01:00,17.15,17.9,14.25,14.5,556125,4429725,19.31,14.5,14.55
5115,2021-06-10 13:02:00,14.5,14.5,11.15,12.55,666675,4429725,19.24,12.5,12.6
5116,2021-06-10 13:03:00,12.55,13.7,12.55,13.0,336225,4494150,19.21,13.0,13.1
5117,2021-06-10 13:04:00,13.3,14.0,12.8,12.8,174375,4494150,19.19,12.75,12.8
5118,2021-06-10 13:05:00,12.95,12.95,12.3,12.35,238575,4494150,19.17,12.3,12.35
5119,2021-06-10 13:06:00,12.4,13.9,12.25,13.25,235800,4526625,19.14,13.15,13.2
5120,2021-06-10 13:07:00,13.25,13.45,12.5,12.75,121125,4526625,19.13,12.7,12.8
5121,2021-06-10 13:08:00,12.9,13.45,12.4,13.25,137175,4526625,19.12,13.25,13.35
5122,2021-06-10 13:09:00,13.4,13.4,12.35,12.5,141000,4565550,19.1,12.45,12.55
5123,2021-06-10 13:10:00,12.5,12.75,11.8,12.75,193200,4565550,19.08,12.7,12.75
5124,2021-06-10 13:11:00,12.7,13.8,12.65,13.35,321525,4565550,19.05,13.25,13.35
5125,2021-06-10 13:12:00,13.35,13.65,12.55,12.55,169050,4585425,19.04,12.5,12.55
5126,2021-06-10 13:13:00,12.45,13.25,12.35,13.15,125400,4585425,19.02,13.1,13.15
5127,2021-06-10 13:14:00,13.2,13.75,13.0,13.55,123075,4585425,19.01,13.5,13.55
5128,2021-06-10 13:15:00,13.6,13.6,12.5,12.75,179325,4604850,18.99,12.7,12.75
5129,2021-06-10 13:16:00,12.8,13.75,12.55,13.7,183450,4604850,18.98,13.7,13.8
5130,2021-06-10 13:17:00,13.7,13.7,12.4,12.5,157275,4604850,18.96,12.4,12.5
5131,2021-06-10 13:18:00,12.6,12.75,11.95,12.7,203250,4651725,18.94,12.6,12.65
5132,2021-06-10 13:19:00,12.85,12.9,7.2,7.8,1075950,4651725,18.78,7.7,7.8
5133,2021-06-10 13:20:00,7.75,8.7,7.3,8.55,1123050,4651725,18.6,8.45,8.55
5134,2021-06-10 13:21:00,8.5,8.95,7.95,8.8,467475,4464525,18.53,8.75,8.85
5135,2021-06-10 13:22:00,8.75,9.05,8.4,8.55,350400,4464525,18.48,8.5,8.55
5136,2021-06-10 13:23:00,8.45,8.45,8.0,8.25,340575,4464525,18.43,8.25,8.3
5137,2021-06-10 13:24:00,8.2,8.6,7.4,7.45,309000,4460325,18.38,7.4,7.45
5138,2021-06-10 13:25:00,7.5,8.4,6.9,7.9,582450,4460325,18.29,7.85,7.95
5139,2021-06-10 13:26:00,7.85,8.15,7.55,7.75,270675,4460325,18.25,7.75,7.8
5140,2021-06-10 13:27:00,7.85,8.55,7.65,8.15,345750,4405125,18.19,8.15,8.2
5141,2021-06-10 13:28:00,8.15,8.2,7.55,7.6,242850,4405125,18.16,7.55,7.6
5142,2021-06-10 13:29:00,7.7,8.0,7.4,8.0,249000,4405125,18.12,7.95,8.0
5143,2021-06-10 13:30:00,7.95,8.0,7.5,7.65,268275,4413000,18.08,7.65,7.7
5144,2021-06-10 13:31:00,7.7,8.3,7.7,8.1,353550,4413000,18.03,8.1,8.15
5145,2021-06-10 13:32:00,8.15,8.15,7.5,7.7,285675,4413000,17.99,7.65,7.7
5146,2021-06-10 13:33:00,7.7,7.7,7.25,7.25,350325,4380825,17.94,7.2,7.3
5147,2021-06-10 13:34:00,7.35,7.6,7.15,7.45,226725,4380825,17.9,7.45,7.55
5148,2021-06-10 13:35:00,7.55,7.9,7.25,7.65,322950,4380825,17.86,7.6,7.65
5149,2021-06-10 13:36:00,7.7,7.8,7.1,7.4,212775,4374675,17.82,7.35,7.4
5150,2021-06-10 13:37:00,7.3,7.5,6.35,6.35,338700,4374675,17.77,6.35,6.4
5151,2021-06-10 13:38:00,6.45,6.8,6.2,6.65,365175,4374675,17.72,6.6,6.7
5152,2021-06-10 13:39:00,6.65,7.05,6.6,6.95,325425,4323000,17.67,6.85,6.9
5153,2021-06-10 13:40:00,6.85,6.9,6.35,6.8,255075,4323000,17.63,6.75,6.8
5154,2021-06-10 13:41:00,6.75,7.7,6.75,7.55,354150,4323000,17.58,7.55,7.6
5155,2021-06-10 13:42:00,7.65,10.6,7.4,7.4,1026825,4299225,17.46,7.3,7.4
5156,2021-06-10 13:43:00,7.8,9.35,7.7,8.5,487875,4299225,17.4,8.5,8.55
5157,2021-06-10 13:44:00,8.4,9.15,8.1,8.3,284400,4299225,17.37,8.25,8.3
5158,2021-06-10 13:45:00,8.35,9.1,6.65,7.15,440100,4339725,17.31,7.1,7.15
5159,2021-06-10 13:46:00,7.15,7.55,7.15,7.3,213525,4339725,17.28,7.3,7.4
5160,2021-06-10 13:47:00,7.25,7.55,7.1,7.1,188175,4339725,17.26,7.1,7.15
5161,2021-06-10 13:48:00,6.95,6.95,3.6,5.2,1266675,4413825,17.06,5.15,5.2
5162,2021-06-10 13:49:00,5.2,6.45,5.05,6.4,767700,4413825,16.95,6.35,6.45
5163,2021-06-10 13:50:00,6.6,6.6,5.6,5.65,407100,4413825,16.89,5.65,5.7
5164,2021-06-10 13:51:00,5.7,6.0,5.4,5.85,376725,4303425,16.84,5.85,5.9
5165,2021-06-10 13:52:00,5.9,6.4,5.4,5.6,470325,4303425,16.77,5.55,5.6
5166,2021-06-10 13:53:00,5.65,6.1,5.4,5.6,336450,4303425,16.72,5.55,5.6
5167,2021-06-10 13:54:00,5.55,5.85,5.4,5.7,261450,4304250,16.69,5.6,5.7
5168,2021-06-10 13:55:00,5.55,5.9,5.45,5.8,238725,4304250,16.65,5.8,5.9
5169,2021-06-10 13:56:00,5.95,6.3,5.6,5.9,273075,4304250,16.62,5.9,5.95
5170,2021-06-10 13:57:00,6.0,6.25,5.75,5.75,148350,4304025,16.6,5.7,5.75
5171,2021-06-10 13:58:00,5.65,6.0,5.55,5.65,145500,4304025,16.58,5.6,5.65
5172,2021-06-10 13:59:00,5.6,6.1,5.05,6.0,410850,4304025,16.52,6.05,6.1
5173,2021-06-10 14:00:00,6.1,7.85,6.0,6.1,621150,4304250,16.45,6.05,6.15
5174,2021-06-10 14:01:00,6.05,7.05,6.05,6.9,358725,4304250,16.41,6.85,6.9
5175,2021-06-10 14:02:00,6.9,7.2,6.35,6.85,218850,4304250,16.38,6.8,6.85
5176,2021-06-10 14:03:00,6.95,7.0,5.7,6.25,303900,4329975,16.34,6.2,6.25
5177,2021-06-10 14:04:00,6.35,6.7,5.9,6.35,192525,4329975,16.32,6.35,6.4
5178,2021-06-10 14:05:00,6.4,6.4,5.25,5.95,366750,4329975,16.27,5.95,6.0
5179,2021-06-10 14:06:00,6.0,6.65,5.9,6.45,293925,4391400,16.24,6.45,6.5
5180,2021-06-10 14:07:00,6.55,7.0,6.5,6.85,214575,4391400,16.21,6.8,6.9
5181,2021-06-10 14:08:00,6.85,7.2,6.05,6.65,248025,4391400,16.18,6.65,6.7
5182,2021-06-10 14:09:00,6.5,6.7,6.15,6.15,214275,4455600,16.16,6.15,6.2
5183,2021-06-10 14:10:00,6.15,6.25,5.5,5.95,286350,4455600,16.12,5.95,6.0
5184,2021-06-10 14:11:00,6.05,6.15,5.5,5.65,208200,4455600,16.1,5.6,5.65
5185,2021-06-10 14:12:00,5.55,5.75,4.9,5.2,400575,4523700,16.05,5.2,5.25
5186,2021-06-10 14:13:00,5.15,5.35,4.75,4.95,287025,4523700,16.01,4.9,4.95
5187,2021-06-10 14:14:00,4.95,5.0,4.15,4.45,523950,4523700,15.94,4.45,4.5
5188,2021-06-10 14:15:00,4.4,4.7,4.25,4.25,374400,4552050,15.89,4.2,4.25
5189,2021-06-10 14:16:00,4.25,4.5,4.15,4.35,384675,4552050,15.84,4.3,4.35
5190,2021-06-10 14:17:00,4.3,4.4,4.2,4.25,293100,4552050,15.8,4.25,4.3
5191,2021-06-10 14:18:00,4.25,4.25,3.55,3.75,419700,4560825,15.74,3.7,3.75
5192,2021-06-10 14:19:00,3.7,3.7,2.4,2.5,926700,4560825,15.61,2.45,2.5
5193,2021-06-10 14:20:00,2.5,3.05,2.45,2.75,1025850,4560825,15.46,2.75,2.8
5194,2021-06-10 14:21:00,2.8,3.1,2.75,3.05,814800,4353075,15.34,3.0,3.05
5195,2021-06-10 14:22:00,3.05,3.2,2.75,3.05,536700,4353075,15.27,3.0,3.05
5196,2021-06-10 14:23:00,2.95,3.15,2.65,2.9,572025,4353075,15.19,2.85,2.9
5197,2021-06-10 14:24:00,2.85,3.0,2.75,2.9,530025,4278075,15.12,2.9,2.95
5198,2021-06-10 14:25:00,2.9,2.9,2.45,2.55,471825,4278075,15.06,2.55,2.6
5199,2021-06-10 14:26:00,2.55,2.9,2.55,2.9,515325,4278075,14.99,2.85,2.9
5200,2021-06-10 14:27:00,2.85,2.9,2.55,2.55,290400,4242675,14.95,2.55,2.6
5201,2021-06-10 14:28:00,2.55,2.95,2.5,2.8,419250,4242675,14.89,2.75,2.8
5202,2021-06-10 14:29:00,2.8,2.9,2.75,2.75,261075,4242675,14.86,2.7,2.75
5203,2021-06-10 14:30:00,2.65,2.7,2.45,2.5,242025,4219500,14.83,2.5,2.55
5204,2021-06-10 14:31:00,2.5,2.85,2.45,2.55,279075,4219500,14.79,2.55,2.6
5205,2021-06-10 14:32:00,2.6,2.9,2.5,2.85,211800,4219500,14.77,2.8,2.85
5206,2021-06-10 14:33:00,2.75,3.25,2.7,2.8,369600,4115550,14.72,2.8,2.85
5207,2021-06-10 14:34:00,2.75,2.8,2.1,2.15,236700,4115550,14.69,2.1,2.15
5208,2021-06-10 14:35:00,2.05,2.25,1.8,2.05,716400,4115550,14.59,2.0,2.05
5209,2021-06-10 14:36:00,2.05,2.1,1.8,2.0,573600,3993225,14.52,2.0,2.1
5210,2021-06-10 14:37:00,2.05,2.15,1.65,1.85,426825,3993225,14.46,1.8,1.85
5211,2021-06-10 14:38:00,1.85,2.0,1.75,1.8,282600,3993225,14.43,1.75,1.8
5212,2021-06-10 14:39:00,1.75,1.9,1.75,1.85,293700,3906600,14.39,1.8,1.85
5213,2021-06-10 14:40:00,1.75,1.8,1.4,1.5,475800,3906600,14.33,1.45,1.5
5214,2021-06-10 14:41:00,1.5,1.6,1.3,1.5,385650,3906600,14.27,1.5,1.55
5215,2021-06-10 14:42:00,1.55,1.7,1.45,1.45,300375,3772125,14.24,1.4,1.45
5216,2021-06-10 14:43:00,1.35,1.5,1.3,1.35,316125,3772125,14.19,1.3,1.35
5217,2021-06-10 14:44:00,1.35,1.4,1.25,1.3,367875,3772125,14.15,1.25,1.3
5218,2021-06-10 14:45:00,1.35,1.8,1.3,1.65,542850,3670875,14.08,1.65,1.7
5219,2021-06-10 14:46:00,1.75,1.75,1.1,1.3,498975,3670875,14.01,1.25,1.3
5220,2021-06-10 14:47:00,1.3,1.4,1.25,1.3,534750,3670875,13.95,1.3,1.35
5221,2021-06-10 14:48:00,1.35,1.7,1.3,1.65,416400,3526050,13.9,1.7,1.75
5222,2021-06-10 14:49:00,1.75,2.5,1.55,1.55,689550,3526050,13.81,1.5,1.55
5223,2021-06-10 14:50:00,1.55,2.05,1.5,1.6,323700,3526050,13.78,1.6,1.65
5224,2021-06-10 14:51:00,1.6,1.8,1.5,1.65,196500,3515250,13.75,1.6,1.65
5225,2021-06-10 14:52:00,1.7,1.7,1.4,1.45,234525,3515250,13.72,1.45,1.5
5226,2021-06-10 14:53:00,1.45,1.45,1.25,1.25,315900,3515250,13.69,1.25,1.3
5227,2021-06-10 14:54:00,1.25,1.8,1.25,1.5,381900,3460950,13.64,1.5,1.55
5228,2021-06-10 14:55:00,1.55,1.9,1.55,1.55,329175,3460950,13.6,1.55,1.6
5229,2021-06-10 14:56:00,1.55,1.6,1.4,1.45,301500,3460950,13.57,1.45,1.55
5230,2021-06-10 14:57:00,1.5,1.8,1.4,1.4,336525,3529500,13.53,1.4,1.45
5231,2021-06-10 14:58:00,1.45,1.45,1.1,1.15,381150,3529500,13.48,1.1,1.15
5232,2021-06-10 14:59:00,1.15,1.4,0.9,0.95,693000,3529500,13.4,0.9,0.95
5233,2021-06-10 15:00:00,0.9,0.95,0.55,0.55,467625,3501075,13.35,0.55,0.6
5234,2021-06-10 15:01:00,0.55,0.55,0.4,0.45,482475,3501075,13.29,0.45,0.5
5235,2021-06-10 15:02:00,0.45,0.45,0.35,0.35,371025,3501075,13.24,0.35,0.4
5236,2021-06-10 15:03:00,0.35,0.45,0.35,0.35,339525,3186300,13.2,0.35,0.4
5237,2021-06-10 15:04:00,0.4,0.4,0.3,0.35,303825,3186300,13.17,0.3,0.35
5238,2021-06-10 15:05:00,0.3,0.35,0.25,0.3,299400,3186300,13.13,0.25,0.3
5239,2021-06-10 15:06:00,0.3,0.4,0.25,0.35,270975,2876400,13.1,0.3,0.35
5240,2021-06-10 15:07:00,0.35,0.35,0.3,0.35,186300,2876400,13.08,0.3,0.35
5241,2021-06-10 15:08:00,0.35,0.35,0.3,0.3,143325,2876400,13.06,0.3,0.35
5242,2021-06-10 15:09:00,0.3,0.35,0.3,0.3,180375,2836275,13.04,0.3,0.35
5243,2021-06-10 15:10:00,0.3,0.3,0.25,0.25,190500,2836275,13.02,0.25,0.3
5244,2021-06-10 15:11:00,0.25,0.3,0.2,0.3,115725,2836275,13.0,0.25,0.3
5245,2021-06-10 15:12:00,0.3,0.3,0.2,0.2,186900,2717250,12.98,0.2,0.25
5246,2021-06-10 15:13:00,0.2,0.25,0.2,0.2,87975,2717250,12.97,0.2,0.25
5247,2021-06-10 15:14:00,0.25,0.25,0.15,0.15,228900,2717250,12.94,0.15,0.2
5248,2021-06-10 15:15:00,0.2,0.2,0.15,0.2,196575,2562675,12.92,0.15,0.2
5249,2021-06-10 15:16:00,0.15,0.2,0.1,0.1,144075,2562675,12.9,0.1,0.15
5250,2021-06-10 15:17:00,0.1,0.15,0.1,0.1,96900,2562675,12.89,0.1,0.15
5251,2021-06-10 15:18:00,0.1,0.15,0.1,0.15,69150,2470950,12.88,0.1,0.15
5252,2021-06-10 15:19:00,0.1,0.15,0.1,0.1,64650,2470950,12.88,0.1,0.15
5253,2021-06-10 15:20:00,0.1,0.15,0.1,0.15,71775,2470950,12.87,0.1,0.15
5254,2021-06-10 15:21:00,0.1,0.15,0.1,0.15,99450,2396775,12.86,0.1,0.15
5255,2021-06-10 15:22:00,0.1,0.15,0.1,0.1,170475,2396775,12.84,0.1,0.15
5256,2021-06-10 15:23:00,0.1,0.15,0.05,0.05,172800,2396775,12.82,0.05,0.1
5257,2021-06-10 15:24:00,0.05,0.1,0.05,0.05,71325,2107800,12.81,0.05,0.1
5258,2021-06-10 15:25:00,0.1,0.15,0.05,0.05,196725,2107800,12.78,0.05,0.1
5259,2021-06-10 15:26:00,0.05,0.1,0.05,0.05,48825,2107800,12.78,0.05,0.1
5260,2021-06-10 15:27:00,0.1,0.1,0.05,0.05,33900,2001375,12.78,0.05,0.1
5261,2021-06-10 15:28:00,0.05,0.1,0.05,0.05,190350,2001375,12.75,0.05,0.1
5262,2021-06-10 15:29:00,0.05,0.1,0.05,0.05,190350,2001375,12.75,0.05,0.1
5263,2021-06-10 15:30:00,0.05,0.1,0.05,0.05,27900,2001375,12.75,0.0,0.05
5264,2021-06-10 09:15:00,45.0,45.45,30.1,31.4,751875,1548600,34.89,31.45,31.5
5265,2021-06-10 09:16:00,32.2,32.2,26.9,29.4,650325,1548600,32.61,29.35,29.4
5266,2021-06-10 09:17:00,29.1,29.7,26.65,28.15,502950,1938900,31.42,28.05,28.2
5267,2021-06-10 09:18:00,27.5,27.65,25.35,26.25,567900,1938900,30.27,26.15,26.25
5268,2021-06-10 09:19:00,26.45,28.7,26.1,27.65,361050,1938900,29.88,27.6,27.65
5269,2021-06-10 09:20:00,28.9,32.0,28.15,31.3,696450,2278200,29.94,31.3,31.45
5270,2021-06-10 09:21:00,31.45,31.6,29.45,31.05,395400,2278200,30.0,31.0,31.05
5271,2021-06-10 09:22:00,31.1,32.4,29.6,31.7,369075,2278200,30.08,31.65,31.7
5272,2021-06-10 09:23:00,31.7,31.8,27.25,27.55,454800,2438175,29.98,27.5,27.6
5273,2021-06-10 09:24:00,27.5,28.1,26.55,27.25,341925,2438175,29.8,27.15,27.2
5274,2021-06-10 09:25:00,27.4,29.1,26.3,29.1,360675,2438175,29.62,29.0,29.1
5275,2021-06-10 09:26:00,29.2,40.2,29.2,38.3,852075,2545050,30.25,38.15,38.3
5276,2021-06-10 09:27:00,39.05,46.0,35.2,38.6,891600,2545050,31.45,38.65,38.75
5277,2021-06-10 09:28:00,39.45,39.45,34.5,35.3,375600,2545050,31.69,35.35,35.5
5278,2021-06-10 09:29:00,35.2,35.2,29.6,30.95,450750,2474250,31.69,30.85,31.0
5279,2021-06-10 09:30:00,30.7,30.85,26.0,28.8,771300,2474250,31.31,28.65,28.8
5280,2021-06-10 09:31:00,28.85,29.1,26.1,28.15,437850,2474250,31.14,28.1,28.25
5281,2021-06-10 09:32:00,27.75,28.4,23.4,25.1,854025,2687925,30.63,25.05,25.15
5282,2021-06-10 09:33:00,24.55,25.95,24.45,25.25,249600,2687925,30.49,25.25,25.35
5283,2021-06-10 09:34:00,25.25,25.25,22.95,24.75,390900,2687925,30.26,24.6,24.75
5284,2021-06-10 09:35:00,24.55,24.55,23.5,23.5,200550,2903025,30.14,23.4,23.5
5285,2021-06-10 09:36:00,23.6,24.75,22.0,24.75,405900,2903025,29.88,24.7,24.85
5286,2021-06-10 09:37:00,24.65,25.25,22.8,23.15,391200,2903025,29.7,23.05,23.15
5287,2021-06-10 09:38:00,23.2,24.1,22.4,23.0,263850,3013275,29.55,22.8,22.9
5288,2021-06-10 09:39:00,22.9,22.9,20.1,21.8,484725,3013275,29.24,21.8,21.9
5289,2021-06-10 09:40:00,21.65,22.35,21.2,21.6,294525,3013275,29.07,21.65,21.7
5290,2021-06-10 09:41:00,21.8,21.9,21.4,21.65,243825,3080775,28.93,21.55,21.65
5291,2021-06-10 09:42:00,21.9,21.9,20.95,21.5,230025,3080775,28.8,21.5,21.6
5292,2021-06-10 09:43:00,21.7,24.4,21.65,24.4,384375,3080775,28.64,24.4,24.5
5293,2021-06-10 09:44:00,24.4,24.4,22.0,23.2,322575,3184725,28.51,23.2,23.3
5294,2021-06-10 09:45:00,23.05,23.05,21.65,22.2,182325,3184725,28.43,22.1,22.2
5295,2021-06-10 09:46:00,22.1,24.0,21.95,23.2,169050,3184725,28.37,23.1,23.2
5296,2021-06-10 09:47:00,22.9,23.0,21.0,21.25,286275,3184275,28.23,21.25,21.35
5297,2021-06-10 09:48:00,21.3,22.95,21.25,22.95,217200,3184275,28.14,22.8,22.95
5298,2021-06-10 09:49:00,23.05,24.1,22.1,23.15,305400,3184275,28.05,23.15,23.25
5299,2021-06-10 09:50:00,23.4,23.5,21.7,21.9,145050,3167550,28.0,21.8,21.9
5300,2021-06-10 09:51:00,21.8,23.6,21.35,23.6,181575,3167550,27.93,23.6,23.7
5301,2021-06-10 09:52:00,23.8,24.85,22.8,23.25,361875,3167550,27.84,23.15,23.25
5302,2021-06-10 09:53:00,23.25,24.0,22.6,23.4,134625,3176250,27.8,23.35,23.45
5303,2021-06-10 09:54:00,23.45,23.8,22.15,22.8,128175,3176250,27.76,22.8,22.85
5304,2021-06-10 09:55:00,22.75,23.0,21.85,22.15,121875,3176250,27.72,22.1,22.2
5305,2021-06-10 09:56:00,22.15,22.75,22.05,22.35,65325,3219000,27.7,22.35,22.4
5306,2021-06-10 09:57:00,22.2,23.1,22.2,22.2,107250,3219000,27.67,22.15,22.2
5307,2021-06-10 09:58:00,21.95,22.2,21.6,22.1,185250,3219000,27.6,22.1,22.2
5308,2021-06-10 09:59:00,22.2,22.2,21.35,21.4,145875,3259800,27.55,21.3,21.4
5309,2021-06-10 10:00:00,21.4,21.65,20.25,20.5,250875,3259800,27.45,20.45,20.55
5310,2021-06-10 10:01:00,20.5,21.9,20.3,21.9,172425,3259800,27.39,21.85,21.9
5311,2021-06-10 10:02:00,21.85,23.75,21.65,23.6,326475,3306300,27.31,23.55,23.65
5312,2021-06-10 10:03:00,23.8,24.75,22.5,23.15,413100,3306300,27.22,23.05,23.15
5313,2021-06-10 10:04:00,23.0,24.2,23.0,23.35,317175,3306300,27.16,23.3,23.4
5314,2021-06-10 10:05:00,23.5,24.5,23.15,24.3,198900,3403575,27.12,24.3,24.4
5315,2021-06-10 10:06:00,24.6,24.8,22.35,22.4,290550,3403575,27.07,22.35,22.45
5316,2021-06-10 10:07:00,22.4,23.65,21.4,23.4,203175,3403575,27.02,23.35,23.45
5317,2021-06-10 10:08:00,23.35,24.3,22.75,23.45,211650,3474300,26.98,23.35,23.45
5318,2021-06-10 10:09:00,23.3,24.1,23.15,23.65,123975,3474300,26.96,23.5,23.6
5319,2021-06-10 10:10:00,23.65,24.6,23.0,24.4,193350,3474300,26.93,24.3,24.4
5320,2021-06-10 10:11:00,24.7,24.7,22.85,23.4,171900,3477225,26.9,23.35,23.4
5321,2021-06-10 10:12:00,23.5,24.5,23.5,23.7,111000,3477225,26.88,23.6,23.7
5322,2021-06-10 10:13:00,23.7,24.0,22.65,22.65,110250,3477225,26.86,22.65,22.75
5323,2021-06-10 10:14:00,22.65,22.85,21.35,22.55,186825,3530625,26.82,22.45,22.55
5324,2021-06-10 10:15:00,22.5,22.5,21.05,21.95,240975,3530625,26.76,21.75,21.85
5325,2021-06-10 10:16:00,21.8,22.2,21.2,21.3,151875,3530625,26.72,21.3,21.4
5326,2021-06-10 10:17:00,21.35,22.15,21.15,21.95,116100,3615075,26.69,21.9,22.0
5327,2021-06-10 10:18:00,22.0,22.2,21.55,21.55,117825,3615075,26.66,21.55,21.65
5328,2021-06-10 10:19:00,21.55,21.9,21.25,21.6,73350,3615075,26.65,21.75,21.85
5329,2021-06-10 10:20:00,21.85,22.2,21.4,21.5,154200,3665625,26.61,21.5,21.6
5330,2021-06-10 10:21:00,21.5,21.5,20.55,21.0,230850,3665625,26.55,20.9,20.95
5331,2021-06-10 10:22:00,20.95,21.4,20.0,21.15,308250,3665625,26.46,21.05,21.1
5332,2021-06-10 10:23:00,21.05,21.5,17.85,18.7,575550,3761250,26.27,18.6,18.7
5333,2021-06-10 10:24:00,18.4,18.55,17.25,17.95,522825,3761250,26.08,17.9,18.0
5334,2021-06-10 10:25:00,17.85,19.05,17.6,18.95,315225,3761250,25.97,19.0,19.05
5335,2021-06-10 10:26:00,19.15,19.15,17.0,17.7,400800,3725325,25.83,17.7,17.75
5336,2021-06-10 10:27:00,17.9,18.4,17.6,17.7,246825,3725325,25.75,17.7,17.8
5337,2021-06-10 10:28:00,17.65,18.05,17.0,17.0,229200,3725325,25.67,17.0,17.05
5338,2021-06-10 10:29:00,17.4,18.0,17.0,17.85,170775,3768600,25.61,17.9,17.95
5339,2021-06-10 10:30:00,17.5,18.25,17.1,18.1,255675,3768600,25.53,18.1,18.15
5340,2021-06-10 10:31:00,18.25,18.25,17.1,17.75,200475,3768600,25.46,17.75,17.85
5341,2021-06-10 10:32:00,17.85,18.05,17.45,17.45,125400,3787425,25.42,17.4,17.45
5342,2021-06-10 10:33:00,17.55,17.75,17.1,17.25,182700,3787425,25.36,17.2,17.3
5343,2021-06-10 10:34:00,17.3,17.55,16.7,17.35,235500,3787425,25.28,17.3,17.4
5344,2021-06-10 10:35:00,17.3,18.2,17.3,17.9,175125,3800550,25.23,17.9,17.95
5345,2021-06-10 10:36:00,17.7,18.35,17.7,18.2,178575,3800550,25.18,18.15,18.2
5346,2021-06-10 10:37:00,18.25,18.5,17.6,18.5,180900,3800550,25.13,18.4,18.45
5347,2021-06-10 10:38:00,18.35,18.55,17.8,17.85,124875,3796650,25.1,17.8,17.85
5348,2021-06-10 10:39:00,17.8,17.95,17.15,17.4,179475,3796650,25.04,17.35,17.4
5349,2021-06-10 10:40:00,17.35,17.95,16.9,16.95,196350,3796650,24.99,16.9,17.0
5350,2021-06-10 10:41:00,17.0,17.5,16.8,17.5,120975,3840375,24.95,17.45,17.5
5351,2021-06-10 10:42:00,17.45,17.55,17.0,17.1,98175,3840375,24.92,17.15,17.2
5352,2021-06-10 10:43:00,17.15,17.5,16.25,16.6,168000,3840375,24.87,16.65,16.75
5353,2021-06-10 10:44:00,16.65,16.65,15.0,15.8,475425,3890175,24.7,15.7,15.75
5354,2021-06-10 10:45:00,15.8,16.0,15.5,15.65,244500,3890175,24.62,15.65,15.7
5355,2021-06-10 10:46:00,15.85,16.55,15.7,16.05,252075,3890175,24.54,16.05,16.15
5356,2021-06-10 10:47:00,16.1,16.4,16.05,16.35,101175,3949950,24.51,16.35,16.4
5357,2021-06-10 10:48:00,16.4,16.7,16.05,16.2,180450,3949950,24.46,16.2,16.25
5358,2021-06-10 10:49:00,16.2,16.5,15.85,16.0,121875,3949950,24.42,16.0,16.05
5359,2021-06-10 10:50:00,16.05,16.7,15.9,16.25,192375,3981300,24.37,16.2,16.3
5360,2021-06-10 10:51:00,16.2,16.3,15.95,16.15,93300,3981300,24.34,16.1,16.15
5361,2021-06-10 10:52:00,16.1,16.15,15.4,15.9,159750,3981300,24.29,15.95,16.0
5362,2021-06-10 10:53:00,15.9,16.15,15.65,15.9,83175,4020675,24.27,15.8,15.9
5363,2021-06-10 10:54:00,15.8,16.2,15.75,15.95,84825,4020675,24.24,15.85,15.95
5364,2021-06-10 10:55:00,15.95,17.1,15.85,17.0,187050,4020675,24.19,16.9,16.95
5365,2021-06-10 10:56:00,16.9,17.0,16.4,16.4,71400,3965925,24.17,16.35,16.45
5366,2021-06-10 10:57:00,16.35,16.9,16.0,16.0,102375,3965925,24.14,15.95,16.0
5367,2021-06-10 10:58:00,16.0,16.45,15.85,16.0,87825,3965925,24.12,16.0,16.05
5368,2021-06-10 10:59:00,16.0,16.2,15.1,15.3,118725,3987000,24.08,15.2,15.3
5369,2021-06-10 11:00:00,15.1,15.15,13.1,14.5,527475,3987000,23.91,14.45,14.5
5370,2021-06-10 11:01:00,14.35,14.95,14.1,14.75,178050,3987000,23.85,14.7,14.8
5371,2021-06-10 11:02:00,14.7,15.7,14.7,15.45,232650,4021125,23.78,15.4,15.5
5372,2021-06-10 11:03:00,15.35,15.9,15.3,15.55,270375,4021125,23.71,15.45,15.55
5373,2021-06-10 11:04:00,15.5,17.05,14.9,16.4,292200,4021125,23.64,16.4,16.45
5374,2021-06-10 11:05:00,16.45,18.3,16.45,18.25,493500,3964800,23.53,18.2,18.3
5375,2021-06-10 11:06:00,18.35,19.5,17.6,17.9,536025,3964800,23.45,17.8,17.9
5376,2021-06-10 11:07:00,18.3,19.25,17.95,18.95,221325,3964800,23.42,18.85,18.9
5377,2021-06-10 11:08:00,19.05,19.4,18.4,18.85,246450,3942300,23.38,18.8,18.9
5378,2021-06-10 11:09:00,18.85,19.0,17.25,18.65,316275,3942300,23.33,18.65,18.75
5379,2021-06-10 11:10:00,19.0,19.3,18.2,19.3,253875,3942300,23.3,19.25,19.3
5380,2021-06-10 11:11:00,19.35,19.9,18.6,19.9,368250,3959625,23.25,19.85,19.95
5381,2021-06-10 11:12:00,19.9,19.95,18.1,18.75,329775,3959625,23.21,18.6,18.7
5382,2021-06-10 11:13:00,18.8,18.95,17.8,18.8,180525,3959625,23.18,18.9,18.95
5383,2021-06-10 11:14:00,18.9,19.25,18.9,19.25,153075,3919275,23.16,19.2,19.3
5384,2021-06-10 11:15:00,19.1,19.9,18.8,19.5,195600,3919275,23.14,19.45,19.55
5385,2021-06-10 11:16:00,19.55,19.55,17.5,17.8,237000,3919275,23.11,17.75,17.8
5386,2021-06-10 11:17:00,17.8,19.0,17.8,18.0,103050,3887475,23.09,18.0,18.1
5387,2021-06-10 11:18:00,18.25,18.4,17.8,18.15,101025,3887475,23.08,18.2,18.25
5388,2021-06-10 11:19:00,18.1,18.4,17.65,18.15,119550,3887475,23.06,18.1,18.15
5389,2021-06-10 11:20:00,18.2,18.3,16.95,16.95,148200,3894750,23.04,16.9,16.95
5390,2021-06-10 11:21:00,16.85,17.65,16.15,17.55,296400,3894750,22.98,17.45,17.5
5391,2021-06-10 11:22:00,17.55,17.85,16.9,17.2,130875,3894750,22.96,17.1,17.2
5392,2021-06-10 11:23:00,17.15,17.2,16.25,16.65,122100,3906675,22.94,16.6,16.7
5393,2021-06-10 11:24:00,16.8,17.0,16.45,16.45,107400,3906675,22.92,16.45,16.55
5394,2021-06-10 11:25:00,16.55,16.75,16.05,16.25,104625,3906675,22.9,16.15,16.25
5395,2021-06-10 11:26:00,16.15,16.8,16.0,16.7,107700,3918450,22.88,16.65,16.75
5396,2021-06-10 11:27:00,16.7,17.0,16.5,16.5,68250,3918450,22.87,16.45,16.55
5397,2021-06-10 11:28:00,16.5,16.6,16.15,16.25,68475,3918450,22.86,16.2,16.25
5398,2021-06-10 11:29:00,16.15,17.2,16.1,17.0,106575,3920850,22.84,16.9,17.0
5399,2021-06-10 11:30:00,17.05,17.1,16.1,16.1,172650,3920850,22.81,16.1,16.15
5400,2021-06-10 11:31:00,16.0,16.6,16.0,16.35,98625,3920850,22.79,16.4,16.45
5401,2021-06-10 11:32:00,16.35,16.7,16.15,16.6,104850,3941250,22.77,16.55,16.6
5402,2021-06-10 11:33:00,16.8,16.95,14.9,15.25,243600,3941250,22.73,15.3,15.35
5403,2021-06-10 11:34:00,15.8,16.2,15.65,15.75,156975,3941250,22.7,15.7,15.75
5404,2021-06-10 11:35:00,15.9,15.9,15.0,15.45,146325,3941250,22.67,15.35,15.45
5405,2021-06-10 11:36:00,15.4,15.45,15.05,15.35,220425,3924300,22.62,15.3,15.4
5406,2021-06-10 11:37:00,15.3,15.5,15.1,15.3,130500,3924300,22.6,15.25,15.3
5407,2021-06-10 11:38:00,15.3,15.65,15.05,15.55,122625,3924300,22.57,15.45,15.55
5408,2021-06-10 11:39:00,15.55,16.0,15.4,15.65,111900,3925425,22.55,15.6,15.65
5409,2021-06-10 11:40:00,15.65,16.65,15.65,16.45,189450,3925425,22.52,16.45,16.55
5410,2021-06-10 11:41:00,16.5,17.5,15.9,17.5,257775,3925425,22.48,17.4,17.45
5411,2021-06-10 11:42:00,17.65,18.0,17.3,17.65,293700,3912825,22.44,17.65,17.75
5412,2021-06-10 11:43:00,17.6,17.6,15.1,15.5,386175,3912825,22.38,15.45,15.55
5413,2021-06-10 11:44:00,16.0,16.0,15.05,15.45,217200,3912825,22.34,15.55,15.6
5414,2021-06-10 11:45:00,15.7,15.8,14.55,15.1,309900,3964500,22.28,15.05,15.15
5415,2021-06-10 11:46:00,15.1,16.15,15.1,15.75,299475,3964500,22.23,15.65,15.75
5416,2021-06-10 11:47:00,15.9,16.8,15.75,15.95,236850,3964500,22.19,15.95,16.0
5417,2021-06-10 11:48:00,15.95,16.3,15.7,16.1,82500,3948675,22.18,16.05,16.1
5418,2021-06-10 11:49:00,16.05,16.5,16.0,16.05,94200,3948675,22.17,16.0,16.05
5419,2021-06-10 11:50:00,15.95,16.05,15.45,15.7,90900,3948675,22.15,15.7,15.8
5420,2021-06-10 11:51:00,15.9,16.4,15.65,15.95,90750,3986325,22.14,15.95,16.0
5421,2021-06-10 11:52:00,16.0,16.05,15.7,15.9,50400,3986325,22.13,15.85,15.95
5422,2021-06-10 11:53:00,15.9,16.05,14.7,14.7,239625,3986325,22.09,14.65,14.75
5423,2021-06-10 11:54:00,14.65,14.65,14.15,14.55,489750,4033350,21.99,14.5,14.55
5424,2021-06-10 11:55:00,14.65,15.55,14.5,14.85,261225,4033350,21.95,14.8,14.85
5425,2021-06-10 11:56:00,14.9,15.45,14.3,14.8,191400,4033350,21.91,14.75,14.8
5426,2021-06-10 11:57:00,14.8,15.0,14.55,14.65,132000,4062375,21.89,14.65,14.75
5427,2021-06-10 11:58:00,14.7,14.7,12.8,13.8,490725,4062375,21.79,13.7,13.8
5428,2021-06-10 11:59:00,13.8,14.25,13.55,13.7,278025,4062375,21.74,13.7,13.8
5429,2021-06-10 12:00:00,13.65,14.05,12.25,12.7,996675,4155225,21.54,12.65,12.75
5430,2021-06-10 12:01:00,12.7,14.35,12.45,13.65,1039650,4155225,21.35,13.65,13.7
5431,2021-06-10 12:02:00,13.55,13.6,12.55,12.8,480825,4155225,21.26,12.75,12.8
5432,2021-06-10 12:03:00,12.9,13.0,12.4,12.5,313800,4157250,21.2,12.45,12.55
5433,2021-06-10 12:04:00,12.5,13.15,12.5,12.95,336150,4157250,21.13,13.0,13.05
5434,2021-06-10 12:05:00,13.1,13.15,12.55,12.75,288900,4157250,21.08,12.65,12.7
5435,2021-06-10 12:06:00,12.6,12.65,11.65,11.75,391500,4223400,21.01,11.7,11.75
5436,2021-06-10 12:07:00,11.6,12.05,11.35,12.05,393375,4223400,20.93,12.05,12.1
5437,2021-06-10 12:08:00,12.0,12.05,11.45,11.75,321300,4223400,20.86,11.75,11.85
5438,2021-06-10 12:09:00,11.75,12.15,11.65,11.75,268200,4244700,20.81,11.7,11.75
5439,2021-06-10 12:10:00,11.8,11.95,11.25,11.7,315675,4244700,20.75,11.7,11.8
5440,2021-06-10 12:11:00,11.85,12.2,11.7,11.7,230175,4244700,20.7,11.7,11.75
5441,2021-06-10 12:12:00,11.7,12.25,11.55,12.2,182475,4269375,20.67,12.15,12.25
5442,2021-06-10 12:13:00,12.15,12.9,12.15,12.45,270900,4269375,20.62,12.45,12.55
5443,2021-06-10 12:14:00,12.5,12.75,12.2,12.4,159075,4269375,20.6,12.3,12.4
5444,2021-06-10 12:15:00,12.4,12.45,12.1,12.1,167550,4308900,20.57,12.05,12.1
5445,2021-06-10 12:16:00,12.1,12.4,12.1,12.4,118725,4308900,20.55,12.35,12.45
5446,2021-06-10 12:17:00,12.45,12.9,12.35,12.9,157500,4308900,20.52,12.8,12.9
5447,2021-06-10 12:18:00,12.85,13.0,12.35,12.45,206775,4321800,20.49,12.45,12.5
5448,2021-06-10 12:19:00,12.45,12.6,11.6,12.1,183825,4321800,20.46,12.05,12.1
5449,2021-06-10 12:20:00,12.05,12.5,11.75,12.45,144075,4321800,20.43,12.35,12.4
5450,2021-06-10 12:21:00,12.6,12.95,12.45,12.75,174000,4371825,20.4,12.65,12.75
5451,2021-06-10 12:22:00,12.7,13.0,12.4,12.7,227775,4371825,20.37,12.65,12.7
5452,2021-06-10 12:23:00,12.7,13.05,12.45,12.65,182325,4371825,20.34,12.6,12.65
5453,2021-06-10 12:24:00,12.5,12.65,12.05,12.3,142575,4338150,20.32,12.3,12.4
5454,2021-06-10 12:25:00,12.35,13.15,12.35,12.75,163050,4338150,20.29,12.7,12.75
5455,2021-06-10 12:26:00,12.7,12.85,12.3,12.3,117225,4338150,20.27,12.3,12.35
5456,2021-06-10 12:27:00,12.35,12.9,12.0,12.7,155100,4365450,20.25,12.65,12.7
5457,2021-06-10 12:28:00,12.7,14.15,12.45,14.15,356550,4365450,20.2,14.1,14.15
5458,2021-06-10 12:29:00,13.9,14.8,13.35,14.1,539250,4365450,20.14,14.05,14.1
5459,2021-06-10 12:30:00,14.15,14.2,12.7,12.75,296325,4268325,20.1,12.65,12.75
5460,2021-06-10 12:31:00,12.85,13.95,12.85,13.65,171900,4268325,20.07,13.55,13.65
5461,2021-06-10 12:32:00,13.55,13.95,13.4,13.95,138225,4268325,20.06,13.9,13.95
5462,2021-06-10 12:33:00,13.95,14.2,13.6,13.8,213975,4260675,20.03,13.8,13.85
5463,2021-06-10 12:34:00,13.8,14.0,13.05,13.2,157725,4260675,20.01,13.15,13.25
5464,2021-06-10 12:35:00,13.15,13.2,12.55,12.75,159300,4260675,19.99,12.7,12.8
5465,2021-06-10 12:36:00,12.85,12.9,11.45,12.2,253050,4312125,19.95,12.15,12.25
5466,2021-06-10 12:37:00,12.1,12.4,12.0,12.05,96300,4312125,19.94,12.05,12.15
5467,2021-06-10 12:38:00,12.1,12.65,11.9,12.15,130575,4312125,19.92,12.05,12.15
5468,2021-06-10 12:39:00,12.1,12.45,11.9,12.2,112125,4328250,19.9,12.2,12.25
5469,2021-06-10 12:40:00,12.35,12.5,11.9,12.35,90450,4328250,19.89,12.3,12.35
5470,2021-06-10 12:41:00,12.4,14.35,12.2,14.35,297300,4328250,19.85,14.35,14.45
5471,2021-06-10 12:42:00,14.4,17.35,14.35,16.2,948300,4339650,19.78,16.2,16.3
5472,2021-06-10 12:43:00,16.25,19.1,15.1,17.8,930225,4339650,19.74,17.65,17.7
5473,2021-06-10 12:44:00,17.85,18.1,16.25,16.25,576600,4339650,19.71,16.25,16.3
5474,2021-06-10 12:45:00,16.2,17.4,15.6,17.0,484875,4284450,19.68,16.95,17.05
5475,2021-06-10 12:46:00,16.9,17.95,13.55,14.6,651225,4284450,19.63,14.5,14.6
5476,2021-06-10 12:47:00,14.6,16.35,14.6,15.0,307200,4284450,19.61,14.9,14.95
5477,2021-06-10 12:48:00,14.9,15.55,14.65,15.1,191925,4295850,19.59,15.0,15.1
5478,2021-06-10 12:49:00,15.1,15.15,13.7,14.5,272475,4295850,19.57,14.35,14.4
5479,2021-06-10 12:50:00,14.1,14.35,13.05,13.1,221325,4295850,19.55,13.05,13.15
5480,2021-06-10 12:51:00,13.35,13.55,12.55,12.7,245775,4311675,19.52,12.6,12.7
5481,2021-06-10 12:52:00,12.7,13.25,12.4,12.4,194850,4311675,19.5,12.45,12.5
5482,2021-06-10 12:53:00,12.6,14.15,12.6,14.15,200100,4311675,19.48,14.05,14.15
5483,2021-06-10 12:54:00,14.15,15.85,14.15,15.85,339000,4366950,19.45,15.75,15.85
5484,2021-06-10 12:55:00,15.65,15.85,14.2,14.45,281700,4366950,19.43,14.45,14.5
5485,2021-06-10 12:56:00,14.5,15.3,14.45,14.55,156675,4366950,19.42,14.55,14.6
5486,2021-06-10 12:57:00,14.6,14.6,13.15,14.15,266700,4440000,19.39,14.1,14.2
5487,2021-06-10 12:58:00,14.25,15.75,14.05,15.35,235200,4440000,19.37,15.4,15.5
5488,2021-06-10 12:59:00,15.65,16.5,15.0,16.35,234075,4440000,19.36,16.35,16.45
5489,2021-06-10 13:00:00,16.9,17.15,15.45,17.0,309975,4429725,19.34,17.0,17.05
5490,2021-06-10 13:01:00,17.15,17.9,14.25,14.5,556125,4429725,19.31,14.5,14.55
5491,2021-06-10 13:02:00,14.5,14.5,11.15,12.55,666675,4429725,19.24,12.5,12.6
5492,2021-06-10 13:03:00,12.55,13.7,12.55,13.0,336225,4494150,19.21,13.0,13.1
5493,2021-06-10 13:04:00,13.3,14.0,12.8,12.8,174375,4494150,19.19,12.75,12.8
5494,2021-06-10 13:05:00,12.95,12.95,12.3,12.35,238575,4494150,19.17,12.3,12.35
5495,2021-06-10 13:06:00,12.4,13.9,12.25,13.25,235800,4526625,19.14,13.15,13.2
5496,2021-06-10 13:07:00,13.25,13.45,12.5,12.75,121125,4526625,19.13,12.7,12.8
5497,2021-06-10 13:08:00,12.9,13.45,12.4,13.25,137175,4526625,19.12,13.25,13.35
5498,2021-06-10 13:09:00,13.4,13.4,12.35,12.5,141000,4565550,19.1,12.45,12.55
5499,2021-06-10 13:10:00,12.5,12.75,11.8,12.75,193200,4565550,19.08,12.7,12.75
5500,2021-06-10 13:11:00,12.7,13.8,12.65,13.35,321525,4565550,19.05,13.25,13.35
5501,2021-06-10 13:12:00,13.35,13.65,12.55,12.55,169050,4585425,19.04,12.5,12.55
5502,2021-06-10 13:13:00,12.45,13.25,12.35,13.15,125400,4585425,19.02,13.1,13.15
5503,2021-06-10 13:14:00,13.2,13.75,13.0,13.55,123075,4585425,19.01,13.5,13.55
5504,2021-06-10 13:15:00,13.6,13.6,12.5,12.75,179325,4604850,18.99,12.7,12.75
5505,2021-06-10 13:16:00,12.8,13.75,12.55,13.7,183450,4604850,18.98,13.7,13.8
5506,2021-06-10 13:17:00,13.7,13.7,12.4,12.5,157275,4604850,18.96,12.4,12.5
5507,2021-06-10 13:18:00,12.6,12.75,11.95,12.7,203250,4651725,18.94,12.6,12.65
5508,2021-06-10 13:19:00,12.85,12.9,7.2,7.8,1075950,4651725,18.78,7.7,7.8
5509,2021-06-10 13:20:00,7.75,8.7,7.3,8.55,1123050,4651725,18.6,8.45,8.55
5510,2021-06-10 13:21:00,8.5,8.95,7.95,8.8,467475,4464525,18.53,8.75,8.85
5511,2021-06-10 13:22:00,8.75,9.05,8.4,8.55,350400,4464525,18.48,8.5,8.55
5512,2021-06-10 13:23:00,8.45,8.45,8.0,8.25,340575,4464525,18.43,8.25,8.3
5513,2021-06-10 13:24:00,8.2,8.6,7.4,7.45,309000,4460325,18.38,7.4,7.45
5514,2021-06-10 13:25:00,7.5,8.4,6.9,7.9,582450,4460325,18.29,7.85,7.95
5515,2021-06-10 13:26:00,7.85,8.15,7.55,7.75,270675,4460325,18.25,7.75,7.8
5516,2021-06-10 13:27:00,7.85,8.55,7.65,8.15,345750,4405125,18.19,8.15,8.2
5517,2021-06-10 13:28:00,8.15,8.2,7.55,7.6,242850,4405125,18.16,7.55,7.6
5518,2021-06-10 13:29:00,7.7,8.0,7.4,8.0,249000,4405125,18.12,7.95,8.0
5519,2021-06-10 13:30:00,7.95,8.0,7.5,7.65,268275,4413000,18.08,7.65,7.7
5520,2021-06-10 13:31:00,7.7,8.3,7.7,8.1,353550,4413000,18.03,8.1,8.15
5521,2021-06-10 13:32:00,8.15,8.15,7.5,7.7,285675,4413000,17.99,7.65,7.7
5522,2021-06-10 13:33:00,7.7,7.7,7.25,7.25,350325,4380825,17.94,7.2,7.3
5523,2021-06-10 13:34:00,7.35,7.6,7.15,7.45,226725,4380825,17.9,7.45,7.55
5524,2021-06-10 13:35:00,7.55,7.9,7.25,7.65,322950,4380825,17.86,7.6,7.65
5525,2021-06-10 13:36:00,7.7,7.8,7.1,7.4,212775,4374675,17.82,7.35,7.4
5526,2021-06-10 13:37:00,7.3,7.5,6.35,6.35,338700,4374675,17.77,6.35,6.4
5527,2021-06-10 13:38:00,6.45,6.8,6.2,6.65,365175,4374675,17.72,6.6,6.7
5528,2021-06-10 13:39:00,6.65,7.05,6.6,6.95,325425,4323000,17.67,6.85,6.9
5529,2021-06-10 13:40:00,6.85,6.9,6.35,6.8,255075,4323000,17.63,6.75,6.8
5530,2021-06-10 13:41:00,6.75,7.7,6.75,7.55,354150,4323000,17.58,7.55,7.6
5531,2021-06-10 13:42:00,7.65,10.6,7.4,7.4,1026825,4299225,17.46,7.3,7.4
5532,2021-06-10 13:43:00,7.8,9.35,7.7,8.5,487875,4299225,17.4,8.5,8.55
5533,2021-06-10 13:44:00,8.4,9.15,8.1,8.3,284400,4299225,17.37,8.25,8.3
5534,2021-06-10 13:45:00,8.35,9.1,6.65,7.15,440100,4339725,17.31,7.1,7.15
5535,2021-06-10 13:46:00,7.15,7.55,7.15,7.3,213525,4339725,17.28,7.3,7.4
5536,2021-06-10 13:47:00,7.25,7.55,7.1,7.1,188175,4339725,17.26,7.1,7.15
5537,2021-06-10 13:48:00,6.95,6.95,3.6,5.2,1266675,4413825,17.06,5.15,5.2
5538,2021-06-10 13:49:00,5.2,6.45,5.05,6.4,767700,4413825,16.95,6.35,6.45
5539,2021-06-10 13:50:00,6.6,6.6,5.6,5.65,407100,4413825,16.89,5.65,5.7
5540,2021-06-10 13:51:00,5.7,6.0,5.4,5.85,376725,4303425,16.84,5.85,5.9
5541,2021-06-10 13:52:00,5.9,6.4,5.4,5.6,470325,4303425,16.77,5.55,5.6
5542,2021-06-10 13:53:00,5.65,6.1,5.4,5.6,336450,4303425,16.72,5.55,5.6
5543,2021-06-10 13:54:00,5.55,5.85,5.4,5.7,261450,4304250,16.69,5.6,5.7
5544,2021-06-10 13:55:00,5.55,5.9,5.45,5.8,238725,4304250,16.65,5.8,5.9
5545,2021-06-10 13:56:00,5.95,6.3,5.6,5.9,273075,4304250,16.62,5.9,5.95
5546,2021-06-10 13:57:00,6.0,6.25,5.75,5.75,148350,4304025,16.6,5.7,5.75
5547,2021-06-10 13:58:00,5.65,6.0,5.55,5.65,145500,4304025,16.58,5.6,5.65
5548,2021-06-10 13:59:00,5.6,6.1,5.05,6.0,410850,4304025,16.52,6.05,6.1
5549,2021-06-10 14:00:00,6.1,7.85,6.0,6.1,621150,4304250,16.45,6.05,6.15
5550,2021-06-10 14:01:00,6.05,7.05,6.05,6.9,358725,4304250,16.41,6.85,6.9
5551,2021-06-10 14:02:00,6.9,7.2,6.35,6.85,218850,4304250,16.38,6.8,6.85
5552,2021-06-10 14:03:00,6.95,7.0,5.7,6.25,303900,4329975,16.34,6.2,6.25
5553,2021-06-10 14:04:00,6.35,6.7,5.9,6.35,192525,4329975,16.32,6.35,6.4
5554,2021-06-10 14:05:00,6.4,6.4,5.25,5.95,366750,4329975,16.27,5.95,6.0
5555,2021-06-10 14:06:00,6.0,6.65,5.9,6.45,293925,4391400,16.24,6.45,6.5
5556,2021-06-10 14:07:00,6.55,7.0,6.5,6.85,214575,4391400,16.21,6.8,6.9
5557,2021-06-10 14:08:00,6.85,7.2,6.05,6.65,248025,4391400,16.18,6.65,6.7
5558,2021-06-10 14:09:00,6.5,6.7,6.15,6.15,214275,4455600,16.16,6.15,6.2
5559,2021-06-10 14:10:00,6.15,6.25,5.5,5.95,286350,4455600,16.12,5.95,6.0
5560,2021-06-10 14:11:00,6.05,6.15,5.5,5.65,208200,4455600,16.1,5.6,5.65
5561,2021-06-10 14:12:00,5.55,5.75,4.9,5.2,400575,4523700,16.05,5.2,5.25
5562,2021-06-10 14:13:00,5.15,5.35,4.75,4.95,287025,4523700,16.01,4.9,4.95
5563,2021-06-10 14:14:00,4.95,5.0,4.15,4.45,523950,4523700,15.94,4.45,4.5
5564,2021-06-10 14:15:00,4.4,4.7,4.25,4.25,374400,4552050,15.89,4.2,4.25
5565,2021-06-10 14:16:00,4.25,4.5,4.15,4.35,384675,4552050,15.84,4.3,4.35
5566,2021-06-10 14:17:00,4.3,4.4,4.2,4.25,293100,4552050,15.8,4.25,4.3
5567,2021-06-10 14:18:00,4.25,4.25,3.55,3.75,419700,4560825,15.74,3.7,3.75
5568,2021-06-10 14:19:00,3.7,3.7,2.4,2.5,926700,4560825,15.61,2.45,2.5
5569,2021-06-10 14:20:00,2.5,3.05,2.45,2.75,1025850,4560825,15.46,2.75,2.8
5570,2021-06-10 14:21:00,2.8,3.1,2.75,3.05,814800,4353075,15.34,3.0,3.05
5571,2021-06-10 14:22:00,3.05,3.2,2.75,3.05,536700,4353075,15.27,3.0,3.05
5572,2021-06-10 14:23:00,2.95,3.15,2.65,2.9,572025,4353075,15.19,2.85,2.9
5573,2021-06-10 14:24:00,2.85,3.0,2.75,2.9,530025,4278075,15.12,2.9,2.95
5574,2021-06-10 14:25:00,2.9,2.9,2.45,2.55,471825,4278075,15.06,2.55,2.6
5575,2021-06-10 14:26:00,2.55,2.9,2.55,2.9,515325,4278075,14.99,2.85,2.9
5576,2021-06-10 14:27:00,2.85,2.9,2.55,2.55,290400,4242675,14.95,2.55,2.6
5577,2021-06-10 14:28:00,2.55,2.95,2.5,2.8,419250,4242675,14.89,2.75,2.8
5578,2021-06-10 14:29:00,2.8,2.9,2.75,2.75,261075,4242675,14.86,2.7,2.75
5579,2021-06-10 14:30:00,2.65,2.7,2.45,2.5,242025,4219500,14.83,2.5,2.55
5580,2021-06-10 14:31:00,2.5,2.85,2.45,2.55,279075,4219500,14.79,2.55,2.6
5581,2021-06-10 14:32:00,2.6,2.9,2.5,2.85,211800,4219500,14.77,2.8,2.85
5582,2021-06-10 14:33:00,2.75,3.25,2.7,2.8,369600,4115550,14.72,2.8,2.85
5583,2021-06-10 14:34:00,2.75,2.8,2.1,2.15,236700,4115550,14.69,2.1,2.15
5584,2021-06-10 14:35:00,2.05,2.25,1.8,2.05,716400,4115550,14.59,2.0,2.05
5585,2021-06-10 14:36:00,2.05,2.1,1.8,2.0,573600,3993225,14.52,2.0,2.1
5586,2021-06-10 14:37:00,2.05,2.15,1.65,1.85,426825,3993225,14.46,1.8,1.85
5587,2021-06-10 14:38:00,1.85,2.0,1.75,1.8,282600,3993225,14.43,1.75,1.8
5588,2021-06-10 14:39:00,1.75,1.9,1.75,1.85,293700,3906600,14.39,1.8,1.85
5589,2021-06-10 14:40:00,1.75,1.8,1.4,1.5,475800,3906600,14.33,1.45,1.5
5590,2021-06-10 14:41:00,1.5,1.6,1.3,1.5,385650,3906600,14.27,1.5,1.55
5591,2021-06-10 14:42:00,1.55,1.7,1.45,1.45,300375,3772125,14.24,1.4,1.45
5592,2021-06-10 14:43:00,1.35,1.5,1.3,1.35,316125,3772125,14.19,1.3,1.35
5593,2021-06-10 14:44:00,1.35,1.4,1.25,1.3,367875,3772125,14.15,1.25,1.3
5594,2021-06-10 14:45:00,1.35,1.8,1.3,1.65,542850,3670875,14.08,1.65,1.7
5595,2021-06-10 14:46:00,1.75,1.75,1.1,1.3,498975,3670875,14.01,1.25,1.3
5596,2021-06-10 14:47:00,1.3,1.4,1.25,1.3,534750,3670875,13.95,1.3,1.35
5597,2021-06-10 14:48:00,1.35,1.7,1.3,1.65,416400,3526050,13.9,1.7,1.75
5598,2021-06-10 14:49:00,1.75,2.5,1.55,1.55,689550,3526050,13.81,1.5,1.55
5599,2021-06-10 14:50:00,1.55,2.05,1.5,1.6,323700,3526050,13.78,1.6,1.65
5600,2021-06-10 14:51:00,1.6,1.8,1.5,1.65,196500,3515250,13.75,1.6,1.65
5601,2021-06-10 14:52:00,1.7,1.7,1.4,1.45,234525,3515250,13.72,1.45,1.5
5602,2021-06-10 14:53:00,1.45,1.45,1.25,1.25,315900,3515250,13.69,1.25,1.3
5603,2021-06-10 14:54:00,1.25,1.8,1.25,1.5,381900,3460950,13.64,1.5,1.55
5604,2021-06-10 14:55:00,1.55,1.9,1.55,1.55,329175,3460950,13.6,1.55,1.6
5605,2021-06-10 14:56:00,1.55,1.6,1.4,1.45,301500,3460950,13.57,1.45,1.55
5606,2021-06-10 14:57:00,1.5,1.8,1.4,1.4,336525,3529500,13.53,1.4,1.45
5607,2021-06-10 14:58:00,1.45,1.45,1.1,1.15,381150,3529500,13.48,1.1,1.15
5608,2021-06-10 14:59:00,1.15,1.4,0.9,0.95,693000,3529500,13.4,0.9,0.95
5609,2021-06-10 15:00:00,0.9,0.95,0.55,0.55,467625,3501075,13.35,0.55,0.6
5610,2021-06-10 15:01:00,0.55,0.55,0.4,0.45,482475,3501075,13.29,0.45,0.5
5611,2021-06-10 15:02:00,0.45,0.45,0.35,0.35,371025,3501075,13.24,0.35,0.4
5612,2021-06-10 15:03:00,0.35,0.45,0.35,0.35,339525,3186300,13.2,0.35,0.4
5613,2021-06-10 15:04:00,0.4,0.4,0.3,0.35,303825,3186300,13.17,0.3,0.35
5614,2021-06-10 15:05:00,0.3,0.35,0.25,0.3,299400,3186300,13.13,0.25,0.3
5615,2021-06-10 15:06:00,0.3,0.4,0.25,0.35,270975,2876400,13.1,0.3,0.35
5616,2021-06-10 15:07:00,0.35,0.35,0.3,0.35,186300,2876400,13.08,0.3,0.35
5617,2021-06-10 15:08:00,0.35,0.35,0.3,0.3,143325,2876400,13.06,0.3,0.35
5618,2021-06-10 15:09:00,0.3,0.35,0.3,0.3,180375,2836275,13.04,0.3,0.35
5619,2021-06-10 15:10:00,0.3,0.3,0.25,0.25,190500,2836275,13.02,0.25,0.3
5620,2021-06-10 15:11:00,0.25,0.3,0.2,0.3,115725,2836275,13.0,0.25,0.3
5621,2021-06-10 15:12:00,0.3,0.3,0.2,0.2,186900,2717250,12.98,0.2,0.25
5622,2021-06-10 15:13:00,0.2,0.25,0.2,0.2,87975,2717250,12.97,0.2,0.25
5623,2021-06-10 15:14:00,0.25,0.25,0.15,0.15,228900,2717250,12.94,0.15,0.2
5624,2021-06-10 15:15:00,0.2,0.2,0.15,0.2,196575,2562675,12.92,0.15,0.2
5625,2021-06-10 15:16:00,0.15,0.2,0.1,0.1,144075,2562675,12.9,0.1,0.15
5626,2021-06-10 15:17:00,0.1,0.15,0.1,0.1,96900,2562675,12.89,0.1,0.15
5627,2021-06-10 15:18:00,0.1,0.15,0.1,0.15,69150,2470950,12.88,0.1,0.15
5628,2021-06-10 15:19:00,0.1,0.15,0.1,0.1,64650,2470950,12.88,0.1,0.15
5629,2021-06-10 15:20:00,0.1,0.15,0.1,0.15,71775,2470950,12.87,0.1,0.15
5630,2021-06-10 15:21:00,0.1,0.15,0.1,0.15,99450,2396775,12.86,0.1,0.15
5631,2021-06-10 15:22:00,0.1,0.15,0.1,0.1,170475,2396775,12.84,0.1,0.15
5632,2021-06-10 15:23:00,0.1,0.15,0.05,0.05,172800,2396775,12.82,0.05,0.1
5633,2021-06-10 15:24:00,0.05,0.1,0.05,0.05,71325,2107800,12.81,0.05,0.1
5634,2021-06-10 15:25:00,0.1,0.15,0.05,0.05,196725,2107800,12.78,0.05,0.1
5635,2021-06-10 15:26:00,0.05,0.1,0.05,0.05,48825,2107800,12.78,0.05,0.1
5636,2021-06-10 15:27:00,0.1,0.1,0.05,0.05,33900,2001375,12.78,0.05,0.1
5637,2021-06-10 15:28:00,0.05,0.1,0.05,0.05,190350,2001375,12.75,0.05,0.1
5638,2021-06-10 15:29:00,0.05,0.1,0.05,0.05,190350,2001375,12.75,0.05,0.1
5639,2021-06-10 15:30:00,0.05,0.1,0.05,0.05,27900,2001375,12.75,0.0,0.05
