,date,open,high,low,close,volume,oi
0,2022-07-01 11:30:00+05:30,9.15,9.15,9.15,9.15,0,14500
1,2022-07-01 11:31:00+05:30,9.15,9.15,9.15,9.15,0,14500
2,2022-07-01 11:32:00+05:30,9.15,9.15,9.15,9.15,0,14500
3,2022-07-01 11:33:00+05:30,9.15,9.15,9.15,9.15,0,14500
4,2022-07-01 11:34:00+05:30,9.15,9.15,9.15,9.15,0,14500
5,2022-07-01 11:35:00+05:30,9.15,9.15,9.15,9.15,0,14500
6,2022-07-01 11:36:00+05:30,9.15,9.15,9.15,9.15,0,14500
7,2022-07-01 11:37:00+05:30,9.15,9.15,9.15,9.15,0,14500
8,2022-07-01 11:38:00+05:30,9.15,9.15,9.15,9.15,0,14500
9,2022-07-01 11:39:00+05:30,9.15,9.15,9.15,9.15,0,14500
10,2022-07-01 11:40:00+05:30,9.15,9.15,9.15,9.15,0,14500
11,2022-07-01 11:41:00+05:30,9.15,9.15,9.15,9.15,0,14500
12,2022-07-01 11:42:00+05:30,9.15,9.15,8.7,8.7,1075,2150
13,2022-07-01 11:43:00+05:30,8.7,8.7,8.7,8.7,0,2150
14,2022-07-01 11:44:00+05:30,8.7,8.7,8.7,8.7,0,2150
15,2022-07-01 11:45:00+05:30,8.7,8.7,8.7,8.7,0,2150
16,2022-07-01 11:46:00+05:30,8.7,8.7,8.05,8.05,1075,2150
17,2022-07-01 11:47:00+05:30,8.05,8.05,8.05,8.05,0,2150
18,2022-07-01 11:48:00+05:30,8.05,8.05,8.0,8.0,4300,3225
19,2022-07-01 11:49:00+05:30,8.05,8.05,8.05,8.05,1075,3225
20,2022-07-01 11:50:00+05:30,8.05,8.25,7.95,8.25,8600,12900
21,2022-07-01 11:51:00+05:30,8.25,8.4,8.25,8.4,1075,12900
22,2022-07-01 11:52:00+05:30,8.4,8.4,8.4,8.4,0,12900
23,2022-07-01 11:53:00+05:30,8.4,8.4,8.15,8.15,2150,12900
24,2022-07-01 11:54:00+05:30,8.15,8.15,8.15,8.15,0,12900
25,2022-07-01 11:55:00+05:30,8.15,8.15,8.15,8.15,0,12900
26,2022-07-01 11:56:00+05:30,8.15,8.25,8.15,8.25,1075,18275
27,2022-07-01 11:57:00+05:30,8.25,8.35,8.25,8.35,1075,19350
28,2022-07-01 11:58:00+05:30,8.35,8.35,8.35,8.35,0,19350
29,2022-07-01 11:59:00+05:30,8.35,8.45,8.35,8.4,4300,19350
30,2022-07-01 12:00:00+05:30,8.6,8.6,8.4,8.6,2150,20425
31,2022-07-01 12:01:00+05:30,8.6,8.6,8.6,8.6,0,20425
32,2022-07-01 12:02:00+05:30,8.45,8.6,8.45,8.45,1075,20425
33,2022-07-01 12:03:00+05:30,8.45,8.45,8.45,8.45,1075,22575
34,2022-07-01 12:04:00+05:30,8.45,8.45,8.45,8.45,0,22575
35,2022-07-01 12:05:00+05:30,8.45,8.45,8.45,8.45,0,22575
36,2022-07-01 12:06:00+05:30,8.45,8.45,8.35,8.35,2150,23650
37,2022-07-01 12:07:00+05:30,8.35,8.4,8.35,8.4,1075,23650
38,2022-07-01 12:08:00+05:30,8.4,8.45,8.4,8.45,3225,23650
39,2022-07-01 12:09:00+05:30,8.45,8.55,8.45,8.5,2150,25800
40,2022-07-01 12:10:00+05:30,8.5,8.55,8.45,8.45,4300,25800
41,2022-07-01 12:11:00+05:30,8.45,8.45,8.45,8.45,2150,30100
42,2022-07-01 12:12:00+05:30,8.45,8.45,8.4,8.45,2150,30100
43,2022-07-01 12:13:00+05:30,8.45,8.5,8.4,8.4,4300,30100
44,2022-07-01 12:14:00+05:30,8.4,8.5,8.4,8.5,3225,36550
45,2022-07-01 12:15:00+05:30,8.5,8.5,8.5,8.5,0,36550
46,2022-07-01 12:16:00+05:30,8.5,8.65,8.5,8.65,2150,36550
47,2022-07-01 12:17:00+05:30,8.65,8.7,8.65,8.7,2150,38700
48,2022-07-01 12:18:00+05:30,8.7,8.8,8.7,8.8,3225,38700
49,2022-07-01 12:19:00+05:30,8.8,8.95,8.75,8.95,6450,38700
50,2022-07-01 12:20:00+05:30,8.95,8.95,8.7,8.7,3225,46225
51,2022-07-01 12:21:00+05:30,8.7,8.7,8.7,8.7,0,46225
52,2022-07-01 12:22:00+05:30,8.7,8.7,8.7,8.7,0,46225
53,2022-07-01 12:23:00+05:30,8.7,8.7,8.7,8.7,0,46225
54,2022-07-01 12:24:00+05:30,8.7,8.7,8.7,8.7,0,46225
55,2022-07-01 12:25:00+05:30,8.7,8.7,8.7,8.7,0,46225
56,2022-07-01 12:26:00+05:30,8.7,8.7,8.7,8.7,0,46225
57,2022-07-01 12:27:00+05:30,8.7,8.7,8.7,8.7,0,46225
58,2022-07-01 12:28:00+05:30,8.7,8.8,8.7,8.8,1075,46225
59,2022-07-01 12:29:00+05:30,8.8,8.8,8.8,8.8,0,46225
60,2022-07-01 12:30:00+05:30,8.55,8.55,8.55,8.55,1075,47300
61,2022-07-01 12:31:00+05:30,8.55,8.55,8.55,8.55,0,47300
62,2022-07-01 12:32:00+05:30,8.55,8.55,8.55,8.55,0,47300
63,2022-07-01 12:33:00+05:30,8.55,8.55,8.3,8.3,2150,46225
64,2022-07-01 12:34:00+05:30,8.3,8.3,8.3,8.3,0,46225
65,2022-07-01 12:35:00+05:30,8.3,8.3,8.3,8.3,0,46225
66,2022-07-01 12:36:00+05:30,8.3,8.5,8.3,8.5,2150,48375
67,2022-07-01 12:37:00+05:30,8.5,8.5,8.5,8.5,1075,48375
68,2022-07-01 12:38:00+05:30,8.5,8.75,8.5,8.75,1075,48375
69,2022-07-01 12:39:00+05:30,8.75,8.8,8.75,8.8,1075,48375
70,2022-07-01 12:40:00+05:30,8.8,8.8,8.6,8.6,1075,48375
71,2022-07-01 12:41:00+05:30,8.6,8.7,8.6,8.7,2150,48375
72,2022-07-01 12:42:00+05:30,8.7,8.7,8.6,8.6,1075,51600
73,2022-07-01 12:43:00+05:30,8.6,8.6,8.55,8.55,1075,51600
74,2022-07-01 12:44:00+05:30,8.55,8.55,8.45,8.45,2150,51600
75,2022-07-01 12:45:00+05:30,8.45,8.5,8.45,8.5,1075,54825
76,2022-07-01 12:46:00+05:30,8.3,8.3,8.3,8.3,1075,54825
77,2022-07-01 12:47:00+05:30,8.3,8.35,8.3,8.35,1075,54825
78,2022-07-01 12:48:00+05:30,8.35,8.35,8.35,8.35,0,54825
79,2022-07-01 12:49:00+05:30,8.35,8.35,8.35,8.35,0,54825
80,2022-07-01 12:50:00+05:30,8.35,8.45,8.35,8.45,1075,55900
81,2022-07-01 12:51:00+05:30,8.45,8.45,8.45,8.45,1075,55900
82,2022-07-01 12:52:00+05:30,8.45,8.55,8.45,8.55,1075,55900
83,2022-07-01 12:53:00+05:30,8.55,8.7,8.55,8.7,2150,55900
84,2022-07-01 12:54:00+05:30,8.7,8.8,8.7,8.8,1075,61275
85,2022-07-01 12:55:00+05:30,8.8,8.8,8.8,8.8,0,61275
86,2022-07-01 12:56:00+05:30,8.8,8.8,8.65,8.65,1075,61275
87,2022-07-01 12:57:00+05:30,8.65,8.65,8.55,8.6,2150,61275
88,2022-07-01 12:58:00+05:30,8.6,8.65,8.6,8.65,1075,61275
89,2022-07-01 12:59:00+05:30,8.65,8.65,8.65,8.65,1075,61275
90,2022-07-01 13:00:00+05:30,8.65,8.9,8.65,8.85,4300,60200
91,2022-07-01 13:01:00+05:30,8.85,8.85,8.85,8.85,0,60200
92,2022-07-01 13:02:00+05:30,8.85,8.85,8.85,8.85,0,60200
93,2022-07-01 13:03:00+05:30,8.85,8.85,8.85,8.85,1075,64500
94,2022-07-01 13:04:00+05:30,8.85,8.85,8.85,8.85,0,64500
95,2022-07-01 13:05:00+05:30,8.85,8.85,8.85,8.85,0,64500
96,2022-07-01 13:06:00+05:30,8.85,8.85,8.85,8.85,0,64500
97,2022-07-01 13:07:00+05:30,8.85,8.85,8.85,8.85,0,64500
98,2022-07-01 13:08:00+05:30,8.85,8.85,8.85,8.85,0,64500
99,2022-07-01 13:09:00+05:30,8.85,8.85,8.8,8.8,4300,65575
100,2022-07-01 13:10:00+05:30,8.8,8.85,8.8,8.85,2150,65575
101,2022-07-01 13:11:00+05:30,8.85,8.9,8.85,8.9,1075,65575
102,2022-07-01 13:12:00+05:30,8.9,9.15,8.9,9.0,5375,64500
103,2022-07-01 13:13:00+05:30,9.0,9.3,9.0,9.2,3225,64500
104,2022-07-01 13:14:00+05:30,9.2,9.2,9.2,9.2,0,64500
105,2022-07-01 13:15:00+05:30,9.2,9.2,9.2,9.2,0,64500
106,2022-07-01 13:16:00+05:30,9.2,9.2,9.2,9.2,0,64500
107,2022-07-01 13:17:00+05:30,9.2,9.2,9.2,9.2,0,64500
108,2022-07-01 13:18:00+05:30,9.2,9.2,8.8,8.8,1075,63425
109,2022-07-01 13:19:00+05:30,8.8,8.8,8.8,8.8,0,63425
110,2022-07-01 13:20:00+05:30,8.75,8.75,8.75,8.75,1075,63425
111,2022-07-01 13:21:00+05:30,8.75,8.9,8.75,8.9,1075,65575
112,2022-07-01 13:22:00+05:30,8.9,8.95,8.9,8.95,2150,65575
113,2022-07-01 13:23:00+05:30,8.95,8.95,8.65,8.65,1075,65575
114,2022-07-01 13:24:00+05:30,8.65,8.65,8.55,8.55,1075,65575
115,2022-07-01 13:25:00+05:30,8.55,8.55,8.55,8.55,0,65575
116,2022-07-01 13:26:00+05:30,8.55,8.55,8.55,8.55,0,65575
117,2022-07-01 13:27:00+05:30,8.55,8.55,8.55,8.55,0,65575
118,2022-07-01 13:28:00+05:30,8.55,8.55,8.55,8.55,0,65575
119,2022-07-01 13:29:00+05:30,8.55,8.55,8.3,8.3,1075,64500
120,2022-07-01 13:30:00+05:30,8.3,8.3,8.3,8.3,0,64500
121,2022-07-01 13:31:00+05:30,8.3,8.3,8.3,8.3,0,64500
122,2022-07-01 13:32:00+05:30,8.3,8.3,8.3,8.3,0,64500
123,2022-07-01 13:33:00+05:30,8.3,8.3,8.3,8.3,0,64500
124,2022-07-01 13:34:00+05:30,8.3,8.35,8.3,8.35,1075,65575
125,2022-07-01 13:35:00+05:30,8.35,8.35,8.25,8.25,2150,65575
126,2022-07-01 13:36:00+05:30,8.25,8.25,8.25,8.25,0,65575
127,2022-07-01 13:37:00+05:30,8.25,8.25,8.25,8.25,0,65575
128,2022-07-01 13:38:00+05:30,8.25,8.25,8.1,8.1,2150,67725
129,2022-07-01 13:39:00+05:30,8.1,8.3,8.1,8.3,1075,65575
130,2022-07-01 13:40:00+05:30,8.3,8.3,8.3,8.3,0,65575
131,2022-07-01 13:41:00+05:30,8.3,8.3,8.3,8.3,0,65575
132,2022-07-01 13:42:00+05:30,8.3,8.4,8.3,8.35,2150,66650
133,2022-07-01 13:43:00+05:30,8.35,8.35,8.35,8.35,0,66650
134,2022-07-01 13:44:00+05:30,8.35,8.35,8.35,8.35,0,66650
135,2022-07-01 13:45:00+05:30,8.35,8.35,8.35,8.35,0,66650
136,2022-07-01 13:46:00+05:30,8.35,8.35,8.2,8.2,2150,64500
137,2022-07-01 13:47:00+05:30,8.2,8.2,8.2,8.2,0,64500
138,2022-07-01 13:48:00+05:30,8.2,8.2,8.2,8.2,0,64500
139,2022-07-01 13:49:00+05:30,8.2,8.2,8.2,8.2,0,64500
140,2022-07-01 13:50:00+05:30,8.2,8.2,8.2,8.2,1075,66650
141,2022-07-01 13:51:00+05:30,8.2,8.2,8.2,8.2,0,66650
142,2022-07-01 13:52:00+05:30,8.2,8.55,8.2,8.55,1075,65575
143,2022-07-01 13:53:00+05:30,8.55,8.55,8.55,8.55,0,65575
144,2022-07-01 13:54:00+05:30,8.55,8.55,8.55,8.55,0,65575
145,2022-07-01 13:55:00+05:30,8.55,8.55,8.5,8.5,0,64500
146,2022-07-01 13:56:00+05:30,8.5,8.55,8.5,8.55,1075,64500
147,2022-07-01 13:57:00+05:30,8.55,8.55,8.55,8.55,3225,66650
148,2022-07-01 13:58:00+05:30,8.55,8.55,8.55,8.55,0,66650
149,2022-07-01 13:59:00+05:30,8.55,8.55,8.45,8.45,1075,66650
150,2022-07-01 14:00:00+05:30,8.45,8.5,8.45,8.5,1075,68800
151,2022-07-01 14:01:00+05:30,8.5,8.75,8.5,8.75,1075,68800
152,2022-07-01 14:02:00+05:30,8.75,8.75,8.75,8.75,0,68800
153,2022-07-01 14:03:00+05:30,8.7,8.85,8.6,8.8,7525,69875
154,2022-07-01 14:04:00+05:30,8.8,8.8,8.8,8.8,0,69875
155,2022-07-01 14:05:00+05:30,8.8,8.95,8.8,8.95,1075,69875
156,2022-07-01 14:06:00+05:30,8.95,8.95,8.95,8.95,0,69875
157,2022-07-01 14:07:00+05:30,8.95,9.1,8.95,9.1,1075,67725
158,2022-07-01 14:08:00+05:30,9.1,9.1,8.95,8.95,2150,67725
159,2022-07-01 14:09:00+05:30,8.95,8.95,8.95,8.95,0,67725
160,2022-07-01 14:10:00+05:30,8.95,8.95,8.95,8.95,0,67725
161,2022-07-01 14:11:00+05:30,8.95,8.95,8.95,8.95,0,67725
162,2022-07-01 14:12:00+05:30,8.65,8.7,8.65,8.7,3225,69875
163,2022-07-01 14:13:00+05:30,8.7,8.7,8.7,8.7,0,69875
164,2022-07-01 14:14:00+05:30,8.7,8.7,8.7,8.7,1075,69875
165,2022-07-01 14:15:00+05:30,8.7,8.7,8.7,8.7,0,69875
166,2022-07-01 14:16:00+05:30,8.7,8.9,8.7,8.9,1075,70950
167,2022-07-01 14:17:00+05:30,8.9,8.9,8.9,8.9,0,70950
168,2022-07-01 14:18:00+05:30,8.9,8.9,8.8,8.8,1075,70950
169,2022-07-01 14:19:00+05:30,8.8,8.8,8.8,8.8,1075,70950
170,2022-07-01 14:20:00+05:30,8.8,8.8,8.8,8.8,0,70950
171,2022-07-01 14:21:00+05:30,8.8,8.85,8.8,8.85,1075,70950
172,2022-07-01 14:22:00+05:30,8.85,8.85,8.85,8.85,0,70950
173,2022-07-01 14:23:00+05:30,8.85,8.85,8.85,8.85,0,70950
174,2022-07-01 14:24:00+05:30,8.85,8.85,8.55,8.75,3225,70950
175,2022-07-01 14:25:00+05:30,8.75,8.8,8.75,8.8,3225,70950
176,2022-07-01 14:26:00+05:30,8.8,8.85,8.8,8.8,2150,70950
177,2022-07-01 14:27:00+05:30,8.8,8.8,8.8,8.8,0,70950
178,2022-07-01 14:28:00+05:30,8.8,8.8,8.6,8.6,3225,77400
179,2022-07-01 14:29:00+05:30,8.6,8.65,8.6,8.65,1075,77400
180,2022-07-01 14:30:00+05:30,8.65,8.65,8.65,8.65,1075,78475
181,2022-07-01 14:31:00+05:30,8.65,8.65,8.45,8.5,2150,78475
182,2022-07-01 14:32:00+05:30,8.5,8.5,8.5,8.5,1075,78475
183,2022-07-01 14:33:00+05:30,8.5,8.85,8.5,8.85,2150,79550
184,2022-07-01 14:34:00+05:30,8.85,8.85,8.85,8.85,0,79550
185,2022-07-01 14:35:00+05:30,8.85,8.85,8.8,8.8,1075,79550
186,2022-07-01 14:36:00+05:30,8.8,9.0,8.8,9.0,2150,79550
187,2022-07-01 14:37:00+05:30,8.95,8.95,8.95,8.95,2150,79550
188,2022-07-01 14:38:00+05:30,8.95,8.95,8.95,8.95,0,79550
189,2022-07-01 14:39:00+05:30,8.85,8.85,8.85,8.85,1075,79550
190,2022-07-01 14:40:00+05:30,8.85,8.85,8.8,8.8,2150,80625
191,2022-07-01 14:41:00+05:30,8.8,8.8,8.75,8.75,2150,80625
192,2022-07-01 14:42:00+05:30,8.75,8.75,8.65,8.7,3225,80625
193,2022-07-01 14:43:00+05:30,8.7,8.9,8.7,8.9,1075,80625
194,2022-07-01 14:44:00+05:30,8.9,8.9,8.9,8.9,0,80625
195,2022-07-01 14:45:00+05:30,8.9,8.95,8.9,8.95,1075,80625
196,2022-07-01 14:46:00+05:30,8.95,9.25,8.95,9.25,1075,82775
197,2022-07-01 14:47:00+05:30,9.25,9.25,9.2,9.2,1075,82775
198,2022-07-01 14:48:00+05:30,9.2,9.2,9.2,9.2,0,82775
199,2022-07-01 14:49:00+05:30,9.2,9.3,9.15,9.3,3225,82775
200,2022-07-01 14:50:00+05:30,9.3,9.45,9.25,9.25,7525,82775
201,2022-07-01 14:51:00+05:30,9.35,9.35,9.25,9.35,8600,88150
202,2022-07-01 14:52:00+05:30,9.35,9.35,9.35,9.35,1075,88150
203,2022-07-01 14:53:00+05:30,9.35,9.35,9.3,9.3,1075,88150
204,2022-07-01 14:54:00+05:30,9.3,9.35,9.2,9.2,3225,91375
205,2022-07-01 14:55:00+05:30,9.2,9.2,9.2,9.2,0,91375
206,2022-07-01 14:56:00+05:30,9.2,9.3,9.2,9.3,1075,91375
207,2022-07-01 14:57:00+05:30,10.05,10.05,9.55,9.55,3225,91375
208,2022-07-01 14:58:00+05:30,9.55,9.55,9.45,9.45,1075,91375
209,2022-07-01 14:59:00+05:30,9.45,9.6,9.45,9.6,6450,91375
210,2022-07-01 15:00:00+05:30,9.6,9.6,9.5,9.5,2150,93525
211,2022-07-01 15:01:00+05:30,10.0,10.0,9.75,9.75,2150,93525
212,2022-07-01 15:02:00+05:30,9.75,9.8,9.75,9.8,2150,93525
213,2022-07-01 15:03:00+05:30,9.8,9.85,9.8,9.85,1075,93525
214,2022-07-01 15:04:00+05:30,9.85,9.95,9.85,9.95,2150,93525
215,2022-07-01 15:05:00+05:30,9.95,10.4,9.95,10.4,1075,93525
216,2022-07-01 15:06:00+05:30,10.4,10.65,10.4,10.65,4300,95675
217,2022-07-01 15:07:00+05:30,10.65,10.65,10.55,10.55,9675,95675
218,2022-07-01 15:08:00+05:30,10.55,10.65,10.45,10.45,2150,95675
219,2022-07-01 15:09:00+05:30,10.4,10.45,10.25,10.25,9675,103200
220,2022-07-01 15:10:00+05:30,10.25,10.35,10.25,10.35,1075,103200
221,2022-07-01 15:11:00+05:30,10.35,10.35,10.35,10.35,0,103200
222,2022-07-01 15:12:00+05:30,10.65,10.75,10.55,10.55,3225,105350
223,2022-07-01 15:13:00+05:30,10.55,10.55,10.45,10.5,6450,105350
224,2022-07-01 15:14:00+05:30,10.5,10.5,10.4,10.4,2150,105350
225,2022-07-01 15:15:00+05:30,10.4,10.45,10.4,10.4,2150,107500
226,2022-07-01 15:16:00+05:30,10.4,10.4,10.4,10.4,2150,107500
227,2022-07-01 15:17:00+05:30,10.4,10.5,10.4,10.5,2150,107500
228,2022-07-01 15:18:00+05:30,10.6,10.6,10.5,10.5,2150,112875
229,2022-07-01 15:19:00+05:30,10.5,10.6,10.5,10.6,2150,112875
230,2022-07-01 15:20:00+05:30,10.6,10.65,10.6,10.65,1075,112875
231,2022-07-01 15:21:00+05:30,10.4,10.55,10.25,10.55,10750,112875
232,2022-07-01 15:22:00+05:30,10.55,10.55,10.3,10.3,3225,112875
233,2022-07-01 15:23:00+05:30,10.35,10.4,10.35,10.4,4300,112875
234,2022-07-01 15:24:00+05:30,10.4,10.45,10.4,10.45,1075,112875
235,2022-07-01 15:25:00+05:30,10.45,10.45,10.4,10.4,4300,120400
236,2022-07-01 15:26:00+05:30,10.4,10.5,10.4,10.4,2150,120400
237,2022-07-01 15:27:00+05:30,10.35,10.35,10.0,10.0,3225,122550
238,2022-07-01 15:28:00+05:30,10.0,10.0,10.0,10.0,0,122550
239,2022-07-01 15:29:00+05:30,10.0,10.0,10.0,10.0,0,122550
240,2022-07-04 09:15:00+05:30,10.0,10.0,10.0,10.0,0,0
241,2022-07-04 09:16:00+05:30,10.0,10.0,10.0,10.0,0,122550
242,2022-07-04 09:17:00+05:30,10.0,10.0,10.0,10.0,0,122550
243,2022-07-04 09:18:00+05:30,10.0,10.0,8.25,8.25,5375,122550
244,2022-07-04 09:19:00+05:30,8.15,8.15,7.85,8.05,2150,122550
245,2022-07-04 09:20:00+05:30,8.05,8.05,7.75,7.75,7525,123625
246,2022-07-04 09:21:00+05:30,7.75,7.75,7.4,7.4,9675,123625
247,2022-07-04 09:22:00+05:30,7.4,7.45,7.2,7.3,40850,123625
248,2022-07-04 09:23:00+05:30,7.3,7.3,7.1,7.1,4300,146200
249,2022-07-04 09:24:00+05:30,7.15,7.4,7.15,7.3,12900,146200
250,2022-07-04 09:25:00+05:30,7.05,7.1,6.95,6.95,5375,146200
251,2022-07-04 09:26:00+05:30,6.8,6.8,6.6,6.6,4300,147275
252,2022-07-04 09:27:00+05:30,6.45,6.7,6.45,6.5,9675,147275
253,2022-07-04 09:28:00+05:30,6.5,6.65,6.5,6.65,10750,147275
254,2022-07-04 09:29:00+05:30,6.65,6.8,6.65,6.8,3225,149425
255,2022-07-04 09:30:00+05:30,6.8,6.8,6.45,6.45,1075,149425
256,2022-07-04 09:31:00+05:30,6.45,6.5,6.45,6.5,1075,149425
257,2022-07-04 09:32:00+05:30,6.5,6.5,6.5,6.5,1075,149425
258,2022-07-04 09:33:00+05:30,6.5,6.5,6.5,6.5,0,149425
259,2022-07-04 09:34:00+05:30,6.5,6.95,6.5,6.95,2150,149425
260,2022-07-04 09:35:00+05:30,6.9,7.05,6.85,6.95,11825,148350
261,2022-07-04 09:36:00+05:30,6.95,6.95,6.75,6.8,4300,148350
262,2022-07-04 09:37:00+05:30,6.8,6.85,6.8,6.85,1075,148350
263,2022-07-04 09:38:00+05:30,6.85,7.25,6.85,6.9,6450,148350
264,2022-07-04 09:39:00+05:30,6.9,7.1,6.8,7.1,7525,148350
265,2022-07-04 09:40:00+05:30,7.1,7.1,7.1,7.1,1075,148350
266,2022-07-04 09:41:00+05:30,7.1,7.3,7.1,7.3,1075,148350
267,2022-07-04 09:42:00+05:30,7.3,7.3,7.2,7.2,4300,148350
268,2022-07-04 09:43:00+05:30,7.2,7.2,7.2,7.2,0,148350
269,2022-07-04 09:44:00+05:30,7.2,7.2,7.1,7.1,2150,148350
270,2022-07-04 09:45:00+05:30,7.1,7.1,6.9,6.9,3225,148350
271,2022-07-04 09:46:00+05:30,6.9,6.9,6.9,6.9,0,148350
272,2022-07-04 09:47:00+05:30,6.75,6.9,6.7,6.8,7525,148350
273,2022-07-04 09:48:00+05:30,6.8,6.8,6.8,6.8,0,150500
274,2022-07-04 09:49:00+05:30,6.8,7.05,6.8,7.05,3225,150500
275,2022-07-04 09:50:00+05:30,7.1,7.1,7.1,7.1,2150,148350
276,2022-07-04 09:51:00+05:30,7.1,7.1,6.75,6.75,2150,148350
277,2022-07-04 09:52:00+05:30,6.75,6.75,6.75,6.75,1075,148350
278,2022-07-04 09:53:00+05:30,6.75,6.85,6.75,6.85,1075,148350
279,2022-07-04 09:54:00+05:30,6.85,6.85,6.85,6.85,0,148350
280,2022-07-04 09:55:00+05:30,6.85,6.85,6.85,6.85,0,148350
281,2022-07-04 09:56:00+05:30,6.65,6.7,6.6,6.7,3225,149425
282,2022-07-04 09:57:00+05:30,6.75,6.95,6.75,6.95,2150,149425
283,2022-07-04 09:58:00+05:30,6.95,7.25,6.95,7.1,4300,149425
284,2022-07-04 09:59:00+05:30,7.1,7.1,7.1,7.1,2150,146200
285,2022-07-04 10:00:00+05:30,7.1,7.1,6.95,6.95,1075,146200
286,2022-07-04 10:01:00+05:30,6.95,6.95,6.8,6.8,1075,146200
287,2022-07-04 10:02:00+05:30,6.8,6.8,6.8,6.8,0,146200
288,2022-07-04 10:03:00+05:30,6.8,6.8,6.8,6.8,2150,148350
289,2022-07-04 10:04:00+05:30,6.8,6.8,6.75,6.75,3225,148350
290,2022-07-04 10:05:00+05:30,6.75,6.75,6.55,6.55,11825,150500
291,2022-07-04 10:06:00+05:30,6.55,6.65,6.55,6.65,2150,150500
292,2022-07-04 10:07:00+05:30,6.65,6.65,6.65,6.65,0,150500
293,2022-07-04 10:08:00+05:30,6.65,6.65,6.4,6.4,5375,150500
294,2022-07-04 10:09:00+05:30,6.4,6.4,6.35,6.35,2150,154800
295,2022-07-04 10:10:00+05:30,6.35,6.35,6.2,6.2,5375,154800
296,2022-07-04 10:11:00+05:30,6.2,6.3,6.05,6.2,8600,156950
297,2022-07-04 10:12:00+05:30,6.1,6.1,6.1,6.1,1075,156950
298,2022-07-04 10:13:00+05:30,6.1,6.1,6.1,6.1,0,156950
299,2022-07-04 10:14:00+05:30,6.1,6.1,6.1,6.1,2150,156950
300,2022-07-04 10:15:00+05:30,6.05,6.05,5.85,5.85,3225,156950
301,2022-07-04 10:16:00+05:30,5.85,5.9,5.85,5.9,1075,156950
302,2022-07-04 10:17:00+05:30,5.9,5.9,5.9,5.9,0,156950
303,2022-07-04 10:18:00+05:30,5.9,5.9,5.9,5.9,1075,156950
304,2022-07-04 10:19:00+05:30,5.9,5.9,5.75,5.75,2150,156950
305,2022-07-04 10:20:00+05:30,5.75,5.9,5.65,5.9,1075,156950
306,2022-07-04 10:21:00+05:30,5.9,5.9,5.9,5.9,1075,156950
307,2022-07-04 10:22:00+05:30,6.0,6.0,5.95,5.95,3225,156950
308,2022-07-04 10:23:00+05:30,5.95,5.95,5.95,5.95,0,156950
309,2022-07-04 10:24:00+05:30,5.95,6.05,5.95,6.0,2150,160175
310,2022-07-04 10:25:00+05:30,6.0,6.0,6.0,6.0,0,160175
311,2022-07-04 10:26:00+05:30,6.0,6.0,6.0,6.0,0,160175
312,2022-07-04 10:27:00+05:30,6.0,6.0,6.0,6.0,0,160175
313,2022-07-04 10:28:00+05:30,6.0,6.0,6.0,6.0,0,160175
314,2022-07-04 10:29:00+05:30,6.0,6.0,6.0,6.0,0,160175
315,2022-07-04 10:30:00+05:30,6.0,6.0,6.0,6.0,0,160175
316,2022-07-04 10:31:00+05:30,5.7,5.8,5.7,5.8,2150,160175
317,2022-07-04 10:32:00+05:30,5.8,5.8,5.8,5.8,0,160175
318,2022-07-04 10:33:00+05:30,5.8,5.95,5.8,5.95,1075,160175
319,2022-07-04 10:34:00+05:30,5.95,5.95,5.95,5.95,0,160175
320,2022-07-04 10:35:00+05:30,5.95,5.95,5.95,5.95,0,160175
321,2022-07-04 10:36:00+05:30,5.95,5.95,5.8,5.8,1075,161250
322,2022-07-04 10:37:00+05:30,5.8,5.8,5.8,5.8,0,161250
323,2022-07-04 10:38:00+05:30,5.8,5.8,5.8,5.8,0,161250
324,2022-07-04 10:39:00+05:30,5.8,5.8,5.8,5.8,0,161250
325,2022-07-04 10:40:00+05:30,5.8,5.8,5.8,5.8,0,161250
326,2022-07-04 10:41:00+05:30,5.8,5.8,5.8,5.8,0,161250
327,2022-07-04 10:42:00+05:30,5.8,6.1,5.8,6.1,1075,161250
328,2022-07-04 10:43:00+05:30,6.1,6.1,6.1,6.1,0,161250
329,2022-07-04 10:44:00+05:30,6.1,6.1,6.1,6.1,0,161250
330,2022-07-04 10:45:00+05:30,6.1,6.1,6.1,6.1,0,161250
331,2022-07-04 10:46:00+05:30,6.1,6.1,6.0,6.0,3225,162325
332,2022-07-04 10:47:00+05:30,6.0,6.0,6.0,6.0,0,162325
333,2022-07-04 10:48:00+05:30,6.0,6.0,6.0,6.0,0,162325
334,2022-07-04 10:49:00+05:30,6.1,6.1,6.1,6.1,1075,162325
335,2022-07-04 10:50:00+05:30,6.1,6.1,6.1,6.1,0,162325
336,2022-07-04 10:51:00+05:30,6.1,6.1,6.1,6.1,0,162325
337,2022-07-04 10:52:00+05:30,6.1,6.15,6.1,6.15,1075,163400
338,2022-07-04 10:53:00+05:30,6.15,6.15,6.15,6.15,0,163400
339,2022-07-04 10:54:00+05:30,6.15,6.15,6.1,6.1,1075,164475
340,2022-07-04 10:55:00+05:30,6.1,6.1,6.1,6.1,0,164475
341,2022-07-04 10:56:00+05:30,6.1,6.1,6.1,6.1,0,164475
342,2022-07-04 10:57:00+05:30,6.05,6.05,6.0,6.0,2150,164475
343,2022-07-04 10:58:00+05:30,6.0,6.1,6.0,6.1,4300,164475
344,2022-07-04 10:59:00+05:30,6.1,6.25,6.1,6.25,1075,164475
345,2022-07-04 11:00:00+05:30,6.3,6.4,6.3,6.35,3225,164475
346,2022-07-04 11:01:00+05:30,6.35,6.35,6.35,6.35,0,164475
347,2022-07-04 11:02:00+05:30,6.35,6.35,6.35,6.35,0,164475
348,2022-07-04 11:03:00+05:30,6.35,6.35,6.35,6.35,0,164475
349,2022-07-04 11:04:00+05:30,6.35,6.35,6.2,6.2,1075,164475
350,2022-07-04 11:05:00+05:30,6.2,6.2,6.2,6.2,0,164475
351,2022-07-04 11:06:00+05:30,6.2,6.25,6.2,6.25,1075,164475
352,2022-07-04 11:07:00+05:30,6.25,6.25,6.25,6.25,0,164475
353,2022-07-04 11:08:00+05:30,6.25,6.25,6.25,6.25,0,164475
354,2022-07-04 11:09:00+05:30,6.25,6.25,6.25,6.25,0,164475
355,2022-07-04 11:10:00+05:30,6.25,6.25,6.2,6.2,1075,164475
356,2022-07-04 11:11:00+05:30,6.2,6.2,6.2,6.2,0,164475
357,2022-07-04 11:12:00+05:30,6.2,6.2,6.2,6.2,0,164475
358,2022-07-04 11:13:00+05:30,6.2,6.2,6.2,6.2,0,164475
359,2022-07-04 11:14:00+05:30,6.2,6.45,6.2,6.45,1075,164475
360,2022-07-04 11:15:00+05:30,6.45,6.45,6.45,6.45,0,164475
361,2022-07-04 11:16:00+05:30,6.45,6.45,6.45,6.45,0,164475
362,2022-07-04 11:17:00+05:30,6.45,6.45,6.45,6.45,1075,164475
363,2022-07-04 11:18:00+05:30,6.45,6.45,6.45,6.45,0,164475
364,2022-07-04 11:19:00+05:30,6.45,6.45,6.45,6.45,0,164475
365,2022-07-04 11:20:00+05:30,6.45,6.45,6.45,6.45,0,164475
366,2022-07-04 11:21:00+05:30,6.45,6.45,6.45,6.45,0,164475
367,2022-07-04 11:22:00+05:30,6.45,6.45,6.45,6.45,0,164475
368,2022-07-04 11:23:00+05:30,6.45,6.45,6.35,6.35,0,164475
369,2022-07-04 11:24:00+05:30,6.35,6.35,6.35,6.35,1075,164475
370,2022-07-04 11:25:00+05:30,6.35,6.35,6.35,6.35,0,164475
371,2022-07-04 11:26:00+05:30,6.35,6.35,6.35,6.35,0,164475
372,2022-07-04 11:27:00+05:30,6.35,6.7,6.35,6.7,1075,164475
373,2022-07-04 11:28:00+05:30,6.7,6.7,6.7,6.7,0,164475
374,2022-07-04 11:29:00+05:30,6.7,6.85,6.7,6.75,13975,164475
375,2022-07-04 11:30:00+05:30,6.75,6.75,6.75,6.75,0,164475
376,2022-07-04 11:31:00+05:30,6.75,6.85,6.75,6.85,2150,164475
377,2022-07-04 11:32:00+05:30,6.85,6.85,6.85,6.85,0,164475
378,2022-07-04 11:33:00+05:30,6.85,6.85,6.85,6.85,0,164475
379,2022-07-04 11:34:00+05:30,6.85,6.85,6.85,6.85,0,164475
380,2022-07-04 11:35:00+05:30,6.85,6.95,6.85,6.95,2150,163400
381,2022-07-04 11:36:00+05:30,6.95,6.95,6.95,6.95,0,163400
382,2022-07-04 11:37:00+05:30,6.95,6.95,6.95,6.95,0,163400
383,2022-07-04 11:38:00+05:30,6.95,6.95,6.85,6.85,1075,163400
384,2022-07-04 11:39:00+05:30,6.85,6.85,6.85,6.85,0,163400
385,2022-07-04 11:40:00+05:30,6.85,6.85,6.85,6.85,0,163400
386,2022-07-04 11:41:00+05:30,6.85,6.85,6.85,6.85,0,163400
387,2022-07-04 11:42:00+05:30,6.85,6.85,6.85,6.85,0,163400
388,2022-07-04 11:43:00+05:30,6.85,6.85,6.85,6.85,0,163400
389,2022-07-04 11:44:00+05:30,6.85,7.0,6.85,7.0,1075,163400
390,2022-07-04 11:45:00+05:30,7.0,7.0,6.95,6.95,1075,163400
391,2022-07-04 11:46:00+05:30,6.95,6.95,6.95,6.95,0,163400
392,2022-07-04 11:47:00+05:30,6.95,6.95,6.95,6.95,0,163400
393,2022-07-04 11:48:00+05:30,6.95,6.95,6.95,6.95,0,163400
394,2022-07-04 11:49:00+05:30,6.95,6.95,6.95,6.95,1075,163400
395,2022-07-04 11:50:00+05:30,6.95,6.95,6.95,6.95,0,163400
396,2022-07-04 11:51:00+05:30,6.95,6.95,6.95,6.95,0,163400
397,2022-07-04 11:52:00+05:30,6.95,6.95,6.9,6.9,1075,163400
398,2022-07-04 11:53:00+05:30,6.9,6.9,6.9,6.9,0,163400
399,2022-07-04 11:54:00+05:30,6.9,6.9,6.9,6.9,0,163400
400,2022-07-04 11:55:00+05:30,6.9,6.9,6.9,6.9,1075,162325
401,2022-07-04 11:56:00+05:30,6.9,6.9,6.9,6.9,0,162325
402,2022-07-04 11:57:00+05:30,6.9,6.9,6.9,6.9,3225,162325
403,2022-07-04 11:58:00+05:30,6.9,6.9,6.9,6.9,1075,162325
404,2022-07-04 11:59:00+05:30,6.9,7.1,6.9,7.1,2150,162325
405,2022-07-04 12:00:00+05:30,7.1,7.1,6.95,6.95,12900,166625
406,2022-07-04 12:01:00+05:30,6.95,6.95,6.95,6.95,2150,166625
407,2022-07-04 12:02:00+05:30,6.95,6.95,6.95,6.95,0,166625
408,2022-07-04 12:03:00+05:30,6.95,6.95,6.95,6.95,1075,155875
409,2022-07-04 12:04:00+05:30,6.95,6.95,6.95,6.95,0,155875
410,2022-07-04 12:05:00+05:30,6.95,6.95,6.95,6.95,0,155875
411,2022-07-04 12:06:00+05:30,6.95,6.95,6.95,6.95,1075,155875
412,2022-07-04 12:07:00+05:30,6.95,6.95,6.95,6.95,0,155875
413,2022-07-04 12:08:00+05:30,6.95,6.95,6.95,6.95,0,155875
414,2022-07-04 12:09:00+05:30,6.95,7.05,6.95,7.05,2150,155875
415,2022-07-04 12:10:00+05:30,7.05,7.1,7.05,7.1,1075,155875
416,2022-07-04 12:11:00+05:30,7.1,7.1,7.1,7.1,1075,155875
417,2022-07-04 12:12:00+05:30,7.1,7.1,7.1,7.1,0,155875
418,2022-07-04 12:13:00+05:30,7.1,7.15,7.1,7.15,1075,153725
419,2022-07-04 12:14:00+05:30,7.15,7.15,7.0,7.0,1075,153725
420,2022-07-04 12:15:00+05:30,7.0,7.0,7.0,7.0,0,153725
421,2022-07-04 12:16:00+05:30,7.0,7.25,6.95,7.25,2150,155875
422,2022-07-04 12:17:00+05:30,7.25,7.3,7.25,7.3,1075,155875
423,2022-07-04 12:18:00+05:30,7.3,7.3,7.3,7.3,0,155875
424,2022-07-04 12:19:00+05:30,7.3,7.3,7.3,7.3,0,155875
425,2022-07-04 12:20:00+05:30,7.3,7.45,7.25,7.25,5375,155875
426,2022-07-04 12:21:00+05:30,7.25,7.3,7.25,7.3,4300,154800
427,2022-07-04 12:22:00+05:30,7.3,7.3,7.3,7.3,0,154800
428,2022-07-04 12:23:00+05:30,7.3,7.3,7.3,7.3,0,154800
429,2022-07-04 12:24:00+05:30,7.3,7.3,7.3,7.3,0,154800
430,2022-07-04 12:25:00+05:30,7.3,7.3,6.95,6.95,1075,156950
431,2022-07-04 12:26:00+05:30,6.95,7.0,6.95,7.0,1075,156950
432,2022-07-04 12:27:00+05:30,7.0,7.0,7.0,7.0,0,156950
433,2022-07-04 12:28:00+05:30,7.15,7.15,7.15,7.15,2150,158025
434,2022-07-04 12:29:00+05:30,7.15,7.15,7.15,7.15,0,158025
435,2022-07-04 12:30:00+05:30,7.15,7.3,7.15,7.3,1075,156950
436,2022-07-04 12:31:00+05:30,7.3,7.3,7.3,7.3,0,156950
437,2022-07-04 12:32:00+05:30,7.3,7.3,7.1,7.1,1075,156950
438,2022-07-04 12:33:00+05:30,7.1,7.1,7.1,7.1,1075,158025
439,2022-07-04 12:34:00+05:30,7.1,7.1,7.0,7.0,1075,158025
440,2022-07-04 12:35:00+05:30,7.0,7.0,7.0,7.0,0,158025
441,2022-07-04 12:36:00+05:30,7.0,7.0,7.0,7.0,0,158025
442,2022-07-04 12:37:00+05:30,7.0,7.0,7.0,7.0,0,158025
443,2022-07-04 12:38:00+05:30,7.0,7.0,7.0,7.0,0,158025
444,2022-07-04 12:39:00+05:30,7.0,7.0,7.0,7.0,0,158025
445,2022-07-04 12:40:00+05:30,7.0,7.15,7.0,7.15,1075,159100
446,2022-07-04 12:41:00+05:30,7.15,7.15,7.1,7.1,5375,159100
447,2022-07-04 12:42:00+05:30,7.1,7.1,7.0,7.0,1075,159100
448,2022-07-04 12:43:00+05:30,7.0,7.0,7.0,7.0,0,159100
449,2022-07-04 12:44:00+05:30,7.0,7.0,7.0,7.0,0,159100
450,2022-07-04 12:45:00+05:30,7.0,7.0,6.95,6.95,1075,160175
451,2022-07-04 12:46:00+05:30,7.0,7.0,7.0,7.0,1075,160175
452,2022-07-04 12:47:00+05:30,7.0,7.0,7.0,7.0,0,160175
453,2022-07-04 12:48:00+05:30,7.0,7.0,6.9,6.9,1075,159100
454,2022-07-04 12:49:00+05:30,6.9,6.9,6.9,6.9,0,159100
455,2022-07-04 12:50:00+05:30,6.9,6.9,6.9,6.9,0,159100
456,2022-07-04 12:51:00+05:30,6.9,7.1,6.9,7.1,0,159100
457,2022-07-04 12:52:00+05:30,7.1,7.15,7.1,7.15,2150,159100
458,2022-07-04 12:53:00+05:30,7.15,7.15,7.15,7.15,2150,159100
459,2022-07-04 12:54:00+05:30,7.3,7.3,7.3,7.3,1075,160175
460,2022-07-04 12:55:00+05:30,7.3,7.3,7.2,7.2,2150,160175
461,2022-07-04 12:56:00+05:30,7.2,7.5,7.2,7.5,2150,163400
462,2022-07-04 12:57:00+05:30,7.5,7.5,7.5,7.5,1075,163400
463,2022-07-04 12:58:00+05:30,7.5,7.6,7.5,7.55,2150,163400
464,2022-07-04 12:59:00+05:30,7.55,7.55,7.5,7.5,1075,163400
465,2022-07-04 13:00:00+05:30,7.5,7.5,7.5,7.5,1075,165550
466,2022-07-04 13:01:00+05:30,7.5,7.5,7.5,7.5,0,165550
467,2022-07-04 13:02:00+05:30,7.5,7.5,7.1,7.1,4300,165550
468,2022-07-04 13:03:00+05:30,7.25,7.25,7.25,7.25,1075,165550
469,2022-07-04 13:04:00+05:30,7.25,7.25,7.25,7.25,0,165550
470,2022-07-04 13:05:00+05:30,7.25,7.25,7.25,7.25,0,165550
471,2022-07-04 13:06:00+05:30,7.25,7.45,7.25,7.45,1075,165550
472,2022-07-04 13:07:00+05:30,7.45,7.45,7.45,7.45,0,165550
473,2022-07-04 13:08:00+05:30,7.35,7.35,7.2,7.2,2150,165550
474,2022-07-04 13:09:00+05:30,7.2,7.2,7.2,7.2,0,165550
475,2022-07-04 13:10:00+05:30,7.2,7.2,7.2,7.2,0,165550
476,2022-07-04 13:11:00+05:30,7.2,7.3,7.2,7.3,3225,165550
477,2022-07-04 13:12:00+05:30,7.3,7.35,7.3,7.35,1075,163400
478,2022-07-04 13:13:00+05:30,7.35,7.35,7.35,7.35,0,163400
479,2022-07-04 13:14:00+05:30,7.45,7.45,7.45,7.45,1075,163400
480,2022-07-04 13:15:00+05:30,7.45,7.45,7.45,7.45,0,163400
481,2022-07-04 13:16:00+05:30,7.45,7.45,7.45,7.45,0,163400
482,2022-07-04 13:17:00+05:30,7.45,7.45,7.45,7.45,0,163400
483,2022-07-04 13:18:00+05:30,7.45,7.45,7.45,7.45,0,163400
484,2022-07-04 13:19:00+05:30,7.45,7.45,7.45,7.45,0,163400
485,2022-07-04 13:20:00+05:30,7.45,7.45,7.45,7.45,0,163400
486,2022-07-04 13:21:00+05:30,7.45,7.45,7.45,7.45,0,163400
487,2022-07-04 13:22:00+05:30,7.45,7.45,7.45,7.45,0,163400
488,2022-07-04 13:23:00+05:30,7.45,7.45,7.45,7.45,0,163400
489,2022-07-04 13:24:00+05:30,7.1,7.1,7.1,7.1,1075,163400
490,2022-07-04 13:25:00+05:30,7.1,7.1,7.1,7.1,0,163400
491,2022-07-04 13:26:00+05:30,7.1,7.3,7.1,7.3,0,163400
492,2022-07-04 13:27:00+05:30,7.3,7.3,7.3,7.3,1075,163400
493,2022-07-04 13:28:00+05:30,7.3,7.3,7.3,7.3,0,163400
494,2022-07-04 13:29:00+05:30,7.3,7.3,7.3,7.3,0,163400
495,2022-07-04 13:30:00+05:30,7.3,7.3,7.3,7.3,0,163400
496,2022-07-04 13:31:00+05:30,7.3,7.3,7.2,7.2,1075,162325
497,2022-07-04 13:32:00+05:30,7.2,7.2,7.2,7.2,0,162325
498,2022-07-04 13:33:00+05:30,7.2,7.2,7.1,7.1,3225,162325
499,2022-07-04 13:34:00+05:30,7.1,7.1,7.1,7.1,0,162325
500,2022-07-04 13:35:00+05:30,7.1,7.15,7.1,7.15,6450,162325
501,2022-07-04 13:36:00+05:30,7.15,7.2,7.05,7.2,4300,161250
502,2022-07-04 13:37:00+05:30,7.15,7.25,7.15,7.25,5375,161250
503,2022-07-04 13:38:00+05:30,7.25,7.25,7.2,7.2,1075,161250
504,2022-07-04 13:39:00+05:30,7.2,7.35,7.2,7.35,2150,162325
505,2022-07-04 13:40:00+05:30,7.35,7.55,7.35,7.5,4300,162325
506,2022-07-04 13:41:00+05:30,7.5,7.8,7.5,7.75,12900,162325
507,2022-07-04 13:42:00+05:30,7.8,7.8,7.45,7.45,3225,165550
508,2022-07-04 13:43:00+05:30,7.45,7.45,7.45,7.45,1075,165550
509,2022-07-04 13:44:00+05:30,7.45,7.45,7.45,7.45,1075,165550
510,2022-07-04 13:45:00+05:30,7.45,7.45,7.45,7.45,0,165550
511,2022-07-04 13:46:00+05:30,7.45,7.45,7.45,7.45,0,165550
512,2022-07-04 13:47:00+05:30,7.45,7.45,7.45,7.45,1075,165550
513,2022-07-04 13:48:00+05:30,7.45,7.45,7.45,7.45,0,165550
514,2022-07-04 13:49:00+05:30,7.45,7.45,7.45,7.45,0,165550
515,2022-07-04 13:50:00+05:30,7.3,7.3,7.3,7.3,1075,166625
516,2022-07-04 13:51:00+05:30,7.3,7.45,7.3,7.45,2150,167700
517,2022-07-04 13:52:00+05:30,7.45,7.45,7.45,7.45,0,167700
518,2022-07-04 13:53:00+05:30,7.45,7.5,7.45,7.5,2150,167700
519,2022-07-04 13:54:00+05:30,7.5,7.55,7.5,7.5,3225,170925
520,2022-07-04 13:55:00+05:30,7.45,7.45,7.45,7.45,1075,170925
521,2022-07-04 13:56:00+05:30,7.45,7.45,7.45,7.45,0,170925
522,2022-07-04 13:57:00+05:30,7.45,7.5,7.45,7.5,1075,169850
523,2022-07-04 13:58:00+05:30,7.5,7.5,7.5,7.5,0,169850
524,2022-07-04 13:59:00+05:30,7.5,7.5,7.5,7.5,0,169850
525,2022-07-04 14:00:00+05:30,7.5,7.5,7.5,7.5,0,169850
526,2022-07-04 14:01:00+05:30,7.5,7.8,7.5,7.8,1075,169850
527,2022-07-04 14:02:00+05:30,7.8,7.8,7.8,7.8,0,169850
528,2022-07-04 14:03:00+05:30,7.8,7.8,7.7,7.7,1075,170925
529,2022-07-04 14:04:00+05:30,7.7,7.7,7.7,7.7,0,170925
530,2022-07-04 14:05:00+05:30,7.7,7.7,7.7,7.7,0,170925
531,2022-07-04 14:06:00+05:30,7.7,8.1,7.7,8.1,2150,169850
532,2022-07-04 14:07:00+05:30,8.0,8.0,8.0,8.0,2150,169850
533,2022-07-04 14:08:00+05:30,8.1,8.15,8.1,8.15,2150,169850
534,2022-07-04 14:09:00+05:30,8.15,8.15,7.85,7.85,1075,167700
535,2022-07-04 14:10:00+05:30,7.85,7.9,7.85,7.9,2150,167700
536,2022-07-04 14:11:00+05:30,7.9,8.0,7.9,8.0,2150,167700
537,2022-07-04 14:12:00+05:30,8.0,8.0,7.95,7.95,0,168775
538,2022-07-04 14:13:00+05:30,7.95,8.1,7.95,8.05,5375,168775
539,2022-07-04 14:14:00+05:30,8.05,8.25,8.05,8.2,6450,168775
540,2022-07-04 14:15:00+05:30,8.25,8.25,8.0,8.0,6450,172000
541,2022-07-04 14:16:00+05:30,8.0,8.1,8.0,8.1,2150,172000
542,2022-07-04 14:17:00+05:30,8.1,8.3,8.1,8.3,1075,172000
543,2022-07-04 14:18:00+05:30,8.3,8.3,8.3,8.3,2150,172000
544,2022-07-04 14:19:00+05:30,8.3,8.3,8.3,8.3,0,172000
545,2022-07-04 14:20:00+05:30,8.3,8.3,8.3,8.3,0,172000
546,2022-07-04 14:21:00+05:30,8.3,8.3,8.3,8.3,2150,173075
547,2022-07-04 14:22:00+05:30,8.3,8.3,8.15,8.15,2150,173075
548,2022-07-04 14:23:00+05:30,8.15,8.15,8.15,8.15,0,173075
549,2022-07-04 14:24:00+05:30,8.15,8.3,8.15,8.3,1075,172000
550,2022-07-04 14:25:00+05:30,8.3,8.5,8.3,8.5,4300,172000
551,2022-07-04 14:26:00+05:30,8.45,8.45,8.4,8.4,2150,172000
552,2022-07-04 14:27:00+05:30,8.4,8.4,8.4,8.4,0,172000
553,2022-07-04 14:28:00+05:30,8.4,8.4,8.4,8.4,1075,173075
554,2022-07-04 14:29:00+05:30,8.4,8.4,8.35,8.35,2150,173075
555,2022-07-04 14:30:00+05:30,8.35,8.35,8.35,8.35,0,173075
556,2022-07-04 14:31:00+05:30,8.4,8.4,8.35,8.35,3225,173075
557,2022-07-04 14:32:00+05:30,8.35,8.35,8.35,8.35,0,173075
558,2022-07-04 14:33:00+05:30,8.35,8.35,8.2,8.3,4300,172000
559,2022-07-04 14:34:00+05:30,8.3,8.3,8.2,8.2,1075,172000
560,2022-07-04 14:35:00+05:30,8.2,8.2,8.2,8.2,0,172000
561,2022-07-04 14:36:00+05:30,8.2,8.3,8.2,8.3,1075,172000
562,2022-07-04 14:37:00+05:30,8.3,8.3,8.3,8.3,0,172000
563,2022-07-04 14:38:00+05:30,8.3,8.3,8.05,8.05,1075,172000
564,2022-07-04 14:39:00+05:30,8.05,8.05,8.0,8.0,1075,173075
565,2022-07-04 14:40:00+05:30,8.0,8.0,7.8,7.8,2150,173075
566,2022-07-04 14:41:00+05:30,7.8,7.8,7.8,7.8,0,173075
567,2022-07-04 14:42:00+05:30,7.8,8.2,7.8,8.2,1075,173075
568,2022-07-04 14:43:00+05:30,8.2,8.2,8.2,8.2,0,173075
569,2022-07-04 14:44:00+05:30,8.2,8.2,8.1,8.15,3225,173075
570,2022-07-04 14:45:00+05:30,8.15,8.15,8.15,8.15,0,173075
571,2022-07-04 14:46:00+05:30,8.15,8.5,8.15,8.4,2150,173075
572,2022-07-04 14:47:00+05:30,8.4,8.6,8.4,8.6,1075,173075
573,2022-07-04 14:48:00+05:30,8.65,8.7,8.65,8.7,4300,173075
574,2022-07-04 14:49:00+05:30,8.4,8.4,8.4,8.4,3225,170925
575,2022-07-04 14:50:00+05:30,8.4,8.4,8.4,8.4,0,170925
576,2022-07-04 14:51:00+05:30,8.4,8.45,8.4,8.45,1075,172000
577,2022-07-04 14:52:00+05:30,8.45,8.45,8.45,8.45,0,172000
578,2022-07-04 14:53:00+05:30,8.45,8.45,8.45,8.45,1075,172000
579,2022-07-04 14:54:00+05:30,8.45,8.45,8.45,8.45,1075,173075
580,2022-07-04 14:55:00+05:30,8.45,8.45,8.3,8.3,4300,173075
581,2022-07-04 14:56:00+05:30,8.3,8.35,8.3,8.35,2150,173075
582,2022-07-04 14:57:00+05:30,8.35,8.4,8.3,8.3,2150,176300
583,2022-07-04 14:58:00+05:30,8.3,8.35,8.3,8.35,2150,176300
584,2022-07-04 14:59:00+05:30,8.35,8.35,8.35,8.35,2150,176300
585,2022-07-04 15:00:00+05:30,8.3,8.35,8.2,8.35,4300,175225
586,2022-07-04 15:01:00+05:30,8.3,8.3,8.3,8.3,2150,175225
587,2022-07-04 15:02:00+05:30,8.3,8.45,8.3,8.45,2150,175225
588,2022-07-04 15:03:00+05:30,8.45,8.6,8.45,8.6,1075,176300
589,2022-07-04 15:04:00+05:30,8.6,9.05,8.6,9.05,3225,176300
590,2022-07-04 15:05:00+05:30,9.05,9.05,8.6,8.7,3225,176300
591,2022-07-04 15:06:00+05:30,8.7,8.7,8.7,8.7,3225,177375
592,2022-07-04 15:07:00+05:30,8.7,8.75,8.7,8.7,2150,177375
593,2022-07-04 15:08:00+05:30,8.7,8.7,8.7,8.7,1075,177375
594,2022-07-04 15:09:00+05:30,8.7,8.7,8.7,8.7,0,177375
595,2022-07-04 15:10:00+05:30,8.7,8.7,8.7,8.7,0,177375
596,2022-07-04 15:11:00+05:30,8.7,8.8,8.7,8.8,2150,179525
597,2022-07-04 15:12:00+05:30,8.8,8.95,8.8,8.95,3225,179525
598,2022-07-04 15:13:00+05:30,8.95,8.95,8.65,8.65,4300,179525
599,2022-07-04 15:14:00+05:30,8.65,8.65,8.65,8.65,2150,179525
600,2022-07-04 15:15:00+05:30,8.65,8.75,8.65,8.75,2150,180600
601,2022-07-04 15:16:00+05:30,8.9,8.9,8.75,8.75,3225,180600
602,2022-07-04 15:17:00+05:30,8.75,8.9,8.75,8.9,2150,180600
603,2022-07-04 15:18:00+05:30,8.9,8.9,8.9,8.9,1075,178450
604,2022-07-04 15:19:00+05:30,8.9,8.95,8.9,8.95,1075,178450
605,2022-07-04 15:20:00+05:30,8.95,9.05,8.95,9.05,3225,178450
606,2022-07-04 15:21:00+05:30,9.05,9.15,9.05,9.1,3225,179525
607,2022-07-04 15:22:00+05:30,9.1,9.1,9.0,9.05,3225,179525
608,2022-07-04 15:23:00+05:30,9.05,9.05,8.95,8.95,2150,179525
609,2022-07-04 15:24:00+05:30,8.95,8.95,8.75,8.75,2150,176300
610,2022-07-04 15:25:00+05:30,8.65,8.7,8.65,8.7,7525,176300
611,2022-07-04 15:26:00+05:30,8.7,8.7,8.7,8.7,1075,176300
612,2022-07-04 15:27:00+05:30,8.7,8.7,8.7,8.7,0,176300
613,2022-07-04 15:28:00+05:30,8.7,8.7,8.65,8.65,1075,177375
614,2022-07-04 15:29:00+05:30,8.65,8.7,8.55,8.55,3225,177375
615,2022-07-05 09:15:00+05:30,9.4,9.65,9.4,9.65,0,179525
616,2022-07-05 09:16:00+05:30,9.65,9.65,9.65,9.65,1075,179525
617,2022-07-05 09:17:00+05:30,9.25,9.8,9.25,9.8,4300,183825
618,2022-07-05 09:18:00+05:30,9.8,10.3,9.8,10.3,8600,183825
619,2022-07-05 09:19:00+05:30,10.3,10.3,9.95,10.1,6450,183825
620,2022-07-05 09:20:00+05:30,10.1,10.75,10.1,10.7,12900,187050
621,2022-07-05 09:21:00+05:30,10.6,10.6,10.6,10.6,5375,187050
622,2022-07-05 09:22:00+05:30,10.4,10.55,10.0,10.0,7525,187050
623,2022-07-05 09:23:00+05:30,10.0,10.1,10.0,10.1,7525,187050
624,2022-07-05 09:24:00+05:30,10.1,10.4,10.0,10.0,11825,189200
625,2022-07-05 09:25:00+05:30,10.1,10.15,9.75,9.75,6450,189200
626,2022-07-05 09:26:00+05:30,9.75,9.9,9.75,9.9,1075,190275
627,2022-07-05 09:27:00+05:30,9.9,9.9,9.55,9.65,8600,190275
628,2022-07-05 09:28:00+05:30,9.75,9.75,9.75,9.75,1075,190275
629,2022-07-05 09:29:00+05:30,9.75,9.95,9.75,9.95,1075,191350
630,2022-07-05 09:30:00+05:30,9.95,10.5,9.95,10.5,2150,191350
631,2022-07-05 09:31:00+05:30,10.4,10.6,10.4,10.6,3225,191350
632,2022-07-05 09:32:00+05:30,10.5,10.6,10.4,10.55,6450,189200
633,2022-07-05 09:33:00+05:30,10.7,10.8,10.65,10.75,11825,189200
634,2022-07-05 09:34:00+05:30,10.75,10.8,10.7,10.7,23650,189200
635,2022-07-05 09:35:00+05:30,10.8,11.3,10.8,11.3,20425,187050
636,2022-07-05 09:36:00+05:30,11.3,11.75,11.3,11.75,13975,187050
637,2022-07-05 09:37:00+05:30,11.7,11.85,11.6,11.85,16125,187050
638,2022-07-05 09:38:00+05:30,11.8,11.8,11.55,11.55,16125,188125
639,2022-07-05 09:39:00+05:30,11.6,11.7,11.5,11.6,18275,188125
640,2022-07-05 09:40:00+05:30,11.55,11.6,11.35,11.35,10750,188125
641,2022-07-05 09:41:00+05:30,11.35,11.6,11.3,11.3,7525,198875
642,2022-07-05 09:42:00+05:30,11.35,11.65,11.3,11.65,16125,198875
643,2022-07-05 09:43:00+05:30,11.65,11.8,11.65,11.65,9675,198875
644,2022-07-05 09:44:00+05:30,11.65,11.65,11.6,11.6,3225,202100
645,2022-07-05 09:45:00+05:30,11.6,11.6,11.4,11.4,9675,202100
646,2022-07-05 09:46:00+05:30,11.35,12.0,11.35,12.0,12900,202100
647,2022-07-05 09:47:00+05:30,12.0,12.2,11.95,12.2,18275,198875
648,2022-07-05 09:48:00+05:30,12.2,12.6,12.1,12.6,15050,198875
649,2022-07-05 09:49:00+05:30,12.6,12.9,12.4,12.9,33325,198875
650,2022-07-05 09:50:00+05:30,12.9,13.0,12.35,12.4,47300,195650
651,2022-07-05 09:51:00+05:30,12.4,12.5,12.3,12.4,27950,195650
652,2022-07-05 09:52:00+05:30,12.4,12.5,12.4,12.45,5375,195650
653,2022-07-05 09:53:00+05:30,12.45,12.5,12.35,12.35,9675,210700
654,2022-07-05 09:54:00+05:30,12.3,12.3,12.1,12.3,27950,210700
655,2022-07-05 09:55:00+05:30,12.4,12.75,12.4,12.6,16125,210700
656,2022-07-05 09:56:00+05:30,12.55,12.6,12.15,12.15,25800,225750
657,2022-07-05 09:57:00+05:30,12.15,12.45,12.15,12.45,11825,225750
658,2022-07-05 09:58:00+05:30,12.45,12.65,12.45,12.45,10750,225750
659,2022-07-05 09:59:00+05:30,12.45,12.45,12.2,12.25,11825,241875
660,2022-07-05 10:00:00+05:30,12.15,12.4,12.15,12.3,8600,241875
661,2022-07-05 10:01:00+05:30,12.3,12.3,12.25,12.3,7525,241875
662,2022-07-05 10:02:00+05:30,12.3,12.5,12.2,12.45,7525,233275
663,2022-07-05 10:03:00+05:30,12.45,12.5,12.35,12.35,5375,233275
664,2022-07-05 10:04:00+05:30,12.35,12.35,12.3,12.3,2150,233275
665,2022-07-05 10:05:00+05:30,12.4,12.85,12.4,12.85,20425,231125
666,2022-07-05 10:06:00+05:30,12.85,12.95,12.6,12.6,32250,231125
667,2022-07-05 10:07:00+05:30,12.5,12.6,12.4,12.55,8600,231125
668,2022-07-05 10:08:00+05:30,12.5,12.55,12.3,12.3,16125,252625
669,2022-07-05 10:09:00+05:30,12.15,12.4,12.15,12.35,8600,252625
670,2022-07-05 10:10:00+05:30,12.35,12.35,11.9,12.0,3225,252625
671,2022-07-05 10:11:00+05:30,12.0,12.15,11.95,11.95,19350,255850
672,2022-07-05 10:12:00+05:30,12.0,12.0,11.8,11.8,8600,255850
673,2022-07-05 10:13:00+05:30,11.85,11.85,11.6,11.6,11825,255850
674,2022-07-05 10:14:00+05:30,11.6,11.6,11.4,11.45,13975,251550
675,2022-07-05 10:15:00+05:30,11.45,11.65,11.45,11.6,29025,251550
676,2022-07-05 10:16:00+05:30,11.55,11.65,11.55,11.55,5375,251550
677,2022-07-05 10:17:00+05:30,11.55,11.85,11.45,11.8,12900,240800
678,2022-07-05 10:18:00+05:30,11.85,11.95,11.8,11.8,10750,240800
679,2022-07-05 10:19:00+05:30,11.8,11.8,11.7,11.7,4300,240800
680,2022-07-05 10:20:00+05:30,11.7,11.7,11.7,11.7,2150,240800
681,2022-07-05 10:21:00+05:30,11.7,11.7,11.6,11.6,2150,244025
682,2022-07-05 10:22:00+05:30,11.65,11.8,11.65,11.75,7525,244025
683,2022-07-05 10:23:00+05:30,11.75,11.75,11.7,11.7,2150,244025
684,2022-07-05 10:24:00+05:30,11.7,11.7,11.7,11.7,1075,245100
685,2022-07-05 10:25:00+05:30,11.7,11.8,11.7,11.8,0,245100
686,2022-07-05 10:26:00+05:30,11.8,11.8,11.8,11.8,1075,245100
687,2022-07-05 10:27:00+05:30,11.8,11.8,11.8,11.8,1075,245100
688,2022-07-05 10:28:00+05:30,11.8,11.9,11.8,11.9,1075,245100
689,2022-07-05 10:29:00+05:30,11.9,12.05,11.9,12.05,3225,242950
690,2022-07-05 10:30:00+05:30,12.1,12.2,12.1,12.2,6450,242950
691,2022-07-05 10:31:00+05:30,12.25,12.35,12.15,12.15,7525,242950
692,2022-07-05 10:32:00+05:30,12.15,12.15,12.15,12.15,2150,249400
693,2022-07-05 10:33:00+05:30,12.15,12.15,12.15,12.15,0,249400
694,2022-07-05 10:34:00+05:30,12.15,12.35,12.15,12.3,8600,249400
695,2022-07-05 10:35:00+05:30,12.3,12.3,12.3,12.3,5375,249400
696,2022-07-05 10:36:00+05:30,12.3,12.45,12.3,12.45,5375,252625
697,2022-07-05 10:37:00+05:30,12.5,12.5,12.5,12.5,4300,252625
698,2022-07-05 10:38:00+05:30,12.45,12.65,12.45,12.65,8600,251550
699,2022-07-05 10:39:00+05:30,12.7,13.1,12.7,13.0,58050,251550
700,2022-07-05 10:40:00+05:30,13.0,13.0,12.9,12.95,11825,251550
701,2022-07-05 10:41:00+05:30,12.95,13.0,12.95,13.0,8600,284875
702,2022-07-05 10:42:00+05:30,13.0,13.0,12.75,12.8,15050,284875
703,2022-07-05 10:43:00+05:30,12.75,13.25,12.75,13.2,47300,284875
704,2022-07-05 10:44:00+05:30,13.15,13.15,12.5,12.5,21500,271975
705,2022-07-05 10:45:00+05:30,12.7,12.9,12.65,12.75,27950,271975
706,2022-07-05 10:46:00+05:30,12.75,12.75,12.45,12.55,6450,271975
707,2022-07-05 10:47:00+05:30,12.5,12.5,12.5,12.5,7525,291325
708,2022-07-05 10:48:00+05:30,12.6,12.6,12.45,12.45,12900,291325
709,2022-07-05 10:49:00+05:30,12.45,12.5,12.2,12.4,16125,291325
710,2022-07-05 10:50:00+05:30,12.4,12.45,12.2,12.2,17200,304225
711,2022-07-05 10:51:00+05:30,12.2,12.2,12.15,12.2,16125,304225
712,2022-07-05 10:52:00+05:30,12.2,12.3,12.2,12.3,16125,304225
713,2022-07-05 10:53:00+05:30,12.3,12.3,12.3,12.3,0,304225
714,2022-07-05 10:54:00+05:30,12.3,12.6,12.3,12.6,16125,284875
715,2022-07-05 10:55:00+05:30,12.55,12.75,12.55,12.6,12900,284875
716,2022-07-05 10:56:00+05:30,12.6,13.0,12.6,12.9,9675,296700
717,2022-07-05 10:57:00+05:30,12.75,12.75,12.75,12.75,4300,296700
718,2022-07-05 10:58:00+05:30,12.75,12.85,12.75,12.75,8600,296700
719,2022-07-05 10:59:00+05:30,12.75,12.9,12.7,12.8,12900,304225
720,2022-07-05 11:00:00+05:30,12.8,12.8,12.7,12.7,5375,304225
721,2022-07-05 11:01:00+05:30,12.7,12.7,12.6,12.6,4300,304225
722,2022-07-05 11:02:00+05:30,12.6,12.7,12.5,12.7,12900,309600
723,2022-07-05 11:03:00+05:30,12.7,12.7,12.55,12.55,10750,309600
724,2022-07-05 11:04:00+05:30,12.55,12.55,12.4,12.45,4300,309600
725,2022-07-05 11:05:00+05:30,12.45,12.7,12.45,12.65,6450,303150
726,2022-07-05 11:06:00+05:30,12.6,12.8,12.6,12.8,2150,303150
727,2022-07-05 11:07:00+05:30,12.8,12.9,12.65,12.65,11825,303150
728,2022-07-05 11:08:00+05:30,12.65,12.75,12.65,12.75,4300,307450
729,2022-07-05 11:09:00+05:30,12.75,12.75,12.55,12.55,8600,307450
730,2022-07-05 11:10:00+05:30,12.55,12.65,12.55,12.65,4300,307450
731,2022-07-05 11:11:00+05:30,12.65,12.85,12.65,12.85,2150,307450
732,2022-07-05 11:12:00+05:30,12.85,12.9,12.75,12.75,40850,307450
733,2022-07-05 11:13:00+05:30,12.75,12.8,12.65,12.8,4300,307450
734,2022-07-05 11:14:00+05:30,12.8,12.8,12.7,12.7,3225,342925
735,2022-07-05 11:15:00+05:30,12.75,12.75,12.75,12.75,1075,342925
736,2022-07-05 11:16:00+05:30,12.75,12.75,12.55,12.65,4300,342925
737,2022-07-05 11:17:00+05:30,12.5,12.5,12.15,12.4,17200,347225
738,2022-07-05 11:18:00+05:30,12.4,12.6,12.4,12.6,8600,347225
739,2022-07-05 11:19:00+05:30,12.65,12.65,12.6,12.6,4300,347225
740,2022-07-05 11:20:00+05:30,12.6,12.8,12.45,12.8,7525,347225
741,2022-07-05 11:21:00+05:30,12.8,12.8,12.8,12.8,1075,341850
742,2022-07-05 11:22:00+05:30,12.8,12.8,12.65,12.65,3225,341850
743,2022-07-05 11:23:00+05:30,12.65,12.65,12.65,12.65,0,341850
744,2022-07-05 11:24:00+05:30,12.65,12.8,12.65,12.75,3225,344000
745,2022-07-05 11:25:00+05:30,12.75,12.75,12.6,12.6,1075,344000
746,2022-07-05 11:26:00+05:30,12.65,12.65,12.6,12.6,5375,345075
747,2022-07-05 11:27:00+05:30,12.6,12.6,12.5,12.5,2150,345075
748,2022-07-05 11:28:00+05:30,12.5,12.5,12.4,12.4,2150,345075
749,2022-07-05 11:29:00+05:30,12.4,12.55,12.4,12.5,5375,345075
750,2022-07-05 11:30:00+05:30,12.5,12.5,12.5,12.5,0,345075
751,2022-07-05 11:31:00+05:30,12.5,12.55,12.5,12.55,2150,345075
752,2022-07-05 11:32:00+05:30,12.55,12.55,12.45,12.45,0,347225
753,2022-07-05 11:33:00+05:30,12.45,12.45,12.3,12.45,6450,347225
754,2022-07-05 11:34:00+05:30,12.45,12.45,12.35,12.35,2150,347225
755,2022-07-05 11:35:00+05:30,12.3,12.3,12.2,12.2,4300,350450
756,2022-07-05 11:36:00+05:30,12.2,12.2,12.15,12.2,2150,350450
757,2022-07-05 11:37:00+05:30,12.2,12.2,12.2,12.2,1075,350450
758,2022-07-05 11:38:00+05:30,12.25,12.25,12.25,12.25,3225,350450
759,2022-07-05 11:39:00+05:30,12.35,12.35,12.35,12.35,2150,346150
760,2022-07-05 11:40:00+05:30,12.35,12.5,12.35,12.4,4300,346150
761,2022-07-05 11:41:00+05:30,12.4,12.4,12.4,12.4,0,346150
762,2022-07-05 11:42:00+05:30,12.4,12.6,12.4,12.6,5375,344000
763,2022-07-05 11:43:00+05:30,12.6,12.6,12.5,12.5,2150,344000
764,2022-07-05 11:44:00+05:30,12.5,12.5,12.3,12.4,2150,344000
765,2022-07-05 11:45:00+05:30,12.4,12.45,12.4,12.45,1075,342925
766,2022-07-05 11:46:00+05:30,12.45,12.45,12.45,12.45,0,342925
767,2022-07-05 11:47:00+05:30,12.45,12.45,12.4,12.45,3225,342925
768,2022-07-05 11:48:00+05:30,12.45,12.6,12.45,12.6,3225,345075
769,2022-07-05 11:49:00+05:30,12.7,12.75,12.7,12.75,7525,345075
770,2022-07-05 11:50:00+05:30,12.75,13.2,12.7,13.05,24725,331100
771,2022-07-05 11:51:00+05:30,13.05,13.05,12.75,12.75,11825,331100
772,2022-07-05 11:52:00+05:30,12.75,12.95,12.75,12.8,12900,331100
773,2022-07-05 11:53:00+05:30,12.8,12.8,12.8,12.8,3225,331100
774,2022-07-05 11:54:00+05:30,12.8,12.95,12.8,12.9,3225,333250
775,2022-07-05 11:55:00+05:30,12.8,12.9,12.8,12.85,8600,333250
776,2022-07-05 11:56:00+05:30,12.95,13.2,12.95,13.2,20425,334325
777,2022-07-05 11:57:00+05:30,13.2,13.4,13.15,13.15,20425,334325
778,2022-07-05 11:58:00+05:30,13.15,13.3,13.15,13.2,8600,334325
779,2022-07-05 11:59:00+05:30,13.2,13.3,13.05,13.2,22575,334325
780,2022-07-05 12:00:00+05:30,13.3,13.3,13.2,13.25,4300,347225
781,2022-07-05 12:01:00+05:30,13.25,13.25,13.05,13.15,3225,347225
782,2022-07-05 12:02:00+05:30,13.15,13.35,13.15,13.35,8600,352600
783,2022-07-05 12:03:00+05:30,13.35,13.5,13.35,13.45,17200,352600
784,2022-07-05 12:04:00+05:30,13.45,13.55,13.3,13.45,10750,352600
785,2022-07-05 12:05:00+05:30,13.45,13.55,13.3,13.55,8600,352600
786,2022-07-05 12:06:00+05:30,13.6,13.8,13.45,13.6,46225,350450
787,2022-07-05 12:07:00+05:30,13.6,13.6,13.25,13.45,19350,350450
788,2022-07-05 12:08:00+05:30,13.45,13.45,13.3,13.3,5375,351525
789,2022-07-05 12:09:00+05:30,13.35,13.35,13.35,13.35,13975,351525
790,2022-07-05 12:10:00+05:30,13.35,13.35,13.2,13.2,3225,351525
791,2022-07-05 12:11:00+05:30,13.2,13.25,13.2,13.2,1075,348300
792,2022-07-05 12:12:00+05:30,13.2,13.35,13.2,13.35,13975,348300
793,2022-07-05 12:13:00+05:30,13.35,13.35,13.25,13.25,1075,348300
794,2022-07-05 12:14:00+05:30,13.25,13.4,13.25,13.3,3225,345075
795,2022-07-05 12:15:00+05:30,13.35,13.55,13.35,13.4,19350,345075
796,2022-07-05 12:16:00+05:30,13.55,13.55,13.4,13.4,12900,345075
797,2022-07-05 12:17:00+05:30,13.4,13.5,13.3,13.5,13975,345075
798,2022-07-05 12:18:00+05:30,13.5,13.7,13.5,13.7,5375,363350
799,2022-07-05 12:19:00+05:30,13.7,13.9,13.65,13.85,12900,363350
800,2022-07-05 12:20:00+05:30,13.9,13.9,13.65,13.65,19350,369800
801,2022-07-05 12:21:00+05:30,13.65,13.8,13.65,13.75,20425,369800
802,2022-07-05 12:22:00+05:30,13.7,13.8,13.7,13.8,6450,369800
803,2022-07-05 12:23:00+05:30,13.8,13.8,13.75,13.8,8600,369800
804,2022-07-05 12:24:00+05:30,13.75,14.0,13.75,13.8,39775,369800
805,2022-07-05 12:25:00+05:30,13.8,13.8,13.75,13.8,7525,369800
806,2022-07-05 12:26:00+05:30,13.8,14.4,13.8,14.2,43000,345075
807,2022-07-05 12:27:00+05:30,14.05,14.3,14.05,14.3,22575,345075
808,2022-07-05 12:28:00+05:30,14.2,14.25,14.15,14.2,36550,345075
809,2022-07-05 12:29:00+05:30,14.2,14.4,14.1,14.4,15050,344000
810,2022-07-05 12:30:00+05:30,14.3,14.75,14.3,14.7,24725,344000
811,2022-07-05 12:31:00+05:30,14.75,14.8,14.6,14.75,18275,344000
812,2022-07-05 12:32:00+05:30,14.75,14.95,14.7,14.8,11825,344000
813,2022-07-05 12:33:00+05:30,14.9,15.15,14.75,15.15,35475,332175
814,2022-07-05 12:34:00+05:30,15.15,15.25,15.05,15.05,33325,332175
815,2022-07-05 12:35:00+05:30,15.05,15.1,14.55,14.55,21500,344000
816,2022-07-05 12:36:00+05:30,14.75,14.75,14.35,14.45,16125,344000
817,2022-07-05 12:37:00+05:30,14.45,14.45,14.15,14.35,15050,344000
818,2022-07-05 12:38:00+05:30,14.35,14.35,14.2,14.25,6450,344000
819,2022-07-05 12:39:00+05:30,14.25,14.25,14.05,14.2,11825,348300
820,2022-07-05 12:40:00+05:30,14.2,14.2,14.0,14.0,5375,348300
821,2022-07-05 12:41:00+05:30,13.8,14.0,13.8,13.85,20425,348300
822,2022-07-05 12:42:00+05:30,13.8,13.95,13.8,13.85,12900,347225
823,2022-07-05 12:43:00+05:30,13.85,13.95,13.8,13.95,6450,347225
824,2022-07-05 12:44:00+05:30,13.9,13.9,13.85,13.9,9675,347225
825,2022-07-05 12:45:00+05:30,13.9,14.25,13.9,14.25,10750,357975
826,2022-07-05 12:46:00+05:30,14.25,14.3,14.15,14.2,11825,357975
827,2022-07-05 12:47:00+05:30,14.2,14.35,14.2,14.35,7525,357975
828,2022-07-05 12:48:00+05:30,14.7,14.75,14.55,14.55,8600,368725
829,2022-07-05 12:49:00+05:30,14.55,14.55,14.35,14.35,6450,368725
830,2022-07-05 12:50:00+05:30,14.5,14.5,14.35,14.45,3225,368725
831,2022-07-05 12:51:00+05:30,14.45,14.65,14.45,14.65,5375,376250
832,2022-07-05 12:52:00+05:30,14.6,14.7,14.6,14.7,7525,376250
833,2022-07-05 12:53:00+05:30,14.7,14.7,14.25,14.3,5375,376250
834,2022-07-05 12:54:00+05:30,14.3,14.3,14.2,14.25,5375,369800
835,2022-07-05 12:55:00+05:30,14.25,14.4,14.0,14.05,15050,369800
836,2022-07-05 12:56:00+05:30,13.95,14.05,13.65,13.65,15050,369800
837,2022-07-05 12:57:00+05:30,13.65,13.75,13.45,13.7,16125,362275
838,2022-07-05 12:58:00+05:30,13.5,13.7,13.5,13.6,12900,362275
839,2022-07-05 12:59:00+05:30,13.6,13.6,13.0,13.0,16125,362275
840,2022-07-05 13:00:00+05:30,13.0,13.05,12.7,12.8,23650,353675
841,2022-07-05 13:01:00+05:30,12.85,12.85,12.75,12.85,13975,353675
842,2022-07-05 13:02:00+05:30,12.85,12.9,12.8,12.9,6450,353675
843,2022-07-05 13:03:00+05:30,12.9,13.1,12.9,13.1,6450,351525
844,2022-07-05 13:04:00+05:30,13.2,13.2,13.15,13.15,1075,351525
845,2022-07-05 13:05:00+05:30,13.15,13.55,13.15,13.55,16125,351525
846,2022-07-05 13:06:00+05:30,13.55,13.6,13.5,13.6,9675,361200
847,2022-07-05 13:07:00+05:30,13.6,13.6,12.95,13.05,16125,361200
848,2022-07-05 13:08:00+05:30,13.05,13.4,13.05,13.4,5375,361200
849,2022-07-05 13:09:00+05:30,13.3,13.3,13.05,13.1,7525,367650
850,2022-07-05 13:10:00+05:30,13.2,13.3,13.2,13.2,5375,367650
851,2022-07-05 13:11:00+05:30,13.2,13.25,13.2,13.25,3225,367650
852,2022-07-05 13:12:00+05:30,13.25,13.3,13.25,13.25,3225,378400
853,2022-07-05 13:13:00+05:30,13.2,13.25,13.2,13.25,3225,378400
854,2022-07-05 13:14:00+05:30,13.3,13.45,13.3,13.4,7525,378400
855,2022-07-05 13:15:00+05:30,13.4,13.4,13.35,13.35,2150,380550
856,2022-07-05 13:16:00+05:30,13.35,13.35,13.2,13.2,3225,380550
857,2022-07-05 13:17:00+05:30,13.2,13.2,13.2,13.2,0,380550
858,2022-07-05 13:18:00+05:30,13.2,13.3,13.2,13.3,1075,383775
859,2022-07-05 13:19:00+05:30,13.3,13.45,13.3,13.4,8600,383775
860,2022-07-05 13:20:00+05:30,13.4,13.4,13.25,13.25,5375,383775
861,2022-07-05 13:21:00+05:30,13.25,13.25,13.2,13.2,3225,387000
862,2022-07-05 13:22:00+05:30,13.2,13.2,12.9,12.95,6450,387000
863,2022-07-05 13:23:00+05:30,12.95,13.0,12.95,12.95,4300,387000
864,2022-07-05 13:24:00+05:30,12.9,12.95,12.6,12.95,12900,388075
865,2022-07-05 13:25:00+05:30,13.0,13.1,13.0,13.1,7525,388075
866,2022-07-05 13:26:00+05:30,13.1,13.2,13.1,13.2,15050,388075
867,2022-07-05 13:27:00+05:30,13.2,13.2,13.05,13.1,5375,391300
868,2022-07-05 13:28:00+05:30,13.1,13.1,13.05,13.05,4300,391300
869,2022-07-05 13:29:00+05:30,13.0,13.0,12.95,12.95,4300,391300
870,2022-07-05 13:30:00+05:30,12.95,13.25,12.9,13.0,10750,387000
871,2022-07-05 13:31:00+05:30,13.0,13.35,13.0,13.35,8600,387000
872,2022-07-05 13:32:00+05:30,13.25,13.6,13.25,13.45,10750,387000
873,2022-07-05 13:33:00+05:30,13.45,13.6,13.45,13.45,12900,378400
874,2022-07-05 13:34:00+05:30,13.4,13.45,13.4,13.45,2150,378400
875,2022-07-05 13:35:00+05:30,13.45,13.45,13.35,13.4,6450,378400
876,2022-07-05 13:36:00+05:30,13.4,13.4,13.4,13.4,4300,380550
877,2022-07-05 13:37:00+05:30,13.4,13.4,12.95,12.95,7525,380550
878,2022-07-05 13:38:00+05:30,13.0,13.0,12.85,12.85,6450,380550
879,2022-07-05 13:39:00+05:30,12.85,12.85,12.3,12.3,9675,377325
880,2022-07-05 13:40:00+05:30,12.3,12.6,12.3,12.5,30100,377325
881,2022-07-05 13:41:00+05:30,12.4,12.4,12.3,12.3,12900,377325
882,2022-07-05 13:42:00+05:30,12.2,12.6,12.15,12.55,18275,371950
883,2022-07-05 13:43:00+05:30,12.45,12.55,12.25,12.25,8600,371950
884,2022-07-05 13:44:00+05:30,12.2,12.25,12.15,12.2,2150,371950
885,2022-07-05 13:45:00+05:30,11.95,12.0,11.75,11.75,20425,364425
886,2022-07-05 13:46:00+05:30,11.85,11.95,11.85,11.85,18275,364425
887,2022-07-05 13:47:00+05:30,11.8,11.8,11.15,11.25,44075,364425
888,2022-07-05 13:48:00+05:30,11.25,11.55,11.25,11.55,8600,367650
889,2022-07-05 13:49:00+05:30,11.5,11.65,11.5,11.65,7525,367650
890,2022-07-05 13:50:00+05:30,11.4,11.4,10.85,11.05,30100,367650
891,2022-07-05 13:51:00+05:30,11.25,11.35,11.25,11.35,5375,364425
892,2022-07-05 13:52:00+05:30,11.3,11.3,10.9,10.9,5375,364425
893,2022-07-05 13:53:00+05:30,10.9,11.1,10.85,11.05,8600,364425
894,2022-07-05 13:54:00+05:30,11.05,11.05,10.8,10.85,7525,364425
895,2022-07-05 13:55:00+05:30,10.85,10.9,10.65,10.9,4300,364425
896,2022-07-05 13:56:00+05:30,10.9,11.35,10.9,11.25,15050,364425
897,2022-07-05 13:57:00+05:30,11.15,11.15,10.65,10.65,11825,363350
898,2022-07-05 13:58:00+05:30,10.65,10.95,10.45,10.9,13975,363350
899,2022-07-05 13:59:00+05:30,10.85,11.1,10.85,11.1,8600,363350
900,2022-07-05 14:00:00+05:30,11.1,11.1,10.75,10.95,10750,359050
901,2022-07-05 14:01:00+05:30,11.05,11.05,10.95,11.05,6450,359050
902,2022-07-05 14:02:00+05:30,11.05,11.05,11.05,11.05,2150,359050
903,2022-07-05 14:03:00+05:30,11.3,11.45,11.25,11.3,8600,356900
904,2022-07-05 14:04:00+05:30,11.1,11.2,11.1,11.15,5375,356900
905,2022-07-05 14:05:00+05:30,11.15,11.25,11.15,11.25,3225,356900
906,2022-07-05 14:06:00+05:30,11.25,11.5,11.25,11.5,4300,357975
907,2022-07-05 14:07:00+05:30,11.5,11.55,11.45,11.5,8600,357975
908,2022-07-05 14:08:00+05:30,11.5,11.8,11.4,11.4,13975,357975
909,2022-07-05 14:09:00+05:30,11.4,11.55,11.3,11.55,15050,357975
910,2022-07-05 14:10:00+05:30,11.55,11.55,11.0,11.0,5375,357975
911,2022-07-05 14:11:00+05:30,11.0,11.05,11.0,11.0,4300,357975
912,2022-07-05 14:12:00+05:30,11.15,11.35,11.0,11.35,3225,356900
913,2022-07-05 14:13:00+05:30,11.4,11.5,11.35,11.5,13975,356900
914,2022-07-05 14:14:00+05:30,11.5,11.55,11.35,11.35,3225,356900
915,2022-07-05 14:15:00+05:30,11.2,11.35,11.2,11.35,4300,366575
916,2022-07-05 14:16:00+05:30,11.35,11.7,11.35,11.55,9675,366575
917,2022-07-05 14:17:00+05:30,11.55,11.55,11.35,11.35,7525,366575
918,2022-07-05 14:18:00+05:30,11.35,11.4,11.35,11.4,2150,365500
919,2022-07-05 14:19:00+05:30,11.4,11.4,10.85,10.85,4300,365500
920,2022-07-05 14:20:00+05:30,10.95,11.1,10.95,11.1,5375,365500
921,2022-07-05 14:21:00+05:30,11.2,11.25,11.1,11.2,4300,365500
922,2022-07-05 14:22:00+05:30,11.2,11.35,11.2,11.25,6450,365500
923,2022-07-05 14:23:00+05:30,11.25,11.25,11.15,11.2,5375,365500
924,2022-07-05 14:24:00+05:30,11.2,11.4,11.2,11.4,24725,365500
925,2022-07-05 14:25:00+05:30,11.4,11.4,11.35,11.35,2150,365500
926,2022-07-05 14:26:00+05:30,11.45,11.45,11.4,11.45,6450,365500
927,2022-07-05 14:27:00+05:30,11.45,11.65,11.45,11.65,3225,375175
928,2022-07-05 14:28:00+05:30,11.7,11.7,11.4,11.45,8600,375175
929,2022-07-05 14:29:00+05:30,11.45,11.45,11.45,11.45,0,375175
930,2022-07-05 14:30:00+05:30,11.45,11.45,11.45,11.45,0,375175
931,2022-07-05 14:31:00+05:30,11.15,11.25,11.15,11.25,4300,376250
932,2022-07-05 14:32:00+05:30,11.25,11.5,11.25,11.5,2150,376250
933,2022-07-05 14:33:00+05:30,11.5,11.7,11.5,11.7,1075,376250
934,2022-07-05 14:34:00+05:30,11.7,11.7,11.55,11.55,5375,376250
935,2022-07-05 14:35:00+05:30,11.55,11.6,11.5,11.5,6450,376250
936,2022-07-05 14:36:00+05:30,11.5,11.6,11.5,11.55,6450,371950
937,2022-07-05 14:37:00+05:30,11.55,11.6,11.5,11.5,1075,371950
938,2022-07-05 14:38:00+05:30,11.5,11.5,11.35,11.4,11825,371950
939,2022-07-05 14:39:00+05:30,11.4,11.4,11.3,11.35,5375,373025
940,2022-07-05 14:40:00+05:30,11.35,11.35,11.15,11.15,1075,373025
941,2022-07-05 14:41:00+05:30,11.05,11.05,10.9,11.0,10750,373025
942,2022-07-05 14:42:00+05:30,11.0,11.0,10.65,10.75,9675,368725
943,2022-07-05 14:43:00+05:30,10.75,11.0,10.75,11.0,4300,368725
944,2022-07-05 14:44:00+05:30,11.0,11.25,11.0,11.25,1075,368725
945,2022-07-05 14:45:00+05:30,11.15,11.15,11.05,11.05,3225,365500
946,2022-07-05 14:46:00+05:30,11.05,11.05,10.95,11.05,4300,365500
947,2022-07-05 14:47:00+05:30,11.05,11.1,10.95,10.95,6450,365500
948,2022-07-05 14:48:00+05:30,11.0,11.0,10.3,10.45,22575,368725
949,2022-07-05 14:49:00+05:30,10.25,10.65,10.25,10.65,16125,368725
950,2022-07-05 14:50:00+05:30,10.45,10.45,10.1,10.1,4300,368725
951,2022-07-05 14:51:00+05:30,10.1,10.2,9.8,9.9,15050,371950
952,2022-07-05 14:52:00+05:30,10.05,10.2,10.05,10.05,17200,371950
953,2022-07-05 14:53:00+05:30,10.05,10.05,9.65,9.7,35475,371950
954,2022-07-05 14:54:00+05:30,9.7,10.1,9.7,10.05,7525,348300
955,2022-07-05 14:55:00+05:30,10.05,10.35,10.05,10.35,1075,348300
956,2022-07-05 14:56:00+05:30,10.2,10.2,10.0,10.1,6450,348300
957,2022-07-05 14:57:00+05:30,10.1,10.45,10.1,10.45,8600,348300
958,2022-07-05 14:58:00+05:30,10.25,10.45,10.0,10.0,6450,348300
959,2022-07-05 14:59:00+05:30,10.0,10.0,9.9,9.9,2150,348300
960,2022-07-05 15:00:00+05:30,9.9,9.9,9.75,9.75,2150,350450
961,2022-07-05 15:01:00+05:30,9.75,10.0,9.75,9.95,6450,350450
962,2022-07-05 15:02:00+05:30,9.95,9.95,9.7,9.7,6450,350450
963,2022-07-05 15:03:00+05:30,9.7,9.7,9.5,9.5,5375,350450
964,2022-07-05 15:04:00+05:30,9.5,9.5,9.3,9.4,6450,350450
965,2022-07-05 15:05:00+05:30,9.4,9.65,9.4,9.65,13975,350450
966,2022-07-05 15:06:00+05:30,9.8,9.8,9.8,9.8,3225,351525
967,2022-07-05 15:07:00+05:30,9.8,9.95,9.8,9.85,3225,351525
968,2022-07-05 15:08:00+05:30,9.9,10.15,9.85,10.1,8600,351525
969,2022-07-05 15:09:00+05:30,10.1,10.15,10.1,10.15,3225,353675
970,2022-07-05 15:10:00+05:30,10.15,10.15,10.0,10.0,2150,353675
971,2022-07-05 15:11:00+05:30,10.0,10.0,9.85,9.85,4300,353675
972,2022-07-05 15:12:00+05:30,9.85,9.95,9.8,9.8,2150,351525
973,2022-07-05 15:13:00+05:30,9.8,9.8,9.75,9.75,1075,351525
974,2022-07-05 15:14:00+05:30,9.6,9.8,9.6,9.8,3225,351525
975,2022-07-05 15:15:00+05:30,9.8,9.8,9.75,9.75,1075,351525
976,2022-07-05 15:16:00+05:30,9.75,9.75,9.6,9.65,5375,348300
977,2022-07-05 15:17:00+05:30,9.65,9.65,9.65,9.65,2150,348300
978,2022-07-05 15:18:00+05:30,9.65,9.7,9.65,9.7,6450,350450
979,2022-07-05 15:19:00+05:30,9.7,9.75,9.6,9.6,5375,350450
980,2022-07-05 15:20:00+05:30,9.6,9.75,9.55,9.55,3225,350450
981,2022-07-05 15:21:00+05:30,9.65,9.65,9.55,9.65,7525,348300
982,2022-07-05 15:22:00+05:30,9.65,9.65,9.65,9.65,0,348300
983,2022-07-05 15:23:00+05:30,9.65,9.65,9.3,9.45,2150,348300
984,2022-07-05 15:24:00+05:30,9.45,9.45,9.25,9.25,5375,347225
985,2022-07-05 15:25:00+05:30,9.4,9.45,9.3,9.3,12900,347225
986,2022-07-05 15:26:00+05:30,9.2,9.3,9.2,9.2,3225,347225
987,2022-07-05 15:27:00+05:30,9.2,9.2,9.2,9.2,0,347225
988,2022-07-05 15:28:00+05:30,9.2,9.25,9.2,9.25,2150,353675
989,2022-07-05 15:29:00+05:30,9.15,9.15,9.1,9.1,6450,353675
990,2022-07-06 09:15:00+05:30,9.55,9.55,6.45,6.45,6450,349375
991,2022-07-06 09:16:00+05:30,6.1,6.1,5.55,6.0,11825,349375
992,2022-07-06 09:17:00+05:30,5.95,6.05,5.8,6.05,17200,354750
993,2022-07-06 09:18:00+05:30,6.0,6.3,6.0,6.3,4300,354750
994,2022-07-06 09:19:00+05:30,6.35,6.35,6.15,6.3,7525,354750
995,2022-07-06 09:20:00+05:30,6.35,6.35,6.05,6.05,8600,362275
996,2022-07-06 09:21:00+05:30,6.0,6.05,5.8,5.8,25800,362275
997,2022-07-06 09:22:00+05:30,5.85,5.9,5.7,5.85,10750,362275
998,2022-07-06 09:23:00+05:30,5.85,5.85,5.75,5.8,1075,374100
999,2022-07-06 09:24:00+05:30,5.8,5.8,5.8,5.8,11825,374100
1000,2022-07-06 09:25:00+05:30,5.8,5.9,5.8,5.8,5375,374100
1001,2022-07-06 09:26:00+05:30,5.8,5.8,5.8,5.8,10750,374100
1002,2022-07-06 09:27:00+05:30,5.65,5.9,5.65,5.7,10750,390225
1003,2022-07-06 09:28:00+05:30,5.8,5.8,5.6,5.6,16125,390225
1004,2022-07-06 09:29:00+05:30,5.5,5.5,5.35,5.45,6450,396675
1005,2022-07-06 09:30:00+05:30,5.45,5.45,5.25,5.25,18275,396675
1006,2022-07-06 09:31:00+05:30,5.25,5.35,5.25,5.3,9675,396675
1007,2022-07-06 09:32:00+05:30,5.3,5.35,5.3,5.3,1075,382700
1008,2022-07-06 09:33:00+05:30,5.3,5.3,5.2,5.2,3225,382700
1009,2022-07-06 09:34:00+05:30,5.2,5.2,5.15,5.15,2150,382700
1010,2022-07-06 09:35:00+05:30,5.15,5.15,4.95,4.95,6450,388075
1011,2022-07-06 09:36:00+05:30,4.95,5.0,4.85,4.95,10750,388075
1012,2022-07-06 09:37:00+05:30,4.95,4.95,4.9,4.9,5375,388075
1013,2022-07-06 09:38:00+05:30,4.95,5.0,4.95,4.95,6450,396675
1014,2022-07-06 09:39:00+05:30,4.95,4.95,4.85,4.85,7525,396675
1015,2022-07-06 09:40:00+05:30,4.85,5.0,4.85,5.0,5375,396675
1016,2022-07-06 09:41:00+05:30,5.0,5.0,4.9,4.9,3225,407425
1017,2022-07-06 09:42:00+05:30,4.9,4.9,4.9,4.9,4300,407425
1018,2022-07-06 09:43:00+05:30,4.9,4.9,4.8,4.8,5375,407425
1019,2022-07-06 09:44:00+05:30,4.8,4.8,4.8,4.8,0,407425
1020,2022-07-06 09:45:00+05:30,4.8,4.8,4.8,4.8,0,407425
1021,2022-07-06 09:46:00+05:30,4.8,4.9,4.8,4.9,3225,404200
1022,2022-07-06 09:47:00+05:30,5.1,5.15,5.05,5.05,7525,410650
1023,2022-07-06 09:48:00+05:30,5.1,5.15,5.1,5.15,8600,410650
1024,2022-07-06 09:49:00+05:30,5.2,5.2,5.05,5.05,4300,410650
1025,2022-07-06 09:50:00+05:30,5.05,5.15,5.05,5.1,3225,412800
1026,2022-07-06 09:51:00+05:30,5.1,5.1,5.1,5.1,2150,412800
1027,2022-07-06 09:52:00+05:30,5.1,5.1,5.0,5.0,4300,412800
1028,2022-07-06 09:53:00+05:30,5.0,5.1,5.0,5.1,2150,412800
1029,2022-07-06 09:54:00+05:30,5.1,5.1,4.85,4.85,5375,416025
1030,2022-07-06 09:55:00+05:30,4.85,5.0,4.85,4.95,3225,416025
1031,2022-07-06 09:56:00+05:30,4.95,4.95,4.85,4.85,1075,417100
1032,2022-07-06 09:57:00+05:30,4.85,4.85,4.8,4.85,2150,417100
1033,2022-07-06 09:58:00+05:30,4.85,4.85,4.85,4.85,2150,417100
1034,2022-07-06 09:59:00+05:30,4.85,4.85,4.85,4.85,1075,417100
1035,2022-07-06 10:00:00+05:30,4.85,4.85,4.75,4.85,3225,418175
1036,2022-07-06 10:01:00+05:30,4.8,4.95,4.8,4.95,11825,418175
1037,2022-07-06 10:02:00+05:30,4.95,4.95,4.95,4.95,1075,418175
1038,2022-07-06 10:03:00+05:30,4.95,5.15,4.95,5.15,6450,424625
1039,2022-07-06 10:04:00+05:30,5.15,5.2,5.15,5.2,2150,424625
1040,2022-07-06 10:05:00+05:30,5.2,5.2,5.2,5.2,0,424625
1041,2022-07-06 10:06:00+05:30,5.2,5.2,5.2,5.2,0,424625
1042,2022-07-06 10:07:00+05:30,5.2,5.2,5.1,5.15,1075,424625
1043,2022-07-06 10:08:00+05:30,5.15,5.15,5.15,5.15,1075,424625
1044,2022-07-06 10:09:00+05:30,5.15,5.15,5.15,5.15,0,424625
1045,2022-07-06 10:10:00+05:30,5.35,5.35,5.35,5.35,1075,424625
1046,2022-07-06 10:11:00+05:30,5.35,5.35,5.1,5.1,1075,424625
1047,2022-07-06 10:12:00+05:30,5.1,5.1,4.95,5.0,5375,424625
1048,2022-07-06 10:13:00+05:30,5.0,5.05,5.0,5.05,1075,424625
1049,2022-07-06 10:14:00+05:30,5.05,5.3,5.05,5.3,0,426775
1050,2022-07-06 10:15:00+05:30,5.3,5.3,5.3,5.3,1075,426775
1051,2022-07-06 10:16:00+05:30,5.3,5.3,5.3,5.3,0,426775
1052,2022-07-06 10:17:00+05:30,5.3,5.3,5.3,5.3,0,426775
1053,2022-07-06 10:18:00+05:30,5.3,5.3,5.2,5.2,1075,426775
1054,2022-07-06 10:19:00+05:30,5.2,5.2,5.2,5.2,1075,426775
1055,2022-07-06 10:20:00+05:30,5.2,5.2,5.2,5.2,0,426775
1056,2022-07-06 10:21:00+05:30,5.2,5.2,5.1,5.1,1075,426775
1057,2022-07-06 10:22:00+05:30,5.1,5.1,5.0,5.0,0,426775
1058,2022-07-06 10:23:00+05:30,5.0,5.0,5.0,5.0,3225,428925
1059,2022-07-06 10:24:00+05:30,5.0,5.1,5.0,5.1,0,428925
1060,2022-07-06 10:25:00+05:30,5.1,5.15,5.1,5.15,2150,428925
1061,2022-07-06 10:26:00+05:30,5.15,5.15,5.15,5.15,0,428925
1062,2022-07-06 10:27:00+05:30,5.15,5.25,5.15,5.25,1075,427850
1063,2022-07-06 10:28:00+05:30,5.25,5.35,5.25,5.35,6450,427850
1064,2022-07-06 10:29:00+05:30,5.35,5.35,5.2,5.2,2150,427850
1065,2022-07-06 10:30:00+05:30,5.2,5.3,5.2,5.3,3225,430000
1066,2022-07-06 10:31:00+05:30,5.3,5.3,5.3,5.3,1075,430000
1067,2022-07-06 10:32:00+05:30,5.3,5.3,5.3,5.3,1075,430000
1068,2022-07-06 10:33:00+05:30,5.3,5.3,5.3,5.3,0,430000
1069,2022-07-06 10:34:00+05:30,5.3,5.3,5.25,5.25,2150,430000
1070,2022-07-06 10:35:00+05:30,5.25,5.25,5.25,5.25,0,430000
1071,2022-07-06 10:36:00+05:30,5.25,5.25,5.25,5.25,1075,431075
1072,2022-07-06 10:37:00+05:30,5.25,5.25,5.25,5.25,2150,431075
1073,2022-07-06 10:38:00+05:30,5.25,5.25,5.25,5.25,0,431075
1074,2022-07-06 10:39:00+05:30,5.25,5.25,5.25,5.25,2150,431075
1075,2022-07-06 10:40:00+05:30,5.25,5.3,5.25,5.3,1075,431075
1076,2022-07-06 10:41:00+05:30,5.15,5.15,5.15,5.15,1075,431075
1077,2022-07-06 10:42:00+05:30,5.15,5.15,5.0,5.0,2150,434300
1078,2022-07-06 10:43:00+05:30,5.0,5.0,5.0,5.0,0,434300
1079,2022-07-06 10:44:00+05:30,5.0,5.05,5.0,5.05,1075,434300
1080,2022-07-06 10:45:00+05:30,5.05,5.15,5.0,5.0,3225,435375
1081,2022-07-06 10:46:00+05:30,5.0,5.0,5.0,5.0,1075,435375
1082,2022-07-06 10:47:00+05:30,5.0,5.0,5.0,5.0,0,435375
1083,2022-07-06 10:48:00+05:30,5.0,5.0,4.9,4.9,3225,438600
1084,2022-07-06 10:49:00+05:30,4.9,5.0,4.9,5.0,1075,438600
1085,2022-07-06 10:50:00+05:30,5.0,5.0,5.0,5.0,3225,438600
1086,2022-07-06 10:51:00+05:30,5.0,5.05,5.0,5.05,1075,438600
1087,2022-07-06 10:52:00+05:30,5.05,5.05,4.95,5.0,2150,438600
1088,2022-07-06 10:53:00+05:30,5.0,5.0,5.0,5.0,0,438600
1089,2022-07-06 10:54:00+05:30,5.0,5.0,5.0,5.0,0,438600
1090,2022-07-06 10:55:00+05:30,5.0,5.0,5.0,5.0,0,438600
1091,2022-07-06 10:56:00+05:30,5.0,5.0,4.85,4.85,3225,438600
1092,2022-07-06 10:57:00+05:30,4.85,4.85,4.85,4.85,3225,440750
1093,2022-07-06 10:58:00+05:30,4.85,4.9,4.85,4.9,0,440750
1094,2022-07-06 10:59:00+05:30,4.85,4.95,4.85,4.95,3225,440750
1095,2022-07-06 11:00:00+05:30,4.95,4.95,4.95,4.95,0,440750
1096,2022-07-06 11:01:00+05:30,4.95,4.95,4.95,4.95,1075,442900
1097,2022-07-06 11:02:00+05:30,4.95,4.95,4.95,4.95,0,442900
1098,2022-07-06 11:03:00+05:30,4.95,5.0,4.95,5.0,1075,443975
1099,2022-07-06 11:04:00+05:30,5.0,5.15,5.0,5.05,9675,443975
1100,2022-07-06 11:05:00+05:30,5.05,5.1,5.05,5.1,3225,440750
1101,2022-07-06 11:06:00+05:30,5.1,5.1,5.1,5.1,3225,440750
1102,2022-07-06 11:07:00+05:30,5.1,5.1,5.1,5.1,1075,440750
1103,2022-07-06 11:08:00+05:30,5.1,5.1,5.1,5.1,1075,440750
1104,2022-07-06 11:09:00+05:30,5.1,5.1,5.1,5.1,2150,440750
1105,2022-07-06 11:10:00+05:30,5.1,5.1,5.1,5.1,0,440750
1106,2022-07-06 11:11:00+05:30,5.1,5.1,5.1,5.1,0,440750
1107,2022-07-06 11:12:00+05:30,5.1,5.1,5.1,5.1,0,440750
1108,2022-07-06 11:13:00+05:30,5.1,5.1,5.1,5.1,1075,440750
1109,2022-07-06 11:14:00+05:30,5.1,5.15,5.1,5.1,2150,440750
1110,2022-07-06 11:15:00+05:30,5.1,5.1,5.1,5.1,0,440750
1111,2022-07-06 11:16:00+05:30,5.1,5.1,5.1,5.1,0,440750
1112,2022-07-06 11:17:00+05:30,5.1,5.1,5.1,5.1,0,440750
1113,2022-07-06 11:18:00+05:30,5.1,5.1,5.1,5.1,1075,438600
1114,2022-07-06 11:19:00+05:30,5.1,5.1,5.1,5.1,0,438600
1115,2022-07-06 11:20:00+05:30,5.1,5.3,5.1,5.3,4300,438600
1116,2022-07-06 11:21:00+05:30,5.3,5.45,5.3,5.4,6450,438600
1117,2022-07-06 11:22:00+05:30,5.4,5.4,5.35,5.35,1075,438600
1118,2022-07-06 11:23:00+05:30,5.35,5.35,5.3,5.3,2150,436450
1119,2022-07-06 11:24:00+05:30,5.3,5.3,5.3,5.3,0,436450
1120,2022-07-06 11:25:00+05:30,5.3,5.3,5.3,5.3,0,436450
1121,2022-07-06 11:26:00+05:30,5.3,5.3,5.3,5.3,0,436450
1122,2022-07-06 11:27:00+05:30,5.3,5.3,5.25,5.25,1075,436450
1123,2022-07-06 11:28:00+05:30,5.25,5.25,5.25,5.25,0,436450
1124,2022-07-06 11:29:00+05:30,5.25,5.25,5.25,5.25,0,436450
1125,2022-07-06 11:30:00+05:30,5.25,5.3,5.25,5.3,1075,435375
1126,2022-07-06 11:31:00+05:30,5.3,5.3,5.1,5.1,1075,435375
1127,2022-07-06 11:32:00+05:30,5.1,5.2,5.1,5.2,1075,435375
1128,2022-07-06 11:33:00+05:30,5.2,5.2,5.2,5.2,0,435375
1129,2022-07-06 11:34:00+05:30,5.2,5.3,5.2,5.25,2150,435375
1130,2022-07-06 11:35:00+05:30,5.25,5.25,5.25,5.25,0,435375
1131,2022-07-06 11:36:00+05:30,5.25,5.25,5.25,5.25,0,435375
1132,2022-07-06 11:37:00+05:30,5.25,5.25,5.15,5.15,2150,434300
1133,2022-07-06 11:38:00+05:30,5.15,5.15,5.15,5.15,0,434300
1134,2022-07-06 11:39:00+05:30,5.15,5.15,5.15,5.15,0,434300
1135,2022-07-06 11:40:00+05:30,5.15,5.15,5.15,5.15,1075,435375
1136,2022-07-06 11:41:00+05:30,5.2,5.2,5.15,5.2,2150,435375
1137,2022-07-06 11:42:00+05:30,5.2,5.35,5.2,5.35,1075,435375
1138,2022-07-06 11:43:00+05:30,5.35,5.35,5.3,5.3,2150,435375
1139,2022-07-06 11:44:00+05:30,5.3,5.3,5.25,5.3,6450,435375
1140,2022-07-06 11:45:00+05:30,5.3,5.3,5.3,5.3,0,435375
1141,2022-07-06 11:46:00+05:30,5.3,5.3,5.3,5.3,0,427850
1142,2022-07-06 11:47:00+05:30,5.3,5.3,5.3,5.3,2150,427850
1143,2022-07-06 11:48:00+05:30,5.3,5.3,5.3,5.3,0,427850
1144,2022-07-06 11:49:00+05:30,5.3,5.35,5.3,5.35,1075,430000
1145,2022-07-06 11:50:00+05:30,5.4,5.4,5.35,5.35,2150,430000
1146,2022-07-06 11:51:00+05:30,5.35,5.35,5.3,5.3,3225,427850
1147,2022-07-06 11:52:00+05:30,5.3,5.3,5.3,5.3,0,427850
1148,2022-07-06 11:53:00+05:30,5.3,5.3,5.3,5.3,0,427850
1149,2022-07-06 11:54:00+05:30,5.3,5.3,5.25,5.25,3225,427850
1150,2022-07-06 11:55:00+05:30,5.25,5.3,5.25,5.3,1075,427850
1151,2022-07-06 11:56:00+05:30,5.3,5.4,5.3,5.4,0,426775
1152,2022-07-06 11:57:00+05:30,5.35,5.5,5.35,5.5,4300,426775
1153,2022-07-06 11:58:00+05:30,5.6,5.6,5.6,5.6,3225,426775
1154,2022-07-06 11:59:00+05:30,5.6,5.65,5.6,5.65,1075,426775
1155,2022-07-06 12:00:00+05:30,5.65,5.75,5.65,5.65,5375,426775
1156,2022-07-06 12:01:00+05:30,5.65,5.65,5.6,5.65,3225,426775
1157,2022-07-06 12:02:00+05:30,5.65,5.65,5.65,5.65,0,426775
1158,2022-07-06 12:03:00+05:30,5.65,5.75,5.65,5.75,1075,428925
1159,2022-07-06 12:04:00+05:30,5.75,5.75,5.75,5.75,0,428925
1160,2022-07-06 12:05:00+05:30,5.75,5.75,5.6,5.65,2150,428925
1161,2022-07-06 12:06:00+05:30,5.65,5.65,5.65,5.65,3225,426775
1162,2022-07-06 12:07:00+05:30,5.65,5.65,5.65,5.65,0,426775
1163,2022-07-06 12:08:00+05:30,5.65,5.65,5.65,5.65,0,426775
1164,2022-07-06 12:09:00+05:30,5.65,5.65,5.65,5.65,1075,428925
1165,2022-07-06 12:10:00+05:30,5.65,5.7,5.6,5.6,3225,428925
1166,2022-07-06 12:11:00+05:30,5.6,5.6,5.6,5.6,0,428925
1167,2022-07-06 12:12:00+05:30,5.6,6.0,5.6,5.95,9675,427850
1168,2022-07-06 12:13:00+05:30,5.95,5.95,5.95,5.95,1075,427850
1169,2022-07-06 12:14:00+05:30,5.95,5.95,5.95,5.95,0,427850
1170,2022-07-06 12:15:00+05:30,6.0,6.1,6.0,6.1,3225,423550
1171,2022-07-06 12:16:00+05:30,6.1,6.15,6.05,6.15,8600,423550
1172,2022-07-06 12:17:00+05:30,6.15,6.2,6.1,6.2,6450,423550
1173,2022-07-06 12:18:00+05:30,6.2,6.25,6.2,6.25,6450,426775
1174,2022-07-06 12:19:00+05:30,6.15,6.3,6.15,6.3,4300,426775
1175,2022-07-06 12:20:00+05:30,6.35,6.45,6.35,6.4,17200,426775
1176,2022-07-06 12:21:00+05:30,6.4,6.4,6.25,6.25,3225,424625
1177,2022-07-06 12:22:00+05:30,6.25,6.4,6.25,6.35,10750,424625
1178,2022-07-06 12:23:00+05:30,6.35,6.4,6.35,6.4,5375,424625
1179,2022-07-06 12:24:00+05:30,6.4,6.45,6.4,6.45,5375,419250
1180,2022-07-06 12:25:00+05:30,6.45,6.6,6.45,6.6,1075,419250
1181,2022-07-06 12:26:00+05:30,6.6,6.6,6.6,6.6,0,419250
1182,2022-07-06 12:27:00+05:30,6.6,6.7,6.6,6.65,6450,421400
1183,2022-07-06 12:28:00+05:30,6.7,6.85,6.7,6.85,16125,421400
1184,2022-07-06 12:29:00+05:30,6.85,6.85,6.7,6.7,2150,421400
1185,2022-07-06 12:30:00+05:30,6.7,7.1,6.7,7.1,11825,413875
1186,2022-07-06 12:31:00+05:30,7.1,7.15,7.1,7.15,1075,413875
1187,2022-07-06 12:32:00+05:30,7.15,7.2,7.15,7.15,3225,413875
1188,2022-07-06 12:33:00+05:30,7.15,7.5,7.15,7.5,6450,409575
1189,2022-07-06 12:34:00+05:30,7.5,7.5,7.35,7.35,1075,409575
1190,2022-07-06 12:35:00+05:30,7.35,7.35,7.1,7.3,4300,409575
1191,2022-07-06 12:36:00+05:30,7.2,7.4,7.2,7.4,5375,406350
1192,2022-07-06 12:37:00+05:30,7.4,7.4,7.3,7.3,2150,406350
1193,2022-07-06 12:38:00+05:30,7.3,7.3,7.3,7.3,1075,406350
1194,2022-07-06 12:39:00+05:30,7.3,7.3,7.2,7.2,1075,407425
1195,2022-07-06 12:40:00+05:30,7.2,7.2,7.2,7.2,2150,407425
1196,2022-07-06 12:41:00+05:30,7.1,7.2,7.1,7.1,4300,407425
1197,2022-07-06 12:42:00+05:30,7.1,7.1,7.1,7.1,5375,406350
1198,2022-07-06 12:43:00+05:30,7.1,7.1,7.1,7.1,0,406350
1199,2022-07-06 12:44:00+05:30,7.1,7.1,6.9,6.9,2150,406350
1200,2022-07-06 12:45:00+05:30,6.9,6.9,6.9,6.9,2150,400975
1201,2022-07-06 12:46:00+05:30,6.9,6.9,6.7,6.75,4300,400975
1202,2022-07-06 12:47:00+05:30,6.75,6.75,6.75,6.75,2150,400975
1203,2022-07-06 12:48:00+05:30,6.75,6.75,6.75,6.75,0,400975
1204,2022-07-06 12:49:00+05:30,6.7,6.7,6.7,6.7,3225,393450
1205,2022-07-06 12:50:00+05:30,6.7,6.7,6.7,6.7,0,393450
1206,2022-07-06 12:51:00+05:30,6.7,6.75,6.7,6.75,1075,394525
1207,2022-07-06 12:52:00+05:30,6.75,7.1,6.75,7.1,1075,394525
1208,2022-07-06 12:53:00+05:30,7.1,7.1,6.9,7.0,7525,394525
1209,2022-07-06 12:54:00+05:30,7.0,7.0,6.85,6.85,1075,393450
1210,2022-07-06 12:55:00+05:30,6.85,6.9,6.85,6.9,2150,393450
1211,2022-07-06 12:56:00+05:30,6.9,6.9,6.9,6.9,0,393450
1212,2022-07-06 12:57:00+05:30,6.9,6.9,6.9,6.9,0,393450
1213,2022-07-06 12:58:00+05:30,6.9,7.15,6.9,7.1,1075,392375
1214,2022-07-06 12:59:00+05:30,7.1,7.2,7.1,7.2,3225,392375
1215,2022-07-06 13:00:00+05:30,7.2,7.4,7.15,7.4,6450,393450
1216,2022-07-06 13:01:00+05:30,7.4,7.45,7.4,7.45,1075,393450
1217,2022-07-06 13:02:00+05:30,7.45,7.5,7.4,7.5,6450,393450
1218,2022-07-06 13:03:00+05:30,7.55,7.55,7.45,7.45,4300,392375
1219,2022-07-06 13:04:00+05:30,7.45,7.45,7.45,7.45,0,392375
1220,2022-07-06 13:05:00+05:30,7.45,7.45,7.35,7.35,0,392375
1221,2022-07-06 13:06:00+05:30,7.35,7.55,7.35,7.55,6450,392375
1222,2022-07-06 13:07:00+05:30,7.55,7.7,7.55,7.7,1075,392375
1223,2022-07-06 13:08:00+05:30,7.7,7.7,7.65,7.65,3225,392375
1224,2022-07-06 13:09:00+05:30,7.7,7.8,7.7,7.8,2150,392375
1225,2022-07-06 13:10:00+05:30,7.8,8.0,7.8,8.0,10750,392375
1226,2022-07-06 13:11:00+05:30,8.0,8.0,7.85,7.85,3225,392375
1227,2022-07-06 13:12:00+05:30,7.85,7.85,7.8,7.8,2150,390225
1228,2022-07-06 13:13:00+05:30,7.8,7.85,7.7,7.7,2150,390225
1229,2022-07-06 13:14:00+05:30,7.7,7.8,7.7,7.8,4300,390225
1230,2022-07-06 13:15:00+05:30,7.8,7.8,7.6,7.6,8600,384850
1231,2022-07-06 13:16:00+05:30,7.65,7.65,7.45,7.55,15050,384850
1232,2022-07-06 13:17:00+05:30,7.5,7.7,7.5,7.7,7525,384850
1233,2022-07-06 13:18:00+05:30,7.7,7.7,7.4,7.4,1075,379475
1234,2022-07-06 13:19:00+05:30,7.4,7.4,7.4,7.4,0,379475
1235,2022-07-06 13:20:00+05:30,7.55,7.55,7.55,7.55,1075,379475
1236,2022-07-06 13:21:00+05:30,7.55,7.55,7.5,7.55,1075,378400
1237,2022-07-06 13:22:00+05:30,7.55,7.55,7.55,7.55,2150,378400
1238,2022-07-06 13:23:00+05:30,7.55,7.55,7.55,7.55,2150,378400
1239,2022-07-06 13:24:00+05:30,7.55,7.6,7.55,7.6,5375,378400
1240,2022-07-06 13:25:00+05:30,7.6,7.75,7.6,7.75,5375,378400
1241,2022-07-06 13:26:00+05:30,7.75,7.75,7.7,7.7,5375,378400
1242,2022-07-06 13:27:00+05:30,7.7,7.7,7.65,7.65,1075,364425
1243,2022-07-06 13:28:00+05:30,7.65,7.65,7.65,7.65,0,364425
1244,2022-07-06 13:29:00+05:30,7.65,7.65,7.65,7.65,0,364425
1245,2022-07-06 13:30:00+05:30,7.65,7.65,7.65,7.65,0,364425
1246,2022-07-06 13:31:00+05:30,7.65,7.65,7.65,7.65,1075,364425
1247,2022-07-06 13:32:00+05:30,7.65,7.65,7.65,7.65,0,364425
1248,2022-07-06 13:33:00+05:30,7.65,7.65,7.1,7.1,6450,363350
1249,2022-07-06 13:34:00+05:30,7.2,7.2,6.9,6.9,10750,363350
1250,2022-07-06 13:35:00+05:30,6.9,6.9,6.9,6.9,1075,363350
1251,2022-07-06 13:36:00+05:30,7.05,7.05,7.05,7.05,1075,363350
1252,2022-07-06 13:37:00+05:30,7.05,7.05,7.05,7.05,0,363350
1253,2022-07-06 13:38:00+05:30,7.05,7.05,7.05,7.05,0,363350
1254,2022-07-06 13:39:00+05:30,7.05,7.05,7.05,7.05,0,363350
1255,2022-07-06 13:40:00+05:30,7.05,7.05,7.05,7.05,0,363350
1256,2022-07-06 13:41:00+05:30,7.05,7.15,7.05,7.15,0,356900
1257,2022-07-06 13:42:00+05:30,7.15,7.15,7.05,7.15,8600,359050
1258,2022-07-06 13:43:00+05:30,7.15,7.3,7.15,7.3,1075,359050
1259,2022-07-06 13:44:00+05:30,7.3,7.35,7.3,7.3,2150,359050
1260,2022-07-06 13:45:00+05:30,7.3,7.35,7.3,7.35,2150,356900
1261,2022-07-06 13:46:00+05:30,7.35,7.35,7.35,7.35,0,356900
1262,2022-07-06 13:47:00+05:30,7.35,7.35,7.35,7.35,0,356900
1263,2022-07-06 13:48:00+05:30,7.35,7.35,7.2,7.2,3225,357975
1264,2022-07-06 13:49:00+05:30,7.2,7.2,7.2,7.2,0,357975
1265,2022-07-06 13:50:00+05:30,7.2,7.3,7.2,7.3,0,357975
1266,2022-07-06 13:51:00+05:30,7.3,7.3,7.3,7.3,1075,357975
1267,2022-07-06 13:52:00+05:30,7.3,7.3,7.3,7.3,0,357975
1268,2022-07-06 13:53:00+05:30,7.3,7.3,7.3,7.3,0,357975
1269,2022-07-06 13:54:00+05:30,7.3,7.3,7.3,7.3,0,357975
1270,2022-07-06 13:55:00+05:30,7.3,7.3,7.3,7.3,0,357975
1271,2022-07-06 13:56:00+05:30,7.3,7.3,7.2,7.2,1075,355825
1272,2022-07-06 13:57:00+05:30,7.2,7.2,7.0,7.0,1075,356900
1273,2022-07-06 13:58:00+05:30,7.0,7.15,7.0,7.15,1075,356900
1274,2022-07-06 13:59:00+05:30,7.15,7.15,7.05,7.05,3225,356900
1275,2022-07-06 14:00:00+05:30,6.85,6.95,6.85,6.9,9675,355825
1276,2022-07-06 14:01:00+05:30,6.9,6.9,6.9,6.9,2150,355825
1277,2022-07-06 14:02:00+05:30,6.9,6.9,6.9,6.9,0,355825
1278,2022-07-06 14:03:00+05:30,6.9,6.9,6.9,6.9,0,355825
1279,2022-07-06 14:04:00+05:30,6.7,6.7,6.5,6.5,9675,351525
1280,2022-07-06 14:05:00+05:30,6.5,6.5,6.35,6.35,3225,351525
1281,2022-07-06 14:06:00+05:30,6.35,6.35,6.35,6.35,0,351525
1282,2022-07-06 14:07:00+05:30,6.35,6.5,6.35,6.5,1075,351525
1283,2022-07-06 14:08:00+05:30,6.5,6.5,6.5,6.5,0,351525
1284,2022-07-06 14:09:00+05:30,6.5,6.5,6.5,6.5,0,351525
1285,2022-07-06 14:10:00+05:30,6.5,6.5,6.25,6.25,3225,351525
1286,2022-07-06 14:11:00+05:30,6.25,6.25,6.2,6.25,2150,351525
1287,2022-07-06 14:12:00+05:30,6.25,6.25,6.25,6.25,2150,351525
1288,2022-07-06 14:13:00+05:30,6.25,6.25,6.25,6.25,0,351525
1289,2022-07-06 14:14:00+05:30,6.15,6.15,5.9,6.15,20425,349375
1290,2022-07-06 14:15:00+05:30,6.15,6.15,6.15,6.15,0,349375
1291,2022-07-06 14:16:00+05:30,6.15,6.5,6.15,6.5,1075,347225
1292,2022-07-06 14:17:00+05:30,6.6,6.6,6.4,6.4,4300,347225
1293,2022-07-06 14:18:00+05:30,6.4,6.4,6.4,6.4,0,350450
1294,2022-07-06 14:19:00+05:30,6.4,6.4,6.4,6.4,2150,350450
1295,2022-07-06 14:20:00+05:30,6.4,6.4,6.4,6.4,2150,350450
1296,2022-07-06 14:21:00+05:30,6.4,6.4,6.3,6.3,1075,350450
1297,2022-07-06 14:22:00+05:30,6.3,6.3,6.3,6.3,0,350450
1298,2022-07-06 14:23:00+05:30,6.3,6.45,6.3,6.45,1075,354750
1299,2022-07-06 14:24:00+05:30,6.45,6.45,6.45,6.45,0,354750
1300,2022-07-06 14:25:00+05:30,6.45,6.45,6.45,6.45,0,354750
1301,2022-07-06 14:26:00+05:30,6.45,6.6,6.45,6.6,1075,355825
1302,2022-07-06 14:27:00+05:30,6.6,6.6,6.5,6.5,1075,355825
1303,2022-07-06 14:28:00+05:30,6.5,6.5,6.5,6.5,0,355825
1304,2022-07-06 14:29:00+05:30,6.5,6.55,6.5,6.55,1075,356900
1305,2022-07-06 14:30:00+05:30,6.45,6.55,6.25,6.25,4300,357975
1306,2022-07-06 14:31:00+05:30,6.25,6.25,6.25,6.25,0,357975
1307,2022-07-06 14:32:00+05:30,6.25,6.25,6.25,6.25,0,357975
1308,2022-07-06 14:33:00+05:30,6.25,6.25,6.25,6.25,0,357975
1309,2022-07-06 14:34:00+05:30,6.25,6.3,6.25,6.3,1075,359050
1310,2022-07-06 14:35:00+05:30,6.3,6.3,6.3,6.3,0,359050
1311,2022-07-06 14:36:00+05:30,6.3,6.3,6.3,6.3,0,359050
1312,2022-07-06 14:37:00+05:30,6.3,6.3,6.3,6.3,0,359050
1313,2022-07-06 14:38:00+05:30,6.3,6.3,6.3,6.3,0,359050
1314,2022-07-06 14:39:00+05:30,6.3,6.3,6.3,6.3,0,359050
1315,2022-07-06 14:40:00+05:30,6.5,6.55,6.5,6.55,5375,359050
1316,2022-07-06 14:41:00+05:30,6.55,6.55,6.55,6.55,0,359050
1317,2022-07-06 14:42:00+05:30,6.55,6.55,6.3,6.3,1075,357975
1318,2022-07-06 14:43:00+05:30,6.3,6.3,6.3,6.3,0,357975
1319,2022-07-06 14:44:00+05:30,6.3,6.3,6.3,6.3,0,357975
1320,2022-07-06 14:45:00+05:30,6.3,6.3,6.3,6.3,0,357975
1321,2022-07-06 14:46:00+05:30,6.3,6.3,6.3,6.3,0,357975
1322,2022-07-06 14:47:00+05:30,6.15,6.15,6.15,6.15,2150,359050
1323,2022-07-06 14:48:00+05:30,6.15,6.55,6.15,6.5,2150,359050
1324,2022-07-06 14:49:00+05:30,6.5,6.7,6.5,6.7,3225,359050
1325,2022-07-06 14:50:00+05:30,6.7,6.95,6.7,6.85,2150,359050
1326,2022-07-06 14:51:00+05:30,6.85,6.95,6.85,6.95,3225,359050
1327,2022-07-06 14:52:00+05:30,6.95,6.95,6.95,6.95,2150,359050
1328,2022-07-06 14:53:00+05:30,6.95,6.95,6.95,6.95,0,359050
1329,2022-07-06 14:54:00+05:30,6.95,7.0,6.95,7.0,1075,361200
1330,2022-07-06 14:55:00+05:30,7.1,7.35,7.1,7.35,8600,361200
1331,2022-07-06 14:56:00+05:30,7.45,7.65,7.4,7.6,23650,361200
1332,2022-07-06 14:57:00+05:30,7.6,7.6,7.5,7.6,4300,363350
1333,2022-07-06 14:58:00+05:30,7.55,7.55,7.35,7.35,7525,363350
1334,2022-07-06 14:59:00+05:30,7.35,7.6,7.35,7.6,5375,363350
1335,2022-07-06 15:00:00+05:30,7.7,7.7,7.45,7.45,4300,367650
1336,2022-07-06 15:01:00+05:30,7.55,7.55,7.4,7.4,15050,367650
1337,2022-07-06 15:02:00+05:30,7.4,7.45,7.35,7.45,3225,367650
1338,2022-07-06 15:03:00+05:30,7.45,7.55,7.45,7.45,1075,354750
1339,2022-07-06 15:04:00+05:30,7.45,7.6,7.45,7.6,4300,354750
1340,2022-07-06 15:05:00+05:30,7.6,8.0,7.6,8.0,7525,354750
1341,2022-07-06 15:06:00+05:30,8.0,8.15,7.95,7.95,21500,350450
1342,2022-07-06 15:07:00+05:30,7.95,7.95,7.95,7.95,2150,350450
1343,2022-07-06 15:08:00+05:30,7.95,7.95,7.75,7.75,10750,350450
1344,2022-07-06 15:09:00+05:30,7.75,7.75,7.55,7.55,2150,350450
1345,2022-07-06 15:10:00+05:30,7.75,7.8,7.75,7.8,15050,339700
1346,2022-07-06 15:11:00+05:30,7.8,7.9,7.8,7.9,11825,339700
1347,2022-07-06 15:12:00+05:30,7.9,7.95,7.9,7.95,1075,321425
1348,2022-07-06 15:13:00+05:30,7.95,7.95,7.9,7.9,7525,321425
1349,2022-07-06 15:14:00+05:30,7.9,7.9,7.8,7.8,3225,321425
1350,2022-07-06 15:15:00+05:30,7.75,7.95,7.75,7.95,15050,307450
1351,2022-07-06 15:16:00+05:30,8.0,8.0,8.0,8.0,10750,307450
1352,2022-07-06 15:17:00+05:30,8.0,8.2,8.0,8.15,3225,307450
1353,2022-07-06 15:18:00+05:30,8.1,8.1,8.0,8.05,7525,307450
1354,2022-07-06 15:19:00+05:30,8.05,8.15,8.05,8.15,3225,298850
1355,2022-07-06 15:20:00+05:30,8.1,8.1,8.0,8.0,2150,298850
1356,2022-07-06 15:21:00+05:30,8.05,8.1,8.0,8.05,5375,299925
1357,2022-07-06 15:22:00+05:30,8.15,8.15,8.05,8.1,4300,299925
1358,2022-07-06 15:23:00+05:30,8.1,8.1,8.05,8.1,4300,299925
1359,2022-07-06 15:24:00+05:30,8.1,8.15,8.05,8.05,3225,297775
1360,2022-07-06 15:25:00+05:30,8.05,8.05,7.85,7.85,1075,297775
1361,2022-07-06 15:26:00+05:30,7.85,7.85,7.85,7.85,1075,297775
1362,2022-07-06 15:27:00+05:30,7.85,7.85,7.85,7.85,0,297775
1363,2022-07-06 15:28:00+05:30,7.95,8.0,7.7,7.7,15050,298850
1364,2022-07-06 15:29:00+05:30,7.7,8.0,7.7,8.0,3225,298850
1365,2022-07-07 09:15:00+05:30,9.55,9.55,9.2,9.25,3225,287025
1366,2022-07-07 09:16:00+05:30,9.2,9.25,8.7,8.8,45150,287025
1367,2022-07-07 09:17:00+05:30,8.8,9.35,8.8,9.35,7525,310675
1368,2022-07-07 09:18:00+05:30,9.4,9.5,9.15,9.15,17200,310675
1369,2022-07-07 09:19:00+05:30,9.15,9.25,8.9,8.9,19350,310675
1370,2022-07-07 09:20:00+05:30,8.9,8.9,8.8,8.85,11825,307450
1371,2022-07-07 09:21:00+05:30,8.9,9.7,8.75,9.35,53750,307450
1372,2022-07-07 09:22:00+05:30,9.2,9.75,9.2,9.6,20425,307450
1373,2022-07-07 09:23:00+05:30,9.6,9.6,9.4,9.45,8600,293475
1374,2022-07-07 09:24:00+05:30,9.45,9.45,9.45,9.45,2150,293475
1375,2022-07-07 09:25:00+05:30,9.45,9.75,9.45,9.7,12900,293475
1376,2022-07-07 09:26:00+05:30,9.8,9.8,9.5,9.5,18275,274125
1377,2022-07-07 09:27:00+05:30,9.5,9.5,9.2,9.2,3225,274125
1378,2022-07-07 09:28:00+05:30,9.2,9.35,9.0,9.1,8600,274125
1379,2022-07-07 09:29:00+05:30,9.1,9.15,9.1,9.1,13975,271975
1380,2022-07-07 09:30:00+05:30,9.1,9.3,9.1,9.3,3225,271975
1381,2022-07-07 09:31:00+05:30,9.5,9.6,9.5,9.5,6450,271975
1382,2022-07-07 09:32:00+05:30,9.5,9.6,9.15,9.15,26875,277350
1383,2022-07-07 09:33:00+05:30,9.15,9.25,9.15,9.25,1075,277350
1384,2022-07-07 09:34:00+05:30,9.1,9.1,9.1,9.1,3225,277350
1385,2022-07-07 09:35:00+05:30,9.05,9.1,9.05,9.1,16125,280575
1386,2022-07-07 09:36:00+05:30,9.1,9.1,8.9,8.9,2150,280575
1387,2022-07-07 09:37:00+05:30,8.9,8.9,8.7,8.7,1075,280575
1388,2022-07-07 09:38:00+05:30,8.7,8.75,8.65,8.75,5375,281650
1389,2022-07-07 09:39:00+05:30,8.7,8.8,8.7,8.7,4300,281650
1390,2022-07-07 09:40:00+05:30,8.7,8.8,8.6,8.65,9675,281650
1391,2022-07-07 09:41:00+05:30,8.6,8.7,8.35,8.35,7525,280575
1392,2022-07-07 09:42:00+05:30,8.5,8.65,8.5,8.65,8600,280575
1393,2022-07-07 09:43:00+05:30,8.65,9.15,8.65,9.05,1075,280575
1394,2022-07-07 09:44:00+05:30,8.9,8.9,8.65,8.65,8600,277350
1395,2022-07-07 09:45:00+05:30,8.65,8.65,8.5,8.5,1075,277350
1396,2022-07-07 09:46:00+05:30,8.5,8.8,8.5,8.8,1075,277350
1397,2022-07-07 09:47:00+05:30,8.8,8.9,8.8,8.9,3225,277350
1398,2022-07-07 09:48:00+05:30,8.9,8.9,8.85,8.9,1075,277350
1399,2022-07-07 09:49:00+05:30,8.9,8.9,8.9,8.9,5375,277350
1400,2022-07-07 09:50:00+05:30,8.9,8.9,8.75,8.75,2150,279500
1401,2022-07-07 09:51:00+05:30,8.75,9.1,8.75,9.1,15050,279500
1402,2022-07-07 09:52:00+05:30,9.05,9.05,8.95,8.95,5375,279500
1403,2022-07-07 09:53:00+05:30,8.85,8.85,8.7,8.7,13975,297775
1404,2022-07-07 09:54:00+05:30,8.7,8.7,8.25,8.3,16125,297775
1405,2022-07-07 09:55:00+05:30,8.35,8.5,8.35,8.5,19350,297775
1406,2022-07-07 09:56:00+05:30,8.5,8.5,8.05,8.05,3225,314975
1407,2022-07-07 09:57:00+05:30,8.0,8.05,7.9,8.05,20425,314975
1408,2022-07-07 09:58:00+05:30,8.05,8.15,8.0,8.15,18275,314975
1409,2022-07-07 09:59:00+05:30,8.15,8.4,8.15,8.4,0,316050
1410,2022-07-07 10:00:00+05:30,8.4,8.4,8.3,8.3,4300,316050
1411,2022-07-07 10:01:00+05:30,8.3,8.6,8.3,8.6,1075,316050
1412,2022-07-07 10:02:00+05:30,8.6,8.6,8.5,8.5,1075,314975
1413,2022-07-07 10:03:00+05:30,8.4,8.4,8.35,8.35,4300,314975
1414,2022-07-07 10:04:00+05:30,8.25,8.3,8.15,8.15,7525,314975
1415,2022-07-07 10:05:00+05:30,8.15,8.25,8.15,8.25,2150,314975
1416,2022-07-07 10:06:00+05:30,8.25,8.25,8.25,8.25,0,314975
1417,2022-07-07 10:07:00+05:30,8.25,8.25,8.25,8.25,0,314975
1418,2022-07-07 10:08:00+05:30,8.25,8.5,8.25,8.5,10750,317125
1419,2022-07-07 10:09:00+05:30,8.5,8.5,8.5,8.5,2150,317125
1420,2022-07-07 10:10:00+05:30,8.5,8.7,8.5,8.7,2150,317125
1421,2022-07-07 10:11:00+05:30,8.65,8.65,8.65,8.65,2150,317125
1422,2022-07-07 10:12:00+05:30,8.65,8.8,8.55,8.8,3225,318200
1423,2022-07-07 10:13:00+05:30,8.8,8.8,8.8,8.8,1075,318200
1424,2022-07-07 10:14:00+05:30,8.8,8.8,8.8,8.8,0,318200
1425,2022-07-07 10:15:00+05:30,8.8,8.8,8.7,8.7,1075,317125
1426,2022-07-07 10:16:00+05:30,8.7,8.7,8.7,8.7,0,317125
1427,2022-07-07 10:17:00+05:30,8.7,8.75,8.7,8.75,1075,317125
1428,2022-07-07 10:18:00+05:30,8.75,8.75,8.7,8.7,0,318200
1429,2022-07-07 10:19:00+05:30,8.7,8.75,8.7,8.75,2150,318200
1430,2022-07-07 10:20:00+05:30,8.75,8.75,8.65,8.65,2150,318200
1431,2022-07-07 10:21:00+05:30,8.65,8.65,8.5,8.5,1075,318200
1432,2022-07-07 10:22:00+05:30,8.5,8.5,8.5,8.5,1075,318200
1433,2022-07-07 10:23:00+05:30,8.5,8.5,8.45,8.5,1075,319275
1434,2022-07-07 10:24:00+05:30,8.5,8.65,8.5,8.65,4300,319275
1435,2022-07-07 10:25:00+05:30,8.65,8.65,8.65,8.65,0,319275
1436,2022-07-07 10:26:00+05:30,8.65,8.65,8.65,8.65,0,319275
1437,2022-07-07 10:27:00+05:30,8.65,8.65,8.65,8.65,0,319275
1438,2022-07-07 10:28:00+05:30,8.65,8.65,8.65,8.65,4300,320350
1439,2022-07-07 10:29:00+05:30,8.65,8.65,8.65,8.65,0,320350
1440,2022-07-07 10:30:00+05:30,8.65,8.7,8.6,8.7,3225,322500
1441,2022-07-07 10:31:00+05:30,8.7,8.7,8.65,8.65,1075,322500
1442,2022-07-07 10:32:00+05:30,8.65,8.65,8.65,8.65,1075,322500
1443,2022-07-07 10:33:00+05:30,8.65,8.65,8.65,8.65,0,322500
1444,2022-07-07 10:34:00+05:30,8.65,8.65,8.65,8.65,0,322500
1445,2022-07-07 10:35:00+05:30,8.65,8.65,8.65,8.65,0,322500
1446,2022-07-07 10:36:00+05:30,8.65,8.65,8.45,8.45,1075,323575
1447,2022-07-07 10:37:00+05:30,8.45,8.45,8.45,8.45,0,323575
1448,2022-07-07 10:38:00+05:30,8.45,8.5,8.45,8.45,2150,323575
1449,2022-07-07 10:39:00+05:30,8.45,8.45,8.45,8.45,0,323575
1450,2022-07-07 10:40:00+05:30,8.45,8.45,8.3,8.3,2150,323575
1451,2022-07-07 10:41:00+05:30,8.3,8.3,8.3,8.3,0,323575
1452,2022-07-07 10:42:00+05:30,8.3,8.3,8.2,8.2,10750,323575
1453,2022-07-07 10:43:00+05:30,8.2,8.2,8.0,8.2,7525,323575
1454,2022-07-07 10:44:00+05:30,8.25,8.45,8.25,8.4,4300,330025
1455,2022-07-07 10:45:00+05:30,8.4,8.45,8.4,8.45,2150,330025
1456,2022-07-07 10:46:00+05:30,8.45,8.75,8.45,8.7,16125,330025
1457,2022-07-07 10:47:00+05:30,8.7,8.7,8.1,8.1,0,341850
1458,2022-07-07 10:48:00+05:30,8.1,8.1,7.95,7.95,12900,341850
1459,2022-07-07 10:49:00+05:30,7.95,7.95,7.95,7.95,0,341850
1460,2022-07-07 10:50:00+05:30,7.95,7.95,7.95,7.95,0,341850
1461,2022-07-07 10:51:00+05:30,7.95,7.95,7.95,7.95,0,341850
1462,2022-07-07 10:52:00+05:30,8.3,8.3,8.3,8.3,2150,349375
1463,2022-07-07 10:53:00+05:30,8.3,8.3,8.3,8.3,0,349375
1464,2022-07-07 10:54:00+05:30,8.3,8.6,8.3,8.6,3225,351525
1465,2022-07-07 10:55:00+05:30,8.6,8.6,8.45,8.45,1075,351525
1466,2022-07-07 10:56:00+05:30,8.45,8.45,8.45,8.45,0,351525
1467,2022-07-07 10:57:00+05:30,8.45,8.45,8.45,8.45,1075,352600
1468,2022-07-07 10:58:00+05:30,8.45,8.55,8.45,8.55,2150,352600
1469,2022-07-07 10:59:00+05:30,8.55,8.55,8.45,8.45,1075,352600
1470,2022-07-07 11:00:00+05:30,8.45,8.45,8.45,8.45,0,352600
1471,2022-07-07 11:01:00+05:30,8.1,8.1,7.9,7.9,3225,353675
1472,2022-07-07 11:02:00+05:30,7.9,8.1,7.9,8.1,1075,353675
1473,2022-07-07 11:03:00+05:30,8.1,8.1,8.1,8.1,0,353675
1474,2022-07-07 11:04:00+05:30,8.1,8.1,8.1,8.1,0,353675
1475,2022-07-07 11:05:00+05:30,8.1,8.15,8.1,8.15,4300,353675
1476,2022-07-07 11:06:00+05:30,8.15,8.4,8.15,8.4,3225,353675
1477,2022-07-07 11:07:00+05:30,8.4,8.4,8.4,8.4,0,353675
1478,2022-07-07 11:08:00+05:30,8.4,8.45,8.4,8.45,1075,353675
1479,2022-07-07 11:09:00+05:30,8.45,8.45,8.45,8.45,0,353675
1480,2022-07-07 11:10:00+05:30,8.45,8.45,8.3,8.3,1075,353675
1481,2022-07-07 11:11:00+05:30,8.3,8.3,8.3,8.3,0,353675
1482,2022-07-07 11:12:00+05:30,8.3,8.35,8.3,8.35,2150,353675
1483,2022-07-07 11:13:00+05:30,8.35,8.35,8.3,8.3,2150,353675
1484,2022-07-07 11:14:00+05:30,8.3,8.3,8.3,8.3,4300,353675
1485,2022-07-07 11:15:00+05:30,8.3,8.3,8.3,8.3,1075,352600
1486,2022-07-07 11:16:00+05:30,8.3,8.3,8.3,8.3,0,352600
1487,2022-07-07 11:17:00+05:30,8.3,8.35,8.3,8.35,2150,352600
1488,2022-07-07 11:18:00+05:30,8.35,8.35,8.35,8.35,0,352600
1489,2022-07-07 11:19:00+05:30,8.35,8.35,8.35,8.35,2150,353675
1490,2022-07-07 11:20:00+05:30,8.35,8.35,8.35,8.35,0,353675
1491,2022-07-07 11:21:00+05:30,8.35,8.6,8.35,8.45,4300,352600
1492,2022-07-07 11:22:00+05:30,8.45,8.5,8.45,8.5,1075,352600
1493,2022-07-07 11:23:00+05:30,8.5,8.5,8.5,8.5,1075,352600
1494,2022-07-07 11:24:00+05:30,8.5,8.5,8.5,8.5,1075,353675
1495,2022-07-07 11:25:00+05:30,8.5,8.5,8.5,8.5,0,353675
1496,2022-07-07 11:26:00+05:30,8.5,8.85,8.5,8.8,5375,353675
1497,2022-07-07 11:27:00+05:30,8.8,9.25,8.8,9.2,15050,355825
1498,2022-07-07 11:28:00+05:30,9.2,9.2,9.05,9.1,7525,355825
1499,2022-07-07 11:29:00+05:30,9.1,9.35,9.1,9.35,12900,341850
1500,2022-07-07 11:30:00+05:30,9.35,9.35,9.35,9.35,4300,341850
1501,2022-07-07 11:31:00+05:30,9.15,9.15,9.0,9.0,3225,341850
1502,2022-07-07 11:32:00+05:30,9.0,9.0,9.0,9.0,9675,337550
1503,2022-07-07 11:33:00+05:30,9.0,9.1,9.0,9.1,18275,337550
1504,2022-07-07 11:34:00+05:30,9.1,9.1,9.0,9.0,2150,337550
1505,2022-07-07 11:35:00+05:30,9.0,9.3,8.9,9.2,30100,304225
1506,2022-07-07 11:36:00+05:30,9.1,9.1,9.0,9.0,6450,304225
1507,2022-07-07 11:37:00+05:30,9.0,9.2,9.0,9.2,13975,304225
1508,2022-07-07 11:38:00+05:30,9.2,9.6,9.2,9.5,30100,304225
1509,2022-07-07 11:39:00+05:30,9.55,9.55,9.5,9.5,2150,306375
1510,2022-07-07 11:40:00+05:30,9.65,9.75,9.65,9.7,9675,306375
1511,2022-07-07 11:41:00+05:30,9.7,9.7,9.7,9.7,0,306375
1512,2022-07-07 11:42:00+05:30,9.7,9.7,9.2,9.25,2150,307450
1513,2022-07-07 11:43:00+05:30,9.25,9.25,9.25,9.25,2150,307450
1514,2022-07-07 11:44:00+05:30,9.25,9.25,9.25,9.25,0,307450
1515,2022-07-07 11:45:00+05:30,9.25,9.45,9.25,9.45,2150,308525
1516,2022-07-07 11:46:00+05:30,9.45,9.45,9.45,9.45,0,308525
1517,2022-07-07 11:47:00+05:30,9.45,9.45,9.3,9.35,3225,308525
1518,2022-07-07 11:48:00+05:30,9.35,9.35,9.35,9.35,0,308525
1519,2022-07-07 11:49:00+05:30,9.4,9.45,9.35,9.45,5375,307450
1520,2022-07-07 11:50:00+05:30,9.45,9.45,9.3,9.3,1075,307450
1521,2022-07-07 11:51:00+05:30,9.3,9.3,9.3,9.3,0,307450
1522,2022-07-07 11:52:00+05:30,9.3,9.3,9.3,9.3,0,307450
1523,2022-07-07 11:53:00+05:30,9.3,9.3,9.3,9.3,0,307450
1524,2022-07-07 11:54:00+05:30,9.3,9.4,9.3,9.4,1075,307450
1525,2022-07-07 11:55:00+05:30,9.4,9.55,9.4,9.5,5375,307450
1526,2022-07-07 11:56:00+05:30,9.5,9.5,9.35,9.4,3225,307450
1527,2022-07-07 11:57:00+05:30,9.4,9.55,9.4,9.55,2150,308525
1528,2022-07-07 11:58:00+05:30,9.5,9.5,9.35,9.4,6450,308525
1529,2022-07-07 11:59:00+05:30,9.4,9.5,9.4,9.5,0,308525
1530,2022-07-07 12:00:00+05:30,9.5,9.5,9.5,9.5,1075,308525
1531,2022-07-07 12:01:00+05:30,9.5,9.5,9.4,9.4,1075,307450
1532,2022-07-07 12:02:00+05:30,9.4,9.4,9.05,9.05,6450,307450
1533,2022-07-07 12:03:00+05:30,9.05,9.3,9.05,9.3,3225,308525
1534,2022-07-07 12:04:00+05:30,9.3,9.3,9.2,9.2,2150,308525
1535,2022-07-07 12:05:00+05:30,9.2,9.2,9.2,9.2,0,308525
1536,2022-07-07 12:06:00+05:30,9.2,9.3,9.2,9.3,1075,308525
1537,2022-07-07 12:07:00+05:30,9.3,9.3,9.3,9.3,0,308525
1538,2022-07-07 12:08:00+05:30,9.3,9.3,9.3,9.3,0,308525
1539,2022-07-07 12:09:00+05:30,9.3,9.3,9.1,9.1,1075,307450
1540,2022-07-07 12:10:00+05:30,9.1,9.3,9.1,9.3,3225,307450
1541,2022-07-07 12:11:00+05:30,9.3,9.3,9.15,9.15,1075,307450
1542,2022-07-07 12:12:00+05:30,9.15,9.15,9.15,9.15,2150,306375
1543,2022-07-07 12:13:00+05:30,9.15,9.15,9.1,9.1,2150,306375
1544,2022-07-07 12:14:00+05:30,9.1,9.1,9.0,9.0,3225,306375
1545,2022-07-07 12:15:00+05:30,8.95,8.95,8.8,8.8,2150,308525
1546,2022-07-07 12:16:00+05:30,8.8,9.0,8.8,9.0,5375,308525
1547,2022-07-07 12:17:00+05:30,9.0,9.0,9.0,9.0,1075,308525
1548,2022-07-07 12:18:00+05:30,9.0,9.0,8.65,8.65,1075,305300
1549,2022-07-07 12:19:00+05:30,8.65,8.65,8.65,8.65,1075,305300
1550,2022-07-07 12:20:00+05:30,8.65,8.65,8.65,8.65,0,305300
1551,2022-07-07 12:21:00+05:30,8.65,8.65,8.65,8.65,0,305300
1552,2022-07-07 12:22:00+05:30,8.65,8.65,8.4,8.55,4300,306375
1553,2022-07-07 12:23:00+05:30,8.55,8.75,8.55,8.7,1075,306375
1554,2022-07-07 12:24:00+05:30,8.7,8.7,8.7,8.7,1075,306375
1555,2022-07-07 12:25:00+05:30,8.7,8.7,8.7,8.7,1075,306375
1556,2022-07-07 12:26:00+05:30,8.7,8.7,8.7,8.7,0,306375
1557,2022-07-07 12:27:00+05:30,8.7,8.7,8.45,8.5,2150,307450
1558,2022-07-07 12:28:00+05:30,8.55,8.55,8.55,8.55,2150,307450
1559,2022-07-07 12:29:00+05:30,8.55,8.55,8.55,8.55,0,307450
1560,2022-07-07 12:30:00+05:30,8.55,8.7,8.4,8.45,11825,309600
1561,2022-07-07 12:31:00+05:30,8.45,8.45,8.45,8.45,0,309600
1562,2022-07-07 12:32:00+05:30,8.45,8.65,8.45,8.65,0,309600
1563,2022-07-07 12:33:00+05:30,8.65,8.65,8.65,8.65,2150,310675
1564,2022-07-07 12:34:00+05:30,8.65,8.65,8.65,8.65,0,310675
1565,2022-07-07 12:35:00+05:30,8.65,8.65,8.55,8.55,1075,310675
1566,2022-07-07 12:36:00+05:30,8.55,8.55,8.5,8.5,2150,308525
1567,2022-07-07 12:37:00+05:30,8.5,8.5,8.5,8.5,0,308525
1568,2022-07-07 12:38:00+05:30,8.5,8.5,8.5,8.5,0,308525
1569,2022-07-07 12:39:00+05:30,8.5,8.5,8.5,8.5,0,308525
1570,2022-07-07 12:40:00+05:30,8.5,8.5,8.5,8.5,1075,308525
1571,2022-07-07 12:41:00+05:30,8.5,8.5,8.4,8.4,12900,308525
1572,2022-07-07 12:42:00+05:30,8.4,8.4,8.35,8.35,3225,305300
1573,2022-07-07 12:43:00+05:30,8.35,8.35,8.35,8.35,0,305300
1574,2022-07-07 12:44:00+05:30,8.35,8.35,8.25,8.25,2150,305300
1575,2022-07-07 12:45:00+05:30,8.25,8.35,8.2,8.35,5375,304225
1576,2022-07-07 12:46:00+05:30,8.35,8.35,8.35,8.35,0,304225
1577,2022-07-07 12:47:00+05:30,8.35,8.35,8.3,8.3,1075,304225
1578,2022-07-07 12:48:00+05:30,8.3,8.3,8.3,8.3,1075,305300
1579,2022-07-07 12:49:00+05:30,8.3,8.5,8.3,8.45,2150,305300
1580,2022-07-07 12:50:00+05:30,8.45,8.5,8.45,8.5,2150,305300
1581,2022-07-07 12:51:00+05:30,8.5,8.5,8.45,8.45,1075,304225
1582,2022-07-07 12:52:00+05:30,8.45,8.45,8.4,8.4,1075,304225
1583,2022-07-07 12:53:00+05:30,8.4,8.5,8.4,8.5,1075,304225
1584,2022-07-07 12:54:00+05:30,8.5,8.5,8.5,8.5,0,304225
1585,2022-07-07 12:55:00+05:30,8.55,8.7,8.55,8.7,2150,305300
1586,2022-07-07 12:56:00+05:30,8.7,8.7,8.7,8.7,1075,305300
1587,2022-07-07 12:57:00+05:30,8.7,8.75,8.7,8.75,1075,303150
1588,2022-07-07 12:58:00+05:30,8.75,8.75,8.75,8.75,0,303150
1589,2022-07-07 12:59:00+05:30,8.75,8.75,8.75,8.75,0,303150
1590,2022-07-07 13:00:00+05:30,8.75,8.9,8.75,8.85,8600,302075
1591,2022-07-07 13:01:00+05:30,8.85,9.05,8.85,9.05,2150,302075
1592,2022-07-07 13:02:00+05:30,9.05,9.15,9.05,9.15,2150,302075
1593,2022-07-07 13:03:00+05:30,9.15,9.15,9.15,9.15,1075,302075
1594,2022-07-07 13:04:00+05:30,9.15,9.15,9.15,9.15,0,302075
1595,2022-07-07 13:05:00+05:30,9.15,9.25,9.15,9.2,4300,301000
1596,2022-07-07 13:06:00+05:30,9.2,9.2,9.0,9.0,1075,302075
1597,2022-07-07 13:07:00+05:30,9.0,9.0,9.0,9.0,0,302075
1598,2022-07-07 13:08:00+05:30,9.0,9.0,9.0,9.0,0,302075
1599,2022-07-07 13:09:00+05:30,9.0,9.05,8.9,9.05,3225,303150
1600,2022-07-07 13:10:00+05:30,9.05,9.05,9.05,9.05,0,303150
1601,2022-07-07 13:11:00+05:30,9.05,9.05,8.95,8.95,1075,303150
1602,2022-07-07 13:12:00+05:30,8.95,8.95,8.8,8.8,2150,304225
1603,2022-07-07 13:13:00+05:30,8.8,8.8,8.8,8.8,0,304225
1604,2022-07-07 13:14:00+05:30,8.75,8.75,8.75,8.75,2150,304225
1605,2022-07-07 13:15:00+05:30,8.9,8.95,8.9,8.95,4300,301000
1606,2022-07-07 13:16:00+05:30,8.95,8.95,8.95,8.95,0,301000
1607,2022-07-07 13:17:00+05:30,8.95,8.95,8.85,8.85,1075,301000
1608,2022-07-07 13:18:00+05:30,8.85,8.95,8.85,8.95,1075,299925
1609,2022-07-07 13:19:00+05:30,8.95,9.1,8.95,9.0,7525,299925
1610,2022-07-07 13:20:00+05:30,9.0,9.0,8.95,8.95,1075,299925
1611,2022-07-07 13:21:00+05:30,8.95,8.95,8.85,8.85,2150,304225
1612,2022-07-07 13:22:00+05:30,8.85,8.85,8.85,8.85,0,304225
1613,2022-07-07 13:23:00+05:30,8.85,8.85,8.85,8.85,1075,304225
1614,2022-07-07 13:24:00+05:30,8.85,8.95,8.85,8.95,3225,304225
1615,2022-07-07 13:25:00+05:30,8.95,8.95,8.95,8.95,1075,302075
1616,2022-07-07 13:26:00+05:30,8.95,9.0,8.95,9.0,1075,302075
1617,2022-07-07 13:27:00+05:30,9.0,9.0,9.0,9.0,0,302075
1618,2022-07-07 13:28:00+05:30,9.0,9.0,9.0,9.0,0,302075
1619,2022-07-07 13:29:00+05:30,8.95,8.95,8.95,8.95,2150,302075
1620,2022-07-07 13:30:00+05:30,8.95,8.95,8.95,8.95,0,302075
1621,2022-07-07 13:31:00+05:30,8.95,8.95,8.95,8.95,0,302075
1622,2022-07-07 13:32:00+05:30,8.95,9.05,8.95,9.05,1075,304225
1623,2022-07-07 13:33:00+05:30,9.05,9.05,9.0,9.0,1075,303150
1624,2022-07-07 13:34:00+05:30,9.0,9.1,9.0,9.0,3225,303150
1625,2022-07-07 13:35:00+05:30,9.0,9.05,9.0,9.05,1075,303150
1626,2022-07-07 13:36:00+05:30,9.05,9.55,9.05,9.45,19350,306375
1627,2022-07-07 13:37:00+05:30,9.5,9.55,9.45,9.45,13975,306375
1628,2022-07-07 13:38:00+05:30,9.45,9.45,9.35,9.35,1075,306375
1629,2022-07-07 13:39:00+05:30,9.35,9.35,9.35,9.35,0,306375
1630,2022-07-07 13:40:00+05:30,9.35,9.35,9.25,9.25,3225,311750
1631,2022-07-07 13:41:00+05:30,9.3,9.3,9.25,9.25,4300,311750
1632,2022-07-07 13:42:00+05:30,9.25,9.25,9.15,9.2,2150,311750
1633,2022-07-07 13:43:00+05:30,9.3,9.3,9.3,9.3,1075,311750
1634,2022-07-07 13:44:00+05:30,9.35,9.35,9.3,9.3,2150,311750
1635,2022-07-07 13:45:00+05:30,9.25,9.3,9.25,9.25,1075,311750
1636,2022-07-07 13:46:00+05:30,9.05,9.05,9.0,9.0,3225,312825
1637,2022-07-07 13:47:00+05:30,9.0,9.0,8.75,8.75,2150,312825
1638,2022-07-07 13:48:00+05:30,8.8,8.8,8.8,8.8,1075,312825
1639,2022-07-07 13:49:00+05:30,8.8,8.8,8.8,8.8,0,312825
1640,2022-07-07 13:50:00+05:30,8.8,8.95,8.8,8.95,6450,313900
1641,2022-07-07 13:51:00+05:30,8.95,8.95,8.95,8.95,1075,313900
1642,2022-07-07 13:52:00+05:30,8.85,8.85,8.85,8.85,2150,310675
1643,2022-07-07 13:53:00+05:30,8.85,8.85,8.85,8.85,0,310675
1644,2022-07-07 13:54:00+05:30,8.85,8.85,8.85,8.85,0,310675
1645,2022-07-07 13:55:00+05:30,8.85,9.0,8.85,9.0,1075,310675
1646,2022-07-07 13:56:00+05:30,8.85,8.85,8.85,8.85,1075,310675
1647,2022-07-07 13:57:00+05:30,8.85,8.85,8.85,8.85,1075,310675
1648,2022-07-07 13:58:00+05:30,8.8,8.8,8.7,8.7,2150,310675
1649,2022-07-07 13:59:00+05:30,8.7,8.8,8.7,8.8,1075,310675
1650,2022-07-07 14:00:00+05:30,8.65,8.7,8.65,8.65,7525,311750
1651,2022-07-07 14:01:00+05:30,8.65,8.65,8.6,8.6,1075,311750
1652,2022-07-07 14:02:00+05:30,8.6,8.6,8.5,8.5,2150,311750
1653,2022-07-07 14:03:00+05:30,8.5,8.5,8.5,8.5,3225,310675
1654,2022-07-07 14:04:00+05:30,8.5,8.5,8.5,8.5,1075,310675
1655,2022-07-07 14:05:00+05:30,8.5,8.6,8.5,8.6,1075,310675
1656,2022-07-07 14:06:00+05:30,8.6,8.6,8.6,8.6,0,310675
1657,2022-07-07 14:07:00+05:30,8.6,8.6,8.6,8.6,1075,307450
1658,2022-07-07 14:08:00+05:30,8.6,8.6,8.2,8.2,5375,307450
1659,2022-07-07 14:09:00+05:30,8.2,8.45,8.2,8.45,2150,306375
1660,2022-07-07 14:10:00+05:30,8.45,8.45,8.4,8.4,1075,306375
1661,2022-07-07 14:11:00+05:30,8.4,8.4,8.15,8.15,0,306375
1662,2022-07-07 14:12:00+05:30,8.2,8.2,8.15,8.15,4300,303150
1663,2022-07-07 14:13:00+05:30,8.15,8.25,8.15,8.25,1075,303150
1664,2022-07-07 14:14:00+05:30,8.2,8.2,8.2,8.2,1075,303150
1665,2022-07-07 14:15:00+05:30,8.2,8.2,8.15,8.2,1075,304225
1666,2022-07-07 14:16:00+05:30,8.25,8.35,8.25,8.35,6450,304225
1667,2022-07-07 14:17:00+05:30,8.4,8.5,8.4,8.5,2150,304225
1668,2022-07-07 14:18:00+05:30,8.5,8.5,8.4,8.4,0,303150
1669,2022-07-07 14:19:00+05:30,8.35,8.4,8.35,8.4,4300,303150
1670,2022-07-07 14:20:00+05:30,8.4,8.4,8.4,8.4,0,303150
1671,2022-07-07 14:21:00+05:30,8.4,8.7,8.4,8.65,2150,304225
1672,2022-07-07 14:22:00+05:30,8.65,8.85,8.65,8.85,3225,304225
1673,2022-07-07 14:23:00+05:30,8.85,8.85,8.65,8.65,2150,304225
1674,2022-07-07 14:24:00+05:30,8.65,8.85,8.65,8.85,2150,304225
1675,2022-07-07 14:25:00+05:30,8.85,8.85,8.85,8.85,1075,304225
1676,2022-07-07 14:26:00+05:30,8.85,8.85,8.85,8.85,0,304225
1677,2022-07-07 14:27:00+05:30,8.85,8.85,8.85,8.85,0,304225
1678,2022-07-07 14:28:00+05:30,8.85,8.85,8.8,8.8,1075,303150
1679,2022-07-07 14:29:00+05:30,8.8,9.05,8.8,9.0,1075,303150
1680,2022-07-07 14:30:00+05:30,9.0,9.0,8.9,8.9,8600,303150
1681,2022-07-07 14:31:00+05:30,8.9,9.05,8.9,9.05,7525,303150
1682,2022-07-07 14:32:00+05:30,9.1,9.3,9.1,9.2,4300,303150
1683,2022-07-07 14:33:00+05:30,9.2,9.4,9.15,9.25,15050,303150
1684,2022-07-07 14:34:00+05:30,9.25,9.35,9.2,9.3,7525,303150
1685,2022-07-07 14:35:00+05:30,9.3,9.35,9.2,9.25,9675,303150
1686,2022-07-07 14:36:00+05:30,9.25,9.35,9.25,9.25,5375,303150
1687,2022-07-07 14:37:00+05:30,9.25,9.4,9.2,9.35,7525,314975
1688,2022-07-07 14:38:00+05:30,9.3,9.45,9.3,9.45,5375,314975
1689,2022-07-07 14:39:00+05:30,9.55,10.25,9.55,10.25,21500,317125
1690,2022-07-07 14:40:00+05:30,10.2,10.65,10.2,10.65,25800,317125
1691,2022-07-07 14:41:00+05:30,10.65,11.35,10.65,11.05,27950,317125
1692,2022-07-07 14:42:00+05:30,11.05,11.4,11.05,11.3,25800,309600
1693,2022-07-07 14:43:00+05:30,11.35,12.8,11.35,12.75,63425,309600
1694,2022-07-07 14:44:00+05:30,12.55,13.25,12.5,12.8,58050,309600
1695,2022-07-07 14:45:00+05:30,12.6,13.3,12.6,13.0,31175,330025
1696,2022-07-07 14:46:00+05:30,13.05,13.25,12.65,12.85,52675,330025
1697,2022-07-07 14:47:00+05:30,12.85,14.05,12.85,14.05,34400,330025
1698,2022-07-07 14:48:00+05:30,14.2,15.0,14.2,15.0,75250,331100
1699,2022-07-07 14:49:00+05:30,15.0,15.45,14.8,15.35,40850,331100
1700,2022-07-07 14:50:00+05:30,15.45,15.5,14.7,15.3,70950,331100
1701,2022-07-07 14:51:00+05:30,15.3,15.7,14.0,14.0,43000,349375
1702,2022-07-07 14:52:00+05:30,14.0,14.25,13.4,14.15,29025,349375
1703,2022-07-07 14:53:00+05:30,14.15,14.8,14.0,14.75,16125,349375
1704,2022-07-07 14:54:00+05:30,14.75,15.25,14.65,15.15,32250,352600
1705,2022-07-07 14:55:00+05:30,15.3,15.45,15.1,15.15,17200,352600
1706,2022-07-07 14:56:00+05:30,15.15,15.25,14.75,15.25,13975,352600
1707,2022-07-07 14:57:00+05:30,15.25,15.25,15.05,15.05,7525,349375
1708,2022-07-07 14:58:00+05:30,15.3,15.6,15.2,15.6,9675,349375
1709,2022-07-07 14:59:00+05:30,15.65,15.7,14.95,14.95,30100,349375
1710,2022-07-07 15:00:00+05:30,14.95,15.8,14.95,15.65,16125,352600
1711,2022-07-07 15:01:00+05:30,15.6,15.65,15.0,15.0,12900,352600
1712,2022-07-07 15:02:00+05:30,15.1,15.3,15.1,15.2,4300,352600
1713,2022-07-07 15:03:00+05:30,15.2,15.2,14.7,15.05,19350,346150
1714,2022-07-07 15:04:00+05:30,15.2,15.2,14.85,15.1,12900,346150
1715,2022-07-07 15:05:00+05:30,15.1,15.25,15.1,15.2,7525,346150
1716,2022-07-07 15:06:00+05:30,15.4,15.5,15.3,15.3,6450,346150
1717,2022-07-07 15:07:00+05:30,15.3,15.4,15.15,15.15,7525,345075
1718,2022-07-07 15:08:00+05:30,15.15,15.25,15.15,15.15,4300,345075
1719,2022-07-07 15:09:00+05:30,15.15,16.0,15.15,16.0,13975,348300
1720,2022-07-07 15:10:00+05:30,16.1,16.7,16.05,16.7,15050,348300
1721,2022-07-07 15:11:00+05:30,16.7,17.75,16.7,17.55,29025,348300
1722,2022-07-07 15:12:00+05:30,17.65,17.65,17.45,17.6,21500,322500
1723,2022-07-07 15:13:00+05:30,17.9,18.1,17.75,18.1,12900,322500
1724,2022-07-07 15:14:00+05:30,18.1,18.55,18.0,18.1,8600,322500
1725,2022-07-07 15:15:00+05:30,18.0,18.25,17.95,17.95,11825,310675
1726,2022-07-07 15:16:00+05:30,18.0,18.0,17.85,17.85,3225,310675
1727,2022-07-07 15:17:00+05:30,17.85,18.25,17.6,18.0,33325,310675
1728,2022-07-07 15:18:00+05:30,18.0,18.0,17.6,17.8,6450,310675
1729,2022-07-07 15:19:00+05:30,17.9,18.35,17.9,18.35,8600,297775
1730,2022-07-07 15:20:00+05:30,18.35,18.7,18.35,18.7,6450,297775
1731,2022-07-07 15:21:00+05:30,18.7,18.8,18.6,18.6,7525,294550
1732,2022-07-07 15:22:00+05:30,18.6,18.6,18.4,18.5,6450,294550
1733,2022-07-07 15:23:00+05:30,18.5,18.5,18.1,18.5,5375,294550
1734,2022-07-07 15:24:00+05:30,18.5,19.0,18.5,19.0,4300,294550
1735,2022-07-07 15:25:00+05:30,19.0,19.15,18.85,19.05,4300,292400
1736,2022-07-07 15:26:00+05:30,19.05,19.2,18.9,19.2,4300,292400
1737,2022-07-07 15:27:00+05:30,19.2,19.2,18.9,18.9,3225,288100
1738,2022-07-07 15:28:00+05:30,18.9,19.2,18.85,19.2,6450,288100
1739,2022-07-07 15:29:00+05:30,19.2,19.45,19.2,19.45,4300,288100
1740,2022-07-08 09:15:00+05:30,19.2,19.2,18.8,18.9,4300,283800
1741,2022-07-08 09:16:00+05:30,18.9,19.0,17.1,17.25,7525,283800
1742,2022-07-08 09:17:00+05:30,17.25,17.25,16.65,17.0,6450,279500
1743,2022-07-08 09:18:00+05:30,16.65,16.65,15.7,15.7,11825,279500
1744,2022-07-08 09:19:00+05:30,15.65,16.4,15.65,16.4,13975,279500
1745,2022-07-08 09:20:00+05:30,16.4,16.7,16.15,16.3,17200,288100
1746,2022-07-08 09:21:00+05:30,16.25,16.3,15.65,15.7,29025,288100
1747,2022-07-08 09:22:00+05:30,15.7,16.2,15.7,16.2,8600,288100
1748,2022-07-08 09:23:00+05:30,16.1,16.1,15.95,16.1,4300,302075
1749,2022-07-08 09:24:00+05:30,16.1,16.1,15.7,16.0,5375,302075
1750,2022-07-08 09:25:00+05:30,16.0,16.0,15.8,15.9,3225,302075
1751,2022-07-08 09:26:00+05:30,15.9,15.9,15.9,15.9,0,302075
1752,2022-07-08 09:27:00+05:30,15.9,16.4,15.9,16.3,1075,308525
1753,2022-07-08 09:28:00+05:30,16.6,17.25,16.6,17.1,18275,308525
1754,2022-07-08 09:29:00+05:30,17.2,17.2,16.75,16.95,15050,299925
1755,2022-07-08 09:30:00+05:30,16.95,17.8,16.95,17.8,4300,299925
1756,2022-07-08 09:31:00+05:30,17.8,17.8,17.75,17.75,0,299925
1757,2022-07-08 09:32:00+05:30,17.75,17.8,17.55,17.8,4300,299925
1758,2022-07-08 09:33:00+05:30,17.5,17.75,17.5,17.75,1075,285950
1759,2022-07-08 09:34:00+05:30,17.75,17.75,17.65,17.65,3225,285950
1760,2022-07-08 09:35:00+05:30,17.9,18.2,17.55,18.1,6450,288100
1761,2022-07-08 09:36:00+05:30,18.1,18.1,17.5,17.5,4300,288100
1762,2022-07-08 09:37:00+05:30,17.15,17.5,17.15,17.35,2150,288100
1763,2022-07-08 09:38:00+05:30,17.35,17.35,17.1,17.1,3225,288100
1764,2022-07-08 09:39:00+05:30,17.1,18.15,17.1,18.15,3225,287025
1765,2022-07-08 09:40:00+05:30,18.15,18.15,17.8,17.8,3225,287025
1766,2022-07-08 09:41:00+05:30,17.8,17.8,17.8,17.8,0,287025
1767,2022-07-08 09:42:00+05:30,17.8,17.8,17.8,17.8,0,287025
1768,2022-07-08 09:43:00+05:30,17.8,18.2,17.8,18.2,2150,289175
1769,2022-07-08 09:44:00+05:30,18.2,18.2,18.2,18.2,0,289175
1770,2022-07-08 09:45:00+05:30,17.6,18.2,17.2,17.2,3225,289175
1771,2022-07-08 09:46:00+05:30,17.2,17.2,16.5,16.5,2150,289175
1772,2022-07-08 09:47:00+05:30,16.65,16.65,16.45,16.45,2150,290250
1773,2022-07-08 09:48:00+05:30,16.45,16.45,16.45,16.45,0,290250
1774,2022-07-08 09:49:00+05:30,16.45,16.45,16.45,16.45,0,290250
1775,2022-07-08 09:50:00+05:30,16.45,16.45,16.45,16.45,0,290250
1776,2022-07-08 09:51:00+05:30,16.45,16.45,16.45,16.45,0,290250
1777,2022-07-08 09:52:00+05:30,16.45,17.25,16.45,17.25,1075,290250
1778,2022-07-08 09:53:00+05:30,17.25,17.25,17.25,17.25,0,290250
1779,2022-07-08 09:54:00+05:30,17.25,17.25,17.25,17.25,0,290250
1780,2022-07-08 09:55:00+05:30,17.25,17.25,17.25,17.25,0,290250
1781,2022-07-08 09:56:00+05:30,17.25,17.25,17.25,17.25,0,290250
1782,2022-07-08 09:57:00+05:30,17.25,17.35,17.25,17.35,1075,289175
1783,2022-07-08 09:58:00+05:30,17.35,17.35,17.0,17.0,2150,289175
1784,2022-07-08 09:59:00+05:30,17.0,17.0,17.0,17.0,5375,288100
1785,2022-07-08 10:00:00+05:30,17.0,17.0,16.45,16.55,3225,288100
1786,2022-07-08 10:01:00+05:30,16.5,16.5,16.5,16.5,1075,288100
1787,2022-07-08 10:02:00+05:30,16.0,16.05,16.0,16.05,3225,287025
1788,2022-07-08 10:03:00+05:30,16.05,16.1,15.7,15.7,3225,287025
1789,2022-07-08 10:04:00+05:30,15.7,15.7,15.35,15.35,5375,287025
1790,2022-07-08 10:05:00+05:30,15.05,15.4,15.05,15.25,5375,287025
1791,2022-07-08 10:06:00+05:30,15.25,15.25,14.7,14.7,5375,290250
1792,2022-07-08 10:07:00+05:30,14.5,14.75,14.5,14.75,10750,290250
1793,2022-07-08 10:08:00+05:30,14.75,14.9,14.65,14.65,5375,292400
1794,2022-07-08 10:09:00+05:30,14.65,15.0,14.5,15.0,2150,292400
1795,2022-07-08 10:10:00+05:30,15.0,15.65,15.0,15.4,10750,292400
1796,2022-07-08 10:11:00+05:30,15.4,16.3,15.4,16.1,4300,280575
1797,2022-07-08 10:12:00+05:30,16.1,16.1,16.1,16.1,0,280575
1798,2022-07-08 10:13:00+05:30,16.1,17.1,16.1,17.1,1075,280575
1799,2022-07-08 10:14:00+05:30,17.1,18.2,17.1,18.2,6450,279500
1800,2022-07-08 10:15:00+05:30,18.2,18.2,17.8,17.8,9675,279500
1801,2022-07-08 10:16:00+05:30,17.8,17.8,17.8,17.8,0,279500
1802,2022-07-08 10:17:00+05:30,17.8,17.8,17.8,17.8,0,279500
1803,2022-07-08 10:18:00+05:30,17.8,17.8,16.95,16.95,1075,276275
1804,2022-07-08 10:19:00+05:30,16.95,16.95,16.85,16.85,2150,276275
1805,2022-07-08 10:20:00+05:30,16.85,16.85,16.85,16.85,0,276275
1806,2022-07-08 10:21:00+05:30,16.85,17.15,16.85,17.15,0,274125
1807,2022-07-08 10:22:00+05:30,17.15,17.15,17.15,17.15,2150,274125
1808,2022-07-08 10:23:00+05:30,17.15,17.15,17.15,17.15,0,274125
1809,2022-07-08 10:24:00+05:30,17.15,17.15,16.35,16.45,1075,273050
1810,2022-07-08 10:25:00+05:30,16.45,16.45,16.45,16.45,2150,273050
1811,2022-07-08 10:26:00+05:30,16.5,16.7,16.5,16.7,2150,273050
1812,2022-07-08 10:27:00+05:30,16.7,17.05,16.7,17.05,1075,273050
1813,2022-07-08 10:28:00+05:30,17.05,17.05,17.05,17.05,0,273050
1814,2022-07-08 10:29:00+05:30,17.05,17.05,17.05,17.05,0,273050
1815,2022-07-08 10:30:00+05:30,17.05,17.05,16.9,16.9,1075,273050
1816,2022-07-08 10:31:00+05:30,16.9,16.9,16.9,16.9,0,273050
1817,2022-07-08 10:32:00+05:30,16.9,16.9,16.7,16.7,2150,274125
1818,2022-07-08 10:33:00+05:30,16.7,16.95,16.7,16.95,0,274125
1819,2022-07-08 10:34:00+05:30,16.95,16.95,16.95,16.95,1075,274125
1820,2022-07-08 10:35:00+05:30,16.95,16.95,16.95,16.95,0,274125
1821,2022-07-08 10:36:00+05:30,16.95,16.95,16.95,16.95,0,274125
1822,2022-07-08 10:37:00+05:30,16.95,16.95,16.95,16.95,0,274125
1823,2022-07-08 10:38:00+05:30,16.95,17.55,16.95,17.55,1075,274125
1824,2022-07-08 10:39:00+05:30,17.55,17.55,17.55,17.55,1075,274125
1825,2022-07-08 10:40:00+05:30,17.55,17.55,17.55,17.55,0,274125
1826,2022-07-08 10:41:00+05:30,17.55,17.55,17.55,17.55,1075,274125
1827,2022-07-08 10:42:00+05:30,17.55,17.55,17.55,17.55,0,274125
1828,2022-07-08 10:43:00+05:30,17.55,17.55,17.55,17.55,0,274125
1829,2022-07-08 10:44:00+05:30,17.55,17.55,17.55,17.55,0,274125
1830,2022-07-08 10:45:00+05:30,17.55,17.55,17.55,17.55,0,274125
1831,2022-07-08 10:46:00+05:30,17.55,17.55,17.55,17.55,0,274125
1832,2022-07-08 10:47:00+05:30,17.55,17.55,17.3,17.3,0,274125
1833,2022-07-08 10:48:00+05:30,17.3,17.3,17.2,17.2,2150,274125
1834,2022-07-08 10:49:00+05:30,17.2,17.2,17.2,17.2,0,274125
1835,2022-07-08 10:50:00+05:30,17.2,17.2,17.2,17.2,0,274125
1836,2022-07-08 10:51:00+05:30,17.2,17.2,17.2,17.2,0,274125
1837,2022-07-08 10:52:00+05:30,17.2,17.2,17.2,17.2,0,274125
1838,2022-07-08 10:53:00+05:30,17.2,17.25,17.2,17.25,1075,275200
1839,2022-07-08 10:54:00+05:30,17.25,17.45,17.25,17.45,0,275200
1840,2022-07-08 10:55:00+05:30,17.45,17.45,17.35,17.35,1075,275200
1841,2022-07-08 10:56:00+05:30,17.35,17.45,17.35,17.45,2150,275200
1842,2022-07-08 10:57:00+05:30,17.45,17.45,17.45,17.45,0,275200
1843,2022-07-08 10:58:00+05:30,17.45,17.65,17.45,17.65,0,274125
1844,2022-07-08 10:59:00+05:30,17.65,17.65,17.65,17.65,2150,274125
1845,2022-07-08 11:00:00+05:30,17.65,17.65,17.65,17.65,0,274125
1846,2022-07-08 11:01:00+05:30,17.65,17.65,17.65,17.65,0,274125
1847,2022-07-08 11:02:00+05:30,17.65,17.65,17.65,17.65,0,274125
1848,2022-07-08 11:03:00+05:30,17.65,17.65,17.65,17.65,0,274125
1849,2022-07-08 11:04:00+05:30,17.65,17.65,17.05,17.05,0,273050
1850,2022-07-08 11:05:00+05:30,17.05,17.05,17.05,17.05,1075,273050
1851,2022-07-08 11:06:00+05:30,17.05,17.2,16.8,17.2,4300,274125
1852,2022-07-08 11:07:00+05:30,17.2,17.2,17.2,17.2,0,274125
1853,2022-07-08 11:08:00+05:30,17.2,17.2,17.2,17.2,0,274125
1854,2022-07-08 11:09:00+05:30,17.2,17.2,17.2,17.2,0,274125
1855,2022-07-08 11:10:00+05:30,17.2,17.2,17.2,17.2,0,274125
1856,2022-07-08 11:11:00+05:30,17.2,18.0,17.2,18.0,1075,271975
1857,2022-07-08 11:12:00+05:30,18.0,18.5,18.0,18.35,6450,271975
1858,2022-07-08 11:13:00+05:30,18.7,18.9,18.7,18.9,6450,271975
1859,2022-07-08 11:14:00+05:30,19.2,19.6,19.05,19.6,8600,264450
1860,2022-07-08 11:15:00+05:30,19.6,19.9,19.4,19.8,3225,264450
1861,2022-07-08 11:16:00+05:30,19.8,19.95,19.8,19.95,2150,264450
1862,2022-07-08 11:17:00+05:30,19.95,19.95,19.95,19.95,0,264450
1863,2022-07-08 11:18:00+05:30,19.95,20.05,19.8,20.05,3225,264450
1864,2022-07-08 11:19:00+05:30,20.05,20.2,20.0,20.2,5375,264450
1865,2022-07-08 11:20:00+05:30,20.2,20.2,20.2,20.2,0,264450
1866,2022-07-08 11:21:00+05:30,20.2,20.2,20.05,20.1,10750,261225
1867,2022-07-08 11:22:00+05:30,20.1,20.1,20.1,20.1,0,261225
1868,2022-07-08 11:23:00+05:30,20.1,20.1,19.55,19.55,3225,259075
1869,2022-07-08 11:24:00+05:30,19.55,19.55,19.05,19.05,0,259075
1870,2022-07-08 11:25:00+05:30,19.05,19.1,19.05,19.1,2150,259075
1871,2022-07-08 11:26:00+05:30,19.1,19.55,19.1,19.55,1075,259075
1872,2022-07-08 11:27:00+05:30,19.55,19.55,19.55,19.55,0,259075
1873,2022-07-08 11:28:00+05:30,19.55,19.55,19.55,19.55,1075,258000
1874,2022-07-08 11:29:00+05:30,19.55,19.55,19.1,19.1,0,258000
1875,2022-07-08 11:30:00+05:30,19.1,19.1,19.1,19.1,2150,258000
1876,2022-07-08 11:31:00+05:30,19.1,19.1,19.1,19.1,1075,258000
1877,2022-07-08 11:32:00+05:30,19.1,19.1,19.1,19.1,0,258000
1878,2022-07-08 11:33:00+05:30,19.1,19.1,18.85,18.85,1075,256925
1879,2022-07-08 11:34:00+05:30,18.85,18.85,18.85,18.85,0,256925
1880,2022-07-08 11:35:00+05:30,18.85,18.85,18.85,18.85,0,256925
1881,2022-07-08 11:36:00+05:30,18.85,18.85,18.65,18.65,1075,255850
1882,2022-07-08 11:37:00+05:30,18.65,18.95,18.65,18.95,2150,255850
1883,2022-07-08 11:38:00+05:30,18.95,18.95,18.95,18.95,0,255850
1884,2022-07-08 11:39:00+05:30,18.95,18.95,18.95,18.95,0,255850
1885,2022-07-08 11:40:00+05:30,18.95,18.95,18.95,18.95,0,255850
1886,2022-07-08 11:41:00+05:30,18.95,18.95,18.95,18.95,0,255850
1887,2022-07-08 11:42:00+05:30,18.95,18.95,18.95,18.95,0,255850
1888,2022-07-08 11:43:00+05:30,18.95,18.95,18.95,18.95,0,255850
1889,2022-07-08 11:44:00+05:30,18.95,18.95,18.3,18.3,3225,252625
1890,2022-07-08 11:45:00+05:30,18.3,18.3,17.8,18.2,3225,252625
1891,2022-07-08 11:46:00+05:30,18.2,18.2,18.2,18.2,0,252625
1892,2022-07-08 11:47:00+05:30,18.2,18.2,18.2,18.2,0,252625
1893,2022-07-08 11:48:00+05:30,18.2,18.2,18.2,18.2,0,252625
1894,2022-07-08 11:49:00+05:30,18.2,18.4,18.2,18.4,1075,253700
1895,2022-07-08 11:50:00+05:30,18.4,18.4,18.4,18.4,0,253700
1896,2022-07-08 11:51:00+05:30,18.4,18.4,18.4,18.4,0,253700
1897,2022-07-08 11:52:00+05:30,18.4,18.4,18.05,18.05,1075,252625
1898,2022-07-08 11:53:00+05:30,18.05,18.05,18.05,18.05,0,252625
1899,2022-07-08 11:54:00+05:30,18.05,18.05,18.05,18.05,0,252625
1900,2022-07-08 11:55:00+05:30,18.05,18.05,18.05,18.05,0,252625
1901,2022-07-08 11:56:00+05:30,18.05,18.05,18.05,18.05,0,252625
1902,2022-07-08 11:57:00+05:30,18.05,18.45,18.05,18.45,2150,252625
1903,2022-07-08 11:58:00+05:30,18.45,18.45,18.45,18.45,0,252625
1904,2022-07-08 11:59:00+05:30,18.45,18.45,18.45,18.45,0,252625
1905,2022-07-08 12:00:00+05:30,18.45,18.45,18.05,18.05,1075,253700
1906,2022-07-08 12:01:00+05:30,18.05,18.05,18.05,18.05,1075,253700
1907,2022-07-08 12:02:00+05:30,18.0,18.05,18.0,18.0,1075,253700
1908,2022-07-08 12:03:00+05:30,18.0,18.0,17.95,17.95,2150,252625
1909,2022-07-08 12:04:00+05:30,17.95,17.95,17.95,17.95,0,252625
1910,2022-07-08 12:05:00+05:30,17.95,17.95,17.95,17.95,0,252625
1911,2022-07-08 12:06:00+05:30,17.95,18.0,17.95,18.0,3225,254775
1912,2022-07-08 12:07:00+05:30,18.0,18.0,18.0,18.0,0,254775
1913,2022-07-08 12:08:00+05:30,18.0,18.0,18.0,18.0,0,254775
1914,2022-07-08 12:09:00+05:30,18.0,18.0,18.0,18.0,0,254775
1915,2022-07-08 12:10:00+05:30,18.0,18.25,18.0,18.1,3225,252625
1916,2022-07-08 12:11:00+05:30,18.1,18.1,18.1,18.1,0,252625
1917,2022-07-08 12:12:00+05:30,18.05,18.15,18.0,18.15,4300,251550
1918,2022-07-08 12:13:00+05:30,18.15,18.15,18.15,18.15,0,251550
1919,2022-07-08 12:14:00+05:30,18.15,18.15,18.15,18.15,0,251550
1920,2022-07-08 12:15:00+05:30,18.15,18.15,18.15,18.15,0,251550
1921,2022-07-08 12:16:00+05:30,18.15,18.15,18.15,18.15,0,251550
1922,2022-07-08 12:17:00+05:30,18.15,18.15,17.65,17.65,1075,250475
1923,2022-07-08 12:18:00+05:30,17.65,17.65,17.65,17.65,0,250475
1924,2022-07-08 12:19:00+05:30,17.65,17.65,17.15,17.15,2150,249400
1925,2022-07-08 12:20:00+05:30,17.15,17.25,17.15,17.25,2150,248325
1926,2022-07-08 12:21:00+05:30,17.25,17.3,17.25,17.3,1075,248325
1927,2022-07-08 12:22:00+05:30,17.3,17.4,17.2,17.4,2150,248325
1928,2022-07-08 12:23:00+05:30,17.55,17.55,17.55,17.55,1075,248325
1929,2022-07-08 12:24:00+05:30,17.55,17.55,17.55,17.55,0,248325
1930,2022-07-08 12:25:00+05:30,17.55,17.55,17.55,17.55,0,248325
1931,2022-07-08 12:26:00+05:30,17.55,17.55,17.55,17.55,0,248325
1932,2022-07-08 12:27:00+05:30,17.55,17.55,17.55,17.55,0,248325
1933,2022-07-08 12:28:00+05:30,17.55,17.55,17.55,17.55,0,248325
1934,2022-07-08 12:29:00+05:30,17.55,17.55,17.55,17.55,0,248325
1935,2022-07-08 12:30:00+05:30,17.55,17.6,17.55,17.6,2150,247250
1936,2022-07-08 12:31:00+05:30,17.6,17.6,17.55,17.55,3225,247250
1937,2022-07-08 12:32:00+05:30,17.55,17.55,17.35,17.35,2150,247250
1938,2022-07-08 12:33:00+05:30,17.35,17.35,17.35,17.35,0,247250
1939,2022-07-08 12:34:00+05:30,17.35,17.35,17.35,17.35,0,247250
1940,2022-07-08 12:35:00+05:30,17.35,17.35,17.35,17.35,0,247250
1941,2022-07-08 12:36:00+05:30,17.35,17.35,17.35,17.35,0,247250
1942,2022-07-08 12:37:00+05:30,17.35,17.35,17.25,17.25,1075,246175
1943,2022-07-08 12:38:00+05:30,17.25,17.4,17.25,17.4,1075,246175
1944,2022-07-08 12:39:00+05:30,17.4,17.4,17.4,17.4,0,246175
1945,2022-07-08 12:40:00+05:30,17.4,17.4,17.4,17.4,0,246175
1946,2022-07-08 12:41:00+05:30,17.4,17.4,17.4,17.4,0,246175
1947,2022-07-08 12:42:00+05:30,17.4,17.4,17.4,17.4,0,246175
1948,2022-07-08 12:43:00+05:30,17.4,17.55,17.4,17.55,1075,246175
1949,2022-07-08 12:44:00+05:30,17.55,17.55,17.55,17.55,0,246175
1950,2022-07-08 12:45:00+05:30,17.55,17.55,17.55,17.55,0,246175
1951,2022-07-08 12:46:00+05:30,17.55,17.55,17.3,17.3,1075,246175
1952,2022-07-08 12:47:00+05:30,17.3,17.3,17.25,17.25,1075,246175
1953,2022-07-08 12:48:00+05:30,17.3,17.3,17.25,17.3,1075,248325
1954,2022-07-08 12:49:00+05:30,17.3,17.3,17.3,17.3,1075,248325
1955,2022-07-08 12:50:00+05:30,17.3,17.3,17.3,17.3,0,248325
1956,2022-07-08 12:51:00+05:30,17.3,17.3,17.0,17.0,2150,249400
1957,2022-07-08 12:52:00+05:30,17.0,17.0,17.0,17.0,0,249400
1958,2022-07-08 12:53:00+05:30,17.0,17.1,17.0,17.1,2150,249400
1959,2022-07-08 12:54:00+05:30,17.1,17.1,16.75,16.75,1075,247250
1960,2022-07-08 12:55:00+05:30,16.75,16.8,16.75,16.8,2150,247250
1961,2022-07-08 12:56:00+05:30,16.8,16.8,16.8,16.8,0,247250
1962,2022-07-08 12:57:00+05:30,16.8,16.8,16.8,16.8,0,247250
1963,2022-07-08 12:58:00+05:30,16.8,16.8,16.55,16.55,1075,246175
1964,2022-07-08 12:59:00+05:30,16.55,16.55,16.55,16.55,1075,246175
1965,2022-07-08 13:00:00+05:30,16.55,16.55,16.55,16.55,0,246175
1966,2022-07-08 13:01:00+05:30,16.55,16.55,16.55,16.55,0,246175
1967,2022-07-08 13:02:00+05:30,16.8,16.8,16.75,16.75,3225,245100
1968,2022-07-08 13:03:00+05:30,16.75,16.75,16.75,16.75,0,245100
1969,2022-07-08 13:04:00+05:30,16.75,16.75,16.65,16.7,2150,244025
1970,2022-07-08 13:05:00+05:30,16.7,16.7,16.7,16.7,0,244025
1971,2022-07-08 13:06:00+05:30,16.7,16.7,16.7,16.7,0,244025
1972,2022-07-08 13:07:00+05:30,16.7,16.7,16.7,16.7,0,244025
1973,2022-07-08 13:08:00+05:30,16.7,16.7,16.7,16.7,0,244025
1974,2022-07-08 13:09:00+05:30,16.7,16.7,16.05,16.2,6450,245100
1975,2022-07-08 13:10:00+05:30,16.2,16.2,16.0,16.0,3225,245100
1976,2022-07-08 13:11:00+05:30,15.8,16.0,15.6,15.7,4300,245100
1977,2022-07-08 13:12:00+05:30,15.7,15.7,15.4,15.4,3225,246175
1978,2022-07-08 13:13:00+05:30,15.4,15.6,15.4,15.6,4300,246175
1979,2022-07-08 13:14:00+05:30,15.6,15.6,15.5,15.5,2150,246175
1980,2022-07-08 13:15:00+05:30,15.3,15.3,15.3,15.3,2150,247250
1981,2022-07-08 13:16:00+05:30,15.3,15.7,15.3,15.7,1075,247250
1982,2022-07-08 13:17:00+05:30,15.7,15.9,15.7,15.9,4300,247250
1983,2022-07-08 13:18:00+05:30,15.9,15.9,15.75,15.75,1075,251550
1984,2022-07-08 13:19:00+05:30,15.75,15.75,15.7,15.7,1075,251550
1985,2022-07-08 13:20:00+05:30,15.7,15.7,15.7,15.7,0,251550
1986,2022-07-08 13:21:00+05:30,15.7,15.7,15.7,15.7,0,251550
1987,2022-07-08 13:22:00+05:30,15.7,15.7,15.2,15.2,4300,252625
1988,2022-07-08 13:23:00+05:30,15.2,15.25,15.2,15.25,3225,252625
1989,2022-07-08 13:24:00+05:30,15.25,15.65,15.25,15.65,1075,249400
1990,2022-07-08 13:25:00+05:30,15.65,15.7,15.65,15.7,1075,249400
1991,2022-07-08 13:26:00+05:30,15.7,15.8,15.7,15.8,2150,249400
1992,2022-07-08 13:27:00+05:30,15.8,15.8,15.5,15.5,2150,252625
1993,2022-07-08 13:28:00+05:30,15.5,15.55,15.5,15.55,1075,252625
1994,2022-07-08 13:29:00+05:30,15.55,15.55,15.55,15.55,0,252625
1995,2022-07-08 13:30:00+05:30,15.55,15.55,15.5,15.5,1075,254775
1996,2022-07-08 13:31:00+05:30,15.5,15.55,15.5,15.55,1075,254775
1997,2022-07-08 13:32:00+05:30,15.55,15.55,15.55,15.55,0,254775
1998,2022-07-08 13:33:00+05:30,15.55,16.0,15.55,16.0,1075,254775
1999,2022-07-08 13:34:00+05:30,16.0,16.45,16.0,16.45,0,254775
2000,2022-07-08 13:35:00+05:30,16.3,16.3,16.1,16.1,5375,254775
2001,2022-07-08 13:36:00+05:30,16.1,16.4,16.1,16.4,2150,255850
2002,2022-07-08 13:37:00+05:30,16.25,16.4,16.05,16.05,4300,255850
2003,2022-07-08 13:38:00+05:30,16.05,16.05,16.05,16.05,0,255850
2004,2022-07-08 13:39:00+05:30,16.05,16.1,16.05,16.1,1075,258000
2005,2022-07-08 13:40:00+05:30,16.1,16.15,16.1,16.15,2150,258000
2006,2022-07-08 13:41:00+05:30,16.15,16.15,16.15,16.15,0,258000
2007,2022-07-08 13:42:00+05:30,16.15,16.15,16.0,16.0,1075,260150
2008,2022-07-08 13:43:00+05:30,16.0,16.0,15.9,15.9,2150,260150
2009,2022-07-08 13:44:00+05:30,15.9,16.05,15.9,16.05,1075,260150
2010,2022-07-08 13:45:00+05:30,16.05,16.05,16.05,16.05,0,260150
2011,2022-07-08 13:46:00+05:30,16.05,16.05,16.05,16.05,0,260150
2012,2022-07-08 13:47:00+05:30,16.05,16.05,16.05,16.05,0,260150
2013,2022-07-08 13:48:00+05:30,16.05,16.05,15.5,15.5,3225,262300
2014,2022-07-08 13:49:00+05:30,15.5,15.5,15.5,15.5,0,262300
2015,2022-07-08 13:50:00+05:30,15.5,15.5,15.5,15.5,0,262300
2016,2022-07-08 13:51:00+05:30,15.5,15.5,15.4,15.4,1075,261225
2017,2022-07-08 13:52:00+05:30,15.4,15.4,14.95,15.1,5375,261225
2018,2022-07-08 13:53:00+05:30,14.9,14.9,14.85,14.85,2150,261225
2019,2022-07-08 13:54:00+05:30,14.85,15.05,14.85,15.05,1075,264450
2020,2022-07-08 13:55:00+05:30,15.05,15.05,15.05,15.05,0,264450
2021,2022-07-08 13:56:00+05:30,15.05,15.1,15.0,15.0,2150,264450
2022,2022-07-08 13:57:00+05:30,15.0,15.0,15.0,15.0,1075,261225
2023,2022-07-08 13:58:00+05:30,14.7,14.7,14.0,14.4,13975,261225
2024,2022-07-08 13:59:00+05:30,14.4,14.55,14.4,14.55,1075,261225
2025,2022-07-08 14:00:00+05:30,14.55,14.55,13.95,13.95,12900,264450
2026,2022-07-08 14:01:00+05:30,13.95,13.95,13.95,13.95,0,264450
2027,2022-07-08 14:02:00+05:30,13.95,13.95,13.95,13.95,1075,264450
2028,2022-07-08 14:03:00+05:30,13.7,14.1,13.7,14.1,3225,266600
2029,2022-07-08 14:04:00+05:30,14.1,14.1,13.85,13.85,5375,266600
2030,2022-07-08 14:05:00+05:30,13.85,13.85,13.75,13.85,2150,266600
2031,2022-07-08 14:06:00+05:30,13.8,13.8,13.8,13.8,2150,268750
2032,2022-07-08 14:07:00+05:30,13.8,13.8,13.6,13.65,4300,268750
2033,2022-07-08 14:08:00+05:30,13.65,14.05,13.65,13.9,4300,268750
2034,2022-07-08 14:09:00+05:30,13.7,13.95,13.7,13.9,6450,269825
2035,2022-07-08 14:10:00+05:30,13.9,14.05,13.8,13.95,9675,269825
2036,2022-07-08 14:11:00+05:30,13.95,14.35,13.95,14.35,2150,269825
2037,2022-07-08 14:12:00+05:30,14.25,14.25,14.0,14.1,8600,268750
2038,2022-07-08 14:13:00+05:30,14.1,14.1,14.1,14.1,0,268750
2039,2022-07-08 14:14:00+05:30,14.15,14.35,14.15,14.3,3225,268750
2040,2022-07-08 14:15:00+05:30,14.3,14.5,14.25,14.5,3225,265525
2041,2022-07-08 14:16:00+05:30,14.5,14.5,14.25,14.25,4300,265525
2042,2022-07-08 14:17:00+05:30,14.25,14.25,13.75,13.75,3225,265525
2043,2022-07-08 14:18:00+05:30,13.65,13.75,13.6,13.7,4300,265525
2044,2022-07-08 14:19:00+05:30,13.7,13.7,13.7,13.7,0,265525
2045,2022-07-08 14:20:00+05:30,13.7,13.8,13.3,13.3,2150,265525
2046,2022-07-08 14:21:00+05:30,13.5,13.5,13.5,13.5,1075,265525
2047,2022-07-08 14:22:00+05:30,13.5,13.5,13.4,13.4,6450,266600
2048,2022-07-08 14:23:00+05:30,13.5,13.7,13.45,13.7,7525,266600
2049,2022-07-08 14:24:00+05:30,13.7,13.85,13.7,13.85,5375,266600
2050,2022-07-08 14:25:00+05:30,13.85,13.85,13.7,13.7,3225,266600
2051,2022-07-08 14:26:00+05:30,13.7,13.7,13.35,13.35,2150,266600
2052,2022-07-08 14:27:00+05:30,13.35,13.35,12.6,12.85,11825,267675
2053,2022-07-08 14:28:00+05:30,12.85,13.0,12.85,12.9,8600,267675
2054,2022-07-08 14:29:00+05:30,12.9,12.9,12.5,12.5,5375,267675
2055,2022-07-08 14:30:00+05:30,12.75,12.75,12.75,12.75,2150,274125
2056,2022-07-08 14:31:00+05:30,12.75,12.75,12.5,12.6,3225,274125
2057,2022-07-08 14:32:00+05:30,12.6,12.6,12.45,12.45,6450,274125
2058,2022-07-08 14:33:00+05:30,12.45,12.5,12.35,12.45,2150,271975
2059,2022-07-08 14:34:00+05:30,12.45,12.5,12.45,12.45,4300,271975
2060,2022-07-08 14:35:00+05:30,12.45,12.45,12.3,12.3,2150,271975
2061,2022-07-08 14:36:00+05:30,12.3,12.3,11.85,11.85,12900,273050
2062,2022-07-08 14:37:00+05:30,11.85,11.95,11.85,11.95,4300,273050
2063,2022-07-08 14:38:00+05:30,11.75,11.9,11.6,11.9,17200,273050
2064,2022-07-08 14:39:00+05:30,11.9,12.1,11.75,12.1,15050,279500
2065,2022-07-08 14:40:00+05:30,12.1,12.2,12.0,12.0,8600,279500
2066,2022-07-08 14:41:00+05:30,12.0,12.0,11.95,11.95,2150,279500
2067,2022-07-08 14:42:00+05:30,12.2,12.4,12.2,12.4,3225,281650
2068,2022-07-08 14:43:00+05:30,12.5,12.7,12.3,12.7,18275,281650
2069,2022-07-08 14:44:00+05:30,12.5,13.05,12.5,13.05,10750,281650
2070,2022-07-08 14:45:00+05:30,12.85,13.15,12.85,13.0,12900,283800
2071,2022-07-08 14:46:00+05:30,13.45,13.85,13.45,13.7,13975,283800
2072,2022-07-08 14:47:00+05:30,13.65,13.65,13.1,13.2,23650,283800
2073,2022-07-08 14:48:00+05:30,13.15,13.35,13.15,13.35,2150,301000
2074,2022-07-08 14:49:00+05:30,13.4,13.55,13.35,13.5,6450,301000
2075,2022-07-08 14:50:00+05:30,13.3,13.4,13.2,13.2,4300,301000
2076,2022-07-08 14:51:00+05:30,13.2,13.2,13.15,13.15,9675,296700
2077,2022-07-08 14:52:00+05:30,13.15,13.15,12.95,12.95,4300,296700
2078,2022-07-08 14:53:00+05:30,12.95,13.15,12.95,13.15,4300,296700
2079,2022-07-08 14:54:00+05:30,13.15,13.15,12.95,12.95,11825,293475
2080,2022-07-08 14:55:00+05:30,12.95,13.15,12.95,13.1,1075,293475
2081,2022-07-08 14:56:00+05:30,13.2,13.6,13.2,13.6,3225,293475
2082,2022-07-08 14:57:00+05:30,13.7,13.95,13.7,13.85,5375,280575
2083,2022-07-08 14:58:00+05:30,13.75,13.75,13.65,13.65,4300,280575
2084,2022-07-08 14:59:00+05:30,13.65,13.65,13.45,13.45,1075,280575
2085,2022-07-08 15:00:00+05:30,13.45,14.1,13.45,14.0,3225,284875
2086,2022-07-08 15:01:00+05:30,14.0,14.0,13.8,14.0,6450,284875
2087,2022-07-08 15:02:00+05:30,14.1,14.35,14.1,14.35,7525,284875
2088,2022-07-08 15:03:00+05:30,14.35,14.7,14.25,14.45,15050,277350
2089,2022-07-08 15:04:00+05:30,14.35,14.35,14.0,14.05,4300,277350
2090,2022-07-08 15:05:00+05:30,14.05,14.1,14.05,14.1,7525,277350
2091,2022-07-08 15:06:00+05:30,14.1,14.3,14.1,14.3,1075,269825
2092,2022-07-08 15:07:00+05:30,14.45,14.45,14.45,14.45,1075,269825
2093,2022-07-08 15:08:00+05:30,14.45,14.45,14.15,14.15,1075,269825
2094,2022-07-08 15:09:00+05:30,14.15,14.15,14.0,14.15,1075,267675
2095,2022-07-08 15:10:00+05:30,14.2,14.45,14.2,14.45,11825,267675
2096,2022-07-08 15:11:00+05:30,14.45,14.85,14.45,14.85,2150,267675
2097,2022-07-08 15:12:00+05:30,14.75,14.95,14.7,14.7,8600,265525
2098,2022-07-08 15:13:00+05:30,14.6,14.65,14.6,14.65,2150,265525
2099,2022-07-08 15:14:00+05:30,14.65,14.65,14.65,14.65,0,265525
2100,2022-07-08 15:15:00+05:30,14.65,14.65,14.25,14.4,4300,265525
2101,2022-07-08 15:16:00+05:30,14.4,14.4,14.4,14.4,0,265525
2102,2022-07-08 15:17:00+05:30,14.3,14.4,14.25,14.25,4300,265525
2103,2022-07-08 15:18:00+05:30,14.25,14.25,14.25,14.25,2150,265525
2104,2022-07-08 15:19:00+05:30,14.1,14.1,14.1,14.1,2150,264450
2105,2022-07-08 15:20:00+05:30,14.1,14.25,13.9,14.15,2150,264450
2106,2022-07-08 15:21:00+05:30,14.15,14.15,14.15,14.15,4300,264450
2107,2022-07-08 15:22:00+05:30,14.05,14.05,13.95,14.0,3225,265525
2108,2022-07-08 15:23:00+05:30,13.9,13.9,13.9,13.9,1075,265525
2109,2022-07-08 15:24:00+05:30,13.9,14.1,13.9,14.1,1075,264450
2110,2022-07-08 15:25:00+05:30,14.1,14.2,14.1,14.2,1075,264450
2111,2022-07-08 15:26:00+05:30,14.2,14.2,14.0,14.0,3225,264450
2112,2022-07-08 15:27:00+05:30,14.05,14.05,13.4,13.6,16125,262300
2113,2022-07-08 15:28:00+05:30,13.6,13.6,13.35,13.35,1075,262300
2114,2022-07-08 15:29:00+05:30,13.35,13.35,13.35,13.35,0,262300
2115,2022-07-11 09:15:00+05:30,12.85,12.85,12.85,12.85,0,260150
2116,2022-07-11 09:16:00+05:30,10.8,12.05,10.8,12.05,17200,260150
2117,2022-07-11 09:17:00+05:30,12.2,12.7,11.8,11.95,45150,244025
2118,2022-07-11 09:18:00+05:30,11.95,12.35,11.55,11.75,25800,244025
2119,2022-07-11 09:19:00+05:30,12.2,12.45,11.75,12.4,8600,244025
2120,2022-07-11 09:20:00+05:30,12.2,12.2,11.95,12.2,10750,241875
2121,2022-07-11 09:21:00+05:30,12.2,12.75,12.0,12.0,9675,241875
2122,2022-07-11 09:22:00+05:30,11.9,12.0,11.6,11.9,51600,241875
2123,2022-07-11 09:23:00+05:30,12.15,12.15,11.55,11.9,5375,254775
2124,2022-07-11 09:24:00+05:30,11.9,11.9,11.45,11.45,2150,254775
2125,2022-07-11 09:25:00+05:30,11.5,11.7,11.5,11.55,18275,254775
2126,2022-07-11 09:26:00+05:30,11.45,11.65,11.45,11.6,18275,263375
2127,2022-07-11 09:27:00+05:30,11.55,11.65,11.55,11.65,7525,263375
2128,2022-07-11 09:28:00+05:30,11.65,12.15,11.65,12.15,12900,263375
2129,2022-07-11 09:29:00+05:30,12.15,12.3,12.15,12.3,3225,262300
2130,2022-07-11 09:30:00+05:30,12.3,12.3,12.1,12.1,1075,262300
2131,2022-07-11 09:31:00+05:30,12.1,12.2,12.1,12.15,16125,262300
2132,2022-07-11 09:32:00+05:30,12.15,12.2,12.15,12.2,3225,262300
2133,2022-07-11 09:33:00+05:30,12.2,12.3,12.2,12.3,3225,253700
2134,2022-07-11 09:34:00+05:30,12.3,12.3,12.3,12.3,0,253700
2135,2022-07-11 09:35:00+05:30,12.3,12.35,12.0,12.1,4300,254775
2136,2022-07-11 09:36:00+05:30,12.1,13.45,12.1,13.45,8600,254775
2137,2022-07-11 09:37:00+05:30,13.2,13.45,13.15,13.2,29025,254775
2138,2022-07-11 09:38:00+05:30,13.15,13.2,12.9,12.9,18275,271975
2139,2022-07-11 09:39:00+05:30,12.9,12.9,12.7,12.7,6450,271975
2140,2022-07-11 09:40:00+05:30,12.7,12.7,12.7,12.7,3225,271975
2141,2022-07-11 09:41:00+05:30,12.9,13.15,12.9,13.05,36550,242950
2142,2022-07-11 09:42:00+05:30,13.15,13.35,13.15,13.35,26875,242950
2143,2022-07-11 09:43:00+05:30,13.35,13.35,12.9,12.9,12900,242950
2144,2022-07-11 09:44:00+05:30,12.9,13.35,12.9,13.35,5375,262300
2145,2022-07-11 09:45:00+05:30,13.35,13.35,13.2,13.2,2150,262300
2146,2022-07-11 09:46:00+05:30,13.2,13.2,13.0,13.0,3225,262300
2147,2022-07-11 09:47:00+05:30,13.0,13.0,13.0,13.0,0,262300
2148,2022-07-11 09:48:00+05:30,13.0,13.05,13.0,13.0,2150,265525
2149,2022-07-11 09:49:00+05:30,13.0,13.0,13.0,13.0,0,265525
2150,2022-07-11 09:50:00+05:30,13.0,13.1,13.0,13.0,2150,268750
2151,2022-07-11 09:51:00+05:30,13.0,13.1,13.0,13.1,9675,268750
2152,2022-07-11 09:52:00+05:30,13.1,13.1,12.95,12.95,3225,268750
2153,2022-07-11 09:53:00+05:30,12.85,12.85,12.65,12.65,5375,262300
2154,2022-07-11 09:54:00+05:30,12.65,12.75,12.65,12.75,1075,262300
2155,2022-07-11 09:55:00+05:30,12.75,12.75,12.75,12.75,0,262300
2156,2022-07-11 09:56:00+05:30,12.75,12.75,12.65,12.65,1075,262300
2157,2022-07-11 09:57:00+05:30,12.75,13.0,12.75,12.95,4300,261225
2158,2022-07-11 09:58:00+05:30,12.95,12.95,12.95,12.95,0,261225
2159,2022-07-11 09:59:00+05:30,12.95,12.95,12.85,12.95,4300,261225
2160,2022-07-11 10:00:00+05:30,12.95,12.95,12.95,12.95,0,261225
2161,2022-07-11 10:01:00+05:30,12.95,13.15,12.95,13.0,3225,263375
2162,2022-07-11 10:02:00+05:30,13.0,13.2,13.0,13.2,1075,263375
2163,2022-07-11 10:03:00+05:30,13.2,13.45,13.2,13.2,11825,263375
2164,2022-07-11 10:04:00+05:30,13.1,13.1,13.1,13.1,3225,263375
2165,2022-07-11 10:05:00+05:30,13.1,13.1,13.1,13.1,0,263375
2166,2022-07-11 10:06:00+05:30,13.1,13.1,12.95,12.95,4300,262300
2167,2022-07-11 10:07:00+05:30,12.95,12.95,12.95,12.95,0,262300
2168,2022-07-11 10:08:00+05:30,12.95,13.25,12.95,13.25,5375,266600
2169,2022-07-11 10:09:00+05:30,13.25,13.45,13.2,13.2,3225,266600
2170,2022-07-11 10:10:00+05:30,13.2,13.2,13.0,13.0,5375,266600
2171,2022-07-11 10:11:00+05:30,13.0,13.0,12.7,12.7,3225,275200
2172,2022-07-11 10:12:00+05:30,12.7,12.75,12.7,12.75,1075,275200
2173,2022-07-11 10:13:00+05:30,12.75,12.75,12.75,12.75,0,275200
2174,2022-07-11 10:14:00+05:30,12.75,12.75,12.75,12.75,1075,275200
2175,2022-07-11 10:15:00+05:30,12.75,12.75,12.55,12.55,1075,274125
2176,2022-07-11 10:16:00+05:30,12.7,12.7,12.7,12.7,3225,274125
2177,2022-07-11 10:17:00+05:30,12.7,12.7,12.65,12.65,4300,274125
2178,2022-07-11 10:18:00+05:30,12.65,12.65,12.6,12.6,10750,274125
2179,2022-07-11 10:19:00+05:30,12.7,12.7,12.55,12.55,1075,274125
2180,2022-07-11 10:20:00+05:30,12.45,12.6,12.45,12.55,11825,271975
2181,2022-07-11 10:21:00+05:30,12.6,12.65,12.5,12.5,13975,271975
2182,2022-07-11 10:22:00+05:30,12.5,12.65,12.35,12.35,15050,271975
2183,2022-07-11 10:23:00+05:30,12.35,12.5,12.35,12.5,3225,262300
2184,2022-07-11 10:24:00+05:30,12.5,12.65,12.5,12.65,5375,262300
2185,2022-07-11 10:25:00+05:30,12.65,13.35,12.65,13.35,7525,262300
2186,2022-07-11 10:26:00+05:30,13.35,13.55,13.1,13.2,9675,255850
2187,2022-07-11 10:27:00+05:30,13.4,13.4,13.15,13.35,11825,255850
2188,2022-07-11 10:28:00+05:30,13.2,13.2,13.15,13.2,4300,255850
2189,2022-07-11 10:29:00+05:30,13.2,13.2,13.15,13.15,1075,255850
2190,2022-07-11 10:30:00+05:30,13.15,13.3,13.15,13.3,8600,268750
2191,2022-07-11 10:31:00+05:30,13.3,13.4,13.25,13.25,5375,268750
2192,2022-07-11 10:32:00+05:30,13.25,13.25,13.25,13.25,0,268750
2193,2022-07-11 10:33:00+05:30,13.45,13.55,13.35,13.4,8600,270900
2194,2022-07-11 10:34:00+05:30,13.45,13.45,13.4,13.4,3225,270900
2195,2022-07-11 10:35:00+05:30,13.4,14.2,13.4,14.0,3225,275200
2196,2022-07-11 10:36:00+05:30,14.0,14.0,13.55,13.55,19350,275200
2197,2022-07-11 10:37:00+05:30,13.55,13.55,13.25,13.3,1075,275200
2198,2022-07-11 10:38:00+05:30,13.3,13.4,13.3,13.4,4300,275200
2199,2022-07-11 10:39:00+05:30,13.4,13.4,13.25,13.25,4300,278425
2200,2022-07-11 10:40:00+05:30,13.2,13.2,12.85,13.15,9675,278425
2201,2022-07-11 10:41:00+05:30,13.15,13.15,13.15,13.15,2150,281650
2202,2022-07-11 10:42:00+05:30,13.15,13.15,13.15,13.15,0,281650
2203,2022-07-11 10:43:00+05:30,13.15,13.15,13.15,13.15,0,281650
2204,2022-07-11 10:44:00+05:30,13.15,13.15,13.15,13.15,2150,281650
2205,2022-07-11 10:45:00+05:30,13.15,13.2,13.15,13.2,1075,281650
2206,2022-07-11 10:46:00+05:30,13.2,13.45,13.2,13.45,1075,281650
2207,2022-07-11 10:47:00+05:30,13.45,13.45,13.45,13.45,0,280575
2208,2022-07-11 10:48:00+05:30,13.45,13.45,13.45,13.45,1075,280575
2209,2022-07-11 10:49:00+05:30,13.45,13.45,13.4,13.4,1075,280575
2210,2022-07-11 10:50:00+05:30,13.4,13.4,13.4,13.4,0,280575
2211,2022-07-11 10:51:00+05:30,13.4,13.4,13.4,13.4,0,280575
2212,2022-07-11 10:52:00+05:30,13.4,13.4,13.4,13.4,2150,280575
2213,2022-07-11 10:53:00+05:30,13.4,13.4,13.4,13.4,0,280575
2214,2022-07-11 10:54:00+05:30,13.4,13.75,13.4,13.55,2150,279500
2215,2022-07-11 10:55:00+05:30,13.55,13.55,13.55,13.55,1075,279500
2216,2022-07-11 10:56:00+05:30,13.55,13.55,13.4,13.4,1075,279500
2217,2022-07-11 10:57:00+05:30,13.4,13.4,13.4,13.4,1075,279500
2218,2022-07-11 10:58:00+05:30,13.4,13.4,13.2,13.2,0,279500
2219,2022-07-11 10:59:00+05:30,13.2,13.2,13.0,13.0,3225,279500
2220,2022-07-11 11:00:00+05:30,13.0,13.0,13.0,13.0,0,279500
2221,2022-07-11 11:01:00+05:30,13.0,13.2,13.0,13.1,2150,282725
2222,2022-07-11 11:02:00+05:30,13.1,13.1,13.1,13.1,3225,282725
2223,2022-07-11 11:03:00+05:30,13.1,13.1,12.9,12.9,0,288100
2224,2022-07-11 11:04:00+05:30,12.9,12.9,12.8,12.8,4300,288100
2225,2022-07-11 11:05:00+05:30,12.8,13.0,12.8,12.8,2150,287025
2226,2022-07-11 11:06:00+05:30,12.7,12.7,12.25,12.25,11825,287025
2227,2022-07-11 11:07:00+05:30,12.25,12.3,12.25,12.3,6450,287025
2228,2022-07-11 11:08:00+05:30,12.3,12.6,12.3,12.6,3225,280575
2229,2022-07-11 11:09:00+05:30,12.6,12.6,12.55,12.55,1075,280575
2230,2022-07-11 11:10:00+05:30,12.55,12.55,12.55,12.55,0,280575
2231,2022-07-11 11:11:00+05:30,12.55,12.8,12.55,12.8,2150,281650
2232,2022-07-11 11:12:00+05:30,12.8,12.85,12.8,12.85,2150,281650
2233,2022-07-11 11:13:00+05:30,12.85,12.85,12.85,12.85,0,281650
2234,2022-07-11 11:14:00+05:30,12.85,12.85,12.85,12.85,3225,281650
2235,2022-07-11 11:15:00+05:30,12.85,12.85,12.85,12.85,0,281650
2236,2022-07-11 11:16:00+05:30,12.85,12.85,12.8,12.8,4300,283800
2237,2022-07-11 11:17:00+05:30,12.8,12.8,12.7,12.7,1075,283800
2238,2022-07-11 11:18:00+05:30,12.7,12.7,12.7,12.7,2150,287025
2239,2022-07-11 11:19:00+05:30,12.7,12.7,12.45,12.5,6450,287025
2240,2022-07-11 11:20:00+05:30,12.4,12.5,12.4,12.5,4300,289175
2241,2022-07-11 11:21:00+05:30,12.5,12.5,12.5,12.5,1075,289175
2242,2022-07-11 11:22:00+05:30,12.5,12.5,12.5,12.5,1075,289175
2243,2022-07-11 11:23:00+05:30,12.5,12.5,12.5,12.5,0,289175
2244,2022-07-11 11:24:00+05:30,12.5,12.5,12.35,12.35,2150,292400
2245,2022-07-11 11:25:00+05:30,12.35,12.35,12.35,12.35,0,292400
2246,2022-07-11 11:26:00+05:30,12.35,12.35,12.0,12.15,13975,292400
2247,2022-07-11 11:27:00+05:30,12.15,12.3,12.15,12.25,5375,293475
2248,2022-07-11 11:28:00+05:30,12.25,12.25,12.25,12.25,0,293475
2249,2022-07-11 11:29:00+05:30,12.4,12.4,12.15,12.15,4300,299925
2250,2022-07-11 11:30:00+05:30,12.3,12.3,12.15,12.3,2150,299925
2251,2022-07-11 11:31:00+05:30,12.3,12.5,12.3,12.35,1075,299925
2252,2022-07-11 11:32:00+05:30,12.35,12.5,12.35,12.5,7525,299925
2253,2022-07-11 11:33:00+05:30,12.5,12.5,12.5,12.5,1075,294550
2254,2022-07-11 11:34:00+05:30,12.5,12.7,12.5,12.7,5375,294550
2255,2022-07-11 11:35:00+05:30,12.7,12.85,12.7,12.85,4300,294550
2256,2022-07-11 11:36:00+05:30,12.85,12.85,12.85,12.85,0,296700
2257,2022-07-11 11:37:00+05:30,12.85,12.85,12.5,12.5,6450,296700
2258,2022-07-11 11:38:00+05:30,12.5,12.5,12.35,12.35,2150,296700
2259,2022-07-11 11:39:00+05:30,12.35,12.35,12.15,12.15,3225,299925
2260,2022-07-11 11:40:00+05:30,12.15,12.15,12.0,12.0,3225,299925
2261,2022-07-11 11:41:00+05:30,12.0,12.0,12.0,12.0,2150,299925
2262,2022-07-11 11:42:00+05:30,12.0,12.05,12.0,12.0,5375,303150
2263,2022-07-11 11:43:00+05:30,12.0,12.0,11.7,11.7,4300,303150
2264,2022-07-11 11:44:00+05:30,11.7,11.75,11.7,11.75,5375,306375
2265,2022-07-11 11:45:00+05:30,11.75,11.75,11.5,11.5,3225,306375
2266,2022-07-11 11:46:00+05:30,11.5,11.55,11.45,11.5,9675,306375
2267,2022-07-11 11:47:00+05:30,11.5,11.55,11.5,11.55,15050,306375
2268,2022-07-11 11:48:00+05:30,11.55,11.75,11.55,11.75,2150,296700
2269,2022-07-11 11:49:00+05:30,11.75,11.75,11.75,11.75,1075,296700
2270,2022-07-11 11:50:00+05:30,11.75,11.75,11.6,11.6,2150,296700
2271,2022-07-11 11:51:00+05:30,11.6,11.9,11.6,11.9,4300,297775
2272,2022-07-11 11:52:00+05:30,11.9,12.1,11.9,12.0,5375,297775
2273,2022-07-11 11:53:00+05:30,12.0,12.0,12.0,12.0,0,297775
2274,2022-07-11 11:54:00+05:30,12.0,12.0,12.0,12.0,0,297775
2275,2022-07-11 11:55:00+05:30,12.0,12.0,12.0,12.0,0,297775
2276,2022-07-11 11:56:00+05:30,11.9,12.0,11.9,11.9,1075,303150
2277,2022-07-11 11:57:00+05:30,11.9,11.9,11.9,11.9,0,303150
2278,2022-07-11 11:58:00+05:30,11.9,12.0,11.9,12.0,1075,304225
2279,2022-07-11 11:59:00+05:30,12.0,12.15,12.0,12.15,1075,303150
2280,2022-07-11 12:00:00+05:30,12.15,12.15,12.15,12.15,1075,303150
2281,2022-07-11 12:01:00+05:30,12.15,12.2,12.1,12.1,2150,303150
2282,2022-07-11 12:02:00+05:30,12.1,12.1,12.05,12.05,2150,303150
2283,2022-07-11 12:03:00+05:30,12.05,12.05,11.9,11.9,1075,302075
2284,2022-07-11 12:04:00+05:30,11.9,11.95,11.85,11.85,6450,302075
2285,2022-07-11 12:05:00+05:30,11.85,11.9,11.75,11.85,10750,306375
2286,2022-07-11 12:06:00+05:30,11.85,12.05,11.85,12.05,6450,306375
2287,2022-07-11 12:07:00+05:30,12.35,12.4,12.3,12.4,10750,306375
2288,2022-07-11 12:08:00+05:30,12.3,12.6,12.3,12.5,17200,307450
2289,2022-07-11 12:09:00+05:30,12.4,12.8,12.4,12.65,8600,307450
2290,2022-07-11 12:10:00+05:30,12.65,12.8,12.6,12.8,6450,307450
2291,2022-07-11 12:11:00+05:30,12.8,12.8,12.8,12.8,2150,307450
2292,2022-07-11 12:12:00+05:30,12.8,12.9,12.8,12.9,5375,320350
2293,2022-07-11 12:13:00+05:30,13.1,13.1,13.0,13.05,5375,320350
2294,2022-07-11 12:14:00+05:30,13.05,13.05,12.65,12.75,5375,320350
2295,2022-07-11 12:15:00+05:30,12.75,12.95,12.75,12.9,4300,321425
2296,2022-07-11 12:16:00+05:30,12.9,12.9,12.9,12.9,0,321425
2297,2022-07-11 12:17:00+05:30,12.9,12.9,12.9,12.9,0,321425
2298,2022-07-11 12:18:00+05:30,13.0,13.2,13.0,13.1,10750,321425
2299,2022-07-11 12:19:00+05:30,13.1,13.1,12.95,13.0,5375,321425
2300,2022-07-11 12:20:00+05:30,13.0,13.0,12.95,12.95,3225,321425
2301,2022-07-11 12:21:00+05:30,12.8,12.8,12.7,12.75,5375,324650
2302,2022-07-11 12:22:00+05:30,12.75,12.75,12.6,12.6,1075,324650
2303,2022-07-11 12:23:00+05:30,12.6,12.6,12.45,12.45,1075,324650
2304,2022-07-11 12:24:00+05:30,12.45,12.45,12.4,12.4,1075,321425
2305,2022-07-11 12:25:00+05:30,12.4,12.4,12.4,12.4,0,321425
2306,2022-07-11 12:26:00+05:30,12.4,12.4,12.4,12.4,0,321425
2307,2022-07-11 12:27:00+05:30,12.4,12.4,12.4,12.4,0,321425
2308,2022-07-11 12:28:00+05:30,12.5,12.6,12.4,12.6,2150,321425
2309,2022-07-11 12:29:00+05:30,12.6,12.6,12.3,12.3,4300,321425
2310,2022-07-11 12:30:00+05:30,12.3,12.3,12.25,12.3,7525,321425
2311,2022-07-11 12:31:00+05:30,12.3,12.3,12.3,12.3,0,321425
2312,2022-07-11 12:32:00+05:30,12.3,12.3,12.25,12.3,1075,323575
2313,2022-07-11 12:33:00+05:30,12.3,12.3,12.3,12.3,4300,323575
2314,2022-07-11 12:34:00+05:30,12.3,12.3,12.3,12.3,0,323575
2315,2022-07-11 12:35:00+05:30,12.3,12.3,12.3,12.3,1075,326800
2316,2022-07-11 12:36:00+05:30,12.3,12.55,12.3,12.5,1075,326800
2317,2022-07-11 12:37:00+05:30,12.5,12.5,12.3,12.3,5375,326800
2318,2022-07-11 12:38:00+05:30,12.3,12.35,12.15,12.15,4300,326800
2319,2022-07-11 12:39:00+05:30,12.15,12.15,12.15,12.15,0,326800
2320,2022-07-11 12:40:00+05:30,12.15,12.45,12.15,12.45,2150,328950
2321,2022-07-11 12:41:00+05:30,12.45,12.45,12.45,12.45,0,328950
2322,2022-07-11 12:42:00+05:30,12.45,12.45,12.45,12.45,0,328950
2323,2022-07-11 12:43:00+05:30,12.45,12.45,12.45,12.45,1075,328950
2324,2022-07-11 12:44:00+05:30,12.45,12.45,12.35,12.35,1075,328950
2325,2022-07-11 12:45:00+05:30,12.35,12.35,12.35,12.35,0,328950
2326,2022-07-11 12:46:00+05:30,12.35,12.45,12.35,12.45,1075,330025
2327,2022-07-11 12:47:00+05:30,12.45,12.45,12.25,12.25,0,331100
2328,2022-07-11 12:48:00+05:30,12.25,12.25,12.25,12.25,1075,331100
2329,2022-07-11 12:49:00+05:30,12.25,12.25,12.25,12.25,0,331100
2330,2022-07-11 12:50:00+05:30,12.25,12.55,12.25,12.5,2150,331100
2331,2022-07-11 12:51:00+05:30,12.5,12.5,12.5,12.5,0,331100
2332,2022-07-11 12:52:00+05:30,12.5,12.5,12.5,12.5,1075,331100
2333,2022-07-11 12:53:00+05:30,12.5,12.5,12.5,12.5,2150,331100
2334,2022-07-11 12:54:00+05:30,12.5,12.5,12.4,12.4,1075,333250
2335,2022-07-11 12:55:00+05:30,12.4,12.4,12.4,12.4,0,333250
2336,2022-07-11 12:56:00+05:30,12.4,12.4,12.4,12.4,0,333250
2337,2022-07-11 12:57:00+05:30,12.4,12.4,12.4,12.4,0,333250
2338,2022-07-11 12:58:00+05:30,12.4,12.75,12.4,12.75,2150,333250
2339,2022-07-11 12:59:00+05:30,12.75,13.05,12.75,13.0,12900,333250
2340,2022-07-11 13:00:00+05:30,13.0,13.0,13.0,13.0,0,333250
2341,2022-07-11 13:01:00+05:30,13.0,13.0,12.75,12.75,2150,334325
2342,2022-07-11 13:02:00+05:30,12.75,12.75,12.75,12.75,0,334325
2343,2022-07-11 13:03:00+05:30,12.75,12.8,12.75,12.8,1075,334325
2344,2022-07-11 13:04:00+05:30,12.8,12.85,12.8,12.85,1075,334325
2345,2022-07-11 13:05:00+05:30,12.85,12.85,12.8,12.85,2150,334325
2346,2022-07-11 13:06:00+05:30,12.85,12.85,12.75,12.75,0,335400
2347,2022-07-11 13:07:00+05:30,12.75,12.85,12.75,12.85,8600,335400
2348,2022-07-11 13:08:00+05:30,12.85,12.85,12.85,12.85,1075,335400
2349,2022-07-11 13:09:00+05:30,12.85,12.85,12.6,12.6,1075,328950
2350,2022-07-11 13:10:00+05:30,12.6,12.6,12.6,12.6,1075,328950
2351,2022-07-11 13:11:00+05:30,12.6,12.75,12.6,12.75,1075,328950
2352,2022-07-11 13:12:00+05:30,12.75,12.8,12.7,12.8,4300,326800
2353,2022-07-11 13:13:00+05:30,12.8,12.8,12.7,12.7,2150,326800
2354,2022-07-11 13:14:00+05:30,12.7,12.7,12.7,12.7,0,326800
2355,2022-07-11 13:15:00+05:30,12.7,12.9,12.7,12.9,1075,324650
2356,2022-07-11 13:16:00+05:30,12.9,13.1,12.9,13.1,0,324650
2357,2022-07-11 13:17:00+05:30,13.1,13.2,13.1,13.2,7525,324650
2358,2022-07-11 13:18:00+05:30,13.2,13.2,13.2,13.2,2150,323575
2359,2022-07-11 13:19:00+05:30,13.2,13.2,13.2,13.2,0,323575
2360,2022-07-11 13:20:00+05:30,13.2,13.2,12.8,12.8,1075,323575
2361,2022-07-11 13:21:00+05:30,12.8,12.8,12.8,12.8,0,323575
2362,2022-07-11 13:22:00+05:30,12.8,13.55,12.8,13.35,11825,325725
2363,2022-07-11 13:23:00+05:30,13.35,14.55,13.35,14.4,21500,325725
2364,2022-07-11 13:24:00+05:30,14.4,15.0,14.25,14.3,26875,320350
2365,2022-07-11 13:25:00+05:30,14.2,14.5,14.1,14.5,27950,320350
2366,2022-07-11 13:26:00+05:30,14.5,15.45,14.5,15.3,18275,320350
2367,2022-07-11 13:27:00+05:30,15.2,16.1,15.2,16.05,24725,302075
2368,2022-07-11 13:28:00+05:30,15.95,16.2,15.9,16.05,46225,302075
2369,2022-07-11 13:29:00+05:30,16.25,16.4,15.5,15.5,21500,302075
2370,2022-07-11 13:30:00+05:30,15.7,16.55,15.7,16.5,19350,320350
2371,2022-07-11 13:31:00+05:30,16.5,17.1,16.5,16.6,25800,320350
2372,2022-07-11 13:32:00+05:30,16.6,17.1,16.45,16.85,13975,320350
2373,2022-07-11 13:33:00+05:30,16.85,16.85,16.15,16.15,8600,319275
2374,2022-07-11 13:34:00+05:30,16.15,16.5,16.15,16.4,4300,319275
2375,2022-07-11 13:35:00+05:30,16.4,16.85,16.2,16.85,7525,319275
2376,2022-07-11 13:36:00+05:30,16.85,16.9,16.45,16.45,5375,317125
2377,2022-07-11 13:37:00+05:30,16.45,16.95,16.35,16.35,13975,317125
2378,2022-07-11 13:38:00+05:30,16.85,16.95,16.8,16.8,8600,317125
2379,2022-07-11 13:39:00+05:30,16.75,17.05,16.75,16.9,7525,305300
2380,2022-07-11 13:40:00+05:30,17.15,17.45,17.15,17.45,6450,305300
2381,2022-07-11 13:41:00+05:30,17.45,17.45,16.8,17.0,5375,305300
2382,2022-07-11 13:42:00+05:30,17.0,17.1,17.0,17.0,4300,306375
2383,2022-07-11 13:43:00+05:30,17.4,17.5,17.25,17.25,16125,306375
2384,2022-07-11 13:44:00+05:30,17.25,17.35,17.1,17.1,17200,306375
2385,2022-07-11 13:45:00+05:30,17.2,17.25,17.1,17.1,4300,307450
2386,2022-07-11 13:46:00+05:30,17.1,17.1,16.6,16.6,3225,307450
2387,2022-07-11 13:47:00+05:30,16.6,16.85,16.5,16.85,7525,307450
2388,2022-07-11 13:48:00+05:30,16.85,17.3,16.8,17.3,9675,302075
2389,2022-07-11 13:49:00+05:30,17.3,17.3,17.05,17.05,6450,302075
2390,2022-07-11 13:50:00+05:30,17.05,17.05,16.9,16.9,4300,302075
2391,2022-07-11 13:51:00+05:30,16.9,16.9,16.9,16.9,0,302075
2392,2022-07-11 13:52:00+05:30,16.9,16.9,15.7,16.05,40850,303150
2393,2022-07-11 13:53:00+05:30,16.0,16.0,16.0,16.0,1075,303150
2394,2022-07-11 13:54:00+05:30,16.0,16.05,16.0,16.0,3225,292400
2395,2022-07-11 13:55:00+05:30,16.0,16.0,16.0,16.0,0,292400
2396,2022-07-11 13:56:00+05:30,16.0,16.15,16.0,16.15,3225,292400
2397,2022-07-11 13:57:00+05:30,16.15,16.15,15.3,15.6,2150,292400
2398,2022-07-11 13:58:00+05:30,15.6,15.6,15.2,15.4,9675,292400
2399,2022-07-11 13:59:00+05:30,15.4,15.4,14.4,14.55,19350,292400
2400,2022-07-11 14:00:00+05:30,14.55,15.0,14.55,14.6,30100,311750
2401,2022-07-11 14:01:00+05:30,14.6,14.6,14.05,14.4,24725,311750
2402,2022-07-11 14:02:00+05:30,14.25,14.25,14.15,14.25,8600,311750
2403,2022-07-11 14:03:00+05:30,14.25,14.45,14.25,14.45,3225,321425
2404,2022-07-11 14:04:00+05:30,14.45,14.45,14.45,14.45,0,321425
2405,2022-07-11 14:05:00+05:30,14.45,14.45,14.4,14.4,1075,321425
2406,2022-07-11 14:06:00+05:30,14.4,14.75,14.4,14.75,1075,322500
2407,2022-07-11 14:07:00+05:30,14.75,15.15,14.75,15.15,9675,322500
2408,2022-07-11 14:08:00+05:30,15.0,15.0,14.8,14.8,10750,322500
2409,2022-07-11 14:09:00+05:30,14.8,14.9,14.8,14.9,1075,327875
2410,2022-07-11 14:10:00+05:30,14.9,14.95,14.9,14.95,1075,327875
2411,2022-07-11 14:11:00+05:30,14.95,14.95,14.5,14.5,2150,327875
2412,2022-07-11 14:12:00+05:30,14.5,14.5,14.3,14.45,8600,331100
2413,2022-07-11 14:13:00+05:30,14.4,14.45,14.35,14.45,4300,331100
2414,2022-07-11 14:14:00+05:30,14.45,14.75,14.45,14.75,2150,331100
2415,2022-07-11 14:15:00+05:30,14.75,15.0,14.75,15.0,1075,334325
2416,2022-07-11 14:16:00+05:30,15.0,15.05,14.95,15.0,12900,334325
2417,2022-07-11 14:17:00+05:30,15.0,15.0,14.55,14.55,2150,334325
2418,2022-07-11 14:18:00+05:30,14.6,14.6,14.6,14.6,1075,334325
2419,2022-07-11 14:19:00+05:30,14.6,14.65,14.6,14.6,2150,328950
2420,2022-07-11 14:20:00+05:30,14.6,14.9,14.6,14.9,2150,328950
2421,2022-07-11 14:21:00+05:30,14.9,14.9,14.8,14.8,2150,332175
2422,2022-07-11 14:22:00+05:30,14.8,14.8,14.75,14.8,2150,332175
2423,2022-07-11 14:23:00+05:30,14.9,15.35,14.9,15.2,37625,332175
2424,2022-07-11 14:24:00+05:30,15.3,15.3,15.15,15.15,2150,317125
2425,2022-07-11 14:25:00+05:30,15.15,15.15,15.15,15.15,0,317125
2426,2022-07-11 14:26:00+05:30,15.15,15.35,15.15,15.2,5375,317125
2427,2022-07-11 14:27:00+05:30,15.2,15.2,14.8,14.8,1075,314975
2428,2022-07-11 14:28:00+05:30,14.8,15.15,14.8,15.15,2150,314975
2429,2022-07-11 14:29:00+05:30,15.15,15.15,14.95,14.95,1075,314975
2430,2022-07-11 14:30:00+05:30,14.95,15.45,14.95,15.3,3225,314975
2431,2022-07-11 14:31:00+05:30,15.3,15.3,15.3,15.3,0,314975
2432,2022-07-11 14:32:00+05:30,15.3,15.3,15.3,15.3,0,314975
2433,2022-07-11 14:33:00+05:30,15.3,15.3,14.9,15.05,4300,316050
2434,2022-07-11 14:34:00+05:30,15.05,15.15,15.0,15.0,5375,316050
2435,2022-07-11 14:35:00+05:30,15.0,15.0,15.0,15.0,0,316050
2436,2022-07-11 14:36:00+05:30,15.0,15.0,14.85,14.9,2150,314975
2437,2022-07-11 14:37:00+05:30,14.9,15.05,14.8,14.8,8600,314975
2438,2022-07-11 14:38:00+05:30,14.8,14.8,14.7,14.7,1075,314975
2439,2022-07-11 14:39:00+05:30,14.7,14.7,14.7,14.7,0,314975
2440,2022-07-11 14:40:00+05:30,14.7,14.7,14.7,14.7,0,314975
2441,2022-07-11 14:41:00+05:30,14.7,14.7,14.0,14.05,4300,313900
2442,2022-07-11 14:42:00+05:30,14.05,14.05,14.05,14.05,1075,313900
2443,2022-07-11 14:43:00+05:30,14.05,14.3,14.05,14.3,3225,312825
2444,2022-07-11 14:44:00+05:30,14.3,14.45,14.3,14.45,5375,312825
2445,2022-07-11 14:45:00+05:30,14.45,14.45,14.45,14.45,0,312825
2446,2022-07-11 14:46:00+05:30,14.45,14.45,14.45,14.45,0,312825
2447,2022-07-11 14:47:00+05:30,14.45,14.45,13.55,13.6,1075,309600
2448,2022-07-11 14:48:00+05:30,13.6,13.6,13.35,13.45,15050,307450
2449,2022-07-11 14:49:00+05:30,13.45,13.45,13.0,13.0,1075,307450
2450,2022-07-11 14:50:00+05:30,13.0,13.45,13.0,13.45,9675,307450
2451,2022-07-11 14:51:00+05:30,13.45,13.45,13.35,13.4,7525,287025
2452,2022-07-11 14:52:00+05:30,13.4,13.75,13.4,13.7,2150,287025
2453,2022-07-11 14:53:00+05:30,13.7,13.7,13.7,13.7,1075,287025
2454,2022-07-11 14:54:00+05:30,13.7,13.7,13.4,13.5,7525,290250
2455,2022-07-11 14:55:00+05:30,13.3,13.3,13.15,13.25,5375,290250
2456,2022-07-11 14:56:00+05:30,13.35,13.4,13.35,13.35,1075,290250
2457,2022-07-11 14:57:00+05:30,13.35,13.35,13.35,13.35,4300,290250
2458,2022-07-11 14:58:00+05:30,13.35,13.35,13.25,13.3,1075,294550
2459,2022-07-11 14:59:00+05:30,13.3,13.3,13.25,13.25,4300,294550
2460,2022-07-11 15:00:00+05:30,13.1,13.1,12.9,13.0,3225,296700
2461,2022-07-11 15:01:00+05:30,13.0,13.1,12.8,12.8,22575,296700
2462,2022-07-11 15:02:00+05:30,12.8,12.8,12.55,12.55,6450,296700
2463,2022-07-11 15:03:00+05:30,12.55,12.95,12.55,12.95,5375,280575
2464,2022-07-11 15:04:00+05:30,13.0,13.1,13.0,13.05,4300,280575
2465,2022-07-11 15:05:00+05:30,13.05,13.1,12.7,12.85,11825,280575
2466,2022-07-11 15:06:00+05:30,12.85,13.1,12.85,13.1,10750,280575
2467,2022-07-11 15:07:00+05:30,13.25,13.25,13.25,13.25,1075,280575
2468,2022-07-11 15:08:00+05:30,13.25,13.25,13.25,13.25,0,280575
2469,2022-07-11 15:09:00+05:30,13.3,13.3,13.3,13.3,1075,280575
2470,2022-07-11 15:10:00+05:30,13.3,13.5,13.2,13.5,1075,280575
2471,2022-07-11 15:11:00+05:30,13.5,13.5,13.25,13.3,16125,280575
2472,2022-07-11 15:12:00+05:30,13.3,13.4,13.25,13.35,20425,280575
2473,2022-07-11 15:13:00+05:30,13.3,13.4,13.25,13.4,6450,280575
2474,2022-07-11 15:14:00+05:30,13.4,13.5,13.4,13.5,18275,280575
2475,2022-07-11 15:15:00+05:30,13.5,13.6,13.45,13.6,4300,281650
2476,2022-07-11 15:16:00+05:30,13.6,13.8,13.6,13.8,3225,281650
2477,2022-07-11 15:17:00+05:30,13.8,13.95,13.8,13.9,4300,281650
2478,2022-07-11 15:18:00+05:30,13.9,13.9,13.65,13.65,5375,280575
2479,2022-07-11 15:19:00+05:30,13.6,13.6,13.25,13.25,6450,280575
2480,2022-07-11 15:20:00+05:30,13.25,13.25,13.05,13.25,6450,280575
2481,2022-07-11 15:21:00+05:30,13.25,13.25,13.2,13.2,2150,280575
2482,2022-07-11 15:22:00+05:30,13.2,13.2,13.05,13.05,2150,277350
2483,2022-07-11 15:23:00+05:30,13.05,13.05,13.05,13.05,1075,277350
2484,2022-07-11 15:24:00+05:30,13.05,13.1,13.05,13.1,3225,275200
2485,2022-07-11 15:25:00+05:30,13.1,13.1,13.1,13.1,3225,275200
2486,2022-07-11 15:26:00+05:30,13.1,13.7,13.1,13.7,5375,275200
2487,2022-07-11 15:27:00+05:30,13.7,13.7,13.7,13.7,0,275200
2488,2022-07-11 15:28:00+05:30,13.7,13.85,13.5,13.85,3225,271975
2489,2022-07-11 15:29:00+05:30,13.85,13.85,13.65,13.85,2150,271975
2490,2022-07-12 09:15:00+05:30,10.05,10.05,9.0,9.0,5375,269825
2491,2022-07-12 09:16:00+05:30,8.5,8.5,7.75,8.2,17200,269825
2492,2022-07-12 09:17:00+05:30,7.95,8.65,7.9,8.55,60200,278425
2493,2022-07-12 09:18:00+05:30,8.5,8.65,7.8,8.0,60200,278425
2494,2022-07-12 09:19:00+05:30,7.85,7.9,7.45,7.5,23650,278425
2495,2022-07-12 09:20:00+05:30,7.3,7.65,7.3,7.3,8600,281650
2496,2022-07-12 09:21:00+05:30,7.2,7.55,7.2,7.4,19350,281650
2497,2022-07-12 09:22:00+05:30,7.55,7.7,7.35,7.7,16125,281650
2498,2022-07-12 09:23:00+05:30,7.6,7.7,7.45,7.5,21500,284875
2499,2022-07-12 09:24:00+05:30,7.5,7.65,7.5,7.55,30100,284875
2500,2022-07-12 09:25:00+05:30,7.55,7.85,7.55,7.65,21500,284875
2501,2022-07-12 09:26:00+05:30,7.65,7.9,7.6,7.85,7525,289175
2502,2022-07-12 09:27:00+05:30,8.05,8.05,8.05,8.05,5375,289175
2503,2022-07-12 09:28:00+05:30,8.05,8.1,7.9,8.0,7525,289175
2504,2022-07-12 09:29:00+05:30,8.0,8.05,7.95,8.05,2150,288100
2505,2022-07-12 09:30:00+05:30,8.05,8.05,7.8,7.8,4300,288100
2506,2022-07-12 09:31:00+05:30,7.8,7.85,7.65,7.8,15050,288100
2507,2022-07-12 09:32:00+05:30,7.8,7.8,7.6,7.6,5375,288100
2508,2022-07-12 09:33:00+05:30,7.6,7.7,7.6,7.65,3225,295625
2509,2022-07-12 09:34:00+05:30,7.65,8.05,7.6,8.05,21500,295625
2510,2022-07-12 09:35:00+05:30,8.05,8.05,7.8,7.85,5375,291325
2511,2022-07-12 09:36:00+05:30,7.85,7.9,7.85,7.85,8600,291325
2512,2022-07-12 09:37:00+05:30,7.85,8.05,7.85,7.95,2150,291325
2513,2022-07-12 09:38:00+05:30,7.95,7.95,7.8,7.95,7525,294550
2514,2022-07-12 09:39:00+05:30,7.95,8.1,7.95,8.0,5375,294550
2515,2022-07-12 09:40:00+05:30,8.0,8.0,7.9,8.0,33325,294550
2516,2022-07-12 09:41:00+05:30,8.0,8.05,8.0,8.05,3225,290250
2517,2022-07-12 09:42:00+05:30,8.05,8.05,8.0,8.0,1075,290250
2518,2022-07-12 09:43:00+05:30,8.0,8.4,8.0,8.3,13975,290250
2519,2022-07-12 09:44:00+05:30,8.35,8.35,8.25,8.3,15050,301000
2520,2022-07-12 09:45:00+05:30,8.3,8.45,8.3,8.3,9675,301000
2521,2022-07-12 09:46:00+05:30,8.3,8.35,8.25,8.25,3225,301000
2522,2022-07-12 09:47:00+05:30,8.25,8.4,8.25,8.4,3225,302075
2523,2022-07-12 09:48:00+05:30,8.4,8.5,8.4,8.5,13975,302075
2524,2022-07-12 09:49:00+05:30,8.5,8.55,8.4,8.45,7525,302075
2525,2022-07-12 09:50:00+05:30,8.45,8.55,8.45,8.55,5375,298850
2526,2022-07-12 09:51:00+05:30,8.6,9.05,8.6,8.95,26875,298850
2527,2022-07-12 09:52:00+05:30,8.95,9.05,8.9,9.0,19350,298850
2528,2022-07-12 09:53:00+05:30,9.05,9.05,9.0,9.0,15050,298850
2529,2022-07-12 09:54:00+05:30,9.0,9.05,9.0,9.0,4300,313900
2530,2022-07-12 09:55:00+05:30,8.85,8.85,8.55,8.55,4300,313900
2531,2022-07-12 09:56:00+05:30,8.6,8.8,8.6,8.8,9675,312825
2532,2022-07-12 09:57:00+05:30,8.8,8.85,8.8,8.8,4300,312825
2533,2022-07-12 09:58:00+05:30,8.8,8.9,8.8,8.9,8600,312825
2534,2022-07-12 09:59:00+05:30,8.9,9.05,8.9,8.9,6450,317125
2535,2022-07-12 10:00:00+05:30,8.9,9.2,8.9,8.95,5375,317125
2536,2022-07-12 10:01:00+05:30,8.95,8.95,8.8,8.95,10750,317125
2537,2022-07-12 10:02:00+05:30,8.95,9.4,8.95,9.2,13975,306375
2538,2022-07-12 10:03:00+05:30,9.05,9.2,9.0,9.1,9675,306375
2539,2022-07-12 10:04:00+05:30,9.1,9.1,9.1,9.1,9675,306375
2540,2022-07-12 10:05:00+05:30,9.1,9.1,8.9,8.9,11825,306375
2541,2022-07-12 10:06:00+05:30,8.95,9.05,8.95,9.0,9675,306375
2542,2022-07-12 10:07:00+05:30,9.0,9.0,8.9,8.9,1075,306375
2543,2022-07-12 10:08:00+05:30,8.9,8.9,8.7,8.75,7525,309600
2544,2022-07-12 10:09:00+05:30,8.7,8.7,8.45,8.6,7525,309600
2545,2022-07-12 10:10:00+05:30,8.6,8.6,8.4,8.4,4300,309600
2546,2022-07-12 10:11:00+05:30,8.4,8.45,8.4,8.45,4300,318200
2547,2022-07-12 10:12:00+05:30,8.45,8.5,8.4,8.4,16125,318200
2548,2022-07-12 10:13:00+05:30,8.4,8.6,8.4,8.5,7525,318200
2549,2022-07-12 10:14:00+05:30,8.6,8.6,8.6,8.6,2150,318200
2550,2022-07-12 10:15:00+05:30,8.6,8.6,8.45,8.45,2150,325725
2551,2022-07-12 10:16:00+05:30,8.45,8.45,8.45,8.45,0,325725
2552,2022-07-12 10:17:00+05:30,8.45,8.45,8.4,8.45,2150,326800
2553,2022-07-12 10:18:00+05:30,8.45,8.45,8.4,8.4,2150,326800
2554,2022-07-12 10:19:00+05:30,8.4,8.55,8.4,8.4,3225,326800
2555,2022-07-12 10:20:00+05:30,8.4,8.5,8.4,8.5,1075,326800
2556,2022-07-12 10:21:00+05:30,8.5,8.5,8.5,8.5,0,326800
2557,2022-07-12 10:22:00+05:30,8.5,8.5,8.5,8.5,1075,328950
2558,2022-07-12 10:23:00+05:30,8.5,8.5,8.45,8.45,1075,328950
2559,2022-07-12 10:24:00+05:30,8.45,8.45,8.45,8.45,1075,328950
2560,2022-07-12 10:25:00+05:30,8.45,8.45,8.45,8.45,0,328950
2561,2022-07-12 10:26:00+05:30,8.45,8.85,8.45,8.8,8600,331100
2562,2022-07-12 10:27:00+05:30,8.8,8.9,8.8,8.9,0,331100
2563,2022-07-12 10:28:00+05:30,8.9,8.9,8.9,8.9,2150,331100
2564,2022-07-12 10:29:00+05:30,8.9,8.9,8.85,8.85,1075,331100
2565,2022-07-12 10:30:00+05:30,8.9,9.0,8.85,9.0,4300,330025
2566,2022-07-12 10:31:00+05:30,9.0,9.0,8.95,8.95,1075,330025
2567,2022-07-12 10:32:00+05:30,8.95,9.0,8.95,9.0,2150,333250
2568,2022-07-12 10:33:00+05:30,9.0,9.0,8.95,8.95,1075,333250
2569,2022-07-12 10:34:00+05:30,8.95,8.95,8.95,8.95,1075,333250
2570,2022-07-12 10:35:00+05:30,8.95,8.95,8.9,8.9,25800,345075
2571,2022-07-12 10:36:00+05:30,8.9,9.0,8.9,9.0,2150,345075
2572,2022-07-12 10:37:00+05:30,9.0,9.0,9.0,9.0,1075,345075
2573,2022-07-12 10:38:00+05:30,9.0,9.0,8.85,8.85,3225,340775
2574,2022-07-12 10:39:00+05:30,8.85,8.85,8.85,8.85,0,340775
2575,2022-07-12 10:40:00+05:30,8.85,8.9,8.85,8.9,1075,340775
2576,2022-07-12 10:41:00+05:30,8.85,8.9,8.85,8.9,2150,339700
2577,2022-07-12 10:42:00+05:30,8.9,8.9,8.9,8.9,1075,339700
2578,2022-07-12 10:43:00+05:30,8.9,8.9,8.9,8.9,1075,339700
2579,2022-07-12 10:44:00+05:30,8.9,9.0,8.9,9.0,11825,326800
2580,2022-07-12 10:45:00+05:30,9.0,9.0,9.0,9.0,2150,326800
2581,2022-07-12 10:46:00+05:30,9.0,9.0,8.85,8.9,3225,326800
2582,2022-07-12 10:47:00+05:30,8.9,8.9,8.9,8.9,0,326800
2583,2022-07-12 10:48:00+05:30,8.9,8.95,8.9,8.95,3225,327875
2584,2022-07-12 10:49:00+05:30,8.95,9.15,8.95,9.15,4300,327875
2585,2022-07-12 10:50:00+05:30,9.15,9.15,9.0,9.0,2150,327875
2586,2022-07-12 10:51:00+05:30,9.0,9.0,9.0,9.0,2150,322500
2587,2022-07-12 10:52:00+05:30,9.05,9.05,9.05,9.05,2150,322500
2588,2022-07-12 10:53:00+05:30,9.05,9.05,9.05,9.05,0,322500
2589,2022-07-12 10:54:00+05:30,9.25,9.25,9.2,9.25,6450,321425
2590,2022-07-12 10:55:00+05:30,9.25,9.25,9.25,9.25,0,321425
2591,2022-07-12 10:56:00+05:30,9.25,9.25,8.95,8.95,1075,321425
2592,2022-07-12 10:57:00+05:30,8.95,8.95,8.95,8.95,1075,317125
2593,2022-07-12 10:58:00+05:30,8.9,8.9,8.9,8.9,4300,317125
2594,2022-07-12 10:59:00+05:30,8.9,8.9,8.85,8.85,1075,317125
2595,2022-07-12 11:00:00+05:30,8.85,8.85,8.7,8.7,10750,318200
2596,2022-07-12 11:01:00+05:30,8.7,8.7,8.7,8.7,0,318200
2597,2022-07-12 11:02:00+05:30,8.75,8.75,8.75,8.75,1075,318200
2598,2022-07-12 11:03:00+05:30,8.75,8.75,8.75,8.75,0,318200
2599,2022-07-12 11:04:00+05:30,8.75,8.9,8.75,8.9,1075,318200
2600,2022-07-12 11:05:00+05:30,8.9,8.95,8.9,8.95,1075,318200
2601,2022-07-12 11:06:00+05:30,8.95,8.95,8.95,8.95,0,318200
2602,2022-07-12 11:07:00+05:30,8.95,9.1,8.95,9.1,2150,318200
2603,2022-07-12 11:08:00+05:30,9.1,9.1,9.1,9.1,3225,318200
2604,2022-07-12 11:09:00+05:30,9.1,9.1,9.0,9.0,1075,320350
2605,2022-07-12 11:10:00+05:30,9.0,9.0,8.9,8.95,2150,320350
2606,2022-07-12 11:11:00+05:30,8.95,8.95,8.95,8.95,1075,321425
2607,2022-07-12 11:12:00+05:30,8.95,8.95,8.95,8.95,1075,321425
2608,2022-07-12 11:13:00+05:30,8.95,8.95,8.95,8.95,0,321425
2609,2022-07-12 11:14:00+05:30,8.95,8.95,8.95,8.95,0,321425
2610,2022-07-12 11:15:00+05:30,8.95,8.95,8.95,8.95,0,321425
2611,2022-07-12 11:16:00+05:30,8.95,9.0,8.95,9.0,1075,321425
2612,2022-07-12 11:17:00+05:30,9.0,9.0,9.0,9.0,0,321425
2613,2022-07-12 11:18:00+05:30,9.0,9.0,8.9,8.9,1075,321425
2614,2022-07-12 11:19:00+05:30,8.9,8.9,8.85,8.85,0,321425
2615,2022-07-12 11:20:00+05:30,8.85,8.85,8.8,8.8,1075,321425
2616,2022-07-12 11:21:00+05:30,8.8,8.8,8.8,8.8,3225,321425
2617,2022-07-12 11:22:00+05:30,8.8,8.8,8.8,8.8,1075,321425
2618,2022-07-12 11:23:00+05:30,8.8,8.8,8.7,8.7,1075,321425
2619,2022-07-12 11:24:00+05:30,8.7,8.7,8.7,8.7,0,321425
2620,2022-07-12 11:25:00+05:30,8.7,8.85,8.7,8.85,1075,322500
2621,2022-07-12 11:26:00+05:30,8.85,8.85,8.6,8.6,2150,321425
2622,2022-07-12 11:27:00+05:30,8.6,8.6,8.6,8.6,2150,321425
2623,2022-07-12 11:28:00+05:30,8.6,8.75,8.6,8.65,3225,321425
2624,2022-07-12 11:29:00+05:30,8.65,8.65,8.65,8.65,0,321425
2625,2022-07-12 11:30:00+05:30,8.65,8.65,8.3,8.3,3225,323575
2626,2022-07-12 11:31:00+05:30,8.25,8.4,8.25,8.4,6450,323575
2627,2022-07-12 11:32:00+05:30,8.4,8.4,8.4,8.4,0,323575
2628,2022-07-12 11:33:00+05:30,8.4,8.4,8.3,8.35,3225,321425
2629,2022-07-12 11:34:00+05:30,8.35,8.35,8.25,8.25,2150,321425
2630,2022-07-12 11:35:00+05:30,8.25,8.25,8.1,8.1,2150,321425
2631,2022-07-12 11:36:00+05:30,8.1,8.1,8.1,8.1,0,321425
2632,2022-07-12 11:37:00+05:30,8.1,8.25,8.1,8.25,1075,320350
2633,2022-07-12 11:38:00+05:30,8.25,8.25,8.25,8.25,3225,320350
2634,2022-07-12 11:39:00+05:30,8.25,8.4,8.25,8.4,3225,322500
2635,2022-07-12 11:40:00+05:30,8.4,8.4,8.4,8.4,0,322500
2636,2022-07-12 11:41:00+05:30,8.4,8.4,8.4,8.4,1075,322500
2637,2022-07-12 11:42:00+05:30,8.4,8.4,8.15,8.25,5375,322500
2638,2022-07-12 11:43:00+05:30,8.25,8.25,8.25,8.25,0,322500
2639,2022-07-12 11:44:00+05:30,8.25,8.45,8.25,8.45,1075,322500
2640,2022-07-12 11:45:00+05:30,8.55,8.55,8.5,8.5,2150,325725
2641,2022-07-12 11:46:00+05:30,8.5,8.6,8.5,8.6,1075,325725
2642,2022-07-12 11:47:00+05:30,8.6,8.6,8.6,8.6,2150,325725
2643,2022-07-12 11:48:00+05:30,8.6,8.6,8.6,8.6,0,325725
2644,2022-07-12 11:49:00+05:30,8.6,8.8,8.6,8.8,3225,324650
2645,2022-07-12 11:50:00+05:30,8.8,8.8,8.75,8.75,2150,324650
2646,2022-07-12 11:51:00+05:30,8.75,8.75,8.7,8.7,2150,324650
2647,2022-07-12 11:52:00+05:30,8.8,8.95,8.8,8.95,6450,324650
2648,2022-07-12 11:53:00+05:30,8.95,8.95,8.75,8.75,1075,324650
2649,2022-07-12 11:54:00+05:30,8.75,8.75,8.75,8.75,0,324650
2650,2022-07-12 11:55:00+05:30,8.75,8.75,8.75,8.75,0,324650
2651,2022-07-12 11:56:00+05:30,8.75,8.75,8.75,8.75,1075,325725
2652,2022-07-12 11:57:00+05:30,8.75,8.75,8.7,8.7,1075,325725
2653,2022-07-12 11:58:00+05:30,8.7,8.7,8.7,8.7,0,325725
2654,2022-07-12 11:59:00+05:30,8.7,8.7,8.7,8.7,1075,325725
2655,2022-07-12 12:00:00+05:30,8.7,8.7,8.5,8.5,0,326800
2656,2022-07-12 12:01:00+05:30,8.5,8.55,8.5,8.55,5375,326800
2657,2022-07-12 12:02:00+05:30,8.55,8.55,8.5,8.55,2150,326800
2658,2022-07-12 12:03:00+05:30,8.55,8.55,8.55,8.55,0,326800
2659,2022-07-12 12:04:00+05:30,8.55,8.65,8.55,8.65,1075,325725
2660,2022-07-12 12:05:00+05:30,8.65,8.65,8.65,8.65,0,325725
2661,2022-07-12 12:06:00+05:30,8.65,8.65,8.65,8.65,1075,324650
2662,2022-07-12 12:07:00+05:30,8.65,8.65,8.65,8.65,0,324650
2663,2022-07-12 12:08:00+05:30,8.65,8.65,8.55,8.55,1075,324650
2664,2022-07-12 12:09:00+05:30,8.55,8.7,8.55,8.7,1075,324650
2665,2022-07-12 12:10:00+05:30,8.7,8.7,8.7,8.7,4300,324650
2666,2022-07-12 12:11:00+05:30,8.7,8.7,8.6,8.6,2150,324650
2667,2022-07-12 12:12:00+05:30,8.6,8.6,8.6,8.6,0,324650
2668,2022-07-12 12:13:00+05:30,8.6,8.75,8.6,8.75,2150,322500
2669,2022-07-12 12:14:00+05:30,8.75,8.75,8.7,8.7,1075,321425
2670,2022-07-12 12:15:00+05:30,8.7,8.7,8.7,8.7,2150,321425
2671,2022-07-12 12:16:00+05:30,8.7,8.7,8.7,8.7,0,321425
2672,2022-07-12 12:17:00+05:30,8.7,8.7,8.65,8.65,1075,321425
2673,2022-07-12 12:18:00+05:30,8.65,8.65,8.65,8.65,0,321425
2674,2022-07-12 12:19:00+05:30,8.65,8.65,8.65,8.65,0,321425
2675,2022-07-12 12:20:00+05:30,8.65,8.65,8.3,8.3,1075,322500
2676,2022-07-12 12:21:00+05:30,8.3,8.3,8.3,8.3,0,322500
2677,2022-07-12 12:22:00+05:30,8.3,8.35,8.3,8.35,1075,323575
2678,2022-07-12 12:23:00+05:30,8.35,8.35,8.15,8.15,6450,324650
2679,2022-07-12 12:24:00+05:30,8.15,8.2,8.15,8.2,1075,324650
2680,2022-07-12 12:25:00+05:30,8.2,8.4,8.2,8.4,1075,324650
2681,2022-07-12 12:26:00+05:30,8.4,8.4,8.4,8.4,0,324650
2682,2022-07-12 12:27:00+05:30,8.4,8.5,8.4,8.5,0,324650
2683,2022-07-12 12:28:00+05:30,8.5,8.5,8.4,8.4,3225,324650
2684,2022-07-12 12:29:00+05:30,8.4,8.4,8.4,8.4,0,324650
2685,2022-07-12 12:30:00+05:30,8.4,8.4,8.15,8.25,3225,323575
2686,2022-07-12 12:31:00+05:30,8.25,8.45,8.25,8.45,5375,323575
2687,2022-07-12 12:32:00+05:30,8.45,8.6,8.45,8.6,5375,323575
2688,2022-07-12 12:33:00+05:30,8.6,8.6,8.6,8.6,0,323575
2689,2022-07-12 12:34:00+05:30,8.6,8.6,8.5,8.5,2150,324650
2690,2022-07-12 12:35:00+05:30,8.5,8.55,8.5,8.5,3225,323575
2691,2022-07-12 12:36:00+05:30,8.5,8.5,8.5,8.5,1075,323575
2692,2022-07-12 12:37:00+05:30,8.5,8.65,8.5,8.65,2150,323575
2693,2022-07-12 12:38:00+05:30,8.65,8.65,8.55,8.55,6450,323575
2694,2022-07-12 12:39:00+05:30,8.55,8.55,8.55,8.55,1075,325725
2695,2022-07-12 12:40:00+05:30,8.55,8.55,8.55,8.55,0,325725
2696,2022-07-12 12:41:00+05:30,8.55,8.55,8.55,8.55,1075,325725
2697,2022-07-12 12:42:00+05:30,8.55,8.55,8.5,8.5,1075,327875
2698,2022-07-12 12:43:00+05:30,8.5,8.5,8.3,8.3,2150,327875
2699,2022-07-12 12:44:00+05:30,8.3,8.6,8.3,8.6,1075,327875
2700,2022-07-12 12:45:00+05:30,8.6,8.6,8.35,8.35,4300,328950
2701,2022-07-12 12:46:00+05:30,8.35,8.5,8.35,8.4,2150,328950
2702,2022-07-12 12:47:00+05:30,8.4,8.5,8.4,8.5,3225,328950
2703,2022-07-12 12:48:00+05:30,8.5,8.5,8.5,8.5,2150,330025
2704,2022-07-12 12:49:00+05:30,8.5,8.5,8.45,8.45,1075,330025
2705,2022-07-12 12:50:00+05:30,8.45,8.45,8.45,8.45,2150,330025
2706,2022-07-12 12:51:00+05:30,8.45,8.45,8.45,8.45,0,330025
2707,2022-07-12 12:52:00+05:30,8.45,8.45,8.45,8.45,0,330025
2708,2022-07-12 12:53:00+05:30,8.45,8.45,8.1,8.1,2150,330025
2709,2022-07-12 12:54:00+05:30,8.1,8.1,8.1,8.1,0,330025
2710,2022-07-12 12:55:00+05:30,8.1,8.25,8.1,8.25,6450,328950
2711,2022-07-12 12:56:00+05:30,8.15,8.25,8.15,8.25,7525,328950
2712,2022-07-12 12:57:00+05:30,8.25,8.25,8.25,8.25,0,328950
2713,2022-07-12 12:58:00+05:30,8.25,8.25,8.2,8.2,2150,324650
2714,2022-07-12 12:59:00+05:30,8.15,8.15,8.1,8.1,2150,324650
2715,2022-07-12 13:00:00+05:30,8.1,8.1,8.0,8.0,12900,322500
2716,2022-07-12 13:01:00+05:30,7.9,7.95,7.8,7.95,15050,322500
2717,2022-07-12 13:02:00+05:30,7.95,7.95,7.85,7.85,4300,322500
2718,2022-07-12 13:03:00+05:30,7.85,7.85,7.8,7.85,5375,324650
2719,2022-07-12 13:04:00+05:30,7.85,7.85,7.55,7.65,9675,324650
2720,2022-07-12 13:05:00+05:30,7.65,7.75,7.65,7.75,2150,324650
2721,2022-07-12 13:06:00+05:30,7.75,7.75,7.65,7.75,4300,332175
2722,2022-07-12 13:07:00+05:30,7.75,7.9,7.75,7.9,3225,332175
2723,2022-07-12 13:08:00+05:30,7.85,7.85,7.8,7.8,6450,332175
2724,2022-07-12 13:09:00+05:30,7.8,7.8,7.8,7.8,0,332175
2725,2022-07-12 13:10:00+05:30,7.8,7.9,7.8,7.9,1075,336475
2726,2022-07-12 13:11:00+05:30,7.9,7.9,7.9,7.9,1075,336475
2727,2022-07-12 13:12:00+05:30,7.95,7.95,7.95,7.95,3225,335400
2728,2022-07-12 13:13:00+05:30,7.95,7.95,7.8,7.8,6450,335400
2729,2022-07-12 13:14:00+05:30,7.8,7.8,7.8,7.8,0,335400
2730,2022-07-12 13:15:00+05:30,7.8,8.1,7.8,7.95,5375,344000
2731,2022-07-12 13:16:00+05:30,7.95,8.15,7.95,8.05,2150,344000
2732,2022-07-12 13:17:00+05:30,8.05,8.15,8.05,8.15,9675,344000
2733,2022-07-12 13:18:00+05:30,8.15,8.15,8.1,8.1,2150,345075
2734,2022-07-12 13:19:00+05:30,8.1,8.15,8.1,8.15,1075,345075
2735,2022-07-12 13:20:00+05:30,8.15,8.15,8.15,8.15,0,345075
2736,2022-07-12 13:21:00+05:30,8.15,8.15,8.1,8.15,2150,345075
2737,2022-07-12 13:22:00+05:30,8.05,8.05,7.95,7.95,12900,345075
2738,2022-07-12 13:23:00+05:30,7.95,7.95,7.95,7.95,4300,345075
2739,2022-07-12 13:24:00+05:30,7.95,7.95,7.85,7.9,4300,344000
2740,2022-07-12 13:25:00+05:30,7.9,7.9,7.9,7.9,2150,344000
2741,2022-07-12 13:26:00+05:30,7.9,7.9,7.8,7.9,3225,344000
2742,2022-07-12 13:27:00+05:30,7.9,7.9,7.9,7.9,0,344000
2743,2022-07-12 13:28:00+05:30,7.9,7.9,7.9,7.9,0,344000
2744,2022-07-12 13:29:00+05:30,7.9,7.9,7.9,7.9,1075,342925
2745,2022-07-12 13:30:00+05:30,7.9,7.9,7.9,7.9,0,342925
2746,2022-07-12 13:31:00+05:30,7.9,7.9,7.9,7.9,0,342925
2747,2022-07-12 13:32:00+05:30,7.9,8.05,7.9,8.05,1075,342925
2748,2022-07-12 13:33:00+05:30,8.05,8.2,8.05,8.2,2150,341850
2749,2022-07-12 13:34:00+05:30,8.2,8.3,8.2,8.3,6450,341850
2750,2022-07-12 13:35:00+05:30,8.3,8.4,8.3,8.3,4300,341850
2751,2022-07-12 13:36:00+05:30,8.4,8.4,8.35,8.4,5375,336475
2752,2022-07-12 13:37:00+05:30,8.4,8.4,8.25,8.25,3225,336475
2753,2022-07-12 13:38:00+05:30,8.25,8.25,8.25,8.25,0,336475
2754,2022-07-12 13:39:00+05:30,8.25,8.25,8.25,8.25,0,336475
2755,2022-07-12 13:40:00+05:30,8.25,8.25,8.25,8.25,0,336475
2756,2022-07-12 13:41:00+05:30,8.25,8.25,8.25,8.25,0,336475
2757,2022-07-12 13:42:00+05:30,8.25,8.25,8.25,8.25,0,336475
2758,2022-07-12 13:43:00+05:30,8.25,8.4,8.25,8.4,2150,338625
2759,2022-07-12 13:44:00+05:30,8.4,8.45,8.35,8.35,2150,338625
2760,2022-07-12 13:45:00+05:30,8.35,8.4,8.15,8.15,5375,338625
2761,2022-07-12 13:46:00+05:30,8.15,8.15,8.15,8.15,0,338625
2762,2022-07-12 13:47:00+05:30,8.15,8.15,8.15,8.15,0,338625
2763,2022-07-12 13:48:00+05:30,8.15,8.25,8.15,8.25,1075,338625
2764,2022-07-12 13:49:00+05:30,8.25,8.4,8.25,8.4,1075,339700
2765,2022-07-12 13:50:00+05:30,8.4,8.4,8.4,8.4,0,339700
2766,2022-07-12 13:51:00+05:30,8.4,8.4,8.4,8.4,0,339700
2767,2022-07-12 13:52:00+05:30,8.4,8.4,8.4,8.4,0,339700
2768,2022-07-12 13:53:00+05:30,8.4,8.4,8.35,8.35,2150,339700
2769,2022-07-12 13:54:00+05:30,8.35,8.45,8.35,8.45,1075,339700
2770,2022-07-12 13:55:00+05:30,8.45,8.7,8.45,8.5,9675,339700
2771,2022-07-12 13:56:00+05:30,8.5,8.5,8.5,8.5,2150,339700
2772,2022-07-12 13:57:00+05:30,8.5,8.5,8.4,8.4,1075,337550
2773,2022-07-12 13:58:00+05:30,8.4,8.4,8.4,8.4,0,337550
2774,2022-07-12 13:59:00+05:30,8.4,8.4,8.2,8.35,3225,337550
2775,2022-07-12 14:00:00+05:30,8.35,8.35,8.25,8.25,2150,337550
2776,2022-07-12 14:01:00+05:30,8.25,8.45,8.25,8.45,0,334325
2777,2022-07-12 14:02:00+05:30,8.45,8.45,8.4,8.4,2150,334325
2778,2022-07-12 14:03:00+05:30,8.4,8.5,8.4,8.5,1075,334325
2779,2022-07-12 14:04:00+05:30,8.5,8.5,8.5,8.5,0,334325
2780,2022-07-12 14:05:00+05:30,8.5,8.5,8.5,8.5,0,334325
2781,2022-07-12 14:06:00+05:30,8.5,8.7,8.5,8.7,3225,333250
2782,2022-07-12 14:07:00+05:30,8.7,8.8,8.7,8.7,5375,333250
2783,2022-07-12 14:08:00+05:30,8.7,8.8,8.7,8.75,4300,333250
2784,2022-07-12 14:09:00+05:30,8.8,8.85,8.75,8.85,5375,334325
2785,2022-07-12 14:10:00+05:30,8.85,8.85,8.75,8.75,1075,334325
2786,2022-07-12 14:11:00+05:30,8.75,8.75,8.65,8.75,3225,334325
2787,2022-07-12 14:12:00+05:30,8.75,9.15,8.75,9.0,26875,334325
2788,2022-07-12 14:13:00+05:30,9.0,9.6,9.0,9.45,24725,334325
2789,2022-07-12 14:14:00+05:30,9.45,10.65,9.45,10.5,58050,334325
2790,2022-07-12 14:15:00+05:30,10.5,11.35,10.5,11.35,55900,323575
2791,2022-07-12 14:16:00+05:30,11.15,12.25,11.15,12.05,67725,323575
2792,2022-07-12 14:17:00+05:30,12.05,12.55,11.75,11.95,45150,323575
2793,2022-07-12 14:18:00+05:30,11.8,12.7,11.7,12.7,49450,344000
2794,2022-07-12 14:19:00+05:30,12.75,12.85,12.4,12.55,31175,344000
2795,2022-07-12 14:20:00+05:30,12.55,12.8,11.9,12.15,66650,344000
2796,2022-07-12 14:21:00+05:30,12.15,12.25,11.8,11.95,19350,348300
2797,2022-07-12 14:22:00+05:30,11.95,12.1,11.45,11.45,38700,348300
2798,2022-07-12 14:23:00+05:30,11.45,11.55,10.95,11.15,31175,348300
2799,2022-07-12 14:24:00+05:30,11.15,11.2,10.8,10.9,34400,363350
2800,2022-07-12 14:25:00+05:30,10.9,10.9,10.6,10.7,25800,363350
2801,2022-07-12 14:26:00+05:30,10.7,10.75,10.55,10.65,15050,363350
2802,2022-07-12 14:27:00+05:30,10.35,10.6,10.0,10.6,20425,347225
2803,2022-07-12 14:28:00+05:30,10.6,10.65,10.4,10.4,15050,347225
2804,2022-07-12 14:29:00+05:30,10.4,10.4,10.3,10.3,23650,347225
2805,2022-07-12 14:30:00+05:30,10.3,10.65,10.3,10.65,3225,356900
2806,2022-07-12 14:31:00+05:30,10.65,11.1,10.65,10.85,13975,356900
2807,2022-07-12 14:32:00+05:30,10.9,11.1,10.7,11.0,12900,356900
2808,2022-07-12 14:33:00+05:30,10.9,10.9,10.8,10.85,15050,364425
2809,2022-07-12 14:34:00+05:30,10.85,10.9,10.85,10.85,2150,364425
2810,2022-07-12 14:35:00+05:30,10.7,10.9,10.7,10.9,13975,364425
2811,2022-07-12 14:36:00+05:30,10.95,10.95,10.75,10.75,4300,368725
2812,2022-07-12 14:37:00+05:30,10.7,10.7,10.5,10.55,7525,368725
2813,2022-07-12 14:38:00+05:30,10.5,10.6,10.35,10.35,8600,368725
2814,2022-07-12 14:39:00+05:30,10.35,10.35,9.95,10.35,11825,369800
2815,2022-07-12 14:40:00+05:30,10.35,10.65,10.15,10.65,6450,369800
2816,2022-07-12 14:41:00+05:30,10.6,10.6,10.3,10.3,8600,369800
2817,2022-07-12 14:42:00+05:30,10.3,10.3,10.15,10.2,4300,378400
2818,2022-07-12 14:43:00+05:30,10.35,10.4,10.3,10.3,5375,378400
2819,2022-07-12 14:44:00+05:30,10.3,10.3,10.3,10.3,0,378400
2820,2022-07-12 14:45:00+05:30,10.3,10.6,10.3,10.55,20425,381625
2821,2022-07-12 14:46:00+05:30,10.75,10.75,10.45,10.45,8600,381625
2822,2022-07-12 14:47:00+05:30,10.45,10.45,10.45,10.45,0,381625
2823,2022-07-12 14:48:00+05:30,10.3,10.3,10.0,10.0,6450,369800
2824,2022-07-12 14:49:00+05:30,10.0,10.0,9.8,9.8,11825,369800
2825,2022-07-12 14:50:00+05:30,9.8,10.05,9.8,10.05,2150,369800
2826,2022-07-12 14:51:00+05:30,10.0,10.05,9.55,9.85,12900,369800
2827,2022-07-12 14:52:00+05:30,9.75,9.75,9.5,9.55,39775,369800
2828,2022-07-12 14:53:00+05:30,9.65,9.7,9.55,9.55,8600,369800
2829,2022-07-12 14:54:00+05:30,9.55,9.65,9.55,9.6,3225,356900
2830,2022-07-12 14:55:00+05:30,9.6,9.65,9.35,9.35,7525,356900
2831,2022-07-12 14:56:00+05:30,9.35,9.35,9.3,9.3,8600,356900
2832,2022-07-12 14:57:00+05:30,9.3,9.3,9.3,9.3,0,356900
2833,2022-07-12 14:58:00+05:30,9.3,9.3,9.15,9.15,15050,349375
2834,2022-07-12 14:59:00+05:30,9.15,9.15,8.9,8.9,6450,349375
2835,2022-07-12 15:00:00+05:30,8.95,8.95,8.7,8.8,9675,342925
2836,2022-07-12 15:01:00+05:30,8.8,8.9,8.7,8.9,6450,342925
2837,2022-07-12 15:02:00+05:30,8.9,9.2,8.9,9.15,7525,342925
2838,2022-07-12 15:03:00+05:30,9.0,9.3,9.0,9.3,7525,346150
2839,2022-07-12 15:04:00+05:30,9.3,9.5,9.3,9.5,8600,346150
2840,2022-07-12 15:05:00+05:30,9.5,9.55,9.4,9.4,18275,346150
2841,2022-07-12 15:06:00+05:30,9.45,9.45,9.2,9.2,9675,336475
2842,2022-07-12 15:07:00+05:30,9.2,9.2,9.2,9.2,0,336475
2843,2022-07-12 15:08:00+05:30,9.2,9.25,9.05,9.2,7525,336475
2844,2022-07-12 15:09:00+05:30,9.2,9.2,9.2,9.2,0,336475
2845,2022-07-12 15:10:00+05:30,9.2,9.25,9.1,9.25,5375,336475
2846,2022-07-12 15:11:00+05:30,9.25,9.25,9.25,9.25,2150,336475
2847,2022-07-12 15:12:00+05:30,9.25,9.25,9.1,9.2,2150,336475
2848,2022-07-12 15:13:00+05:30,9.2,9.2,9.05,9.1,4300,336475
2849,2022-07-12 15:14:00+05:30,9.1,9.1,8.95,9.0,6450,336475
2850,2022-07-12 15:15:00+05:30,9.0,9.1,8.95,8.95,6450,336475
2851,2022-07-12 15:16:00+05:30,8.95,8.95,8.9,8.95,3225,336475
2852,2022-07-12 15:17:00+05:30,8.95,8.95,8.8,8.8,4300,336475
2853,2022-07-12 15:18:00+05:30,8.8,8.8,8.8,8.8,2150,336475
2854,2022-07-12 15:19:00+05:30,8.65,8.65,8.6,8.65,2150,334325
2855,2022-07-12 15:20:00+05:30,8.55,8.65,8.5,8.5,8600,334325
2856,2022-07-12 15:21:00+05:30,8.6,8.65,8.6,8.65,4300,333250
2857,2022-07-12 15:22:00+05:30,8.65,8.65,8.55,8.55,1075,333250
2858,2022-07-12 15:23:00+05:30,8.55,8.7,8.55,8.7,0,333250
2859,2022-07-12 15:24:00+05:30,8.7,8.9,8.6,8.9,7525,335400
2860,2022-07-12 15:25:00+05:30,8.9,8.9,8.8,8.9,6450,335400
2861,2022-07-12 15:26:00+05:30,8.9,8.9,8.8,8.8,2150,335400
2862,2022-07-12 15:27:00+05:30,8.8,8.9,8.8,8.9,5375,337550
2863,2022-07-12 15:28:00+05:30,8.9,9.1,8.9,9.1,7525,337550
2864,2022-07-12 15:29:00+05:30,9.1,9.1,8.9,9.0,6450,337550
2865,2022-07-13 09:15:00+05:30,9.35,9.6,9.35,9.55,4300,333250
2866,2022-07-13 09:16:00+05:30,9.65,9.65,9.15,9.15,12900,333250
2867,2022-07-13 09:17:00+05:30,9.05,9.05,8.7,8.75,4300,340775
2868,2022-07-13 09:18:00+05:30,8.75,8.75,8.7,8.7,17200,340775
2869,2022-07-13 09:19:00+05:30,8.7,9.0,8.7,9.0,4300,340775
2870,2022-07-13 09:20:00+05:30,9.0,9.25,8.8,9.25,13975,347225
2871,2022-07-13 09:21:00+05:30,9.2,9.3,9.05,9.05,18275,347225
2872,2022-07-13 09:22:00+05:30,9.05,9.15,9.0,9.0,2150,347225
2873,2022-07-13 09:23:00+05:30,8.95,9.5,8.95,9.2,29025,331100
2874,2022-07-13 09:24:00+05:30,9.2,9.4,9.2,9.4,1075,331100
2875,2022-07-13 09:25:00+05:30,9.4,9.45,9.25,9.4,3225,331100
2876,2022-07-13 09:26:00+05:30,9.4,9.6,9.4,9.45,6450,333250
2877,2022-07-13 09:27:00+05:30,9.55,9.65,9.55,9.6,5375,333250
2878,2022-07-13 09:28:00+05:30,9.5,9.55,9.5,9.55,2150,333250
2879,2022-07-13 09:29:00+05:30,9.55,9.55,9.2,9.35,7525,341850
2880,2022-07-13 09:30:00+05:30,9.35,9.4,9.35,9.4,3225,341850
2881,2022-07-13 09:31:00+05:30,9.4,9.4,9.0,9.0,5375,341850
2882,2022-07-13 09:32:00+05:30,9.0,9.0,8.85,8.85,0,337550
2883,2022-07-13 09:33:00+05:30,8.85,8.85,8.85,8.85,6450,337550
2884,2022-07-13 09:34:00+05:30,8.85,8.85,8.85,8.85,1075,337550
2885,2022-07-13 09:35:00+05:30,8.85,9.0,8.85,9.0,5375,339700
2886,2022-07-13 09:36:00+05:30,9.0,9.25,9.0,9.1,5375,339700
2887,2022-07-13 09:37:00+05:30,9.1,9.25,9.1,9.25,2150,339700
2888,2022-07-13 09:38:00+05:30,9.25,9.25,9.25,9.25,7525,339700
2889,2022-07-13 09:39:00+05:30,9.35,9.35,9.25,9.25,3225,339700
2890,2022-07-13 09:40:00+05:30,9.25,9.25,9.0,9.0,1075,339700
2891,2022-07-13 09:41:00+05:30,8.8,9.05,8.8,9.0,11825,350450
2892,2022-07-13 09:42:00+05:30,8.9,9.05,8.9,9.05,2150,350450
2893,2022-07-13 09:43:00+05:30,8.9,9.05,8.9,9.0,3225,350450
2894,2022-07-13 09:44:00+05:30,9.0,9.1,9.0,9.1,2150,353675
2895,2022-07-13 09:45:00+05:30,9.1,9.1,9.0,9.0,1075,353675
2896,2022-07-13 09:46:00+05:30,8.95,9.05,8.95,9.05,2150,353675
2897,2022-07-13 09:47:00+05:30,9.05,9.05,9.05,9.05,0,353675
2898,2022-07-13 09:48:00+05:30,9.05,9.05,9.0,9.0,2150,351525
2899,2022-07-13 09:49:00+05:30,9.0,9.0,9.0,9.0,7525,351525
2900,2022-07-13 09:50:00+05:30,9.0,9.0,8.9,8.9,2150,357975
2901,2022-07-13 09:51:00+05:30,8.9,8.9,8.85,8.85,0,357975
2902,2022-07-13 09:52:00+05:30,8.85,8.85,8.85,8.85,1075,357975
2903,2022-07-13 09:53:00+05:30,8.85,8.85,8.85,8.85,1075,357975
2904,2022-07-13 09:54:00+05:30,8.85,8.85,8.7,8.7,11825,359050
2905,2022-07-13 09:55:00+05:30,8.7,8.75,8.7,8.75,3225,359050
2906,2022-07-13 09:56:00+05:30,8.75,8.75,8.7,8.75,9675,368725
2907,2022-07-13 09:57:00+05:30,8.7,8.75,8.7,8.75,3225,368725
2908,2022-07-13 09:58:00+05:30,8.75,8.75,8.75,8.75,0,368725
2909,2022-07-13 09:59:00+05:30,8.75,8.9,8.75,8.9,1075,366575
2910,2022-07-13 10:00:00+05:30,8.9,8.9,8.9,8.9,0,366575
2911,2022-07-13 10:01:00+05:30,8.9,9.1,8.9,9.1,2150,366575
2912,2022-07-13 10:02:00+05:30,9.2,9.3,9.2,9.3,2150,365500
2913,2022-07-13 10:03:00+05:30,9.4,9.45,9.3,9.3,10750,365500
2914,2022-07-13 10:04:00+05:30,9.3,9.7,9.3,9.7,6450,365500
2915,2022-07-13 10:05:00+05:30,9.7,9.7,9.5,9.5,4300,373025
2916,2022-07-13 10:06:00+05:30,9.5,9.5,9.4,9.4,1075,373025
2917,2022-07-13 10:07:00+05:30,9.4,9.4,9.35,9.4,3225,373025
2918,2022-07-13 10:08:00+05:30,9.4,9.4,9.4,9.4,0,373025
2919,2022-07-13 10:09:00+05:30,9.4,9.4,9.4,9.4,0,373025
2920,2022-07-13 10:10:00+05:30,9.4,9.4,9.4,9.4,0,373025
2921,2022-07-13 10:11:00+05:30,9.3,9.3,9.3,9.3,3225,373025
2922,2022-07-13 10:12:00+05:30,9.25,9.3,9.25,9.3,2150,373025
2923,2022-07-13 10:13:00+05:30,9.3,9.3,9.3,9.3,0,373025
2924,2022-07-13 10:14:00+05:30,9.4,9.4,9.4,9.4,2150,371950
2925,2022-07-13 10:15:00+05:30,9.4,9.4,9.4,9.4,0,371950
2926,2022-07-13 10:16:00+05:30,9.4,9.4,9.15,9.15,3225,371950
2927,2022-07-13 10:17:00+05:30,9.15,9.15,9.05,9.05,4300,371950
2928,2022-07-13 10:18:00+05:30,9.05,9.1,9.0,9.1,8600,373025
2929,2022-07-13 10:19:00+05:30,9.1,9.1,9.1,9.1,1075,373025
2930,2022-07-13 10:20:00+05:30,9.1,9.1,8.95,8.95,2150,364425
2931,2022-07-13 10:21:00+05:30,8.95,9.0,8.95,9.0,2150,364425
2932,2022-07-13 10:22:00+05:30,9.0,9.0,8.85,8.85,2150,364425
2933,2022-07-13 10:23:00+05:30,8.85,8.85,8.85,8.85,0,364425
2934,2022-07-13 10:24:00+05:30,8.85,8.9,8.75,8.75,6450,364425
2935,2022-07-13 10:25:00+05:30,8.65,8.8,8.65,8.8,6450,364425
2936,2022-07-13 10:26:00+05:30,8.8,8.8,8.75,8.75,1075,366575
2937,2022-07-13 10:27:00+05:30,8.75,8.75,8.4,8.4,15050,366575
2938,2022-07-13 10:28:00+05:30,8.4,8.4,8.25,8.3,7525,366575
2939,2022-07-13 10:29:00+05:30,8.05,8.45,8.05,8.4,5375,364425
2940,2022-07-13 10:30:00+05:30,8.4,8.4,8.2,8.2,6450,364425
2941,2022-07-13 10:31:00+05:30,8.2,8.2,8.15,8.2,2150,364425
2942,2022-07-13 10:32:00+05:30,8.2,8.2,8.1,8.1,2150,364425
2943,2022-07-13 10:33:00+05:30,8.1,8.1,8.1,8.1,6450,362275
2944,2022-07-13 10:34:00+05:30,8.1,8.2,8.1,8.2,0,362275
2945,2022-07-13 10:35:00+05:30,8.15,8.15,8.1,8.1,5375,355825
2946,2022-07-13 10:36:00+05:30,7.95,7.95,7.9,7.9,7525,355825
2947,2022-07-13 10:37:00+05:30,7.9,8.0,7.9,7.95,2150,355825
2948,2022-07-13 10:38:00+05:30,7.95,7.95,7.95,7.95,0,355825
2949,2022-07-13 10:39:00+05:30,7.95,7.95,7.9,7.9,3225,356900
2950,2022-07-13 10:40:00+05:30,7.9,8.1,7.9,8.1,1075,356900
2951,2022-07-13 10:41:00+05:30,8.1,8.1,8.1,8.1,1075,356900
2952,2022-07-13 10:42:00+05:30,8.1,8.25,8.1,8.25,2150,353675
2953,2022-07-13 10:43:00+05:30,8.25,8.25,8.1,8.1,6450,353675
2954,2022-07-13 10:44:00+05:30,8.1,8.2,8.1,8.2,1075,353675
2955,2022-07-13 10:45:00+05:30,8.2,8.2,8.2,8.2,0,353675
2956,2022-07-13 10:46:00+05:30,8.2,8.55,8.2,8.55,2150,359050
2957,2022-07-13 10:47:00+05:30,8.55,8.6,8.5,8.5,2150,357975
2958,2022-07-13 10:48:00+05:30,8.5,8.5,8.35,8.35,6450,357975
2959,2022-07-13 10:49:00+05:30,8.35,8.35,8.25,8.25,1075,357975
2960,2022-07-13 10:50:00+05:30,8.25,8.25,8.25,8.25,0,357975
2961,2022-07-13 10:51:00+05:30,8.25,8.25,8.0,8.0,2150,357975
2962,2022-07-13 10:52:00+05:30,8.0,8.1,8.0,8.1,1075,357975
2963,2022-07-13 10:53:00+05:30,8.15,8.15,8.15,8.15,2150,357975
2964,2022-07-13 10:54:00+05:30,8.25,8.3,8.25,8.3,3225,354750
2965,2022-07-13 10:55:00+05:30,8.3,8.35,8.3,8.35,2150,354750
2966,2022-07-13 10:56:00+05:30,8.35,8.4,8.35,8.4,2150,354750
2967,2022-07-13 10:57:00+05:30,8.4,8.6,8.4,8.6,2150,352600
2968,2022-07-13 10:58:00+05:30,8.6,8.6,8.45,8.45,2150,352600
2969,2022-07-13 10:59:00+05:30,8.45,8.6,8.45,8.6,2150,352600
2970,2022-07-13 11:00:00+05:30,8.5,8.5,8.5,8.5,1075,352600
2971,2022-07-13 11:01:00+05:30,8.4,8.4,8.2,8.2,4300,352600
2972,2022-07-13 11:02:00+05:30,8.2,8.25,8.2,8.25,0,355825
2973,2022-07-13 11:03:00+05:30,8.25,8.25,8.25,8.25,2150,355825
2974,2022-07-13 11:04:00+05:30,8.25,8.3,8.25,8.3,1075,355825
2975,2022-07-13 11:05:00+05:30,8.3,8.3,8.15,8.15,2150,355825
2976,2022-07-13 11:06:00+05:30,8.15,8.15,8.15,8.15,0,355825
2977,2022-07-13 11:07:00+05:30,8.15,8.25,8.15,8.15,2150,354750
2978,2022-07-13 11:08:00+05:30,8.15,8.15,8.15,8.15,1075,354750
2979,2022-07-13 11:09:00+05:30,8.15,8.15,8.05,8.05,1075,355825
2980,2022-07-13 11:10:00+05:30,8.05,8.1,8.05,8.1,6450,355825
2981,2022-07-13 11:11:00+05:30,8.1,8.25,8.1,8.25,1075,355825
2982,2022-07-13 11:12:00+05:30,8.25,8.25,8.25,8.25,0,355825
2983,2022-07-13 11:13:00+05:30,8.25,8.25,8.25,8.25,0,355825
2984,2022-07-13 11:14:00+05:30,8.25,8.25,8.25,8.25,0,355825
2985,2022-07-13 11:15:00+05:30,8.35,8.35,8.35,8.35,1075,356900
2986,2022-07-13 11:16:00+05:30,8.35,8.4,8.35,8.4,1075,356900
2987,2022-07-13 11:17:00+05:30,8.4,8.4,8.4,8.4,2150,356900
2988,2022-07-13 11:18:00+05:30,8.35,8.35,8.35,8.35,1075,355825
2989,2022-07-13 11:19:00+05:30,8.35,8.35,8.35,8.35,0,355825
2990,2022-07-13 11:20:00+05:30,8.35,8.35,8.35,8.35,0,355825
2991,2022-07-13 11:21:00+05:30,8.35,8.35,8.35,8.35,0,355825
2992,2022-07-13 11:22:00+05:30,8.35,8.45,8.35,8.45,2150,354750
2993,2022-07-13 11:23:00+05:30,8.45,8.45,8.45,8.45,0,354750
2994,2022-07-13 11:24:00+05:30,8.45,8.5,8.45,8.5,1075,356900
2995,2022-07-13 11:25:00+05:30,8.5,8.75,8.5,8.75,2150,356900
2996,2022-07-13 11:26:00+05:30,8.75,9.05,8.75,9.05,6450,361200
2997,2022-07-13 11:27:00+05:30,9.05,9.1,8.85,8.85,15050,361200
2998,2022-07-13 11:28:00+05:30,8.85,8.9,8.75,8.9,3225,361200
2999,2022-07-13 11:29:00+05:30,8.9,8.9,8.9,8.9,3225,361200
3000,2022-07-13 11:30:00+05:30,8.9,8.9,8.65,8.65,2150,360125
3001,2022-07-13 11:31:00+05:30,8.65,8.65,8.65,8.65,4300,360125
3002,2022-07-13 11:32:00+05:30,8.65,8.65,8.65,8.65,0,360125
3003,2022-07-13 11:33:00+05:30,8.65,8.65,8.65,8.65,0,360125
3004,2022-07-13 11:34:00+05:30,8.65,8.9,8.65,8.9,0,359050
3005,2022-07-13 11:35:00+05:30,8.9,8.9,8.9,8.9,1075,359050
3006,2022-07-13 11:36:00+05:30,8.9,8.9,8.9,8.9,0,359050
3007,2022-07-13 11:37:00+05:30,8.9,8.9,8.7,8.7,3225,359050
3008,2022-07-13 11:38:00+05:30,8.7,8.7,8.6,8.6,2150,359050
3009,2022-07-13 11:39:00+05:30,8.6,8.6,8.6,8.6,0,359050
3010,2022-07-13 11:40:00+05:30,8.6,8.65,8.6,8.65,1075,360125
3011,2022-07-13 11:41:00+05:30,8.65,8.75,8.65,8.75,1075,360125
3012,2022-07-13 11:42:00+05:30,8.75,8.75,8.75,8.75,0,360125
3013,2022-07-13 11:43:00+05:30,8.75,8.75,8.35,8.35,3225,361200
3014,2022-07-13 11:44:00+05:30,8.35,8.35,8.3,8.35,4300,361200
3015,2022-07-13 11:45:00+05:30,8.35,8.35,8.3,8.3,2150,357975
3016,2022-07-13 11:46:00+05:30,8.3,8.3,8.3,8.3,0,357975
3017,2022-07-13 11:47:00+05:30,8.3,8.5,8.3,8.5,2150,357975
3018,2022-07-13 11:48:00+05:30,8.5,8.5,8.5,8.5,2150,356900
3019,2022-07-13 11:49:00+05:30,8.5,8.6,8.5,8.6,1075,356900
3020,2022-07-13 11:50:00+05:30,8.6,8.6,8.6,8.6,2150,356900
3021,2022-07-13 11:51:00+05:30,8.6,8.7,8.6,8.7,1075,357975
3022,2022-07-13 11:52:00+05:30,8.7,8.7,8.7,8.7,0,357975
3023,2022-07-13 11:53:00+05:30,8.7,8.7,8.6,8.6,1075,357975
3024,2022-07-13 11:54:00+05:30,8.6,8.6,8.6,8.6,1075,357975
3025,2022-07-13 11:55:00+05:30,8.6,8.6,8.6,8.6,0,357975
3026,2022-07-13 11:56:00+05:30,8.6,8.6,8.6,8.6,3225,357975
3027,2022-07-13 11:57:00+05:30,8.6,8.6,8.6,8.6,3225,356900
3028,2022-07-13 11:58:00+05:30,8.6,8.6,8.55,8.55,1075,356900
3029,2022-07-13 11:59:00+05:30,8.6,8.7,8.6,8.7,2150,356900
3030,2022-07-13 12:00:00+05:30,8.7,8.75,8.7,8.75,1075,352600
3031,2022-07-13 12:01:00+05:30,8.75,8.75,8.75,8.75,0,352600
3032,2022-07-13 12:02:00+05:30,8.75,8.75,8.75,8.75,0,352600
3033,2022-07-13 12:03:00+05:30,8.75,8.75,8.75,8.75,0,352600
3034,2022-07-13 12:04:00+05:30,8.75,8.75,8.75,8.75,0,352600
3035,2022-07-13 12:05:00+05:30,8.75,8.75,8.75,8.75,0,352600
3036,2022-07-13 12:06:00+05:30,8.75,8.95,8.75,8.95,3225,352600
3037,2022-07-13 12:07:00+05:30,8.95,8.95,8.9,8.9,1075,352600
3038,2022-07-13 12:08:00+05:30,8.9,9.1,8.9,9.1,1075,352600
3039,2022-07-13 12:09:00+05:30,9.1,9.25,9.1,9.15,3225,350450
3040,2022-07-13 12:10:00+05:30,9.15,9.3,9.15,9.3,8600,350450
3041,2022-07-13 12:11:00+05:30,9.3,9.5,9.3,9.5,3225,350450
3042,2022-07-13 12:12:00+05:30,9.5,9.9,9.5,9.9,23650,348300
3043,2022-07-13 12:13:00+05:30,9.9,10.0,9.7,9.75,8600,348300
3044,2022-07-13 12:14:00+05:30,9.75,9.8,9.75,9.8,8600,348300
3045,2022-07-13 12:15:00+05:30,9.8,9.8,9.5,9.8,10750,349375
3046,2022-07-13 12:16:00+05:30,9.8,10.05,9.8,10.0,18275,349375
3047,2022-07-13 12:17:00+05:30,10.0,10.2,10.0,10.05,6450,349375
3048,2022-07-13 12:18:00+05:30,10.05,10.05,9.95,10.0,11825,346150
3049,2022-07-13 12:19:00+05:30,10.0,10.0,9.7,9.7,16125,346150
3050,2022-07-13 12:20:00+05:30,9.8,10.05,9.75,10.0,8600,346150
3051,2022-07-13 12:21:00+05:30,10.0,10.0,9.85,9.95,6450,347225
3052,2022-07-13 12:22:00+05:30,9.95,9.95,9.7,9.75,8600,347225
3053,2022-07-13 12:23:00+05:30,9.75,9.75,9.7,9.75,2150,347225
3054,2022-07-13 12:24:00+05:30,9.75,9.75,9.3,9.45,9675,339700
3055,2022-07-13 12:25:00+05:30,9.45,9.45,9.2,9.2,2150,339700
3056,2022-07-13 12:26:00+05:30,9.2,9.3,9.15,9.25,27950,339700
3057,2022-07-13 12:27:00+05:30,9.25,9.65,9.25,9.6,3225,332175
3058,2022-07-13 12:28:00+05:30,9.65,9.75,9.55,9.55,8600,332175
3059,2022-07-13 12:29:00+05:30,9.4,9.4,9.25,9.3,19350,332175
3060,2022-07-13 12:30:00+05:30,9.3,9.55,9.3,9.55,11825,335400
3061,2022-07-13 12:31:00+05:30,9.55,9.55,9.55,9.55,0,335400
3062,2022-07-13 12:32:00+05:30,9.55,9.55,9.35,9.35,1075,335400
3063,2022-07-13 12:33:00+05:30,9.35,9.35,9.05,9.05,4300,337550
3064,2022-07-13 12:34:00+05:30,9.05,9.4,9.05,9.4,2150,337550
3065,2022-07-13 12:35:00+05:30,9.4,9.4,9.35,9.35,2150,337550
3066,2022-07-13 12:36:00+05:30,9.35,9.35,9.2,9.2,9675,336475
3067,2022-07-13 12:37:00+05:30,9.2,9.2,9.0,9.2,9675,336475
3068,2022-07-13 12:38:00+05:30,9.15,9.15,9.15,9.15,1075,336475
3069,2022-07-13 12:39:00+05:30,9.15,9.15,9.0,9.0,1075,336475
3070,2022-07-13 12:40:00+05:30,8.9,9.05,8.85,9.05,4300,330025
3071,2022-07-13 12:41:00+05:30,9.05,9.05,9.05,9.05,1075,330025
3072,2022-07-13 12:42:00+05:30,8.95,9.0,8.9,9.0,6450,333250
3073,2022-07-13 12:43:00+05:30,9.0,9.0,8.9,8.9,1075,333250
3074,2022-07-13 12:44:00+05:30,8.9,8.9,8.9,8.9,0,333250
3075,2022-07-13 12:45:00+05:30,8.75,8.8,8.75,8.75,4300,328950
3076,2022-07-13 12:46:00+05:30,8.7,9.0,8.6,9.0,12900,328950
3077,2022-07-13 12:47:00+05:30,9.0,9.0,9.0,9.0,0,328950
3078,2022-07-13 12:48:00+05:30,9.1,9.1,9.0,9.0,5375,331100
3079,2022-07-13 12:49:00+05:30,9.0,9.0,9.0,9.0,3225,331100
3080,2022-07-13 12:50:00+05:30,9.0,9.0,8.85,8.85,2150,331100
3081,2022-07-13 12:51:00+05:30,8.85,8.85,8.85,8.85,0,331100
3082,2022-07-13 12:52:00+05:30,8.85,8.85,8.85,8.85,0,331100
3083,2022-07-13 12:53:00+05:30,8.85,8.9,8.85,8.9,1075,331100
3084,2022-07-13 12:54:00+05:30,8.9,8.9,8.9,8.9,0,331100
3085,2022-07-13 12:55:00+05:30,8.9,8.9,8.9,8.9,3225,332175
3086,2022-07-13 12:56:00+05:30,8.75,8.75,8.7,8.7,2150,332175
3087,2022-07-13 12:57:00+05:30,8.7,8.7,8.5,8.5,2150,337550
3088,2022-07-13 12:58:00+05:30,8.5,8.6,8.45,8.6,6450,337550
3089,2022-07-13 12:59:00+05:30,8.6,8.8,8.6,8.7,3225,337550
3090,2022-07-13 13:00:00+05:30,8.7,8.7,8.7,8.7,2150,334325
3091,2022-07-13 13:01:00+05:30,8.7,8.9,8.7,8.9,3225,334325
3092,2022-07-13 13:02:00+05:30,8.9,8.95,8.9,8.95,2150,334325
3093,2022-07-13 13:03:00+05:30,8.95,8.95,8.95,8.95,0,334325
3094,2022-07-13 13:04:00+05:30,8.95,8.95,8.95,8.95,1075,335400
3095,2022-07-13 13:05:00+05:30,8.85,8.9,8.85,8.9,2150,335400
3096,2022-07-13 13:06:00+05:30,8.9,8.9,8.7,8.7,2150,335400
3097,2022-07-13 13:07:00+05:30,8.7,8.7,8.7,8.7,0,335400
3098,2022-07-13 13:08:00+05:30,8.7,8.7,8.7,8.7,1075,335400
3099,2022-07-13 13:09:00+05:30,8.7,8.7,8.7,8.7,2150,335400
3100,2022-07-13 13:10:00+05:30,8.7,8.7,8.7,8.7,0,336475
3101,2022-07-13 13:11:00+05:30,8.7,8.7,8.7,8.7,1075,336475
3102,2022-07-13 13:12:00+05:30,8.6,8.6,8.25,8.4,9675,339700
3103,2022-07-13 13:13:00+05:30,8.45,8.65,8.45,8.65,5375,339700
3104,2022-07-13 13:14:00+05:30,8.65,8.7,8.65,8.7,4300,339700
3105,2022-07-13 13:15:00+05:30,8.8,8.95,8.8,8.95,6450,334325
3106,2022-07-13 13:16:00+05:30,8.95,8.95,8.8,8.8,1075,334325
3107,2022-07-13 13:17:00+05:30,8.8,8.8,8.8,8.8,0,334325
3108,2022-07-13 13:18:00+05:30,8.8,8.9,8.8,8.9,1075,333250
3109,2022-07-13 13:19:00+05:30,8.9,8.9,8.8,8.8,3225,333250
3110,2022-07-13 13:20:00+05:30,8.8,8.8,8.6,8.6,4300,333250
3111,2022-07-13 13:21:00+05:30,8.6,8.6,8.6,8.6,2150,333250
3112,2022-07-13 13:22:00+05:30,8.6,8.85,8.6,8.75,1075,334325
3113,2022-07-13 13:23:00+05:30,8.75,8.75,8.75,8.75,1075,334325
3114,2022-07-13 13:24:00+05:30,8.75,8.75,8.75,8.75,0,334325
3115,2022-07-13 13:25:00+05:30,8.75,8.75,8.75,8.75,0,334325
3116,2022-07-13 13:26:00+05:30,8.75,8.75,8.75,8.75,0,334325
3117,2022-07-13 13:27:00+05:30,8.75,8.75,8.75,8.75,0,334325
3118,2022-07-13 13:28:00+05:30,8.75,8.75,8.75,8.75,0,334325
3119,2022-07-13 13:29:00+05:30,8.75,8.75,8.65,8.7,1075,335400
3120,2022-07-13 13:30:00+05:30,8.7,8.7,8.7,8.7,2150,335400
3121,2022-07-13 13:31:00+05:30,8.7,8.7,8.7,8.7,0,335400
3122,2022-07-13 13:32:00+05:30,8.7,8.7,8.55,8.55,3225,336475
3123,2022-07-13 13:33:00+05:30,8.55,8.65,8.55,8.65,3225,336475
3124,2022-07-13 13:34:00+05:30,8.65,8.65,8.65,8.65,1075,336475
3125,2022-07-13 13:35:00+05:30,8.65,8.65,8.65,8.65,0,336475
3126,2022-07-13 13:36:00+05:30,8.65,8.65,8.65,8.65,0,336475
3127,2022-07-13 13:37:00+05:30,8.65,9.05,8.65,9.05,7525,334325
3128,2022-07-13 13:38:00+05:30,9.05,9.05,8.8,8.8,11825,334325
3129,2022-07-13 13:39:00+05:30,8.8,8.8,8.8,8.8,1075,344000
3130,2022-07-13 13:40:00+05:30,8.8,8.8,8.8,8.8,0,344000
3131,2022-07-13 13:41:00+05:30,8.8,8.8,8.8,8.8,0,344000
3132,2022-07-13 13:42:00+05:30,8.8,8.8,8.8,8.8,0,344000
3133,2022-07-13 13:43:00+05:30,8.8,8.8,8.6,8.6,1075,344000
3134,2022-07-13 13:44:00+05:30,8.6,8.6,8.6,8.6,0,344000
3135,2022-07-13 13:45:00+05:30,8.6,8.6,8.6,8.6,0,344000
3136,2022-07-13 13:46:00+05:30,8.6,8.6,8.6,8.6,0,344000
3137,2022-07-13 13:47:00+05:30,8.7,8.7,8.7,8.7,1075,345075
3138,2022-07-13 13:48:00+05:30,8.7,8.7,8.7,8.7,0,345075
3139,2022-07-13 13:49:00+05:30,8.7,8.95,8.7,8.95,2150,344000
3140,2022-07-13 13:50:00+05:30,8.95,9.05,8.95,8.95,9675,344000
3141,2022-07-13 13:51:00+05:30,8.95,8.95,8.95,8.95,1075,344000
3142,2022-07-13 13:52:00+05:30,8.95,8.95,8.95,8.95,0,344000
3143,2022-07-13 13:53:00+05:30,8.95,8.95,8.95,8.95,0,344000
3144,2022-07-13 13:54:00+05:30,8.95,8.95,8.75,8.75,1075,346150
3145,2022-07-13 13:55:00+05:30,8.75,8.8,8.75,8.8,1075,346150
3146,2022-07-13 13:56:00+05:30,8.8,8.85,8.8,8.85,1075,346150
3147,2022-07-13 13:57:00+05:30,8.85,8.85,8.75,8.75,1075,346150
3148,2022-07-13 13:58:00+05:30,8.75,8.75,8.75,8.75,0,346150
3149,2022-07-13 13:59:00+05:30,8.75,8.75,8.75,8.75,0,346150
3150,2022-07-13 14:00:00+05:30,8.75,8.75,8.7,8.7,2150,347225
3151,2022-07-13 14:01:00+05:30,8.7,8.95,8.7,8.95,1075,347225
3152,2022-07-13 14:02:00+05:30,9.1,9.3,9.1,9.3,5375,347225
3153,2022-07-13 14:03:00+05:30,9.3,9.4,9.3,9.4,3225,349375
3154,2022-07-13 14:04:00+05:30,9.4,9.55,9.35,9.55,5375,349375
3155,2022-07-13 14:05:00+05:30,9.7,9.9,9.7,9.8,12900,349375
3156,2022-07-13 14:06:00+05:30,9.5,9.75,9.45,9.75,8600,349375
3157,2022-07-13 14:07:00+05:30,9.75,9.8,9.75,9.8,4300,349375
3158,2022-07-13 14:08:00+05:30,9.8,9.8,9.5,9.5,4300,349375
3159,2022-07-13 14:09:00+05:30,9.35,9.35,9.25,9.25,3225,344000
3160,2022-07-13 14:10:00+05:30,9.15,9.2,9.15,9.2,4300,344000
3161,2022-07-13 14:11:00+05:30,9.25,9.3,9.25,9.3,5375,344000
3162,2022-07-13 14:12:00+05:30,9.3,9.3,9.2,9.2,1075,344000
3163,2022-07-13 14:13:00+05:30,9.2,9.2,9.2,9.2,0,344000
3164,2022-07-13 14:14:00+05:30,9.0,9.15,9.0,9.15,3225,340775
3165,2022-07-13 14:15:00+05:30,9.15,9.3,9.15,9.3,1075,340775
3166,2022-07-13 14:16:00+05:30,9.3,9.85,9.3,9.85,5375,339700
3167,2022-07-13 14:17:00+05:30,9.9,10.2,9.8,9.9,19350,339700
3168,2022-07-13 14:18:00+05:30,9.9,9.9,9.7,9.7,5375,332175
3169,2022-07-13 14:19:00+05:30,9.7,9.7,9.6,9.6,4300,332175
3170,2022-07-13 14:20:00+05:30,9.6,9.85,9.6,9.8,4300,332175
3171,2022-07-13 14:21:00+05:30,9.8,9.8,9.75,9.75,3225,332175
3172,2022-07-13 14:22:00+05:30,9.75,9.95,9.7,9.8,8600,339700
3173,2022-07-13 14:23:00+05:30,9.8,9.9,9.8,9.9,3225,339700
3174,2022-07-13 14:24:00+05:30,9.95,10.5,9.95,10.5,4300,338625
3175,2022-07-13 14:25:00+05:30,10.5,10.85,10.2,10.2,43000,338625
3176,2022-07-13 14:26:00+05:30,10.2,10.3,10.05,10.15,16125,338625
3177,2022-07-13 14:27:00+05:30,10.45,10.45,10.3,10.3,4300,344000
3178,2022-07-13 14:28:00+05:30,10.3,10.6,10.3,10.6,6450,344000
3179,2022-07-13 14:29:00+05:30,10.6,10.7,10.45,10.6,12900,344000
3180,2022-07-13 14:30:00+05:30,10.6,10.75,10.45,10.5,7525,345075
3181,2022-07-13 14:31:00+05:30,10.5,10.5,10.4,10.4,3225,345075
3182,2022-07-13 14:32:00+05:30,10.4,10.6,10.4,10.6,2150,345075
3183,2022-07-13 14:33:00+05:30,10.6,10.7,10.6,10.65,6450,345075
3184,2022-07-13 14:34:00+05:30,10.65,10.65,10.25,10.3,8600,345075
3185,2022-07-13 14:35:00+05:30,10.4,10.5,10.2,10.2,5375,345075
3186,2022-07-13 14:36:00+05:30,10.2,10.35,10.2,10.35,2150,345075
3187,2022-07-13 14:37:00+05:30,10.35,10.35,10.35,10.35,1075,352600
3188,2022-07-13 14:38:00+05:30,10.35,10.4,10.35,10.4,1075,352600
3189,2022-07-13 14:39:00+05:30,10.25,10.4,10.25,10.35,15050,348300
3190,2022-07-13 14:40:00+05:30,10.35,10.35,10.3,10.3,0,348300
3191,2022-07-13 14:41:00+05:30,10.3,10.35,10.2,10.2,8600,348300
3192,2022-07-13 14:42:00+05:30,10.2,10.25,10.15,10.25,3225,348300
3193,2022-07-13 14:43:00+05:30,10.4,10.5,10.4,10.5,2150,345075
3194,2022-07-13 14:44:00+05:30,10.5,10.65,10.5,10.55,2150,345075
3195,2022-07-13 14:45:00+05:30,10.55,10.85,10.55,10.85,0,346150
3196,2022-07-13 14:46:00+05:30,11.0,11.05,10.9,10.9,32250,346150
3197,2022-07-13 14:47:00+05:30,10.9,10.9,10.0,10.05,10750,346150
3198,2022-07-13 14:48:00+05:30,10.05,10.1,10.0,10.0,11825,344000
3199,2022-07-13 14:49:00+05:30,10.05,10.15,10.05,10.15,2150,344000
3200,2022-07-13 14:50:00+05:30,10.2,10.45,10.2,10.4,7525,344000
3201,2022-07-13 14:51:00+05:30,10.3,10.3,10.3,10.3,1075,344000
3202,2022-07-13 14:52:00+05:30,10.3,10.3,10.3,10.3,0,344000
3203,2022-07-13 14:53:00+05:30,10.3,10.3,10.3,10.3,3225,349375
3204,2022-07-13 14:54:00+05:30,10.3,10.3,10.2,10.2,1075,349375
3205,2022-07-13 14:55:00+05:30,10.2,10.3,10.2,10.3,3225,351525
3206,2022-07-13 14:56:00+05:30,10.3,10.3,10.25,10.25,0,351525
3207,2022-07-13 14:57:00+05:30,10.25,10.35,10.25,10.35,4300,351525
3208,2022-07-13 14:58:00+05:30,10.35,10.4,10.3,10.4,1075,355825
3209,2022-07-13 14:59:00+05:30,10.55,10.65,10.5,10.5,19350,355825
3210,2022-07-13 15:00:00+05:30,10.5,10.75,10.0,10.25,7525,349375
3211,2022-07-13 15:01:00+05:30,10.25,10.25,10.15,10.15,8600,349375
3212,2022-07-13 15:02:00+05:30,10.15,10.15,9.95,9.95,15050,349375
3213,2022-07-13 15:03:00+05:30,9.9,10.0,9.8,10.0,9675,337550
3214,2022-07-13 15:04:00+05:30,10.0,10.0,10.0,10.0,1075,337550
3215,2022-07-13 15:05:00+05:30,10.0,10.1,10.0,10.1,2150,337550
3216,2022-07-13 15:06:00+05:30,10.1,10.1,10.1,10.1,1075,337550
3217,2022-07-13 15:07:00+05:30,10.1,10.1,9.9,10.05,3225,332175
3218,2022-07-13 15:08:00+05:30,10.05,10.1,10.05,10.1,0,332175
3219,2022-07-13 15:09:00+05:30,10.1,10.1,9.8,9.8,10750,333250
3220,2022-07-13 15:10:00+05:30,9.8,9.9,9.8,9.8,8600,333250
3221,2022-07-13 15:11:00+05:30,9.8,9.8,9.8,9.8,1075,333250
3222,2022-07-13 15:12:00+05:30,9.8,9.8,9.6,9.6,6450,345075
3223,2022-07-13 15:13:00+05:30,9.6,9.6,9.2,9.2,1075,345075
3224,2022-07-13 15:14:00+05:30,9.1,9.25,9.1,9.25,9675,345075
3225,2022-07-13 15:15:00+05:30,9.25,9.25,9.25,9.25,4300,352600
3226,2022-07-13 15:16:00+05:30,9.25,9.3,9.15,9.3,2150,352600
3227,2022-07-13 15:17:00+05:30,9.3,9.3,9.3,9.3,1075,352600
3228,2022-07-13 15:18:00+05:30,9.3,9.3,9.3,9.3,0,352600
3229,2022-07-13 15:19:00+05:30,9.7,9.7,9.65,9.65,2150,352600
3230,2022-07-13 15:20:00+05:30,9.5,9.5,9.5,9.5,2150,352600
3231,2022-07-13 15:21:00+05:30,9.5,9.5,9.45,9.45,1075,352600
3232,2022-07-13 15:22:00+05:30,9.45,9.45,9.45,9.45,5375,350450
3233,2022-07-13 15:23:00+05:30,9.5,9.6,9.5,9.5,1075,350450
3234,2022-07-13 15:24:00+05:30,9.5,9.55,9.45,9.5,5375,348300
3235,2022-07-13 15:25:00+05:30,9.5,9.5,9.3,9.3,5375,348300
3236,2022-07-13 15:26:00+05:30,9.25,9.25,9.25,9.25,3225,348300
3237,2022-07-13 15:27:00+05:30,9.25,9.3,9.25,9.3,3225,348300
3238,2022-07-13 15:28:00+05:30,9.3,9.3,9.3,9.3,2150,345075
3239,2022-07-13 15:29:00+05:30,9.3,9.3,9.2,9.3,4300,345075
3240,2022-07-14 09:15:00+05:30,10.15,11.0,10.15,10.5,22575,325725
3241,2022-07-14 09:16:00+05:30,10.5,10.7,9.65,9.65,16125,325725
3242,2022-07-14 09:17:00+05:30,9.6,9.9,9.45,9.7,7525,350450
3243,2022-07-14 09:18:00+05:30,9.65,10.0,9.45,9.65,21500,350450
3244,2022-07-14 09:19:00+05:30,9.65,9.65,9.4,9.5,2150,350450
3245,2022-07-14 09:20:00+05:30,9.5,9.5,9.0,9.2,11825,348300
3246,2022-07-14 09:21:00+05:30,9.15,9.55,9.15,9.45,6450,348300
3247,2022-07-14 09:22:00+05:30,9.45,9.8,9.45,9.5,13975,348300
3248,2022-07-14 09:23:00+05:30,9.45,9.5,9.2,9.5,22575,367650
3249,2022-07-14 09:24:00+05:30,9.3,9.4,9.3,9.4,2150,367650
3250,2022-07-14 09:25:00+05:30,9.4,9.7,9.4,9.65,8600,367650
3251,2022-07-14 09:26:00+05:30,9.6,9.75,9.6,9.65,7525,373025
3252,2022-07-14 09:27:00+05:30,9.7,9.8,9.65,9.65,5375,373025
3253,2022-07-14 09:28:00+05:30,9.65,9.65,9.3,9.3,2150,373025
3254,2022-07-14 09:29:00+05:30,9.55,9.6,9.4,9.6,3225,370875
3255,2022-07-14 09:30:00+05:30,9.6,9.6,9.45,9.45,11825,370875
3256,2022-07-14 09:31:00+05:30,9.3,9.3,9.0,9.1,9675,370875
3257,2022-07-14 09:32:00+05:30,9.15,9.15,8.7,8.7,15050,384850
3258,2022-07-14 09:33:00+05:30,8.7,9.0,8.4,8.9,5375,384850
3259,2022-07-14 09:34:00+05:30,8.9,8.9,8.7,8.8,9675,384850
3260,2022-07-14 09:35:00+05:30,8.7,8.9,8.7,8.9,3225,384850
3261,2022-07-14 09:36:00+05:30,8.85,9.0,8.75,9.0,3225,381625
3262,2022-07-14 09:37:00+05:30,9.0,9.0,9.0,9.0,3225,381625
3263,2022-07-14 09:38:00+05:30,9.0,9.3,9.0,9.3,1075,381625
3264,2022-07-14 09:39:00+05:30,9.3,9.65,9.3,9.45,3225,383775
3265,2022-07-14 09:40:00+05:30,9.45,9.45,9.45,9.45,1075,383775
3266,2022-07-14 09:41:00+05:30,9.45,9.45,9.45,9.45,0,383775
3267,2022-07-14 09:42:00+05:30,9.45,9.45,9.4,9.4,1075,385925
3268,2022-07-14 09:43:00+05:30,9.5,9.5,9.35,9.35,2150,385925
3269,2022-07-14 09:44:00+05:30,9.35,9.35,9.35,9.35,0,385925
3270,2022-07-14 09:45:00+05:30,9.35,9.65,9.35,9.65,5375,385925
3271,2022-07-14 09:46:00+05:30,9.65,10.05,9.65,10.0,11825,385925
3272,2022-07-14 09:47:00+05:30,10.1,10.2,10.1,10.2,2150,385925
3273,2022-07-14 09:48:00+05:30,10.2,10.2,10.2,10.2,0,385925
3274,2022-07-14 09:49:00+05:30,10.2,10.2,10.05,10.05,2150,377325
3275,2022-07-14 09:50:00+05:30,10.05,10.2,10.05,10.15,8600,378400
3276,2022-07-14 09:51:00+05:30,10.15,10.2,10.1,10.1,5375,378400
3277,2022-07-14 09:52:00+05:30,10.05,10.05,10.0,10.0,2150,378400
3278,2022-07-14 09:53:00+05:30,10.05,10.05,9.95,9.95,2150,384850
3279,2022-07-14 09:54:00+05:30,9.95,9.95,9.95,9.95,2150,384850
3280,2022-07-14 09:55:00+05:30,9.95,10.0,9.95,10.0,13975,384850
3281,2022-07-14 09:56:00+05:30,10.0,10.0,9.95,9.95,2150,376250
3282,2022-07-14 09:57:00+05:30,9.95,9.95,9.95,9.95,0,376250
3283,2022-07-14 09:58:00+05:30,9.95,9.95,9.7,9.7,2150,376250
3284,2022-07-14 09:59:00+05:30,9.7,9.85,9.7,9.85,3225,375175
3285,2022-07-14 10:00:00+05:30,9.85,9.85,9.7,9.7,1075,375175
3286,2022-07-14 10:01:00+05:30,9.7,9.7,9.5,9.6,1075,375175
3287,2022-07-14 10:02:00+05:30,9.6,9.6,9.4,9.6,5375,376250
3288,2022-07-14 10:03:00+05:30,9.6,9.6,9.6,9.6,0,376250
3289,2022-07-14 10:04:00+05:30,9.6,9.6,9.6,9.6,1075,376250
3290,2022-07-14 10:05:00+05:30,9.6,9.7,9.6,9.7,0,375175
3291,2022-07-14 10:06:00+05:30,9.6,9.6,9.5,9.55,2150,375175
3292,2022-07-14 10:07:00+05:30,9.55,9.55,9.55,9.55,5375,375175
3293,2022-07-14 10:08:00+05:30,9.7,9.9,9.7,9.9,2150,375175
3294,2022-07-14 10:09:00+05:30,9.9,9.9,9.9,9.9,0,375175
3295,2022-07-14 10:10:00+05:30,9.9,9.9,9.9,9.9,0,375175
3296,2022-07-14 10:11:00+05:30,9.9,9.9,9.7,9.7,0,374100
3297,2022-07-14 10:12:00+05:30,9.7,9.7,9.7,9.7,1075,374100
3298,2022-07-14 10:13:00+05:30,9.7,9.7,9.7,9.7,0,374100
3299,2022-07-14 10:14:00+05:30,9.7,9.8,9.7,9.8,1075,374100
3300,2022-07-14 10:15:00+05:30,9.85,9.85,9.85,9.85,1075,376250
3301,2022-07-14 10:16:00+05:30,9.85,9.85,9.5,9.5,1075,376250
3302,2022-07-14 10:17:00+05:30,9.5,9.5,9.5,9.5,0,376250
3303,2022-07-14 10:18:00+05:30,9.5,9.65,9.5,9.65,1075,377325
3304,2022-07-14 10:19:00+05:30,9.65,9.65,9.6,9.6,0,377325
3305,2022-07-14 10:20:00+05:30,9.6,9.7,9.6,9.7,3225,377325
3306,2022-07-14 10:21:00+05:30,9.6,9.6,9.6,9.6,1075,377325
3307,2022-07-14 10:22:00+05:30,9.6,9.6,9.6,9.6,0,377325
3308,2022-07-14 10:23:00+05:30,9.6,9.6,9.4,9.4,1075,377325
3309,2022-07-14 10:24:00+05:30,9.4,9.4,9.4,9.4,0,377325
3310,2022-07-14 10:25:00+05:30,9.4,9.4,9.4,9.4,0,377325
3311,2022-07-14 10:26:00+05:30,9.4,9.45,9.4,9.45,1075,376250
3312,2022-07-14 10:27:00+05:30,9.45,9.45,9.45,9.45,0,376250
3313,2022-07-14 10:28:00+05:30,9.45,9.45,9.45,9.45,1075,376250
3314,2022-07-14 10:29:00+05:30,9.45,9.45,9.35,9.35,3225,376250
3315,2022-07-14 10:30:00+05:30,9.35,9.35,9.1,9.2,6450,377325
3316,2022-07-14 10:31:00+05:30,9.2,9.2,9.2,9.2,0,377325
3317,2022-07-14 10:32:00+05:30,9.2,9.2,9.2,9.2,0,377325
3318,2022-07-14 10:33:00+05:30,9.2,9.2,9.2,9.2,0,377325
3319,2022-07-14 10:34:00+05:30,9.2,9.75,9.2,9.75,1075,375175
3320,2022-07-14 10:35:00+05:30,9.75,9.85,9.7,9.75,5375,375175
3321,2022-07-14 10:36:00+05:30,9.75,9.75,9.75,9.75,2150,378400
3322,2022-07-14 10:37:00+05:30,9.75,9.8,9.75,9.8,3225,378400
3323,2022-07-14 10:38:00+05:30,9.8,9.8,9.8,9.8,0,378400
3324,2022-07-14 10:39:00+05:30,9.8,9.8,9.8,9.8,0,378400
3325,2022-07-14 10:40:00+05:30,9.8,9.8,9.8,9.8,0,378400
3326,2022-07-14 10:41:00+05:30,9.75,9.9,9.75,9.9,3225,378400
3327,2022-07-14 10:42:00+05:30,9.9,9.9,9.85,9.85,1075,378400
3328,2022-07-14 10:43:00+05:30,9.85,9.85,9.65,9.65,2150,378400
3329,2022-07-14 10:44:00+05:30,9.65,9.65,9.65,9.65,3225,379475
3330,2022-07-14 10:45:00+05:30,9.65,9.65,9.6,9.6,2150,379475
3331,2022-07-14 10:46:00+05:30,9.6,9.6,9.6,9.6,0,379475
3332,2022-07-14 10:47:00+05:30,9.6,9.6,9.6,9.6,0,379475
3333,2022-07-14 10:48:00+05:30,9.6,9.6,9.6,9.6,0,379475
3334,2022-07-14 10:49:00+05:30,9.6,9.6,9.6,9.6,0,379475
3335,2022-07-14 10:50:00+05:30,9.6,9.6,9.2,9.2,2150,379475
3336,2022-07-14 10:51:00+05:30,9.2,9.2,9.15,9.15,0,381625
3337,2022-07-14 10:52:00+05:30,9.15,9.2,9.15,9.2,3225,381625
3338,2022-07-14 10:53:00+05:30,9.2,9.2,9.2,9.2,0,381625
3339,2022-07-14 10:54:00+05:30,9.2,9.5,9.2,9.5,2150,380550
3340,2022-07-14 10:55:00+05:30,9.5,9.5,9.5,9.5,0,380550
3341,2022-07-14 10:56:00+05:30,9.5,9.5,9.5,9.5,0,380550
3342,2022-07-14 10:57:00+05:30,9.5,9.5,9.45,9.45,2150,381625
3343,2022-07-14 10:58:00+05:30,9.45,9.45,9.45,9.45,0,381625
3344,2022-07-14 10:59:00+05:30,9.35,9.35,9.3,9.3,2150,381625
3345,2022-07-14 11:00:00+05:30,9.3,9.3,9.3,9.3,5375,383775
3346,2022-07-14 11:01:00+05:30,9.35,9.35,9.35,9.35,2150,383775
3347,2022-07-14 11:02:00+05:30,9.35,9.35,9.25,9.25,12900,383775
3348,2022-07-14 11:03:00+05:30,9.25,9.25,9.2,9.2,2150,392375
3349,2022-07-14 11:04:00+05:30,9.2,9.2,9.2,9.2,0,392375
3350,2022-07-14 11:05:00+05:30,9.2,9.2,9.2,9.2,0,392375
3351,2022-07-14 11:06:00+05:30,9.2,9.45,9.2,9.45,1075,390225
3352,2022-07-14 11:07:00+05:30,9.45,9.45,9.45,9.45,0,390225
3353,2022-07-14 11:08:00+05:30,9.45,9.45,9.45,9.45,0,390225
3354,2022-07-14 11:09:00+05:30,9.45,9.45,9.45,9.45,3225,390225
3355,2022-07-14 11:10:00+05:30,9.45,9.45,9.45,9.45,1075,390225
3356,2022-07-14 11:11:00+05:30,9.4,9.4,9.4,9.4,1075,390225
3357,2022-07-14 11:12:00+05:30,9.4,9.4,9.35,9.35,1075,392375
3358,2022-07-14 11:13:00+05:30,9.35,9.35,9.2,9.2,1075,392375
3359,2022-07-14 11:14:00+05:30,9.2,9.2,9.2,9.2,0,392375
3360,2022-07-14 11:15:00+05:30,9.2,9.3,9.2,9.3,1075,391300
3361,2022-07-14 11:16:00+05:30,9.3,9.3,9.3,9.3,1075,391300
3362,2022-07-14 11:17:00+05:30,9.2,9.2,8.9,8.9,7525,391300
3363,2022-07-14 11:18:00+05:30,8.9,8.95,8.9,8.9,2150,393450
3364,2022-07-14 11:19:00+05:30,8.9,9.05,8.75,9.05,4300,393450
3365,2022-07-14 11:20:00+05:30,9.05,9.05,9.0,9.0,2150,393450
3366,2022-07-14 11:21:00+05:30,9.0,9.0,8.8,8.8,0,395600
3367,2022-07-14 11:22:00+05:30,8.8,8.8,8.8,8.8,5375,395600
3368,2022-07-14 11:23:00+05:30,8.8,8.8,8.8,8.8,0,395600
3369,2022-07-14 11:24:00+05:30,8.8,8.8,8.8,8.8,0,395600
3370,2022-07-14 11:25:00+05:30,8.8,8.8,8.8,8.8,0,395600
3371,2022-07-14 11:26:00+05:30,8.8,8.8,8.8,8.8,0,393450
3372,2022-07-14 11:27:00+05:30,8.8,8.8,8.7,8.8,3225,393450
3373,2022-07-14 11:28:00+05:30,8.8,8.8,8.8,8.8,2150,393450
3374,2022-07-14 11:29:00+05:30,8.8,8.8,8.7,8.7,2150,393450
3375,2022-07-14 11:30:00+05:30,8.7,8.7,8.7,8.7,0,393450
3376,2022-07-14 11:31:00+05:30,8.7,8.7,8.5,8.5,3225,391300
3377,2022-07-14 11:32:00+05:30,8.5,8.5,8.35,8.4,0,390225
3378,2022-07-14 11:33:00+05:30,8.4,8.55,8.4,8.55,8600,390225
3379,2022-07-14 11:34:00+05:30,8.55,8.55,8.4,8.5,3225,390225
3380,2022-07-14 11:35:00+05:30,8.5,8.5,8.5,8.5,1075,390225
3381,2022-07-14 11:36:00+05:30,8.5,8.5,8.5,8.5,0,390225
3382,2022-07-14 11:37:00+05:30,8.45,8.6,8.45,8.6,4300,385925
3383,2022-07-14 11:38:00+05:30,8.6,8.6,8.45,8.45,2150,385925
3384,2022-07-14 11:39:00+05:30,8.45,8.45,8.45,8.45,1075,385925
3385,2022-07-14 11:40:00+05:30,8.45,8.45,8.45,8.45,0,385925
3386,2022-07-14 11:41:00+05:30,8.45,8.7,8.45,8.7,1075,384850
3387,2022-07-14 11:42:00+05:30,8.7,8.85,8.7,8.75,2150,384850
3388,2022-07-14 11:43:00+05:30,8.75,8.75,8.7,8.7,2150,384850
3389,2022-07-14 11:44:00+05:30,8.7,8.7,8.7,8.7,1075,385925
3390,2022-07-14 11:45:00+05:30,8.7,8.7,8.7,8.7,0,385925
3391,2022-07-14 11:46:00+05:30,8.7,8.7,8.55,8.55,0,385925
3392,2022-07-14 11:47:00+05:30,8.55,8.55,8.55,8.55,3225,385925
3393,2022-07-14 11:48:00+05:30,8.55,8.6,8.55,8.6,1075,385925
3394,2022-07-14 11:49:00+05:30,8.6,8.6,8.6,8.6,1075,385925
3395,2022-07-14 11:50:00+05:30,8.6,8.6,8.6,8.6,1075,385925
3396,2022-07-14 11:51:00+05:30,8.6,8.6,8.6,8.6,0,385925
3397,2022-07-14 11:52:00+05:30,8.6,9.05,8.6,9.05,1075,385925
3398,2022-07-14 11:53:00+05:30,9.05,9.05,8.85,8.85,2150,385925
3399,2022-07-14 11:54:00+05:30,8.85,8.85,8.85,8.85,0,385925
3400,2022-07-14 11:55:00+05:30,8.85,8.85,8.85,8.85,1075,387000
3401,2022-07-14 11:56:00+05:30,8.85,8.85,8.85,8.85,1075,387000
3402,2022-07-14 11:57:00+05:30,8.85,8.85,8.7,8.7,1075,387000
3403,2022-07-14 11:58:00+05:30,8.5,8.5,8.5,8.5,1075,387000
3404,2022-07-14 11:59:00+05:30,8.6,8.75,8.6,8.75,4300,387000
3405,2022-07-14 12:00:00+05:30,8.75,8.75,8.6,8.6,1075,384850
3406,2022-07-14 12:01:00+05:30,8.6,8.6,8.6,8.6,1075,384850
3407,2022-07-14 12:02:00+05:30,8.6,8.6,8.55,8.55,1075,384850
3408,2022-07-14 12:03:00+05:30,8.5,8.5,8.5,8.5,2150,383775
3409,2022-07-14 12:04:00+05:30,8.5,8.5,8.5,8.5,0,383775
3410,2022-07-14 12:05:00+05:30,8.5,8.5,8.5,8.5,0,383775
3411,2022-07-14 12:06:00+05:30,8.5,8.6,8.5,8.6,1075,385925
3412,2022-07-14 12:07:00+05:30,8.6,8.6,8.6,8.6,0,385925
3413,2022-07-14 12:08:00+05:30,8.6,8.6,8.6,8.6,1075,385925
3414,2022-07-14 12:09:00+05:30,8.6,8.7,8.6,8.7,2150,385925
3415,2022-07-14 12:10:00+05:30,8.7,8.75,8.7,8.75,3225,385925
3416,2022-07-14 12:11:00+05:30,8.75,8.75,8.75,8.75,0,385925
3417,2022-07-14 12:12:00+05:30,8.75,8.75,8.75,8.75,0,385925
3418,2022-07-14 12:13:00+05:30,8.75,8.75,8.75,8.75,2150,389150
3419,2022-07-14 12:14:00+05:30,8.75,8.75,8.75,8.75,0,389150
3420,2022-07-14 12:15:00+05:30,8.75,8.75,8.75,8.75,1075,389150
3421,2022-07-14 12:16:00+05:30,8.75,8.75,8.75,8.75,0,389150
3422,2022-07-14 12:17:00+05:30,8.75,8.75,8.75,8.75,0,389150
3423,2022-07-14 12:18:00+05:30,8.75,8.75,8.75,8.75,0,389150
3424,2022-07-14 12:19:00+05:30,8.75,8.75,8.75,8.75,0,389150
3425,2022-07-14 12:20:00+05:30,8.75,9.0,8.75,9.0,3225,390225
3426,2022-07-14 12:21:00+05:30,9.0,9.05,9.0,9.05,1075,389150
3427,2022-07-14 12:22:00+05:30,9.05,9.05,8.9,8.9,2150,389150
3428,2022-07-14 12:23:00+05:30,8.9,8.9,8.9,8.9,1075,389150
3429,2022-07-14 12:24:00+05:30,8.9,8.9,8.85,8.85,1075,390225
3430,2022-07-14 12:25:00+05:30,8.85,8.85,8.85,8.85,1075,390225
3431,2022-07-14 12:26:00+05:30,8.85,8.85,8.75,8.75,1075,390225
3432,2022-07-14 12:27:00+05:30,8.75,8.75,8.75,8.75,0,390225
3433,2022-07-14 12:28:00+05:30,8.75,8.75,8.7,8.7,1075,391300
3434,2022-07-14 12:29:00+05:30,8.7,8.7,8.7,8.7,0,391300
3435,2022-07-14 12:30:00+05:30,8.7,8.7,8.7,8.7,0,391300
3436,2022-07-14 12:31:00+05:30,8.7,8.9,8.7,8.8,4300,390225
3437,2022-07-14 12:32:00+05:30,8.8,8.8,8.8,8.8,0,390225
3438,2022-07-14 12:33:00+05:30,8.8,8.8,8.7,8.7,1075,392375
3439,2022-07-14 12:34:00+05:30,8.7,8.7,8.7,8.7,2150,392375
3440,2022-07-14 12:35:00+05:30,8.7,8.7,8.55,8.55,1075,392375
3441,2022-07-14 12:36:00+05:30,8.55,8.65,8.55,8.65,2150,392375
3442,2022-07-14 12:37:00+05:30,8.65,8.65,8.65,8.65,0,392375
3443,2022-07-14 12:38:00+05:30,8.65,8.65,8.65,8.65,0,392375
3444,2022-07-14 12:39:00+05:30,8.65,8.65,8.65,8.65,0,392375
3445,2022-07-14 12:40:00+05:30,8.65,8.65,8.5,8.5,0,392375
3446,2022-07-14 12:41:00+05:30,8.5,8.65,8.5,8.65,3225,392375
3447,2022-07-14 12:42:00+05:30,8.65,8.65,8.6,8.6,1075,395600
3448,2022-07-14 12:43:00+05:30,8.6,8.6,8.4,8.4,1075,395600
3449,2022-07-14 12:44:00+05:30,8.4,8.4,8.4,8.4,1075,395600
3450,2022-07-14 12:45:00+05:30,8.4,8.4,8.4,8.4,0,395600
3451,2022-07-14 12:46:00+05:30,8.4,8.4,8.4,8.4,0,395600
3452,2022-07-14 12:47:00+05:30,8.4,8.4,8.4,8.4,0,395600
3453,2022-07-14 12:48:00+05:30,8.7,8.7,8.7,8.7,2150,396675
3454,2022-07-14 12:49:00+05:30,8.7,8.7,8.7,8.7,0,396675
3455,2022-07-14 12:50:00+05:30,8.7,8.75,8.7,8.75,1075,396675
3456,2022-07-14 12:51:00+05:30,8.75,8.75,8.75,8.75,0,396675
3457,2022-07-14 12:52:00+05:30,8.75,8.75,8.6,8.6,1075,397750
3458,2022-07-14 12:53:00+05:30,8.6,8.7,8.6,8.6,2150,397750
3459,2022-07-14 12:54:00+05:30,8.6,8.75,8.6,8.65,2150,398825
3460,2022-07-14 12:55:00+05:30,8.65,8.85,8.65,8.85,1075,398825
3461,2022-07-14 12:56:00+05:30,8.85,8.85,8.65,8.65,9675,398825
3462,2022-07-14 12:57:00+05:30,8.65,8.65,8.65,8.65,0,398825
3463,2022-07-14 12:58:00+05:30,8.65,8.65,8.6,8.6,0,398825
3464,2022-07-14 12:59:00+05:30,8.6,8.9,8.6,8.9,2150,398825
3465,2022-07-14 13:00:00+05:30,8.9,9.1,8.9,9.0,4300,396675
3466,2022-07-14 13:01:00+05:30,9.1,9.1,8.9,8.9,10750,396675
3467,2022-07-14 13:02:00+05:30,8.85,8.95,8.85,8.95,4300,396675
3468,2022-07-14 13:03:00+05:30,8.95,8.95,8.75,8.75,1075,393450
3469,2022-07-14 13:04:00+05:30,8.75,8.75,8.7,8.7,1075,393450
3470,2022-07-14 13:05:00+05:30,8.7,8.7,8.7,8.7,1075,393450
3471,2022-07-14 13:06:00+05:30,8.7,8.7,8.7,8.7,0,393450
3472,2022-07-14 13:07:00+05:30,8.7,8.7,8.7,8.7,0,393450
3473,2022-07-14 13:08:00+05:30,8.7,8.7,8.7,8.7,0,393450
3474,2022-07-14 13:09:00+05:30,8.7,8.7,8.7,8.7,0,393450
3475,2022-07-14 13:10:00+05:30,8.7,8.7,8.7,8.7,0,393450
3476,2022-07-14 13:11:00+05:30,8.7,8.7,8.7,8.7,0,393450
3477,2022-07-14 13:12:00+05:30,8.7,8.7,8.7,8.7,0,393450
3478,2022-07-14 13:13:00+05:30,8.7,9.15,8.7,9.15,3225,393450
3479,2022-07-14 13:14:00+05:30,9.15,9.15,9.1,9.1,1075,393450
3480,2022-07-14 13:15:00+05:30,9.1,9.1,9.0,9.0,1075,397750
3481,2022-07-14 13:16:00+05:30,9.0,9.0,8.85,8.9,4300,397750
3482,2022-07-14 13:17:00+05:30,8.85,8.9,8.85,8.9,3225,397750
3483,2022-07-14 13:18:00+05:30,8.9,8.9,8.9,8.9,1075,395600
3484,2022-07-14 13:19:00+05:30,8.8,8.8,8.8,8.8,1075,395600
3485,2022-07-14 13:20:00+05:30,8.8,8.8,8.8,8.8,1075,395600
3486,2022-07-14 13:21:00+05:30,8.8,8.8,8.8,8.8,5375,398825
3487,2022-07-14 13:22:00+05:30,8.8,8.8,8.65,8.8,3225,398825
3488,2022-07-14 13:23:00+05:30,8.8,8.8,8.7,8.7,1075,398825
3489,2022-07-14 13:24:00+05:30,8.7,8.7,8.7,8.7,0,398825
3490,2022-07-14 13:25:00+05:30,8.7,8.7,8.7,8.7,2150,396675
3491,2022-07-14 13:26:00+05:30,8.7,8.7,8.7,8.7,0,396675
3492,2022-07-14 13:27:00+05:30,8.7,8.7,8.7,8.7,0,396675
3493,2022-07-14 13:28:00+05:30,8.7,8.75,8.7,8.75,1075,394525
3494,2022-07-14 13:29:00+05:30,8.75,8.8,8.75,8.8,2150,394525
3495,2022-07-14 13:30:00+05:30,8.8,8.8,8.8,8.8,0,394525
3496,2022-07-14 13:31:00+05:30,8.8,8.9,8.8,8.8,2150,391300
3497,2022-07-14 13:32:00+05:30,8.8,8.8,8.8,8.8,1075,391300
3498,2022-07-14 13:33:00+05:30,8.8,8.85,8.8,8.85,1075,391300
3499,2022-07-14 13:34:00+05:30,8.85,8.85,8.85,8.85,0,391300
3500,2022-07-14 13:35:00+05:30,8.85,8.85,8.8,8.8,1075,390225
3501,2022-07-14 13:36:00+05:30,8.8,8.8,8.8,8.8,0,390225
3502,2022-07-14 13:37:00+05:30,8.8,8.8,8.8,8.8,0,390225
3503,2022-07-14 13:38:00+05:30,8.8,8.9,8.8,8.9,1075,390225
3504,2022-07-14 13:39:00+05:30,8.9,8.9,8.9,8.9,1075,390225
3505,2022-07-14 13:40:00+05:30,8.9,8.9,8.9,8.9,0,390225
3506,2022-07-14 13:41:00+05:30,8.9,8.9,8.9,8.9,1075,389150
3507,2022-07-14 13:42:00+05:30,8.9,8.9,8.9,8.9,0,389150
3508,2022-07-14 13:43:00+05:30,8.9,8.9,8.9,8.9,0,389150
3509,2022-07-14 13:44:00+05:30,9.0,9.0,9.0,9.0,1075,389150
3510,2022-07-14 13:45:00+05:30,9.0,9.2,9.0,9.0,5375,387000
3511,2022-07-14 13:46:00+05:30,9.0,9.0,9.0,9.0,3225,387000
3512,2022-07-14 13:47:00+05:30,9.0,9.1,9.0,9.1,1075,387000
3513,2022-07-14 13:48:00+05:30,9.1,9.1,9.1,9.1,0,387000
3514,2022-07-14 13:49:00+05:30,8.9,9.05,8.9,9.05,3225,385925
3515,2022-07-14 13:50:00+05:30,9.05,9.05,9.05,9.05,0,385925
3516,2022-07-14 13:51:00+05:30,9.05,9.05,9.05,9.05,1075,383775
3517,2022-07-14 13:52:00+05:30,9.05,9.05,9.05,9.05,0,383775
3518,2022-07-14 13:53:00+05:30,9.05,9.05,9.05,9.05,0,383775
3519,2022-07-14 13:54:00+05:30,9.05,9.05,8.9,8.9,1075,383775
3520,2022-07-14 13:55:00+05:30,8.9,8.9,8.8,8.8,6450,383775
3521,2022-07-14 13:56:00+05:30,8.8,8.8,8.8,8.8,1075,383775
3522,2022-07-14 13:57:00+05:30,8.8,8.8,8.8,8.8,0,383775
3523,2022-07-14 13:58:00+05:30,8.8,8.8,8.8,8.8,0,383775
3524,2022-07-14 13:59:00+05:30,8.8,8.8,8.8,8.8,0,383775
3525,2022-07-14 14:00:00+05:30,8.8,8.8,8.35,8.45,9675,383775
3526,2022-07-14 14:01:00+05:30,8.45,8.45,8.2,8.4,3225,383775
3527,2022-07-14 14:02:00+05:30,8.4,8.4,8.35,8.35,1075,383775
3528,2022-07-14 14:03:00+05:30,8.35,8.4,8.35,8.4,1075,385925
3529,2022-07-14 14:04:00+05:30,8.35,8.35,8.35,8.35,2150,385925
3530,2022-07-14 14:05:00+05:30,8.35,8.35,8.35,8.35,1075,385925
3531,2022-07-14 14:06:00+05:30,8.35,8.6,8.35,8.6,2150,385925
3532,2022-07-14 14:07:00+05:30,8.6,8.6,8.6,8.6,0,385925
3533,2022-07-14 14:08:00+05:30,8.7,8.7,8.7,8.7,1075,390225
3534,2022-07-14 14:09:00+05:30,8.7,8.7,8.7,8.7,0,390225
3535,2022-07-14 14:10:00+05:30,8.7,8.7,8.35,8.35,2150,390225
3536,2022-07-14 14:11:00+05:30,8.35,8.4,8.35,8.4,2150,390225
3537,2022-07-14 14:12:00+05:30,8.3,8.3,8.15,8.15,10750,390225
3538,2022-07-14 14:13:00+05:30,8.15,8.15,7.85,8.0,15050,390225
3539,2022-07-14 14:14:00+05:30,8.0,8.05,7.95,7.95,4300,390225
3540,2022-07-14 14:15:00+05:30,7.95,7.95,7.95,7.95,1075,390225
3541,2022-07-14 14:16:00+05:30,7.95,8.05,7.95,8.05,1075,393450
3542,2022-07-14 14:17:00+05:30,8.0,8.2,8.0,8.2,3225,393450
3543,2022-07-14 14:18:00+05:30,8.2,8.25,8.2,8.2,3225,393450
3544,2022-07-14 14:19:00+05:30,8.2,8.2,8.2,8.2,1075,392375
3545,2022-07-14 14:20:00+05:30,8.2,8.4,8.2,8.4,2150,392375
3546,2022-07-14 14:21:00+05:30,8.4,8.4,8.3,8.3,1075,392375
3547,2022-07-14 14:22:00+05:30,8.3,8.3,8.3,8.3,0,392375
3548,2022-07-14 14:23:00+05:30,8.05,8.05,7.95,8.0,3225,394525
3549,2022-07-14 14:24:00+05:30,8.1,8.1,8.0,8.05,2150,394525
3550,2022-07-14 14:25:00+05:30,8.05,8.05,8.05,8.05,13975,391300
3551,2022-07-14 14:26:00+05:30,8.05,8.05,8.0,8.0,1075,391300
3552,2022-07-14 14:27:00+05:30,8.0,8.1,8.0,8.1,15050,374100
3553,2022-07-14 14:28:00+05:30,8.1,8.25,8.1,8.25,1075,374100
3554,2022-07-14 14:29:00+05:30,8.25,8.25,8.05,8.15,9675,374100
3555,2022-07-14 14:30:00+05:30,8.15,8.15,8.1,8.1,1075,374100
3556,2022-07-14 14:31:00+05:30,8.1,8.3,8.1,8.2,3225,382700
3557,2022-07-14 14:32:00+05:30,8.2,8.2,8.2,8.2,1075,382700
3558,2022-07-14 14:33:00+05:30,8.2,8.2,8.15,8.15,1075,382700
3559,2022-07-14 14:34:00+05:30,8.15,8.2,8.15,8.2,2150,380550
3560,2022-07-14 14:35:00+05:30,8.2,8.2,8.15,8.15,2150,380550
3561,2022-07-14 14:36:00+05:30,8.15,8.15,8.15,8.15,0,380550
3562,2022-07-14 14:37:00+05:30,8.15,8.4,8.15,8.4,2150,380550
3563,2022-07-14 14:38:00+05:30,8.4,8.45,8.4,8.45,2150,380550
3564,2022-07-14 14:39:00+05:30,8.45,8.45,8.45,8.45,0,380550
3565,2022-07-14 14:40:00+05:30,8.45,8.45,8.35,8.35,7525,380550
3566,2022-07-14 14:41:00+05:30,8.35,8.35,8.35,8.35,2150,380550
3567,2022-07-14 14:42:00+05:30,8.45,8.45,8.35,8.45,1075,380550
3568,2022-07-14 14:43:00+05:30,8.45,8.45,8.45,8.45,0,380550
3569,2022-07-14 14:44:00+05:30,8.45,8.45,8.45,8.45,0,384850
3570,2022-07-14 14:45:00+05:30,8.45,8.45,8.45,8.45,4300,384850
3571,2022-07-14 14:46:00+05:30,8.45,8.6,8.35,8.6,3225,384850
3572,2022-07-14 14:47:00+05:30,8.6,8.6,8.4,8.4,2150,384850
3573,2022-07-14 14:48:00+05:30,8.4,8.4,8.4,8.4,0,384850
3574,2022-07-14 14:49:00+05:30,8.4,8.4,8.4,8.4,0,384850
3575,2022-07-14 14:50:00+05:30,8.4,8.75,8.4,8.75,11825,383775
3576,2022-07-14 14:51:00+05:30,8.75,9.05,8.75,9.05,16125,376250
3577,2022-07-14 14:52:00+05:30,9.05,9.3,9.0,9.1,10750,376250
3578,2022-07-14 14:53:00+05:30,9.1,9.1,8.75,8.75,4300,376250
3579,2022-07-14 14:54:00+05:30,8.75,8.75,8.75,8.75,2150,376250
3580,2022-07-14 14:55:00+05:30,8.75,8.9,8.75,8.9,1075,379475
3581,2022-07-14 14:56:00+05:30,9.1,9.1,9.1,9.1,2150,379475
3582,2022-07-14 14:57:00+05:30,9.1,9.1,9.05,9.05,1075,379475
3583,2022-07-14 14:58:00+05:30,9.05,9.15,9.05,9.15,0,379475
3584,2022-07-14 14:59:00+05:30,9.15,9.15,9.15,9.15,1075,379475
3585,2022-07-14 15:00:00+05:30,9.15,9.2,9.15,9.2,2150,378400
3586,2022-07-14 15:01:00+05:30,9.3,9.3,8.9,8.9,15050,378400
3587,2022-07-14 15:02:00+05:30,8.9,8.9,8.55,8.55,3225,378400
3588,2022-07-14 15:03:00+05:30,8.6,8.95,8.6,8.9,8600,381625
3589,2022-07-14 15:04:00+05:30,8.9,9.05,8.9,9.05,5375,381625
3590,2022-07-14 15:05:00+05:30,9.05,9.05,9.05,9.05,0,381625
3591,2022-07-14 15:06:00+05:30,9.05,9.05,8.75,8.75,2150,375175
3592,2022-07-14 15:07:00+05:30,8.75,8.75,8.75,8.75,1075,375175
3593,2022-07-14 15:08:00+05:30,8.75,8.75,8.75,8.75,1075,375175
3594,2022-07-14 15:09:00+05:30,8.75,8.9,8.75,8.8,11825,375175
3595,2022-07-14 15:10:00+05:30,8.8,9.05,8.8,9.05,3225,375175
3596,2022-07-14 15:11:00+05:30,9.05,9.05,9.05,9.05,0,375175
3597,2022-07-14 15:12:00+05:30,9.05,9.2,9.05,9.2,1075,374100
3598,2022-07-14 15:13:00+05:30,9.2,9.2,9.1,9.1,7525,374100
3599,2022-07-14 15:14:00+05:30,9.1,9.1,8.9,8.9,2150,374100
3600,2022-07-14 15:15:00+05:30,8.9,9.0,8.9,8.95,1075,377325
3601,2022-07-14 15:16:00+05:30,8.95,8.95,8.95,8.95,1075,377325
3602,2022-07-14 15:17:00+05:30,8.95,8.95,8.7,8.7,1075,377325
3603,2022-07-14 15:18:00+05:30,8.7,8.7,8.55,8.6,2150,381625
3604,2022-07-14 15:19:00+05:30,8.6,8.7,8.6,8.7,2150,381625
3605,2022-07-14 15:20:00+05:30,8.7,8.7,8.6,8.6,1075,381625
3606,2022-07-14 15:21:00+05:30,8.6,8.6,8.4,8.5,3225,381625
3607,2022-07-14 15:22:00+05:30,8.5,8.5,8.5,8.5,1075,381625
3608,2022-07-14 15:23:00+05:30,8.5,8.5,8.45,8.45,1075,381625
3609,2022-07-14 15:24:00+05:30,8.45,8.45,8.45,8.45,0,381625
3610,2022-07-14 15:25:00+05:30,8.45,8.55,8.45,8.55,2150,383775
3611,2022-07-14 15:26:00+05:30,8.55,8.55,8.5,8.5,3225,383775
3612,2022-07-14 15:27:00+05:30,8.5,8.5,8.45,8.5,2150,384850
3613,2022-07-14 15:28:00+05:30,8.5,8.6,8.35,8.35,4300,384850
3614,2022-07-14 15:29:00+05:30,8.35,8.4,8.35,8.4,12900,384850
3615,2022-07-15 09:15:00+05:30,7.95,8.1,7.5,7.55,9675,369800
3616,2022-07-15 09:16:00+05:30,7.6,8.4,7.6,8.3,6450,369800
3617,2022-07-15 09:17:00+05:30,8.3,9.2,8.3,9.2,53750,373025
3618,2022-07-15 09:18:00+05:30,9.1,9.2,8.85,8.9,26875,373025
3619,2022-07-15 09:19:00+05:30,8.9,8.9,8.7,8.7,4300,373025
3620,2022-07-15 09:20:00+05:30,8.7,9.0,8.65,8.7,16125,374100
3621,2022-07-15 09:21:00+05:30,8.7,9.1,8.7,9.05,21500,374100
3622,2022-07-15 09:22:00+05:30,9.05,9.05,8.6,8.65,16125,374100
3623,2022-07-15 09:23:00+05:30,8.65,8.65,8.4,8.4,7525,380550
3624,2022-07-15 09:24:00+05:30,8.4,8.75,8.4,8.6,11825,380550
3625,2022-07-15 09:25:00+05:30,8.6,8.6,8.1,8.1,10750,380550
3626,2022-07-15 09:26:00+05:30,8.35,8.35,8.1,8.25,11825,369800
3627,2022-07-15 09:27:00+05:30,8.25,8.25,8.1,8.1,2150,369800
3628,2022-07-15 09:28:00+05:30,8.1,8.1,7.9,7.9,11825,369800
3629,2022-07-15 09:29:00+05:30,7.85,7.85,7.6,7.8,5375,360125
3630,2022-07-15 09:30:00+05:30,7.65,7.65,7.3,7.3,16125,360125
3631,2022-07-15 09:31:00+05:30,7.3,7.3,7.0,7.15,11825,360125
3632,2022-07-15 09:32:00+05:30,7.05,7.1,7.0,7.05,8600,366575
3633,2022-07-15 09:33:00+05:30,7.0,7.2,6.8,7.2,10750,366575
3634,2022-07-15 09:34:00+05:30,7.2,7.35,7.15,7.15,5375,366575
3635,2022-07-15 09:35:00+05:30,7.2,7.2,7.2,7.2,2150,366575
3636,2022-07-15 09:36:00+05:30,7.2,7.2,7.2,7.2,1075,368725
3637,2022-07-15 09:37:00+05:30,7.15,7.3,7.15,7.3,2150,368725
3638,2022-07-15 09:38:00+05:30,7.2,7.3,7.15,7.15,7525,374100
3639,2022-07-15 09:39:00+05:30,7.15,7.15,7.0,7.0,2150,374100
3640,2022-07-15 09:40:00+05:30,7.0,7.3,6.9,7.3,19350,374100
3641,2022-07-15 09:41:00+05:30,7.3,7.3,7.3,7.3,4300,365500
3642,2022-07-15 09:42:00+05:30,7.35,7.4,7.2,7.35,16125,365500
3643,2022-07-15 09:43:00+05:30,7.4,7.6,7.4,7.5,22575,365500
3644,2022-07-15 09:44:00+05:30,7.55,7.65,7.5,7.6,15050,387000
3645,2022-07-15 09:45:00+05:30,7.6,7.6,7.4,7.5,9675,387000
3646,2022-07-15 09:46:00+05:30,7.5,7.5,7.5,7.5,3225,387000
3647,2022-07-15 09:47:00+05:30,7.5,7.5,7.5,7.5,0,387000
3648,2022-07-15 09:48:00+05:30,7.65,7.65,7.5,7.55,5375,392375
3649,2022-07-15 09:49:00+05:30,7.55,7.85,7.55,7.85,9675,392375
3650,2022-07-15 09:50:00+05:30,7.8,7.8,7.65,7.7,6450,398825
3651,2022-07-15 09:51:00+05:30,7.7,7.8,7.65,7.65,5375,398825
3652,2022-07-15 09:52:00+05:30,7.65,7.75,7.6,7.7,6450,398825
3653,2022-07-15 09:53:00+05:30,7.7,7.7,7.7,7.7,2150,398825
3654,2022-07-15 09:54:00+05:30,7.7,8.2,7.7,8.2,36550,390225
3655,2022-07-15 09:55:00+05:30,8.25,8.35,8.0,8.1,37625,390225
3656,2022-07-15 09:56:00+05:30,8.1,8.1,7.9,7.9,8600,434300
3657,2022-07-15 09:57:00+05:30,8.0,8.0,7.95,7.95,5375,434300
3658,2022-07-15 09:58:00+05:30,7.95,8.2,7.95,8.2,4300,434300
3659,2022-07-15 09:59:00+05:30,8.2,8.2,7.95,7.95,12900,441825
3660,2022-07-15 10:00:00+05:30,8.05,8.1,8.05,8.1,5375,441825
3661,2022-07-15 10:01:00+05:30,8.1,8.3,8.1,8.2,7525,441825
3662,2022-07-15 10:02:00+05:30,8.2,8.25,8.15,8.25,19350,439675
3663,2022-07-15 10:03:00+05:30,8.25,8.4,8.2,8.25,24725,439675
3664,2022-07-15 10:04:00+05:30,8.25,8.25,8.15,8.2,6450,439675
3665,2022-07-15 10:05:00+05:30,8.2,8.3,8.1,8.15,7525,440750
3666,2022-07-15 10:06:00+05:30,8.15,8.15,8.15,8.15,0,440750
3667,2022-07-15 10:07:00+05:30,8.15,8.4,8.15,8.35,7525,440750
3668,2022-07-15 10:08:00+05:30,8.45,8.45,8.25,8.25,9675,432150
3669,2022-07-15 10:09:00+05:30,8.25,8.3,8.25,8.3,4300,432150
3670,2022-07-15 10:10:00+05:30,8.3,8.4,8.3,8.4,3225,432150
3671,2022-07-15 10:11:00+05:30,8.4,8.4,8.3,8.3,1075,426775
3672,2022-07-15 10:12:00+05:30,8.3,8.3,8.3,8.3,2150,426775
3673,2022-07-15 10:13:00+05:30,8.3,8.4,8.3,8.4,1075,426775
3674,2022-07-15 10:14:00+05:30,8.5,9.1,8.5,8.95,29025,418175
3675,2022-07-15 10:15:00+05:30,8.95,9.3,8.85,8.9,81700,418175
3676,2022-07-15 10:16:00+05:30,8.9,8.9,8.7,8.8,12900,418175
3677,2022-07-15 10:17:00+05:30,8.8,8.8,8.65,8.8,9675,399900
3678,2022-07-15 10:18:00+05:30,8.8,8.8,8.65,8.65,5375,399900
3679,2022-07-15 10:19:00+05:30,8.75,8.75,8.75,8.75,1075,399900
3680,2022-07-15 10:20:00+05:30,8.75,9.0,8.75,8.8,3225,396675
3681,2022-07-15 10:21:00+05:30,8.8,8.85,8.8,8.85,2150,396675
3682,2022-07-15 10:22:00+05:30,8.85,8.85,8.8,8.8,2150,396675
3683,2022-07-15 10:23:00+05:30,8.75,8.85,8.75,8.85,11825,397750
3684,2022-07-15 10:24:00+05:30,8.85,8.9,8.85,8.85,3225,397750
3685,2022-07-15 10:25:00+05:30,8.85,8.9,8.8,8.9,8600,397750
3686,2022-07-15 10:26:00+05:30,8.9,9.0,8.9,9.0,5375,391300
3687,2022-07-15 10:27:00+05:30,9.0,9.0,8.95,9.0,4300,391300
3688,2022-07-15 10:28:00+05:30,9.0,9.0,8.8,8.8,5375,391300
3689,2022-07-15 10:29:00+05:30,8.8,8.85,8.8,8.8,6450,393450
3690,2022-07-15 10:30:00+05:30,8.8,9.0,8.8,9.0,9675,393450
3691,2022-07-15 10:31:00+05:30,9.0,9.05,9.0,9.05,1075,393450
3692,2022-07-15 10:32:00+05:30,9.05,9.25,9.05,9.05,13975,383775
3693,2022-07-15 10:33:00+05:30,9.1,9.1,9.05,9.05,2150,383775
3694,2022-07-15 10:34:00+05:30,9.05,9.05,9.05,9.05,0,383775
3695,2022-07-15 10:35:00+05:30,9.0,9.2,9.0,9.2,4300,379475
3696,2022-07-15 10:36:00+05:30,9.1,9.3,9.1,9.3,12900,379475
3697,2022-07-15 10:37:00+05:30,9.3,9.3,9.15,9.2,12900,379475
3698,2022-07-15 10:38:00+05:30,9.2,9.2,9.2,9.2,2150,379475
3699,2022-07-15 10:39:00+05:30,9.2,9.35,9.2,9.35,7525,366575
3700,2022-07-15 10:40:00+05:30,9.35,9.35,9.2,9.2,2150,366575
3701,2022-07-15 10:41:00+05:30,9.2,9.5,9.2,9.45,10750,369800
3702,2022-07-15 10:42:00+05:30,9.45,9.45,9.25,9.25,5375,369800
3703,2022-07-15 10:43:00+05:30,9.25,9.25,9.25,9.25,0,369800
3704,2022-07-15 10:44:00+05:30,9.25,9.25,9.1,9.1,2150,369800
3705,2022-07-15 10:45:00+05:30,9.15,9.15,8.85,9.0,13975,374100
3706,2022-07-15 10:46:00+05:30,9.0,9.0,8.8,8.8,5375,374100
3707,2022-07-15 10:47:00+05:30,8.7,8.8,8.55,8.6,11825,379475
3708,2022-07-15 10:48:00+05:30,8.6,8.85,8.6,8.85,18275,379475
3709,2022-07-15 10:49:00+05:30,8.85,8.85,8.85,8.85,1075,379475
3710,2022-07-15 10:50:00+05:30,8.85,8.85,8.7,8.7,2150,379475
3711,2022-07-15 10:51:00+05:30,8.7,8.7,8.6,8.6,1075,370875
3712,2022-07-15 10:52:00+05:30,8.6,8.65,8.6,8.6,1075,370875
3713,2022-07-15 10:53:00+05:30,8.6,8.9,8.6,8.9,7525,374100
3714,2022-07-15 10:54:00+05:30,8.9,9.15,8.8,9.15,5375,374100
3715,2022-07-15 10:55:00+05:30,9.15,9.15,8.95,8.95,10750,374100
3716,2022-07-15 10:56:00+05:30,9.1,9.1,9.05,9.05,3225,374100
3717,2022-07-15 10:57:00+05:30,9.05,9.2,9.05,9.2,2150,383775
3718,2022-07-15 10:58:00+05:30,9.4,9.65,9.4,9.5,29025,383775
3719,2022-07-15 10:59:00+05:30,9.5,9.55,9.5,9.55,3225,383775
3720,2022-07-15 11:00:00+05:30,9.55,9.55,9.15,9.15,5375,389150
3721,2022-07-15 11:01:00+05:30,9.25,9.25,9.1,9.1,4300,389150
3722,2022-07-15 11:02:00+05:30,9.1,9.25,9.0,9.0,5375,390225
3723,2022-07-15 11:03:00+05:30,9.0,9.0,8.9,8.9,8600,390225
3724,2022-07-15 11:04:00+05:30,8.9,8.9,8.6,8.6,13975,390225
3725,2022-07-15 11:05:00+05:30,8.65,8.85,8.6,8.85,12900,373025
3726,2022-07-15 11:06:00+05:30,8.85,8.85,8.6,8.6,11825,373025
3727,2022-07-15 11:07:00+05:30,8.6,8.6,8.6,8.6,1075,373025
3728,2022-07-15 11:08:00+05:30,8.6,8.6,8.55,8.55,2150,373025
3729,2022-07-15 11:09:00+05:30,8.6,8.6,8.4,8.45,10750,370875
3730,2022-07-15 11:10:00+05:30,8.45,8.45,8.4,8.4,2150,370875
3731,2022-07-15 11:11:00+05:30,8.4,8.55,8.3,8.55,2150,376250
3732,2022-07-15 11:12:00+05:30,8.6,8.6,8.6,8.6,2150,376250
3733,2022-07-15 11:13:00+05:30,8.6,8.6,8.6,8.6,0,376250
3734,2022-07-15 11:14:00+05:30,8.6,8.6,8.6,8.6,0,376250
3735,2022-07-15 11:15:00+05:30,8.6,8.6,8.5,8.6,2150,377325
3736,2022-07-15 11:16:00+05:30,8.6,8.7,8.55,8.55,4300,377325
3737,2022-07-15 11:17:00+05:30,8.55,8.55,8.55,8.55,0,377325
3738,2022-07-15 11:18:00+05:30,8.55,8.65,8.55,8.55,6450,382700
3739,2022-07-15 11:19:00+05:30,8.55,8.6,8.55,8.6,2150,382700
3740,2022-07-15 11:20:00+05:30,8.6,8.6,8.6,8.6,0,382700
3741,2022-07-15 11:21:00+05:30,8.6,8.8,8.6,8.8,1075,380550
3742,2022-07-15 11:22:00+05:30,8.8,8.8,8.8,8.8,0,380550
3743,2022-07-15 11:23:00+05:30,8.8,8.8,8.7,8.7,1075,380550
3744,2022-07-15 11:24:00+05:30,8.7,8.7,8.7,8.7,1075,380550
3745,2022-07-15 11:25:00+05:30,8.7,8.7,8.7,8.7,3225,380550
3746,2022-07-15 11:26:00+05:30,8.7,8.7,8.65,8.65,1075,380550
3747,2022-07-15 11:27:00+05:30,8.65,8.65,8.65,8.65,0,380550
3748,2022-07-15 11:28:00+05:30,8.65,8.65,8.65,8.65,1075,382700
3749,2022-07-15 11:29:00+05:30,8.8,8.9,8.8,8.9,4300,382700
3750,2022-07-15 11:30:00+05:30,8.8,8.9,8.8,8.9,3225,384850
3751,2022-07-15 11:31:00+05:30,9.0,9.0,8.65,8.7,12900,384850
3752,2022-07-15 11:32:00+05:30,8.7,8.7,8.7,8.7,0,384850
3753,2022-07-15 11:33:00+05:30,8.7,8.75,8.65,8.75,7525,388075
3754,2022-07-15 11:34:00+05:30,8.75,8.75,8.75,8.75,0,388075
3755,2022-07-15 11:35:00+05:30,8.75,8.8,8.75,8.8,1075,388075
3756,2022-07-15 11:36:00+05:30,8.8,8.8,8.65,8.65,1075,390225
3757,2022-07-15 11:37:00+05:30,8.65,8.65,8.45,8.45,0,390225
3758,2022-07-15 11:38:00+05:30,8.45,8.45,8.45,8.45,1075,390225
3759,2022-07-15 11:39:00+05:30,8.45,8.55,8.45,8.55,3225,390225
3760,2022-07-15 11:40:00+05:30,8.55,8.55,8.55,8.55,0,390225
3761,2022-07-15 11:41:00+05:30,8.55,8.55,8.45,8.45,2150,390225
3762,2022-07-15 11:42:00+05:30,8.45,8.65,8.45,8.65,2150,393450
3763,2022-07-15 11:43:00+05:30,8.65,8.65,8.55,8.55,3225,393450
3764,2022-07-15 11:44:00+05:30,8.55,8.55,8.5,8.5,2150,398825
3765,2022-07-15 11:45:00+05:30,8.6,8.6,8.6,8.6,4300,398825
3766,2022-07-15 11:46:00+05:30,8.75,8.8,8.75,8.8,2150,398825
3767,2022-07-15 11:47:00+05:30,8.8,8.8,8.75,8.75,1075,402050
3768,2022-07-15 11:48:00+05:30,8.75,8.75,8.75,8.75,0,402050
3769,2022-07-15 11:49:00+05:30,8.75,8.85,8.75,8.8,2150,402050
3770,2022-07-15 11:50:00+05:30,8.8,8.8,8.7,8.7,3225,407425
3771,2022-07-15 11:51:00+05:30,8.7,8.7,8.7,8.7,1075,407425
3772,2022-07-15 11:52:00+05:30,8.7,8.7,8.65,8.65,3225,407425
3773,2022-07-15 11:53:00+05:30,8.65,8.7,8.65,8.7,1075,407425
3774,2022-07-15 11:54:00+05:30,8.7,8.7,8.7,8.7,0,407425
3775,2022-07-15 11:55:00+05:30,8.7,8.85,8.7,8.75,13975,407425
3776,2022-07-15 11:56:00+05:30,8.75,8.75,8.55,8.55,0,413875
3777,2022-07-15 11:57:00+05:30,8.55,8.55,8.55,8.55,2150,413875
3778,2022-07-15 11:58:00+05:30,8.55,8.55,8.45,8.45,1075,413875
3779,2022-07-15 11:59:00+05:30,8.45,8.45,8.45,8.45,2150,412800
3780,2022-07-15 12:00:00+05:30,8.45,8.45,8.4,8.4,3225,412800
3781,2022-07-15 12:01:00+05:30,8.4,8.4,8.4,8.4,0,412800
3782,2022-07-15 12:02:00+05:30,8.4,8.4,8.1,8.1,6450,420325
3783,2022-07-15 12:03:00+05:30,8.1,8.15,8.1,8.15,3225,420325
3784,2022-07-15 12:04:00+05:30,8.15,8.2,7.95,8.05,11825,420325
3785,2022-07-15 12:05:00+05:30,8.05,8.05,7.8,7.95,10750,427850
3786,2022-07-15 12:06:00+05:30,7.95,8.0,7.95,8.0,1075,427850
3787,2022-07-15 12:07:00+05:30,8.0,8.0,7.9,7.9,4300,427850
3788,2022-07-15 12:08:00+05:30,7.9,7.9,7.8,7.8,1075,427850
3789,2022-07-15 12:09:00+05:30,7.8,7.8,7.45,7.5,21500,428925
3790,2022-07-15 12:10:00+05:30,7.5,7.55,7.5,7.5,3225,428925
3791,2022-07-15 12:11:00+05:30,7.5,7.7,7.5,7.7,1075,428925
3792,2022-07-15 12:12:00+05:30,7.7,7.7,7.7,7.7,0,428925
3793,2022-07-15 12:13:00+05:30,7.75,7.75,7.55,7.55,3225,435375
3794,2022-07-15 12:14:00+05:30,7.55,7.9,7.55,7.9,1075,435375
3795,2022-07-15 12:15:00+05:30,7.9,7.9,7.7,7.7,1075,436450
3796,2022-07-15 12:16:00+05:30,7.7,7.7,7.7,7.7,0,436450
3797,2022-07-15 12:17:00+05:30,7.7,8.0,7.7,8.0,1075,436450
3798,2022-07-15 12:18:00+05:30,8.0,8.0,8.0,8.0,0,436450
3799,2022-07-15 12:19:00+05:30,8.0,8.0,7.7,7.7,2150,436450
3800,2022-07-15 12:20:00+05:30,7.7,7.7,7.7,7.7,1075,438600
3801,2022-07-15 12:21:00+05:30,7.75,7.8,7.75,7.8,2150,438600
3802,2022-07-15 12:22:00+05:30,7.8,7.8,7.8,7.8,0,438600
3803,2022-07-15 12:23:00+05:30,7.8,7.8,7.75,7.75,1075,438600
3804,2022-07-15 12:24:00+05:30,7.75,7.75,7.75,7.75,0,438600
3805,2022-07-15 12:25:00+05:30,7.75,7.8,7.7,7.75,6450,436450
3806,2022-07-15 12:26:00+05:30,7.7,7.7,7.4,7.4,8600,439675
3807,2022-07-15 12:27:00+05:30,7.4,7.6,7.35,7.6,8600,439675
3808,2022-07-15 12:28:00+05:30,7.55,7.55,7.5,7.5,5375,439675
3809,2022-07-15 12:29:00+05:30,7.6,7.75,7.6,7.75,2150,439675
3810,2022-07-15 12:30:00+05:30,7.75,7.85,7.75,7.85,1075,442900
3811,2022-07-15 12:31:00+05:30,7.85,7.85,7.75,7.75,1075,442900
3812,2022-07-15 12:32:00+05:30,7.75,7.75,7.75,7.75,0,442900
3813,2022-07-15 12:33:00+05:30,7.75,7.75,7.65,7.65,7525,445050
3814,2022-07-15 12:34:00+05:30,7.65,7.65,7.65,7.65,1075,445050
3815,2022-07-15 12:35:00+05:30,7.65,7.75,7.65,7.75,2150,445050
3816,2022-07-15 12:36:00+05:30,7.7,7.7,7.55,7.55,2150,445050
3817,2022-07-15 12:37:00+05:30,7.55,7.55,7.5,7.5,1075,445050
3818,2022-07-15 12:38:00+05:30,7.5,7.5,7.5,7.5,0,445050
3819,2022-07-15 12:39:00+05:30,7.5,7.5,7.5,7.5,0,445050
3820,2022-07-15 12:40:00+05:30,7.5,7.65,7.5,7.65,1075,445050
3821,2022-07-15 12:41:00+05:30,7.65,7.65,7.5,7.5,0,445050
3822,2022-07-15 12:42:00+05:30,7.5,7.5,7.5,7.5,2150,445050
3823,2022-07-15 12:43:00+05:30,7.5,7.5,7.5,7.5,0,445050
3824,2022-07-15 12:44:00+05:30,7.5,7.6,7.45,7.6,18275,445050
3825,2022-07-15 12:45:00+05:30,7.6,7.6,7.45,7.45,7525,445050
3826,2022-07-15 12:46:00+05:30,7.45,7.45,7.45,7.45,2150,445050
3827,2022-07-15 12:47:00+05:30,7.45,7.5,7.45,7.5,1075,445050
3828,2022-07-15 12:48:00+05:30,7.5,7.65,7.5,7.5,2150,446125
3829,2022-07-15 12:49:00+05:30,7.5,7.75,7.5,7.7,9675,446125
3830,2022-07-15 12:50:00+05:30,7.7,7.85,7.7,7.8,5375,446125
3831,2022-07-15 12:51:00+05:30,7.8,7.8,7.7,7.7,3225,450425
3832,2022-07-15 12:52:00+05:30,7.7,7.8,7.7,7.8,3225,450425
3833,2022-07-15 12:53:00+05:30,7.8,7.9,7.8,7.9,3225,450425
3834,2022-07-15 12:54:00+05:30,7.9,8.0,7.9,8.0,2150,450425
3835,2022-07-15 12:55:00+05:30,8.0,8.0,7.9,7.9,3225,450425
3836,2022-07-15 12:56:00+05:30,7.9,7.9,7.9,7.9,0,450425
3837,2022-07-15 12:57:00+05:30,7.9,7.9,7.8,7.8,3225,450425
3838,2022-07-15 12:58:00+05:30,7.8,7.8,7.8,7.8,0,450425
3839,2022-07-15 12:59:00+05:30,7.8,7.8,7.8,7.8,0,450425
3840,2022-07-15 13:00:00+05:30,7.8,8.0,7.8,8.0,2150,448275
3841,2022-07-15 13:01:00+05:30,8.0,8.05,7.95,8.05,2150,448275
3842,2022-07-15 13:02:00+05:30,8.05,8.05,8.05,8.05,1075,448275
3843,2022-07-15 13:03:00+05:30,8.05,8.05,7.85,7.85,1075,448275
3844,2022-07-15 13:04:00+05:30,7.85,7.9,7.85,7.9,1075,448275
3845,2022-07-15 13:05:00+05:30,7.9,8.1,7.9,8.1,1075,448275
3846,2022-07-15 13:06:00+05:30,8.1,8.1,8.1,8.1,0,446125
3847,2022-07-15 13:07:00+05:30,8.0,8.05,7.95,7.95,6450,446125
3848,2022-07-15 13:08:00+05:30,7.95,7.95,7.95,7.95,0,446125
3849,2022-07-15 13:09:00+05:30,7.95,8.0,7.95,8.0,1075,446125
3850,2022-07-15 13:10:00+05:30,8.0,8.0,7.95,7.95,3225,446125
3851,2022-07-15 13:11:00+05:30,7.95,8.1,7.95,8.1,1075,446125
3852,2022-07-15 13:12:00+05:30,8.1,8.1,8.05,8.05,1075,448275
3853,2022-07-15 13:13:00+05:30,8.05,8.05,8.05,8.05,0,448275
3854,2022-07-15 13:14:00+05:30,8.05,8.05,8.0,8.0,2150,448275
3855,2022-07-15 13:15:00+05:30,8.0,8.1,8.0,8.1,1075,449350
3856,2022-07-15 13:16:00+05:30,8.1,8.1,7.85,7.85,3225,449350
3857,2022-07-15 13:17:00+05:30,7.85,7.85,7.85,7.85,0,449350
3858,2022-07-15 13:18:00+05:30,7.85,7.85,7.85,7.85,0,449350
3859,2022-07-15 13:19:00+05:30,7.85,7.85,7.85,7.85,0,449350
3860,2022-07-15 13:20:00+05:30,7.85,7.85,7.85,7.85,0,449350
3861,2022-07-15 13:21:00+05:30,7.85,7.85,7.85,7.85,0,449350
3862,2022-07-15 13:22:00+05:30,7.85,7.85,7.7,7.7,1075,448275
3863,2022-07-15 13:23:00+05:30,7.7,7.7,7.55,7.55,4300,448275
3864,2022-07-15 13:24:00+05:30,7.55,7.55,7.5,7.5,3225,448275
3865,2022-07-15 13:25:00+05:30,7.5,7.5,7.5,7.5,0,448275
3866,2022-07-15 13:26:00+05:30,7.5,7.7,7.5,7.7,2150,448275
3867,2022-07-15 13:27:00+05:30,7.5,7.5,7.5,7.5,2150,449350
3868,2022-07-15 13:28:00+05:30,7.5,7.5,7.5,7.5,0,449350
3869,2022-07-15 13:29:00+05:30,7.5,7.5,7.5,7.5,0,449350
3870,2022-07-15 13:30:00+05:30,7.5,7.5,7.5,7.5,0,448275
3871,2022-07-15 13:31:00+05:30,7.5,7.5,7.5,7.5,11825,448275
3872,2022-07-15 13:32:00+05:30,7.5,7.5,7.4,7.5,1075,448275
3873,2022-07-15 13:33:00+05:30,7.5,7.5,7.5,7.5,1075,448275
3874,2022-07-15 13:34:00+05:30,7.5,7.5,7.5,7.5,0,448275
3875,2022-07-15 13:35:00+05:30,7.5,7.5,7.5,7.5,0,448275
3876,2022-07-15 13:36:00+05:30,7.5,7.5,7.5,7.5,0,448275
3877,2022-07-15 13:37:00+05:30,7.5,7.6,7.5,7.55,3225,455800
3878,2022-07-15 13:38:00+05:30,7.55,7.55,7.55,7.55,0,455800
3879,2022-07-15 13:39:00+05:30,7.55,7.7,7.55,7.7,1075,457950
3880,2022-07-15 13:40:00+05:30,7.7,7.7,7.7,7.7,0,457950
3881,2022-07-15 13:41:00+05:30,7.7,7.7,7.7,7.7,0,457950
3882,2022-07-15 13:42:00+05:30,7.7,7.7,7.5,7.5,1075,456875
3883,2022-07-15 13:43:00+05:30,7.5,7.5,7.5,7.5,0,456875
3884,2022-07-15 13:44:00+05:30,7.5,7.65,7.5,7.65,1075,456875
3885,2022-07-15 13:45:00+05:30,7.5,7.5,7.35,7.35,4300,457950
3886,2022-07-15 13:46:00+05:30,7.35,7.35,7.05,7.25,2150,457950
3887,2022-07-15 13:47:00+05:30,7.15,7.25,7.15,7.15,2150,457950
3888,2022-07-15 13:48:00+05:30,7.15,7.15,7.15,7.15,0,457950
3889,2022-07-15 13:49:00+05:30,7.15,7.2,7.15,7.2,1075,460100
3890,2022-07-15 13:50:00+05:30,7.2,7.2,7.2,7.2,1075,460100
3891,2022-07-15 13:51:00+05:30,7.2,7.2,7.2,7.2,0,460100
3892,2022-07-15 13:52:00+05:30,7.2,7.4,7.2,7.4,3225,459025
3893,2022-07-15 13:53:00+05:30,7.4,7.4,7.4,7.4,0,459025
3894,2022-07-15 13:54:00+05:30,7.4,7.8,7.4,7.8,4300,457950
3895,2022-07-15 13:55:00+05:30,7.8,7.8,7.8,7.8,0,457950
3896,2022-07-15 13:56:00+05:30,7.8,7.8,7.75,7.75,1075,457950
3897,2022-07-15 13:57:00+05:30,7.75,7.8,7.7,7.75,3225,462250
3898,2022-07-15 13:58:00+05:30,7.75,7.85,7.75,7.8,2150,462250
3899,2022-07-15 13:59:00+05:30,7.8,7.8,7.8,7.8,1075,462250
3900,2022-07-15 14:00:00+05:30,7.8,7.8,7.8,7.8,1075,463325
3901,2022-07-15 14:01:00+05:30,7.8,7.8,7.7,7.7,3225,463325
3902,2022-07-15 14:02:00+05:30,7.7,7.7,7.7,7.7,0,463325
3903,2022-07-15 14:03:00+05:30,7.7,7.7,7.7,7.7,0,463325
3904,2022-07-15 14:04:00+05:30,7.7,7.7,7.7,7.7,0,463325
3905,2022-07-15 14:05:00+05:30,7.7,7.7,7.65,7.65,1075,462250
3906,2022-07-15 14:06:00+05:30,7.65,7.65,7.65,7.65,0,462250
3907,2022-07-15 14:07:00+05:30,7.65,7.65,7.6,7.6,1075,461175
3908,2022-07-15 14:08:00+05:30,7.6,7.6,7.5,7.5,2150,461175
3909,2022-07-15 14:09:00+05:30,7.5,7.5,7.5,7.5,0,461175
3910,2022-07-15 14:10:00+05:30,7.5,7.6,7.5,7.6,2150,460100
3911,2022-07-15 14:11:00+05:30,7.6,7.85,7.6,7.8,2150,460100
3912,2022-07-15 14:12:00+05:30,7.8,7.8,7.8,7.8,0,460100
3913,2022-07-15 14:13:00+05:30,7.8,7.85,7.8,7.85,2150,457950
3914,2022-07-15 14:14:00+05:30,7.85,7.9,7.85,7.9,1075,457950
3915,2022-07-15 14:15:00+05:30,8.0,8.0,8.0,8.0,2150,457950
3916,2022-07-15 14:16:00+05:30,8.0,8.25,8.0,8.0,4300,457950
3917,2022-07-15 14:17:00+05:30,8.0,8.0,8.0,8.0,1075,457950
3918,2022-07-15 14:18:00+05:30,8.0,8.0,8.0,8.0,1075,457950
3919,2022-07-15 14:19:00+05:30,8.0,8.05,8.0,8.05,1075,459025
3920,2022-07-15 14:20:00+05:30,8.05,8.3,8.05,8.3,3225,459025
3921,2022-07-15 14:21:00+05:30,8.3,8.35,8.2,8.2,3225,459025
3922,2022-07-15 14:22:00+05:30,8.2,8.2,8.2,8.2,0,459025
3923,2022-07-15 14:23:00+05:30,8.2,8.2,8.2,8.2,0,459025
3924,2022-07-15 14:24:00+05:30,8.2,8.2,8.2,8.2,0,459025
3925,2022-07-15 14:25:00+05:30,8.2,8.2,8.2,8.2,4300,459025
3926,2022-07-15 14:26:00+05:30,8.2,8.2,8.2,8.2,1075,459025
3927,2022-07-15 14:27:00+05:30,8.2,8.2,8.2,8.2,0,459025
3928,2022-07-15 14:28:00+05:30,8.2,8.25,8.2,8.25,1075,438600
3929,2022-07-15 14:29:00+05:30,8.25,8.25,8.05,8.1,3225,438600
3930,2022-07-15 14:30:00+05:30,8.1,8.1,7.9,7.95,4300,436450
3931,2022-07-15 14:31:00+05:30,7.95,7.95,7.95,7.95,0,436450
3932,2022-07-15 14:32:00+05:30,7.95,7.95,7.95,7.95,0,436450
3933,2022-07-15 14:33:00+05:30,7.95,7.95,7.9,7.9,1075,435375
3934,2022-07-15 14:34:00+05:30,7.9,7.9,7.9,7.9,0,435375
3935,2022-07-15 14:35:00+05:30,7.9,8.0,7.9,8.0,2150,435375
3936,2022-07-15 14:36:00+05:30,8.0,8.0,8.0,8.0,0,435375
3937,2022-07-15 14:37:00+05:30,8.0,8.3,8.0,8.3,3225,434300
3938,2022-07-15 14:38:00+05:30,8.3,8.4,8.3,8.4,1075,434300
3939,2022-07-15 14:39:00+05:30,8.4,8.4,8.3,8.3,13975,437525
3940,2022-07-15 14:40:00+05:30,8.3,8.4,8.3,8.4,2150,437525
3941,2022-07-15 14:41:00+05:30,8.4,8.5,8.4,8.5,5375,437525
3942,2022-07-15 14:42:00+05:30,8.5,8.5,8.35,8.35,1075,448275
3943,2022-07-15 14:43:00+05:30,8.35,8.35,8.2,8.2,3225,448275
3944,2022-07-15 14:44:00+05:30,8.15,8.2,8.1,8.2,7525,448275
3945,2022-07-15 14:45:00+05:30,8.25,8.3,8.2,8.2,5375,441825
3946,2022-07-15 14:46:00+05:30,8.2,8.2,8.1,8.1,9675,441825
3947,2022-07-15 14:47:00+05:30,8.1,8.15,8.1,8.15,1075,441825
3948,2022-07-15 14:48:00+05:30,8.15,8.15,8.1,8.1,1075,451500
3949,2022-07-15 14:49:00+05:30,8.1,8.1,8.1,8.1,3225,451500
3950,2022-07-15 14:50:00+05:30,8.1,8.15,8.1,8.15,4300,451500
3951,2022-07-15 14:51:00+05:30,8.2,8.2,8.15,8.15,2150,449350
3952,2022-07-15 14:52:00+05:30,8.15,8.15,8.15,8.15,0,449350
3953,2022-07-15 14:53:00+05:30,8.15,8.15,7.85,7.95,4300,449350
3954,2022-07-15 14:54:00+05:30,7.95,8.2,7.95,8.2,11825,446125
3955,2022-07-15 14:55:00+05:30,8.2,8.2,8.15,8.15,1075,446125
3956,2022-07-15 14:56:00+05:30,8.15,8.15,8.15,8.15,1075,446125
3957,2022-07-15 14:57:00+05:30,8.15,8.15,8.15,8.15,0,446125
3958,2022-07-15 14:58:00+05:30,8.15,8.2,8.15,8.2,1075,453650
3959,2022-07-15 14:59:00+05:30,8.2,8.2,8.05,8.1,4300,453650
3960,2022-07-15 15:00:00+05:30,8.1,8.3,8.1,8.3,12900,453650
3961,2022-07-15 15:01:00+05:30,8.3,8.3,8.15,8.15,3225,446125
3962,2022-07-15 15:02:00+05:30,8.15,8.15,8.15,8.15,0,446125
3963,2022-07-15 15:03:00+05:30,8.15,8.2,8.0,8.2,2150,446125
3964,2022-07-15 15:04:00+05:30,8.2,8.25,8.2,8.25,1075,446125
3965,2022-07-15 15:05:00+05:30,8.25,8.45,8.25,8.45,1075,446125
3966,2022-07-15 15:06:00+05:30,8.45,8.6,8.45,8.6,20425,445050
3967,2022-07-15 15:07:00+05:30,8.6,8.6,8.5,8.5,6450,445050
3968,2022-07-15 15:08:00+05:30,8.5,8.55,8.5,8.5,24725,445050
3969,2022-07-15 15:09:00+05:30,8.5,8.5,8.4,8.4,3225,419250
3970,2022-07-15 15:10:00+05:30,8.4,8.45,8.4,8.45,5375,419250
3971,2022-07-15 15:11:00+05:30,8.45,8.5,8.45,8.45,9675,419250
3972,2022-07-15 15:12:00+05:30,8.45,8.55,8.45,8.55,1075,416025
3973,2022-07-15 15:13:00+05:30,8.55,8.6,8.55,8.6,2150,416025
3974,2022-07-15 15:14:00+05:30,8.6,8.65,8.6,8.65,2150,416025
3975,2022-07-15 15:15:00+05:30,8.55,8.55,8.5,8.5,13975,407425
3976,2022-07-15 15:16:00+05:30,8.5,8.55,8.5,8.55,2150,407425
3977,2022-07-15 15:17:00+05:30,8.55,8.55,8.5,8.5,2150,407425
3978,2022-07-15 15:18:00+05:30,8.45,8.6,8.45,8.6,1075,403125
3979,2022-07-15 15:19:00+05:30,8.6,8.6,8.35,8.35,2150,403125
3980,2022-07-15 15:20:00+05:30,8.35,8.45,8.25,8.25,3225,403125
3981,2022-07-15 15:21:00+05:30,8.25,8.45,8.25,8.45,5375,403125
3982,2022-07-15 15:22:00+05:30,8.45,8.45,8.45,8.45,0,403125
3983,2022-07-15 15:23:00+05:30,8.45,8.45,8.25,8.25,2150,404200
3984,2022-07-15 15:24:00+05:30,8.25,8.3,8.25,8.3,3225,402050
3985,2022-07-15 15:25:00+05:30,8.3,8.35,8.3,8.35,3225,402050
3986,2022-07-15 15:26:00+05:30,8.35,8.35,8.25,8.25,5375,402050
3987,2022-07-15 15:27:00+05:30,8.25,8.3,8.25,8.25,4300,397750
3988,2022-07-15 15:28:00+05:30,8.25,8.35,8.25,8.35,2150,397750
3989,2022-07-15 15:29:00+05:30,8.35,8.35,8.3,8.3,5375,397750
3990,2022-07-18 09:15:00+05:30,9.5,11.4,9.5,11.4,0,390225
3991,2022-07-18 09:16:00+05:30,11.4,11.8,11.3,11.7,105350,390225
3992,2022-07-18 09:17:00+05:30,11.7,11.7,11.2,11.3,49450,377325
3993,2022-07-18 09:18:00+05:30,11.2,11.3,10.6,11.3,41925,377325
3994,2022-07-18 09:19:00+05:30,11.3,11.9,11.3,11.7,18275,377325
3995,2022-07-18 09:20:00+05:30,11.7,12.45,11.7,12.15,54825,391300
3996,2022-07-18 09:21:00+05:30,12.35,12.5,11.95,12.3,15050,391300
3997,2022-07-18 09:22:00+05:30,12.3,12.65,12.25,12.45,24725,391300
3998,2022-07-18 09:23:00+05:30,12.25,12.75,11.85,12.75,48375,391300
3999,2022-07-18 09:24:00+05:30,12.6,12.95,12.4,12.7,16125,391300
4000,2022-07-18 09:25:00+05:30,13.0,13.0,12.3,12.5,26875,391300
4001,2022-07-18 09:26:00+05:30,12.5,12.8,12.5,12.65,7525,375175
4002,2022-07-18 09:27:00+05:30,12.7,12.7,12.55,12.7,2150,375175
4003,2022-07-18 09:28:00+05:30,12.7,12.7,12.1,12.35,10750,375175
4004,2022-07-18 09:29:00+05:30,12.35,12.7,12.35,12.7,19350,373025
4005,2022-07-18 09:30:00+05:30,12.7,12.7,12.7,12.7,4300,373025
4006,2022-07-18 09:31:00+05:30,12.7,12.7,12.4,12.4,8600,373025
4007,2022-07-18 09:32:00+05:30,12.4,12.5,12.2,12.2,5375,368725
4008,2022-07-18 09:33:00+05:30,12.4,12.4,11.9,12.05,23650,368725
4009,2022-07-18 09:34:00+05:30,12.25,12.5,12.1,12.35,9675,368725
4010,2022-07-18 09:35:00+05:30,12.35,12.7,12.35,12.7,3225,371950
4011,2022-07-18 09:36:00+05:30,12.5,12.5,12.45,12.45,2150,371950
4012,2022-07-18 09:37:00+05:30,12.45,12.45,12.1,12.1,2150,371950
4013,2022-07-18 09:38:00+05:30,12.0,12.0,12.0,12.0,4300,369800
4014,2022-07-18 09:39:00+05:30,12.05,12.1,12.05,12.1,6450,369800
4015,2022-07-18 09:40:00+05:30,12.35,12.6,12.35,12.6,5375,369800
4016,2022-07-18 09:41:00+05:30,12.6,12.6,12.6,12.6,2150,369800
4017,2022-07-18 09:42:00+05:30,12.7,12.75,12.6,12.7,21500,374100
4018,2022-07-18 09:43:00+05:30,12.7,12.7,12.6,12.7,4300,374100
4019,2022-07-18 09:44:00+05:30,12.8,13.45,12.7,13.2,35475,366575
4020,2022-07-18 09:45:00+05:30,13.35,13.5,13.15,13.45,8600,366575
4021,2022-07-18 09:46:00+05:30,13.45,13.65,13.45,13.65,13975,366575
4022,2022-07-18 09:47:00+05:30,13.6,13.8,13.45,13.8,6450,364425
4023,2022-07-18 09:48:00+05:30,13.8,13.8,13.2,13.3,19350,364425
4024,2022-07-18 09:49:00+05:30,13.4,13.4,13.1,13.1,4300,364425
4025,2022-07-18 09:50:00+05:30,13.1,13.2,13.1,13.2,1075,364425
4026,2022-07-18 09:51:00+05:30,13.2,13.2,13.15,13.15,2150,364425
4027,2022-07-18 09:52:00+05:30,13.15,13.3,13.05,13.3,3225,364425
4028,2022-07-18 09:53:00+05:30,13.3,13.5,13.25,13.5,8600,364425
4029,2022-07-18 09:54:00+05:30,13.5,13.6,13.5,13.6,2150,364425
4030,2022-07-18 09:55:00+05:30,13.6,13.9,13.55,13.85,10750,364425
4031,2022-07-18 09:56:00+05:30,14.0,14.25,13.8,13.8,20425,359050
4032,2022-07-18 09:57:00+05:30,13.8,13.95,13.8,13.85,6450,359050
4033,2022-07-18 09:58:00+05:30,13.85,13.85,13.8,13.8,6450,359050
4034,2022-07-18 09:59:00+05:30,13.8,13.8,13.55,13.55,1075,361200
4035,2022-07-18 10:00:00+05:30,13.55,13.75,13.5,13.55,7525,361200
4036,2022-07-18 10:01:00+05:30,13.65,13.7,13.65,13.7,3225,361200
4037,2022-07-18 10:02:00+05:30,13.7,13.8,13.6,13.6,2150,359050
4038,2022-07-18 10:03:00+05:30,13.6,13.6,13.55,13.55,2150,359050
4039,2022-07-18 10:04:00+05:30,13.2,13.2,13.2,13.2,1075,359050
4040,2022-07-18 10:05:00+05:30,13.2,13.2,13.2,13.2,0,359050
4041,2022-07-18 10:06:00+05:30,13.2,13.2,13.2,13.2,0,359050
4042,2022-07-18 10:07:00+05:30,13.2,13.85,13.2,13.85,1075,356900
4043,2022-07-18 10:08:00+05:30,13.65,13.65,13.65,13.65,4300,359050
4044,2022-07-18 10:09:00+05:30,13.85,14.0,13.85,13.95,4300,359050
4045,2022-07-18 10:10:00+05:30,14.3,14.5,14.3,14.4,5375,359050
4046,2022-07-18 10:11:00+05:30,14.4,14.8,14.25,14.65,10750,365500
4047,2022-07-18 10:12:00+05:30,14.65,14.75,14.4,14.7,11825,365500
4048,2022-07-18 10:13:00+05:30,14.25,14.35,14.25,14.35,2150,365500
4049,2022-07-18 10:14:00+05:30,14.35,14.5,14.35,14.4,9675,365500
4050,2022-07-18 10:15:00+05:30,14.5,15.0,14.5,14.8,12900,362275
4051,2022-07-18 10:16:00+05:30,14.75,14.75,14.35,14.4,8600,362275
4052,2022-07-18 10:17:00+05:30,14.1,14.35,14.1,14.35,5375,362275
4053,2022-07-18 10:18:00+05:30,14.35,14.35,14.3,14.3,2150,364425
4054,2022-07-18 10:19:00+05:30,14.3,14.55,14.3,14.55,1075,364425
4055,2022-07-18 10:20:00+05:30,14.55,14.75,14.5,14.7,5375,365500
4056,2022-07-18 10:21:00+05:30,14.7,14.7,14.3,14.4,3225,365500
4057,2022-07-18 10:22:00+05:30,14.4,14.4,14.35,14.35,4300,365500
4058,2022-07-18 10:23:00+05:30,14.3,14.6,14.3,14.6,15050,364425
4059,2022-07-18 10:24:00+05:30,14.6,14.7,14.55,14.55,0,364425
4060,2022-07-18 10:25:00+05:30,14.55,14.7,14.55,14.7,7525,364425
4061,2022-07-18 10:26:00+05:30,14.7,15.1,14.7,14.95,4300,362275
4062,2022-07-18 10:27:00+05:30,14.95,14.95,14.65,14.65,3225,362275
4063,2022-07-18 10:28:00+05:30,14.65,14.7,14.65,14.7,2150,362275
4064,2022-07-18 10:29:00+05:30,14.7,14.75,14.7,14.75,0,359050
4065,2022-07-18 10:30:00+05:30,14.75,14.8,14.75,14.8,3225,359050
4066,2022-07-18 10:31:00+05:30,14.8,14.9,14.8,14.8,6450,359050
4067,2022-07-18 10:32:00+05:30,14.8,14.8,14.8,14.8,0,359050
4068,2022-07-18 10:33:00+05:30,14.8,14.8,14.8,14.8,1075,354750
4069,2022-07-18 10:34:00+05:30,14.8,14.8,14.55,14.55,2150,354750
4070,2022-07-18 10:35:00+05:30,14.5,14.5,14.45,14.45,4300,354750
4071,2022-07-18 10:36:00+05:30,14.45,14.45,13.95,14.0,8600,355825
4072,2022-07-18 10:37:00+05:30,14.0,14.15,14.0,14.15,2150,355825
4073,2022-07-18 10:38:00+05:30,14.15,14.15,13.8,13.85,6450,348300
4074,2022-07-18 10:39:00+05:30,13.8,14.15,13.75,14.15,4300,348300
4075,2022-07-18 10:40:00+05:30,14.15,14.3,14.15,14.3,1075,348300
4076,2022-07-18 10:41:00+05:30,14.3,14.75,14.3,14.65,6450,346150
4077,2022-07-18 10:42:00+05:30,14.65,14.65,14.45,14.45,3225,346150
4078,2022-07-18 10:43:00+05:30,14.45,14.45,14.35,14.35,3225,346150
4079,2022-07-18 10:44:00+05:30,14.35,14.35,14.35,14.35,0,346150
4080,2022-07-18 10:45:00+05:30,14.35,14.35,14.1,14.1,1075,346150
4081,2022-07-18 10:46:00+05:30,14.1,14.25,14.1,14.25,1075,346150
4082,2022-07-18 10:47:00+05:30,14.25,14.25,14.2,14.2,3225,346150
4083,2022-07-18 10:48:00+05:30,14.2,14.2,14.2,14.2,1075,346150
4084,2022-07-18 10:49:00+05:30,14.2,14.2,13.85,13.85,3225,346150
4085,2022-07-18 10:50:00+05:30,13.85,13.95,13.85,13.95,5375,347225
4086,2022-07-18 10:51:00+05:30,14.2,14.2,14.15,14.15,2150,347225
4087,2022-07-18 10:52:00+05:30,14.3,14.3,14.3,14.3,1075,347225
4088,2022-07-18 10:53:00+05:30,14.3,14.55,14.3,14.55,1075,347225
4089,2022-07-18 10:54:00+05:30,14.55,14.55,14.2,14.2,2150,347225
4090,2022-07-18 10:55:00+05:30,14.2,14.55,14.2,14.55,3225,347225
4091,2022-07-18 10:56:00+05:30,14.55,14.85,14.55,14.85,2150,345075
4092,2022-07-18 10:57:00+05:30,14.85,15.1,14.85,15.1,8600,345075
4093,2022-07-18 10:58:00+05:30,15.1,15.1,15.1,15.1,2150,345075
4094,2022-07-18 10:59:00+05:30,14.75,14.75,14.65,14.65,5375,340775
4095,2022-07-18 11:00:00+05:30,14.65,14.75,14.65,14.75,3225,340775
4096,2022-07-18 11:01:00+05:30,14.75,14.75,14.55,14.55,2150,340775
4097,2022-07-18 11:02:00+05:30,14.55,14.6,14.55,14.6,1075,337550
4098,2022-07-18 11:03:00+05:30,14.6,14.8,14.6,14.65,10750,337550
4099,2022-07-18 11:04:00+05:30,14.7,14.8,14.65,14.8,5375,337550
4100,2022-07-18 11:05:00+05:30,14.8,14.8,14.65,14.65,1075,337550
4101,2022-07-18 11:06:00+05:30,14.65,14.7,14.65,14.7,1075,335400
4102,2022-07-18 11:07:00+05:30,14.7,14.7,14.65,14.65,1075,335400
4103,2022-07-18 11:08:00+05:30,14.65,14.65,14.65,14.65,0,335400
4104,2022-07-18 11:09:00+05:30,14.65,14.65,14.65,14.65,0,335400
4105,2022-07-18 11:10:00+05:30,14.65,14.9,14.65,14.8,1075,335400
4106,2022-07-18 11:11:00+05:30,14.8,15.25,14.8,15.15,11825,335400
4107,2022-07-18 11:12:00+05:30,15.15,15.3,15.0,15.0,6450,339700
4108,2022-07-18 11:13:00+05:30,15.0,15.0,15.0,15.0,2150,339700
4109,2022-07-18 11:14:00+05:30,15.0,15.05,15.0,15.05,1075,339700
4110,2022-07-18 11:15:00+05:30,15.05,15.4,15.05,15.4,2150,340775
4111,2022-07-18 11:16:00+05:30,15.4,15.6,15.2,15.2,5375,340775
4112,2022-07-18 11:17:00+05:30,15.2,15.6,15.05,15.05,6450,339700
4113,2022-07-18 11:18:00+05:30,15.05,15.05,15.05,15.05,5375,339700
4114,2022-07-18 11:19:00+05:30,15.05,15.05,14.95,15.0,2150,339700
4115,2022-07-18 11:20:00+05:30,15.0,15.0,15.0,15.0,5375,339700
4116,2022-07-18 11:21:00+05:30,15.0,15.0,15.0,15.0,0,339700
4117,2022-07-18 11:22:00+05:30,15.0,15.4,15.0,15.0,13975,331100
4118,2022-07-18 11:23:00+05:30,15.0,15.0,14.75,14.9,4300,336475
4119,2022-07-18 11:24:00+05:30,14.9,14.9,14.85,14.85,1075,336475
4120,2022-07-18 11:25:00+05:30,14.85,14.85,14.65,14.65,1075,336475
4121,2022-07-18 11:26:00+05:30,14.85,15.0,14.85,15.0,3225,336475
4122,2022-07-18 11:27:00+05:30,15.0,15.0,15.0,15.0,0,336475
4123,2022-07-18 11:28:00+05:30,15.0,15.0,14.9,14.9,2150,338625
4124,2022-07-18 11:29:00+05:30,15.05,15.05,14.85,14.85,1075,336475
4125,2022-07-18 11:30:00+05:30,14.85,15.05,14.85,15.05,2150,336475
4126,2022-07-18 11:31:00+05:30,15.05,15.05,15.05,15.05,3225,336475
4127,2022-07-18 11:32:00+05:30,15.05,15.55,15.05,15.15,1075,334325
4128,2022-07-18 11:33:00+05:30,15.15,15.15,14.8,14.8,1075,334325
4129,2022-07-18 11:34:00+05:30,14.8,14.8,14.8,14.8,5375,334325
4130,2022-07-18 11:35:00+05:30,14.8,14.8,14.8,14.8,1075,334325
4131,2022-07-18 11:36:00+05:30,14.8,14.8,14.8,14.8,0,334325
4132,2022-07-18 11:37:00+05:30,15.0,15.0,15.0,15.0,1075,331100
4133,2022-07-18 11:38:00+05:30,15.0,15.05,15.0,15.05,1075,331100
4134,2022-07-18 11:39:00+05:30,15.05,15.05,15.05,15.05,0,331100
4135,2022-07-18 11:40:00+05:30,15.05,15.5,15.05,15.5,1075,330025
4136,2022-07-18 11:41:00+05:30,15.5,15.5,15.5,15.5,0,330025
4137,2022-07-18 11:42:00+05:30,15.5,15.5,15.5,15.5,0,330025
4138,2022-07-18 11:43:00+05:30,15.5,15.65,15.2,15.65,4300,330025
4139,2022-07-18 11:44:00+05:30,15.65,15.65,15.15,15.15,1075,330025
4140,2022-07-18 11:45:00+05:30,15.15,15.15,15.1,15.1,1075,327875
4141,2022-07-18 11:46:00+05:30,15.1,15.25,15.1,15.25,1075,327875
4142,2022-07-18 11:47:00+05:30,15.25,15.75,15.25,15.65,3225,331100
4143,2022-07-18 11:48:00+05:30,15.65,16.0,15.55,15.75,8600,331100
4144,2022-07-18 11:49:00+05:30,15.75,15.75,15.7,15.7,1075,331100
4145,2022-07-18 11:50:00+05:30,15.7,15.9,15.7,15.9,2150,334325
4146,2022-07-18 11:51:00+05:30,15.9,16.1,15.9,15.9,5375,334325
4147,2022-07-18 11:52:00+05:30,15.9,15.9,15.9,15.9,0,334325
4148,2022-07-18 11:53:00+05:30,15.9,15.9,15.9,15.9,0,334325
4149,2022-07-18 11:54:00+05:30,15.9,15.9,15.9,15.9,0,334325
4150,2022-07-18 11:55:00+05:30,15.9,15.9,15.45,15.45,2150,334325
4151,2022-07-18 11:56:00+05:30,15.45,15.45,15.4,15.4,1075,334325
4152,2022-07-18 11:57:00+05:30,15.4,15.4,15.4,15.4,0,334325
4153,2022-07-18 11:58:00+05:30,15.4,15.4,15.35,15.4,2150,336475
4154,2022-07-18 11:59:00+05:30,15.4,15.55,15.4,15.55,2150,336475
4155,2022-07-18 12:00:00+05:30,15.55,15.55,15.55,15.55,0,336475
4156,2022-07-18 12:01:00+05:30,15.55,15.95,15.55,15.95,2150,337550
4157,2022-07-18 12:02:00+05:30,15.95,16.0,15.85,15.85,2150,337550
4158,2022-07-18 12:03:00+05:30,15.85,16.0,15.85,16.0,1075,336475
4159,2022-07-18 12:04:00+05:30,16.0,16.0,16.0,16.0,0,336475
4160,2022-07-18 12:05:00+05:30,16.0,16.05,15.65,16.0,3225,336475
4161,2022-07-18 12:06:00+05:30,16.0,16.0,16.0,16.0,0,336475
4162,2022-07-18 12:07:00+05:30,16.0,16.1,16.0,16.1,1075,336475
4163,2022-07-18 12:08:00+05:30,16.1,16.1,16.1,16.1,0,336475
4164,2022-07-18 12:09:00+05:30,16.1,16.1,16.1,16.1,0,336475
4165,2022-07-18 12:10:00+05:30,16.1,16.4,16.1,16.3,2150,333250
4166,2022-07-18 12:11:00+05:30,16.3,16.3,16.3,16.3,0,333250
4167,2022-07-18 12:12:00+05:30,16.0,16.0,16.0,16.0,1075,334325
4168,2022-07-18 12:13:00+05:30,15.9,15.9,15.55,15.6,20425,334325
4169,2022-07-18 12:14:00+05:30,15.6,15.6,15.55,15.55,1075,334325
4170,2022-07-18 12:15:00+05:30,15.65,15.95,15.65,15.95,3225,337550
4171,2022-07-18 12:16:00+05:30,15.95,15.95,15.25,15.25,3225,337550
4172,2022-07-18 12:17:00+05:30,15.0,15.2,15.0,15.2,4300,337550
4173,2022-07-18 12:18:00+05:30,15.2,15.2,14.4,14.5,15050,339700
4174,2022-07-18 12:19:00+05:30,14.5,14.5,14.1,14.1,3225,339700
4175,2022-07-18 12:20:00+05:30,14.1,14.1,13.85,14.0,8600,339700
4176,2022-07-18 12:21:00+05:30,13.95,14.55,13.95,14.55,6450,332175
4177,2022-07-18 12:22:00+05:30,14.55,14.55,14.4,14.4,2150,332175
4178,2022-07-18 12:23:00+05:30,14.4,14.6,14.4,14.6,1075,332175
4179,2022-07-18 12:24:00+05:30,14.6,14.6,14.3,14.3,3225,332175
4180,2022-07-18 12:25:00+05:30,14.3,14.3,14.3,14.3,0,332175
4181,2022-07-18 12:26:00+05:30,14.3,14.3,14.3,14.3,0,332175
4182,2022-07-18 12:27:00+05:30,14.6,14.8,14.6,14.8,3225,335400
4183,2022-07-18 12:28:00+05:30,14.8,14.8,14.8,14.8,0,335400
4184,2022-07-18 12:29:00+05:30,14.8,14.8,14.8,14.8,0,335400
4185,2022-07-18 12:30:00+05:30,14.8,14.8,14.8,14.8,0,335400
4186,2022-07-18 12:31:00+05:30,14.8,14.8,14.6,14.6,0,336475
4187,2022-07-18 12:32:00+05:30,14.6,14.75,14.6,14.75,5375,336475
4188,2022-07-18 12:33:00+05:30,14.6,14.75,14.55,14.55,2150,337550
4189,2022-07-18 12:34:00+05:30,14.55,14.55,14.55,14.55,0,337550
4190,2022-07-18 12:35:00+05:30,14.55,14.55,14.55,14.55,0,337550
4191,2022-07-18 12:36:00+05:30,14.55,14.75,14.55,14.7,3225,337550
4192,2022-07-18 12:37:00+05:30,14.7,14.7,14.55,14.55,2150,337550
4193,2022-07-18 12:38:00+05:30,14.55,14.55,14.55,14.55,0,337550
4194,2022-07-18 12:39:00+05:30,14.55,14.55,14.55,14.55,0,337550
4195,2022-07-18 12:40:00+05:30,14.55,14.55,14.55,14.55,0,337550
4196,2022-07-18 12:41:00+05:30,14.55,14.75,14.55,14.75,0,336475
4197,2022-07-18 12:42:00+05:30,14.75,14.75,14.6,14.6,3225,337550
4198,2022-07-18 12:43:00+05:30,14.6,14.8,14.6,14.8,1075,337550
4199,2022-07-18 12:44:00+05:30,14.7,14.95,14.5,14.95,5375,337550
4200,2022-07-18 12:45:00+05:30,15.0,15.35,14.95,15.2,5375,336475
4201,2022-07-18 12:46:00+05:30,15.05,15.35,15.05,15.35,2150,336475
4202,2022-07-18 12:47:00+05:30,15.35,15.35,15.05,15.05,7525,336475
4203,2022-07-18 12:48:00+05:30,15.05,15.05,15.05,15.05,0,336475
4204,2022-07-18 12:49:00+05:30,14.7,14.7,14.6,14.6,6450,337550
4205,2022-07-18 12:50:00+05:30,14.6,14.7,14.6,14.65,5375,337550
4206,2022-07-18 12:51:00+05:30,14.85,14.9,14.85,14.9,2150,334325
4207,2022-07-18 12:52:00+05:30,14.9,14.9,14.55,14.65,2150,334325
4208,2022-07-18 12:53:00+05:30,14.65,14.95,14.65,14.9,4300,334325
4209,2022-07-18 12:54:00+05:30,14.9,14.9,14.9,14.9,0,334325
4210,2022-07-18 12:55:00+05:30,14.9,15.1,14.9,15.0,4300,328950
4211,2022-07-18 12:56:00+05:30,15.0,15.0,14.7,14.7,2150,328950
4212,2022-07-18 12:57:00+05:30,14.7,14.85,14.7,14.85,2150,331100
4213,2022-07-18 12:58:00+05:30,14.85,14.85,14.85,14.85,1075,331100
4214,2022-07-18 12:59:00+05:30,14.85,14.85,14.85,14.85,1075,331100
4215,2022-07-18 13:00:00+05:30,14.95,15.05,14.85,14.85,4300,332175
4216,2022-07-18 13:01:00+05:30,14.85,15.2,14.85,15.2,3225,332175
4217,2022-07-18 13:02:00+05:30,15.2,15.2,15.2,15.2,0,332175
4218,2022-07-18 13:03:00+05:30,15.2,15.2,15.0,15.0,1075,328950
4219,2022-07-18 13:04:00+05:30,15.0,15.1,15.0,15.1,1075,328950
4220,2022-07-18 13:05:00+05:30,15.1,15.1,15.0,15.0,1075,328950
4221,2022-07-18 13:06:00+05:30,15.0,15.0,14.85,14.85,1075,326800
4222,2022-07-18 13:07:00+05:30,14.85,14.85,14.85,14.85,0,326800
4223,2022-07-18 13:08:00+05:30,14.85,15.15,14.85,15.15,2150,326800
4224,2022-07-18 13:09:00+05:30,15.15,15.3,15.15,15.3,3225,323575
4225,2022-07-18 13:10:00+05:30,15.3,15.3,15.3,15.3,0,323575
4226,2022-07-18 13:11:00+05:30,15.25,15.3,15.25,15.25,3225,323575
4227,2022-07-18 13:12:00+05:30,15.25,15.5,15.25,15.5,3225,324650
4228,2022-07-18 13:13:00+05:30,15.65,15.65,15.5,15.55,4300,324650
4229,2022-07-18 13:14:00+05:30,15.55,15.55,15.45,15.45,2150,324650
4230,2022-07-18 13:15:00+05:30,15.45,15.45,15.45,15.45,0,324650
4231,2022-07-18 13:16:00+05:30,15.45,15.85,15.45,15.85,10750,321425
4232,2022-07-18 13:17:00+05:30,15.85,15.85,15.85,15.85,0,321425
4233,2022-07-18 13:18:00+05:30,15.85,15.9,15.85,15.9,1075,323575
4234,2022-07-18 13:19:00+05:30,15.9,15.9,15.8,15.8,2150,323575
4235,2022-07-18 13:20:00+05:30,15.8,15.8,15.55,15.7,4300,323575
4236,2022-07-18 13:21:00+05:30,15.7,15.75,15.65,15.7,4300,320350
4237,2022-07-18 13:22:00+05:30,15.5,15.85,15.35,15.85,4300,320350
4238,2022-07-18 13:23:00+05:30,15.85,15.95,15.75,15.75,1075,320350
4239,2022-07-18 13:24:00+05:30,15.75,15.85,15.7,15.85,8600,320350
4240,2022-07-18 13:25:00+05:30,15.65,15.65,15.6,15.6,2150,320350
4241,2022-07-18 13:26:00+05:30,15.6,15.6,15.6,15.6,1075,320350
4242,2022-07-18 13:27:00+05:30,15.6,15.6,15.6,15.6,0,320350
4243,2022-07-18 13:28:00+05:30,15.6,15.6,15.15,15.15,1075,319275
4244,2022-07-18 13:29:00+05:30,15.15,15.2,15.15,15.2,3225,319275
4245,2022-07-18 13:30:00+05:30,15.15,15.15,15.05,15.1,6450,316050
4246,2022-07-18 13:31:00+05:30,15.1,15.1,15.1,15.1,0,316050
4247,2022-07-18 13:32:00+05:30,15.1,15.1,15.1,15.1,2150,316050
4248,2022-07-18 13:33:00+05:30,15.1,15.1,15.05,15.05,1075,318200
4249,2022-07-18 13:34:00+05:30,15.05,15.05,15.05,15.05,2150,318200
4250,2022-07-18 13:35:00+05:30,15.05,15.05,15.05,15.05,0,318200
4251,2022-07-18 13:36:00+05:30,15.2,15.3,15.05,15.15,13975,313900
4252,2022-07-18 13:37:00+05:30,15.15,15.15,15.15,15.15,0,313900
4253,2022-07-18 13:38:00+05:30,15.35,15.35,15.35,15.35,1075,313900
4254,2022-07-18 13:39:00+05:30,15.35,15.35,15.35,15.35,1075,312825
4255,2022-07-18 13:40:00+05:30,15.35,15.35,15.35,15.35,0,312825
4256,2022-07-18 13:41:00+05:30,15.35,15.35,15.05,15.05,2150,312825
4257,2022-07-18 13:42:00+05:30,15.05,15.05,15.05,15.05,0,312825
4258,2022-07-18 13:43:00+05:30,15.05,15.2,15.05,15.2,1075,310675
4259,2022-07-18 13:44:00+05:30,15.2,15.2,15.2,15.2,0,310675
4260,2022-07-18 13:45:00+05:30,15.2,15.2,15.1,15.1,0,310675
4261,2022-07-18 13:46:00+05:30,15.1,15.1,15.1,15.1,1075,310675
4262,2022-07-18 13:47:00+05:30,15.1,15.1,15.1,15.1,0,310675
4263,2022-07-18 13:48:00+05:30,15.1,15.1,15.1,15.1,0,310675
4264,2022-07-18 13:49:00+05:30,15.1,15.1,15.1,15.1,0,310675
4265,2022-07-18 13:50:00+05:30,15.1,15.45,15.1,15.45,2150,311750
4266,2022-07-18 13:51:00+05:30,15.45,15.45,15.45,15.45,0,311750
4267,2022-07-18 13:52:00+05:30,15.45,15.45,15.3,15.3,1075,310675
4268,2022-07-18 13:53:00+05:30,15.3,15.75,15.3,15.7,5375,310675
4269,2022-07-18 13:54:00+05:30,15.7,15.7,15.6,15.6,1075,312825
4270,2022-07-18 13:55:00+05:30,15.6,15.6,15.6,15.6,0,312825
4271,2022-07-18 13:56:00+05:30,15.6,15.7,15.6,15.7,3225,312825
4272,2022-07-18 13:57:00+05:30,16.05,16.1,15.85,15.85,5375,311750
4273,2022-07-18 13:58:00+05:30,15.85,15.85,15.6,15.7,2150,311750
4274,2022-07-18 13:59:00+05:30,15.7,15.7,15.7,15.7,0,311750
4275,2022-07-18 14:00:00+05:30,15.95,16.15,15.9,15.95,5375,311750
4276,2022-07-18 14:01:00+05:30,15.95,16.2,15.95,16.05,5375,311750
4277,2022-07-18 14:02:00+05:30,16.05,16.45,16.05,16.3,9675,311750
4278,2022-07-18 14:03:00+05:30,16.3,16.3,15.85,15.9,1075,317125
4279,2022-07-18 14:04:00+05:30,15.9,15.9,15.9,15.9,1075,317125
4280,2022-07-18 14:05:00+05:30,15.9,15.9,15.9,15.9,0,317125
4281,2022-07-18 14:06:00+05:30,15.65,15.65,15.65,15.65,1075,317125
4282,2022-07-18 14:07:00+05:30,15.8,15.9,15.8,15.8,4300,316050
4283,2022-07-18 14:08:00+05:30,15.8,15.8,15.8,15.8,0,316050
4284,2022-07-18 14:09:00+05:30,15.8,15.85,15.65,15.85,3225,313900
4285,2022-07-18 14:10:00+05:30,15.85,15.85,15.85,15.85,0,313900
4286,2022-07-18 14:11:00+05:30,15.7,15.7,15.65,15.65,2150,313900
4287,2022-07-18 14:12:00+05:30,15.65,15.65,15.5,15.5,5375,312825
4288,2022-07-18 14:13:00+05:30,15.5,15.6,15.5,15.6,2150,312825
4289,2022-07-18 14:14:00+05:30,15.6,15.65,15.6,15.65,1075,312825
4290,2022-07-18 14:15:00+05:30,15.65,15.8,15.65,15.75,7525,309600
4291,2022-07-18 14:16:00+05:30,15.75,16.25,15.75,16.25,6450,309600
4292,2022-07-18 14:17:00+05:30,16.25,16.25,16.25,16.25,0,309600
4293,2022-07-18 14:18:00+05:30,16.25,16.5,16.25,16.35,4300,311750
4294,2022-07-18 14:19:00+05:30,16.35,16.35,16.25,16.25,1075,311750
4295,2022-07-18 14:20:00+05:30,16.25,16.35,16.25,16.35,1075,311750
4296,2022-07-18 14:21:00+05:30,16.35,16.5,16.35,16.4,2150,310675
4297,2022-07-18 14:22:00+05:30,16.4,16.6,16.3,16.6,4300,310675
4298,2022-07-18 14:23:00+05:30,16.6,16.65,16.6,16.65,2150,310675
4299,2022-07-18 14:24:00+05:30,16.4,16.95,16.4,16.95,6450,310675
4300,2022-07-18 14:25:00+05:30,16.95,16.95,16.85,16.85,4300,310675
4301,2022-07-18 14:26:00+05:30,16.85,16.85,16.85,16.85,0,310675
4302,2022-07-18 14:27:00+05:30,16.85,17.0,16.85,17.0,2150,310675
4303,2022-07-18 14:28:00+05:30,17.0,17.0,17.0,17.0,0,310675
4304,2022-07-18 14:29:00+05:30,17.0,17.0,17.0,17.0,0,310675
4305,2022-07-18 14:30:00+05:30,17.0,17.0,16.45,16.45,1075,303150
4306,2022-07-18 14:31:00+05:30,16.45,16.45,16.45,16.45,0,303150
4307,2022-07-18 14:32:00+05:30,16.45,16.75,16.45,16.75,1075,303150
4308,2022-07-18 14:33:00+05:30,16.75,16.75,16.75,16.75,1075,303150
4309,2022-07-18 14:34:00+05:30,16.75,16.85,16.75,16.85,1075,302075
4310,2022-07-18 14:35:00+05:30,16.85,16.85,16.85,16.85,6450,302075
4311,2022-07-18 14:36:00+05:30,16.85,16.85,16.85,16.85,0,302075
4312,2022-07-18 14:37:00+05:30,16.85,16.85,16.5,16.5,1075,294550
4313,2022-07-18 14:38:00+05:30,16.5,16.6,16.5,16.6,2150,294550
4314,2022-07-18 14:39:00+05:30,17.35,17.35,16.85,17.05,5375,294550
4315,2022-07-18 14:40:00+05:30,17.05,17.4,17.05,17.4,2150,294550
4316,2022-07-18 14:41:00+05:30,17.4,17.4,17.4,17.4,0,294550
4317,2022-07-18 14:42:00+05:30,17.4,17.4,16.85,16.85,5375,292400
4318,2022-07-18 14:43:00+05:30,16.85,16.85,16.55,16.55,1075,292400
4319,2022-07-18 14:44:00+05:30,16.55,17.0,16.55,17.0,1075,292400
4320,2022-07-18 14:45:00+05:30,17.0,17.0,17.0,17.0,0,292400
4321,2022-07-18 14:46:00+05:30,17.0,17.0,16.9,16.9,4300,289175
4322,2022-07-18 14:47:00+05:30,16.9,16.9,16.9,16.9,0,289175
4323,2022-07-18 14:48:00+05:30,16.9,16.9,16.9,16.9,0,289175
4324,2022-07-18 14:49:00+05:30,16.9,16.9,16.9,16.9,0,289175
4325,2022-07-18 14:50:00+05:30,16.9,16.9,16.9,16.9,0,289175
4326,2022-07-18 14:51:00+05:30,16.9,16.9,16.9,16.9,0,289175
4327,2022-07-18 14:52:00+05:30,16.9,16.9,16.9,16.9,0,289175
4328,2022-07-18 14:53:00+05:30,16.9,16.9,16.9,16.9,0,289175
4329,2022-07-18 14:54:00+05:30,16.9,16.9,16.9,16.9,0,289175
4330,2022-07-18 14:55:00+05:30,16.9,16.9,16.9,16.9,0,289175
4331,2022-07-18 14:56:00+05:30,16.9,16.9,16.9,16.9,0,289175
4332,2022-07-18 14:57:00+05:30,17.1,17.3,17.05,17.3,4300,289175
4333,2022-07-18 14:58:00+05:30,17.3,17.3,17.3,17.3,0,289175
4334,2022-07-18 14:59:00+05:30,17.3,17.3,17.25,17.25,2150,289175
4335,2022-07-18 15:00:00+05:30,17.25,17.25,17.25,17.25,0,289175
4336,2022-07-18 15:01:00+05:30,17.15,17.2,17.15,17.2,3225,287025
4337,2022-07-18 15:02:00+05:30,17.2,17.2,17.2,17.2,0,287025
4338,2022-07-18 15:03:00+05:30,17.2,17.2,17.2,17.2,0,287025
4339,2022-07-18 15:04:00+05:30,17.2,17.2,17.2,17.2,0,287025
4340,2022-07-18 15:05:00+05:30,17.3,17.3,17.3,17.3,1075,284875
4341,2022-07-18 15:06:00+05:30,17.3,17.3,17.3,17.3,0,284875
4342,2022-07-18 15:07:00+05:30,17.3,17.3,17.2,17.2,1075,285950
4343,2022-07-18 15:08:00+05:30,17.2,17.2,17.2,17.2,0,285950
4344,2022-07-18 15:09:00+05:30,17.2,17.2,17.2,17.2,0,285950
4345,2022-07-18 15:10:00+05:30,17.2,17.2,17.2,17.2,0,285950
4346,2022-07-18 15:11:00+05:30,17.15,17.15,16.95,16.95,3225,285950
4347,2022-07-18 15:12:00+05:30,16.95,16.95,16.9,16.9,2150,287025
4348,2022-07-18 15:13:00+05:30,16.9,16.9,16.9,16.9,1075,287025
4349,2022-07-18 15:14:00+05:30,16.9,16.9,16.9,16.9,0,287025
4350,2022-07-18 15:15:00+05:30,16.9,16.9,16.9,16.9,0,287025
4351,2022-07-18 15:16:00+05:30,16.9,16.9,16.9,16.9,0,287025
4352,2022-07-18 15:17:00+05:30,17.05,17.05,16.9,16.9,2150,287025
4353,2022-07-18 15:18:00+05:30,16.9,16.95,16.9,16.95,2150,284875
4354,2022-07-18 15:19:00+05:30,17.0,17.0,17.0,17.0,4300,284875
4355,2022-07-18 15:20:00+05:30,17.0,17.0,16.9,16.9,6450,284875
4356,2022-07-18 15:21:00+05:30,16.9,16.9,16.9,16.9,0,284875
4357,2022-07-18 15:22:00+05:30,16.9,16.9,16.9,16.9,0,284875
4358,2022-07-18 15:23:00+05:30,16.9,16.9,16.9,16.9,0,284875
4359,2022-07-18 15:24:00+05:30,16.9,16.9,16.9,16.9,0,284875
4360,2022-07-18 15:25:00+05:30,16.9,17.0,16.9,17.0,3225,280575
4361,2022-07-18 15:26:00+05:30,17.0,17.0,17.0,17.0,2150,280575
4362,2022-07-18 15:27:00+05:30,17.0,17.0,17.0,17.0,1075,280575
4363,2022-07-18 15:28:00+05:30,17.0,17.0,17.0,17.0,2150,277350
4364,2022-07-18 15:29:00+05:30,17.0,17.0,16.55,17.0,2150,277350
4365,2022-07-19 09:15:00+05:30,16.6,16.6,16.6,16.6,0,0
4366,2022-07-19 09:16:00+05:30,16.6,16.6,16.6,16.6,0,275200
4367,2022-07-19 09:17:00+05:30,16.6,17.3,16.6,17.3,0,274125
4368,2022-07-19 09:18:00+05:30,17.3,17.95,17.3,17.95,4300,274125
4369,2022-07-19 09:19:00+05:30,18.0,18.0,18.0,18.0,1075,274125
4370,2022-07-19 09:20:00+05:30,18.0,18.0,18.0,18.0,0,274125
4371,2022-07-19 09:21:00+05:30,18.0,18.0,18.0,18.0,0,274125
4372,2022-07-19 09:22:00+05:30,18.0,18.0,18.0,18.0,0,274125
4373,2022-07-19 09:23:00+05:30,18.0,18.0,18.0,18.0,0,274125
4374,2022-07-19 09:24:00+05:30,17.7,18.0,17.7,17.7,1075,273050
4375,2022-07-19 09:25:00+05:30,17.7,17.7,17.7,17.7,0,273050
4376,2022-07-19 09:26:00+05:30,17.7,17.7,17.7,17.7,0,273050
4377,2022-07-19 09:27:00+05:30,17.7,17.7,17.7,17.7,0,273050
4378,2022-07-19 09:28:00+05:30,17.7,17.7,17.7,17.7,0,273050
4379,2022-07-19 09:29:00+05:30,17.7,17.7,17.7,17.7,0,273050
4380,2022-07-19 09:30:00+05:30,17.7,17.7,17.7,17.7,0,273050
4381,2022-07-19 09:31:00+05:30,17.7,17.7,17.7,17.7,0,273050
4382,2022-07-19 09:32:00+05:30,17.7,17.7,17.7,17.7,0,273050
4383,2022-07-19 09:33:00+05:30,17.7,17.7,17.7,17.7,0,273050
4384,2022-07-19 09:34:00+05:30,17.7,17.7,17.7,17.7,0,273050
4385,2022-07-19 09:35:00+05:30,17.7,17.7,17.7,17.7,0,273050
4386,2022-07-19 09:36:00+05:30,17.7,17.7,17.7,17.7,0,273050
4387,2022-07-19 09:37:00+05:30,17.7,17.7,16.3,16.3,1075,271975
4388,2022-07-19 09:38:00+05:30,16.3,16.3,16.3,16.3,10750,271975
4389,2022-07-19 09:39:00+05:30,16.35,16.35,16.35,16.35,1075,261225
4390,2022-07-19 09:40:00+05:30,16.35,16.35,16.35,16.35,0,261225
4391,2022-07-19 09:41:00+05:30,16.35,16.35,16.35,16.35,0,261225
4392,2022-07-19 09:42:00+05:30,16.35,16.35,16.35,16.35,0,261225
4393,2022-07-19 09:43:00+05:30,16.35,16.35,16.35,16.35,0,261225
4394,2022-07-19 09:44:00+05:30,16.35,16.35,16.35,16.35,0,261225
4395,2022-07-19 09:45:00+05:30,16.35,16.35,16.35,16.35,0,261225
4396,2022-07-19 09:46:00+05:30,16.35,16.35,16.35,16.35,0,261225
4397,2022-07-19 09:47:00+05:30,16.35,16.35,16.35,16.35,0,261225
4398,2022-07-19 09:48:00+05:30,16.35,16.35,16.35,16.35,0,261225
4399,2022-07-19 09:49:00+05:30,16.35,16.35,16.35,16.35,0,261225
4400,2022-07-19 09:50:00+05:30,16.35,16.35,16.35,16.35,0,261225
4401,2022-07-19 09:51:00+05:30,16.35,16.35,16.35,16.35,0,261225
4402,2022-07-19 09:52:00+05:30,16.35,16.35,16.35,16.35,0,261225
4403,2022-07-19 09:53:00+05:30,16.35,16.55,16.15,16.15,6450,261225
4404,2022-07-19 09:54:00+05:30,16.15,16.25,16.15,16.25,1075,261225
4405,2022-07-19 09:55:00+05:30,16.25,16.25,16.25,16.25,0,261225
4406,2022-07-19 09:56:00+05:30,16.25,16.5,15.85,16.5,7525,253700
4407,2022-07-19 09:57:00+05:30,16.5,16.55,16.1,16.1,4300,253700
4408,2022-07-19 09:58:00+05:30,16.1,16.1,16.1,16.1,0,253700
4409,2022-07-19 09:59:00+05:30,15.45,15.75,15.45,15.75,3225,249400
4410,2022-07-19 10:00:00+05:30,15.75,15.75,15.75,15.75,0,249400
4411,2022-07-19 10:01:00+05:30,15.75,15.95,15.75,15.95,1075,249400
4412,2022-07-19 10:02:00+05:30,15.95,15.95,15.95,15.95,0,249400
4413,2022-07-19 10:03:00+05:30,15.95,15.95,15.95,15.95,0,249400
4414,2022-07-19 10:04:00+05:30,15.95,15.95,15.95,15.95,0,249400
4415,2022-07-19 10:05:00+05:30,15.95,15.95,15.85,15.85,1075,249400
4416,2022-07-19 10:06:00+05:30,15.85,15.85,15.85,15.85,0,249400
4417,2022-07-19 10:07:00+05:30,15.85,15.85,15.85,15.85,0,249400
4418,2022-07-19 10:08:00+05:30,15.85,15.85,15.85,15.85,0,249400
4419,2022-07-19 10:09:00+05:30,15.85,15.85,15.85,15.85,0,249400
4420,2022-07-19 10:10:00+05:30,15.85,15.85,15.85,15.85,0,249400
4421,2022-07-19 10:11:00+05:30,15.85,15.85,15.85,15.85,1075,249400
4422,2022-07-19 10:12:00+05:30,15.85,15.85,15.85,15.85,0,249400
4423,2022-07-19 10:13:00+05:30,15.85,15.85,15.85,15.85,0,249400
4424,2022-07-19 10:14:00+05:30,15.85,15.85,15.85,15.85,0,249400
4425,2022-07-19 10:15:00+05:30,15.85,15.85,15.85,15.85,0,249400
4426,2022-07-19 10:16:00+05:30,15.85,15.85,15.85,15.85,0,249400
4427,2022-07-19 10:17:00+05:30,15.85,15.85,15.85,15.85,0,249400
4428,2022-07-19 10:18:00+05:30,15.85,15.85,15.85,15.85,0,249400
4429,2022-07-19 10:19:00+05:30,15.85,15.85,15.85,15.85,0,249400
4430,2022-07-19 10:20:00+05:30,15.85,15.85,15.85,15.85,0,249400
4431,2022-07-19 10:21:00+05:30,15.85,15.85,15.85,15.85,0,249400
4432,2022-07-19 10:22:00+05:30,15.85,15.85,15.85,15.85,0,249400
4433,2022-07-19 10:23:00+05:30,15.85,15.85,15.85,15.85,0,249400
4434,2022-07-19 10:24:00+05:30,15.85,15.85,15.85,15.85,0,249400
4435,2022-07-19 10:25:00+05:30,15.85,15.85,15.85,15.85,0,249400
4436,2022-07-19 10:26:00+05:30,15.85,15.85,15.85,15.85,0,249400
4437,2022-07-19 10:27:00+05:30,15.85,15.85,15.85,15.85,0,249400
4438,2022-07-19 10:28:00+05:30,15.85,15.85,15.85,15.85,0,249400
4439,2022-07-19 10:29:00+05:30,15.85,15.85,15.85,15.85,0,249400
4440,2022-07-19 10:30:00+05:30,15.85,15.85,15.85,15.85,0,249400
4441,2022-07-19 10:31:00+05:30,15.85,15.85,15.85,15.85,0,249400
4442,2022-07-19 10:32:00+05:30,15.85,15.85,15.85,15.85,0,249400
4443,2022-07-19 10:33:00+05:30,15.85,15.85,15.8,15.8,1075,249400
4444,2022-07-19 10:34:00+05:30,15.8,15.8,15.8,15.8,0,249400
4445,2022-07-19 10:35:00+05:30,15.8,15.8,15.8,15.8,0,249400
4446,2022-07-19 10:36:00+05:30,15.8,15.8,15.8,15.8,0,249400
4447,2022-07-19 10:37:00+05:30,15.8,15.8,15.8,15.8,0,249400
4448,2022-07-19 10:38:00+05:30,15.8,15.8,15.8,15.8,0,249400
4449,2022-07-19 10:39:00+05:30,15.8,17.0,15.8,17.0,1075,248325
4450,2022-07-19 10:40:00+05:30,17.0,17.0,17.0,17.0,0,248325
4451,2022-07-19 10:41:00+05:30,17.0,17.0,17.0,17.0,1075,248325
4452,2022-07-19 10:42:00+05:30,17.0,17.0,16.6,16.6,1075,246175
4453,2022-07-19 10:43:00+05:30,16.6,16.6,16.6,16.6,0,246175
4454,2022-07-19 10:44:00+05:30,16.6,16.6,16.6,16.6,0,246175
4455,2022-07-19 10:45:00+05:30,16.6,16.9,16.6,16.9,1075,246175
4456,2022-07-19 10:46:00+05:30,16.9,16.9,16.9,16.9,0,246175
4457,2022-07-19 10:47:00+05:30,16.9,16.9,16.9,16.9,0,246175
4458,2022-07-19 10:48:00+05:30,16.9,16.9,16.9,16.9,0,246175
4459,2022-07-19 10:49:00+05:30,16.9,17.2,16.9,17.2,6450,247250
4460,2022-07-19 10:50:00+05:30,17.2,17.65,17.2,17.65,3225,247250
4461,2022-07-19 10:51:00+05:30,17.65,18.0,17.65,18.0,6450,250475
4462,2022-07-19 10:52:00+05:30,18.0,18.0,17.85,18.0,5375,250475
4463,2022-07-19 10:53:00+05:30,18.0,18.0,18.0,18.0,0,250475
4464,2022-07-19 10:54:00+05:30,18.0,18.0,17.95,17.95,1075,252625
4465,2022-07-19 10:55:00+05:30,17.95,18.0,17.95,18.0,1075,252625
4466,2022-07-19 10:56:00+05:30,18.0,18.05,18.0,18.05,2150,252625
4467,2022-07-19 10:57:00+05:30,18.3,18.55,18.05,18.55,3225,252625
4468,2022-07-19 10:58:00+05:30,18.55,19.1,18.55,18.9,8600,252625
4469,2022-07-19 10:59:00+05:30,18.9,18.9,18.9,18.9,0,252625
4470,2022-07-19 11:00:00+05:30,18.8,19.4,18.55,19.0,7525,256925
4471,2022-07-19 11:01:00+05:30,19.0,19.0,19.0,19.0,0,256925
4472,2022-07-19 11:02:00+05:30,19.0,19.0,19.0,19.0,0,256925
4473,2022-07-19 11:03:00+05:30,19.0,19.0,19.0,19.0,0,256925
4474,2022-07-19 11:04:00+05:30,19.0,19.0,19.0,19.0,0,256925
4475,2022-07-19 11:05:00+05:30,19.0,19.0,19.0,19.0,0,256925
4476,2022-07-19 11:06:00+05:30,19.0,19.0,19.0,19.0,0,256925
4477,2022-07-19 11:07:00+05:30,19.0,19.0,19.0,19.0,0,256925
4478,2022-07-19 11:08:00+05:30,19.0,19.0,19.0,19.0,0,256925
4479,2022-07-19 11:09:00+05:30,19.0,19.0,19.0,19.0,0,256925
4480,2022-07-19 11:10:00+05:30,19.0,19.0,19.0,19.0,0,256925
4481,2022-07-19 11:11:00+05:30,19.0,19.0,19.0,19.0,0,256925
4482,2022-07-19 11:12:00+05:30,19.0,19.0,19.0,19.0,0,256925
4483,2022-07-19 11:13:00+05:30,19.0,19.0,18.5,18.5,1075,256925
4484,2022-07-19 11:14:00+05:30,18.4,18.4,18.3,18.3,3225,256925
4485,2022-07-19 11:15:00+05:30,18.3,18.3,18.3,18.3,0,256925
4486,2022-07-19 11:16:00+05:30,18.3,18.3,18.3,18.3,0,256925
4487,2022-07-19 11:17:00+05:30,18.3,18.3,17.9,17.9,1075,259075
4488,2022-07-19 11:18:00+05:30,17.9,17.9,17.85,17.85,5375,260150
4489,2022-07-19 11:19:00+05:30,17.85,17.85,17.85,17.85,0,260150
4490,2022-07-19 11:20:00+05:30,17.85,17.85,17.85,17.85,0,260150
4491,2022-07-19 11:21:00+05:30,17.85,17.85,17.75,17.75,1075,260150
4492,2022-07-19 11:22:00+05:30,17.75,17.75,17.75,17.75,0,260150
4493,2022-07-19 11:23:00+05:30,17.75,17.75,17.65,17.65,1075,260150
4494,2022-07-19 11:24:00+05:30,17.65,17.65,17.65,17.65,0,260150
4495,2022-07-19 11:25:00+05:30,17.65,17.65,17.65,17.65,0,260150
4496,2022-07-19 11:26:00+05:30,17.65,17.65,17.65,17.65,0,260150
4497,2022-07-19 11:27:00+05:30,17.65,17.65,17.65,17.65,0,260150
4498,2022-07-19 11:28:00+05:30,17.65,17.65,17.65,17.65,0,260150
4499,2022-07-19 11:29:00+05:30,17.65,17.65,17.65,17.65,0,260150
4500,2022-07-19 11:30:00+05:30,17.65,17.65,17.65,17.65,0,260150
4501,2022-07-19 11:31:00+05:30,17.65,17.65,17.65,17.65,0,260150
4502,2022-07-19 11:32:00+05:30,17.65,17.65,17.65,17.65,0,260150
4503,2022-07-19 11:33:00+05:30,17.65,17.65,17.65,17.65,0,260150
4504,2022-07-19 11:34:00+05:30,17.65,17.65,17.65,17.65,0,260150
4505,2022-07-19 11:35:00+05:30,17.65,17.65,17.65,17.65,0,260150
4506,2022-07-19 11:36:00+05:30,17.65,17.65,17.65,17.65,0,260150
4507,2022-07-19 11:37:00+05:30,17.65,17.65,17.65,17.65,0,260150
4508,2022-07-19 11:38:00+05:30,17.65,17.65,16.2,16.2,1075,259075
4509,2022-07-19 11:39:00+05:30,16.2,16.2,16.2,16.2,0,259075
4510,2022-07-19 11:40:00+05:30,16.35,16.35,16.35,16.35,3225,259075
4511,2022-07-19 11:41:00+05:30,16.35,16.35,15.7,15.7,2150,259075
4512,2022-07-19 11:42:00+05:30,15.7,15.7,15.7,15.7,0,259075
4513,2022-07-19 11:43:00+05:30,15.7,15.7,15.25,15.35,4300,254775
4514,2022-07-19 11:44:00+05:30,15.35,15.4,15.3,15.4,2150,254775
4515,2022-07-19 11:45:00+05:30,15.4,15.4,15.1,15.1,2150,253700
4516,2022-07-19 11:46:00+05:30,15.1,15.1,14.95,14.95,1075,253700
4517,2022-07-19 11:47:00+05:30,14.95,15.5,14.95,15.5,1075,253700
4518,2022-07-19 11:48:00+05:30,15.5,15.8,15.4,15.65,5375,250475
4519,2022-07-19 11:49:00+05:30,15.65,15.65,15.65,15.65,1075,250475
4520,2022-07-19 11:50:00+05:30,15.0,15.0,15.0,15.0,2150,250475
4521,2022-07-19 11:51:00+05:30,15.0,15.0,15.0,15.0,0,250475
4522,2022-07-19 11:52:00+05:30,15.0,15.0,15.0,15.0,0,250475
4523,2022-07-19 11:53:00+05:30,15.0,15.0,15.0,15.0,0,250475
4524,2022-07-19 11:54:00+05:30,15.0,15.0,15.0,15.0,0,250475
4525,2022-07-19 11:55:00+05:30,15.0,15.0,15.0,15.0,1075,247250
4526,2022-07-19 11:56:00+05:30,15.0,15.0,15.0,15.0,0,247250
4527,2022-07-19 11:57:00+05:30,15.0,15.0,15.0,15.0,0,247250
4528,2022-07-19 11:58:00+05:30,15.0,15.3,15.0,15.3,1075,247250
4529,2022-07-19 11:59:00+05:30,15.3,15.3,15.3,15.3,0,247250
4530,2022-07-19 12:00:00+05:30,15.3,15.3,15.3,15.3,0,247250
4531,2022-07-19 12:01:00+05:30,15.3,15.3,15.3,15.3,0,247250
4532,2022-07-19 12:02:00+05:30,15.3,15.3,15.3,15.3,0,247250
4533,2022-07-19 12:03:00+05:30,15.3,15.3,15.3,15.3,0,247250
4534,2022-07-19 12:04:00+05:30,15.3,15.3,15.3,15.3,0,247250
4535,2022-07-19 12:05:00+05:30,15.3,15.3,15.3,15.3,0,247250
4536,2022-07-19 12:06:00+05:30,15.3,15.3,15.3,15.3,0,247250
4537,2022-07-19 12:07:00+05:30,15.3,15.3,15.3,15.3,0,247250
4538,2022-07-19 12:08:00+05:30,15.3,15.3,15.3,15.3,0,247250
4539,2022-07-19 12:09:00+05:30,15.3,15.3,15.3,15.3,0,247250
4540,2022-07-19 12:10:00+05:30,15.3,15.3,15.05,15.05,1075,248325
4541,2022-07-19 12:11:00+05:30,15.05,15.05,15.05,15.05,0,248325
4542,2022-07-19 12:12:00+05:30,15.05,15.05,15.05,15.05,0,248325
4543,2022-07-19 12:13:00+05:30,15.05,15.05,15.05,15.05,0,248325
4544,2022-07-19 12:14:00+05:30,15.05,15.05,15.05,15.05,0,248325
4545,2022-07-19 12:15:00+05:30,15.05,15.05,15.05,15.05,0,248325
4546,2022-07-19 12:16:00+05:30,15.05,15.05,14.9,14.9,1075,249400
4547,2022-07-19 12:17:00+05:30,14.9,15.0,14.9,15.0,1075,249400
4548,2022-07-19 12:18:00+05:30,15.0,15.0,15.0,15.0,0,249400
4549,2022-07-19 12:19:00+05:30,15.0,15.0,15.0,15.0,0,249400
4550,2022-07-19 12:20:00+05:30,15.0,15.0,15.0,15.0,0,249400
4551,2022-07-19 12:21:00+05:30,15.0,15.0,15.0,15.0,0,249400
4552,2022-07-19 12:22:00+05:30,15.0,15.0,15.0,15.0,0,249400
4553,2022-07-19 12:23:00+05:30,15.0,15.0,15.0,15.0,0,249400
4554,2022-07-19 12:24:00+05:30,15.0,15.0,15.0,15.0,0,249400
4555,2022-07-19 12:25:00+05:30,15.0,15.0,15.0,15.0,0,249400
4556,2022-07-19 12:26:00+05:30,15.0,15.0,15.0,15.0,0,249400
4557,2022-07-19 12:27:00+05:30,15.0,15.0,15.0,15.0,0,249400
4558,2022-07-19 12:28:00+05:30,15.0,15.0,15.0,15.0,0,249400
4559,2022-07-19 12:29:00+05:30,15.0,15.0,15.0,15.0,0,249400
4560,2022-07-19 12:30:00+05:30,15.0,15.0,15.0,15.0,0,249400
4561,2022-07-19 12:31:00+05:30,15.0,15.0,15.0,15.0,0,249400
4562,2022-07-19 12:32:00+05:30,15.0,15.9,15.0,15.9,1075,248325
4563,2022-07-19 12:33:00+05:30,15.9,15.9,15.9,15.9,0,248325
4564,2022-07-19 12:34:00+05:30,15.9,15.9,15.9,15.9,0,248325
4565,2022-07-19 12:35:00+05:30,15.9,16.05,15.9,16.05,1075,249400
4566,2022-07-19 12:36:00+05:30,16.05,16.05,16.05,16.05,0,249400
4567,2022-07-19 12:37:00+05:30,16.05,16.05,16.0,16.05,2150,249400
4568,2022-07-19 12:38:00+05:30,16.05,16.05,16.05,16.05,0,249400
4569,2022-07-19 12:39:00+05:30,16.05,16.05,16.05,16.05,0,249400
4570,2022-07-19 12:40:00+05:30,16.05,16.05,16.05,16.05,0,249400
4571,2022-07-19 12:41:00+05:30,16.05,16.05,16.05,16.05,0,249400
4572,2022-07-19 12:42:00+05:30,16.05,16.05,16.05,16.05,0,249400
4573,2022-07-19 12:43:00+05:30,16.05,16.05,16.05,16.05,0,249400
4574,2022-07-19 12:44:00+05:30,16.05,16.05,15.85,15.85,0,250475
4575,2022-07-19 12:45:00+05:30,15.85,15.85,15.85,15.85,1075,250475
4576,2022-07-19 12:46:00+05:30,15.85,15.85,15.85,15.85,0,250475
4577,2022-07-19 12:47:00+05:30,15.85,15.85,15.65,15.65,1075,250475
4578,2022-07-19 12:48:00+05:30,15.65,15.65,15.65,15.65,0,250475
4579,2022-07-19 12:49:00+05:30,15.65,15.65,15.65,15.65,0,250475
4580,2022-07-19 12:50:00+05:30,15.65,16.2,15.65,16.2,1075,249400
4581,2022-07-19 12:51:00+05:30,16.2,16.2,16.2,16.2,0,249400
4582,2022-07-19 12:52:00+05:30,16.2,16.2,16.2,16.2,1075,249400
4583,2022-07-19 12:53:00+05:30,16.2,16.2,16.2,16.2,0,249400
4584,2022-07-19 12:54:00+05:30,16.2,16.3,16.2,16.3,1075,248325
4585,2022-07-19 12:55:00+05:30,16.3,16.5,16.3,16.5,1075,248325
4586,2022-07-19 12:56:00+05:30,16.5,16.5,16.5,16.5,0,248325
4587,2022-07-19 12:57:00+05:30,16.5,16.5,16.5,16.5,1075,248325
4588,2022-07-19 12:58:00+05:30,16.5,16.5,16.5,16.5,1075,248325
4589,2022-07-19 12:59:00+05:30,16.5,16.5,16.5,16.5,0,248325
4590,2022-07-19 13:00:00+05:30,16.5,16.6,16.5,16.55,2150,248325
4591,2022-07-19 13:01:00+05:30,16.55,16.55,16.55,16.55,0,248325
4592,2022-07-19 13:02:00+05:30,16.55,16.55,16.3,16.45,3225,248325
4593,2022-07-19 13:03:00+05:30,16.45,16.5,16.45,16.5,1075,248325
4594,2022-07-19 13:04:00+05:30,16.5,16.5,16.5,16.5,0,248325
4595,2022-07-19 13:05:00+05:30,16.5,16.5,16.15,16.15,2150,248325
4596,2022-07-19 13:06:00+05:30,16.15,16.15,16.15,16.15,0,248325
4597,2022-07-19 13:07:00+05:30,16.15,16.2,16.15,16.2,1075,245100
4598,2022-07-19 13:08:00+05:30,16.2,16.2,16.2,16.2,1075,245100
4599,2022-07-19 13:09:00+05:30,16.2,16.2,16.2,16.2,0,245100
4600,2022-07-19 13:10:00+05:30,16.2,16.2,16.2,16.2,0,245100
4601,2022-07-19 13:11:00+05:30,16.2,16.2,16.2,16.2,0,245100
4602,2022-07-19 13:12:00+05:30,16.2,16.2,16.2,16.2,0,245100
4603,2022-07-19 13:13:00+05:30,16.2,16.2,15.75,15.75,2150,242950
4604,2022-07-19 13:14:00+05:30,15.75,15.75,15.75,15.75,0,242950
4605,2022-07-19 13:15:00+05:30,15.75,15.75,15.45,15.7,4300,241875
4606,2022-07-19 13:16:00+05:30,15.7,15.7,15.7,15.7,0,241875
4607,2022-07-19 13:17:00+05:30,15.7,15.8,15.7,15.8,1075,241875
4608,2022-07-19 13:18:00+05:30,15.8,16.05,15.8,16.05,1075,238650
4609,2022-07-19 13:19:00+05:30,16.05,16.05,16.05,16.05,0,238650
4610,2022-07-19 13:20:00+05:30,16.05,16.05,16.05,16.05,0,238650
4611,2022-07-19 13:21:00+05:30,16.05,16.05,16.05,16.05,0,238650
4612,2022-07-19 13:22:00+05:30,16.05,16.05,16.05,16.05,0,238650
4613,2022-07-19 13:23:00+05:30,15.8,15.8,15.8,15.8,2150,237575
4614,2022-07-19 13:24:00+05:30,15.8,15.8,15.8,15.8,0,237575
4615,2022-07-19 13:25:00+05:30,15.8,15.8,15.8,15.8,0,237575
4616,2022-07-19 13:26:00+05:30,15.8,15.8,15.8,15.8,0,237575
4617,2022-07-19 13:27:00+05:30,15.8,15.8,15.8,15.8,0,237575
4618,2022-07-19 13:28:00+05:30,15.8,15.8,15.55,15.55,1075,237575
4619,2022-07-19 13:29:00+05:30,15.55,15.55,15.55,15.55,0,237575
4620,2022-07-19 13:30:00+05:30,15.55,15.55,15.55,15.55,0,237575
4621,2022-07-19 13:31:00+05:30,15.55,15.55,15.55,15.55,0,237575
4622,2022-07-19 13:32:00+05:30,15.55,15.55,15.55,15.55,0,237575
4623,2022-07-19 13:33:00+05:30,15.55,15.55,15.55,15.55,0,237575
4624,2022-07-19 13:34:00+05:30,15.55,15.55,15.55,15.55,0,237575
4625,2022-07-19 13:35:00+05:30,15.55,15.55,15.55,15.55,0,237575
4626,2022-07-19 13:36:00+05:30,15.55,15.55,15.55,15.55,0,237575
4627,2022-07-19 13:37:00+05:30,15.55,15.55,15.55,15.55,0,237575
4628,2022-07-19 13:38:00+05:30,15.55,15.55,15.55,15.55,0,237575
4629,2022-07-19 13:39:00+05:30,15.55,15.55,15.55,15.55,0,237575
4630,2022-07-19 13:40:00+05:30,15.55,15.55,15.55,15.55,0,237575
4631,2022-07-19 13:41:00+05:30,15.55,15.55,15.55,15.55,0,237575
4632,2022-07-19 13:42:00+05:30,15.55,15.95,15.55,15.95,1075,238650
4633,2022-07-19 13:43:00+05:30,15.95,15.95,15.95,15.95,1075,238650
4634,2022-07-19 13:44:00+05:30,15.95,15.95,15.95,15.95,0,238650
4635,2022-07-19 13:45:00+05:30,15.95,15.95,15.95,15.95,0,238650
4636,2022-07-19 13:46:00+05:30,15.95,15.95,15.95,15.95,0,238650
4637,2022-07-19 13:47:00+05:30,15.95,15.95,15.95,15.95,0,238650
4638,2022-07-19 13:48:00+05:30,15.95,15.95,15.95,15.95,0,238650
4639,2022-07-19 13:49:00+05:30,15.95,15.95,15.95,15.95,0,238650
4640,2022-07-19 13:50:00+05:30,15.95,15.95,15.75,15.75,1075,238650
4641,2022-07-19 13:51:00+05:30,15.75,15.75,15.75,15.75,0,238650
4642,2022-07-19 13:52:00+05:30,15.75,15.85,15.75,15.8,6450,239725
4643,2022-07-19 13:53:00+05:30,15.95,15.95,15.85,15.85,9675,239725
4644,2022-07-19 13:54:00+05:30,15.85,16.05,15.85,15.95,7525,234350
4645,2022-07-19 13:55:00+05:30,15.95,15.95,15.85,15.85,3225,234350
4646,2022-07-19 13:56:00+05:30,15.85,15.85,15.7,15.7,1075,234350
4647,2022-07-19 13:57:00+05:30,15.7,15.7,15.7,15.7,0,234350
4648,2022-07-19 13:58:00+05:30,15.7,15.7,15.7,15.7,2150,235425
4649,2022-07-19 13:59:00+05:30,15.7,15.7,15.7,15.7,0,235425
4650,2022-07-19 14:00:00+05:30,15.7,15.9,15.7,15.9,4300,235425
4651,2022-07-19 14:01:00+05:30,15.9,15.9,15.9,15.9,0,235425
4652,2022-07-19 14:02:00+05:30,15.9,15.9,15.9,15.9,0,235425
4653,2022-07-19 14:03:00+05:30,15.9,15.9,15.9,15.9,0,235425
4654,2022-07-19 14:04:00+05:30,15.9,15.9,15.9,15.9,0,235425
4655,2022-07-19 14:05:00+05:30,15.9,15.9,15.9,15.9,0,235425
4656,2022-07-19 14:06:00+05:30,15.9,15.9,15.9,15.9,0,235425
4657,2022-07-19 14:07:00+05:30,15.9,15.9,15.9,15.9,0,235425
4658,2022-07-19 14:08:00+05:30,15.9,16.0,15.9,16.0,2150,237575
4659,2022-07-19 14:09:00+05:30,16.0,16.0,16.0,16.0,0,237575
4660,2022-07-19 14:10:00+05:30,16.0,16.0,16.0,16.0,0,237575
4661,2022-07-19 14:11:00+05:30,16.0,16.0,16.0,16.0,0,237575
4662,2022-07-19 14:12:00+05:30,16.0,16.0,16.0,16.0,0,237575
4663,2022-07-19 14:13:00+05:30,16.0,16.0,15.7,15.7,2150,237575
4664,2022-07-19 14:14:00+05:30,15.7,15.7,15.7,15.7,0,237575
4665,2022-07-19 14:15:00+05:30,15.7,15.7,15.4,15.4,0,237575
4666,2022-07-19 14:16:00+05:30,15.4,15.4,15.4,15.4,1075,237575
4667,2022-07-19 14:17:00+05:30,15.4,15.4,15.4,15.4,0,237575
4668,2022-07-19 14:18:00+05:30,15.4,15.4,15.4,15.4,0,237575
4669,2022-07-19 14:19:00+05:30,15.4,15.4,15.4,15.4,0,237575
4670,2022-07-19 14:20:00+05:30,15.4,15.4,15.4,15.4,0,237575
4671,2022-07-19 14:21:00+05:30,15.4,15.4,15.4,15.4,0,237575
4672,2022-07-19 14:22:00+05:30,15.4,15.4,15.4,15.4,0,237575
4673,2022-07-19 14:23:00+05:30,15.4,15.4,15.4,15.4,0,237575
4674,2022-07-19 14:24:00+05:30,15.4,15.4,15.4,15.4,0,237575
4675,2022-07-19 14:25:00+05:30,15.4,15.4,15.4,15.4,0,237575
4676,2022-07-19 14:26:00+05:30,15.4,15.4,15.4,15.4,0,237575
4677,2022-07-19 14:27:00+05:30,15.4,15.4,15.4,15.4,0,237575
4678,2022-07-19 14:28:00+05:30,15.4,15.75,15.4,15.75,1075,236500
4679,2022-07-19 14:29:00+05:30,15.75,15.75,15.75,15.75,0,236500
4680,2022-07-19 14:30:00+05:30,15.75,15.75,15.75,15.75,0,236500
4681,2022-07-19 14:31:00+05:30,15.75,15.75,15.75,15.75,0,236500
4682,2022-07-19 14:32:00+05:30,15.75,16.25,15.75,16.25,1075,236500
4683,2022-07-19 14:33:00+05:30,16.25,16.25,16.25,16.25,0,236500
4684,2022-07-19 14:34:00+05:30,16.25,16.25,16.25,16.25,0,236500
4685,2022-07-19 14:35:00+05:30,16.25,16.25,15.85,15.85,1075,235425
4686,2022-07-19 14:36:00+05:30,15.85,15.85,15.85,15.85,0,235425
4687,2022-07-19 14:37:00+05:30,15.85,15.85,15.85,15.85,0,235425
4688,2022-07-19 14:38:00+05:30,15.85,15.85,15.85,15.85,0,235425
4689,2022-07-19 14:39:00+05:30,15.85,15.85,15.85,15.85,0,235425
4690,2022-07-19 14:40:00+05:30,15.85,16.3,15.85,16.3,1075,234350
4691,2022-07-19 14:41:00+05:30,16.3,16.3,16.3,16.3,0,234350
4692,2022-07-19 14:42:00+05:30,16.3,16.3,16.3,16.3,0,234350
4693,2022-07-19 14:43:00+05:30,16.3,16.3,16.3,16.3,0,234350
4694,2022-07-19 14:44:00+05:30,16.3,16.3,16.3,16.3,0,234350
4695,2022-07-19 14:45:00+05:30,16.3,16.3,16.1,16.1,1075,235425
4696,2022-07-19 14:46:00+05:30,16.1,16.1,16.1,16.1,0,235425
4697,2022-07-19 14:47:00+05:30,16.1,16.1,16.1,16.1,0,235425
4698,2022-07-19 14:48:00+05:30,16.1,16.1,16.1,16.1,0,235425
4699,2022-07-19 14:49:00+05:30,16.1,16.1,16.1,16.1,0,235425
4700,2022-07-19 14:50:00+05:30,16.1,16.3,16.1,16.3,1075,236500
4701,2022-07-19 14:51:00+05:30,16.3,16.3,16.3,16.3,1075,236500
4702,2022-07-19 14:52:00+05:30,16.3,16.3,16.3,16.3,0,236500
4703,2022-07-19 14:53:00+05:30,16.3,16.3,16.3,16.3,0,236500
4704,2022-07-19 14:54:00+05:30,16.3,16.3,16.3,16.3,0,236500
4705,2022-07-19 14:55:00+05:30,16.55,16.55,16.55,16.55,1075,236500
4706,2022-07-19 14:56:00+05:30,16.55,16.55,16.55,16.55,0,236500
4707,2022-07-19 14:57:00+05:30,16.55,16.55,16.55,16.55,0,236500
4708,2022-07-19 14:58:00+05:30,16.55,16.55,16.45,16.45,1075,236500
4709,2022-07-19 14:59:00+05:30,16.45,16.45,16.45,16.45,0,236500
4710,2022-07-19 15:00:00+05:30,16.45,16.45,16.45,16.45,0,236500
4711,2022-07-19 15:01:00+05:30,17.0,17.0,16.75,16.75,2150,235425
4712,2022-07-19 15:02:00+05:30,16.75,16.75,16.75,16.75,0,235425
4713,2022-07-19 15:03:00+05:30,16.75,16.75,16.5,16.55,1075,233275
4714,2022-07-19 15:04:00+05:30,16.55,16.75,16.55,16.75,3225,233275
4715,2022-07-19 15:05:00+05:30,16.75,17.1,16.7,17.1,2150,233275
4716,2022-07-19 15:06:00+05:30,17.1,17.1,17.1,17.1,4300,233275
4717,2022-07-19 15:07:00+05:30,17.1,17.1,16.7,16.8,6450,227900
4718,2022-07-19 15:08:00+05:30,16.8,16.8,16.8,16.8,0,227900
4719,2022-07-19 15:09:00+05:30,16.8,16.8,16.75,16.75,1075,227900
4720,2022-07-19 15:10:00+05:30,16.75,17.5,16.75,17.5,4300,222525
4721,2022-07-19 15:11:00+05:30,17.4,17.4,17.4,17.4,3225,222525
4722,2022-07-19 15:12:00+05:30,17.4,17.4,17.25,17.25,1075,222525
4723,2022-07-19 15:13:00+05:30,17.25,17.25,17.15,17.15,1075,222525
4724,2022-07-19 15:14:00+05:30,17.15,17.15,17.15,17.15,0,222525
4725,2022-07-19 15:15:00+05:30,17.15,17.15,17.15,17.15,0,222525
4726,2022-07-19 15:16:00+05:30,17.15,17.15,17.15,17.15,0,222525
4727,2022-07-19 15:17:00+05:30,17.15,17.15,17.15,17.15,0,222525
4728,2022-07-19 15:18:00+05:30,17.15,17.15,17.15,17.15,0,222525
4729,2022-07-19 15:19:00+05:30,17.15,17.15,17.15,17.15,0,222525
4730,2022-07-19 15:20:00+05:30,17.15,17.15,16.25,16.25,3225,223600
4731,2022-07-19 15:21:00+05:30,16.25,16.25,16.25,16.25,0,223600
4732,2022-07-19 15:22:00+05:30,16.25,16.25,16.25,16.25,0,223600
4733,2022-07-19 15:23:00+05:30,16.25,16.25,16.25,16.25,0,223600
4734,2022-07-19 15:24:00+05:30,16.25,16.25,16.25,16.25,0,223600
4735,2022-07-19 15:25:00+05:30,16.25,16.25,16.25,16.25,0,223600
4736,2022-07-19 15:26:00+05:30,16.55,16.55,16.25,16.55,1075,225750
4737,2022-07-19 15:27:00+05:30,16.55,16.55,16.55,16.55,0,225750
4738,2022-07-19 15:28:00+05:30,16.55,16.55,16.55,16.55,0,225750
4739,2022-07-19 15:29:00+05:30,16.55,16.55,15.95,15.95,1075,226825
4740,2022-07-20 09:15:00+05:30,20.5,20.5,20.5,20.5,0,0
4741,2022-07-20 09:17:00+05:30,20.5,20.5,20.2,20.2,1075,224675
4742,2022-07-20 09:18:00+05:30,20.2,20.2,20.2,20.2,0,224675
4743,2022-07-20 09:19:00+05:30,20.2,20.2,20.2,20.2,0,224675
4744,2022-07-20 09:20:00+05:30,20.2,20.2,20.2,20.2,0,224675
4745,2022-07-20 09:21:00+05:30,20.2,20.2,20.2,20.2,0,224675
4746,2022-07-20 09:22:00+05:30,20.2,21.5,20.2,21.5,1075,224675
4747,2022-07-20 09:23:00+05:30,21.5,21.65,21.5,21.65,1075,224675
4748,2022-07-20 09:24:00+05:30,21.65,21.65,21.65,21.65,0,224675
4749,2022-07-20 09:25:00+05:30,21.65,21.65,20.5,20.5,1075,224675
4750,2022-07-20 09:26:00+05:30,20.5,20.5,20.5,20.5,0,224675
4751,2022-07-20 09:27:00+05:30,20.5,20.5,20.5,20.5,0,224675
4752,2022-07-20 09:28:00+05:30,20.5,20.5,20.5,20.5,0,224675
4753,2022-07-20 09:29:00+05:30,20.5,20.5,20.5,20.5,0,224675
4754,2022-07-20 09:30:00+05:30,20.5,20.5,20.5,20.5,0,224675
4755,2022-07-20 09:31:00+05:30,20.5,20.5,20.1,20.1,1075,224675
4756,2022-07-20 09:32:00+05:30,20.1,20.1,20.1,20.1,0,224675
4757,2022-07-20 09:33:00+05:30,20.1,20.1,20.1,20.1,0,224675
4758,2022-07-20 09:34:00+05:30,20.1,20.1,20.1,20.1,0,224675
4759,2022-07-20 09:35:00+05:30,20.1,20.1,19.1,19.1,1075,223600
4760,2022-07-20 09:36:00+05:30,19.5,19.5,19.5,19.5,3225,223600
4761,2022-07-20 09:37:00+05:30,19.5,19.5,19.5,19.5,0,223600
4762,2022-07-20 09:38:00+05:30,19.5,19.5,19.5,19.5,0,223600
4763,2022-07-20 09:39:00+05:30,19.5,19.5,19.5,19.5,0,223600
4764,2022-07-20 09:40:00+05:30,19.5,19.5,19.5,19.5,0,223600
4765,2022-07-20 09:41:00+05:30,19.5,19.5,19.5,19.5,0,223600
4766,2022-07-20 09:42:00+05:30,19.5,19.5,19.5,19.5,0,223600
4767,2022-07-20 09:43:00+05:30,19.5,19.5,19.5,19.5,0,222525
4768,2022-07-20 09:44:00+05:30,19.5,19.5,19.5,19.5,1075,222525
4769,2022-07-20 09:45:00+05:30,19.5,19.5,19.5,19.5,0,222525
4770,2022-07-20 09:46:00+05:30,19.5,19.5,19.5,19.5,0,222525
4771,2022-07-20 09:47:00+05:30,19.5,19.5,19.5,19.5,0,222525
4772,2022-07-20 09:48:00+05:30,19.5,19.5,19.5,19.5,0,222525
4773,2022-07-20 09:49:00+05:30,19.5,19.5,19.5,19.5,0,222525
4774,2022-07-20 09:50:00+05:30,19.5,19.5,19.5,19.5,0,222525
4775,2022-07-20 09:51:00+05:30,19.5,19.5,19.5,19.5,0,222525
4776,2022-07-20 09:52:00+05:30,19.5,19.5,19.5,19.5,0,222525
4777,2022-07-20 09:53:00+05:30,19.5,19.5,19.5,19.5,0,222525
4778,2022-07-20 09:54:00+05:30,19.5,19.5,19.5,19.5,0,222525
4779,2022-07-20 09:55:00+05:30,19.5,19.5,19.5,19.5,0,222525
4780,2022-07-20 09:56:00+05:30,19.5,19.5,19.5,19.5,0,222525
4781,2022-07-20 09:57:00+05:30,19.5,19.7,19.5,19.7,1075,223600
4782,2022-07-20 09:58:00+05:30,19.7,19.7,19.7,19.7,0,223600
4783,2022-07-20 09:59:00+05:30,19.7,19.7,19.7,19.7,0,223600
4784,2022-07-20 10:00:00+05:30,19.7,19.7,19.4,19.4,1075,223600
4785,2022-07-20 10:01:00+05:30,19.4,19.4,19.4,19.4,0,223600
4786,2022-07-20 10:02:00+05:30,19.4,19.4,19.4,19.4,0,223600
4787,2022-07-20 10:03:00+05:30,19.4,19.4,19.4,19.4,0,223600
4788,2022-07-20 10:04:00+05:30,19.4,19.4,19.4,19.4,0,223600
4789,2022-07-20 10:05:00+05:30,19.4,19.4,19.4,19.4,0,223600
4790,2022-07-20 10:06:00+05:30,19.4,19.4,19.4,19.4,0,223600
4791,2022-07-20 10:07:00+05:30,19.4,19.4,19.4,19.4,0,223600
4792,2022-07-20 10:08:00+05:30,19.4,19.4,19.4,19.4,0,223600
4793,2022-07-20 10:09:00+05:30,19.4,19.4,19.4,19.4,0,223600
4794,2022-07-20 10:10:00+05:30,19.4,21.4,19.4,21.4,1075,223600
4795,2022-07-20 10:11:00+05:30,21.4,21.4,21.4,21.4,0,223600
4796,2022-07-20 10:12:00+05:30,21.4,21.4,21.4,21.4,0,223600
4797,2022-07-20 10:13:00+05:30,21.4,21.4,21.4,21.4,0,223600
4798,2022-07-20 10:14:00+05:30,21.4,21.4,21.4,21.4,0,223600
4799,2022-07-20 10:15:00+05:30,21.4,21.4,21.4,21.4,0,223600
4800,2022-07-20 10:16:00+05:30,21.4,21.4,20.25,20.25,1075,224675
4801,2022-07-20 10:17:00+05:30,20.25,20.25,20.25,20.25,0,224675
4802,2022-07-20 10:18:00+05:30,20.25,20.25,20.25,20.25,0,224675
4803,2022-07-20 10:19:00+05:30,20.25,20.25,20.25,20.25,0,224675
4804,2022-07-20 10:20:00+05:30,20.25,20.25,19.55,19.55,1075,224675
4805,2022-07-20 10:21:00+05:30,19.55,19.55,19.55,19.55,0,224675
4806,2022-07-20 10:22:00+05:30,19.55,19.55,19.55,19.55,0,224675
4807,2022-07-20 10:23:00+05:30,19.55,19.55,19.55,19.55,0,224675
4808,2022-07-20 10:24:00+05:30,19.55,19.55,19.55,19.55,0,224675
4809,2022-07-20 10:25:00+05:30,19.45,19.45,19.45,19.45,1075,223600
4810,2022-07-20 10:26:00+05:30,19.45,19.45,19.0,19.0,2150,224675
4811,2022-07-20 10:27:00+05:30,19.0,19.0,19.0,19.0,0,224675
4812,2022-07-20 10:28:00+05:30,19.0,19.0,19.0,19.0,0,224675
4813,2022-07-20 10:29:00+05:30,19.0,19.0,19.0,19.0,0,224675
4814,2022-07-20 10:30:00+05:30,19.0,19.0,19.0,19.0,0,224675
4815,2022-07-20 10:31:00+05:30,19.0,19.0,19.0,19.0,0,224675
4816,2022-07-20 10:32:00+05:30,19.0,19.0,19.0,19.0,0,224675
4817,2022-07-20 10:33:00+05:30,19.0,19.0,19.0,19.0,0,224675
4818,2022-07-20 10:34:00+05:30,19.0,19.0,19.0,19.0,0,224675
4819,2022-07-20 10:35:00+05:30,19.0,19.0,19.0,19.0,0,224675
4820,2022-07-20 10:36:00+05:30,19.0,19.2,19.0,19.2,1075,224675
4821,2022-07-20 10:37:00+05:30,19.2,19.2,19.0,19.0,1075,224675
4822,2022-07-20 10:38:00+05:30,19.0,19.0,19.0,19.0,0,224675
4823,2022-07-20 10:39:00+05:30,19.0,19.0,19.0,19.0,1075,224675
4824,2022-07-20 10:40:00+05:30,19.0,19.0,19.0,19.0,0,224675
4825,2022-07-20 10:41:00+05:30,19.0,19.0,19.0,19.0,0,224675
4826,2022-07-20 10:42:00+05:30,19.0,19.0,19.0,19.0,0,224675
4827,2022-07-20 10:43:00+05:30,19.0,19.0,19.0,19.0,0,224675
4828,2022-07-20 10:44:00+05:30,19.0,19.0,19.0,19.0,0,224675
4829,2022-07-20 10:45:00+05:30,19.0,19.0,19.0,19.0,0,224675
4830,2022-07-20 10:46:00+05:30,19.0,19.0,19.0,19.0,0,224675
4831,2022-07-20 10:47:00+05:30,19.0,19.0,19.0,19.0,0,224675
4832,2022-07-20 10:48:00+05:30,19.0,19.0,19.0,19.0,0,224675
4833,2022-07-20 10:49:00+05:30,19.0,19.0,19.0,19.0,0,224675
4834,2022-07-20 10:50:00+05:30,19.0,19.0,19.0,19.0,0,224675
4835,2022-07-20 10:51:00+05:30,19.0,19.0,17.3,17.3,1075,224675
4836,2022-07-20 10:52:00+05:30,17.3,17.3,17.3,17.3,0,224675
4837,2022-07-20 10:53:00+05:30,17.3,17.3,17.3,17.3,0,224675
4838,2022-07-20 10:54:00+05:30,17.3,17.3,17.3,17.3,0,224675
4839,2022-07-20 10:55:00+05:30,17.3,17.3,17.3,17.3,0,224675
4840,2022-07-20 10:56:00+05:30,17.3,17.3,17.3,17.3,0,224675
4841,2022-07-20 10:57:00+05:30,17.3,17.3,17.3,17.3,0,224675
4842,2022-07-20 10:58:00+05:30,17.3,17.3,17.3,17.3,0,224675
4843,2022-07-20 10:59:00+05:30,17.3,18.5,17.3,18.5,2150,223600
4844,2022-07-20 11:00:00+05:30,18.5,18.5,18.5,18.5,1075,223600
4845,2022-07-20 11:01:00+05:30,18.5,18.5,18.5,18.5,0,223600
4846,2022-07-20 11:02:00+05:30,18.5,18.5,18.5,18.5,0,223600
4847,2022-07-20 11:03:00+05:30,18.5,18.5,18.3,18.3,1075,225750
4848,2022-07-20 11:04:00+05:30,18.3,18.3,18.3,18.3,0,225750
4849,2022-07-20 11:05:00+05:30,18.3,18.3,18.3,18.3,0,225750
4850,2022-07-20 11:06:00+05:30,18.3,18.3,18.25,18.25,1075,226825
4851,2022-07-20 11:07:00+05:30,18.25,18.25,18.25,18.25,0,226825
4852,2022-07-20 11:08:00+05:30,18.25,18.25,18.25,18.25,0,226825
4853,2022-07-20 11:09:00+05:30,18.25,18.25,18.25,18.25,0,226825
4854,2022-07-20 11:10:00+05:30,18.25,18.25,18.25,18.25,0,226825
4855,2022-07-20 11:11:00+05:30,18.25,18.25,18.25,18.25,0,226825
4856,2022-07-20 11:12:00+05:30,18.25,18.25,17.95,17.95,1075,225750
4857,2022-07-20 11:13:00+05:30,17.95,17.95,17.95,17.95,0,225750
4858,2022-07-20 11:14:00+05:30,17.95,17.95,17.95,17.95,0,225750
4859,2022-07-20 11:15:00+05:30,17.95,17.95,17.85,17.85,1075,224675
4860,2022-07-20 11:16:00+05:30,17.85,17.85,17.85,17.85,0,224675
4861,2022-07-20 11:17:00+05:30,17.85,17.85,17.85,17.85,0,224675
4862,2022-07-20 11:18:00+05:30,17.85,17.85,17.85,17.85,0,224675
4863,2022-07-20 11:19:00+05:30,17.85,17.85,17.85,17.85,0,224675
4864,2022-07-20 11:20:00+05:30,17.85,17.85,17.85,17.85,1075,225750
4865,2022-07-20 11:21:00+05:30,17.85,17.85,17.85,17.85,0,225750
4866,2022-07-20 11:22:00+05:30,17.85,17.85,17.85,17.85,0,225750
4867,2022-07-20 11:23:00+05:30,17.85,18.25,17.85,18.25,1075,226825
4868,2022-07-20 11:24:00+05:30,18.25,18.25,18.25,18.25,0,226825
4869,2022-07-20 11:25:00+05:30,18.25,18.25,18.25,18.25,1075,226825
4870,2022-07-20 11:26:00+05:30,18.25,18.25,18.25,18.25,0,226825
4871,2022-07-20 11:27:00+05:30,18.25,18.25,18.0,18.0,5375,227900
4872,2022-07-20 11:28:00+05:30,18.0,18.5,18.0,18.5,1075,227900
4873,2022-07-20 11:29:00+05:30,18.5,18.5,18.5,18.5,0,227900
4874,2022-07-20 11:30:00+05:30,18.5,18.5,18.5,18.5,0,227900
4875,2022-07-20 11:31:00+05:30,18.5,18.5,18.5,18.5,0,227900
4876,2022-07-20 11:32:00+05:30,18.5,18.5,18.5,18.5,0,227900
4877,2022-07-20 11:33:00+05:30,18.5,18.5,18.5,18.5,0,227900
4878,2022-07-20 11:34:00+05:30,18.5,18.5,18.5,18.5,0,227900
4879,2022-07-20 11:35:00+05:30,18.5,18.5,18.0,18.0,2150,226825
4880,2022-07-20 11:36:00+05:30,18.0,18.0,18.0,18.0,0,226825
4881,2022-07-20 11:37:00+05:30,18.0,18.0,18.0,18.0,0,226825
4882,2022-07-20 11:38:00+05:30,18.0,18.0,18.0,18.0,0,226825
4883,2022-07-20 11:39:00+05:30,18.0,18.85,18.0,18.85,1075,228975
4884,2022-07-20 11:40:00+05:30,18.85,18.85,18.85,18.85,0,228975
4885,2022-07-20 11:41:00+05:30,18.85,18.85,18.85,18.85,0,228975
4886,2022-07-20 11:42:00+05:30,18.85,18.85,18.85,18.85,0,228975
4887,2022-07-20 11:43:00+05:30,18.85,18.85,18.85,18.85,0,228975
4888,2022-07-20 11:44:00+05:30,18.85,18.85,18.85,18.85,0,228975
4889,2022-07-20 11:45:00+05:30,18.85,18.85,18.85,18.85,0,228975
4890,2022-07-20 11:46:00+05:30,18.85,18.85,18.85,18.85,0,228975
4891,2022-07-20 11:47:00+05:30,18.85,18.85,18.85,18.85,0,228975
4892,2022-07-20 11:48:00+05:30,18.85,18.85,18.85,18.85,0,228975
4893,2022-07-20 11:49:00+05:30,18.85,18.85,18.85,18.85,0,228975
4894,2022-07-20 11:50:00+05:30,18.85,18.85,18.85,18.85,0,228975
4895,2022-07-20 11:51:00+05:30,18.85,18.85,18.85,18.85,0,228975
4896,2022-07-20 11:52:00+05:30,18.85,18.85,18.85,18.85,0,228975
4897,2022-07-20 11:53:00+05:30,18.85,18.85,17.7,17.7,1075,228975
4898,2022-07-20 11:54:00+05:30,17.7,17.7,17.7,17.7,0,228975
4899,2022-07-20 11:55:00+05:30,17.7,17.7,17.7,17.7,0,228975
4900,2022-07-20 11:56:00+05:30,17.7,17.7,17.7,17.7,0,228975
4901,2022-07-20 11:57:00+05:30,17.7,17.7,17.7,17.7,0,228975
4902,2022-07-20 11:58:00+05:30,17.7,17.7,17.7,17.7,0,228975
4903,2022-07-20 11:59:00+05:30,17.7,17.7,17.7,17.7,0,228975
4904,2022-07-20 12:00:00+05:30,17.7,17.7,17.7,17.7,0,228975
4905,2022-07-20 12:01:00+05:30,17.7,17.7,17.7,17.7,0,228975
4906,2022-07-20 12:02:00+05:30,17.7,17.7,17.7,17.7,0,228975
4907,2022-07-20 12:03:00+05:30,17.7,17.7,17.7,17.7,0,228975
4908,2022-07-20 12:04:00+05:30,17.7,17.7,17.7,17.7,0,228975
4909,2022-07-20 12:05:00+05:30,17.7,17.7,17.7,17.7,0,228975
4910,2022-07-20 12:06:00+05:30,17.7,17.7,17.7,17.7,0,228975
4911,2022-07-20 12:07:00+05:30,17.7,17.7,17.7,17.7,0,228975
4912,2022-07-20 12:08:00+05:30,17.7,17.7,17.7,17.7,0,228975
4913,2022-07-20 12:09:00+05:30,17.7,17.7,17.7,17.7,0,228975
4914,2022-07-20 12:10:00+05:30,17.7,18.8,17.7,18.8,5375,228975
4915,2022-07-20 12:11:00+05:30,18.8,18.95,18.8,18.95,1075,228975
4916,2022-07-20 12:12:00+05:30,18.95,19.25,18.95,19.25,1075,224675
4917,2022-07-20 12:13:00+05:30,19.25,19.25,19.25,19.25,1075,224675
4918,2022-07-20 12:14:00+05:30,19.25,19.25,19.25,19.25,0,224675
4919,2022-07-20 12:15:00+05:30,19.25,19.25,19.25,19.25,0,224675
4920,2022-07-20 12:16:00+05:30,19.25,19.25,19.25,19.25,0,224675
4921,2022-07-20 12:17:00+05:30,19.25,19.25,19.25,19.25,0,224675
4922,2022-07-20 12:18:00+05:30,19.25,20.35,19.25,20.35,2150,225750
4923,2022-07-20 12:19:00+05:30,20.35,20.35,20.35,20.35,1075,225750
4924,2022-07-20 12:20:00+05:30,20.35,20.35,20.35,20.35,1075,225750
4925,2022-07-20 12:21:00+05:30,20.35,20.35,20.35,20.35,0,225750
4926,2022-07-20 12:22:00+05:30,20.35,20.35,20.35,20.35,0,225750
4927,2022-07-20 12:23:00+05:30,20.35,20.35,20.35,20.35,0,225750
4928,2022-07-20 12:24:00+05:30,20.35,20.35,20.35,20.35,0,225750
4929,2022-07-20 12:25:00+05:30,20.35,20.35,20.35,20.35,0,225750
4930,2022-07-20 12:26:00+05:30,20.35,20.35,20.35,20.35,0,225750
4931,2022-07-20 12:27:00+05:30,20.35,20.35,20.35,20.35,0,225750
4932,2022-07-20 12:28:00+05:30,20.35,20.35,20.35,20.35,0,225750
4933,2022-07-20 12:29:00+05:30,20.35,20.35,20.35,20.35,0,225750
4934,2022-07-20 12:30:00+05:30,20.35,20.35,20.35,20.35,0,225750
4935,2022-07-20 12:31:00+05:30,20.35,20.35,20.35,20.35,0,225750
4936,2022-07-20 12:32:00+05:30,20.35,20.35,20.35,20.35,0,225750
4937,2022-07-20 12:33:00+05:30,20.35,20.35,20.35,20.35,0,225750
4938,2022-07-20 12:34:00+05:30,20.35,20.35,20.35,20.35,0,225750
4939,2022-07-20 12:35:00+05:30,20.35,20.35,19.9,19.9,3225,223600
4940,2022-07-20 12:36:00+05:30,19.9,19.9,19.9,19.9,0,223600
4941,2022-07-20 12:37:00+05:30,19.9,19.9,19.9,19.9,0,223600
4942,2022-07-20 12:38:00+05:30,19.9,19.9,19.9,19.9,0,223600
4943,2022-07-20 12:39:00+05:30,19.9,19.9,19.9,19.9,0,223600
4944,2022-07-20 12:40:00+05:30,19.9,19.9,19.9,19.9,0,223600
4945,2022-07-20 12:41:00+05:30,19.9,19.9,19.9,19.9,0,223600
4946,2022-07-20 12:42:00+05:30,19.9,19.9,19.9,19.9,0,223600
4947,2022-07-20 12:43:00+05:30,19.9,19.9,19.9,19.9,0,223600
4948,2022-07-20 12:44:00+05:30,19.9,19.9,19.9,19.9,0,223600
4949,2022-07-20 12:45:00+05:30,19.9,19.9,19.25,19.25,0,223600
4950,2022-07-20 12:46:00+05:30,19.25,19.25,19.25,19.25,1075,223600
4951,2022-07-20 12:47:00+05:30,19.25,19.25,19.25,19.25,0,223600
4952,2022-07-20 12:48:00+05:30,19.25,19.25,19.25,19.25,0,223600
4953,2022-07-20 12:49:00+05:30,19.25,19.25,19.0,19.0,0,223600
4954,2022-07-20 12:50:00+05:30,19.0,19.0,19.0,19.0,1075,223600
4955,2022-07-20 12:51:00+05:30,19.0,19.0,19.0,19.0,0,223600
4956,2022-07-20 12:52:00+05:30,19.0,19.0,19.0,19.0,0,223600
4957,2022-07-20 12:53:00+05:30,19.0,19.0,19.0,19.0,0,223600
4958,2022-07-20 12:54:00+05:30,19.0,19.0,19.0,19.0,0,223600
4959,2022-07-20 12:55:00+05:30,19.0,19.0,19.0,19.0,0,223600
4960,2022-07-20 12:56:00+05:30,19.0,19.0,19.0,19.0,0,223600
4961,2022-07-20 12:57:00+05:30,19.0,19.0,19.0,19.0,0,223600
4962,2022-07-20 12:58:00+05:30,19.0,19.0,19.0,19.0,0,223600
4963,2022-07-20 12:59:00+05:30,19.0,19.0,19.0,19.0,0,223600
4964,2022-07-20 13:00:00+05:30,19.0,19.0,19.0,19.0,0,223600
4965,2022-07-20 13:01:00+05:30,19.0,19.0,19.0,19.0,0,223600
4966,2022-07-20 13:02:00+05:30,19.0,19.0,17.7,17.7,1075,224675
4967,2022-07-20 13:03:00+05:30,17.7,17.7,17.7,17.7,0,224675
4968,2022-07-20 13:04:00+05:30,17.7,17.7,17.65,17.65,1075,223600
4969,2022-07-20 13:05:00+05:30,17.65,17.65,17.65,17.65,0,223600
4970,2022-07-20 13:06:00+05:30,17.65,17.65,17.65,17.65,0,223600
4971,2022-07-20 13:07:00+05:30,17.65,17.65,16.7,16.7,1075,224675
4972,2022-07-20 13:08:00+05:30,16.7,16.7,16.7,16.7,0,224675
4973,2022-07-20 13:09:00+05:30,16.7,16.7,16.7,16.7,0,224675
4974,2022-07-20 13:10:00+05:30,16.7,16.7,16.7,16.7,0,224675
4975,2022-07-20 13:11:00+05:30,16.7,16.7,16.15,16.15,1075,223600
4976,2022-07-20 13:12:00+05:30,16.15,16.15,16.15,16.15,0,223600
4977,2022-07-20 13:13:00+05:30,16.15,16.15,16.15,16.15,0,223600
4978,2022-07-20 13:14:00+05:30,16.15,16.15,15.35,15.65,3225,223600
4979,2022-07-20 13:15:00+05:30,15.65,16.15,15.5,16.15,5375,222525
4980,2022-07-20 13:16:00+05:30,16.15,16.15,15.7,15.7,1075,222525
4981,2022-07-20 13:17:00+05:30,15.7,15.7,15.7,15.7,0,222525
4982,2022-07-20 13:18:00+05:30,15.7,15.7,15.7,15.7,0,222525
4983,2022-07-20 13:19:00+05:30,15.7,15.7,15.7,15.7,0,222525
4984,2022-07-20 13:20:00+05:30,15.7,16.15,15.7,16.15,2150,220375
4985,2022-07-20 13:21:00+05:30,16.15,16.15,16.15,16.15,0,220375
4986,2022-07-20 13:22:00+05:30,16.15,16.15,16.15,16.15,0,220375
4987,2022-07-20 13:23:00+05:30,16.15,16.15,16.15,16.15,0,220375
4988,2022-07-20 13:24:00+05:30,16.15,16.8,16.15,16.8,1075,221450
4989,2022-07-20 13:25:00+05:30,16.8,16.8,16.55,16.55,0,221450
4990,2022-07-20 13:26:00+05:30,16.55,16.55,16.55,16.55,1075,221450
4991,2022-07-20 13:27:00+05:30,16.55,16.55,16.55,16.55,0,221450
4992,2022-07-20 13:28:00+05:30,16.55,16.55,16.55,16.55,0,221450
4993,2022-07-20 13:29:00+05:30,16.55,16.55,16.55,16.55,0,221450
4994,2022-07-20 13:30:00+05:30,16.55,16.55,16.55,16.55,0,221450
4995,2022-07-20 13:31:00+05:30,17.15,17.15,16.55,17.15,1075,222525
4996,2022-07-20 13:32:00+05:30,17.15,17.15,17.15,17.15,0,222525
4997,2022-07-20 13:33:00+05:30,17.15,17.15,17.15,17.15,0,222525
4998,2022-07-20 13:34:00+05:30,17.15,17.15,17.15,17.15,0,222525
4999,2022-07-20 13:35:00+05:30,17.15,17.15,17.15,17.15,0,222525
5000,2022-07-20 13:36:00+05:30,17.15,17.15,17.15,17.15,0,222525
5001,2022-07-20 13:37:00+05:30,17.15,17.15,17.15,17.15,0,222525
5002,2022-07-20 13:38:00+05:30,17.15,17.15,17.15,17.15,0,222525
5003,2022-07-20 13:39:00+05:30,17.15,17.15,17.15,17.15,0,222525
5004,2022-07-20 13:40:00+05:30,17.15,17.15,17.15,17.15,0,222525
5005,2022-07-20 13:41:00+05:30,17.15,17.15,17.15,17.15,0,222525
5006,2022-07-20 13:42:00+05:30,17.15,17.15,17.15,17.15,0,222525
5007,2022-07-20 13:43:00+05:30,17.15,17.15,17.15,17.15,0,222525
5008,2022-07-20 13:44:00+05:30,17.15,17.15,17.15,17.15,0,222525
5009,2022-07-20 13:45:00+05:30,17.15,17.15,17.15,17.15,0,222525
5010,2022-07-20 13:46:00+05:30,17.15,17.15,17.15,17.15,0,222525
5011,2022-07-20 13:47:00+05:30,17.15,17.15,17.15,17.15,0,222525
5012,2022-07-20 13:48:00+05:30,17.15,17.15,17.15,17.15,0,222525
5013,2022-07-20 13:49:00+05:30,17.15,17.15,17.15,17.15,0,222525
5014,2022-07-20 13:50:00+05:30,17.15,17.15,17.15,17.15,0,222525
5015,2022-07-20 13:51:00+05:30,17.15,17.15,17.15,17.15,0,222525
5016,2022-07-20 13:52:00+05:30,17.15,17.15,17.15,17.15,0,222525
5017,2022-07-20 13:53:00+05:30,17.15,17.15,17.15,17.15,0,222525
5018,2022-07-20 13:54:00+05:30,17.15,17.15,17.15,17.15,0,222525
5019,2022-07-20 13:55:00+05:30,17.15,17.15,17.15,17.15,0,222525
5020,2022-07-20 13:56:00+05:30,17.15,17.15,17.15,17.15,0,222525
5021,2022-07-20 13:57:00+05:30,17.15,17.15,17.15,17.15,0,222525
5022,2022-07-20 13:58:00+05:30,17.15,17.15,17.15,17.15,0,222525
5023,2022-07-20 13:59:00+05:30,17.15,17.15,17.15,17.15,0,222525
5024,2022-07-20 14:00:00+05:30,17.15,17.15,17.15,17.15,0,222525
5025,2022-07-20 14:01:00+05:30,17.15,17.15,17.15,17.15,0,222525
5026,2022-07-20 14:02:00+05:30,17.15,17.15,17.15,17.15,0,222525
5027,2022-07-20 14:03:00+05:30,17.15,17.15,17.15,17.15,0,222525
5028,2022-07-20 14:04:00+05:30,17.15,17.15,17.15,17.15,0,222525
5029,2022-07-20 14:05:00+05:30,17.15,17.15,17.15,17.15,0,222525
5030,2022-07-20 14:06:00+05:30,17.15,17.15,17.15,17.15,0,222525
5031,2022-07-20 14:07:00+05:30,17.15,17.15,17.15,17.15,0,222525
5032,2022-07-20 14:08:00+05:30,17.15,17.15,17.15,17.15,0,222525
5033,2022-07-20 14:09:00+05:30,17.15,17.15,17.15,17.15,0,222525
5034,2022-07-20 14:10:00+05:30,17.15,17.15,17.15,17.15,0,222525
5035,2022-07-20 14:11:00+05:30,17.15,17.15,17.15,17.15,0,222525
5036,2022-07-20 14:12:00+05:30,17.15,17.15,17.15,17.15,0,222525
5037,2022-07-20 14:13:00+05:30,17.15,17.15,17.15,17.15,0,222525
5038,2022-07-20 14:14:00+05:30,17.15,17.15,17.15,17.15,0,222525
5039,2022-07-20 14:15:00+05:30,17.15,17.15,17.15,17.15,0,222525
5040,2022-07-20 14:16:00+05:30,17.15,17.15,17.15,17.15,0,222525
5041,2022-07-20 14:17:00+05:30,17.15,17.15,17.15,17.15,0,222525
5042,2022-07-20 14:18:00+05:30,17.15,17.15,17.15,17.15,0,222525
5043,2022-07-20 14:19:00+05:30,17.15,17.15,17.15,17.15,0,222525
5044,2022-07-20 14:20:00+05:30,17.15,17.15,17.15,17.15,0,222525
5045,2022-07-20 14:21:00+05:30,17.15,17.15,17.15,17.15,0,222525
5046,2022-07-20 14:22:00+05:30,17.15,17.15,17.15,17.15,0,222525
5047,2022-07-20 14:23:00+05:30,17.15,17.15,17.15,17.15,0,222525
5048,2022-07-20 14:24:00+05:30,17.15,17.15,17.15,17.15,0,222525
5049,2022-07-20 14:25:00+05:30,17.15,17.15,17.15,17.15,0,222525
5050,2022-07-20 14:26:00+05:30,17.15,17.15,17.15,17.15,0,222525
5051,2022-07-20 14:27:00+05:30,17.15,17.15,15.9,15.9,0,221450
5052,2022-07-20 14:28:00+05:30,16.0,16.0,15.9,15.9,2150,221450
5053,2022-07-20 14:29:00+05:30,15.9,15.9,15.9,15.9,1075,221450
5054,2022-07-20 14:30:00+05:30,15.9,15.9,15.9,15.9,0,221450
5055,2022-07-20 14:31:00+05:30,15.9,15.9,15.9,15.9,0,221450
5056,2022-07-20 14:32:00+05:30,15.9,17.0,15.9,17.0,1075,218225
5057,2022-07-20 14:33:00+05:30,17.0,17.0,17.0,17.0,0,218225
5058,2022-07-20 14:34:00+05:30,17.0,17.0,17.0,17.0,0,218225
5059,2022-07-20 14:35:00+05:30,17.0,17.0,17.0,17.0,0,218225
5060,2022-07-20 14:36:00+05:30,17.0,17.0,17.0,17.0,0,218225
5061,2022-07-20 14:37:00+05:30,17.0,17.0,17.0,17.0,0,218225
5062,2022-07-20 14:38:00+05:30,17.0,17.0,16.7,16.7,1075,217150
5063,2022-07-20 14:39:00+05:30,16.7,16.7,16.7,16.7,0,217150
5064,2022-07-20 14:40:00+05:30,16.7,16.7,16.7,16.7,0,217150
5065,2022-07-20 14:41:00+05:30,16.7,16.7,16.7,16.7,0,217150
5066,2022-07-20 14:42:00+05:30,16.8,16.8,16.8,16.8,1075,218225
5067,2022-07-20 14:43:00+05:30,16.8,16.9,16.8,16.9,1075,218225
5068,2022-07-20 14:44:00+05:30,16.9,16.9,16.9,16.9,0,218225
5069,2022-07-20 14:45:00+05:30,16.9,16.9,16.6,16.6,1075,218225
5070,2022-07-20 14:46:00+05:30,16.6,16.6,16.6,16.6,0,218225
5071,2022-07-20 14:47:00+05:30,16.6,16.6,16.6,16.6,0,218225
5072,2022-07-20 14:48:00+05:30,16.6,16.6,16.6,16.6,0,218225
5073,2022-07-20 14:49:00+05:30,16.6,16.6,16.6,16.6,0,218225
5074,2022-07-20 14:50:00+05:30,16.6,16.6,16.6,16.6,0,218225
5075,2022-07-20 14:51:00+05:30,16.6,16.85,16.6,16.85,1075,219300
5076,2022-07-20 14:52:00+05:30,16.85,16.85,16.85,16.85,0,219300
5077,2022-07-20 14:53:00+05:30,16.85,16.85,16.85,16.85,0,219300
5078,2022-07-20 14:54:00+05:30,16.85,16.85,16.85,16.85,0,219300
5079,2022-07-20 14:55:00+05:30,16.85,16.85,16.85,16.85,0,219300
5080,2022-07-20 14:56:00+05:30,16.85,16.85,16.85,16.85,0,219300
5081,2022-07-20 14:57:00+05:30,16.85,16.85,16.85,16.85,0,219300
5082,2022-07-20 14:58:00+05:30,16.85,16.85,16.85,16.85,0,219300
5083,2022-07-20 14:59:00+05:30,16.85,16.85,16.85,16.85,0,219300
5084,2022-07-20 15:00:00+05:30,16.85,16.85,16.85,16.85,0,219300
5085,2022-07-20 15:01:00+05:30,16.85,16.85,16.85,16.85,0,219300
5086,2022-07-20 15:02:00+05:30,16.85,16.85,16.85,16.85,0,219300
5087,2022-07-20 15:03:00+05:30,16.85,16.85,16.85,16.85,0,219300
5088,2022-07-20 15:04:00+05:30,16.85,16.85,16.85,16.85,0,219300
5089,2022-07-20 15:05:00+05:30,16.85,16.85,16.85,16.85,0,219300
5090,2022-07-20 15:06:00+05:30,16.85,16.85,16.85,16.85,0,219300
5091,2022-07-20 15:07:00+05:30,16.85,16.85,16.85,16.85,0,219300
5092,2022-07-20 15:08:00+05:30,16.85,16.85,16.85,16.85,0,219300
5093,2022-07-20 15:09:00+05:30,16.85,16.85,16.85,16.85,0,219300
5094,2022-07-20 15:10:00+05:30,16.85,16.85,16.85,16.85,0,219300
5095,2022-07-20 15:11:00+05:30,16.85,16.85,16.85,16.85,0,219300
5096,2022-07-20 15:12:00+05:30,16.85,16.85,16.85,16.85,0,219300
5097,2022-07-20 15:13:00+05:30,16.85,16.85,16.85,16.85,0,219300
5098,2022-07-20 15:14:00+05:30,16.85,16.85,16.85,16.85,0,219300
5099,2022-07-20 15:15:00+05:30,16.85,16.85,16.85,16.85,0,219300
5100,2022-07-20 15:16:00+05:30,16.85,16.85,16.85,16.85,0,219300
5101,2022-07-20 15:17:00+05:30,16.85,16.85,16.55,16.55,1075,218225
5102,2022-07-20 15:18:00+05:30,16.55,16.55,16.55,16.55,0,218225
5103,2022-07-20 15:19:00+05:30,16.55,16.55,16.55,16.55,0,218225
5104,2022-07-20 15:20:00+05:30,16.55,16.55,16.55,16.55,0,218225
5105,2022-07-20 15:21:00+05:30,16.55,16.55,16.55,16.55,0,218225
5106,2022-07-20 15:22:00+05:30,16.55,16.55,16.55,16.55,0,218225
5107,2022-07-20 15:23:00+05:30,16.55,16.55,16.55,16.55,0,218225
5108,2022-07-20 15:24:00+05:30,16.55,16.55,16.55,16.55,0,218225
5109,2022-07-20 15:25:00+05:30,16.55,16.55,16.55,16.55,0,218225
5110,2022-07-20 15:26:00+05:30,16.55,16.55,16.55,16.55,0,218225
5111,2022-07-20 15:27:00+05:30,16.55,16.55,16.55,16.55,0,218225
5112,2022-07-20 15:28:00+05:30,16.55,16.55,16.55,16.55,0,218225
5113,2022-07-20 15:29:00+05:30,16.55,16.55,16.55,16.55,0,218225
5114,2022-07-21 09:15:00+05:30,20.0,20.0,20.0,20.0,0,0
5115,2022-07-21 09:17:00+05:30,20.0,20.0,20.0,20.0,0,217150
5116,2022-07-21 09:18:00+05:30,20.0,20.0,20.0,20.0,0,217150
5117,2022-07-21 09:19:00+05:30,20.0,20.0,20.0,20.0,0,217150
5118,2022-07-21 09:20:00+05:30,20.0,20.0,20.0,20.0,0,217150
5119,2022-07-21 09:21:00+05:30,20.0,20.0,20.0,20.0,0,217150
5120,2022-07-21 09:22:00+05:30,20.0,22.1,20.0,22.1,1075,216075
5121,2022-07-21 09:23:00+05:30,22.1,23.0,22.1,23.0,0,216075
5122,2022-07-21 09:24:00+05:30,23.0,23.0,23.0,23.0,1075,216075
5123,2022-07-21 09:25:00+05:30,23.0,23.55,23.0,23.55,1075,216075
5124,2022-07-21 09:26:00+05:30,23.55,23.55,22.5,22.5,1075,216075
5125,2022-07-21 09:27:00+05:30,22.5,22.5,22.5,22.5,1075,213925
5126,2022-07-21 09:28:00+05:30,22.5,22.5,22.5,22.5,0,213925
5127,2022-07-21 09:29:00+05:30,22.5,22.5,22.5,22.5,0,213925
5128,2022-07-21 09:30:00+05:30,22.5,22.5,22.5,22.5,0,213925
5129,2022-07-21 09:31:00+05:30,22.5,22.5,22.5,22.5,0,213925
5130,2022-07-21 09:32:00+05:30,22.5,22.5,22.5,22.5,0,213925
5131,2022-07-21 09:33:00+05:30,22.5,22.5,22.5,22.5,0,213925
5132,2022-07-21 09:34:00+05:30,22.5,22.5,22.5,22.5,0,213925
5133,2022-07-21 09:35:00+05:30,22.5,23.0,22.5,23.0,1075,213925
5134,2022-07-21 09:36:00+05:30,23.0,23.0,23.0,23.0,0,213925
5135,2022-07-21 09:37:00+05:30,23.0,23.0,23.0,23.0,0,213925
5136,2022-07-21 09:38:00+05:30,23.0,23.0,23.0,23.0,0,213925
5137,2022-07-21 09:39:00+05:30,23.0,23.0,23.0,23.0,0,213925
5138,2022-07-21 09:40:00+05:30,23.0,23.0,22.0,22.0,1075,212850
5139,2022-07-21 09:41:00+05:30,22.0,22.0,22.0,22.0,0,212850
5140,2022-07-21 09:42:00+05:30,22.0,22.0,21.3,21.3,1075,211775
5141,2022-07-21 09:43:00+05:30,21.3,21.3,21.3,21.3,0,211775
5142,2022-07-21 09:44:00+05:30,21.3,22.0,21.3,22.0,0,210700
5143,2022-07-21 09:45:00+05:30,22.0,22.4,22.0,22.4,2150,210700
5144,2022-07-21 09:46:00+05:30,22.4,22.6,22.4,22.6,1075,210700
5145,2022-07-21 09:47:00+05:30,22.6,22.6,22.6,22.6,0,210700
5146,2022-07-21 09:48:00+05:30,22.6,22.6,22.6,22.6,0,210700
5147,2022-07-21 09:49:00+05:30,22.6,22.6,22.6,22.6,0,210700
5148,2022-07-21 09:50:00+05:30,22.6,22.6,22.6,22.6,0,210700
5149,2022-07-21 09:51:00+05:30,22.6,22.6,22.6,22.6,0,210700
5150,2022-07-21 09:52:00+05:30,22.6,22.6,22.6,22.6,0,210700
5151,2022-07-21 09:53:00+05:30,22.6,23.0,22.6,23.0,1075,209625
5152,2022-07-21 09:54:00+05:30,23.0,23.0,23.0,23.0,0,209625
5153,2022-07-21 09:55:00+05:30,23.0,23.0,23.0,23.0,0,209625
5154,2022-07-21 09:56:00+05:30,23.0,23.0,22.5,22.5,1075,208550
5155,2022-07-21 09:57:00+05:30,22.5,22.5,22.5,22.5,0,208550
5156,2022-07-21 09:58:00+05:30,22.2,22.2,22.2,22.2,1075,209625
5157,2022-07-21 09:59:00+05:30,22.2,22.2,22.2,22.2,0,209625
5158,2022-07-21 10:00:00+05:30,22.2,22.2,22.2,22.2,0,209625
5159,2022-07-21 10:01:00+05:30,22.2,22.2,22.2,22.2,0,209625
5160,2022-07-21 10:02:00+05:30,22.2,22.2,22.2,22.2,0,209625
5161,2022-07-21 10:03:00+05:30,22.2,22.2,22.2,22.2,0,209625
5162,2022-07-21 10:04:00+05:30,22.2,22.2,22.2,22.2,0,209625
5163,2022-07-21 10:05:00+05:30,22.2,22.2,22.2,22.2,0,209625
5164,2022-07-21 10:06:00+05:30,22.2,22.2,22.2,22.2,0,209625
5165,2022-07-21 10:07:00+05:30,22.2,22.2,22.2,22.2,0,209625
5166,2022-07-21 10:08:00+05:30,22.2,22.2,22.2,22.2,1075,209625
5167,2022-07-21 10:09:00+05:30,22.2,22.2,22.2,22.2,0,209625
5168,2022-07-21 10:10:00+05:30,22.2,22.2,22.2,22.2,0,209625
5169,2022-07-21 10:11:00+05:30,22.2,22.2,22.2,22.2,0,209625
5170,2022-07-21 10:12:00+05:30,22.2,22.2,22.2,22.2,0,209625
5171,2022-07-21 10:13:00+05:30,22.2,22.2,22.2,22.2,0,209625
5172,2022-07-21 10:14:00+05:30,22.2,22.2,22.2,22.2,0,209625
5173,2022-07-21 10:15:00+05:30,22.2,22.2,22.2,22.2,0,209625
5174,2022-07-21 10:16:00+05:30,22.2,22.2,22.2,22.2,0,209625
5175,2022-07-21 10:17:00+05:30,22.2,22.2,22.2,22.2,0,209625
5176,2022-07-21 10:18:00+05:30,22.2,22.2,21.85,21.85,1075,208550
5177,2022-07-21 10:19:00+05:30,21.85,21.85,21.85,21.85,0,208550
5178,2022-07-21 10:20:00+05:30,21.85,21.85,21.85,21.85,0,208550
5179,2022-07-21 10:21:00+05:30,21.85,21.85,21.85,21.85,0,208550
5180,2022-07-21 10:22:00+05:30,21.85,21.85,21.85,21.85,0,208550
5181,2022-07-21 10:23:00+05:30,21.85,21.85,21.85,21.85,0,208550
5182,2022-07-21 10:24:00+05:30,21.85,21.85,21.85,21.85,0,208550
5183,2022-07-21 10:25:00+05:30,21.85,21.85,21.85,21.85,0,208550
5184,2022-07-21 10:26:00+05:30,21.85,21.85,21.85,21.85,0,208550
5185,2022-07-21 10:27:00+05:30,21.85,21.85,21.85,21.85,0,208550
5186,2022-07-21 10:28:00+05:30,21.85,21.85,21.85,21.85,0,208550
5187,2022-07-21 10:29:00+05:30,21.85,21.85,21.85,21.85,0,208550
5188,2022-07-21 10:30:00+05:30,21.85,21.85,21.85,21.85,0,208550
5189,2022-07-21 10:31:00+05:30,21.85,21.85,21.85,21.85,0,208550
5190,2022-07-21 10:32:00+05:30,21.85,21.85,21.85,21.85,0,208550
5191,2022-07-21 10:33:00+05:30,21.85,21.85,21.85,21.85,0,208550
5192,2022-07-21 10:34:00+05:30,21.85,21.85,21.85,21.85,0,208550
5193,2022-07-21 10:35:00+05:30,21.85,21.85,21.85,21.85,0,208550
5194,2022-07-21 10:36:00+05:30,21.85,21.85,21.85,21.85,0,208550
5195,2022-07-21 10:37:00+05:30,21.85,21.85,21.85,21.85,0,208550
5196,2022-07-21 10:38:00+05:30,21.85,21.85,21.85,21.85,0,208550
5197,2022-07-21 10:39:00+05:30,21.85,21.85,21.85,21.85,0,208550
5198,2022-07-21 10:40:00+05:30,21.85,21.85,21.85,21.85,0,208550
5199,2022-07-21 10:41:00+05:30,21.85,21.85,21.85,21.85,0,208550
5200,2022-07-21 10:42:00+05:30,21.85,21.85,21.85,21.85,0,208550
5201,2022-07-21 10:43:00+05:30,21.85,21.85,21.85,21.85,0,208550
5202,2022-07-21 10:44:00+05:30,21.85,21.85,21.85,21.85,0,208550
5203,2022-07-21 10:45:00+05:30,21.85,21.85,21.85,21.85,0,208550
5204,2022-07-21 10:46:00+05:30,21.85,21.85,21.85,21.85,0,208550
5205,2022-07-21 10:47:00+05:30,21.85,21.85,21.85,21.85,0,208550
5206,2022-07-21 10:48:00+05:30,21.85,21.85,21.85,21.85,0,208550
5207,2022-07-21 10:49:00+05:30,21.85,21.85,21.85,21.85,0,208550
5208,2022-07-21 10:50:00+05:30,21.85,21.85,21.85,21.85,0,208550
5209,2022-07-21 10:51:00+05:30,21.85,21.85,21.85,21.85,0,208550
5210,2022-07-21 10:52:00+05:30,21.85,21.85,21.85,21.85,0,208550
5211,2022-07-21 10:53:00+05:30,21.85,21.85,21.85,21.85,0,208550
5212,2022-07-21 10:54:00+05:30,21.85,21.85,21.85,21.85,0,208550
5213,2022-07-21 10:55:00+05:30,21.85,21.85,21.85,21.85,0,208550
5214,2022-07-21 10:56:00+05:30,21.85,21.85,21.85,21.85,0,208550
5215,2022-07-21 10:57:00+05:30,21.85,21.85,21.85,21.85,0,208550
5216,2022-07-21 10:58:00+05:30,21.85,24.45,21.85,24.45,1075,208550
5217,2022-07-21 10:59:00+05:30,24.45,24.45,24.45,24.45,0,208550
5218,2022-07-21 11:00:00+05:30,24.45,24.45,24.45,24.45,0,208550
5219,2022-07-21 11:01:00+05:30,24.45,24.45,24.45,24.45,0,208550
5220,2022-07-21 11:02:00+05:30,24.45,24.45,24.45,24.45,0,208550
5221,2022-07-21 11:03:00+05:30,24.45,24.45,24.45,24.45,0,208550
5222,2022-07-21 11:04:00+05:30,24.45,24.45,24.45,24.45,0,208550
5223,2022-07-21 11:05:00+05:30,24.45,24.45,24.45,24.45,0,208550
5224,2022-07-21 11:06:00+05:30,24.45,24.45,24.45,24.45,0,208550
5225,2022-07-21 11:07:00+05:30,24.45,24.45,24.45,24.45,0,208550
5226,2022-07-21 11:08:00+05:30,24.45,24.45,24.45,24.45,0,208550
5227,2022-07-21 11:09:00+05:30,24.45,24.45,24.45,24.45,1075,208550
5228,2022-07-21 11:10:00+05:30,24.45,24.45,24.45,24.45,0,208550
5229,2022-07-21 11:11:00+05:30,24.45,24.45,24.45,24.45,0,208550
5230,2022-07-21 11:12:00+05:30,24.45,24.45,24.45,24.45,0,208550
5231,2022-07-21 11:13:00+05:30,24.45,24.45,24.45,24.45,0,208550
5232,2022-07-21 11:14:00+05:30,24.45,24.45,24.45,24.45,0,208550
5233,2022-07-21 11:15:00+05:30,24.45,24.45,24.45,24.45,0,208550
5234,2022-07-21 11:16:00+05:30,24.45,24.45,24.45,24.45,0,208550
5235,2022-07-21 11:17:00+05:30,24.45,24.45,24.45,24.45,0,208550
5236,2022-07-21 11:18:00+05:30,24.45,24.45,24.45,24.45,0,208550
5237,2022-07-21 11:19:00+05:30,24.45,24.45,24.45,24.45,0,208550
5238,2022-07-21 11:20:00+05:30,24.45,24.45,24.45,24.45,0,208550
5239,2022-07-21 11:21:00+05:30,24.45,24.45,24.45,24.45,0,208550
5240,2022-07-21 11:22:00+05:30,24.45,24.45,24.45,24.45,0,208550
5241,2022-07-21 11:23:00+05:30,24.45,24.45,24.45,24.45,0,208550
5242,2022-07-21 11:24:00+05:30,24.45,24.45,24.45,24.45,0,208550
5243,2022-07-21 11:25:00+05:30,24.45,24.45,24.45,24.45,0,208550
5244,2022-07-21 11:26:00+05:30,24.45,24.45,24.45,24.45,0,208550
5245,2022-07-21 11:27:00+05:30,24.45,24.45,24.45,24.45,0,208550
5246,2022-07-21 11:28:00+05:30,24.45,24.45,24.45,24.45,0,208550
5247,2022-07-21 11:29:00+05:30,24.45,24.45,24.45,24.45,0,208550
5248,2022-07-21 11:30:00+05:30,24.45,24.45,24.45,24.45,0,208550
5249,2022-07-21 11:31:00+05:30,24.45,24.45,24.45,24.45,0,208550
5250,2022-07-21 11:32:00+05:30,24.45,24.45,24.45,24.45,0,208550
5251,2022-07-21 11:33:00+05:30,24.45,24.45,24.45,24.45,0,208550
5252,2022-07-21 11:34:00+05:30,24.45,24.45,24.45,24.45,0,208550
5253,2022-07-21 11:35:00+05:30,24.45,24.45,24.45,24.45,0,208550
5254,2022-07-21 11:36:00+05:30,24.45,24.45,24.45,24.45,0,208550
5255,2022-07-21 11:37:00+05:30,24.45,24.45,24.45,24.45,0,208550
5256,2022-07-21 11:38:00+05:30,24.45,24.45,24.45,24.45,0,208550
5257,2022-07-21 11:39:00+05:30,24.45,24.45,24.45,24.45,0,208550
5258,2022-07-21 11:40:00+05:30,24.45,24.45,24.45,24.45,0,208550
5259,2022-07-21 11:41:00+05:30,24.45,24.45,24.45,24.45,0,208550
5260,2022-07-21 11:42:00+05:30,24.45,24.45,24.45,24.45,0,208550
5261,2022-07-21 11:43:00+05:30,24.45,24.45,24.45,24.45,0,208550
5262,2022-07-21 11:44:00+05:30,24.45,24.45,24.45,24.45,0,208550
5263,2022-07-21 11:45:00+05:30,24.45,24.45,24.45,24.45,0,208550
5264,2022-07-21 11:46:00+05:30,24.45,24.45,24.45,24.45,0,208550
5265,2022-07-21 11:47:00+05:30,24.45,24.45,23.75,23.75,1075,207475
5266,2022-07-21 11:48:00+05:30,23.75,23.75,23.75,23.75,0,207475
5267,2022-07-21 11:49:00+05:30,23.75,23.75,23.75,23.75,0,207475
5268,2022-07-21 11:50:00+05:30,23.75,23.75,23.75,23.75,0,207475
5269,2022-07-21 11:51:00+05:30,23.75,23.75,23.75,23.75,0,207475
5270,2022-07-21 11:52:00+05:30,23.75,23.75,23.75,23.75,0,207475
5271,2022-07-21 11:53:00+05:30,23.75,23.75,23.75,23.75,0,207475
5272,2022-07-21 11:54:00+05:30,23.75,23.75,23.75,23.75,0,207475
5273,2022-07-21 11:55:00+05:30,23.75,23.75,23.75,23.75,0,207475
5274,2022-07-21 11:56:00+05:30,23.75,23.75,23.75,23.75,0,207475
5275,2022-07-21 11:57:00+05:30,23.75,23.75,23.75,23.75,0,207475
5276,2022-07-21 11:58:00+05:30,23.75,23.75,23.75,23.75,0,207475
5277,2022-07-21 11:59:00+05:30,23.75,23.75,23.75,23.75,0,207475
5278,2022-07-21 12:00:00+05:30,23.75,23.75,23.75,23.75,0,207475
5279,2022-07-21 12:01:00+05:30,23.75,23.75,23.75,23.75,0,207475
5280,2022-07-21 12:02:00+05:30,23.75,23.75,23.75,23.75,0,207475
5281,2022-07-21 12:03:00+05:30,23.75,23.75,23.75,23.75,0,207475
5282,2022-07-21 12:04:00+05:30,23.75,23.75,23.75,23.75,0,207475
5283,2022-07-21 12:05:00+05:30,23.75,23.75,23.75,23.75,0,207475
5284,2022-07-21 12:06:00+05:30,23.75,23.75,23.75,23.75,0,207475
5285,2022-07-21 12:07:00+05:30,23.75,23.75,23.75,23.75,0,207475
5286,2022-07-21 12:08:00+05:30,23.75,23.75,23.75,23.75,0,207475
5287,2022-07-21 12:09:00+05:30,23.75,23.75,23.75,23.75,0,207475
5288,2022-07-21 12:10:00+05:30,23.75,23.75,23.75,23.75,0,207475
5289,2022-07-21 12:11:00+05:30,23.75,23.75,23.75,23.75,0,207475
5290,2022-07-21 12:12:00+05:30,23.75,23.75,23.75,23.75,1075,207475
5291,2022-07-21 12:13:00+05:30,23.75,23.75,23.75,23.75,0,207475
5292,2022-07-21 12:14:00+05:30,23.75,23.75,23.75,23.75,0,207475
5293,2022-07-21 12:15:00+05:30,23.75,23.75,23.75,23.75,0,207475
5294,2022-07-21 12:16:00+05:30,23.75,23.75,23.75,23.75,0,207475
5295,2022-07-21 12:17:00+05:30,23.75,23.75,23.75,23.75,0,207475
5296,2022-07-21 12:18:00+05:30,23.75,23.75,23.75,23.75,0,207475
5297,2022-07-21 12:19:00+05:30,23.75,23.75,23.75,23.75,0,207475
5298,2022-07-21 12:20:00+05:30,23.75,23.75,23.75,23.75,0,207475
5299,2022-07-21 12:21:00+05:30,23.75,23.75,23.75,23.75,0,207475
5300,2022-07-21 12:22:00+05:30,23.75,23.75,23.75,23.75,0,207475
5301,2022-07-21 12:23:00+05:30,23.75,23.75,23.75,23.75,0,207475
5302,2022-07-21 12:24:00+05:30,23.75,23.75,23.75,23.75,0,207475
5303,2022-07-21 12:25:00+05:30,23.75,23.75,23.75,23.75,0,207475
5304,2022-07-21 12:26:00+05:30,23.75,23.75,23.75,23.75,0,207475
5305,2022-07-21 12:27:00+05:30,23.75,23.75,23.75,23.75,0,207475
5306,2022-07-21 12:28:00+05:30,23.75,23.75,23.75,23.75,0,207475
5307,2022-07-21 12:29:00+05:30,23.75,23.75,23.75,23.75,0,207475
5308,2022-07-21 12:30:00+05:30,23.75,23.75,23.75,23.75,0,207475
5309,2022-07-21 12:31:00+05:30,23.75,23.75,23.75,23.75,0,207475
5310,2022-07-21 12:32:00+05:30,23.75,23.75,23.75,23.75,0,207475
5311,2022-07-21 12:33:00+05:30,23.75,23.75,23.75,23.75,0,207475
5312,2022-07-21 12:34:00+05:30,23.75,23.75,23.75,23.75,0,207475
5313,2022-07-21 12:35:00+05:30,23.75,23.75,23.75,23.75,0,207475
5314,2022-07-21 12:36:00+05:30,23.75,23.75,23.75,23.75,0,207475
5315,2022-07-21 12:37:00+05:30,23.75,23.75,23.75,23.75,0,207475
5316,2022-07-21 12:38:00+05:30,23.75,23.75,23.75,23.75,0,207475
5317,2022-07-21 12:39:00+05:30,23.75,23.75,23.75,23.75,0,207475
5318,2022-07-21 12:40:00+05:30,23.75,23.75,23.75,23.75,0,207475
5319,2022-07-21 12:41:00+05:30,23.75,23.75,23.75,23.75,0,207475
5320,2022-07-21 12:42:00+05:30,23.75,23.75,23.75,23.75,0,207475
5321,2022-07-21 12:43:00+05:30,23.75,23.75,23.75,23.75,0,207475
5322,2022-07-21 12:44:00+05:30,23.75,23.75,23.75,23.75,0,207475
5323,2022-07-21 12:45:00+05:30,23.75,23.75,23.75,23.75,0,207475
5324,2022-07-21 12:46:00+05:30,23.75,23.75,23.75,23.75,0,207475
5325,2022-07-21 12:47:00+05:30,23.75,23.75,23.75,23.75,0,207475
5326,2022-07-21 12:48:00+05:30,23.75,23.75,23.75,23.75,0,207475
5327,2022-07-21 12:49:00+05:30,23.75,23.75,23.75,23.75,0,207475
5328,2022-07-21 12:50:00+05:30,23.75,23.75,23.75,23.75,0,207475
5329,2022-07-21 12:51:00+05:30,23.75,23.75,23.75,23.75,0,207475
5330,2022-07-21 12:52:00+05:30,23.75,23.75,23.75,23.75,0,207475
5331,2022-07-21 12:53:00+05:30,23.75,23.75,23.75,23.75,0,207475
5332,2022-07-21 12:54:00+05:30,23.75,23.75,23.75,23.75,0,207475
5333,2022-07-21 12:55:00+05:30,23.75,23.75,23.75,23.75,0,207475
5334,2022-07-21 12:56:00+05:30,23.75,23.75,23.75,23.75,0,207475
5335,2022-07-21 12:57:00+05:30,23.75,23.75,23.75,23.75,0,207475
5336,2022-07-21 12:58:00+05:30,23.75,23.75,23.75,23.75,0,207475
5337,2022-07-21 12:59:00+05:30,23.75,23.75,23.75,23.75,0,207475
5338,2022-07-21 13:00:00+05:30,23.75,23.75,23.75,23.75,0,207475
5339,2022-07-21 13:01:00+05:30,23.75,23.75,22.95,22.95,2150,207475
5340,2022-07-21 13:02:00+05:30,22.95,22.95,22.95,22.95,0,207475
5341,2022-07-21 13:03:00+05:30,22.95,22.95,22.95,22.95,0,207475
5342,2022-07-21 13:04:00+05:30,22.95,22.95,22.95,22.95,0,207475
5343,2022-07-21 13:05:00+05:30,22.95,22.95,22.95,22.95,0,207475
5344,2022-07-21 13:06:00+05:30,22.95,22.95,22.95,22.95,0,207475
5345,2022-07-21 13:07:00+05:30,22.95,22.95,22.95,22.95,0,207475
5346,2022-07-21 13:08:00+05:30,22.95,22.95,22.95,22.95,0,207475
5347,2022-07-21 13:09:00+05:30,22.95,22.95,22.95,22.95,0,207475
5348,2022-07-21 13:10:00+05:30,22.95,22.95,22.95,22.95,0,207475
5349,2022-07-21 13:11:00+05:30,22.95,22.95,22.95,22.95,0,207475
5350,2022-07-21 13:12:00+05:30,22.95,22.95,22.95,22.95,0,207475
5351,2022-07-21 13:13:00+05:30,22.95,22.95,22.95,22.95,0,207475
5352,2022-07-21 13:14:00+05:30,22.95,22.95,22.95,22.95,0,207475
5353,2022-07-21 13:15:00+05:30,22.95,22.95,22.95,22.95,0,207475
5354,2022-07-21 13:16:00+05:30,22.95,22.95,22.95,22.95,0,207475
5355,2022-07-21 13:17:00+05:30,22.95,22.95,22.95,22.95,0,207475
5356,2022-07-21 13:18:00+05:30,22.95,22.95,22.95,22.95,0,207475
5357,2022-07-21 13:19:00+05:30,22.95,22.95,22.95,22.95,0,207475
5358,2022-07-21 13:20:00+05:30,22.95,22.95,22.95,22.95,0,207475
5359,2022-07-21 13:21:00+05:30,22.95,22.95,22.95,22.95,0,207475
5360,2022-07-21 13:22:00+05:30,22.95,22.95,22.95,22.95,0,207475
5361,2022-07-21 13:23:00+05:30,22.95,22.95,22.95,22.95,0,207475
5362,2022-07-21 13:24:00+05:30,22.95,22.95,22.95,22.95,0,207475
5363,2022-07-21 13:25:00+05:30,22.95,22.95,22.95,22.95,0,207475
5364,2022-07-21 13:26:00+05:30,22.95,22.95,22.95,22.95,0,207475
5365,2022-07-21 13:27:00+05:30,22.95,22.95,22.95,22.95,0,207475
5366,2022-07-21 13:28:00+05:30,22.95,22.95,22.95,22.95,0,207475
5367,2022-07-21 13:29:00+05:30,22.95,22.95,22.95,22.95,0,207475
5368,2022-07-21 13:30:00+05:30,22.95,22.95,22.95,22.95,0,207475
5369,2022-07-21 13:31:00+05:30,22.95,22.95,22.95,22.95,0,207475
5370,2022-07-21 13:32:00+05:30,22.95,22.95,22.95,22.95,0,207475
5371,2022-07-21 13:33:00+05:30,22.95,22.95,22.95,22.95,0,207475
5372,2022-07-21 13:34:00+05:30,22.95,22.95,22.95,22.95,0,207475
5373,2022-07-21 13:35:00+05:30,22.95,22.95,22.95,22.95,0,207475
5374,2022-07-21 13:36:00+05:30,22.95,22.95,22.95,22.95,0,207475
5375,2022-07-21 13:37:00+05:30,22.95,22.95,22.95,22.95,0,207475
5376,2022-07-21 13:38:00+05:30,22.95,22.95,22.95,22.95,0,207475
5377,2022-07-21 13:39:00+05:30,22.95,22.95,22.95,22.95,0,207475
5378,2022-07-21 13:40:00+05:30,22.95,22.95,22.95,22.95,0,207475
5379,2022-07-21 13:41:00+05:30,22.95,22.95,22.95,22.95,0,207475
5380,2022-07-21 13:42:00+05:30,22.95,22.95,22.95,22.95,0,207475
5381,2022-07-21 13:43:00+05:30,22.95,22.95,22.95,22.95,0,207475
5382,2022-07-21 13:44:00+05:30,22.95,22.95,22.95,22.95,0,207475
5383,2022-07-21 13:45:00+05:30,22.95,22.95,22.95,22.95,0,207475
5384,2022-07-21 13:46:00+05:30,22.95,22.95,22.95,22.95,0,207475
5385,2022-07-21 13:47:00+05:30,22.95,22.95,22.95,22.95,0,207475
5386,2022-07-21 13:48:00+05:30,22.95,22.95,22.95,22.95,0,207475
5387,2022-07-21 13:49:00+05:30,22.95,22.95,22.95,22.95,0,207475
5388,2022-07-21 13:50:00+05:30,22.95,22.95,22.95,22.95,0,207475
5389,2022-07-21 13:51:00+05:30,22.95,22.95,22.95,22.95,0,207475
5390,2022-07-21 13:52:00+05:30,22.95,22.95,22.95,22.95,0,207475
5391,2022-07-21 13:53:00+05:30,22.95,22.95,22.95,22.95,0,207475
5392,2022-07-21 13:54:00+05:30,22.95,22.95,22.95,22.95,0,207475
5393,2022-07-21 13:55:00+05:30,22.95,22.95,22.95,22.95,0,207475
5394,2022-07-21 13:56:00+05:30,22.95,22.95,22.95,22.95,0,207475
5395,2022-07-21 13:57:00+05:30,22.95,22.95,22.95,22.95,0,207475
5396,2022-07-21 13:58:00+05:30,22.95,22.95,22.95,22.95,0,207475
5397,2022-07-21 13:59:00+05:30,22.95,22.95,22.95,22.95,0,207475
5398,2022-07-21 14:00:00+05:30,22.95,22.95,22.95,22.95,0,207475
5399,2022-07-21 14:01:00+05:30,22.95,22.95,22.95,22.95,0,207475
5400,2022-07-21 14:02:00+05:30,22.95,22.95,22.95,22.95,0,207475
5401,2022-07-21 14:03:00+05:30,22.95,22.95,22.95,22.95,0,207475
5402,2022-07-21 14:04:00+05:30,22.95,22.95,22.95,22.95,0,207475
5403,2022-07-21 14:05:00+05:30,22.95,22.95,22.95,22.95,0,207475
5404,2022-07-21 14:06:00+05:30,22.95,22.95,22.95,22.95,0,207475
5405,2022-07-21 14:07:00+05:30,22.95,22.95,22.95,22.95,0,207475
5406,2022-07-21 14:08:00+05:30,22.95,22.95,22.95,22.95,0,207475
5407,2022-07-21 14:09:00+05:30,22.95,22.95,22.95,22.95,0,207475
5408,2022-07-21 14:10:00+05:30,22.95,22.95,22.95,22.95,0,207475
5409,2022-07-21 14:11:00+05:30,22.95,22.95,22.95,22.95,0,207475
5410,2022-07-21 14:12:00+05:30,22.95,22.95,22.95,22.95,0,207475
5411,2022-07-21 14:13:00+05:30,22.95,22.95,22.95,22.95,0,207475
5412,2022-07-21 14:14:00+05:30,22.95,22.95,22.95,22.95,0,207475
5413,2022-07-21 14:15:00+05:30,22.95,22.95,22.95,22.95,0,207475
5414,2022-07-21 14:16:00+05:30,22.95,22.95,22.95,22.95,0,207475
5415,2022-07-21 14:17:00+05:30,22.95,22.95,22.95,22.95,0,207475
5416,2022-07-21 14:18:00+05:30,22.95,22.95,22.95,22.95,0,207475
5417,2022-07-21 14:19:00+05:30,22.95,22.95,22.95,22.95,0,207475
5418,2022-07-21 14:20:00+05:30,22.95,22.95,22.95,22.95,0,207475
5419,2022-07-21 14:21:00+05:30,22.95,22.95,22.95,22.95,0,207475
5420,2022-07-21 14:22:00+05:30,22.95,22.95,22.95,22.95,0,207475
5421,2022-07-21 14:23:00+05:30,22.95,22.95,22.95,22.95,0,207475
5422,2022-07-21 14:24:00+05:30,22.95,22.95,22.95,22.95,0,207475
5423,2022-07-21 14:25:00+05:30,22.95,22.95,22.95,22.95,0,207475
5424,2022-07-21 14:26:00+05:30,22.95,22.95,22.95,22.95,0,207475
5425,2022-07-21 14:27:00+05:30,22.95,22.95,22.95,22.95,0,207475
5426,2022-07-21 14:28:00+05:30,22.95,22.95,22.95,22.95,0,207475
5427,2022-07-21 14:29:00+05:30,22.95,22.95,22.95,22.95,0,207475
5428,2022-07-21 14:30:00+05:30,22.95,22.95,22.95,22.95,0,207475
5429,2022-07-21 14:31:00+05:30,22.95,22.95,22.95,22.95,0,207475
5430,2022-07-21 14:32:00+05:30,22.95,22.95,22.95,22.95,0,207475
5431,2022-07-21 14:33:00+05:30,22.95,22.95,22.95,22.95,0,207475
5432,2022-07-21 14:34:00+05:30,22.95,22.95,22.95,22.95,0,207475
5433,2022-07-21 14:35:00+05:30,22.95,22.95,22.95,22.95,0,207475
5434,2022-07-21 14:36:00+05:30,22.95,22.95,22.95,22.95,0,207475
5435,2022-07-21 14:37:00+05:30,22.95,22.95,22.95,22.95,0,207475
5436,2022-07-21 14:38:00+05:30,22.95,22.95,22.95,22.95,0,207475
5437,2022-07-21 14:39:00+05:30,22.95,22.95,22.95,22.95,0,207475
5438,2022-07-21 14:40:00+05:30,22.95,22.95,22.95,22.95,0,207475
5439,2022-07-21 14:41:00+05:30,22.95,22.95,22.95,22.95,0,207475
5440,2022-07-21 14:42:00+05:30,22.95,22.95,22.95,22.95,0,207475
5441,2022-07-21 14:43:00+05:30,22.95,22.95,22.95,22.95,0,207475
5442,2022-07-21 14:44:00+05:30,22.95,22.95,22.95,22.95,0,207475
5443,2022-07-21 14:45:00+05:30,22.95,22.95,22.95,22.95,0,207475
5444,2022-07-21 14:46:00+05:30,22.95,22.95,22.95,22.95,0,207475
5445,2022-07-21 14:47:00+05:30,22.95,22.95,22.95,22.95,0,207475
5446,2022-07-21 14:48:00+05:30,22.95,22.95,22.95,22.95,0,207475
5447,2022-07-21 14:49:00+05:30,22.95,22.95,22.95,22.95,0,207475
5448,2022-07-21 14:50:00+05:30,22.95,22.95,22.95,22.95,0,207475
5449,2022-07-21 14:51:00+05:30,22.95,22.95,22.95,22.95,0,207475
5450,2022-07-21 14:52:00+05:30,22.95,22.95,22.95,22.95,0,207475
5451,2022-07-21 14:53:00+05:30,22.95,22.95,22.95,22.95,0,207475
5452,2022-07-21 14:54:00+05:30,22.95,22.95,22.95,22.95,0,207475
5453,2022-07-21 14:55:00+05:30,22.95,22.95,22.95,22.95,0,207475
5454,2022-07-21 14:56:00+05:30,22.95,22.95,22.95,22.95,0,207475
5455,2022-07-21 14:57:00+05:30,22.95,22.95,22.95,22.95,0,207475
5456,2022-07-21 14:58:00+05:30,22.95,22.95,22.95,22.95,0,207475
5457,2022-07-21 14:59:00+05:30,22.95,22.95,22.95,22.95,0,207475
5458,2022-07-21 15:00:00+05:30,22.95,22.95,22.95,22.95,0,207475
5459,2022-07-21 15:01:00+05:30,22.95,22.95,22.95,22.95,0,207475
5460,2022-07-21 15:02:00+05:30,22.95,22.95,22.95,22.95,0,207475
5461,2022-07-21 15:03:00+05:30,22.95,22.95,22.95,22.95,0,207475
5462,2022-07-21 15:04:00+05:30,22.95,22.95,22.95,22.95,0,207475
5463,2022-07-21 15:05:00+05:30,22.95,22.95,22.95,22.95,0,207475
5464,2022-07-21 15:06:00+05:30,22.95,22.95,22.95,22.95,0,207475
5465,2022-07-21 15:07:00+05:30,22.95,22.95,22.95,22.95,0,207475
5466,2022-07-21 15:08:00+05:30,22.95,22.95,22.95,22.95,0,207475
5467,2022-07-21 15:09:00+05:30,22.95,22.95,22.95,22.95,0,207475
5468,2022-07-21 15:10:00+05:30,22.95,22.95,22.95,22.95,0,207475
5469,2022-07-21 15:11:00+05:30,22.95,22.95,22.95,22.95,0,207475
5470,2022-07-21 15:12:00+05:30,22.95,22.95,22.95,22.95,0,207475
5471,2022-07-21 15:13:00+05:30,22.95,22.95,22.95,22.95,0,207475
5472,2022-07-21 15:14:00+05:30,22.95,22.95,22.95,22.95,0,207475
5473,2022-07-21 15:15:00+05:30,22.95,22.95,22.95,22.95,0,207475
5474,2022-07-21 15:16:00+05:30,22.95,22.95,22.95,22.95,0,207475
5475,2022-07-21 15:17:00+05:30,22.95,22.95,22.95,22.95,0,207475
5476,2022-07-21 15:18:00+05:30,22.95,22.95,22.95,22.95,0,207475
5477,2022-07-21 15:19:00+05:30,22.95,22.95,22.95,22.95,0,207475
5478,2022-07-21 15:20:00+05:30,22.95,22.95,22.95,22.95,0,207475
5479,2022-07-21 15:21:00+05:30,22.95,22.95,22.95,22.95,0,207475
5480,2022-07-21 15:22:00+05:30,22.95,22.95,22.95,22.95,0,207475
5481,2022-07-21 15:23:00+05:30,22.95,22.95,22.95,22.95,0,207475
5482,2022-07-21 15:24:00+05:30,22.95,22.95,22.95,22.95,0,207475
5483,2022-07-21 15:25:00+05:30,22.95,22.95,22.95,22.95,0,207475
5484,2022-07-21 15:26:00+05:30,22.95,22.95,22.95,22.95,0,207475
5485,2022-07-21 15:27:00+05:30,22.95,22.95,22.95,22.95,0,207475
5486,2022-07-21 15:28:00+05:30,22.95,22.95,22.95,22.95,0,207475
5487,2022-07-21 15:29:00+05:30,22.95,22.95,22.95,22.95,0,207475
5488,2022-07-22 09:15:00+05:30,24.0,24.0,24.0,24.0,0,0
5489,2022-07-22 09:20:00+05:30,24.0,24.0,24.0,24.0,0,206400
5490,2022-07-22 09:21:00+05:30,24.0,24.0,24.0,24.0,0,206400
5491,2022-07-22 09:22:00+05:30,24.0,24.0,24.0,24.0,0,206400
5492,2022-07-22 09:23:00+05:30,24.0,24.0,24.0,24.0,0,206400
5493,2022-07-22 09:24:00+05:30,24.0,24.0,24.0,24.0,0,206400
5494,2022-07-22 09:25:00+05:30,24.0,24.0,24.0,24.0,0,206400
5495,2022-07-22 09:26:00+05:30,24.0,24.0,24.0,24.0,0,206400
5496,2022-07-22 09:27:00+05:30,24.0,24.0,24.0,24.0,0,206400
5497,2022-07-22 09:28:00+05:30,24.0,24.0,24.0,24.0,0,206400
5498,2022-07-22 09:29:00+05:30,24.0,24.0,24.0,24.0,0,206400
5499,2022-07-22 09:30:00+05:30,24.0,24.0,24.0,24.0,0,206400
5500,2022-07-22 09:31:00+05:30,24.0,24.0,24.0,24.0,0,206400
5501,2022-07-22 09:32:00+05:30,24.0,24.0,24.0,24.0,0,206400
5502,2022-07-22 09:33:00+05:30,24.0,24.0,24.0,24.0,0,206400
5503,2022-07-22 09:34:00+05:30,24.0,24.0,24.0,24.0,0,206400
5504,2022-07-22 09:35:00+05:30,24.0,24.0,24.0,24.0,0,206400
5505,2022-07-22 09:36:00+05:30,24.0,24.0,24.0,24.0,0,206400
5506,2022-07-22 09:37:00+05:30,24.0,24.0,23.2,23.2,1075,205325
5507,2022-07-22 09:38:00+05:30,23.2,23.2,23.2,23.2,0,205325
5508,2022-07-22 09:39:00+05:30,23.2,23.2,23.2,23.2,0,205325
5509,2022-07-22 09:40:00+05:30,23.2,23.2,23.2,23.2,0,205325
5510,2022-07-22 09:41:00+05:30,23.2,23.2,23.2,23.2,0,205325
5511,2022-07-22 09:42:00+05:30,23.2,23.2,23.2,23.2,0,205325
5512,2022-07-22 09:43:00+05:30,23.2,23.2,23.2,23.2,0,205325
5513,2022-07-22 09:44:00+05:30,23.2,23.2,23.2,23.2,0,205325
5514,2022-07-22 09:45:00+05:30,23.2,23.2,23.2,23.2,0,205325
5515,2022-07-22 09:46:00+05:30,23.2,23.2,23.2,23.2,0,205325
5516,2022-07-22 09:47:00+05:30,23.2,23.2,23.2,23.2,0,205325
5517,2022-07-22 09:48:00+05:30,23.2,23.2,23.2,23.2,0,205325
5518,2022-07-22 09:49:00+05:30,23.2,23.2,23.2,23.2,0,205325
5519,2022-07-22 09:50:00+05:30,23.2,23.2,23.2,23.2,0,205325
5520,2022-07-22 09:51:00+05:30,23.2,23.2,23.2,23.2,0,205325
5521,2022-07-22 09:52:00+05:30,23.2,23.2,23.2,23.2,0,205325
5522,2022-07-22 09:53:00+05:30,23.2,23.2,23.2,23.2,0,205325
5523,2022-07-22 09:54:00+05:30,23.2,23.2,23.2,23.2,0,205325
5524,2022-07-22 09:55:00+05:30,23.2,23.2,22.75,22.75,1075,206400
5525,2022-07-22 09:56:00+05:30,22.75,22.75,22.75,22.75,0,206400
5526,2022-07-22 09:57:00+05:30,22.75,22.75,22.75,22.75,0,206400
5527,2022-07-22 09:58:00+05:30,22.75,22.75,22.75,22.75,0,206400
5528,2022-07-22 09:59:00+05:30,22.75,22.75,22.75,22.75,0,206400
5529,2022-07-22 10:00:00+05:30,22.75,22.75,22.75,22.75,0,206400
5530,2022-07-22 10:01:00+05:30,22.75,22.75,22.75,22.75,0,206400
5531,2022-07-22 10:02:00+05:30,22.75,22.75,22.75,22.75,0,206400
5532,2022-07-22 10:03:00+05:30,22.75,22.75,22.75,22.75,0,206400
5533,2022-07-22 10:04:00+05:30,22.75,22.75,22.75,22.75,0,206400
5534,2022-07-22 10:05:00+05:30,22.75,22.75,22.75,22.75,0,206400
5535,2022-07-22 10:06:00+05:30,22.75,22.75,22.75,22.75,0,206400
5536,2022-07-22 10:07:00+05:30,22.75,22.75,22.75,22.75,0,206400
5537,2022-07-22 10:08:00+05:30,22.75,22.75,22.75,22.75,0,206400
5538,2022-07-22 10:09:00+05:30,22.75,22.75,22.75,22.75,0,206400
5539,2022-07-22 10:10:00+05:30,22.75,22.75,22.75,22.75,0,206400
5540,2022-07-22 10:11:00+05:30,22.75,22.75,22.75,22.75,0,206400
5541,2022-07-22 10:12:00+05:30,22.75,22.75,22.75,22.75,0,206400
5542,2022-07-22 10:13:00+05:30,22.75,22.75,22.75,22.75,0,206400
5543,2022-07-22 10:14:00+05:30,22.75,22.75,22.75,22.75,0,206400
5544,2022-07-22 10:15:00+05:30,22.75,22.75,22.75,22.75,0,206400
5545,2022-07-22 10:16:00+05:30,22.75,22.75,22.75,22.75,0,206400
5546,2022-07-22 10:17:00+05:30,22.75,22.75,22.75,22.75,0,206400
5547,2022-07-22 10:18:00+05:30,22.75,22.75,22.75,22.75,0,206400
5548,2022-07-22 10:19:00+05:30,22.75,22.75,22.75,22.75,0,206400
5549,2022-07-22 10:20:00+05:30,22.75,22.75,22.75,22.75,0,206400
5550,2022-07-22 10:21:00+05:30,22.75,22.75,22.75,22.75,0,206400
5551,2022-07-22 10:22:00+05:30,22.75,22.75,22.75,22.75,0,206400
5552,2022-07-22 10:23:00+05:30,22.75,22.75,22.75,22.75,0,206400
5553,2022-07-22 10:24:00+05:30,22.75,22.75,22.75,22.75,0,206400
5554,2022-07-22 10:25:00+05:30,22.75,22.75,22.75,22.75,0,206400
5555,2022-07-22 10:26:00+05:30,22.75,22.75,22.75,22.75,0,206400
5556,2022-07-22 10:27:00+05:30,22.75,22.75,22.75,22.75,0,206400
5557,2022-07-22 10:28:00+05:30,22.75,22.75,22.75,22.75,0,206400
5558,2022-07-22 10:29:00+05:30,22.75,22.75,22.75,22.75,0,206400
5559,2022-07-22 10:30:00+05:30,22.75,22.75,22.75,22.75,0,206400
5560,2022-07-22 10:31:00+05:30,22.75,22.75,22.75,22.75,0,206400
5561,2022-07-22 10:32:00+05:30,22.75,22.75,22.75,22.75,0,206400
5562,2022-07-22 10:33:00+05:30,22.75,22.75,22.75,22.75,0,206400
5563,2022-07-22 10:34:00+05:30,22.75,22.75,22.75,22.75,0,206400
5564,2022-07-22 10:35:00+05:30,22.75,22.75,22.75,22.75,0,206400
5565,2022-07-22 10:36:00+05:30,22.75,22.75,22.75,22.75,0,206400
5566,2022-07-22 10:37:00+05:30,22.75,22.75,22.75,22.75,0,206400
5567,2022-07-22 10:38:00+05:30,22.75,22.75,22.75,22.75,0,206400
5568,2022-07-22 10:39:00+05:30,22.75,22.75,22.75,22.75,0,206400
5569,2022-07-22 10:40:00+05:30,22.75,22.75,22.75,22.75,0,206400
5570,2022-07-22 10:41:00+05:30,22.75,22.75,22.75,22.75,0,206400
5571,2022-07-22 10:42:00+05:30,22.75,22.75,22.75,22.75,0,206400
5572,2022-07-22 10:43:00+05:30,22.75,22.75,22.75,22.75,0,206400
5573,2022-07-22 10:44:00+05:30,22.75,22.75,22.75,22.75,0,206400
5574,2022-07-22 10:45:00+05:30,22.75,22.75,22.75,22.75,0,206400
5575,2022-07-22 10:46:00+05:30,22.75,22.75,22.75,22.75,0,206400
5576,2022-07-22 10:47:00+05:30,22.75,22.75,22.75,22.75,0,206400
5577,2022-07-22 10:48:00+05:30,22.75,22.75,22.75,22.75,0,206400
5578,2022-07-22 10:49:00+05:30,22.75,22.75,22.75,22.75,0,206400
5579,2022-07-22 10:50:00+05:30,22.75,22.75,22.75,22.75,0,206400
5580,2022-07-22 10:51:00+05:30,22.75,22.75,22.75,22.75,0,206400
5581,2022-07-22 10:52:00+05:30,22.75,22.75,22.75,22.75,0,206400
5582,2022-07-22 10:53:00+05:30,22.75,22.75,22.75,22.75,0,206400
5583,2022-07-22 10:54:00+05:30,22.75,22.75,22.75,22.75,0,206400
5584,2022-07-22 10:55:00+05:30,22.75,22.75,22.75,22.75,0,206400
5585,2022-07-22 10:56:00+05:30,22.75,22.75,22.75,22.75,0,206400
5586,2022-07-22 10:57:00+05:30,22.75,22.75,22.75,22.75,0,206400
5587,2022-07-22 10:58:00+05:30,22.75,22.75,22.75,22.75,0,206400
5588,2022-07-22 10:59:00+05:30,22.75,22.75,22.75,22.75,0,206400
5589,2022-07-22 11:00:00+05:30,22.75,22.75,22.75,22.75,0,206400
5590,2022-07-22 11:01:00+05:30,22.75,22.75,22.75,22.75,0,206400
5591,2022-07-22 11:02:00+05:30,22.75,22.75,22.75,22.75,0,206400
5592,2022-07-22 11:03:00+05:30,22.75,22.75,22.75,22.75,0,206400
5593,2022-07-22 11:04:00+05:30,22.75,22.75,22.75,22.75,0,206400
5594,2022-07-22 11:05:00+05:30,22.75,22.75,22.75,22.75,0,206400
5595,2022-07-22 11:06:00+05:30,22.75,22.75,22.75,22.75,0,206400
5596,2022-07-22 11:07:00+05:30,22.75,22.75,22.75,22.75,0,206400
5597,2022-07-22 11:08:00+05:30,22.75,22.75,22.75,22.75,0,206400
5598,2022-07-22 11:09:00+05:30,22.75,22.75,22.75,22.75,0,206400
5599,2022-07-22 11:10:00+05:30,22.75,22.75,22.75,22.75,0,206400
5600,2022-07-22 11:11:00+05:30,22.75,22.75,22.75,22.75,0,206400
5601,2022-07-22 11:12:00+05:30,22.75,22.75,22.75,22.75,0,206400
5602,2022-07-22 11:13:00+05:30,22.75,22.75,22.75,22.75,0,206400
5603,2022-07-22 11:14:00+05:30,22.75,22.75,22.75,22.75,0,206400
5604,2022-07-22 11:15:00+05:30,22.75,22.75,22.75,22.75,0,206400
5605,2022-07-22 11:16:00+05:30,22.75,22.75,22.75,22.75,0,206400
5606,2022-07-22 11:17:00+05:30,22.75,22.75,22.75,22.75,0,206400
5607,2022-07-22 11:18:00+05:30,22.75,22.75,22.75,22.75,0,206400
5608,2022-07-22 11:19:00+05:30,22.75,22.75,22.75,22.75,0,206400
5609,2022-07-22 11:20:00+05:30,22.75,22.75,22.75,22.75,0,206400
5610,2022-07-22 11:21:00+05:30,22.75,22.75,22.75,22.75,0,206400
5611,2022-07-22 11:22:00+05:30,22.75,22.75,22.75,22.75,0,206400
5612,2022-07-22 11:23:00+05:30,22.75,22.75,22.75,22.75,0,206400
5613,2022-07-22 11:24:00+05:30,22.75,22.75,22.75,22.75,0,206400
5614,2022-07-22 11:25:00+05:30,22.75,22.75,22.75,22.75,0,206400
5615,2022-07-22 11:26:00+05:30,22.75,22.75,22.75,22.75,0,206400
5616,2022-07-22 11:27:00+05:30,22.75,22.75,22.75,22.75,0,206400
5617,2022-07-22 11:28:00+05:30,22.75,22.75,22.75,22.75,0,206400
5618,2022-07-22 11:29:00+05:30,22.75,22.75,22.75,22.75,0,206400
5619,2022-07-22 11:30:00+05:30,22.75,22.75,22.75,22.75,0,206400
5620,2022-07-22 11:31:00+05:30,22.75,22.75,22.75,22.75,0,206400
5621,2022-07-22 11:32:00+05:30,22.75,22.75,22.75,22.75,0,206400
5622,2022-07-22 11:33:00+05:30,22.75,22.75,22.75,22.75,0,206400
5623,2022-07-22 11:34:00+05:30,22.75,22.75,22.75,22.75,0,206400
5624,2022-07-22 11:35:00+05:30,22.75,22.75,22.75,22.75,0,206400
5625,2022-07-22 11:36:00+05:30,22.75,22.75,22.75,22.75,0,206400
5626,2022-07-22 11:37:00+05:30,22.75,22.75,22.75,22.75,0,206400
5627,2022-07-22 11:38:00+05:30,22.75,22.75,22.75,22.75,0,206400
5628,2022-07-22 11:39:00+05:30,22.75,22.75,22.75,22.75,0,206400
5629,2022-07-22 11:40:00+05:30,22.75,22.75,22.75,22.75,0,206400
5630,2022-07-22 11:41:00+05:30,22.75,22.75,22.75,22.75,0,206400
5631,2022-07-22 11:42:00+05:30,22.75,22.75,22.75,22.75,0,206400
5632,2022-07-22 11:43:00+05:30,22.75,22.75,22.75,22.75,0,206400
5633,2022-07-22 11:44:00+05:30,22.75,22.75,22.75,22.75,0,206400
5634,2022-07-22 11:45:00+05:30,22.75,22.75,22.75,22.75,0,206400
5635,2022-07-22 11:46:00+05:30,22.75,22.75,22.75,22.75,0,206400
5636,2022-07-22 11:47:00+05:30,22.75,22.75,22.75,22.75,0,206400
5637,2022-07-22 11:48:00+05:30,22.75,22.75,22.75,22.75,0,206400
5638,2022-07-22 11:49:00+05:30,22.75,22.75,22.75,22.75,0,206400
5639,2022-07-22 11:50:00+05:30,22.75,22.75,22.75,22.75,0,206400
5640,2022-07-22 11:51:00+05:30,22.75,22.75,22.75,22.75,0,206400
5641,2022-07-22 11:52:00+05:30,22.75,22.75,22.75,22.75,0,206400
5642,2022-07-22 11:53:00+05:30,22.75,22.75,22.75,22.75,0,206400
5643,2022-07-22 11:54:00+05:30,22.75,22.75,22.75,22.75,0,206400
5644,2022-07-22 11:55:00+05:30,22.75,22.75,22.75,22.75,0,206400
5645,2022-07-22 11:56:00+05:30,22.75,22.75,22.75,22.75,0,206400
5646,2022-07-22 11:57:00+05:30,22.75,22.75,22.75,22.75,0,206400
5647,2022-07-22 11:58:00+05:30,22.75,22.75,22.75,22.75,0,206400
5648,2022-07-22 11:59:00+05:30,22.75,22.75,22.75,22.75,0,206400
5649,2022-07-22 12:00:00+05:30,22.75,22.75,22.75,22.75,0,206400
5650,2022-07-22 12:01:00+05:30,22.75,26.55,22.75,26.55,1075,205325
5651,2022-07-22 12:02:00+05:30,26.55,26.55,26.55,26.55,0,205325
5652,2022-07-22 12:03:00+05:30,26.55,26.55,26.55,26.55,0,205325
5653,2022-07-22 12:04:00+05:30,26.55,26.55,26.55,26.55,0,205325
5654,2022-07-22 12:05:00+05:30,26.55,26.55,26.55,26.55,0,205325
5655,2022-07-22 12:06:00+05:30,26.55,26.55,26.55,26.55,0,205325
5656,2022-07-22 12:07:00+05:30,26.55,26.55,26.55,26.55,0,205325
5657,2022-07-22 12:08:00+05:30,26.55,26.55,26.55,26.55,0,205325
5658,2022-07-22 12:09:00+05:30,26.55,26.55,26.55,26.55,0,205325
5659,2022-07-22 12:10:00+05:30,26.55,26.55,26.55,26.55,0,205325
5660,2022-07-22 12:11:00+05:30,26.55,26.55,26.55,26.55,0,205325
5661,2022-07-22 12:12:00+05:30,26.55,26.55,26.55,26.55,0,205325
5662,2022-07-22 12:13:00+05:30,26.55,26.55,26.55,26.55,0,205325
5663,2022-07-22 12:14:00+05:30,26.55,26.55,26.55,26.55,0,205325
5664,2022-07-22 12:15:00+05:30,26.55,26.55,26.55,26.55,0,205325
5665,2022-07-22 12:16:00+05:30,26.55,26.55,26.55,26.55,0,205325
5666,2022-07-22 12:17:00+05:30,26.55,26.55,26.55,26.55,0,205325
5667,2022-07-22 12:18:00+05:30,26.55,26.55,26.55,26.55,0,205325
5668,2022-07-22 12:19:00+05:30,26.55,26.55,26.55,26.55,0,205325
5669,2022-07-22 12:20:00+05:30,26.55,26.55,26.55,26.55,0,205325
5670,2022-07-22 12:21:00+05:30,26.55,26.55,26.55,26.55,0,205325
5671,2022-07-22 12:22:00+05:30,26.55,26.55,26.55,26.55,0,205325
5672,2022-07-22 12:23:00+05:30,26.55,26.55,26.55,26.55,0,205325
5673,2022-07-22 12:24:00+05:30,26.55,26.55,26.55,26.55,0,205325
5674,2022-07-22 12:25:00+05:30,26.55,26.55,26.55,26.55,0,205325
5675,2022-07-22 12:26:00+05:30,26.55,26.55,26.55,26.55,0,205325
5676,2022-07-22 12:27:00+05:30,26.55,26.55,26.55,26.55,0,205325
5677,2022-07-22 12:28:00+05:30,26.55,26.55,26.55,26.55,0,205325
5678,2022-07-22 12:29:00+05:30,26.55,26.55,26.55,26.55,0,205325
5679,2022-07-22 12:30:00+05:30,26.55,26.55,26.55,26.55,0,205325
5680,2022-07-22 12:31:00+05:30,26.55,26.55,26.55,26.55,0,205325
5681,2022-07-22 12:32:00+05:30,26.55,26.55,26.55,26.55,0,205325
5682,2022-07-22 12:33:00+05:30,26.55,26.55,26.55,26.55,0,205325
5683,2022-07-22 12:34:00+05:30,26.55,26.55,26.55,26.55,0,205325
5684,2022-07-22 12:35:00+05:30,26.55,26.55,26.55,26.55,0,205325
5685,2022-07-22 12:36:00+05:30,26.55,26.55,26.55,26.55,0,205325
5686,2022-07-22 12:37:00+05:30,26.55,26.55,26.55,26.55,0,205325
5687,2022-07-22 12:38:00+05:30,26.55,26.55,26.55,26.55,0,205325
5688,2022-07-22 12:39:00+05:30,26.55,26.55,26.55,26.55,0,205325
5689,2022-07-22 12:40:00+05:30,26.55,26.55,26.55,26.55,0,205325
5690,2022-07-22 12:41:00+05:30,26.55,26.55,26.55,26.55,0,205325
5691,2022-07-22 12:42:00+05:30,26.55,26.55,26.55,26.55,0,205325
5692,2022-07-22 12:43:00+05:30,26.55,26.55,26.55,26.55,0,205325
5693,2022-07-22 12:44:00+05:30,26.55,26.55,26.55,26.55,0,205325
5694,2022-07-22 12:45:00+05:30,26.55,26.55,26.55,26.55,0,205325
5695,2022-07-22 12:46:00+05:30,26.55,26.55,26.55,26.55,0,205325
5696,2022-07-22 12:47:00+05:30,26.55,26.55,26.55,26.55,0,205325
5697,2022-07-22 12:48:00+05:30,26.55,26.55,26.55,26.55,0,205325
5698,2022-07-22 12:49:00+05:30,26.55,26.55,26.55,26.55,0,205325
5699,2022-07-22 12:50:00+05:30,26.55,26.55,26.55,26.55,0,205325
5700,2022-07-22 12:51:00+05:30,26.55,26.55,26.55,26.55,0,205325
5701,2022-07-22 12:52:00+05:30,26.55,26.55,26.55,26.55,0,205325
5702,2022-07-22 12:53:00+05:30,26.55,26.55,26.55,26.55,0,205325
5703,2022-07-22 12:54:00+05:30,26.55,26.55,26.55,26.55,0,205325
5704,2022-07-22 12:55:00+05:30,26.55,26.55,26.55,26.55,0,205325
5705,2022-07-22 12:56:00+05:30,26.55,26.55,26.55,26.55,0,205325
5706,2022-07-22 12:57:00+05:30,26.55,26.55,26.55,26.55,0,205325
5707,2022-07-22 12:58:00+05:30,26.55,26.55,26.55,26.55,0,205325
5708,2022-07-22 12:59:00+05:30,26.55,26.55,26.55,26.55,0,205325
5709,2022-07-22 13:00:00+05:30,26.55,26.55,26.55,26.55,0,205325
5710,2022-07-22 13:01:00+05:30,26.55,26.55,26.55,26.55,0,205325
5711,2022-07-22 13:02:00+05:30,26.55,26.55,26.55,26.55,0,205325
5712,2022-07-22 13:03:00+05:30,26.55,26.55,26.55,26.55,0,205325
5713,2022-07-22 13:04:00+05:30,26.55,26.55,26.55,26.55,0,205325
5714,2022-07-22 13:05:00+05:30,26.55,26.55,26.55,26.55,0,205325
5715,2022-07-22 13:06:00+05:30,26.55,26.55,26.55,26.55,0,205325
5716,2022-07-22 13:07:00+05:30,26.55,26.55,26.55,26.55,0,205325
5717,2022-07-22 13:08:00+05:30,26.55,26.55,26.55,26.55,0,205325
5718,2022-07-22 13:09:00+05:30,26.55,26.55,26.55,26.55,0,205325
5719,2022-07-22 13:10:00+05:30,26.55,26.55,26.55,26.55,0,205325
5720,2022-07-22 13:11:00+05:30,26.55,26.55,26.55,26.55,0,205325
5721,2022-07-22 13:12:00+05:30,26.55,26.55,26.55,26.55,0,205325
5722,2022-07-22 13:13:00+05:30,26.55,26.55,26.55,26.55,0,205325
5723,2022-07-22 13:14:00+05:30,26.55,26.55,26.55,26.55,0,205325
5724,2022-07-22 13:15:00+05:30,26.55,26.55,26.55,26.55,0,205325
5725,2022-07-22 13:16:00+05:30,26.55,26.55,26.55,26.55,0,205325
5726,2022-07-22 13:17:00+05:30,26.55,26.55,26.55,26.55,0,205325
5727,2022-07-22 13:18:00+05:30,26.55,26.55,26.55,26.55,0,205325
5728,2022-07-22 13:19:00+05:30,26.55,26.55,26.55,26.55,0,205325
5729,2022-07-22 13:20:00+05:30,26.55,26.55,26.55,26.55,0,205325
5730,2022-07-22 13:21:00+05:30,26.55,26.55,26.55,26.55,0,205325
5731,2022-07-22 13:22:00+05:30,26.55,26.55,26.55,26.55,0,205325
5732,2022-07-22 13:23:00+05:30,26.55,26.55,26.55,26.55,0,205325
5733,2022-07-22 13:24:00+05:30,26.55,26.55,26.55,26.55,0,205325
5734,2022-07-22 13:25:00+05:30,26.55,26.55,26.55,26.55,0,205325
5735,2022-07-22 13:26:00+05:30,26.55,26.55,26.55,26.55,0,205325
5736,2022-07-22 13:27:00+05:30,26.55,26.55,26.55,26.55,0,205325
5737,2022-07-22 13:28:00+05:30,26.55,26.55,26.55,26.55,0,205325
5738,2022-07-22 13:29:00+05:30,26.55,26.55,26.55,26.55,0,205325
5739,2022-07-22 13:30:00+05:30,26.55,26.55,26.55,26.55,0,205325
5740,2022-07-22 13:31:00+05:30,26.55,26.55,26.55,26.55,0,205325
5741,2022-07-22 13:32:00+05:30,26.55,26.55,26.55,26.55,0,205325
5742,2022-07-22 13:33:00+05:30,26.55,26.55,26.55,26.55,0,205325
5743,2022-07-22 13:34:00+05:30,26.55,26.55,26.55,26.55,0,205325
5744,2022-07-22 13:35:00+05:30,26.55,26.55,26.55,26.55,0,205325
5745,2022-07-22 13:36:00+05:30,26.55,26.55,26.55,26.55,0,205325
5746,2022-07-22 13:37:00+05:30,26.55,26.55,26.55,26.55,0,205325
5747,2022-07-22 13:38:00+05:30,26.55,26.55,26.55,26.55,0,205325
5748,2022-07-22 13:39:00+05:30,26.55,26.55,26.55,26.55,0,205325
5749,2022-07-22 13:40:00+05:30,26.55,26.55,26.55,26.55,0,205325
5750,2022-07-22 13:41:00+05:30,26.55,26.55,26.55,26.55,0,205325
5751,2022-07-22 13:42:00+05:30,26.55,26.55,26.55,26.55,0,205325
5752,2022-07-22 13:43:00+05:30,26.55,26.55,26.55,26.55,0,205325
5753,2022-07-22 13:44:00+05:30,26.55,26.55,26.55,26.55,0,205325
5754,2022-07-22 13:45:00+05:30,26.55,26.55,26.55,26.55,0,205325
5755,2022-07-22 13:46:00+05:30,26.55,26.55,26.55,26.55,0,205325
5756,2022-07-22 13:47:00+05:30,26.55,26.55,26.55,26.55,0,205325
5757,2022-07-22 13:48:00+05:30,26.55,26.55,26.55,26.55,0,205325
5758,2022-07-22 13:49:00+05:30,26.55,26.55,26.55,26.55,0,205325
5759,2022-07-22 13:50:00+05:30,26.55,26.55,26.55,26.55,0,205325
5760,2022-07-22 13:51:00+05:30,26.55,26.55,26.55,26.55,0,205325
5761,2022-07-22 13:52:00+05:30,26.55,26.55,26.55,26.55,0,205325
5762,2022-07-22 13:53:00+05:30,26.55,26.55,26.55,26.55,0,205325
5763,2022-07-22 13:54:00+05:30,26.55,26.55,26.55,26.55,0,205325
5764,2022-07-22 13:55:00+05:30,26.55,26.55,26.55,26.55,0,205325
5765,2022-07-22 13:56:00+05:30,26.55,26.55,26.55,26.55,0,205325
5766,2022-07-22 13:57:00+05:30,26.55,26.55,26.55,26.55,0,205325
5767,2022-07-22 13:58:00+05:30,26.55,26.55,26.55,26.55,0,205325
5768,2022-07-22 13:59:00+05:30,26.55,26.55,26.55,26.55,0,205325
5769,2022-07-22 14:00:00+05:30,26.55,26.55,26.55,26.55,0,205325
5770,2022-07-22 14:01:00+05:30,26.55,26.55,26.55,26.55,0,205325
5771,2022-07-22 14:02:00+05:30,26.55,26.55,26.55,26.55,0,205325
5772,2022-07-22 14:03:00+05:30,26.55,26.55,26.55,26.55,0,205325
5773,2022-07-22 14:04:00+05:30,26.55,26.55,26.55,26.55,0,205325
5774,2022-07-22 14:05:00+05:30,26.55,26.55,26.55,26.55,0,205325
5775,2022-07-22 14:06:00+05:30,26.55,26.55,26.55,26.55,0,205325
5776,2022-07-22 14:07:00+05:30,26.55,26.55,26.55,26.55,0,205325
5777,2022-07-22 14:08:00+05:30,26.55,26.55,26.55,26.55,0,205325
5778,2022-07-22 14:09:00+05:30,26.55,26.55,26.55,26.55,0,205325
5779,2022-07-22 14:10:00+05:30,26.55,26.55,26.55,26.55,0,205325
5780,2022-07-22 14:11:00+05:30,26.55,26.55,26.55,26.55,0,205325
5781,2022-07-22 14:12:00+05:30,26.55,26.55,26.55,26.55,0,205325
5782,2022-07-22 14:13:00+05:30,26.55,26.55,26.55,26.55,0,205325
5783,2022-07-22 14:14:00+05:30,26.55,26.55,26.55,26.55,0,205325
5784,2022-07-22 14:15:00+05:30,26.55,26.55,26.55,26.55,0,205325
5785,2022-07-22 14:16:00+05:30,26.55,26.55,26.55,26.55,0,205325
5786,2022-07-22 14:17:00+05:30,26.55,26.55,26.55,26.55,0,205325
5787,2022-07-22 14:18:00+05:30,26.55,26.55,26.55,26.55,0,205325
5788,2022-07-22 14:19:00+05:30,26.55,26.55,26.55,26.55,0,205325
5789,2022-07-22 14:20:00+05:30,26.55,26.55,26.55,26.55,0,205325
5790,2022-07-22 14:21:00+05:30,26.55,26.55,26.55,26.55,0,205325
5791,2022-07-22 14:22:00+05:30,26.55,26.55,26.55,26.55,0,205325
5792,2022-07-22 14:23:00+05:30,26.55,26.55,26.55,26.55,0,205325
5793,2022-07-22 14:24:00+05:30,26.55,26.55,26.55,26.55,0,205325
5794,2022-07-22 14:25:00+05:30,26.55,26.55,26.55,26.55,0,205325
5795,2022-07-22 14:26:00+05:30,26.55,26.55,26.55,26.55,0,205325
5796,2022-07-22 14:27:00+05:30,26.55,26.55,26.55,26.55,0,205325
5797,2022-07-22 14:28:00+05:30,26.55,26.55,26.55,26.55,0,205325
5798,2022-07-22 14:29:00+05:30,26.55,26.55,26.55,26.55,0,205325
5799,2022-07-22 14:30:00+05:30,26.55,26.55,26.55,26.55,0,205325
5800,2022-07-22 14:31:00+05:30,26.55,26.55,26.55,26.55,0,205325
5801,2022-07-22 14:32:00+05:30,26.55,26.55,26.55,26.55,0,205325
5802,2022-07-22 14:33:00+05:30,26.55,26.55,26.55,26.55,0,205325
5803,2022-07-22 14:34:00+05:30,26.55,26.55,26.55,26.55,0,205325
5804,2022-07-22 14:35:00+05:30,26.55,26.55,26.55,26.55,0,205325
5805,2022-07-22 14:36:00+05:30,26.55,26.55,26.55,26.55,0,205325
5806,2022-07-22 14:37:00+05:30,26.55,26.55,26.55,26.55,0,205325
5807,2022-07-22 14:38:00+05:30,26.55,26.55,26.55,26.55,0,205325
5808,2022-07-22 14:39:00+05:30,26.55,26.55,26.55,26.55,0,205325
5809,2022-07-22 14:40:00+05:30,26.55,26.55,26.55,26.55,0,205325
5810,2022-07-22 14:41:00+05:30,26.55,26.55,26.2,26.2,1075,205325
5811,2022-07-22 14:42:00+05:30,26.2,26.2,26.2,26.2,0,205325
5812,2022-07-22 14:43:00+05:30,26.2,26.2,26.2,26.2,0,205325
5813,2022-07-22 14:44:00+05:30,26.2,26.2,26.2,26.2,0,205325
5814,2022-07-22 14:45:00+05:30,26.2,26.2,26.2,26.2,0,205325
5815,2022-07-22 14:46:00+05:30,26.2,26.2,26.2,26.2,0,205325
5816,2022-07-22 14:47:00+05:30,26.2,26.2,26.2,26.2,0,205325
5817,2022-07-22 14:48:00+05:30,26.2,26.2,26.2,26.2,0,205325
5818,2022-07-22 14:49:00+05:30,26.2,26.2,26.2,26.2,0,205325
5819,2022-07-22 14:50:00+05:30,26.2,26.2,26.2,26.2,0,205325
5820,2022-07-22 14:51:00+05:30,26.2,26.2,26.2,26.2,0,205325
5821,2022-07-22 14:52:00+05:30,26.2,26.2,26.2,26.2,0,205325
5822,2022-07-22 14:53:00+05:30,26.2,26.2,26.2,26.2,0,205325
5823,2022-07-22 14:54:00+05:30,26.2,26.2,26.2,26.2,0,205325
5824,2022-07-22 14:55:00+05:30,26.2,26.2,26.2,26.2,0,205325
5825,2022-07-22 14:56:00+05:30,26.2,26.2,26.2,26.2,0,205325
5826,2022-07-22 14:57:00+05:30,26.2,26.2,26.2,26.2,0,205325
5827,2022-07-22 14:58:00+05:30,26.2,26.2,26.2,26.2,0,205325
5828,2022-07-22 14:59:00+05:30,26.2,26.2,26.2,26.2,0,205325
5829,2022-07-22 15:00:00+05:30,26.2,26.2,26.2,26.2,0,205325
5830,2022-07-22 15:01:00+05:30,26.2,26.2,26.2,26.2,0,205325
5831,2022-07-22 15:02:00+05:30,26.2,26.2,26.2,26.2,0,205325
5832,2022-07-22 15:03:00+05:30,26.2,26.2,26.2,26.2,0,205325
5833,2022-07-22 15:04:00+05:30,26.2,26.2,26.2,26.2,0,205325
5834,2022-07-22 15:05:00+05:30,26.2,26.2,26.2,26.2,0,205325
5835,2022-07-22 15:06:00+05:30,26.2,26.2,26.2,26.2,0,205325
5836,2022-07-22 15:07:00+05:30,26.2,26.2,26.2,26.2,0,205325
5837,2022-07-22 15:08:00+05:30,26.2,26.2,26.2,26.2,0,205325
5838,2022-07-22 15:09:00+05:30,26.2,26.2,26.2,26.2,0,205325
5839,2022-07-22 15:10:00+05:30,26.2,26.2,26.2,26.2,0,205325
5840,2022-07-22 15:11:00+05:30,26.2,26.2,26.2,26.2,0,205325
5841,2022-07-22 15:12:00+05:30,26.2,26.2,26.2,26.2,0,205325
5842,2022-07-22 15:13:00+05:30,26.2,26.2,26.2,26.2,0,205325
5843,2022-07-22 15:14:00+05:30,26.2,26.2,26.0,26.0,1075,205325
5844,2022-07-22 15:15:00+05:30,26.0,26.0,26.0,26.0,0,205325
5845,2022-07-22 15:16:00+05:30,26.0,26.0,26.0,26.0,0,205325
5846,2022-07-22 15:17:00+05:30,26.0,26.0,26.0,26.0,0,205325
5847,2022-07-22 15:18:00+05:30,26.0,26.0,26.0,26.0,0,205325
5848,2022-07-22 15:19:00+05:30,26.0,26.25,26.0,26.25,4300,204250
5849,2022-07-22 15:20:00+05:30,26.25,26.25,26.25,26.25,0,204250
5850,2022-07-22 15:21:00+05:30,26.25,26.25,26.25,26.25,0,204250
5851,2022-07-22 15:22:00+05:30,26.25,26.25,26.25,26.25,0,204250
5852,2022-07-22 15:23:00+05:30,26.25,26.25,26.25,26.25,0,204250
5853,2022-07-22 15:24:00+05:30,26.25,26.25,26.25,26.25,0,204250
5854,2022-07-22 15:25:00+05:30,26.25,26.25,26.25,26.25,0,204250
5855,2022-07-22 15:26:00+05:30,26.25,26.25,26.25,26.25,0,204250
5856,2022-07-22 15:27:00+05:30,26.25,26.25,26.25,26.25,0,204250
5857,2022-07-22 15:28:00+05:30,26.25,26.25,26.25,26.25,0,204250
5858,2022-07-22 15:29:00+05:30,26.25,26.25,26.25,26.25,0,204250
5859,2022-07-25 09:34:00+05:30,26.35,26.35,26.35,26.35,0,201025
5860,2022-07-25 09:35:00+05:30,26.35,26.35,26.35,26.35,0,201025
5861,2022-07-25 09:36:00+05:30,26.35,26.35,26.35,26.35,0,201025
5862,2022-07-25 09:37:00+05:30,26.35,26.35,26.35,26.35,0,201025
5863,2022-07-25 09:38:00+05:30,26.35,26.35,26.35,26.35,0,201025
5864,2022-07-25 09:39:00+05:30,26.35,26.35,26.35,26.35,0,201025
5865,2022-07-25 09:40:00+05:30,26.35,26.35,26.35,26.35,0,201025
5866,2022-07-25 09:41:00+05:30,26.35,26.35,26.35,26.35,0,201025
5867,2022-07-25 09:42:00+05:30,26.35,26.35,26.35,26.35,0,201025
5868,2022-07-25 09:43:00+05:30,26.35,26.35,26.35,26.35,0,201025
5869,2022-07-25 09:44:00+05:30,26.35,26.35,26.35,26.35,0,201025
5870,2022-07-25 09:45:00+05:30,26.35,26.35,26.35,26.35,0,201025
5871,2022-07-25 09:46:00+05:30,26.35,26.35,26.35,26.35,0,201025
5872,2022-07-25 09:47:00+05:30,26.35,26.35,26.35,26.35,0,201025
5873,2022-07-25 09:48:00+05:30,26.35,26.35,26.35,26.35,0,201025
5874,2022-07-25 09:49:00+05:30,26.35,26.35,26.35,26.35,0,201025
5875,2022-07-25 09:50:00+05:30,26.35,26.35,26.35,26.35,0,201025
5876,2022-07-25 09:51:00+05:30,26.35,26.35,26.35,26.35,0,201025
5877,2022-07-25 09:52:00+05:30,26.35,26.35,26.35,26.35,0,201025
5878,2022-07-25 09:53:00+05:30,26.35,26.35,26.35,26.35,0,201025
5879,2022-07-25 09:54:00+05:30,26.35,26.35,26.35,26.35,0,201025
5880,2022-07-25 09:55:00+05:30,26.35,26.35,26.35,26.35,0,201025
5881,2022-07-25 09:56:00+05:30,26.35,26.35,26.35,26.35,0,201025
5882,2022-07-25 09:57:00+05:30,26.35,26.35,26.35,26.35,0,201025
5883,2022-07-25 09:58:00+05:30,26.35,26.35,26.35,26.35,0,201025
5884,2022-07-25 09:59:00+05:30,26.35,26.35,26.35,26.35,0,201025
5885,2022-07-25 10:00:00+05:30,26.35,26.35,26.35,26.35,0,201025
5886,2022-07-25 10:01:00+05:30,26.35,26.35,26.35,26.35,0,201025
5887,2022-07-25 10:02:00+05:30,26.35,26.35,26.35,26.35,0,201025
5888,2022-07-25 10:03:00+05:30,26.35,26.35,26.35,26.35,0,201025
5889,2022-07-25 10:04:00+05:30,26.35,26.35,26.35,26.35,0,201025
5890,2022-07-25 10:05:00+05:30,26.35,26.35,26.35,26.35,0,201025
5891,2022-07-25 10:06:00+05:30,26.35,26.35,26.35,26.35,0,201025
5892,2022-07-25 10:07:00+05:30,26.35,26.35,26.35,26.35,0,201025
5893,2022-07-25 10:08:00+05:30,26.35,26.35,26.35,26.35,0,201025
5894,2022-07-25 10:09:00+05:30,26.35,26.35,26.35,26.35,0,201025
5895,2022-07-25 10:10:00+05:30,26.35,26.35,26.35,26.35,0,201025
5896,2022-07-25 10:11:00+05:30,26.35,26.35,26.35,26.35,0,201025
5897,2022-07-25 10:12:00+05:30,26.35,26.35,26.35,26.35,0,201025
5898,2022-07-25 10:13:00+05:30,26.35,26.35,26.35,26.35,0,201025
5899,2022-07-25 10:14:00+05:30,26.35,26.35,26.35,26.35,0,201025
5900,2022-07-25 10:15:00+05:30,26.35,26.35,26.35,26.35,0,201025
5901,2022-07-25 10:16:00+05:30,26.35,26.35,26.35,26.35,0,201025
5902,2022-07-25 10:17:00+05:30,26.35,26.35,26.35,26.35,0,201025
5903,2022-07-25 10:18:00+05:30,26.35,26.35,26.35,26.35,0,201025
5904,2022-07-25 10:19:00+05:30,26.35,26.35,26.35,26.35,0,201025
5905,2022-07-25 10:20:00+05:30,26.35,26.35,26.35,26.35,0,201025
5906,2022-07-25 10:21:00+05:30,26.35,26.35,26.35,26.35,0,201025
5907,2022-07-25 10:22:00+05:30,26.35,26.35,26.35,26.35,0,201025
5908,2022-07-25 10:23:00+05:30,26.35,26.35,26.35,26.35,0,201025
5909,2022-07-25 10:24:00+05:30,26.35,26.35,26.35,26.35,0,201025
5910,2022-07-25 10:25:00+05:30,26.35,26.35,26.35,26.35,0,201025
5911,2022-07-25 10:26:00+05:30,26.35,26.35,26.35,26.35,0,201025
5912,2022-07-25 10:27:00+05:30,26.35,26.35,26.35,26.35,0,201025
5913,2022-07-25 10:28:00+05:30,26.35,26.35,26.35,26.35,0,201025
5914,2022-07-25 10:29:00+05:30,26.35,26.35,26.35,26.35,0,201025
5915,2022-07-25 10:30:00+05:30,26.35,26.35,26.35,26.35,0,201025
5916,2022-07-25 10:31:00+05:30,26.35,28.1,26.35,28.1,2150,201025
5917,2022-07-25 10:32:00+05:30,28.1,28.1,28.1,28.1,0,201025
5918,2022-07-25 10:33:00+05:30,28.1,28.1,28.1,28.1,0,201025
5919,2022-07-25 10:34:00+05:30,28.1,28.1,28.1,28.1,0,201025
5920,2022-07-25 10:35:00+05:30,28.1,28.1,28.1,28.1,0,201025
5921,2022-07-25 10:36:00+05:30,28.1,28.1,28.1,28.1,0,201025
5922,2022-07-25 10:37:00+05:30,28.1,28.1,28.1,28.1,0,201025
5923,2022-07-25 10:38:00+05:30,28.1,28.1,28.1,28.1,0,201025
5924,2022-07-25 10:39:00+05:30,28.1,28.1,28.1,28.1,0,201025
5925,2022-07-25 10:40:00+05:30,28.1,28.1,28.1,28.1,0,201025
5926,2022-07-25 10:41:00+05:30,28.1,28.1,28.1,28.1,0,201025
5927,2022-07-25 10:42:00+05:30,28.1,28.1,28.1,28.1,0,201025
5928,2022-07-25 10:43:00+05:30,28.1,28.1,28.1,28.1,0,201025
5929,2022-07-25 10:44:00+05:30,28.1,28.1,28.1,28.1,0,201025
5930,2022-07-25 10:45:00+05:30,28.1,28.1,28.1,28.1,0,201025
5931,2022-07-25 10:46:00+05:30,28.1,28.1,28.1,28.1,0,201025
5932,2022-07-25 10:47:00+05:30,28.1,28.1,28.1,28.1,0,201025
5933,2022-07-25 10:48:00+05:30,28.1,28.1,28.1,28.1,0,201025
5934,2022-07-25 10:49:00+05:30,28.1,28.1,28.1,28.1,0,201025
5935,2022-07-25 10:50:00+05:30,28.1,28.1,28.1,28.1,0,201025
5936,2022-07-25 10:51:00+05:30,28.1,28.1,28.1,28.1,0,201025
5937,2022-07-25 10:52:00+05:30,28.1,28.1,28.1,28.1,0,201025
5938,2022-07-25 10:53:00+05:30,28.1,28.1,28.1,28.1,0,201025
5939,2022-07-25 10:54:00+05:30,28.1,28.1,28.1,28.1,0,201025
5940,2022-07-25 10:55:00+05:30,28.1,28.1,28.1,28.1,0,201025
5941,2022-07-25 10:56:00+05:30,28.1,28.1,28.1,28.1,0,201025
5942,2022-07-25 10:57:00+05:30,28.1,28.1,28.1,28.1,0,201025
5943,2022-07-25 10:58:00+05:30,28.1,28.1,28.1,28.1,0,201025
5944,2022-07-25 10:59:00+05:30,28.1,28.1,28.1,28.1,0,201025
5945,2022-07-25 11:00:00+05:30,28.1,28.1,28.1,28.1,0,201025
5946,2022-07-25 11:01:00+05:30,28.1,28.1,28.1,28.1,0,201025
5947,2022-07-25 11:02:00+05:30,28.1,28.1,28.1,28.1,0,201025
5948,2022-07-25 11:03:00+05:30,28.1,28.1,28.1,28.1,0,201025
5949,2022-07-25 11:04:00+05:30,28.1,28.1,28.1,28.1,0,201025
5950,2022-07-25 11:05:00+05:30,28.1,28.1,28.1,28.1,0,201025
5951,2022-07-25 11:06:00+05:30,28.1,28.1,28.1,28.1,0,201025
5952,2022-07-25 11:07:00+05:30,28.1,28.1,28.1,28.1,0,201025
5953,2022-07-25 11:08:00+05:30,28.1,28.1,28.1,28.1,0,201025
5954,2022-07-25 11:09:00+05:30,28.1,28.1,28.1,28.1,0,201025
5955,2022-07-25 11:10:00+05:30,28.1,28.1,28.1,28.1,0,201025
5956,2022-07-25 11:11:00+05:30,28.1,28.1,28.1,28.1,0,201025
5957,2022-07-25 11:12:00+05:30,28.1,28.1,28.1,28.1,0,201025
5958,2022-07-25 11:13:00+05:30,28.1,28.1,28.1,28.1,0,201025
5959,2022-07-25 11:14:00+05:30,28.1,28.1,28.1,28.1,0,201025
5960,2022-07-25 11:15:00+05:30,28.1,28.1,28.1,28.1,0,201025
5961,2022-07-25 11:16:00+05:30,28.1,28.1,28.1,28.1,0,201025
5962,2022-07-25 11:17:00+05:30,28.1,28.1,28.1,28.1,0,201025
5963,2022-07-25 11:18:00+05:30,28.1,28.1,28.1,28.1,0,201025
5964,2022-07-25 11:19:00+05:30,28.1,28.1,28.1,28.1,0,201025
5965,2022-07-25 11:20:00+05:30,28.1,28.1,28.1,28.1,0,201025
5966,2022-07-25 11:21:00+05:30,28.1,28.1,28.1,28.1,0,201025
5967,2022-07-25 11:22:00+05:30,28.1,28.1,28.1,28.1,0,201025
5968,2022-07-25 11:23:00+05:30,28.1,28.1,28.1,28.1,0,201025
5969,2022-07-25 11:24:00+05:30,28.1,28.1,28.1,28.1,0,201025
5970,2022-07-25 11:25:00+05:30,28.1,28.1,28.1,28.1,0,201025
5971,2022-07-25 11:26:00+05:30,28.1,28.1,28.1,28.1,0,201025
5972,2022-07-25 11:27:00+05:30,28.1,28.1,28.1,28.1,0,201025
5973,2022-07-25 11:28:00+05:30,28.1,28.1,28.1,28.1,0,201025
5974,2022-07-25 11:29:00+05:30,28.1,28.1,28.1,28.1,0,201025
5975,2022-07-25 11:30:00+05:30,28.1,28.1,28.1,28.1,0,201025
5976,2022-07-25 11:31:00+05:30,28.1,28.1,28.1,28.1,0,201025
5977,2022-07-25 11:32:00+05:30,28.1,28.1,28.1,28.1,0,201025
5978,2022-07-25 11:33:00+05:30,28.1,28.1,28.1,28.1,0,201025
5979,2022-07-25 11:34:00+05:30,28.1,28.1,28.1,28.1,0,201025
5980,2022-07-25 11:35:00+05:30,28.1,28.1,28.1,28.1,0,201025
5981,2022-07-25 11:36:00+05:30,28.1,28.1,28.1,28.1,0,201025
5982,2022-07-25 11:37:00+05:30,28.1,28.1,28.1,28.1,0,201025
5983,2022-07-25 11:38:00+05:30,28.1,28.1,28.1,28.1,0,201025
5984,2022-07-25 11:39:00+05:30,28.1,28.1,28.1,28.1,0,201025
5985,2022-07-25 11:40:00+05:30,28.1,28.1,28.1,28.1,0,201025
5986,2022-07-25 11:41:00+05:30,28.1,28.1,28.1,28.1,0,201025
5987,2022-07-25 11:42:00+05:30,28.1,28.1,28.1,28.1,0,201025
5988,2022-07-25 11:43:00+05:30,28.1,28.1,28.1,28.1,0,201025
5989,2022-07-25 11:44:00+05:30,28.1,28.1,28.1,28.1,0,201025
5990,2022-07-25 11:45:00+05:30,28.1,28.1,28.1,28.1,0,201025
5991,2022-07-25 11:46:00+05:30,28.1,28.1,28.1,28.1,0,201025
5992,2022-07-25 11:47:00+05:30,28.1,28.1,28.1,28.1,0,201025
5993,2022-07-25 11:48:00+05:30,28.1,28.1,28.1,28.1,0,201025
5994,2022-07-25 11:49:00+05:30,28.1,28.1,28.1,28.1,0,201025
5995,2022-07-25 11:50:00+05:30,28.1,28.1,28.1,28.1,0,201025
5996,2022-07-25 11:51:00+05:30,28.1,28.1,28.1,28.1,0,201025
5997,2022-07-25 11:52:00+05:30,28.1,28.1,28.1,28.1,0,201025
5998,2022-07-25 11:53:00+05:30,28.1,28.1,28.1,28.1,0,201025
5999,2022-07-25 11:54:00+05:30,28.1,28.1,28.1,28.1,0,201025
6000,2022-07-25 11:55:00+05:30,28.1,28.1,28.1,28.1,0,201025
6001,2022-07-25 11:56:00+05:30,28.1,28.1,28.1,28.1,0,201025
6002,2022-07-25 11:57:00+05:30,28.1,28.1,28.1,28.1,0,201025
6003,2022-07-25 11:58:00+05:30,28.1,28.1,28.1,28.1,0,201025
6004,2022-07-25 11:59:00+05:30,28.1,28.1,28.1,28.1,0,201025
6005,2022-07-25 12:00:00+05:30,28.1,28.1,28.1,28.1,0,201025
6006,2022-07-25 12:01:00+05:30,28.1,28.1,28.1,28.1,0,201025
6007,2022-07-25 12:02:00+05:30,28.1,28.1,28.1,28.1,0,201025
6008,2022-07-25 12:03:00+05:30,28.1,28.1,28.1,28.1,0,201025
6009,2022-07-25 12:04:00+05:30,28.1,28.1,28.1,28.1,0,201025
6010,2022-07-25 12:05:00+05:30,28.1,28.1,28.1,28.1,0,201025
6011,2022-07-25 12:06:00+05:30,28.1,28.1,28.1,28.1,0,201025
6012,2022-07-25 12:07:00+05:30,28.1,28.1,28.1,28.1,0,201025
6013,2022-07-25 12:08:00+05:30,28.1,28.1,28.1,28.1,0,201025
6014,2022-07-25 12:09:00+05:30,28.1,28.1,28.1,28.1,0,201025
6015,2022-07-25 12:10:00+05:30,28.1,28.1,28.1,28.1,0,201025
6016,2022-07-25 12:11:00+05:30,28.1,28.1,28.1,28.1,0,201025
6017,2022-07-25 12:12:00+05:30,28.1,28.1,28.1,28.1,0,201025
6018,2022-07-25 12:13:00+05:30,28.1,28.1,28.1,28.1,0,201025
6019,2022-07-25 12:14:00+05:30,28.1,28.1,28.1,28.1,0,201025
6020,2022-07-25 12:15:00+05:30,28.1,28.1,28.1,28.1,0,201025
6021,2022-07-25 12:16:00+05:30,28.1,28.1,28.1,28.1,0,201025
6022,2022-07-25 12:17:00+05:30,28.1,28.1,28.1,28.1,0,201025
6023,2022-07-25 12:18:00+05:30,28.1,28.1,28.1,28.1,0,201025
6024,2022-07-25 12:19:00+05:30,28.1,28.1,28.1,28.1,0,201025
6025,2022-07-25 12:20:00+05:30,28.1,28.1,28.1,28.1,0,201025
6026,2022-07-25 12:21:00+05:30,28.1,28.1,28.1,28.1,0,201025
6027,2022-07-25 12:22:00+05:30,28.1,28.1,28.1,28.1,0,201025
6028,2022-07-25 12:23:00+05:30,28.1,28.1,28.1,28.1,0,201025
6029,2022-07-25 12:24:00+05:30,28.1,28.1,28.1,28.1,0,201025
6030,2022-07-25 12:25:00+05:30,28.1,28.1,28.1,28.1,0,201025
6031,2022-07-25 12:26:00+05:30,28.1,28.1,28.1,28.1,0,201025
6032,2022-07-25 12:27:00+05:30,28.1,28.1,28.1,28.1,0,201025
6033,2022-07-25 12:28:00+05:30,28.1,28.1,28.1,28.1,0,201025
6034,2022-07-25 12:29:00+05:30,28.1,28.1,28.1,28.1,0,201025
6035,2022-07-25 12:30:00+05:30,28.1,28.1,28.1,28.1,0,201025
6036,2022-07-25 12:31:00+05:30,28.1,28.1,28.1,28.1,0,201025
6037,2022-07-25 12:32:00+05:30,28.1,28.1,28.1,28.1,0,201025
6038,2022-07-25 12:33:00+05:30,28.1,28.1,28.1,28.1,0,201025
6039,2022-07-25 12:34:00+05:30,28.1,28.1,28.1,28.1,0,201025
6040,2022-07-25 12:35:00+05:30,28.1,28.1,28.1,28.1,0,201025
6041,2022-07-25 12:36:00+05:30,28.1,28.1,28.1,28.1,0,201025
6042,2022-07-25 12:37:00+05:30,28.1,28.1,28.1,28.1,0,201025
6043,2022-07-25 12:38:00+05:30,28.1,28.1,28.1,28.1,0,201025
6044,2022-07-25 12:39:00+05:30,28.1,28.1,28.1,28.1,0,201025
6045,2022-07-25 12:40:00+05:30,28.1,28.1,28.1,28.1,0,201025
6046,2022-07-25 12:41:00+05:30,28.1,28.1,28.1,28.1,0,201025
6047,2022-07-25 12:42:00+05:30,28.1,28.1,28.1,28.1,0,201025
6048,2022-07-25 12:43:00+05:30,28.1,28.1,28.1,28.1,0,201025
6049,2022-07-25 12:44:00+05:30,28.1,28.1,28.1,28.1,0,201025
6050,2022-07-25 12:45:00+05:30,28.1,28.1,28.1,28.1,0,201025
6051,2022-07-25 12:46:00+05:30,28.1,28.1,28.1,28.1,0,201025
6052,2022-07-25 12:47:00+05:30,28.1,28.1,28.1,28.1,0,201025
6053,2022-07-25 12:48:00+05:30,28.1,28.1,28.1,28.1,0,201025
6054,2022-07-25 12:49:00+05:30,28.1,28.1,28.1,28.1,0,201025
6055,2022-07-25 12:50:00+05:30,28.1,28.1,28.1,28.1,0,201025
6056,2022-07-25 12:51:00+05:30,28.1,28.1,28.1,28.1,0,201025
6057,2022-07-25 12:52:00+05:30,28.1,28.1,28.1,28.1,0,201025
6058,2022-07-25 12:53:00+05:30,28.1,28.1,28.1,28.1,0,201025
6059,2022-07-25 12:54:00+05:30,28.1,28.1,28.1,28.1,0,201025
6060,2022-07-25 12:55:00+05:30,28.1,28.1,28.1,28.1,0,201025
6061,2022-07-25 12:56:00+05:30,28.1,28.1,28.1,28.1,0,201025
6062,2022-07-25 12:57:00+05:30,28.1,28.1,28.1,28.1,0,201025
6063,2022-07-25 12:58:00+05:30,28.1,28.1,28.1,28.1,0,201025
6064,2022-07-25 12:59:00+05:30,28.1,28.1,28.1,28.1,0,201025
6065,2022-07-25 13:00:00+05:30,28.1,28.1,28.1,28.1,0,201025
6066,2022-07-25 13:01:00+05:30,28.1,28.1,28.1,28.1,0,201025
6067,2022-07-25 13:02:00+05:30,28.1,28.1,28.1,28.1,0,201025
6068,2022-07-25 13:03:00+05:30,28.1,28.1,28.1,28.1,0,201025
6069,2022-07-25 13:04:00+05:30,28.1,28.1,28.1,28.1,0,201025
6070,2022-07-25 13:05:00+05:30,28.1,28.1,28.1,28.1,0,201025
6071,2022-07-25 13:06:00+05:30,28.1,28.1,28.1,28.1,0,201025
6072,2022-07-25 13:07:00+05:30,28.1,28.1,28.1,28.1,0,201025
6073,2022-07-25 13:08:00+05:30,28.1,28.1,28.1,28.1,0,201025
6074,2022-07-25 13:09:00+05:30,28.1,28.1,28.1,28.1,0,201025
6075,2022-07-25 13:10:00+05:30,28.1,28.1,28.1,28.1,0,201025
6076,2022-07-25 13:11:00+05:30,28.1,28.1,28.1,28.1,0,201025
6077,2022-07-25 13:12:00+05:30,28.1,28.1,28.1,28.1,0,201025
6078,2022-07-25 13:13:00+05:30,28.1,28.1,28.1,28.1,0,201025
6079,2022-07-25 13:14:00+05:30,28.1,28.1,28.1,28.1,0,201025
6080,2022-07-25 13:15:00+05:30,28.1,28.1,28.1,28.1,0,201025
6081,2022-07-25 13:16:00+05:30,28.1,28.1,28.1,28.1,0,201025
6082,2022-07-25 13:17:00+05:30,28.1,28.1,28.1,28.1,0,201025
6083,2022-07-25 13:18:00+05:30,28.1,28.1,28.1,28.1,0,201025
6084,2022-07-25 13:19:00+05:30,28.1,28.1,28.1,28.1,0,201025
6085,2022-07-25 13:20:00+05:30,28.1,28.1,28.1,28.1,0,201025
6086,2022-07-25 13:21:00+05:30,28.1,28.1,28.1,28.1,0,201025
6087,2022-07-25 13:22:00+05:30,28.1,28.1,28.1,28.1,0,201025
6088,2022-07-25 13:23:00+05:30,28.1,28.1,28.1,28.1,0,201025
6089,2022-07-25 13:24:00+05:30,28.1,28.1,28.1,28.1,0,201025
6090,2022-07-25 13:25:00+05:30,28.1,28.1,28.1,28.1,0,201025
6091,2022-07-25 13:26:00+05:30,28.1,28.1,28.1,28.1,0,201025
6092,2022-07-25 13:27:00+05:30,28.1,28.1,28.1,28.1,0,201025
6093,2022-07-25 13:28:00+05:30,28.1,28.1,28.1,28.1,0,201025
6094,2022-07-25 13:29:00+05:30,28.1,28.1,28.1,28.1,0,201025
6095,2022-07-25 13:30:00+05:30,28.1,28.1,28.1,28.1,0,201025
6096,2022-07-25 13:31:00+05:30,28.1,28.1,28.1,28.1,0,201025
6097,2022-07-25 13:32:00+05:30,28.1,28.1,28.1,28.1,0,201025
6098,2022-07-25 13:33:00+05:30,28.1,28.1,28.1,28.1,0,201025
6099,2022-07-25 13:34:00+05:30,28.1,28.1,28.1,28.1,0,201025
6100,2022-07-25 13:35:00+05:30,28.1,28.1,28.1,28.1,0,201025
6101,2022-07-25 13:36:00+05:30,28.1,28.1,28.1,28.1,0,201025
6102,2022-07-25 13:37:00+05:30,28.1,28.1,28.1,28.1,0,201025
6103,2022-07-25 13:38:00+05:30,28.1,28.1,28.1,28.1,0,201025
6104,2022-07-25 13:39:00+05:30,28.1,28.1,28.1,28.1,0,201025
6105,2022-07-25 13:40:00+05:30,28.1,28.1,28.1,28.1,0,201025
6106,2022-07-25 13:41:00+05:30,28.1,28.1,28.1,28.1,0,201025
6107,2022-07-25 13:42:00+05:30,28.1,28.1,28.1,28.1,0,201025
6108,2022-07-25 13:43:00+05:30,28.1,28.1,28.1,28.1,0,201025
6109,2022-07-25 13:44:00+05:30,28.1,28.1,28.1,28.1,0,201025
6110,2022-07-25 13:45:00+05:30,28.1,28.1,28.1,28.1,0,201025
6111,2022-07-25 13:46:00+05:30,28.1,28.1,28.1,28.1,0,201025
6112,2022-07-25 13:47:00+05:30,28.1,28.1,28.1,28.1,0,201025
6113,2022-07-25 13:48:00+05:30,28.1,28.1,28.1,28.1,0,201025
6114,2022-07-25 13:49:00+05:30,28.1,28.1,28.1,28.1,0,201025
6115,2022-07-25 13:50:00+05:30,28.1,28.1,28.1,28.1,0,201025
6116,2022-07-25 13:51:00+05:30,28.1,28.1,28.1,28.1,0,201025
6117,2022-07-25 13:52:00+05:30,28.1,28.1,28.1,28.1,0,201025
6118,2022-07-25 13:53:00+05:30,28.1,28.1,28.1,28.1,0,201025
6119,2022-07-25 13:54:00+05:30,28.1,28.1,28.1,28.1,0,201025
6120,2022-07-25 13:55:00+05:30,28.1,28.1,28.1,28.1,0,201025
6121,2022-07-25 13:56:00+05:30,28.1,28.1,28.1,28.1,0,201025
6122,2022-07-25 13:57:00+05:30,28.1,28.1,28.1,28.1,0,201025
6123,2022-07-25 13:58:00+05:30,28.1,28.1,28.1,28.1,0,201025
6124,2022-07-25 13:59:00+05:30,28.1,28.1,28.1,28.1,0,201025
6125,2022-07-25 14:00:00+05:30,28.1,28.1,28.1,28.1,0,201025
6126,2022-07-25 14:01:00+05:30,28.1,28.1,28.1,28.1,0,201025
6127,2022-07-25 14:02:00+05:30,28.1,28.1,28.1,28.1,0,201025
6128,2022-07-25 14:03:00+05:30,28.1,28.1,28.1,28.1,0,201025
6129,2022-07-25 14:04:00+05:30,28.1,28.1,28.1,28.1,0,201025
6130,2022-07-25 14:05:00+05:30,28.1,28.1,28.1,28.1,0,201025
6131,2022-07-25 14:06:00+05:30,28.1,28.1,28.1,28.1,0,201025
6132,2022-07-25 14:07:00+05:30,28.1,28.1,28.1,28.1,0,201025
6133,2022-07-25 14:08:00+05:30,28.1,28.1,28.1,28.1,0,201025
6134,2022-07-25 14:09:00+05:30,28.1,28.1,28.1,28.1,0,201025
6135,2022-07-25 14:10:00+05:30,28.1,28.1,28.1,28.1,0,201025
6136,2022-07-25 14:11:00+05:30,28.1,28.1,28.1,28.1,0,201025
6137,2022-07-25 14:12:00+05:30,28.1,28.1,28.1,28.1,0,201025
6138,2022-07-25 14:13:00+05:30,28.1,28.1,28.1,28.1,0,201025
6139,2022-07-25 14:14:00+05:30,28.1,28.1,28.1,28.1,0,201025
6140,2022-07-25 14:15:00+05:30,28.1,28.1,28.1,28.1,0,201025
6141,2022-07-25 14:16:00+05:30,28.1,28.1,28.1,28.1,0,201025
6142,2022-07-25 14:17:00+05:30,28.1,28.1,28.1,28.1,0,201025
6143,2022-07-25 14:18:00+05:30,28.1,28.1,28.1,28.1,0,201025
6144,2022-07-25 14:19:00+05:30,28.1,28.1,28.1,28.1,0,201025
6145,2022-07-25 14:20:00+05:30,28.1,28.1,28.1,28.1,0,201025
6146,2022-07-25 14:21:00+05:30,28.1,28.1,28.1,28.1,0,201025
6147,2022-07-25 14:22:00+05:30,28.1,28.1,28.1,28.1,0,201025
6148,2022-07-25 14:23:00+05:30,28.1,28.1,28.1,28.1,0,201025
6149,2022-07-25 14:24:00+05:30,28.1,28.1,28.1,28.1,0,201025
6150,2022-07-25 14:25:00+05:30,28.1,28.1,28.1,28.1,0,201025
6151,2022-07-25 14:26:00+05:30,28.1,28.1,28.1,28.1,0,201025
6152,2022-07-25 14:27:00+05:30,28.1,28.1,28.1,28.1,0,201025
6153,2022-07-25 14:28:00+05:30,28.1,28.1,28.1,28.1,0,201025
6154,2022-07-25 14:29:00+05:30,28.1,28.1,28.1,28.1,0,201025
6155,2022-07-25 14:30:00+05:30,28.1,28.1,28.1,28.1,0,201025
6156,2022-07-25 14:31:00+05:30,28.1,28.1,28.1,28.1,0,201025
6157,2022-07-25 14:32:00+05:30,28.1,28.1,28.1,28.1,0,201025
6158,2022-07-25 14:33:00+05:30,28.1,28.1,28.1,28.1,0,201025
6159,2022-07-25 14:34:00+05:30,28.1,28.1,28.1,28.1,0,201025
6160,2022-07-25 14:35:00+05:30,28.1,28.1,28.1,28.1,0,201025
6161,2022-07-25 14:36:00+05:30,28.1,28.1,28.1,28.1,0,201025
6162,2022-07-25 14:37:00+05:30,28.1,28.1,28.1,28.1,0,201025
6163,2022-07-25 14:38:00+05:30,28.1,28.1,28.1,28.1,0,201025
6164,2022-07-25 14:39:00+05:30,28.1,28.1,28.1,28.1,0,201025
6165,2022-07-25 14:40:00+05:30,28.1,28.1,28.1,28.1,0,201025
6166,2022-07-25 14:41:00+05:30,28.1,28.1,28.1,28.1,0,201025
6167,2022-07-25 14:42:00+05:30,28.1,28.1,28.1,28.1,0,201025
6168,2022-07-25 14:43:00+05:30,28.1,28.1,28.1,28.1,0,201025
6169,2022-07-25 14:44:00+05:30,28.1,28.1,28.1,28.1,0,201025
6170,2022-07-25 14:45:00+05:30,28.1,28.1,28.1,28.1,0,201025
6171,2022-07-25 14:46:00+05:30,28.1,28.1,28.1,28.1,0,201025
6172,2022-07-25 14:47:00+05:30,28.1,28.1,28.1,28.1,0,201025
6173,2022-07-25 14:48:00+05:30,28.1,28.1,28.1,28.1,0,201025
6174,2022-07-25 14:49:00+05:30,28.1,28.1,28.1,28.1,0,201025
6175,2022-07-25 14:50:00+05:30,28.1,28.1,28.1,28.1,0,201025
6176,2022-07-25 14:51:00+05:30,28.1,28.1,28.1,28.1,0,201025
6177,2022-07-25 14:52:00+05:30,28.1,28.1,28.1,28.1,0,201025
6178,2022-07-25 14:53:00+05:30,28.1,28.1,28.1,28.1,0,201025
6179,2022-07-25 14:54:00+05:30,28.1,28.1,28.1,28.1,0,201025
6180,2022-07-25 14:55:00+05:30,28.1,28.1,28.1,28.1,0,201025
6181,2022-07-25 14:56:00+05:30,28.1,28.1,28.1,28.1,0,201025
6182,2022-07-25 14:57:00+05:30,28.1,28.1,28.1,28.1,0,201025
6183,2022-07-25 14:58:00+05:30,28.1,28.1,28.1,28.1,0,201025
6184,2022-07-25 14:59:00+05:30,28.1,28.1,28.1,28.1,0,201025
6185,2022-07-25 15:00:00+05:30,28.1,28.1,28.1,28.1,0,201025
6186,2022-07-25 15:01:00+05:30,28.1,28.1,28.1,28.1,0,201025
6187,2022-07-25 15:02:00+05:30,28.1,28.1,28.1,28.1,0,201025
6188,2022-07-25 15:03:00+05:30,28.1,28.1,28.1,28.1,0,201025
6189,2022-07-25 15:04:00+05:30,28.1,28.1,28.1,28.1,0,201025
6190,2022-07-25 15:05:00+05:30,28.1,28.1,28.1,28.1,0,201025
6191,2022-07-25 15:06:00+05:30,28.1,28.1,28.1,28.1,0,201025
6192,2022-07-25 15:07:00+05:30,28.1,28.1,28.1,28.1,0,201025
6193,2022-07-25 15:08:00+05:30,28.1,28.1,28.1,28.1,0,201025
6194,2022-07-25 15:09:00+05:30,28.1,28.1,28.1,28.1,0,201025
6195,2022-07-25 15:10:00+05:30,28.1,28.1,28.1,28.1,0,201025
6196,2022-07-25 15:11:00+05:30,28.1,28.1,28.1,28.1,0,201025
6197,2022-07-25 15:12:00+05:30,28.1,28.1,28.1,28.1,0,201025
6198,2022-07-25 15:13:00+05:30,28.1,28.1,28.1,28.1,0,201025
6199,2022-07-25 15:14:00+05:30,28.1,28.1,28.1,28.1,0,201025
6200,2022-07-25 15:15:00+05:30,28.1,28.1,28.1,28.1,0,201025
6201,2022-07-25 15:16:00+05:30,28.1,28.1,28.1,28.1,0,201025
6202,2022-07-25 15:17:00+05:30,28.1,28.1,28.1,28.1,0,201025
6203,2022-07-25 15:18:00+05:30,28.1,28.1,28.1,28.1,0,201025
6204,2022-07-25 15:19:00+05:30,28.1,28.1,28.1,28.1,0,201025
6205,2022-07-25 15:20:00+05:30,28.1,28.1,28.1,28.1,0,201025
6206,2022-07-25 15:21:00+05:30,28.1,28.1,28.1,28.1,0,201025
6207,2022-07-25 15:22:00+05:30,28.1,28.1,28.1,28.1,0,201025
6208,2022-07-25 15:23:00+05:30,28.1,28.1,28.1,28.1,0,201025
6209,2022-07-25 15:24:00+05:30,28.1,28.1,28.1,28.1,0,201025
6210,2022-07-25 15:25:00+05:30,28.1,28.1,28.1,28.1,0,201025
6211,2022-07-25 15:26:00+05:30,28.1,28.1,28.1,28.1,0,201025
6212,2022-07-25 15:27:00+05:30,28.1,28.1,28.1,28.1,0,201025
6213,2022-07-25 15:28:00+05:30,28.1,28.1,28.1,28.1,0,201025
6214,2022-07-25 15:29:00+05:30,28.1,28.1,28.1,28.1,0,201025
6215,2022-07-26 09:26:00+05:30,33.0,33.0,33.0,33.0,0,199950
6216,2022-07-26 09:27:00+05:30,33.0,33.0,33.0,33.0,0,199950
6217,2022-07-26 09:28:00+05:30,33.0,33.0,33.0,33.0,0,199950
6218,2022-07-26 09:29:00+05:30,33.0,33.0,33.0,33.0,0,199950
6219,2022-07-26 09:30:00+05:30,33.0,33.0,33.0,33.0,0,199950
6220,2022-07-26 09:31:00+05:30,33.0,33.0,33.0,33.0,0,199950
6221,2022-07-26 09:32:00+05:30,33.0,33.0,33.0,33.0,0,199950
6222,2022-07-26 09:33:00+05:30,33.0,33.0,33.0,33.0,0,199950
6223,2022-07-26 09:34:00+05:30,33.0,33.0,33.0,33.0,0,199950
6224,2022-07-26 09:35:00+05:30,33.0,33.0,33.0,33.0,0,199950
6225,2022-07-26 09:36:00+05:30,33.0,33.0,33.0,33.0,0,199950
6226,2022-07-26 09:37:00+05:30,33.0,33.0,33.0,33.0,0,199950
6227,2022-07-26 09:38:00+05:30,33.0,33.0,33.0,33.0,0,199950
6228,2022-07-26 09:39:00+05:30,33.0,33.0,33.0,33.0,0,199950
6229,2022-07-26 09:40:00+05:30,33.0,33.0,33.0,33.0,0,199950
6230,2022-07-26 09:41:00+05:30,33.0,33.0,33.0,33.0,0,199950
6231,2022-07-26 09:42:00+05:30,33.0,33.0,33.0,33.0,0,199950
6232,2022-07-26 09:43:00+05:30,33.0,33.0,33.0,33.0,0,199950
6233,2022-07-26 09:44:00+05:30,33.0,33.0,33.0,33.0,0,199950
6234,2022-07-26 09:45:00+05:30,33.0,33.0,33.0,33.0,0,199950
6235,2022-07-26 09:46:00+05:30,33.0,33.0,33.0,33.0,0,199950
6236,2022-07-26 09:47:00+05:30,33.0,33.0,33.0,33.0,0,199950
6237,2022-07-26 09:48:00+05:30,33.0,33.0,33.0,33.0,0,199950
6238,2022-07-26 09:49:00+05:30,33.0,33.0,33.0,33.0,0,199950
6239,2022-07-26 09:50:00+05:30,33.0,33.0,33.0,33.0,0,199950
6240,2022-07-26 09:51:00+05:30,33.0,33.0,33.0,33.0,0,199950
6241,2022-07-26 09:52:00+05:30,33.0,33.0,33.0,33.0,0,199950
6242,2022-07-26 09:53:00+05:30,33.0,33.0,33.0,33.0,0,199950
6243,2022-07-26 09:54:00+05:30,33.0,33.0,33.0,33.0,0,199950
6244,2022-07-26 09:55:00+05:30,33.0,33.0,33.0,33.0,0,199950
6245,2022-07-26 09:56:00+05:30,33.0,33.0,33.0,33.0,0,199950
6246,2022-07-26 09:57:00+05:30,33.0,33.0,33.0,33.0,0,199950
6247,2022-07-26 09:58:00+05:30,33.0,33.0,33.0,33.0,0,199950
6248,2022-07-26 09:59:00+05:30,33.0,33.0,33.0,33.0,0,199950
6249,2022-07-26 10:00:00+05:30,33.0,33.0,33.0,33.0,0,199950
6250,2022-07-26 10:01:00+05:30,33.0,33.0,33.0,33.0,0,199950
6251,2022-07-26 10:02:00+05:30,33.0,33.0,33.0,33.0,0,199950
6252,2022-07-26 10:03:00+05:30,33.0,33.0,33.0,33.0,0,199950
6253,2022-07-26 10:04:00+05:30,33.0,33.0,33.0,33.0,0,199950
6254,2022-07-26 10:05:00+05:30,33.0,33.0,33.0,33.0,0,199950
6255,2022-07-26 10:06:00+05:30,33.0,33.0,33.0,33.0,0,199950
6256,2022-07-26 10:07:00+05:30,33.0,33.0,33.0,33.0,0,199950
6257,2022-07-26 10:08:00+05:30,33.0,33.0,33.0,33.0,0,199950
6258,2022-07-26 10:09:00+05:30,33.0,33.0,33.0,33.0,0,199950
6259,2022-07-26 10:10:00+05:30,33.0,33.0,33.0,33.0,0,199950
6260,2022-07-26 10:11:00+05:30,33.0,33.0,33.0,33.0,0,199950
6261,2022-07-26 10:12:00+05:30,33.0,33.0,33.0,33.0,0,199950
6262,2022-07-26 10:13:00+05:30,33.0,33.0,33.0,33.0,0,199950
6263,2022-07-26 10:14:00+05:30,33.0,33.0,33.0,33.0,0,199950
6264,2022-07-26 10:15:00+05:30,33.0,33.0,33.0,33.0,0,199950
6265,2022-07-26 10:16:00+05:30,33.0,33.0,33.0,33.0,0,199950
6266,2022-07-26 10:17:00+05:30,33.0,33.0,33.0,33.0,0,199950
6267,2022-07-26 10:18:00+05:30,33.0,33.0,33.0,33.0,0,199950
6268,2022-07-26 10:19:00+05:30,33.0,33.0,33.0,33.0,0,199950
6269,2022-07-26 10:20:00+05:30,33.0,33.0,33.0,33.0,0,199950
6270,2022-07-26 10:21:00+05:30,33.0,33.0,33.0,33.0,0,199950
6271,2022-07-26 10:22:00+05:30,33.0,33.0,33.0,33.0,0,199950
6272,2022-07-26 10:23:00+05:30,33.0,33.0,33.0,33.0,0,199950
6273,2022-07-26 10:24:00+05:30,33.0,33.0,33.0,33.0,0,199950
6274,2022-07-26 10:25:00+05:30,33.0,33.0,33.0,33.0,0,199950
6275,2022-07-26 10:26:00+05:30,33.0,33.0,33.0,33.0,0,199950
6276,2022-07-26 10:27:00+05:30,33.0,33.0,33.0,33.0,0,199950
6277,2022-07-26 10:28:00+05:30,33.0,33.0,33.0,33.0,0,199950
6278,2022-07-26 10:29:00+05:30,33.0,33.0,33.0,33.0,0,199950
6279,2022-07-26 10:30:00+05:30,33.0,33.0,30.2,30.2,1075,199950
6280,2022-07-26 10:31:00+05:30,30.2,30.2,30.2,30.2,0,199950
6281,2022-07-26 10:32:00+05:30,30.2,30.2,30.2,30.2,0,199950
6282,2022-07-26 10:33:00+05:30,30.2,30.2,30.2,30.2,0,199950
6283,2022-07-26 10:34:00+05:30,30.2,30.2,30.2,30.2,0,199950
6284,2022-07-26 10:35:00+05:30,30.2,30.2,30.2,30.2,0,199950
6285,2022-07-26 10:36:00+05:30,30.2,30.2,30.2,30.2,0,199950
6286,2022-07-26 10:37:00+05:30,30.2,30.2,30.2,30.2,0,199950
6287,2022-07-26 10:38:00+05:30,30.2,30.2,30.2,30.2,0,199950
6288,2022-07-26 10:39:00+05:30,30.2,30.2,30.2,30.2,0,199950
6289,2022-07-26 10:40:00+05:30,30.2,30.2,30.2,30.2,0,199950
6290,2022-07-26 10:41:00+05:30,30.2,30.2,30.2,30.2,0,199950
6291,2022-07-26 10:42:00+05:30,30.2,30.2,30.2,30.2,0,199950
6292,2022-07-26 10:43:00+05:30,30.2,30.2,30.2,30.2,0,199950
6293,2022-07-26 10:44:00+05:30,30.2,30.2,30.2,30.2,0,199950
6294,2022-07-26 10:45:00+05:30,30.2,30.2,30.2,30.2,0,199950
6295,2022-07-26 10:46:00+05:30,30.2,30.2,30.2,30.2,0,199950
6296,2022-07-26 10:47:00+05:30,30.2,30.2,30.2,30.2,0,199950
6297,2022-07-26 10:48:00+05:30,30.2,30.2,30.2,30.2,0,199950
6298,2022-07-26 10:49:00+05:30,30.2,30.2,30.2,30.2,0,199950
6299,2022-07-26 10:50:00+05:30,30.2,30.2,30.2,30.2,0,199950
6300,2022-07-26 10:51:00+05:30,30.2,30.2,30.2,30.2,0,199950
6301,2022-07-26 10:52:00+05:30,30.2,30.2,30.2,30.2,0,199950
6302,2022-07-26 10:53:00+05:30,30.2,30.2,30.2,30.2,0,199950
6303,2022-07-26 10:54:00+05:30,30.2,30.2,30.2,30.2,0,199950
6304,2022-07-26 10:55:00+05:30,30.2,30.2,30.2,30.2,0,199950
6305,2022-07-26 10:56:00+05:30,30.2,30.2,30.2,30.2,0,199950
6306,2022-07-26 10:57:00+05:30,30.2,30.2,30.2,30.2,0,199950
6307,2022-07-26 10:58:00+05:30,30.2,30.2,30.2,30.2,0,199950
6308,2022-07-26 10:59:00+05:30,30.2,30.2,30.2,30.2,0,199950
6309,2022-07-26 11:00:00+05:30,30.2,30.2,30.2,30.2,0,199950
6310,2022-07-26 11:01:00+05:30,30.2,30.2,30.2,30.2,0,199950
6311,2022-07-26 11:02:00+05:30,30.2,30.2,30.2,30.2,0,199950
6312,2022-07-26 11:03:00+05:30,30.2,30.2,30.2,30.2,0,199950
6313,2022-07-26 11:04:00+05:30,30.2,30.2,30.2,30.2,0,199950
6314,2022-07-26 11:05:00+05:30,30.2,30.2,30.2,30.2,0,199950
6315,2022-07-26 11:06:00+05:30,30.2,30.2,30.2,30.2,0,199950
6316,2022-07-26 11:07:00+05:30,30.2,30.2,30.2,30.2,0,199950
6317,2022-07-26 11:08:00+05:30,30.2,30.2,30.2,30.2,0,199950
6318,2022-07-26 11:09:00+05:30,30.2,30.2,30.2,30.2,0,199950
6319,2022-07-26 11:10:00+05:30,30.2,30.2,30.2,30.2,0,199950
6320,2022-07-26 11:11:00+05:30,30.2,30.2,30.2,30.2,0,199950
6321,2022-07-26 11:12:00+05:30,30.2,30.2,30.2,30.2,0,199950
6322,2022-07-26 11:13:00+05:30,30.2,30.2,30.2,30.2,0,199950
6323,2022-07-26 11:14:00+05:30,30.2,30.2,30.2,30.2,0,199950
6324,2022-07-26 11:15:00+05:30,30.2,30.2,30.2,30.2,0,199950
6325,2022-07-26 11:16:00+05:30,30.2,30.2,30.2,30.2,0,199950
6326,2022-07-26 11:17:00+05:30,30.2,30.2,30.2,30.2,0,199950
6327,2022-07-26 11:18:00+05:30,30.2,30.2,30.2,30.2,0,199950
6328,2022-07-26 11:19:00+05:30,30.2,30.2,30.2,30.2,0,199950
6329,2022-07-26 11:20:00+05:30,30.2,30.2,30.2,30.2,0,199950
6330,2022-07-26 11:21:00+05:30,30.2,30.2,30.2,30.2,0,199950
6331,2022-07-26 11:22:00+05:30,30.2,30.2,30.2,30.2,0,199950
6332,2022-07-26 11:23:00+05:30,30.2,30.2,30.2,30.2,0,199950
6333,2022-07-26 11:24:00+05:30,30.2,30.2,30.2,30.2,0,199950
6334,2022-07-26 11:25:00+05:30,30.2,30.2,30.2,30.2,0,199950
6335,2022-07-26 11:26:00+05:30,30.2,30.2,30.2,30.2,0,199950
6336,2022-07-26 11:27:00+05:30,30.2,30.2,30.2,30.2,0,199950
6337,2022-07-26 11:28:00+05:30,30.2,30.2,30.2,30.2,0,199950
6338,2022-07-26 11:29:00+05:30,30.2,30.2,30.2,30.2,0,199950
6339,2022-07-26 11:30:00+05:30,30.2,30.2,30.2,30.2,0,199950
6340,2022-07-26 11:31:00+05:30,30.2,30.2,30.2,30.2,0,199950
6341,2022-07-26 11:32:00+05:30,30.2,30.2,30.2,30.2,0,199950
6342,2022-07-26 11:33:00+05:30,30.2,30.2,30.2,30.2,0,199950
6343,2022-07-26 11:34:00+05:30,30.2,30.2,30.2,30.2,0,199950
6344,2022-07-26 11:35:00+05:30,30.2,30.2,30.2,30.2,0,199950
6345,2022-07-26 11:36:00+05:30,30.2,30.2,30.2,30.2,0,199950
6346,2022-07-26 11:37:00+05:30,30.2,30.2,30.2,30.2,0,199950
6347,2022-07-26 11:38:00+05:30,30.2,30.2,30.2,30.2,0,199950
6348,2022-07-26 11:39:00+05:30,30.2,30.2,30.2,30.2,0,199950
6349,2022-07-26 11:40:00+05:30,30.2,30.2,30.2,30.2,0,199950
6350,2022-07-26 11:41:00+05:30,30.2,30.2,28.5,28.5,1075,201025
6351,2022-07-26 11:42:00+05:30,28.5,28.5,28.5,28.5,0,201025
6352,2022-07-26 11:43:00+05:30,28.5,28.5,28.5,28.5,0,201025
6353,2022-07-26 11:44:00+05:30,28.5,28.5,28.5,28.5,0,201025
6354,2022-07-26 11:45:00+05:30,28.5,28.5,28.5,28.5,0,201025
6355,2022-07-26 11:46:00+05:30,28.5,28.5,28.5,28.5,0,201025
6356,2022-07-26 11:47:00+05:30,28.5,28.5,28.5,28.5,0,201025
6357,2022-07-26 11:48:00+05:30,28.5,28.5,28.5,28.5,0,201025
6358,2022-07-26 11:49:00+05:30,28.5,28.5,28.5,28.5,0,201025
6359,2022-07-26 11:50:00+05:30,28.5,28.5,28.5,28.5,0,201025
6360,2022-07-26 11:51:00+05:30,28.5,28.5,28.5,28.5,0,201025
6361,2022-07-26 11:52:00+05:30,28.5,28.5,28.5,28.5,0,201025
6362,2022-07-26 11:53:00+05:30,28.5,28.5,28.5,28.5,0,201025
6363,2022-07-26 11:54:00+05:30,28.5,28.5,28.5,28.5,0,201025
6364,2022-07-26 11:55:00+05:30,28.5,28.5,28.5,28.5,0,201025
6365,2022-07-26 11:56:00+05:30,28.5,28.5,28.5,28.5,0,201025
6366,2022-07-26 11:57:00+05:30,28.5,28.5,28.5,28.5,0,201025
6367,2022-07-26 11:58:00+05:30,28.5,28.5,28.5,28.5,0,201025
6368,2022-07-26 11:59:00+05:30,28.5,28.5,28.5,28.5,0,201025
6369,2022-07-26 12:00:00+05:30,28.5,28.5,28.5,28.5,0,201025
6370,2022-07-26 12:01:00+05:30,28.5,28.5,28.5,28.5,0,201025
6371,2022-07-26 12:02:00+05:30,28.5,28.5,28.5,28.5,0,201025
6372,2022-07-26 12:03:00+05:30,28.5,28.5,28.5,28.5,0,201025
6373,2022-07-26 12:04:00+05:30,28.5,28.5,28.5,28.5,0,201025
6374,2022-07-26 12:05:00+05:30,28.5,28.5,28.5,28.5,0,201025
6375,2022-07-26 12:06:00+05:30,28.5,28.5,28.5,28.5,0,201025
6376,2022-07-26 12:07:00+05:30,28.5,28.5,28.5,28.5,0,201025
6377,2022-07-26 12:08:00+05:30,28.5,28.5,28.5,28.5,0,201025
6378,2022-07-26 12:09:00+05:30,28.5,28.5,28.5,28.5,0,201025
6379,2022-07-26 12:10:00+05:30,28.5,28.5,28.5,28.5,0,201025
6380,2022-07-26 12:11:00+05:30,28.5,28.5,28.5,28.5,0,201025
6381,2022-07-26 12:12:00+05:30,28.5,28.5,28.5,28.5,0,201025
6382,2022-07-26 12:13:00+05:30,28.5,28.5,28.5,28.5,0,201025
6383,2022-07-26 12:14:00+05:30,28.5,28.5,28.5,28.5,0,201025
6384,2022-07-26 12:15:00+05:30,28.5,28.5,28.5,28.5,0,201025
6385,2022-07-26 12:16:00+05:30,28.5,28.5,28.5,28.5,0,201025
6386,2022-07-26 12:17:00+05:30,28.5,28.5,28.5,28.5,0,201025
6387,2022-07-26 12:18:00+05:30,28.5,28.5,28.5,28.5,0,201025
6388,2022-07-26 12:19:00+05:30,28.5,28.5,26.85,26.85,1075,202100
6389,2022-07-26 12:20:00+05:30,26.85,26.85,26.85,26.85,0,202100
6390,2022-07-26 12:21:00+05:30,26.85,26.85,26.85,26.85,0,202100
6391,2022-07-26 12:22:00+05:30,26.85,26.85,26.85,26.85,0,202100
6392,2022-07-26 12:23:00+05:30,26.85,26.85,26.85,26.85,0,202100
6393,2022-07-26 12:24:00+05:30,26.85,26.85,26.85,26.85,0,202100
6394,2022-07-26 12:25:00+05:30,26.85,26.85,26.85,26.85,0,202100
6395,2022-07-26 12:26:00+05:30,26.85,26.85,26.85,26.85,0,202100
6396,2022-07-26 12:27:00+05:30,26.85,26.85,26.85,26.85,0,202100
6397,2022-07-26 12:28:00+05:30,26.85,26.85,26.85,26.85,0,202100
6398,2022-07-26 12:29:00+05:30,26.85,26.85,26.85,26.85,0,202100
6399,2022-07-26 12:30:00+05:30,26.85,26.85,26.85,26.85,0,202100
6400,2022-07-26 12:31:00+05:30,26.85,26.85,26.85,26.85,0,202100
6401,2022-07-26 12:32:00+05:30,26.85,26.85,26.85,26.85,0,202100
6402,2022-07-26 12:33:00+05:30,26.85,26.85,26.85,26.85,0,202100
6403,2022-07-26 12:34:00+05:30,26.85,26.85,26.85,26.85,0,202100
6404,2022-07-26 12:35:00+05:30,26.85,26.85,26.85,26.85,0,202100
6405,2022-07-26 12:36:00+05:30,26.85,26.85,26.85,26.85,0,202100
6406,2022-07-26 12:37:00+05:30,26.85,26.85,26.85,26.85,0,202100
6407,2022-07-26 12:38:00+05:30,26.85,26.85,26.85,26.85,0,202100
6408,2022-07-26 12:39:00+05:30,26.85,26.85,26.85,26.85,0,202100
6409,2022-07-26 12:40:00+05:30,26.85,26.85,26.85,26.85,0,202100
6410,2022-07-26 12:41:00+05:30,26.85,26.85,26.85,26.85,0,202100
6411,2022-07-26 12:42:00+05:30,26.85,26.85,26.85,26.85,0,202100
6412,2022-07-26 12:43:00+05:30,26.85,26.85,26.85,26.85,0,202100
6413,2022-07-26 12:44:00+05:30,26.85,26.85,26.85,26.85,0,202100
6414,2022-07-26 12:45:00+05:30,26.85,26.85,26.85,26.85,0,202100
6415,2022-07-26 12:46:00+05:30,26.85,26.85,26.85,26.85,0,202100
6416,2022-07-26 12:47:00+05:30,26.85,26.85,26.85,26.85,0,202100
6417,2022-07-26 12:48:00+05:30,26.85,26.85,26.85,26.85,0,202100
6418,2022-07-26 12:49:00+05:30,26.85,26.85,26.85,26.85,0,202100
6419,2022-07-26 12:50:00+05:30,26.85,26.85,26.85,26.85,0,202100
6420,2022-07-26 12:51:00+05:30,26.85,26.85,26.85,26.85,0,202100
6421,2022-07-26 12:52:00+05:30,26.85,26.85,26.85,26.85,0,202100
6422,2022-07-26 12:53:00+05:30,26.85,26.85,26.85,26.85,0,202100
6423,2022-07-26 12:54:00+05:30,26.85,26.85,26.85,26.85,0,202100
6424,2022-07-26 12:55:00+05:30,26.85,26.85,26.85,26.85,0,202100
6425,2022-07-26 12:56:00+05:30,26.85,26.85,26.85,26.85,0,202100
6426,2022-07-26 12:57:00+05:30,26.85,26.85,26.85,26.85,0,202100
6427,2022-07-26 12:58:00+05:30,26.85,26.85,26.85,26.85,0,202100
6428,2022-07-26 12:59:00+05:30,26.85,26.85,26.85,26.85,0,202100
6429,2022-07-26 13:00:00+05:30,26.85,26.85,26.85,26.85,0,202100
6430,2022-07-26 13:01:00+05:30,26.85,26.85,26.85,26.85,0,202100
6431,2022-07-26 13:02:00+05:30,26.85,26.85,26.85,26.85,0,202100
6432,2022-07-26 13:03:00+05:30,26.85,26.85,26.85,26.85,0,202100
6433,2022-07-26 13:04:00+05:30,26.85,26.85,26.85,26.85,0,202100
6434,2022-07-26 13:05:00+05:30,26.85,26.85,26.85,26.85,0,202100
6435,2022-07-26 13:06:00+05:30,26.85,26.85,26.85,26.85,0,202100
6436,2022-07-26 13:07:00+05:30,26.85,26.85,26.85,26.85,0,202100
6437,2022-07-26 13:08:00+05:30,26.85,26.85,26.85,26.85,0,202100
6438,2022-07-26 13:09:00+05:30,26.85,26.85,26.85,26.85,0,202100
6439,2022-07-26 13:10:00+05:30,26.85,26.85,26.85,26.85,0,202100
6440,2022-07-26 13:11:00+05:30,26.85,26.85,26.85,26.85,0,202100
6441,2022-07-26 13:12:00+05:30,26.85,26.85,26.85,26.85,0,202100
6442,2022-07-26 13:13:00+05:30,26.85,26.85,26.85,26.85,0,202100
6443,2022-07-26 13:14:00+05:30,26.85,26.85,26.85,26.85,0,202100
6444,2022-07-26 13:15:00+05:30,26.85,26.85,26.85,26.85,0,202100
6445,2022-07-26 13:16:00+05:30,26.85,26.85,26.85,26.85,0,202100
6446,2022-07-26 13:17:00+05:30,26.85,26.85,26.85,26.85,0,202100
6447,2022-07-26 13:18:00+05:30,26.85,26.85,26.85,26.85,0,202100
6448,2022-07-26 13:19:00+05:30,26.85,26.85,26.85,26.85,0,202100
6449,2022-07-26 13:20:00+05:30,26.85,26.85,26.85,26.85,0,202100
6450,2022-07-26 13:21:00+05:30,26.85,26.85,26.85,26.85,0,202100
6451,2022-07-26 13:22:00+05:30,26.85,26.85,26.85,26.85,0,202100
6452,2022-07-26 13:23:00+05:30,26.85,26.85,26.85,26.85,0,202100
6453,2022-07-26 13:24:00+05:30,26.85,26.85,26.85,26.85,0,202100
6454,2022-07-26 13:25:00+05:30,26.85,26.85,26.85,26.85,0,202100
6455,2022-07-26 13:26:00+05:30,26.85,26.85,26.85,26.85,0,202100
6456,2022-07-26 13:27:00+05:30,26.85,26.85,26.85,26.85,0,202100
6457,2022-07-26 13:28:00+05:30,26.85,26.85,26.85,26.85,0,202100
6458,2022-07-26 13:29:00+05:30,26.85,26.85,26.85,26.85,0,202100
6459,2022-07-26 13:30:00+05:30,26.85,26.85,26.85,26.85,0,202100
6460,2022-07-26 13:31:00+05:30,26.85,26.85,26.85,26.85,0,202100
6461,2022-07-26 13:32:00+05:30,26.85,26.85,26.85,26.85,0,202100
6462,2022-07-26 13:33:00+05:30,26.85,26.85,26.85,26.85,0,202100
6463,2022-07-26 13:34:00+05:30,26.85,26.85,26.85,26.85,0,202100
6464,2022-07-26 13:35:00+05:30,26.85,26.85,26.85,26.85,0,202100
6465,2022-07-26 13:36:00+05:30,26.85,26.85,26.85,26.85,0,202100
6466,2022-07-26 13:37:00+05:30,26.85,26.85,26.85,26.85,0,202100
6467,2022-07-26 13:38:00+05:30,26.85,26.85,26.85,26.85,0,202100
6468,2022-07-26 13:39:00+05:30,26.85,26.85,26.85,26.85,0,202100
6469,2022-07-26 13:40:00+05:30,26.85,26.85,26.85,26.85,0,202100
6470,2022-07-26 13:41:00+05:30,26.85,26.85,26.85,26.85,0,202100
6471,2022-07-26 13:42:00+05:30,26.85,26.85,26.85,26.85,0,202100
6472,2022-07-26 13:43:00+05:30,26.85,26.85,26.85,26.85,0,202100
6473,2022-07-26 13:44:00+05:30,26.85,26.85,26.85,26.85,0,202100
6474,2022-07-26 13:45:00+05:30,26.85,26.85,26.85,26.85,0,202100
6475,2022-07-26 13:46:00+05:30,26.85,26.85,26.85,26.85,0,202100
6476,2022-07-26 13:47:00+05:30,26.85,26.85,26.85,26.85,0,202100
6477,2022-07-26 13:48:00+05:30,26.85,26.85,26.85,26.85,0,202100
6478,2022-07-26 13:49:00+05:30,26.85,26.85,26.85,26.85,0,202100
6479,2022-07-26 13:50:00+05:30,26.85,26.85,26.85,26.85,0,202100
6480,2022-07-26 13:51:00+05:30,26.85,26.85,26.85,26.85,0,202100
6481,2022-07-26 13:52:00+05:30,26.85,26.85,26.85,26.85,0,202100
6482,2022-07-26 13:53:00+05:30,26.85,26.85,26.85,26.85,0,202100
6483,2022-07-26 13:54:00+05:30,26.85,26.85,26.85,26.85,0,202100
6484,2022-07-26 13:55:00+05:30,26.85,26.85,26.85,26.85,0,202100
6485,2022-07-26 13:56:00+05:30,26.85,26.85,26.85,26.85,0,202100
6486,2022-07-26 13:57:00+05:30,26.85,26.85,26.85,26.85,0,202100
6487,2022-07-26 13:58:00+05:30,26.85,26.85,26.85,26.85,0,202100
6488,2022-07-26 13:59:00+05:30,26.85,26.85,26.85,26.85,0,202100
6489,2022-07-26 14:00:00+05:30,26.85,26.85,26.85,26.85,0,202100
6490,2022-07-26 14:01:00+05:30,26.85,26.85,26.85,26.85,0,202100
6491,2022-07-26 14:02:00+05:30,26.85,26.85,26.85,26.85,0,202100
6492,2022-07-26 14:03:00+05:30,26.85,26.85,26.85,26.85,0,202100
6493,2022-07-26 14:04:00+05:30,26.85,26.85,26.85,26.85,0,202100
6494,2022-07-26 14:05:00+05:30,26.85,28.0,26.85,28.0,1075,202100
6495,2022-07-26 14:06:00+05:30,28.0,28.0,28.0,28.0,0,202100
6496,2022-07-26 14:07:00+05:30,28.0,28.0,28.0,28.0,0,202100
6497,2022-07-26 14:08:00+05:30,28.0,28.0,28.0,28.0,0,202100
6498,2022-07-26 14:09:00+05:30,28.0,28.0,28.0,28.0,0,202100
6499,2022-07-26 14:10:00+05:30,28.0,28.0,28.0,28.0,0,202100
6500,2022-07-26 14:11:00+05:30,28.0,28.0,28.0,28.0,0,202100
6501,2022-07-26 14:12:00+05:30,28.0,28.0,28.0,28.0,0,202100
6502,2022-07-26 14:13:00+05:30,28.0,28.0,28.0,28.0,0,202100
6503,2022-07-26 14:14:00+05:30,28.0,28.0,28.0,28.0,0,202100
6504,2022-07-26 14:15:00+05:30,28.0,28.0,28.0,28.0,0,202100
6505,2022-07-26 14:16:00+05:30,28.0,28.0,28.0,28.0,0,202100
6506,2022-07-26 14:17:00+05:30,28.0,28.0,28.0,28.0,0,202100
6507,2022-07-26 14:18:00+05:30,28.0,28.0,28.0,28.0,0,202100
6508,2022-07-26 14:19:00+05:30,28.0,28.0,28.0,28.0,0,202100
6509,2022-07-26 14:20:00+05:30,28.0,28.0,28.0,28.0,0,202100
6510,2022-07-26 14:21:00+05:30,28.0,28.0,28.0,28.0,0,202100
6511,2022-07-26 14:22:00+05:30,28.0,28.0,28.0,28.0,0,202100
6512,2022-07-26 14:23:00+05:30,28.0,28.0,28.0,28.0,0,202100
6513,2022-07-26 14:24:00+05:30,28.0,28.0,28.0,28.0,0,202100
6514,2022-07-26 14:25:00+05:30,28.0,28.0,28.0,28.0,0,202100
6515,2022-07-26 14:26:00+05:30,28.0,28.0,28.0,28.0,0,202100
6516,2022-07-26 14:27:00+05:30,28.0,28.0,28.0,28.0,0,202100
6517,2022-07-26 14:28:00+05:30,28.0,28.0,28.0,28.0,0,202100
6518,2022-07-26 14:29:00+05:30,28.0,28.0,28.0,28.0,0,202100
6519,2022-07-26 14:30:00+05:30,28.0,28.0,28.0,28.0,0,202100
6520,2022-07-26 14:31:00+05:30,28.0,28.0,28.0,28.0,0,202100
6521,2022-07-26 14:32:00+05:30,28.0,28.0,28.0,28.0,0,202100
6522,2022-07-26 14:33:00+05:30,28.0,28.0,28.0,28.0,0,202100
6523,2022-07-26 14:34:00+05:30,28.0,28.0,28.0,28.0,0,202100
6524,2022-07-26 14:35:00+05:30,28.0,28.0,28.0,28.0,0,202100
6525,2022-07-26 14:36:00+05:30,28.0,28.0,28.0,28.0,0,202100
6526,2022-07-26 14:37:00+05:30,28.0,28.0,28.0,28.0,0,202100
6527,2022-07-26 14:38:00+05:30,28.0,28.0,28.0,28.0,0,202100
6528,2022-07-26 14:39:00+05:30,28.0,28.0,28.0,28.0,0,202100
6529,2022-07-26 14:40:00+05:30,28.0,28.0,28.0,28.0,0,202100
6530,2022-07-26 14:41:00+05:30,28.0,28.0,28.0,28.0,0,202100
6531,2022-07-26 14:42:00+05:30,28.0,28.0,28.0,28.0,0,202100
6532,2022-07-26 14:43:00+05:30,28.0,28.0,28.0,28.0,0,202100
6533,2022-07-26 14:44:00+05:30,28.0,28.0,28.0,28.0,0,202100
6534,2022-07-26 14:45:00+05:30,28.0,28.0,28.0,28.0,0,202100
6535,2022-07-26 14:46:00+05:30,28.0,28.0,28.0,28.0,0,202100
6536,2022-07-26 14:47:00+05:30,28.0,28.0,28.0,28.0,0,202100
6537,2022-07-26 14:48:00+05:30,28.0,28.0,28.0,28.0,0,202100
6538,2022-07-26 14:49:00+05:30,28.0,28.0,28.0,28.0,0,202100
6539,2022-07-26 14:50:00+05:30,28.0,28.0,28.0,28.0,0,202100
6540,2022-07-26 14:51:00+05:30,28.0,28.0,28.0,28.0,0,202100
6541,2022-07-26 14:52:00+05:30,28.0,28.0,28.0,28.0,0,202100
6542,2022-07-26 14:53:00+05:30,28.0,28.0,28.0,28.0,0,202100
6543,2022-07-26 14:54:00+05:30,28.0,28.0,28.0,28.0,0,202100
6544,2022-07-26 14:55:00+05:30,28.0,28.0,28.0,28.0,0,202100
6545,2022-07-26 14:56:00+05:30,28.0,28.0,28.0,28.0,0,202100
6546,2022-07-26 14:57:00+05:30,28.0,28.0,28.0,28.0,0,202100
6547,2022-07-26 14:58:00+05:30,28.0,28.0,28.0,28.0,0,202100
6548,2022-07-26 14:59:00+05:30,28.0,28.0,28.0,28.0,0,202100
6549,2022-07-26 15:00:00+05:30,28.0,28.0,28.0,28.0,0,202100
6550,2022-07-26 15:01:00+05:30,28.0,28.0,28.0,28.0,0,202100
6551,2022-07-26 15:02:00+05:30,28.0,28.0,28.0,28.0,0,202100
6552,2022-07-26 15:03:00+05:30,28.0,28.0,28.0,28.0,0,202100
6553,2022-07-26 15:04:00+05:30,28.0,28.0,28.0,28.0,0,202100
6554,2022-07-26 15:05:00+05:30,28.0,28.0,28.0,28.0,0,202100
6555,2022-07-26 15:06:00+05:30,28.0,28.0,28.0,28.0,0,202100
6556,2022-07-26 15:07:00+05:30,28.0,28.0,28.0,28.0,0,202100
6557,2022-07-26 15:08:00+05:30,28.0,28.0,28.0,28.0,0,202100
6558,2022-07-26 15:09:00+05:30,28.0,28.0,28.0,28.0,0,202100
6559,2022-07-26 15:10:00+05:30,28.0,28.0,28.0,28.0,0,202100
6560,2022-07-26 15:11:00+05:30,28.0,28.0,28.0,28.0,0,202100
6561,2022-07-26 15:12:00+05:30,28.0,28.0,28.0,28.0,0,202100
6562,2022-07-26 15:13:00+05:30,28.0,28.0,28.0,28.0,0,202100
6563,2022-07-26 15:14:00+05:30,28.0,28.0,28.0,28.0,0,202100
6564,2022-07-26 15:15:00+05:30,28.0,28.0,28.0,28.0,0,202100
6565,2022-07-26 15:16:00+05:30,28.0,28.0,28.0,28.0,0,202100
6566,2022-07-26 15:17:00+05:30,28.0,28.0,28.0,28.0,0,202100
6567,2022-07-26 15:18:00+05:30,28.0,28.0,28.0,28.0,0,202100
6568,2022-07-26 15:19:00+05:30,27.8,27.8,27.8,27.8,1075,202100
6569,2022-07-26 15:20:00+05:30,27.8,27.8,27.8,27.8,0,202100
6570,2022-07-26 15:21:00+05:30,27.8,27.8,27.8,27.8,0,202100
6571,2022-07-26 15:22:00+05:30,27.8,27.8,27.8,27.8,0,202100
6572,2022-07-26 15:23:00+05:30,27.8,27.8,27.8,27.8,0,202100
6573,2022-07-26 15:24:00+05:30,27.8,27.8,27.8,27.8,0,202100
6574,2022-07-26 15:25:00+05:30,27.8,27.8,27.8,27.8,0,202100
6575,2022-07-26 15:26:00+05:30,27.8,27.8,27.8,27.8,0,202100
6576,2022-07-26 15:27:00+05:30,27.8,27.8,27.8,27.8,0,202100
6577,2022-07-26 15:28:00+05:30,27.8,27.8,27.8,27.8,0,202100
6578,2022-07-26 15:29:00+05:30,27.8,27.8,27.8,27.8,0,202100
6579,2022-07-27 09:38:00+05:30,26.5,26.5,26.5,26.5,0,201025
6580,2022-07-27 09:39:00+05:30,26.5,26.5,26.5,26.5,0,201025
6581,2022-07-27 09:40:00+05:30,26.5,26.5,26.5,26.5,0,201025
6582,2022-07-27 09:41:00+05:30,26.5,26.5,26.5,26.5,0,201025
6583,2022-07-27 09:42:00+05:30,26.5,26.5,26.5,26.5,0,201025
6584,2022-07-27 09:43:00+05:30,26.5,26.5,25.25,25.25,1075,199950
6585,2022-07-27 09:44:00+05:30,25.25,25.25,25.25,25.25,0,199950
6586,2022-07-27 09:45:00+05:30,25.25,25.25,25.25,25.25,0,199950
6587,2022-07-27 09:46:00+05:30,25.25,25.25,25.25,25.25,0,199950
6588,2022-07-27 09:47:00+05:30,25.25,25.25,25.25,25.25,0,199950
6589,2022-07-27 09:48:00+05:30,25.25,25.25,25.25,25.25,0,199950
6590,2022-07-27 09:49:00+05:30,25.25,26.0,25.25,26.0,1075,199950
6591,2022-07-27 09:50:00+05:30,26.0,26.0,26.0,26.0,0,199950
6592,2022-07-27 09:51:00+05:30,26.0,26.0,26.0,26.0,0,199950
6593,2022-07-27 09:52:00+05:30,26.0,26.0,26.0,26.0,0,199950
6594,2022-07-27 09:53:00+05:30,26.0,26.0,26.0,26.0,0,199950
6595,2022-07-27 09:54:00+05:30,26.0,26.0,26.0,26.0,0,199950
6596,2022-07-27 09:55:00+05:30,26.0,26.0,26.0,26.0,0,199950
6597,2022-07-27 09:56:00+05:30,26.0,26.0,26.0,26.0,0,199950
6598,2022-07-27 09:57:00+05:30,26.0,26.0,26.0,26.0,0,199950
6599,2022-07-27 09:58:00+05:30,26.0,26.0,26.0,26.0,0,199950
6600,2022-07-27 09:59:00+05:30,26.0,26.0,26.0,26.0,0,199950
6601,2022-07-27 10:00:00+05:30,26.0,26.0,26.0,26.0,0,199950
6602,2022-07-27 10:01:00+05:30,26.0,26.0,26.0,26.0,0,199950
6603,2022-07-27 10:02:00+05:30,26.0,26.0,26.0,26.0,0,199950
6604,2022-07-27 10:03:00+05:30,26.0,26.0,26.0,26.0,0,199950
6605,2022-07-27 10:04:00+05:30,26.0,26.0,26.0,26.0,0,199950
6606,2022-07-27 10:05:00+05:30,26.0,26.0,26.0,26.0,0,199950
6607,2022-07-27 10:06:00+05:30,26.0,26.0,26.0,26.0,0,199950
6608,2022-07-27 10:07:00+05:30,26.0,26.0,26.0,26.0,0,199950
6609,2022-07-27 10:08:00+05:30,26.0,26.0,26.0,26.0,0,199950
6610,2022-07-27 10:09:00+05:30,26.0,26.0,26.0,26.0,0,199950
6611,2022-07-27 10:10:00+05:30,26.0,26.0,26.0,26.0,0,199950
6612,2022-07-27 10:11:00+05:30,26.0,26.0,26.0,26.0,0,199950
6613,2022-07-27 10:12:00+05:30,26.0,26.0,26.0,26.0,0,199950
6614,2022-07-27 10:13:00+05:30,26.0,26.0,26.0,26.0,0,199950
6615,2022-07-27 10:14:00+05:30,26.0,26.0,26.0,26.0,0,199950
6616,2022-07-27 10:15:00+05:30,26.0,26.0,26.0,26.0,0,199950
6617,2022-07-27 10:16:00+05:30,26.0,26.0,26.0,26.0,0,199950
6618,2022-07-27 10:17:00+05:30,26.0,26.0,26.0,26.0,0,199950
6619,2022-07-27 10:18:00+05:30,26.0,26.0,26.0,26.0,0,199950
6620,2022-07-27 10:19:00+05:30,26.0,26.0,26.0,26.0,0,199950
6621,2022-07-27 10:20:00+05:30,26.0,26.0,26.0,26.0,0,199950
6622,2022-07-27 10:21:00+05:30,26.0,26.0,26.0,26.0,0,199950
6623,2022-07-27 10:22:00+05:30,26.0,26.0,26.0,26.0,0,199950
6624,2022-07-27 10:23:00+05:30,26.0,26.0,26.0,26.0,0,199950
6625,2022-07-27 10:24:00+05:30,26.0,26.0,26.0,26.0,0,199950
6626,2022-07-27 10:25:00+05:30,26.0,26.0,26.0,26.0,0,199950
6627,2022-07-27 10:26:00+05:30,26.0,26.0,26.0,26.0,0,199950
6628,2022-07-27 10:27:00+05:30,26.0,26.0,26.0,26.0,0,199950
6629,2022-07-27 10:28:00+05:30,26.0,26.0,26.0,26.0,0,199950
6630,2022-07-27 10:29:00+05:30,26.0,26.0,26.0,26.0,0,199950
6631,2022-07-27 10:30:00+05:30,26.0,26.0,26.0,26.0,0,199950
6632,2022-07-27 10:31:00+05:30,26.0,26.0,26.0,26.0,0,199950
6633,2022-07-27 10:32:00+05:30,26.0,26.0,26.0,26.0,0,199950
6634,2022-07-27 10:33:00+05:30,26.0,26.0,26.0,26.0,0,199950
6635,2022-07-27 10:34:00+05:30,26.0,26.0,26.0,26.0,0,199950
6636,2022-07-27 10:35:00+05:30,26.0,26.0,26.0,26.0,0,199950
6637,2022-07-27 10:36:00+05:30,26.0,26.0,26.0,26.0,0,199950
6638,2022-07-27 10:37:00+05:30,26.0,26.0,26.0,26.0,0,199950
6639,2022-07-27 10:38:00+05:30,26.0,26.0,26.0,26.0,0,199950
6640,2022-07-27 10:39:00+05:30,26.0,26.0,26.0,26.0,0,199950
6641,2022-07-27 10:40:00+05:30,26.0,26.0,26.0,26.0,0,199950
6642,2022-07-27 10:41:00+05:30,26.0,26.0,26.0,26.0,0,199950
6643,2022-07-27 10:42:00+05:30,26.0,26.0,26.0,26.0,0,199950
6644,2022-07-27 10:43:00+05:30,26.0,26.0,26.0,26.0,0,199950
6645,2022-07-27 10:44:00+05:30,26.0,26.0,26.0,26.0,0,199950
6646,2022-07-27 10:45:00+05:30,26.0,26.0,26.0,26.0,0,199950
6647,2022-07-27 10:46:00+05:30,26.0,26.0,26.0,26.0,0,199950
6648,2022-07-27 10:47:00+05:30,26.0,26.0,26.0,26.0,0,199950
6649,2022-07-27 10:48:00+05:30,26.0,26.0,26.0,26.0,0,199950
6650,2022-07-27 10:49:00+05:30,26.0,26.0,26.0,26.0,0,199950
6651,2022-07-27 10:50:00+05:30,26.0,26.0,26.0,26.0,0,199950
6652,2022-07-27 10:51:00+05:30,26.0,26.0,26.0,26.0,0,199950
6653,2022-07-27 10:52:00+05:30,26.0,26.0,26.0,26.0,0,199950
6654,2022-07-27 10:53:00+05:30,26.0,26.0,26.0,26.0,0,199950
6655,2022-07-27 10:54:00+05:30,26.0,26.0,26.0,26.0,0,199950
6656,2022-07-27 10:55:00+05:30,26.0,26.0,26.0,26.0,0,199950
6657,2022-07-27 10:56:00+05:30,26.0,26.0,26.0,26.0,0,199950
6658,2022-07-27 10:57:00+05:30,26.0,26.0,26.0,26.0,0,199950
6659,2022-07-27 10:58:00+05:30,26.0,26.0,26.0,26.0,0,199950
6660,2022-07-27 10:59:00+05:30,26.0,26.0,26.0,26.0,0,199950
6661,2022-07-27 11:00:00+05:30,26.0,26.0,26.0,26.0,0,199950
6662,2022-07-27 11:01:00+05:30,26.0,26.0,26.0,26.0,0,199950
6663,2022-07-27 11:02:00+05:30,26.0,26.0,26.0,26.0,0,199950
6664,2022-07-27 11:03:00+05:30,26.0,26.0,26.0,26.0,0,199950
6665,2022-07-27 11:04:00+05:30,26.0,26.0,26.0,26.0,0,199950
6666,2022-07-27 11:05:00+05:30,26.0,26.0,26.0,26.0,0,199950
6667,2022-07-27 11:06:00+05:30,26.0,26.0,26.0,26.0,0,199950
6668,2022-07-27 11:07:00+05:30,26.0,26.0,26.0,26.0,0,199950
6669,2022-07-27 11:08:00+05:30,26.0,26.0,26.0,26.0,0,199950
6670,2022-07-27 11:09:00+05:30,26.0,26.0,26.0,26.0,0,199950
6671,2022-07-27 11:10:00+05:30,26.0,26.0,26.0,26.0,0,199950
6672,2022-07-27 11:11:00+05:30,26.0,26.0,26.0,26.0,0,199950
6673,2022-07-27 11:12:00+05:30,26.0,26.0,26.0,26.0,0,199950
6674,2022-07-27 11:13:00+05:30,26.0,26.0,26.0,26.0,0,199950
6675,2022-07-27 11:14:00+05:30,26.0,26.0,26.0,26.0,0,199950
6676,2022-07-27 11:15:00+05:30,26.0,26.0,26.0,26.0,0,199950
6677,2022-07-27 11:16:00+05:30,26.0,26.0,26.0,26.0,0,199950
6678,2022-07-27 11:17:00+05:30,26.0,26.0,26.0,26.0,0,199950
6679,2022-07-27 11:18:00+05:30,26.0,26.0,26.0,26.0,0,199950
6680,2022-07-27 11:19:00+05:30,26.0,26.0,26.0,26.0,0,199950
6681,2022-07-27 11:20:00+05:30,26.0,26.0,26.0,26.0,0,199950
6682,2022-07-27 11:21:00+05:30,26.0,26.0,26.0,26.0,0,199950
6683,2022-07-27 11:22:00+05:30,26.0,26.0,26.0,26.0,0,199950
6684,2022-07-27 11:23:00+05:30,26.0,26.0,26.0,26.0,0,199950
6685,2022-07-27 11:24:00+05:30,26.0,26.0,26.0,26.0,0,199950
6686,2022-07-27 11:25:00+05:30,26.0,26.0,26.0,26.0,0,199950
6687,2022-07-27 11:26:00+05:30,26.0,26.0,26.0,26.0,0,199950
6688,2022-07-27 11:27:00+05:30,26.0,26.0,26.0,26.0,0,199950
6689,2022-07-27 11:28:00+05:30,26.0,26.0,26.0,26.0,0,199950
6690,2022-07-27 11:29:00+05:30,26.0,26.0,26.0,26.0,0,199950
6691,2022-07-27 11:30:00+05:30,26.0,26.0,26.0,26.0,0,199950
6692,2022-07-27 11:31:00+05:30,26.0,26.0,26.0,26.0,0,199950
6693,2022-07-27 11:32:00+05:30,26.0,26.0,26.0,26.0,0,199950
6694,2022-07-27 11:33:00+05:30,26.0,26.0,26.0,26.0,0,199950
6695,2022-07-27 11:34:00+05:30,26.0,26.0,26.0,26.0,0,199950
6696,2022-07-27 11:35:00+05:30,26.0,26.0,26.0,26.0,0,199950
6697,2022-07-27 11:36:00+05:30,26.0,26.0,26.0,26.0,0,199950
6698,2022-07-27 11:37:00+05:30,26.0,26.0,26.0,26.0,0,199950
6699,2022-07-27 11:38:00+05:30,26.0,26.0,26.0,26.0,0,199950
6700,2022-07-27 11:39:00+05:30,26.0,26.0,26.0,26.0,0,199950
6701,2022-07-27 11:40:00+05:30,26.0,26.0,26.0,26.0,0,199950
6702,2022-07-27 11:41:00+05:30,26.0,26.0,26.0,26.0,0,199950
6703,2022-07-27 11:42:00+05:30,26.0,26.0,26.0,26.0,0,199950
6704,2022-07-27 11:43:00+05:30,26.0,26.0,26.0,26.0,0,199950
6705,2022-07-27 11:44:00+05:30,26.0,26.0,26.0,26.0,0,199950
6706,2022-07-27 11:45:00+05:30,26.0,26.0,26.0,26.0,0,199950
6707,2022-07-27 11:46:00+05:30,26.0,26.0,26.0,26.0,0,199950
6708,2022-07-27 11:47:00+05:30,26.0,26.0,26.0,26.0,0,199950
6709,2022-07-27 11:48:00+05:30,26.0,26.0,26.0,26.0,0,199950
6710,2022-07-27 11:49:00+05:30,26.0,26.0,26.0,26.0,0,199950
6711,2022-07-27 11:50:00+05:30,26.0,26.0,26.0,26.0,0,199950
6712,2022-07-27 11:51:00+05:30,26.0,26.0,26.0,26.0,0,199950
6713,2022-07-27 11:52:00+05:30,26.0,26.0,26.0,26.0,0,199950
6714,2022-07-27 11:53:00+05:30,26.0,26.0,26.0,26.0,0,199950
6715,2022-07-27 11:54:00+05:30,26.0,26.0,26.0,26.0,0,199950
6716,2022-07-27 11:55:00+05:30,26.0,26.0,26.0,26.0,0,199950
6717,2022-07-27 11:56:00+05:30,26.0,26.0,26.0,26.0,0,199950
6718,2022-07-27 11:57:00+05:30,26.0,26.0,26.0,26.0,0,199950
6719,2022-07-27 11:58:00+05:30,26.0,26.0,26.0,26.0,0,199950
6720,2022-07-27 11:59:00+05:30,26.0,26.0,26.0,26.0,0,199950
6721,2022-07-27 12:00:00+05:30,26.0,26.0,26.0,26.0,0,199950
6722,2022-07-27 12:01:00+05:30,26.0,26.0,26.0,26.0,0,199950
6723,2022-07-27 12:02:00+05:30,26.0,26.0,26.0,26.0,0,199950
6724,2022-07-27 12:03:00+05:30,26.0,26.0,26.0,26.0,0,199950
6725,2022-07-27 12:04:00+05:30,26.0,26.0,26.0,26.0,0,199950
6726,2022-07-27 12:05:00+05:30,26.0,26.0,26.0,26.0,0,199950
6727,2022-07-27 12:06:00+05:30,26.0,26.0,26.0,26.0,0,199950
6728,2022-07-27 12:07:00+05:30,26.0,26.0,26.0,26.0,0,199950
6729,2022-07-27 12:08:00+05:30,26.0,26.0,26.0,26.0,0,199950
6730,2022-07-27 12:09:00+05:30,26.0,26.0,26.0,26.0,0,199950
6731,2022-07-27 12:10:00+05:30,26.0,26.0,26.0,26.0,0,199950
6732,2022-07-27 12:11:00+05:30,26.0,26.0,26.0,26.0,0,199950
6733,2022-07-27 12:12:00+05:30,26.0,26.0,26.0,26.0,0,199950
6734,2022-07-27 12:13:00+05:30,26.0,26.0,26.0,26.0,0,199950
6735,2022-07-27 12:14:00+05:30,26.0,26.0,26.0,26.0,0,199950
6736,2022-07-27 12:15:00+05:30,26.0,29.8,26.0,29.8,0,198875
6737,2022-07-27 12:16:00+05:30,29.8,29.8,29.8,29.8,1075,198875
6738,2022-07-27 12:17:00+05:30,29.8,29.8,29.8,29.8,0,198875
6739,2022-07-27 12:18:00+05:30,29.8,29.8,29.8,29.8,0,198875
6740,2022-07-27 12:19:00+05:30,29.8,29.8,29.8,29.8,0,198875
6741,2022-07-27 12:20:00+05:30,29.8,29.8,29.8,29.8,0,198875
6742,2022-07-27 12:21:00+05:30,29.8,29.8,29.8,29.8,0,198875
6743,2022-07-27 12:22:00+05:30,29.8,29.8,29.8,29.8,0,198875
6744,2022-07-27 12:23:00+05:30,29.8,29.8,29.8,29.8,0,198875
6745,2022-07-27 12:24:00+05:30,29.8,29.8,29.8,29.8,0,198875
6746,2022-07-27 12:25:00+05:30,29.8,29.8,29.8,29.8,0,198875
6747,2022-07-27 12:26:00+05:30,29.8,29.8,29.8,29.8,0,198875
6748,2022-07-27 12:27:00+05:30,29.8,29.8,29.8,29.8,0,198875
6749,2022-07-27 12:28:00+05:30,29.8,29.8,29.8,29.8,0,198875
6750,2022-07-27 12:29:00+05:30,29.8,29.8,29.8,29.8,0,198875
6751,2022-07-27 12:30:00+05:30,29.8,29.8,29.8,29.8,0,198875
6752,2022-07-27 12:31:00+05:30,29.8,29.8,29.8,29.8,0,198875
6753,2022-07-27 12:32:00+05:30,29.8,29.8,29.8,29.8,0,198875
6754,2022-07-27 12:33:00+05:30,29.8,29.8,29.8,29.8,0,198875
6755,2022-07-27 12:34:00+05:30,29.8,29.8,29.8,29.8,0,198875
6756,2022-07-27 12:35:00+05:30,29.8,29.8,29.8,29.8,0,198875
6757,2022-07-27 12:36:00+05:30,29.8,29.8,29.8,29.8,0,198875
6758,2022-07-27 12:37:00+05:30,29.8,29.8,29.8,29.8,0,198875
6759,2022-07-27 12:38:00+05:30,29.8,29.8,29.8,29.8,0,198875
6760,2022-07-27 12:39:00+05:30,29.8,29.8,29.8,29.8,0,198875
6761,2022-07-27 12:40:00+05:30,29.8,29.8,29.8,29.8,0,198875
6762,2022-07-27 12:41:00+05:30,29.8,29.8,29.8,29.8,0,198875
6763,2022-07-27 12:42:00+05:30,29.8,29.8,29.8,29.8,0,198875
6764,2022-07-27 12:43:00+05:30,29.8,29.8,29.8,29.8,0,198875
6765,2022-07-27 12:44:00+05:30,29.8,29.8,29.8,29.8,0,198875
6766,2022-07-27 12:45:00+05:30,29.8,29.8,29.8,29.8,0,198875
6767,2022-07-27 12:46:00+05:30,29.8,29.8,29.8,29.8,0,198875
6768,2022-07-27 12:47:00+05:30,29.8,29.8,29.8,29.8,0,198875
6769,2022-07-27 12:48:00+05:30,29.8,29.8,29.8,29.8,0,198875
6770,2022-07-27 12:49:00+05:30,29.8,29.8,29.8,29.8,0,198875
6771,2022-07-27 12:50:00+05:30,29.8,29.8,29.8,29.8,0,198875
6772,2022-07-27 12:51:00+05:30,29.8,29.8,29.8,29.8,0,198875
6773,2022-07-27 12:52:00+05:30,29.8,29.8,29.8,29.8,0,198875
6774,2022-07-27 12:53:00+05:30,29.8,29.8,29.8,29.8,0,198875
6775,2022-07-27 12:54:00+05:30,29.8,29.8,29.8,29.8,0,198875
6776,2022-07-27 12:55:00+05:30,29.8,29.8,29.8,29.8,0,198875
6777,2022-07-27 12:56:00+05:30,29.8,29.8,29.8,29.8,0,198875
6778,2022-07-27 12:57:00+05:30,29.8,29.8,29.8,29.8,0,198875
6779,2022-07-27 12:58:00+05:30,29.8,29.8,29.8,29.8,0,198875
6780,2022-07-27 12:59:00+05:30,29.8,29.8,29.8,29.8,0,198875
6781,2022-07-27 13:00:00+05:30,29.8,29.8,29.8,29.8,0,198875
6782,2022-07-27 13:01:00+05:30,29.8,29.8,29.8,29.8,0,198875
6783,2022-07-27 13:02:00+05:30,29.8,29.8,29.8,29.8,0,198875
6784,2022-07-27 13:03:00+05:30,29.8,29.8,29.8,29.8,0,198875
6785,2022-07-27 13:04:00+05:30,29.8,29.8,29.8,29.8,0,198875
6786,2022-07-27 13:05:00+05:30,29.8,29.8,29.8,29.8,0,198875
6787,2022-07-27 13:06:00+05:30,29.8,29.8,29.8,29.8,0,198875
6788,2022-07-27 13:07:00+05:30,29.8,29.8,29.8,29.8,0,198875
6789,2022-07-27 13:08:00+05:30,29.8,29.8,29.8,29.8,0,198875
6790,2022-07-27 13:09:00+05:30,29.8,29.8,29.8,29.8,0,198875
6791,2022-07-27 13:10:00+05:30,29.8,29.8,29.8,29.8,0,198875
6792,2022-07-27 13:11:00+05:30,29.8,29.8,29.8,29.8,0,198875
6793,2022-07-27 13:12:00+05:30,29.8,29.8,29.8,29.8,0,198875
6794,2022-07-27 13:13:00+05:30,29.8,29.8,29.8,29.8,0,198875
6795,2022-07-27 13:14:00+05:30,29.8,29.8,29.8,29.8,0,198875
6796,2022-07-27 13:15:00+05:30,29.8,29.8,29.8,29.8,0,198875
6797,2022-07-27 13:16:00+05:30,29.8,29.8,29.8,29.8,0,198875
6798,2022-07-27 13:17:00+05:30,29.8,29.8,29.8,29.8,0,198875
6799,2022-07-27 13:18:00+05:30,29.8,29.8,29.8,29.8,0,198875
6800,2022-07-27 13:19:00+05:30,29.8,29.8,29.8,29.8,0,198875
6801,2022-07-27 13:20:00+05:30,29.8,29.8,29.8,29.8,0,198875
6802,2022-07-27 13:21:00+05:30,29.8,29.8,29.8,29.8,0,198875
6803,2022-07-27 13:22:00+05:30,29.8,29.8,29.8,29.8,0,198875
6804,2022-07-27 13:23:00+05:30,29.8,29.8,29.8,29.8,0,198875
6805,2022-07-27 13:24:00+05:30,29.8,29.8,29.8,29.8,0,198875
6806,2022-07-27 13:25:00+05:30,29.8,29.8,29.8,29.8,0,198875
6807,2022-07-27 13:26:00+05:30,29.8,29.8,29.8,29.8,0,198875
6808,2022-07-27 13:27:00+05:30,29.8,29.8,29.8,29.8,0,198875
6809,2022-07-27 13:28:00+05:30,29.8,29.8,29.8,29.8,0,198875
6810,2022-07-27 13:29:00+05:30,29.8,29.8,29.8,29.8,0,198875
6811,2022-07-27 13:30:00+05:30,29.8,29.8,29.8,29.8,0,198875
6812,2022-07-27 13:31:00+05:30,29.8,29.8,29.8,29.8,0,198875
6813,2022-07-27 13:32:00+05:30,29.8,29.8,29.8,29.8,0,198875
6814,2022-07-27 13:33:00+05:30,29.8,29.8,29.8,29.8,0,198875
6815,2022-07-27 13:34:00+05:30,29.8,29.8,29.8,29.8,0,198875
6816,2022-07-27 13:35:00+05:30,29.8,29.8,29.8,29.8,0,198875
6817,2022-07-27 13:36:00+05:30,29.8,29.8,29.8,29.8,0,198875
6818,2022-07-27 13:37:00+05:30,29.8,29.8,29.8,29.8,0,198875
6819,2022-07-27 13:38:00+05:30,29.8,29.8,29.8,29.8,0,198875
6820,2022-07-27 13:39:00+05:30,29.8,29.8,29.8,29.8,0,198875
6821,2022-07-27 13:40:00+05:30,29.8,29.8,29.8,29.8,0,198875
6822,2022-07-27 13:41:00+05:30,29.8,29.8,29.8,29.8,0,198875
6823,2022-07-27 13:42:00+05:30,29.8,31.6,29.8,31.6,0,198875
6824,2022-07-27 13:43:00+05:30,31.6,31.6,31.6,31.6,1075,198875
6825,2022-07-27 13:44:00+05:30,31.6,31.6,31.6,31.6,0,198875
6826,2022-07-27 13:45:00+05:30,31.6,31.6,31.6,31.6,0,198875
6827,2022-07-27 13:46:00+05:30,31.6,31.75,31.6,31.75,1075,198875
6828,2022-07-27 13:47:00+05:30,31.75,31.75,31.75,31.75,0,198875
6829,2022-07-27 13:48:00+05:30,31.75,31.75,31.75,31.75,0,198875
6830,2022-07-27 13:49:00+05:30,31.75,31.75,31.75,31.75,0,198875
6831,2022-07-27 13:50:00+05:30,31.75,31.75,31.75,31.75,0,198875
6832,2022-07-27 13:51:00+05:30,31.75,31.75,31.75,31.75,0,198875
6833,2022-07-27 13:52:00+05:30,31.75,31.75,31.75,31.75,0,198875
6834,2022-07-27 13:53:00+05:30,31.75,31.75,31.75,31.75,0,198875
6835,2022-07-27 13:54:00+05:30,31.75,31.75,31.75,31.75,0,198875
6836,2022-07-27 13:55:00+05:30,31.75,31.75,31.75,31.75,0,198875
6837,2022-07-27 13:56:00+05:30,31.75,31.75,31.75,31.75,0,198875
6838,2022-07-27 13:57:00+05:30,31.75,31.75,31.75,31.75,0,198875
6839,2022-07-27 13:58:00+05:30,31.75,31.75,31.75,31.75,0,198875
6840,2022-07-27 13:59:00+05:30,31.75,31.75,31.75,31.75,0,198875
6841,2022-07-27 14:00:00+05:30,31.75,31.75,31.75,31.75,0,198875
6842,2022-07-27 14:01:00+05:30,31.75,31.75,31.75,31.75,0,198875
6843,2022-07-27 14:02:00+05:30,31.75,31.75,31.75,31.75,0,198875
6844,2022-07-27 14:03:00+05:30,31.75,32.1,31.75,32.1,1075,197800
6845,2022-07-27 14:04:00+05:30,32.1,32.1,32.1,32.1,0,197800
6846,2022-07-27 14:05:00+05:30,32.1,32.1,32.1,32.1,0,197800
6847,2022-07-27 14:06:00+05:30,32.1,32.1,32.1,32.1,0,197800
6848,2022-07-27 14:07:00+05:30,32.1,32.1,32.1,32.1,0,197800
6849,2022-07-27 14:08:00+05:30,32.1,32.1,32.1,32.1,0,197800
6850,2022-07-27 14:09:00+05:30,32.1,32.1,32.1,32.1,0,197800
6851,2022-07-27 14:10:00+05:30,32.1,32.1,32.1,32.1,0,197800
6852,2022-07-27 14:11:00+05:30,32.1,32.1,32.1,32.1,0,197800
6853,2022-07-27 14:12:00+05:30,32.1,32.1,32.1,32.1,0,197800
6854,2022-07-27 14:13:00+05:30,32.1,32.1,32.1,32.1,0,197800
6855,2022-07-27 14:14:00+05:30,32.1,32.1,32.1,32.1,0,197800
6856,2022-07-27 14:15:00+05:30,32.1,32.1,32.1,32.1,0,197800
6857,2022-07-27 14:16:00+05:30,32.1,32.1,32.1,32.1,0,197800
6858,2022-07-27 14:17:00+05:30,32.1,32.1,32.1,32.1,0,197800
6859,2022-07-27 14:18:00+05:30,32.1,32.1,32.1,32.1,0,197800
6860,2022-07-27 14:19:00+05:30,32.1,32.1,32.1,32.1,0,197800
6861,2022-07-27 14:20:00+05:30,32.1,32.1,32.1,32.1,0,197800
6862,2022-07-27 14:21:00+05:30,32.1,32.1,32.1,32.1,0,197800
6863,2022-07-27 14:22:00+05:30,32.1,32.1,32.1,32.1,0,197800
6864,2022-07-27 14:23:00+05:30,32.1,32.1,32.1,32.1,0,197800
6865,2022-07-27 14:24:00+05:30,32.1,32.1,32.1,32.1,0,197800
6866,2022-07-27 14:25:00+05:30,32.1,32.1,32.1,32.1,0,197800
6867,2022-07-27 14:26:00+05:30,32.1,32.1,32.1,32.1,0,197800
6868,2022-07-27 14:27:00+05:30,32.1,32.1,32.1,32.1,0,197800
6869,2022-07-27 14:28:00+05:30,32.1,32.1,32.1,32.1,0,197800
6870,2022-07-27 14:29:00+05:30,32.1,32.1,32.1,32.1,0,197800
6871,2022-07-27 14:30:00+05:30,32.1,32.1,32.1,32.1,0,197800
6872,2022-07-27 14:31:00+05:30,32.1,32.1,32.1,32.1,0,197800
6873,2022-07-27 14:32:00+05:30,32.1,32.1,32.1,32.1,0,197800
6874,2022-07-27 14:33:00+05:30,32.1,32.1,32.1,32.1,0,197800
6875,2022-07-27 14:34:00+05:30,32.1,32.1,32.1,32.1,0,197800
6876,2022-07-27 14:35:00+05:30,32.1,32.1,32.1,32.1,0,197800
6877,2022-07-27 14:36:00+05:30,32.1,32.1,32.1,32.1,0,197800
6878,2022-07-27 14:37:00+05:30,32.1,32.1,32.1,32.1,0,197800
6879,2022-07-27 14:38:00+05:30,32.1,32.1,32.1,32.1,0,197800
6880,2022-07-27 14:39:00+05:30,32.1,32.1,32.1,32.1,0,197800
6881,2022-07-27 14:40:00+05:30,32.1,32.1,32.1,32.1,0,197800
6882,2022-07-27 14:41:00+05:30,32.1,32.1,32.1,32.1,0,197800
6883,2022-07-27 14:42:00+05:30,32.1,32.1,32.1,32.1,0,197800
6884,2022-07-27 14:43:00+05:30,32.1,32.1,32.1,32.1,0,197800
6885,2022-07-27 14:44:00+05:30,32.1,32.1,32.1,32.1,0,197800
6886,2022-07-27 14:45:00+05:30,32.1,32.1,32.1,32.1,0,197800
6887,2022-07-27 14:46:00+05:30,32.1,32.1,32.1,32.1,0,197800
6888,2022-07-27 14:47:00+05:30,32.1,32.1,32.1,32.1,0,197800
6889,2022-07-27 14:48:00+05:30,32.1,32.1,32.1,32.1,0,197800
6890,2022-07-27 14:49:00+05:30,32.1,32.1,32.1,32.1,0,197800
6891,2022-07-27 14:50:00+05:30,32.1,32.1,32.1,32.1,0,197800
6892,2022-07-27 14:51:00+05:30,32.1,32.1,32.1,32.1,0,197800
6893,2022-07-27 14:52:00+05:30,32.1,32.1,32.1,32.1,0,197800
6894,2022-07-27 14:53:00+05:30,32.1,32.1,32.1,32.1,0,197800
6895,2022-07-27 14:54:00+05:30,32.1,32.1,32.1,32.1,0,197800
6896,2022-07-27 14:55:00+05:30,32.1,32.1,32.1,32.1,0,197800
6897,2022-07-27 14:56:00+05:30,32.1,32.1,32.1,32.1,0,197800
6898,2022-07-27 14:57:00+05:30,32.1,32.1,32.1,32.1,0,197800
6899,2022-07-27 14:58:00+05:30,32.1,32.1,32.1,32.1,0,197800
6900,2022-07-27 14:59:00+05:30,32.1,32.1,32.1,32.1,0,197800
6901,2022-07-27 15:00:00+05:30,32.1,32.1,32.1,32.1,0,197800
6902,2022-07-27 15:01:00+05:30,32.1,32.1,32.1,32.1,0,197800
6903,2022-07-27 15:02:00+05:30,32.1,32.1,32.1,32.1,0,197800
6904,2022-07-27 15:03:00+05:30,32.1,32.1,32.1,32.1,0,197800
6905,2022-07-27 15:04:00+05:30,32.1,32.1,32.1,32.1,0,197800
6906,2022-07-27 15:05:00+05:30,32.1,32.1,32.1,32.1,0,197800
6907,2022-07-27 15:06:00+05:30,32.1,32.1,32.1,32.1,0,197800
6908,2022-07-27 15:07:00+05:30,32.1,32.1,32.1,32.1,0,197800
6909,2022-07-27 15:08:00+05:30,32.1,32.1,32.1,32.1,0,197800
6910,2022-07-27 15:09:00+05:30,32.1,32.1,32.1,32.1,0,197800
6911,2022-07-27 15:10:00+05:30,32.1,32.1,32.1,32.1,0,197800
6912,2022-07-27 15:11:00+05:30,32.1,32.1,32.1,32.1,0,197800
6913,2022-07-27 15:12:00+05:30,32.1,32.1,32.1,32.1,0,197800
6914,2022-07-27 15:13:00+05:30,32.1,32.1,32.1,32.1,0,197800
6915,2022-07-27 15:14:00+05:30,32.1,32.1,32.1,32.1,0,197800
6916,2022-07-27 15:15:00+05:30,32.1,32.1,32.1,32.1,0,197800
6917,2022-07-27 15:16:00+05:30,32.1,32.1,32.1,32.1,0,197800
6918,2022-07-27 15:17:00+05:30,32.1,32.1,32.1,32.1,0,197800
6919,2022-07-27 15:18:00+05:30,32.1,32.1,32.1,32.1,0,197800
6920,2022-07-27 15:19:00+05:30,32.1,32.1,32.1,32.1,0,197800
6921,2022-07-27 15:20:00+05:30,32.1,32.1,32.1,32.1,0,197800
6922,2022-07-27 15:21:00+05:30,32.1,32.1,32.1,32.1,0,197800
6923,2022-07-27 15:22:00+05:30,32.1,32.1,32.1,32.1,0,197800
6924,2022-07-27 15:23:00+05:30,32.1,32.1,32.1,32.1,0,197800
6925,2022-07-27 15:24:00+05:30,32.1,32.1,32.1,32.1,0,197800
6926,2022-07-27 15:25:00+05:30,32.1,32.1,32.1,32.1,0,197800
6927,2022-07-27 15:26:00+05:30,32.1,32.1,32.1,32.1,0,197800
6928,2022-07-27 15:27:00+05:30,32.1,32.1,32.1,32.1,0,197800
6929,2022-07-27 15:28:00+05:30,32.1,32.1,32.1,32.1,0,197800
6930,2022-07-27 15:29:00+05:30,32.1,32.1,32.1,32.1,0,197800
6931,2022-07-28 09:36:00+05:30,31.9,31.9,30.8,30.8,1075,196725
6932,2022-07-28 09:37:00+05:30,30.8,31.35,30.8,31.35,1075,196725
6933,2022-07-28 09:38:00+05:30,31.35,31.35,31.35,31.35,0,196725
6934,2022-07-28 09:39:00+05:30,31.35,31.35,31.35,31.35,0,196725
6935,2022-07-28 09:40:00+05:30,31.35,31.35,31.35,31.35,0,196725
6936,2022-07-28 09:41:00+05:30,31.35,31.35,31.35,31.35,0,196725
6937,2022-07-28 09:42:00+05:30,31.35,31.35,31.35,31.35,0,196725
6938,2022-07-28 09:43:00+05:30,31.35,31.35,31.35,31.35,0,196725
6939,2022-07-28 09:44:00+05:30,31.35,31.35,31.35,31.35,0,196725
6940,2022-07-28 09:45:00+05:30,31.35,31.35,31.35,31.35,0,196725
6941,2022-07-28 09:46:00+05:30,31.35,31.35,31.35,31.35,0,196725
6942,2022-07-28 09:47:00+05:30,31.35,32.65,31.35,32.65,1075,196725
6943,2022-07-28 09:48:00+05:30,32.65,32.65,32.65,32.65,0,196725
6944,2022-07-28 09:49:00+05:30,32.65,32.65,32.65,32.65,0,196725
6945,2022-07-28 09:50:00+05:30,32.65,32.65,32.65,32.65,0,196725
6946,2022-07-28 09:51:00+05:30,32.65,32.65,32.65,32.65,0,196725
6947,2022-07-28 09:52:00+05:30,32.65,32.65,32.65,32.65,0,196725
6948,2022-07-28 09:53:00+05:30,32.65,32.65,32.65,32.65,0,196725
6949,2022-07-28 09:54:00+05:30,32.65,32.65,32.65,32.65,0,196725
6950,2022-07-28 09:55:00+05:30,32.65,32.65,32.65,32.65,0,196725
6951,2022-07-28 09:56:00+05:30,32.65,32.65,32.65,32.65,0,196725
6952,2022-07-28 09:57:00+05:30,32.65,32.65,32.65,32.65,0,196725
6953,2022-07-28 09:58:00+05:30,32.65,32.65,32.65,32.65,0,196725
6954,2022-07-28 09:59:00+05:30,32.65,32.65,32.65,32.65,0,196725
6955,2022-07-28 10:00:00+05:30,32.65,32.65,32.65,32.65,0,196725
6956,2022-07-28 10:01:00+05:30,32.65,32.65,32.65,32.65,0,196725
6957,2022-07-28 10:02:00+05:30,32.65,32.65,32.65,32.65,0,196725
6958,2022-07-28 10:03:00+05:30,32.65,32.65,32.65,32.65,0,196725
6959,2022-07-28 10:04:00+05:30,32.65,32.65,32.65,32.65,0,196725
6960,2022-07-28 10:05:00+05:30,32.65,32.65,32.65,32.65,0,196725
6961,2022-07-28 10:06:00+05:30,32.65,32.65,32.25,32.25,1075,195650
6962,2022-07-28 10:07:00+05:30,32.25,32.25,32.25,32.25,0,195650
6963,2022-07-28 10:08:00+05:30,32.25,32.25,32.25,32.25,0,195650
6964,2022-07-28 10:09:00+05:30,32.25,32.25,32.25,32.25,0,195650
6965,2022-07-28 10:10:00+05:30,32.25,32.25,32.25,32.25,0,195650
6966,2022-07-28 10:11:00+05:30,32.25,32.25,32.25,32.25,0,195650
6967,2022-07-28 10:12:00+05:30,32.25,32.25,32.25,32.25,0,195650
6968,2022-07-28 10:13:00+05:30,32.25,32.25,32.25,32.25,0,195650
6969,2022-07-28 10:14:00+05:30,32.25,32.25,32.25,32.25,0,195650
6970,2022-07-28 10:15:00+05:30,32.25,32.25,32.25,32.25,0,195650
6971,2022-07-28 10:16:00+05:30,32.25,32.85,32.25,32.85,3225,194575
6972,2022-07-28 10:17:00+05:30,32.85,33.5,32.85,33.5,1075,194575
6973,2022-07-28 10:18:00+05:30,33.5,33.5,33.5,33.5,0,194575
6974,2022-07-28 10:19:00+05:30,33.5,33.5,33.5,33.5,0,194575
6975,2022-07-28 10:20:00+05:30,33.5,33.5,33.5,33.5,0,194575
6976,2022-07-28 10:21:00+05:30,33.5,33.5,33.5,33.5,0,194575
6977,2022-07-28 10:22:00+05:30,33.5,33.5,33.5,33.5,0,194575
6978,2022-07-28 10:23:00+05:30,33.5,33.5,33.5,33.5,0,194575
6979,2022-07-28 10:24:00+05:30,33.5,33.5,33.5,33.5,0,194575
6980,2022-07-28 10:25:00+05:30,33.5,33.5,33.5,33.5,0,194575
6981,2022-07-28 10:26:00+05:30,33.5,33.5,33.5,33.5,0,194575
6982,2022-07-28 10:27:00+05:30,33.5,33.5,33.5,33.5,0,194575
6983,2022-07-28 10:28:00+05:30,33.5,33.5,33.5,33.5,0,194575
6984,2022-07-28 10:29:00+05:30,33.5,33.5,33.5,33.5,0,194575
6985,2022-07-28 10:30:00+05:30,33.5,33.5,33.5,33.5,0,194575
6986,2022-07-28 10:31:00+05:30,33.5,33.5,33.5,33.5,0,194575
6987,2022-07-28 10:32:00+05:30,33.5,33.5,33.5,33.5,0,194575
6988,2022-07-28 10:33:00+05:30,33.5,33.5,33.5,33.5,0,194575
6989,2022-07-28 10:34:00+05:30,33.5,33.5,33.5,33.5,0,194575
6990,2022-07-28 10:35:00+05:30,33.5,33.5,33.5,33.5,0,194575
6991,2022-07-28 10:36:00+05:30,33.5,33.5,33.5,33.5,0,194575
6992,2022-07-28 10:37:00+05:30,33.5,33.5,33.5,33.5,0,194575
6993,2022-07-28 10:38:00+05:30,33.5,33.5,33.5,33.5,0,194575
6994,2022-07-28 10:39:00+05:30,33.5,33.5,33.5,33.5,0,194575
6995,2022-07-28 10:40:00+05:30,33.5,33.5,33.5,33.5,0,194575
6996,2022-07-28 10:41:00+05:30,33.5,33.5,33.5,33.5,0,194575
6997,2022-07-28 10:42:00+05:30,33.5,33.5,33.5,33.5,0,194575
6998,2022-07-28 10:43:00+05:30,33.5,33.5,33.5,33.5,0,194575
6999,2022-07-28 10:44:00+05:30,33.5,33.5,33.5,33.5,0,194575
7000,2022-07-28 10:45:00+05:30,33.5,33.5,33.5,33.5,0,194575
7001,2022-07-28 10:46:00+05:30,33.5,34.5,33.5,34.5,1075,190275
7002,2022-07-28 10:47:00+05:30,34.5,34.5,34.5,34.5,0,190275
7003,2022-07-28 10:48:00+05:30,34.5,34.5,34.5,34.5,0,190275
7004,2022-07-28 10:49:00+05:30,34.5,34.5,34.5,34.5,0,190275
7005,2022-07-28 10:50:00+05:30,34.5,34.8,34.5,34.8,1075,189200
7006,2022-07-28 10:51:00+05:30,34.8,34.8,34.8,34.8,0,189200
7007,2022-07-28 10:52:00+05:30,34.8,34.8,34.8,34.8,0,189200
7008,2022-07-28 10:53:00+05:30,34.8,34.8,34.8,34.8,0,189200
7009,2022-07-28 10:54:00+05:30,34.8,34.8,34.8,34.8,0,189200
7010,2022-07-28 10:55:00+05:30,34.8,34.8,34.8,34.8,0,189200
7011,2022-07-28 10:56:00+05:30,34.8,34.8,34.8,34.8,0,189200
7012,2022-07-28 10:57:00+05:30,34.8,34.8,34.8,34.8,0,189200
7013,2022-07-28 10:58:00+05:30,34.8,34.8,34.8,34.8,0,189200
7014,2022-07-28 10:59:00+05:30,34.8,34.8,34.8,34.8,0,189200
7015,2022-07-28 11:00:00+05:30,34.8,34.8,34.8,34.8,0,189200
7016,2022-07-28 11:01:00+05:30,34.8,34.8,34.8,34.8,0,189200
7017,2022-07-28 11:02:00+05:30,34.8,34.8,34.8,34.8,0,189200
7018,2022-07-28 11:03:00+05:30,34.8,34.8,34.8,34.8,0,189200
7019,2022-07-28 11:04:00+05:30,34.8,34.8,34.8,34.8,0,189200
7020,2022-07-28 11:05:00+05:30,34.8,34.8,34.8,34.8,0,189200
7021,2022-07-28 11:06:00+05:30,34.8,34.8,34.8,34.8,0,189200
7022,2022-07-28 11:07:00+05:30,34.8,34.8,34.8,34.8,0,189200
7023,2022-07-28 11:08:00+05:30,34.8,34.8,34.8,34.8,0,189200
7024,2022-07-28 11:09:00+05:30,34.8,34.8,34.8,34.8,0,189200
7025,2022-07-28 11:10:00+05:30,34.8,34.8,34.8,34.8,0,189200
7026,2022-07-28 11:11:00+05:30,34.8,34.8,34.8,34.8,0,189200
7027,2022-07-28 11:12:00+05:30,34.8,34.8,34.8,34.8,0,189200
7028,2022-07-28 11:13:00+05:30,34.8,34.8,34.8,34.8,0,189200
7029,2022-07-28 11:14:00+05:30,34.8,34.8,34.8,34.8,0,189200
7030,2022-07-28 11:15:00+05:30,34.8,34.8,34.8,34.8,0,189200
7031,2022-07-28 11:16:00+05:30,34.8,34.8,34.8,34.8,0,189200
7032,2022-07-28 11:17:00+05:30,34.8,34.8,34.8,34.8,0,189200
7033,2022-07-28 11:18:00+05:30,34.8,34.8,34.8,34.8,0,189200
7034,2022-07-28 11:19:00+05:30,34.8,34.8,34.8,34.8,0,189200
7035,2022-07-28 11:20:00+05:30,34.8,34.8,34.8,34.8,0,189200
7036,2022-07-28 11:21:00+05:30,34.8,34.8,34.8,34.8,0,189200
7037,2022-07-28 11:22:00+05:30,34.8,34.8,34.8,34.8,0,189200
7038,2022-07-28 11:23:00+05:30,34.8,34.8,34.8,34.8,0,189200
7039,2022-07-28 11:24:00+05:30,34.8,34.8,34.8,34.8,0,189200
7040,2022-07-28 11:25:00+05:30,34.8,34.8,34.8,34.8,0,189200
7041,2022-07-28 11:26:00+05:30,34.8,34.8,34.8,34.8,0,189200
7042,2022-07-28 11:27:00+05:30,34.8,34.8,34.8,34.8,0,189200
7043,2022-07-28 11:28:00+05:30,34.8,34.8,34.8,34.8,0,189200
7044,2022-07-28 11:29:00+05:30,34.8,34.8,34.8,34.8,0,189200
7045,2022-07-28 11:30:00+05:30,34.8,34.8,34.8,34.8,0,189200
7046,2022-07-28 11:31:00+05:30,34.8,34.8,34.8,34.8,0,189200
7047,2022-07-28 11:32:00+05:30,34.8,34.8,34.8,34.8,0,189200
7048,2022-07-28 11:33:00+05:30,34.8,34.8,34.8,34.8,0,189200
7049,2022-07-28 11:34:00+05:30,34.8,34.8,34.8,34.8,0,189200
7050,2022-07-28 11:35:00+05:30,34.8,35.75,34.8,35.75,0,188125
7051,2022-07-28 11:36:00+05:30,35.75,35.75,35.75,35.75,1075,188125
7052,2022-07-28 11:37:00+05:30,35.75,35.75,35.75,35.75,0,188125
7053,2022-07-28 11:38:00+05:30,35.75,35.75,35.75,35.75,0,188125
7054,2022-07-28 11:39:00+05:30,35.75,37.45,35.75,37.45,3225,187050
7055,2022-07-28 11:40:00+05:30,37.45,37.45,37.45,37.45,0,187050
7056,2022-07-28 11:41:00+05:30,37.45,37.45,37.45,37.45,0,187050
7057,2022-07-28 11:42:00+05:30,37.45,37.45,37.45,37.45,0,187050
7058,2022-07-28 11:43:00+05:30,37.45,37.45,37.45,37.45,0,187050
7059,2022-07-28 11:44:00+05:30,37.45,37.45,37.45,37.45,0,187050
7060,2022-07-28 11:45:00+05:30,37.45,37.45,37.45,37.45,0,187050
7061,2022-07-28 11:46:00+05:30,37.45,37.45,37.45,37.45,0,187050
7062,2022-07-28 11:47:00+05:30,37.45,37.45,37.45,37.45,0,187050
7063,2022-07-28 11:48:00+05:30,37.45,37.45,37.45,37.45,0,187050
7064,2022-07-28 11:49:00+05:30,37.45,37.45,37.45,37.45,0,187050
7065,2022-07-28 11:50:00+05:30,37.45,37.45,37.45,37.45,0,187050
7066,2022-07-28 11:51:00+05:30,37.45,37.45,37.45,37.45,0,187050
7067,2022-07-28 11:52:00+05:30,37.45,37.45,37.45,37.45,0,187050
7068,2022-07-28 11:53:00+05:30,37.45,37.45,37.45,37.45,0,187050
7069,2022-07-28 11:54:00+05:30,37.45,37.45,37.45,37.45,0,187050
7070,2022-07-28 11:55:00+05:30,37.45,37.45,37.45,37.45,0,187050
7071,2022-07-28 11:56:00+05:30,37.45,37.45,37.45,37.45,0,187050
7072,2022-07-28 11:57:00+05:30,37.45,37.45,37.45,37.45,0,187050
7073,2022-07-28 11:58:00+05:30,37.45,37.45,37.45,37.45,0,187050
7074,2022-07-28 11:59:00+05:30,37.45,37.45,37.45,37.45,0,187050
7075,2022-07-28 12:00:00+05:30,37.45,37.45,37.45,37.45,0,187050
7076,2022-07-28 12:01:00+05:30,37.45,37.45,37.45,37.45,0,187050
7077,2022-07-28 12:02:00+05:30,37.45,37.45,37.45,37.45,0,187050
7078,2022-07-28 12:03:00+05:30,37.45,37.45,37.45,37.45,0,187050
7079,2022-07-28 12:04:00+05:30,37.45,37.45,37.45,37.45,0,187050
7080,2022-07-28 12:05:00+05:30,37.45,37.45,37.45,37.45,0,187050
7081,2022-07-28 12:06:00+05:30,37.45,37.45,37.45,37.45,0,187050
7082,2022-07-28 12:07:00+05:30,37.45,37.45,37.45,37.45,0,187050
7083,2022-07-28 12:08:00+05:30,37.45,37.45,37.45,37.45,0,187050
7084,2022-07-28 12:09:00+05:30,37.45,37.45,37.45,37.45,0,187050
7085,2022-07-28 12:10:00+05:30,37.45,37.45,37.45,37.45,0,187050
7086,2022-07-28 12:11:00+05:30,37.45,37.45,37.45,37.45,0,187050
7087,2022-07-28 12:12:00+05:30,37.45,37.45,37.45,37.45,0,187050
7088,2022-07-28 12:13:00+05:30,37.45,37.45,37.45,37.45,0,187050
7089,2022-07-28 12:14:00+05:30,37.45,37.45,37.45,37.45,0,187050
7090,2022-07-28 12:15:00+05:30,37.45,37.45,37.45,37.45,0,187050
7091,2022-07-28 12:16:00+05:30,37.45,37.45,37.45,37.45,0,187050
7092,2022-07-28 12:17:00+05:30,37.45,37.45,37.45,37.45,0,187050
7093,2022-07-28 12:18:00+05:30,37.45,37.6,37.45,37.6,1075,183825
7094,2022-07-28 12:19:00+05:30,37.6,37.6,37.6,37.6,0,183825
7095,2022-07-28 12:20:00+05:30,37.6,37.6,37.6,37.6,0,183825
7096,2022-07-28 12:21:00+05:30,37.6,37.6,37.6,37.6,0,183825
7097,2022-07-28 12:22:00+05:30,37.6,37.6,37.6,37.6,0,183825
7098,2022-07-28 12:23:00+05:30,37.6,37.6,37.6,37.6,0,183825
7099,2022-07-28 12:24:00+05:30,37.6,37.6,37.6,37.6,0,183825
7100,2022-07-28 12:25:00+05:30,37.6,37.6,37.6,37.6,0,183825
7101,2022-07-28 12:26:00+05:30,37.6,37.6,37.6,37.6,0,183825
7102,2022-07-28 12:27:00+05:30,37.6,37.6,37.6,37.6,0,183825
7103,2022-07-28 12:28:00+05:30,37.6,37.6,37.6,37.6,0,183825
7104,2022-07-28 12:29:00+05:30,37.6,37.6,37.6,37.6,0,183825
7105,2022-07-28 12:30:00+05:30,37.6,37.6,37.6,37.6,0,183825
7106,2022-07-28 12:31:00+05:30,37.6,37.6,37.6,37.6,0,183825
7107,2022-07-28 12:32:00+05:30,37.6,37.6,37.6,37.6,0,183825
7108,2022-07-28 12:33:00+05:30,37.6,37.6,37.6,37.6,0,183825
7109,2022-07-28 12:34:00+05:30,37.6,37.6,37.6,37.6,0,183825
7110,2022-07-28 12:35:00+05:30,37.6,37.6,37.6,37.6,0,183825
7111,2022-07-28 12:36:00+05:30,37.6,37.6,37.6,37.6,0,183825
7112,2022-07-28 12:37:00+05:30,37.6,37.6,37.6,37.6,0,183825
7113,2022-07-28 12:38:00+05:30,37.6,37.6,37.6,37.6,0,183825
7114,2022-07-28 12:39:00+05:30,37.6,37.6,37.6,37.6,0,183825
7115,2022-07-28 12:40:00+05:30,37.6,37.6,37.6,37.6,0,183825
7116,2022-07-28 12:41:00+05:30,37.6,37.6,37.6,37.6,0,183825
7117,2022-07-28 12:42:00+05:30,37.6,37.6,37.6,37.6,0,183825
7118,2022-07-28 12:43:00+05:30,37.6,37.6,37.6,37.6,0,183825
7119,2022-07-28 12:44:00+05:30,37.6,37.6,37.6,37.6,0,183825
7120,2022-07-28 12:45:00+05:30,37.6,37.6,37.6,37.6,0,183825
7121,2022-07-28 12:46:00+05:30,37.6,37.6,37.6,37.6,0,183825
7122,2022-07-28 12:47:00+05:30,37.6,37.6,37.6,37.6,0,183825
7123,2022-07-28 12:48:00+05:30,37.6,37.6,37.6,37.6,0,183825
7124,2022-07-28 12:49:00+05:30,37.6,37.6,37.6,37.6,0,183825
7125,2022-07-28 12:50:00+05:30,37.6,37.6,37.6,37.6,0,183825
7126,2022-07-28 12:51:00+05:30,37.6,37.6,37.6,37.6,0,183825
7127,2022-07-28 12:52:00+05:30,37.6,37.6,37.6,37.6,0,183825
7128,2022-07-28 12:53:00+05:30,37.6,37.6,37.6,37.6,0,183825
7129,2022-07-28 12:54:00+05:30,37.6,37.6,37.6,37.6,0,183825
7130,2022-07-28 12:55:00+05:30,37.6,37.6,37.6,37.6,0,183825
7131,2022-07-28 12:56:00+05:30,37.6,37.6,37.6,37.6,0,183825
7132,2022-07-28 12:57:00+05:30,37.6,37.6,37.6,37.6,0,183825
7133,2022-07-28 12:58:00+05:30,37.6,37.6,37.6,37.6,0,183825
7134,2022-07-28 12:59:00+05:30,37.6,37.6,37.6,37.6,0,183825
7135,2022-07-28 13:00:00+05:30,37.6,37.6,37.6,37.6,0,183825
7136,2022-07-28 13:01:00+05:30,37.6,37.6,37.6,37.6,0,183825
7137,2022-07-28 13:02:00+05:30,37.6,37.6,37.6,37.6,0,183825
7138,2022-07-28 13:03:00+05:30,37.6,37.6,37.6,37.6,0,183825
7139,2022-07-28 13:04:00+05:30,37.6,37.6,37.6,37.6,0,183825
7140,2022-07-28 13:05:00+05:30,37.6,37.6,37.6,37.6,0,183825
7141,2022-07-28 13:06:00+05:30,37.6,37.6,37.6,37.6,0,183825
7142,2022-07-28 13:07:00+05:30,37.6,37.6,37.6,37.6,0,183825
7143,2022-07-28 13:08:00+05:30,37.6,37.6,37.6,37.6,0,183825
7144,2022-07-28 13:09:00+05:30,37.6,37.6,37.6,37.6,0,183825
7145,2022-07-28 13:10:00+05:30,37.6,37.6,37.6,37.6,0,183825
7146,2022-07-28 13:11:00+05:30,37.6,37.6,37.6,37.6,0,183825
7147,2022-07-28 13:12:00+05:30,37.6,37.6,37.6,37.6,0,183825
7148,2022-07-28 13:13:00+05:30,37.6,37.6,37.6,37.6,0,183825
7149,2022-07-28 13:14:00+05:30,37.6,37.6,37.6,37.6,0,183825
7150,2022-07-28 13:15:00+05:30,37.6,37.6,37.6,37.6,0,183825
7151,2022-07-28 13:16:00+05:30,37.6,37.6,37.6,37.6,0,183825
7152,2022-07-28 13:17:00+05:30,37.6,37.6,37.6,37.6,0,183825
7153,2022-07-28 13:18:00+05:30,37.6,37.6,37.6,37.6,0,183825
7154,2022-07-28 13:19:00+05:30,37.6,37.6,37.6,37.6,0,183825
7155,2022-07-28 13:20:00+05:30,37.6,37.6,37.6,37.6,0,183825
7156,2022-07-28 13:21:00+05:30,37.6,37.6,37.6,37.6,0,183825
7157,2022-07-28 13:22:00+05:30,37.6,37.6,37.6,37.6,0,183825
7158,2022-07-28 13:23:00+05:30,37.6,37.6,37.6,37.6,0,183825
7159,2022-07-28 13:24:00+05:30,37.6,37.6,37.6,37.6,0,183825
7160,2022-07-28 13:25:00+05:30,37.6,37.6,37.6,37.6,0,183825
7161,2022-07-28 13:26:00+05:30,37.6,37.6,37.6,37.6,0,183825
7162,2022-07-28 13:27:00+05:30,37.6,37.6,37.6,37.6,0,183825
7163,2022-07-28 13:28:00+05:30,37.6,37.6,37.6,37.6,0,183825
7164,2022-07-28 13:29:00+05:30,37.6,37.6,37.6,37.6,0,183825
7165,2022-07-28 13:30:00+05:30,37.6,37.6,37.6,37.6,0,183825
7166,2022-07-28 13:31:00+05:30,37.6,37.6,37.6,37.6,0,183825
7167,2022-07-28 13:32:00+05:30,37.6,37.6,37.6,37.6,0,183825
7168,2022-07-28 13:33:00+05:30,37.6,37.6,37.6,37.6,0,183825
7169,2022-07-28 13:34:00+05:30,37.6,37.6,37.6,37.6,0,183825
7170,2022-07-28 13:35:00+05:30,37.6,37.6,37.6,37.6,0,183825
7171,2022-07-28 13:36:00+05:30,37.6,37.6,37.6,37.6,0,183825
7172,2022-07-28 13:37:00+05:30,37.6,37.6,37.6,37.6,0,183825
7173,2022-07-28 13:38:00+05:30,37.6,37.6,37.6,37.6,0,183825
7174,2022-07-28 13:39:00+05:30,37.6,37.6,36.1,36.1,1075,183825
7175,2022-07-28 13:40:00+05:30,36.1,36.1,36.1,36.1,0,183825
7176,2022-07-28 13:41:00+05:30,36.1,36.1,36.1,36.1,0,183825
7177,2022-07-28 13:42:00+05:30,36.1,36.1,36.1,36.1,0,183825
7178,2022-07-28 13:43:00+05:30,36.1,36.1,36.1,36.1,0,183825
7179,2022-07-28 13:44:00+05:30,36.1,36.1,36.1,36.1,0,183825
7180,2022-07-28 13:45:00+05:30,36.1,36.1,36.1,36.1,0,183825
7181,2022-07-28 13:46:00+05:30,36.1,36.1,36.1,36.1,0,183825
7182,2022-07-28 13:47:00+05:30,36.1,36.1,36.1,36.1,0,183825
7183,2022-07-28 13:48:00+05:30,36.1,36.1,36.1,36.1,0,183825
7184,2022-07-28 13:49:00+05:30,36.1,36.1,36.1,36.1,0,183825
7185,2022-07-28 13:50:00+05:30,36.1,36.1,36.1,36.1,0,183825
7186,2022-07-28 13:51:00+05:30,36.1,36.1,36.1,36.1,0,183825
7187,2022-07-28 13:52:00+05:30,36.1,36.1,36.1,36.1,0,183825
7188,2022-07-28 13:53:00+05:30,36.1,36.1,36.1,36.1,0,183825
7189,2022-07-28 13:54:00+05:30,36.1,36.1,36.1,36.1,0,183825
7190,2022-07-28 13:55:00+05:30,36.1,36.1,36.1,36.1,0,183825
7191,2022-07-28 13:56:00+05:30,36.1,36.1,36.1,36.1,0,183825
7192,2022-07-28 13:57:00+05:30,36.1,36.1,36.1,36.1,0,183825
7193,2022-07-28 13:58:00+05:30,36.1,36.1,36.1,36.1,0,183825
7194,2022-07-28 13:59:00+05:30,36.1,36.1,36.1,36.1,0,183825
7195,2022-07-28 14:00:00+05:30,36.1,36.1,36.1,36.1,0,183825
7196,2022-07-28 14:01:00+05:30,36.1,36.1,36.1,36.1,0,183825
7197,2022-07-28 14:02:00+05:30,36.1,36.1,36.1,36.1,0,183825
7198,2022-07-28 14:03:00+05:30,36.1,36.1,36.1,36.1,0,183825
7199,2022-07-28 14:04:00+05:30,36.1,36.1,36.1,36.1,0,183825
7200,2022-07-28 14:05:00+05:30,36.1,36.1,36.1,36.1,0,183825
7201,2022-07-28 14:06:00+05:30,36.1,36.1,36.1,36.1,0,183825
7202,2022-07-28 14:07:00+05:30,36.1,36.1,36.1,36.1,0,183825
7203,2022-07-28 14:08:00+05:30,36.1,36.1,36.1,36.1,0,183825
7204,2022-07-28 14:09:00+05:30,36.1,36.1,36.1,36.1,0,183825
7205,2022-07-28 14:10:00+05:30,36.1,36.1,36.1,36.1,0,183825
7206,2022-07-28 14:11:00+05:30,36.1,36.1,36.1,36.1,0,183825
7207,2022-07-28 14:12:00+05:30,36.1,36.1,36.1,36.1,0,183825
7208,2022-07-28 14:13:00+05:30,36.1,36.1,36.1,36.1,0,183825
7209,2022-07-28 14:14:00+05:30,36.1,36.1,36.1,36.1,0,183825
7210,2022-07-28 14:15:00+05:30,36.1,36.1,36.1,36.1,0,183825
7211,2022-07-28 14:16:00+05:30,36.1,36.1,36.1,36.1,0,183825
7212,2022-07-28 14:17:00+05:30,36.1,36.1,36.1,36.1,0,183825
7213,2022-07-28 14:18:00+05:30,36.1,36.1,36.1,36.1,0,183825
7214,2022-07-28 14:19:00+05:30,36.1,36.1,36.1,36.1,0,183825
7215,2022-07-28 14:20:00+05:30,36.1,36.1,36.1,36.1,0,183825
7216,2022-07-28 14:21:00+05:30,36.1,36.1,36.1,36.1,0,183825
7217,2022-07-28 14:22:00+05:30,36.1,36.1,36.1,36.1,0,183825
7218,2022-07-28 14:23:00+05:30,36.1,36.1,36.1,36.1,0,183825
7219,2022-07-28 14:24:00+05:30,36.1,36.1,36.1,36.1,0,183825
7220,2022-07-28 14:25:00+05:30,36.1,36.1,36.1,36.1,0,183825
7221,2022-07-28 14:26:00+05:30,36.1,36.1,36.1,36.1,0,183825
7222,2022-07-28 14:27:00+05:30,36.1,36.1,36.1,36.1,0,183825
7223,2022-07-28 14:28:00+05:30,36.1,36.1,36.1,36.1,0,183825
7224,2022-07-28 14:29:00+05:30,36.1,36.1,36.1,36.1,0,183825
7225,2022-07-28 14:30:00+05:30,36.1,36.1,36.1,36.1,0,183825
7226,2022-07-28 14:31:00+05:30,36.1,36.1,36.1,36.1,0,183825
7227,2022-07-28 14:32:00+05:30,36.1,36.1,36.1,36.1,0,183825
7228,2022-07-28 14:33:00+05:30,36.1,36.1,36.1,36.1,0,183825
7229,2022-07-28 14:34:00+05:30,36.1,36.1,36.1,36.1,0,183825
7230,2022-07-28 14:35:00+05:30,36.1,36.1,36.1,36.1,0,183825
7231,2022-07-28 14:36:00+05:30,36.1,36.1,36.1,36.1,0,183825
7232,2022-07-28 14:37:00+05:30,36.1,36.1,36.1,36.1,0,183825
7233,2022-07-28 14:38:00+05:30,36.1,36.1,36.1,36.1,0,183825
7234,2022-07-28 14:39:00+05:30,36.1,36.1,36.1,36.1,0,183825
7235,2022-07-28 14:40:00+05:30,36.1,36.1,36.1,36.1,0,183825
7236,2022-07-28 14:41:00+05:30,36.1,36.1,34.65,34.65,1075,182750
7237,2022-07-28 14:42:00+05:30,34.65,34.65,34.65,34.65,0,182750
7238,2022-07-28 14:43:00+05:30,34.65,34.65,34.65,34.65,0,182750
7239,2022-07-28 14:44:00+05:30,34.65,34.65,34.65,34.65,0,182750
7240,2022-07-28 14:45:00+05:30,34.65,34.65,34.65,34.65,0,182750
7241,2022-07-28 14:46:00+05:30,34.65,34.65,34.65,34.65,0,182750
7242,2022-07-28 14:47:00+05:30,34.65,34.65,34.65,34.65,0,182750
7243,2022-07-28 14:48:00+05:30,34.65,34.65,34.65,34.65,0,182750
7244,2022-07-28 14:49:00+05:30,34.65,34.65,34.65,34.65,0,182750
7245,2022-07-28 14:50:00+05:30,34.65,34.65,34.65,34.65,0,182750
7246,2022-07-28 14:51:00+05:30,34.65,34.65,34.65,34.65,0,182750
7247,2022-07-28 14:52:00+05:30,34.65,34.65,34.65,34.65,0,182750
7248,2022-07-28 14:53:00+05:30,34.65,34.65,34.65,34.65,0,182750
7249,2022-07-28 14:54:00+05:30,34.65,34.65,34.65,34.65,0,182750
7250,2022-07-28 14:55:00+05:30,34.65,34.65,34.65,34.65,0,182750
7251,2022-07-28 14:56:00+05:30,34.65,34.65,34.65,34.65,0,182750
7252,2022-07-28 14:57:00+05:30,34.65,34.65,34.65,34.65,0,182750
7253,2022-07-28 14:58:00+05:30,34.65,34.65,34.65,34.65,0,182750
7254,2022-07-28 14:59:00+05:30,34.65,34.65,34.65,34.65,0,182750
7255,2022-07-28 15:00:00+05:30,34.65,34.65,34.65,34.65,0,182750
7256,2022-07-28 15:01:00+05:30,34.65,34.65,34.65,34.65,0,182750
7257,2022-07-28 15:02:00+05:30,34.65,34.65,34.65,34.65,0,182750
7258,2022-07-28 15:03:00+05:30,34.65,34.65,34.65,34.65,0,182750
7259,2022-07-28 15:04:00+05:30,34.65,34.65,34.65,34.65,0,182750
7260,2022-07-28 15:05:00+05:30,34.65,34.65,34.65,34.65,0,182750
7261,2022-07-28 15:06:00+05:30,34.65,34.65,34.65,34.65,0,182750
7262,2022-07-28 15:07:00+05:30,34.65,34.65,34.65,34.65,0,182750
7263,2022-07-28 15:08:00+05:30,34.65,34.65,34.65,34.65,0,182750
7264,2022-07-28 15:09:00+05:30,34.65,34.65,34.65,34.65,0,182750
7265,2022-07-28 15:10:00+05:30,34.65,34.65,34.65,34.65,0,182750
7266,2022-07-28 15:11:00+05:30,34.65,34.65,34.65,34.65,0,182750
7267,2022-07-28 15:12:00+05:30,34.65,34.65,34.65,34.65,0,182750
7268,2022-07-28 15:13:00+05:30,34.65,34.65,34.65,34.65,0,182750
7269,2022-07-28 15:14:00+05:30,34.65,34.65,34.65,34.65,0,182750
7270,2022-07-28 15:15:00+05:30,34.65,34.65,34.65,34.65,0,182750
7271,2022-07-28 15:16:00+05:30,34.65,34.65,34.65,34.65,0,182750
7272,2022-07-28 15:17:00+05:30,34.65,34.65,34.65,34.65,0,182750
7273,2022-07-28 15:18:00+05:30,34.65,34.65,34.65,34.65,0,182750
7274,2022-07-28 15:19:00+05:30,34.65,34.65,34.65,34.65,0,182750
7275,2022-07-28 15:20:00+05:30,34.65,34.65,34.65,34.65,0,182750
7276,2022-07-28 15:21:00+05:30,34.65,34.65,34.65,34.65,0,182750
7277,2022-07-28 15:22:00+05:30,34.65,34.65,34.65,34.65,0,182750
7278,2022-07-28 15:23:00+05:30,34.65,34.65,34.65,34.65,0,182750
7279,2022-07-28 15:24:00+05:30,34.65,34.65,34.65,34.65,0,182750
7280,2022-07-28 15:25:00+05:30,34.65,34.65,34.65,34.65,0,182750
7281,2022-07-28 15:26:00+05:30,34.65,34.65,34.65,34.65,0,182750
7282,2022-07-28 15:27:00+05:30,34.65,34.65,34.65,34.65,0,182750
7283,2022-07-28 15:28:00+05:30,34.65,34.65,34.65,34.65,0,182750
7284,2022-07-28 15:29:00+05:30,34.65,34.65,34.65,34.65,0,182750
7285,2022-07-28 15:30:00+05:30,34.65,34.65,34.65,34.65,0,182750
7286,2022-07-28 16:25:00+05:30,34.65,34.65,34.65,34.65,0,182750
