,datetime,open,high,low,close,volume,oi,vwap,best_bid,best_offer
0,2021-04-27 09:15:00,-1.0,-1.0,-1.0,-1.0,-1,-1,-1.0,-1.0,-1.0
1,2021-04-27 09:16:00,-1.0,-1.0,-1.0,-1.0,-1,-1,-1.0,-1.0,-1.0
2,2021-04-27 09:17:00,-1.0,-1.0,-1.0,-1.0,-1,-1,-1.0,-1.0,-1.0
3,2021-04-27 09:18:00,-1.0,-1.0,-1.0,-1.0,-1,-1,-1.0,-1.0,-1.0
4,2021-04-27 09:19:00,-1.0,-1.0,-1.0,-1.0,-1,-1,-1.0,-1.0,-1.0
5,2021-04-27 09:20:00,-1.0,-1.0,-1.0,-1.0,-1,-1,-1.0,-1.0,-1.0
6,2021-04-27 09:21:00,-1.0,-1.0,-1.0,-1.0,-1,-1,-1.0,-1.0,-1.0
7,2021-04-27 09:22:00,-1.0,-1.0,-1.0,-1.0,-1,-1,-1.0,-1.0,-1.0
8,2021-04-27 09:23:00,-1.0,-1.0,-1.0,-1.0,-1,-1,-1.0,-1.0,-1.0
9,2021-04-27 09:24:00,-1.0,-1.0,-1.0,-1.0,-1,-1,-1.0,-1.0,-1.0
10,2021-04-27 09:25:00,-1.0,-1.0,-1.0,-1.0,-1,-1,-1.0,-1.0,-1.0
11,2021-04-27 09:26:00,-1.0,-1.0,-1.0,-1.0,-1,-1,-1.0,-1.0,-1.0
12,2021-04-27 09:27:00,-1.0,-1.0,-1.0,-1.0,-1,-1,-1.0,-1.0,-1.0
13,2021-04-27 09:28:00,-1.0,-1.0,-1.0,-1.0,-1,-1,-1.0,-1.0,-1.0
14,2021-04-27 09:29:00,-1.0,-1.0,-1.0,-1.0,-1,-1,-1.0,-1.0,-1.0
15,2021-04-27 09:30:00,-1.0,-1.0,-1.0,-1.0,-1,-1,-1.0,-1.0,-1.0
16,2021-04-27 09:31:00,-1.0,-1.0,-1.0,-1.0,-1,-1,-1.0,-1.0,-1.0
17,2021-04-27 09:32:00,-1.0,-1.0,-1.0,-1.0,-1,-1,-1.0,-1.0,-1.0
18,2021-04-27 09:33:00,-1.0,-1.0,-1.0,-1.0,-1,-1,-1.0,-1.0,-1.0
19,2021-04-27 09:34:00,-1.0,-1.0,-1.0,-1.0,-1,-1,-1.0,-1.0,-1.0
20,2021-04-27 09:35:00,-1.0,-1.0,-1.0,-1.0,-1,-1,-1.0,-1.0,-1.0
21,2021-04-27 09:36:00,-1.0,-1.0,-1.0,-1.0,-1,-1,-1.0,-1.0,-1.0
22,2021-04-27 09:37:00,-1.0,-1.0,-1.0,-1.0,-1,-1,-1.0,-1.0,-1.0
23,2021-04-27 09:38:00,-1.0,-1.0,-1.0,-1.0,-1,-1,-1.0,-1.0,-1.0
24,2021-04-27 09:39:00,-1.0,-1.0,-1.0,-1.0,-1,-1,-1.0,-1.0,-1.0
25,2021-04-27 09:40:00,-1.0,-1.0,-1.0,-1.0,-1,-1,-1.0,-1.0,-1.0
26,2021-04-27 09:41:00,-1.0,-1.0,-1.0,-1.0,-1,-1,-1.0,-1.0,-1.0
27,2021-04-27 09:42:00,-1.0,-1.0,-1.0,-1.0,-1,-1,-1.0,-1.0,-1.0
28,2021-04-27 09:43:00,-1.0,-1.0,-1.0,-1.0,-1,-1,-1.0,-1.0,-1.0
29,2021-04-27 09:44:00,-1.0,-1.0,-1.0,-1.0,-1,-1,-1.0,-1.0,-1.0
30,2021-04-27 09:45:00,-1.0,-1.0,-1.0,-1.0,-1,-1,-1.0,-1.0,-1.0
31,2021-04-27 09:46:00,-1.0,-1.0,-1.0,-1.0,-1,-1,-1.0,-1.0,-1.0
32,2021-04-27 09:47:00,-1.0,-1.0,-1.0,-1.0,-1,-1,-1.0,-1.0,-1.0
33,2021-04-27 09:48:00,-1.0,-1.0,-1.0,-1.0,-1,-1,-1.0,-1.0,-1.0
34,2021-04-27 09:49:00,-1.0,-1.0,-1.0,-1.0,-1,-1,-1.0,-1.0,-1.0
35,2021-04-27 09:50:00,-1.0,-1.0,-1.0,-1.0,-1,-1,-1.0,-1.0,-1.0
36,2021-04-27 09:51:00,-1.0,-1.0,-1.0,-1.0,-1,-1,-1.0,-1.0,-1.0
37,2021-04-27 09:52:00,-1.0,-1.0,-1.0,-1.0,-1,-1,-1.0,-1.0,-1.0
38,2021-04-27 09:53:00,-1.0,-1.0,-1.0,-1.0,-1,-1,-1.0,-1.0,-1.0
39,2021-04-27 09:54:00,-1.0,-1.0,-1.0,-1.0,-1,-1,-1.0,-1.0,-1.0
40,2021-04-27 09:55:00,-1.0,-1.0,-1.0,-1.0,-1,-1,-1.0,-1.0,-1.0
41,2021-04-27 09:56:00,-1.0,-1.0,-1.0,-1.0,-1,-1,-1.0,-1.0,-1.0
42,2021-04-27 09:57:00,-1.0,-1.0,-1.0,-1.0,-1,-1,-1.0,-1.0,-1.0
43,2021-04-27 09:58:00,-1.0,-1.0,-1.0,-1.0,-1,-1,-1.0,-1.0,-1.0
44,2021-04-27 09:59:00,-1.0,-1.0,-1.0,-1.0,-1,-1,-1.0,-1.0,-1.0
45,2021-04-27 10:00:00,-1.0,-1.0,-1.0,-1.0,-1,-1,-1.0,-1.0,-1.0
46,2021-04-27 10:01:00,-1.0,-1.0,-1.0,-1.0,-1,-1,-1.0,-1.0,-1.0
47,2021-04-27 10:02:00,-1.0,-1.0,-1.0,-1.0,-1,-1,-1.0,-1.0,-1.0
48,2021-04-27 10:03:00,-1.0,-1.0,-1.0,-1.0,-1,-1,-1.0,-1.0,-1.0
49,2021-04-27 10:04:00,-1.0,-1.0,-1.0,-1.0,-1,-1,-1.0,-1.0,-1.0
50,2021-04-27 10:05:00,-1.0,-1.0,-1.0,-1.0,-1,-1,-1.0,-1.0,-1.0
51,2021-04-27 10:06:00,-1.0,-1.0,-1.0,-1.0,-1,-1,-1.0,-1.0,-1.0
52,2021-04-27 10:07:00,-1.0,-1.0,-1.0,-1.0,-1,-1,-1.0,-1.0,-1.0
53,2021-04-27 10:08:00,-1.0,-1.0,-1.0,-1.0,-1,-1,-1.0,-1.0,-1.0
54,2021-04-27 10:09:00,-1.0,-1.0,-1.0,-1.0,-1,-1,-1.0,-1.0,-1.0
55,2021-04-27 10:10:00,-1.0,-1.0,-1.0,-1.0,-1,-1,-1.0,-1.0,-1.0
56,2021-04-27 10:11:00,1540.0,1540.0,1540.0,1540.0,25,0,1540.0,1526.7,1562.7
57,2021-04-27 10:12:00,1540.0,1540.0,1540.0,1540.0,25,0,1540.0,1526.7,1562.7
58,2021-04-27 10:13:00,1540.0,1540.0,1540.0,1540.0,25,0,1540.0,1526.7,1562.7
59,2021-04-27 10:14:00,1540.0,1540.0,1540.0,1540.0,25,0,1540.0,1526.7,1562.7
60,2021-04-27 10:15:00,1525.0,1525.0,1525.0,1525.0,25,25,1532.5,1498.3,1538.9
61,2021-04-27 10:16:00,1525.0,1525.0,1525.0,1525.0,25,25,1532.5,1498.3,1538.9
62,2021-04-27 10:17:00,1525.0,1525.0,1525.0,1525.0,25,25,1532.5,1498.3,1538.9
63,2021-04-27 10:18:00,1525.0,1525.0,1525.0,1525.0,25,25,1532.5,1498.3,1538.9
64,2021-04-27 10:19:00,1525.0,1525.0,1525.0,1525.0,25,25,1532.5,1498.3,1538.9
65,2021-04-27 10:20:00,1548.1,1548.1,1548.1,1548.1,25,0,1537.7,1525.05,1550.15
66,2021-04-27 10:21:00,1548.1,1548.1,1548.1,1548.1,25,0,1537.7,1525.05,1550.15
67,2021-04-27 10:22:00,1548.1,1548.1,1548.1,1548.1,25,0,1537.7,1525.05,1550.15
68,2021-04-27 10:23:00,1548.1,1548.1,1548.1,1548.1,25,0,1537.7,1525.05,1550.15
69,2021-04-27 10:24:00,1548.1,1548.1,1548.1,1548.1,25,0,1537.7,1525.05,1550.15
70,2021-04-27 10:25:00,1548.1,1548.1,1548.1,1548.1,25,0,1537.7,1525.05,1550.15
71,2021-04-27 10:26:00,1548.1,1548.1,1548.1,1548.1,25,0,1537.7,1525.05,1550.15
72,2021-04-27 10:27:00,1548.1,1548.1,1548.1,1548.1,25,0,1537.7,1525.05,1550.15
73,2021-04-27 10:28:00,1548.1,1548.1,1548.1,1548.1,25,0,1537.7,1525.05,1550.15
74,2021-04-27 10:29:00,1548.1,1548.1,1548.1,1548.1,25,0,1537.7,1525.05,1550.15
75,2021-04-27 10:30:00,1548.1,1548.1,1548.1,1548.1,25,0,1537.7,1525.05,1550.15
76,2021-04-27 10:31:00,1548.1,1548.1,1548.1,1548.1,25,0,1537.7,1525.05,1550.15
77,2021-04-27 10:32:00,1548.1,1548.1,1548.1,1548.1,25,0,1537.7,1525.05,1550.15
78,2021-04-27 10:33:00,1548.1,1548.1,1548.1,1548.1,25,0,1537.7,1525.05,1550.15
79,2021-04-27 10:34:00,1548.1,1548.1,1548.1,1548.1,25,0,1537.7,1525.05,1550.15
80,2021-04-27 10:35:00,1548.1,1548.1,1548.1,1548.1,25,0,1537.7,1525.05,1550.15
81,2021-04-27 10:36:00,1548.1,1548.1,1548.1,1548.1,25,0,1537.7,1525.05,1550.15
82,2021-04-27 10:37:00,1548.1,1548.1,1548.1,1548.1,25,0,1537.7,1525.05,1550.15
83,2021-04-27 10:38:00,1548.1,1548.1,1548.1,1548.1,25,0,1537.7,1525.05,1550.15
84,2021-04-27 10:39:00,1548.1,1548.1,1548.1,1548.1,25,0,1537.7,1525.05,1550.15
85,2021-04-27 10:40:00,1548.1,1548.1,1548.1,1548.1,25,0,1537.7,1525.05,1550.15
86,2021-04-27 10:41:00,1548.1,1548.1,1548.1,1548.1,25,0,1537.7,1525.05,1550.15
87,2021-04-27 10:42:00,1548.1,1548.1,1548.1,1548.1,25,0,1537.7,1525.05,1550.15
88,2021-04-27 10:43:00,1548.1,1548.1,1548.1,1548.1,25,0,1537.7,1525.05,1550.15
89,2021-04-27 10:44:00,1548.1,1548.1,1548.1,1548.1,25,0,1537.7,1525.05,1550.15
90,2021-04-27 10:45:00,1548.1,1548.1,1548.1,1548.1,25,0,1537.7,1525.05,1550.15
91,2021-04-27 10:46:00,1548.1,1548.1,1548.1,1548.1,25,0,1537.7,1525.05,1550.15
92,2021-04-27 10:47:00,1548.1,1548.1,1548.1,1548.1,25,0,1537.7,1525.05,1550.15
93,2021-04-27 10:48:00,1548.1,1548.1,1548.1,1548.1,25,0,1537.7,1525.05,1550.15
94,2021-04-27 10:49:00,1548.1,1548.1,1548.1,1548.1,25,0,1537.7,1525.05,1550.15
95,2021-04-27 10:50:00,1548.1,1548.1,1548.1,1548.1,25,0,1537.7,1525.05,1550.15
96,2021-04-27 10:51:00,1548.1,1548.1,1548.1,1548.1,25,0,1537.7,1525.05,1550.15
97,2021-04-27 10:52:00,1548.1,1548.1,1548.1,1548.1,25,0,1537.7,1525.05,1550.15
98,2021-04-27 10:53:00,1548.1,1548.1,1548.1,1548.1,25,0,1537.7,1525.05,1550.15
99,2021-04-27 10:54:00,1548.1,1548.1,1548.1,1548.1,25,0,1537.7,1525.05,1550.15
100,2021-04-27 10:55:00,1548.1,1548.1,1548.1,1548.1,25,0,1537.7,1525.05,1550.15
101,2021-04-27 10:56:00,1548.1,1548.1,1548.1,1548.1,25,0,1537.7,1525.05,1550.15
102,2021-04-27 10:57:00,1548.1,1548.1,1548.1,1548.1,25,0,1537.7,1525.05,1550.15
103,2021-04-27 10:58:00,1548.1,1548.1,1548.1,1548.1,25,0,1537.7,1525.05,1550.15
104,2021-04-27 10:59:00,1548.1,1548.1,1548.1,1548.1,25,0,1537.7,1525.05,1550.15
105,2021-04-27 11:00:00,1548.1,1548.1,1548.1,1548.1,25,0,1537.7,1525.05,1550.15
106,2021-04-27 11:01:00,1548.1,1548.1,1548.1,1548.1,25,0,1537.7,1525.05,1550.15
107,2021-04-27 11:02:00,1548.1,1548.1,1548.1,1548.1,25,0,1537.7,1525.05,1550.15
108,2021-04-27 11:03:00,1548.1,1548.1,1548.1,1548.1,25,0,1537.7,1525.05,1550.15
109,2021-04-27 11:04:00,1548.1,1548.1,1548.1,1548.1,25,0,1537.7,1525.05,1550.15
110,2021-04-27 11:05:00,1548.1,1548.1,1548.1,1548.1,25,0,1537.7,1525.05,1550.15
111,2021-04-27 11:06:00,1548.1,1548.1,1548.1,1548.1,25,0,1537.7,1525.05,1550.15
112,2021-04-27 11:07:00,1548.1,1548.1,1548.1,1548.1,25,0,1537.7,1525.05,1550.15
113,2021-04-27 11:08:00,1548.1,1548.1,1548.1,1548.1,25,0,1537.7,1525.05,1550.15
114,2021-04-27 11:09:00,1548.1,1548.1,1548.1,1548.1,25,0,1537.7,1525.05,1550.15
115,2021-04-27 11:10:00,1548.1,1548.1,1548.1,1548.1,25,0,1537.7,1525.05,1550.15
116,2021-04-27 11:11:00,1548.1,1548.1,1548.1,1548.1,25,0,1537.7,1525.05,1550.15
117,2021-04-27 11:12:00,1548.1,1548.1,1548.1,1548.1,25,0,1537.7,1525.05,1550.15
118,2021-04-27 11:13:00,1548.1,1548.1,1548.1,1548.1,25,0,1537.7,1525.05,1550.15
119,2021-04-27 11:14:00,1548.1,1548.1,1548.1,1548.1,25,0,1537.7,1525.05,1550.15
120,2021-04-27 11:15:00,1548.1,1548.1,1548.1,1548.1,25,0,1537.7,1525.05,1550.15
121,2021-04-27 11:16:00,1548.1,1548.1,1548.1,1548.1,25,0,1537.7,1525.05,1550.15
122,2021-04-27 11:17:00,1548.1,1548.1,1548.1,1548.1,25,0,1537.7,1525.05,1550.15
123,2021-04-27 11:18:00,1548.1,1548.1,1548.1,1548.1,25,0,1537.7,1525.05,1550.15
124,2021-04-27 11:19:00,1548.1,1548.1,1548.1,1548.1,25,0,1537.7,1525.05,1550.15
125,2021-04-27 11:20:00,1548.1,1548.1,1548.1,1548.1,25,0,1537.7,1525.05,1550.15
126,2021-04-27 11:21:00,1548.1,1548.1,1548.1,1548.1,25,0,1537.7,1525.05,1550.15
127,2021-04-27 11:22:00,1548.1,1548.1,1548.1,1548.1,25,0,1537.7,1525.05,1550.15
128,2021-04-27 11:23:00,1548.1,1548.1,1548.1,1548.1,25,0,1537.7,1525.05,1550.15
129,2021-04-27 11:24:00,1548.1,1548.1,1548.1,1548.1,25,0,1537.7,1525.05,1550.15
130,2021-04-27 11:25:00,1548.1,1548.1,1548.1,1548.1,25,0,1537.7,1525.05,1550.15
131,2021-04-27 11:26:00,1548.1,1548.1,1548.1,1548.1,25,0,1537.7,1525.05,1550.15
132,2021-04-27 11:27:00,1548.1,1548.1,1548.1,1548.1,25,0,1537.7,1525.05,1550.15
133,2021-04-27 11:28:00,1548.1,1548.1,1548.1,1548.1,25,0,1537.7,1525.05,1550.15
134,2021-04-27 11:29:00,1548.1,1548.1,1548.1,1548.1,25,0,1537.7,1525.05,1550.15
135,2021-04-27 11:30:00,1548.1,1548.1,1548.1,1548.1,25,0,1537.7,1525.05,1550.15
136,2021-04-27 11:31:00,1548.1,1548.1,1548.1,1548.1,25,0,1537.7,1525.05,1550.15
137,2021-04-27 11:32:00,1548.1,1548.1,1548.1,1548.1,25,0,1537.7,1525.05,1550.15
138,2021-04-27 11:33:00,1548.1,1548.1,1548.1,1548.1,25,0,1537.7,1525.05,1550.15
139,2021-04-27 11:34:00,1548.1,1548.1,1548.1,1548.1,25,0,1537.7,1525.05,1550.15
140,2021-04-27 11:35:00,1548.1,1548.1,1548.1,1548.1,25,0,1537.7,1525.05,1550.15
141,2021-04-27 11:36:00,1548.1,1548.1,1548.1,1548.1,25,0,1537.7,1525.05,1550.15
142,2021-04-27 11:37:00,1548.1,1548.1,1548.1,1548.1,25,0,1537.7,1525.05,1550.15
143,2021-04-27 11:38:00,1548.1,1548.1,1548.1,1548.1,25,0,1537.7,1525.05,1550.15
144,2021-04-27 11:39:00,1548.1,1548.1,1548.1,1548.1,25,0,1537.7,1525.05,1550.15
145,2021-04-27 11:40:00,1548.1,1548.1,1548.1,1548.1,25,0,1537.7,1525.05,1550.15
146,2021-04-27 11:41:00,1548.1,1548.1,1548.1,1548.1,25,0,1537.7,1525.05,1550.15
147,2021-04-27 11:42:00,1548.1,1548.1,1548.1,1548.1,25,0,1537.7,1525.05,1550.15
148,2021-04-27 11:43:00,1548.1,1548.1,1548.1,1548.1,25,0,1537.7,1525.05,1550.15
149,2021-04-27 11:44:00,1548.1,1548.1,1548.1,1548.1,25,0,1537.7,1525.05,1550.15
150,2021-04-27 11:45:00,1548.1,1548.1,1548.1,1548.1,25,0,1537.7,1525.05,1550.15
151,2021-04-27 11:46:00,1548.1,1548.1,1548.1,1548.1,25,0,1537.7,1525.05,1550.15
152,2021-04-27 11:47:00,1548.1,1548.1,1548.1,1548.1,25,0,1537.7,1525.05,1550.15
153,2021-04-27 11:48:00,1548.1,1548.1,1548.1,1548.1,25,0,1537.7,1525.05,1550.15
154,2021-04-27 11:49:00,1548.1,1548.1,1548.1,1548.1,25,0,1537.7,1525.05,1550.15
155,2021-04-27 11:50:00,1548.1,1548.1,1548.1,1548.1,25,0,1537.7,1525.05,1550.15
156,2021-04-27 11:51:00,1548.1,1548.1,1548.1,1548.1,25,0,1537.7,1525.05,1550.15
157,2021-04-27 11:52:00,1548.1,1548.1,1548.1,1548.1,25,0,1537.7,1525.05,1550.15
158,2021-04-27 11:53:00,1548.1,1548.1,1548.1,1548.1,25,0,1537.7,1525.05,1550.15
159,2021-04-27 11:54:00,1548.1,1548.1,1548.1,1548.1,25,0,1537.7,1525.05,1550.15
160,2021-04-27 11:55:00,1548.1,1548.1,1548.1,1548.1,25,0,1537.7,1525.05,1550.15
161,2021-04-27 11:56:00,1548.1,1548.1,1548.1,1548.1,25,0,1537.7,1525.05,1550.15
162,2021-04-27 11:57:00,1548.1,1548.1,1548.1,1548.1,25,0,1537.7,1525.05,1550.15
163,2021-04-27 11:58:00,1548.1,1548.1,1548.1,1548.1,25,0,1537.7,1525.05,1550.15
164,2021-04-27 11:59:00,1548.1,1548.1,1548.1,1548.1,25,0,1537.7,1525.05,1550.15
165,2021-04-27 12:00:00,1548.1,1548.1,1548.1,1548.1,25,0,1537.7,1525.05,1550.15
166,2021-04-27 12:01:00,1548.1,1548.1,1548.1,1548.1,25,0,1537.7,1525.05,1550.15
167,2021-04-27 12:02:00,1548.1,1548.1,1548.1,1548.1,25,0,1537.7,1525.05,1550.15
168,2021-04-27 12:03:00,1548.1,1548.1,1548.1,1548.1,25,0,1537.7,1525.05,1550.15
169,2021-04-27 12:04:00,1548.1,1548.1,1548.1,1548.1,25,0,1537.7,1525.05,1550.15
170,2021-04-27 12:05:00,1321.9,1321.9,1321.9,1321.9,25,75,1483.75,1332.35,1387.65
171,2021-04-27 12:06:00,1321.9,1321.9,1321.9,1321.9,25,75,1483.75,1332.35,1387.65
172,2021-04-27 12:07:00,1321.9,1321.9,1321.9,1321.9,25,75,1483.75,1332.35,1387.65
173,2021-04-27 12:08:00,1321.9,1321.9,1321.9,1321.9,25,75,1483.75,1332.35,1387.65
174,2021-04-27 12:09:00,1321.9,1321.9,1321.9,1321.9,25,75,1483.75,1332.35,1387.65
175,2021-04-27 12:10:00,1321.9,1321.9,1321.9,1321.9,25,75,1483.75,1332.35,1387.65
176,2021-04-27 12:11:00,1321.9,1321.9,1321.9,1321.9,25,75,1483.75,1332.35,1387.65
177,2021-04-27 12:12:00,1321.9,1321.9,1321.9,1321.9,25,75,1483.75,1332.35,1387.65
178,2021-04-27 12:13:00,1321.9,1321.9,1321.9,1321.9,25,75,1483.75,1332.35,1387.65
179,2021-04-27 12:14:00,1321.9,1321.9,1321.9,1321.9,25,75,1483.75,1332.35,1387.65
180,2021-04-27 12:15:00,1321.9,1321.9,1321.9,1321.9,25,75,1483.75,1332.35,1387.65
181,2021-04-27 12:16:00,1321.9,1321.9,1321.9,1321.9,25,75,1483.75,1332.35,1387.65
182,2021-04-27 12:17:00,1321.9,1321.9,1321.9,1321.9,25,75,1483.75,1332.35,1387.65
183,2021-04-27 12:18:00,1321.9,1321.9,1321.9,1321.9,25,75,1483.75,1332.35,1387.65
184,2021-04-27 12:19:00,1321.9,1321.9,1321.9,1321.9,25,75,1483.75,1332.35,1387.65
185,2021-04-27 12:20:00,1321.9,1321.9,1321.9,1321.9,25,75,1483.75,1332.35,1387.65
186,2021-04-27 12:21:00,1321.9,1321.9,1321.9,1321.9,25,75,1483.75,1332.35,1387.65
187,2021-04-27 12:22:00,1321.9,1321.9,1321.9,1321.9,25,75,1483.75,1332.35,1387.65
188,2021-04-27 12:23:00,1321.9,1321.9,1321.9,1321.9,25,75,1483.75,1332.35,1387.65
189,2021-04-27 12:24:00,1321.9,1321.9,1321.9,1321.9,25,75,1483.75,1332.35,1387.65
190,2021-04-27 12:25:00,1321.9,1321.9,1321.9,1321.9,25,75,1483.75,1332.35,1387.65
191,2021-04-27 12:26:00,1321.9,1321.9,1321.9,1321.9,25,75,1483.75,1332.35,1387.65
192,2021-04-27 12:27:00,1321.9,1321.9,1321.9,1321.9,25,75,1483.75,1332.35,1387.65
193,2021-04-27 12:28:00,1321.9,1321.9,1321.9,1321.9,25,75,1483.75,1332.35,1387.65
194,2021-04-27 12:29:00,1321.9,1321.9,1321.9,1321.9,25,75,1483.75,1332.35,1387.65
195,2021-04-27 12:30:00,1321.9,1321.9,1321.9,1321.9,25,75,1483.75,1332.35,1387.65
196,2021-04-27 12:31:00,1321.9,1321.9,1321.9,1321.9,25,75,1483.75,1332.35,1387.65
197,2021-04-27 12:32:00,1321.9,1321.9,1321.9,1321.9,25,75,1483.75,1332.35,1387.65
198,2021-04-27 12:33:00,1321.9,1321.9,1321.9,1321.9,25,75,1483.75,1332.35,1387.65
199,2021-04-27 12:34:00,1321.9,1321.9,1321.9,1321.9,25,75,1483.75,1332.35,1387.65
200,2021-04-27 12:35:00,1321.9,1321.9,1321.9,1321.9,25,75,1483.75,1332.35,1387.65
201,2021-04-27 12:36:00,1321.9,1321.9,1321.9,1321.9,25,75,1483.75,1332.35,1387.65
202,2021-04-27 12:37:00,1321.9,1321.9,1321.9,1321.9,25,75,1483.75,1332.35,1387.65
203,2021-04-27 12:38:00,1321.9,1321.9,1321.9,1321.9,25,75,1483.75,1332.35,1387.65
204,2021-04-27 12:39:00,1321.9,1321.9,1321.9,1321.9,25,75,1483.75,1332.35,1387.65
205,2021-04-27 12:40:00,1321.9,1321.9,1321.9,1321.9,25,75,1483.75,1332.35,1387.65
206,2021-04-27 12:41:00,1321.9,1321.9,1321.9,1321.9,25,75,1483.75,1332.35,1387.65
207,2021-04-27 12:42:00,1321.9,1321.9,1321.9,1321.9,25,75,1483.75,1332.35,1387.65
208,2021-04-27 12:43:00,1321.9,1321.9,1321.9,1321.9,25,75,1483.75,1332.35,1387.65
209,2021-04-27 12:44:00,1321.9,1321.9,1321.9,1321.9,25,75,1483.75,1332.35,1387.65
210,2021-04-27 12:45:00,1321.9,1321.9,1321.9,1321.9,25,75,1483.75,1332.35,1387.65
211,2021-04-27 12:46:00,1321.9,1321.9,1321.9,1321.9,25,75,1483.75,1332.35,1387.65
212,2021-04-27 12:47:00,1321.9,1321.9,1321.9,1321.9,25,75,1483.75,1332.35,1387.65
213,2021-04-27 12:48:00,1321.9,1321.9,1321.9,1321.9,25,75,1483.75,1332.35,1387.65
214,2021-04-27 12:49:00,1321.9,1321.9,1321.9,1321.9,25,75,1483.75,1332.35,1387.65
215,2021-04-27 12:50:00,1321.9,1321.9,1321.9,1321.9,25,75,1483.75,1332.35,1387.65
216,2021-04-27 12:51:00,1321.9,1321.9,1321.9,1321.9,25,75,1483.75,1332.35,1387.65
217,2021-04-27 12:52:00,1321.9,1321.9,1321.9,1321.9,25,75,1483.75,1332.35,1387.65
218,2021-04-27 12:53:00,1321.9,1321.9,1321.9,1321.9,25,75,1483.75,1332.35,1387.65
219,2021-04-27 12:54:00,1321.9,1321.9,1321.9,1321.9,25,75,1483.75,1332.35,1387.65
220,2021-04-27 12:55:00,1321.9,1321.9,1321.9,1321.9,25,75,1483.75,1332.35,1387.65
221,2021-04-27 12:56:00,1321.9,1321.9,1321.9,1321.9,25,75,1483.75,1332.35,1387.65
222,2021-04-27 12:57:00,1321.9,1321.9,1321.9,1321.9,25,75,1483.75,1332.35,1387.65
223,2021-04-27 12:58:00,1321.9,1321.9,1321.9,1321.9,25,75,1483.75,1332.35,1387.65
224,2021-04-27 12:59:00,1321.9,1321.9,1321.9,1321.9,25,75,1483.75,1332.35,1387.65
225,2021-04-27 13:00:00,1321.9,1321.9,1321.9,1321.9,25,75,1483.75,1332.35,1387.65
226,2021-04-27 13:01:00,1321.9,1321.9,1321.9,1321.9,25,75,1483.75,1332.35,1387.65
227,2021-04-27 13:02:00,1321.9,1321.9,1321.9,1321.9,25,75,1483.75,1332.35,1387.65
228,2021-04-27 13:03:00,1321.9,1321.9,1321.9,1321.9,25,75,1483.75,1332.35,1387.65
229,2021-04-27 13:04:00,1321.9,1321.9,1321.9,1321.9,25,75,1483.75,1332.35,1387.65
230,2021-04-27 13:05:00,1321.9,1321.9,1321.9,1321.9,25,75,1483.75,1332.35,1387.65
231,2021-04-27 13:06:00,1321.9,1321.9,1321.9,1321.9,25,75,1483.75,1332.35,1387.65
232,2021-04-27 13:07:00,1321.9,1321.9,1321.9,1321.9,25,75,1483.75,1332.35,1387.65
233,2021-04-27 13:08:00,1321.9,1321.9,1321.9,1321.9,25,75,1483.75,1332.35,1387.65
234,2021-04-27 13:09:00,1321.9,1321.9,1321.9,1321.9,25,75,1483.75,1332.35,1387.65
235,2021-04-27 13:10:00,1321.9,1321.9,1321.9,1321.9,25,75,1483.75,1332.35,1387.65
236,2021-04-27 13:11:00,1321.9,1321.9,1321.9,1321.9,25,75,1483.75,1332.35,1387.65
237,2021-04-27 13:12:00,1321.9,1321.9,1321.9,1321.9,25,75,1483.75,1332.35,1387.65
238,2021-04-27 13:13:00,1321.9,1321.9,1321.9,1321.9,25,75,1483.75,1332.35,1387.65
239,2021-04-27 13:14:00,1321.9,1321.9,1321.9,1321.9,25,75,1483.75,1332.35,1387.65
240,2021-04-27 13:15:00,1321.9,1321.9,1321.9,1321.9,25,75,1483.75,1332.35,1387.65
241,2021-04-27 13:16:00,1321.9,1321.9,1321.9,1321.9,25,75,1483.75,1332.35,1387.65
242,2021-04-27 13:17:00,1321.9,1321.9,1321.9,1321.9,25,75,1483.75,1332.35,1387.65
243,2021-04-27 13:18:00,1321.9,1321.9,1321.9,1321.9,25,75,1483.75,1332.35,1387.65
244,2021-04-27 13:19:00,1321.9,1321.9,1321.9,1321.9,25,75,1483.75,1332.35,1387.65
245,2021-04-27 13:20:00,1321.9,1321.9,1321.9,1321.9,25,75,1483.75,1332.35,1387.65
246,2021-04-27 13:21:00,1321.9,1321.9,1321.9,1321.9,25,75,1483.75,1332.35,1387.65
247,2021-04-27 13:22:00,1321.9,1321.9,1321.9,1321.9,25,75,1483.75,1332.35,1387.65
248,2021-04-27 13:23:00,1321.9,1321.9,1321.9,1321.9,25,75,1483.75,1332.35,1387.65
249,2021-04-27 13:24:00,1321.9,1321.9,1321.9,1321.9,25,75,1483.75,1332.35,1387.65
250,2021-04-27 13:25:00,1321.9,1321.9,1321.9,1321.9,25,75,1483.75,1332.35,1387.65
251,2021-04-27 13:26:00,1321.9,1321.9,1321.9,1321.9,25,75,1483.75,1332.35,1387.65
252,2021-04-27 13:27:00,1321.9,1321.9,1321.9,1321.9,25,75,1483.75,1332.35,1387.65
253,2021-04-27 13:28:00,1321.9,1321.9,1321.9,1321.9,25,75,1483.75,1332.35,1387.65
254,2021-04-27 13:29:00,1321.9,1321.9,1321.9,1321.9,25,75,1483.75,1332.35,1387.65
255,2021-04-27 13:30:00,1321.9,1321.9,1321.9,1321.9,25,75,1483.75,1332.35,1387.65
256,2021-04-27 13:31:00,1321.9,1321.9,1321.9,1321.9,25,75,1483.75,1332.35,1387.65
257,2021-04-27 13:32:00,1321.9,1321.9,1321.9,1321.9,25,75,1483.75,1332.35,1387.65
258,2021-04-27 13:33:00,1321.9,1321.9,1321.9,1321.9,25,75,1483.75,1332.35,1387.65
259,2021-04-27 13:34:00,1321.9,1321.9,1321.9,1321.9,25,75,1483.75,1332.35,1387.65
260,2021-04-27 13:35:00,1321.9,1321.9,1321.9,1321.9,25,75,1483.75,1332.35,1387.65
261,2021-04-27 13:36:00,1321.9,1321.9,1321.9,1321.9,25,75,1483.75,1332.35,1387.65
262,2021-04-27 13:37:00,1321.9,1321.9,1321.9,1321.9,25,75,1483.75,1332.35,1387.65
263,2021-04-27 13:38:00,1321.9,1321.9,1321.9,1321.9,25,75,1483.75,1332.35,1387.65
264,2021-04-27 13:39:00,1321.9,1321.9,1321.9,1321.9,25,75,1483.75,1332.35,1387.65
265,2021-04-27 13:40:00,1321.9,1321.9,1321.9,1321.9,25,75,1483.75,1332.35,1387.65
266,2021-04-27 13:41:00,1321.9,1321.9,1321.9,1321.9,25,75,1483.75,1332.35,1387.65
267,2021-04-27 13:42:00,1321.9,1321.9,1321.9,1321.9,25,75,1483.75,1332.35,1387.65
268,2021-04-27 13:43:00,1321.9,1321.9,1321.9,1321.9,25,75,1483.75,1332.35,1387.65
269,2021-04-27 13:44:00,1321.9,1321.9,1321.9,1321.9,25,75,1483.75,1332.35,1387.65
270,2021-04-27 13:45:00,1321.9,1321.9,1321.9,1321.9,25,75,1483.75,1332.35,1387.65
271,2021-04-27 13:46:00,1321.9,1321.9,1321.9,1321.9,25,75,1483.75,1332.35,1387.65
272,2021-04-27 13:47:00,1321.9,1321.9,1321.9,1321.9,25,75,1483.75,1332.35,1387.65
273,2021-04-27 13:48:00,1321.9,1321.9,1321.9,1321.9,25,75,1483.75,1332.35,1387.65
274,2021-04-27 13:49:00,1321.9,1321.9,1321.9,1321.9,25,75,1483.75,1332.35,1387.65
275,2021-04-27 13:50:00,1321.9,1321.9,1321.9,1321.9,25,75,1483.75,1332.35,1387.65
276,2021-04-27 13:51:00,1321.9,1321.9,1321.9,1321.9,25,75,1483.75,1332.35,1387.65
277,2021-04-27 13:52:00,1321.9,1321.9,1321.9,1321.9,25,75,1483.75,1332.35,1387.65
278,2021-04-27 13:53:00,1321.9,1321.9,1321.9,1321.9,25,75,1483.75,1332.35,1387.65
279,2021-04-27 13:54:00,1321.9,1321.9,1321.9,1321.9,25,75,1483.75,1332.35,1387.65
280,2021-04-27 13:55:00,1321.9,1321.9,1321.9,1321.9,25,75,1483.75,1332.35,1387.65
281,2021-04-27 13:56:00,1321.9,1321.9,1321.9,1321.9,25,75,1483.75,1332.35,1387.65
282,2021-04-27 13:57:00,1321.9,1321.9,1321.9,1321.9,25,75,1483.75,1332.35,1387.65
283,2021-04-27 13:58:00,1321.9,1321.9,1321.9,1321.9,25,75,1483.75,1332.35,1387.65
284,2021-04-27 13:59:00,1321.9,1321.9,1321.9,1321.9,25,75,1483.75,1332.35,1387.65
285,2021-04-27 14:00:00,1321.9,1321.9,1321.9,1321.9,25,75,1483.75,1332.35,1387.65
286,2021-04-27 14:01:00,1321.9,1321.9,1321.9,1321.9,25,75,1483.75,1332.35,1387.65
287,2021-04-27 14:02:00,1321.9,1321.9,1321.9,1321.9,25,75,1483.75,1332.35,1387.65
288,2021-04-27 14:03:00,1321.9,1321.9,1321.9,1321.9,25,75,1483.75,1332.35,1387.65
289,2021-04-27 14:04:00,1321.9,1321.9,1321.9,1321.9,25,75,1483.75,1332.35,1387.65
290,2021-04-27 14:05:00,1321.9,1321.9,1321.9,1321.9,25,75,1483.75,1332.35,1387.65
291,2021-04-27 14:06:00,1321.9,1321.9,1321.9,1321.9,25,75,1483.75,1332.35,1387.65
292,2021-04-27 14:07:00,1321.9,1321.9,1321.9,1321.9,25,75,1483.75,1332.35,1387.65
293,2021-04-27 14:08:00,1321.9,1321.9,1321.9,1321.9,25,75,1483.75,1332.35,1387.65
294,2021-04-27 14:09:00,1321.9,1321.9,1321.9,1321.9,25,75,1483.75,1332.35,1387.65
295,2021-04-27 14:10:00,1321.9,1321.9,1321.9,1321.9,25,75,1483.75,1332.35,1387.65
296,2021-04-27 14:11:00,1321.9,1321.9,1321.9,1321.9,25,75,1483.75,1332.35,1387.65
297,2021-04-27 14:12:00,1321.9,1321.9,1321.9,1321.9,25,75,1483.75,1332.35,1387.65
298,2021-04-27 14:13:00,1321.9,1321.9,1321.9,1321.9,25,75,1483.75,1332.35,1387.65
299,2021-04-27 14:14:00,1321.9,1321.9,1321.9,1321.9,25,75,1483.75,1332.35,1387.65
300,2021-04-27 14:15:00,1321.9,1321.9,1321.9,1321.9,25,75,1483.75,1332.35,1387.65
301,2021-04-27 14:16:00,1321.9,1321.9,1321.9,1321.9,25,75,1483.75,1332.35,1387.65
302,2021-04-27 14:17:00,1321.9,1321.9,1321.9,1321.9,25,75,1483.75,1332.35,1387.65
303,2021-04-27 14:18:00,1321.9,1321.9,1321.9,1321.9,25,75,1483.75,1332.35,1387.65
304,2021-04-27 14:19:00,1321.9,1321.9,1321.9,1321.9,25,75,1483.75,1332.35,1387.65
305,2021-04-27 14:20:00,1321.9,1321.9,1321.9,1321.9,25,75,1483.75,1332.35,1387.65
306,2021-04-27 14:21:00,1321.9,1321.9,1321.9,1321.9,25,75,1483.75,1332.35,1387.65
307,2021-04-27 14:22:00,1321.9,1321.9,1321.9,1321.9,25,75,1483.75,1332.35,1387.65
308,2021-04-27 14:23:00,1321.9,1321.9,1321.9,1321.9,25,75,1483.75,1332.35,1387.65
309,2021-04-27 14:24:00,1321.9,1321.9,1321.9,1321.9,25,75,1483.75,1332.35,1387.65
310,2021-04-27 14:25:00,1321.9,1321.9,1321.9,1321.9,25,75,1483.75,1332.35,1387.65
311,2021-04-27 14:26:00,1321.9,1321.9,1321.9,1321.9,25,75,1483.75,1332.35,1387.65
312,2021-04-27 14:27:00,1321.9,1321.9,1321.9,1321.9,25,75,1483.75,1332.35,1387.65
313,2021-04-27 14:28:00,1321.9,1321.9,1321.9,1321.9,25,75,1483.75,1332.35,1387.65
314,2021-04-27 14:29:00,1321.9,1321.9,1321.9,1321.9,25,75,1483.75,1332.35,1387.65
315,2021-04-27 14:30:00,1321.9,1321.9,1321.9,1321.9,25,75,1483.75,1332.35,1387.65
316,2021-04-27 14:31:00,1321.9,1321.9,1321.9,1321.9,25,75,1483.75,1332.35,1387.65
317,2021-04-27 14:32:00,1321.9,1321.9,1321.9,1321.9,25,75,1483.75,1332.35,1387.65
318,2021-04-27 14:33:00,1321.9,1321.9,1321.9,1321.9,25,75,1483.75,1332.35,1387.65
319,2021-04-27 14:34:00,1321.9,1321.9,1321.9,1321.9,25,75,1483.75,1332.35,1387.65
320,2021-04-27 14:35:00,1321.9,1321.9,1321.9,1321.9,25,75,1483.75,1332.35,1387.65
321,2021-04-27 14:36:00,1321.9,1321.9,1321.9,1321.9,25,75,1483.75,1332.35,1387.65
322,2021-04-27 14:37:00,1321.9,1321.9,1321.9,1321.9,25,75,1483.75,1332.35,1387.65
323,2021-04-27 14:38:00,1321.9,1321.9,1321.9,1321.9,25,75,1483.75,1332.35,1387.65
324,2021-04-27 14:39:00,1321.9,1321.9,1321.9,1321.9,25,75,1483.75,1332.35,1387.65
325,2021-04-27 14:40:00,1321.9,1321.9,1321.9,1321.9,25,75,1483.75,1332.35,1387.65
326,2021-04-27 14:41:00,1321.9,1321.9,1321.9,1321.9,25,75,1483.75,1332.35,1387.65
327,2021-04-27 14:42:00,1321.9,1321.9,1321.9,1321.9,25,75,1483.75,1332.35,1387.65
328,2021-04-27 14:43:00,1321.9,1321.9,1321.9,1321.9,25,75,1483.75,1332.35,1387.65
329,2021-04-27 14:44:00,1321.9,1321.9,1321.9,1321.9,25,75,1483.75,1332.35,1387.65
330,2021-04-27 14:45:00,1321.9,1321.9,1321.9,1321.9,25,75,1483.75,1332.35,1387.65
331,2021-04-27 14:46:00,1321.9,1321.9,1321.9,1321.9,25,75,1483.75,1332.35,1387.65
332,2021-04-27 14:47:00,1321.9,1321.9,1321.9,1321.9,25,75,1483.75,1332.35,1387.65
333,2021-04-27 14:48:00,1321.9,1321.9,1321.9,1321.9,25,75,1483.75,1332.35,1387.65
334,2021-04-27 14:49:00,1321.9,1321.9,1321.9,1321.9,25,75,1483.75,1332.35,1387.65
335,2021-04-27 14:50:00,1321.9,1321.9,1321.9,1321.9,25,75,1483.75,1332.35,1387.65
336,2021-04-27 14:51:00,1321.9,1321.9,1321.9,1321.9,25,75,1483.75,1332.35,1387.65
337,2021-04-27 14:52:00,1321.9,1321.9,1321.9,1321.9,25,75,1483.75,1332.35,1387.65
338,2021-04-27 14:53:00,1321.9,1321.9,1321.9,1321.9,25,75,1483.75,1332.35,1387.65
339,2021-04-27 14:54:00,1321.9,1321.9,1321.9,1321.9,25,75,1483.75,1332.35,1387.65
340,2021-04-27 14:55:00,1321.9,1321.9,1321.9,1321.9,25,75,1483.75,1332.35,1387.65
341,2021-04-27 14:56:00,1321.9,1321.9,1321.9,1321.9,25,75,1483.75,1332.35,1387.65
342,2021-04-27 14:57:00,1321.9,1321.9,1321.9,1321.9,25,75,1483.75,1332.35,1387.65
343,2021-04-27 14:58:00,1321.9,1321.9,1321.9,1321.9,25,75,1483.75,1332.35,1387.65
344,2021-04-27 14:59:00,1295.35,1295.35,1295.35,1295.35,75,100,1403.0,1293.25,1332.95
345,2021-04-27 15:00:00,1295.35,1295.35,1295.35,1295.35,75,100,1403.0,1293.25,1332.95
346,2021-04-27 15:01:00,1295.35,1295.35,1295.35,1295.35,75,100,1403.0,1293.25,1332.95
347,2021-04-27 15:02:00,1329.9,1329.9,1329.9,1329.9,25,0,1393.86,1311.35,1342.1
348,2021-04-27 15:03:00,1329.9,1329.9,1329.9,1329.9,25,0,1393.86,1311.35,1342.1
349,2021-04-27 15:04:00,1329.9,1329.9,1329.9,1329.9,25,0,1393.86,1311.35,1342.1
350,2021-04-27 15:05:00,1329.9,1329.9,1329.9,1329.9,25,0,1393.86,1311.35,1342.1
351,2021-04-27 15:06:00,1329.9,1329.9,1329.9,1329.9,25,0,1393.86,1311.35,1342.1
352,2021-04-27 15:07:00,1329.9,1329.9,1329.9,1329.9,25,0,1393.86,1311.35,1342.1
353,2021-04-27 15:08:00,1329.9,1329.9,1329.9,1329.9,25,0,1393.86,1311.35,1342.1
354,2021-04-27 15:09:00,1329.9,1329.9,1329.9,1329.9,25,0,1393.86,1311.35,1342.1
355,2021-04-27 15:10:00,1313.2,1313.2,1313.2,1313.2,50,175,1377.73,1291.0,1329.4
356,2021-04-27 15:11:00,1313.2,1313.2,1313.2,1313.2,50,175,1377.73,1291.0,1329.4
357,2021-04-27 15:12:00,1313.2,1313.2,1313.2,1313.2,50,175,1377.73,1291.0,1329.4
358,2021-04-27 15:13:00,1313.2,1313.2,1313.2,1313.2,50,175,1377.73,1291.0,1329.4
359,2021-04-27 15:14:00,1313.2,1313.2,1313.2,1313.2,50,175,1377.73,1291.0,1329.4
360,2021-04-27 15:15:00,1313.2,1313.2,1313.2,1313.2,50,175,1377.73,1291.0,1329.4
361,2021-04-27 15:16:00,1313.2,1313.2,1313.2,1313.2,50,175,1377.73,1291.0,1329.4
362,2021-04-27 15:17:00,1313.2,1313.2,1313.2,1313.2,50,175,1377.73,1291.0,1329.4
363,2021-04-27 15:18:00,1313.2,1313.2,1313.2,1313.2,50,175,1377.73,1291.0,1329.4
364,2021-04-27 15:19:00,1313.2,1313.2,1313.2,1313.2,50,175,1377.73,1291.0,1329.4
365,2021-04-27 15:20:00,1313.2,1313.2,1313.2,1313.2,50,175,1377.73,1291.0,1329.4
366,2021-04-27 15:21:00,1313.2,1313.2,1313.2,1313.2,50,175,1377.73,1291.0,1329.4
367,2021-04-27 15:22:00,1313.2,1313.2,1313.2,1313.2,50,175,1377.73,1291.0,1329.4
368,2021-04-27 15:23:00,1267.5,1267.5,1267.5,1267.5,25,175,1367.7,1251.8,1286.3
369,2021-04-27 15:24:00,1267.5,1267.5,1267.5,1267.5,25,175,1367.7,1251.8,1286.3
370,2021-04-27 15:25:00,1267.5,1267.5,1267.5,1267.5,25,175,1367.7,1251.8,1286.3
371,2021-04-27 15:26:00,1267.5,1267.5,1267.5,1267.5,25,175,1367.7,1251.8,1286.3
372,2021-04-27 15:27:00,1291.3,1291.3,1291.3,1291.3,25,200,1361.34,1267.55,1294.65
373,2021-04-27 15:28:00,1291.3,1291.3,1291.3,1291.3,25,200,1361.34,1267.55,1294.65
374,2021-04-27 15:29:00,1291.3,1291.3,1291.3,1291.3,25,200,1361.34,1267.55,1294.65
375,2021-04-27 15:30:00,1291.3,1291.3,1291.3,1291.3,25,200,1361.34,1267.55,1294.65
376,2021-04-28 09:15:00,1291.3,1291.3,1291.3,1291.3,25,200,1361.34,1267.55,1294.65
377,2021-04-28 09:16:00,1148.25,1172.6,1148.25,1172.6,50,200,1160.42,1142.35,1154.9
378,2021-04-28 09:17:00,1154.85,1180.15,1154.85,1180.15,75,225,1167.19,1160.0,1177.25
379,2021-04-28 09:18:00,1160.0,1160.0,1160.0,1160.0,100,225,1163.99,1153.3,1162.35
380,2021-04-28 09:19:00,1160.0,1160.0,1160.0,1160.0,125,225,1162.69,1162.45,1183.8
381,2021-04-28 09:20:00,1160.0,1160.0,1160.0,1160.0,125,225,1162.69,1162.45,1183.8
382,2021-04-28 09:21:00,1192.15,1192.15,1188.1,1188.1,300,325,1172.91,1169.45,1184.5
383,2021-04-28 09:22:00,1173.6,1173.6,1173.6,1173.6,75,325,1172.39,1155.25,1171.45
384,2021-04-28 09:23:00,1164.55,1164.55,1163.05,1163.05,125,525,1171.07,1158.85,1175.25
385,2021-04-28 09:24:00,1164.55,1164.55,1163.05,1163.05,125,525,1171.07,1158.85,1175.25
386,2021-04-28 09:25:00,1164.55,1164.55,1163.05,1163.05,125,525,1171.07,1158.85,1175.25
387,2021-04-28 09:26:00,1164.55,1164.55,1163.05,1163.05,125,525,1171.07,1158.85,1175.25
388,2021-04-28 09:27:00,1143.4,1143.4,1143.4,1143.4,25,525,1170.28,1142.05,1153.75
389,2021-04-28 09:28:00,1143.4,1143.4,1143.4,1143.4,25,525,1170.28,1142.05,1153.75
390,2021-04-28 09:29:00,1143.4,1143.4,1143.4,1143.4,25,525,1170.28,1142.05,1153.75
391,2021-04-28 09:30:00,1135.0,1135.0,1135.0,1135.0,25,0,1169.3,1125.4,1136.85
392,2021-04-28 09:31:00,1136.85,1136.85,1136.85,1136.85,25,550,1168.42,1128.2,1140.45
393,2021-04-28 09:32:00,1136.85,1136.85,1136.85,1136.85,25,550,1168.42,1128.2,1140.45
394,2021-04-28 09:33:00,1136.85,1136.85,1136.85,1136.85,25,550,1168.42,1128.2,1140.45
395,2021-04-28 09:34:00,1136.85,1136.85,1136.85,1136.85,25,550,1168.42,1128.2,1140.45
396,2021-04-28 09:35:00,1130.4,1130.4,1130.4,1130.4,25,600,1167.42,1115.0,1123.8
397,2021-04-28 09:36:00,1122.9,1122.9,1122.9,1122.9,25,600,1166.28,1128.05,1140.7
398,2021-04-28 09:37:00,1140.7,1140.7,1140.7,1140.7,25,600,1165.64,1125.9,1138.95
399,2021-04-28 09:38:00,1137.25,1137.25,1137.25,1137.25,25,0,1164.95,1136.95,1153.6
400,2021-04-28 09:39:00,1137.25,1137.25,1137.25,1137.25,25,0,1164.95,1136.95,1153.6
401,2021-04-28 09:40:00,1137.25,1137.25,1137.25,1137.25,25,0,1164.95,1136.95,1153.6
402,2021-04-28 09:41:00,1134.6,1134.6,1134.6,1134.6,25,625,1164.23,1136.1,1145.25
403,2021-04-28 09:42:00,1134.6,1134.6,1134.6,1134.6,25,625,1164.23,1136.1,1145.25
404,2021-04-28 09:43:00,1134.6,1134.6,1134.6,1134.6,25,625,1164.23,1136.1,1145.25
405,2021-04-28 09:44:00,1134.6,1134.6,1134.6,1134.6,25,625,1164.23,1136.1,1145.25
406,2021-04-28 09:45:00,1134.6,1134.6,1134.6,1134.6,25,625,1164.23,1136.1,1145.25
407,2021-04-28 09:46:00,1134.6,1134.6,1134.6,1134.6,25,625,1164.23,1136.1,1145.25
408,2021-04-28 09:47:00,1115.0,1115.0,1115.0,1115.0,25,0,1163.08,1106.75,1121.15
409,2021-04-28 09:48:00,1115.0,1115.0,1115.0,1115.0,25,0,1163.08,1106.75,1121.15
410,2021-04-28 09:49:00,1115.0,1115.0,1115.0,1115.0,25,0,1163.08,1106.75,1121.15
411,2021-04-28 09:50:00,1115.0,1115.0,1115.0,1115.0,25,0,1163.08,1106.75,1121.15
412,2021-04-28 09:51:00,1097.65,1097.65,1097.65,1097.65,25,625,1161.6,1097.85,1102.2
413,2021-04-28 09:52:00,1097.65,1097.65,1097.65,1097.65,25,625,1161.6,1097.85,1102.2
414,2021-04-28 09:53:00,1097.65,1097.65,1097.65,1097.65,25,625,1161.6,1097.85,1102.2
415,2021-04-28 09:54:00,1097.65,1097.65,1097.65,1097.65,25,625,1161.6,1097.85,1102.2
416,2021-04-28 09:55:00,1097.65,1097.65,1097.65,1097.65,25,625,1161.6,1097.85,1102.2
417,2021-04-28 09:56:00,1092.3,1092.3,1092.3,1092.3,50,0,1158.58,1088.5,1106.6
418,2021-04-28 09:57:00,1092.3,1092.3,1092.3,1092.3,50,0,1158.58,1088.5,1106.6
419,2021-04-28 09:58:00,1092.3,1092.3,1092.3,1092.3,50,0,1158.58,1088.5,1106.6
420,2021-04-28 09:59:00,1092.3,1092.3,1092.3,1092.3,50,0,1158.58,1088.5,1106.6
421,2021-04-28 10:00:00,1092.3,1092.3,1092.3,1092.3,50,0,1158.58,1088.5,1106.6
422,2021-04-28 10:01:00,1092.3,1092.3,1092.3,1092.3,50,0,1158.58,1088.5,1106.6
423,2021-04-28 10:02:00,1092.3,1092.3,1092.3,1092.3,50,0,1158.58,1088.5,1106.6
424,2021-04-28 10:03:00,1092.3,1092.3,1092.3,1092.3,50,0,1158.58,1088.5,1106.6
425,2021-04-28 10:04:00,1092.3,1092.3,1092.3,1092.3,50,0,1158.58,1088.5,1106.6
426,2021-04-28 10:05:00,1092.3,1092.3,1092.3,1092.3,50,0,1158.58,1088.5,1106.6
427,2021-04-28 10:06:00,1092.3,1092.3,1092.3,1092.3,50,0,1158.58,1088.5,1106.6
428,2021-04-28 10:07:00,1092.3,1092.3,1092.3,1092.3,50,0,1158.58,1088.5,1106.6
429,2021-04-28 10:08:00,1092.3,1092.3,1092.3,1092.3,50,0,1158.58,1088.5,1106.6
430,2021-04-28 10:09:00,1092.3,1092.3,1092.3,1092.3,50,0,1158.58,1088.5,1106.6
431,2021-04-28 10:10:00,1092.3,1092.3,1092.3,1092.3,50,0,1158.58,1088.5,1106.6
432,2021-04-28 10:11:00,1092.3,1092.3,1092.3,1092.3,50,0,1158.58,1088.5,1106.6
433,2021-04-28 10:12:00,1092.3,1092.3,1092.3,1092.3,50,0,1158.58,1088.5,1106.6
434,2021-04-28 10:13:00,1092.3,1092.3,1092.3,1092.3,50,0,1158.58,1088.5,1106.6
435,2021-04-28 10:14:00,1092.3,1092.3,1092.3,1092.3,50,0,1158.58,1088.5,1106.6
436,2021-04-28 10:15:00,1092.3,1092.3,1092.3,1092.3,50,0,1158.58,1088.5,1106.6
437,2021-04-28 10:16:00,1092.3,1092.3,1092.3,1092.3,50,0,1158.58,1088.5,1106.6
438,2021-04-28 10:17:00,1092.3,1092.3,1092.3,1092.3,50,0,1158.58,1088.5,1106.6
439,2021-04-28 10:18:00,1092.3,1092.3,1092.3,1092.3,50,0,1158.58,1088.5,1106.6
440,2021-04-28 10:19:00,1092.3,1092.3,1092.3,1092.3,50,0,1158.58,1088.5,1106.6
441,2021-04-28 10:20:00,1092.3,1092.3,1092.3,1092.3,50,0,1158.58,1088.5,1106.6
442,2021-04-28 10:21:00,1092.3,1092.3,1092.3,1092.3,50,0,1158.58,1088.5,1106.6
443,2021-04-28 10:22:00,1092.3,1092.3,1092.3,1092.3,50,0,1158.58,1088.5,1106.6
444,2021-04-28 10:23:00,1092.3,1092.3,1092.3,1092.3,50,0,1158.58,1088.5,1106.6
445,2021-04-28 10:24:00,1141.8,1141.8,1141.8,1141.8,25,550,1158.22,1132.85,1144.9
446,2021-04-28 10:25:00,1141.8,1141.8,1141.8,1141.8,25,550,1157.88,1133.45,1145.8
447,2021-04-28 10:26:00,1124.5,1124.5,1124.5,1124.5,25,0,1157.2,1124.95,1135.85
448,2021-04-28 10:27:00,1124.5,1124.5,1124.5,1124.5,25,0,1157.2,1124.95,1135.85
449,2021-04-28 10:28:00,1150.05,1150.05,1150.05,1150.05,550,575,1158.23,1147.25,1157.2
450,2021-04-28 10:29:00,1153.25,1153.25,1153.25,1153.25,25,1075,1158.16,1149.75,1155.95
451,2021-04-28 10:30:00,1151.65,1151.65,1151.65,1151.65,275,1075,1157.2,1147.9,1158.5
452,2021-04-28 10:31:00,1139.5,1139.5,1139.5,1139.5,775,1075,1154.53,1134.95,1146.1
453,2021-04-28 10:32:00,1139.5,1139.5,1139.5,1139.5,775,1075,1154.53,1134.95,1146.1
454,2021-04-28 10:33:00,1139.5,1139.5,1139.5,1139.5,775,1075,1154.53,1134.95,1146.1
455,2021-04-28 10:34:00,1139.5,1139.5,1139.5,1139.5,775,1075,1154.53,1134.95,1146.1
456,2021-04-28 10:35:00,1139.5,1139.5,1139.5,1139.5,775,1075,1154.53,1134.95,1146.1
457,2021-04-28 10:36:00,1139.5,1139.5,1139.5,1139.5,775,1075,1154.53,1134.95,1146.1
458,2021-04-28 10:37:00,1134.35,1134.35,1133.0,1133.0,100,1450,1153.79,1127.3,1135.25
459,2021-04-28 10:38:00,1134.35,1134.35,1133.0,1133.0,100,1450,1153.79,1127.3,1135.25
460,2021-04-28 10:39:00,1134.35,1134.35,1133.0,1133.0,100,1450,1153.79,1127.3,1135.25
461,2021-04-28 10:40:00,1134.35,1134.35,1133.0,1133.0,100,1450,1153.79,1127.3,1135.25
462,2021-04-28 10:41:00,1113.55,1113.55,1113.55,1113.55,500,1500,1148.31,1119.85,1124.45
463,2021-04-28 10:42:00,1122.9,1122.9,1117.75,1117.75,50,1175,1147.91,1112.6,1119.3
464,2021-04-28 10:43:00,1125.2,1125.2,1115.55,1115.55,550,1175,1144.49,1114.85,1124.1
465,2021-04-28 10:44:00,1115.15,1115.15,1112.35,1112.35,75,1175,1143.94,1104.0,1110.55
466,2021-04-28 10:45:00,1115.15,1115.15,1112.35,1112.35,75,1175,1143.94,1104.0,1110.55
467,2021-04-28 10:46:00,1115.15,1115.15,1112.35,1112.35,75,1175,1143.94,1104.0,1110.55
468,2021-04-28 10:47:00,1115.15,1115.15,1112.35,1112.35,75,1175,1143.94,1104.0,1110.55
469,2021-04-28 10:48:00,1115.15,1115.15,1112.35,1112.35,75,1175,1143.94,1104.0,1110.55
470,2021-04-28 10:49:00,1115.15,1115.15,1112.35,1112.35,75,1175,1143.94,1104.0,1110.55
471,2021-04-28 10:50:00,1115.15,1115.15,1112.35,1112.35,75,1175,1143.94,1104.0,1110.55
472,2021-04-28 10:51:00,1115.15,1115.15,1112.35,1112.35,75,1175,1143.94,1104.0,1110.55
473,2021-04-28 10:52:00,1115.15,1115.15,1112.35,1112.35,75,1175,1143.94,1104.0,1110.55
474,2021-04-28 10:53:00,1115.15,1115.15,1112.35,1112.35,75,1175,1143.94,1104.0,1110.55
475,2021-04-28 10:54:00,1115.15,1115.15,1112.35,1112.35,75,1175,1143.94,1104.0,1110.55
476,2021-04-28 10:55:00,1115.15,1115.15,1112.35,1112.35,75,1175,1143.94,1104.0,1110.55
477,2021-04-28 10:56:00,1115.15,1115.15,1112.35,1112.35,75,1175,1143.94,1104.0,1110.55
478,2021-04-28 10:57:00,1115.15,1115.15,1112.35,1112.35,75,1175,1143.94,1104.0,1110.55
479,2021-04-28 10:58:00,1115.15,1115.15,1112.35,1112.35,75,1175,1143.94,1104.0,1110.55
480,2021-04-28 10:59:00,1115.15,1115.15,1112.35,1112.35,75,1175,1143.94,1104.0,1110.55
481,2021-04-28 11:00:00,1115.15,1115.15,1112.35,1112.35,75,1175,1143.94,1104.0,1110.55
482,2021-04-28 11:01:00,1115.15,1115.15,1112.35,1112.35,75,1175,1143.94,1104.0,1110.55
483,2021-04-28 11:02:00,1115.15,1115.15,1112.35,1112.35,75,1175,1143.94,1104.0,1110.55
484,2021-04-28 11:03:00,1115.15,1115.15,1112.35,1112.35,75,1175,1143.94,1104.0,1110.55
485,2021-04-28 11:04:00,1109.05,1109.05,1109.05,1109.05,50,1500,1143.52,1103.25,1109.95
486,2021-04-28 11:05:00,1109.05,1109.05,1109.05,1109.05,50,1500,1143.52,1103.25,1109.95
487,2021-04-28 11:06:00,1109.05,1109.05,1109.05,1109.05,50,1500,1143.52,1103.25,1109.95
488,2021-04-28 11:07:00,1100.0,1100.0,1043.3,1090.2,1150,1500,1128.48,1087.2,1089.45
489,2021-04-28 11:08:00,1088.9,1101.1,1088.9,1094.5,1400,1925,1121.97,1093.5,1095.35
490,2021-04-28 11:09:00,1092.95,1092.95,1092.8,1092.8,125,1925,1121.44,1088.15,1093.7
491,2021-04-28 11:10:00,1090.15,1090.15,1090.15,1090.15,25,1925,1121.33,1088.3,1092.35
492,2021-04-28 11:11:00,1095.65,1095.65,1095.65,1095.65,125,1925,1120.81,1092.75,1098.35
493,2021-04-28 11:12:00,1095.65,1095.65,1095.65,1095.65,125,1925,1120.81,1092.75,1098.35
494,2021-04-28 11:13:00,1098.9,1098.9,1098.9,1098.9,25,1775,1120.73,1096.95,1101.25
495,2021-04-28 11:14:00,1104.5,1104.5,1104.5,1104.5,50,1775,1120.6,1100.45,1107.95
496,2021-04-28 11:15:00,1104.5,1104.5,1104.5,1104.5,50,1775,1120.6,1100.45,1107.95
497,2021-04-28 11:16:00,1104.5,1104.5,1104.5,1104.5,50,1775,1120.6,1100.45,1107.95
498,2021-04-28 11:17:00,1104.5,1104.5,1104.5,1104.5,50,1775,1120.6,1100.45,1107.95
499,2021-04-28 11:18:00,1104.5,1104.5,1104.5,1104.5,50,1775,1120.6,1100.45,1107.95
500,2021-04-28 11:19:00,1104.5,1104.5,1104.5,1104.5,50,1775,1120.6,1100.45,1107.95
501,2021-04-28 11:20:00,1104.5,1104.5,1104.5,1104.5,50,1775,1120.6,1100.45,1107.95
502,2021-04-28 11:21:00,1104.5,1104.5,1104.5,1104.5,50,1775,1120.6,1100.45,1107.95
503,2021-04-28 11:22:00,1086.5,1086.5,1086.5,1086.5,1275,1775,1114.99,1084.6,1087.55
504,2021-04-28 11:23:00,1078.3,1078.3,1078.3,1078.3,75,1775,1114.66,1083.55,1090.95
505,2021-04-28 11:24:00,1078.3,1078.3,1078.3,1078.3,75,1775,1114.66,1083.55,1090.95
506,2021-04-28 11:25:00,1078.3,1078.3,1078.3,1078.3,75,1775,1114.66,1083.55,1090.95
507,2021-04-28 11:26:00,1078.3,1078.3,1078.3,1078.3,75,1775,1114.66,1083.55,1090.95
508,2021-04-28 11:27:00,1078.3,1078.3,1078.3,1078.3,75,1775,1114.66,1083.55,1090.95
509,2021-04-28 11:28:00,1078.3,1078.3,1078.3,1078.3,75,1775,1114.66,1083.55,1090.95
510,2021-04-28 11:29:00,1093.0,1093.0,1093.0,1093.0,25,925,1114.6,1093.45,1100.8
511,2021-04-28 11:30:00,1093.0,1093.0,1093.0,1093.0,25,925,1114.6,1093.45,1100.8
512,2021-04-28 11:31:00,1093.0,1093.0,1093.0,1093.0,25,925,1114.6,1093.45,1100.8
513,2021-04-28 11:32:00,1093.0,1093.0,1093.0,1093.0,25,925,1114.6,1093.45,1100.8
514,2021-04-28 11:33:00,1093.0,1093.0,1093.0,1093.0,25,925,1114.6,1093.45,1100.8
515,2021-04-28 11:34:00,1093.0,1093.0,1093.0,1093.0,25,925,1114.6,1093.45,1100.8
516,2021-04-28 11:35:00,1093.0,1093.0,1093.0,1093.0,25,925,1114.6,1093.45,1100.8
517,2021-04-28 11:36:00,1093.0,1093.0,1093.0,1093.0,25,925,1114.6,1093.45,1100.8
518,2021-04-28 11:37:00,1093.0,1093.0,1093.0,1093.0,25,925,1114.6,1093.45,1100.8
519,2021-04-28 11:38:00,1093.0,1093.0,1093.0,1093.0,25,925,1114.6,1093.45,1100.8
520,2021-04-28 11:39:00,1093.0,1093.0,1093.0,1093.0,25,925,1114.6,1093.45,1100.8
521,2021-04-28 11:40:00,1093.0,1093.0,1093.0,1093.0,25,925,1114.6,1093.45,1100.8
522,2021-04-28 11:41:00,1093.0,1093.0,1093.0,1093.0,25,925,1114.6,1093.45,1100.8
523,2021-04-28 11:42:00,1093.0,1093.0,1093.0,1093.0,25,925,1114.6,1093.45,1100.8
524,2021-04-28 11:43:00,1093.0,1093.0,1093.0,1093.0,25,925,1114.6,1093.45,1100.8
525,2021-04-28 11:44:00,1093.0,1093.0,1093.0,1093.0,25,925,1114.6,1093.45,1100.8
526,2021-04-28 11:45:00,1093.0,1093.0,1093.0,1093.0,25,925,1114.6,1093.45,1100.8
527,2021-04-28 11:46:00,1093.0,1093.0,1093.0,1093.0,25,925,1114.6,1093.45,1100.8
528,2021-04-28 11:47:00,1087.25,1087.25,1087.25,1087.25,25,925,1114.52,1087.25,1091.55
529,2021-04-28 11:48:00,1087.25,1087.25,1087.25,1087.25,25,0,1114.44,1066.65,1076.65
530,2021-04-28 11:49:00,1087.25,1087.25,1087.25,1087.25,25,0,1114.44,1066.65,1076.65
531,2021-04-28 11:50:00,1087.25,1087.25,1087.25,1087.25,25,0,1114.44,1066.65,1076.65
532,2021-04-28 11:51:00,1087.25,1087.25,1087.25,1087.25,25,0,1114.44,1066.65,1076.65
533,2021-04-28 11:52:00,1087.25,1087.25,1087.25,1087.25,25,0,1114.44,1066.65,1076.65
534,2021-04-28 11:53:00,1087.25,1087.25,1087.25,1087.25,25,0,1114.44,1066.65,1076.65
535,2021-04-28 11:54:00,1087.25,1087.25,1087.25,1087.25,25,0,1114.44,1066.65,1076.65
536,2021-04-28 11:55:00,1087.25,1087.25,1087.25,1087.25,25,0,1114.44,1066.65,1076.65
537,2021-04-28 11:56:00,1087.25,1087.25,1087.25,1087.25,25,0,1114.44,1066.65,1076.65
538,2021-04-28 11:57:00,1087.25,1087.25,1087.25,1087.25,25,0,1114.44,1066.65,1076.65
539,2021-04-28 11:58:00,1063.1,1063.1,1063.1,1063.1,25,950,1114.29,1057.45,1068.05
540,2021-04-28 11:59:00,1063.1,1063.1,1063.1,1063.1,25,950,1114.29,1057.45,1068.05
541,2021-04-28 12:00:00,1063.1,1063.1,1063.1,1063.1,25,950,1114.29,1057.45,1068.05
542,2021-04-28 12:01:00,1061.45,1061.45,1061.45,1061.45,125,950,1113.54,1054.35,1060.7
543,2021-04-28 12:02:00,1061.45,1061.45,1061.45,1061.45,125,950,1113.54,1054.35,1060.7
544,2021-04-28 12:03:00,1061.45,1061.45,1061.45,1061.45,125,950,1113.54,1054.35,1060.7
545,2021-04-28 12:04:00,1061.45,1061.45,1061.45,1061.45,125,950,1113.54,1054.35,1060.7
546,2021-04-28 12:05:00,1061.45,1061.45,1061.45,1061.45,125,950,1113.54,1054.35,1060.7
547,2021-04-28 12:06:00,1061.45,1061.45,1061.45,1061.45,125,950,1113.54,1054.35,1060.7
548,2021-04-28 12:07:00,1061.45,1061.45,1061.45,1061.45,125,950,1113.54,1054.35,1060.7
549,2021-04-28 12:08:00,1061.45,1061.45,1061.45,1061.45,125,950,1113.54,1054.35,1060.7
550,2021-04-28 12:09:00,1061.45,1061.45,1061.45,1061.45,125,950,1113.54,1054.35,1060.7
551,2021-04-28 12:10:00,1060.3,1060.3,1060.3,1060.3,25,1000,1113.39,1054.15,1064.35
552,2021-04-28 12:11:00,1060.3,1060.3,1060.3,1060.3,25,1000,1113.39,1054.15,1064.35
553,2021-04-28 12:12:00,1060.3,1060.3,1060.3,1060.3,25,1000,1113.39,1054.15,1064.35
554,2021-04-28 12:13:00,1060.3,1060.3,1060.3,1060.3,25,1000,1113.39,1054.15,1064.35
555,2021-04-28 12:14:00,1057.75,1057.75,1057.75,1057.75,25,925,1113.23,1052.1,1060.2
556,2021-04-28 12:15:00,1057.75,1057.75,1057.75,1057.75,25,925,1113.23,1052.1,1060.2
557,2021-04-28 12:16:00,1057.75,1057.75,1057.75,1057.75,25,925,1113.23,1052.1,1060.2
558,2021-04-28 12:17:00,1057.75,1057.75,1057.75,1057.75,25,925,1113.23,1052.1,1060.2
559,2021-04-28 12:18:00,1057.75,1057.75,1057.75,1057.75,25,925,1113.23,1052.1,1060.2
560,2021-04-28 12:19:00,1057.75,1057.75,1057.75,1057.75,25,925,1113.23,1052.1,1060.2
561,2021-04-28 12:20:00,1057.75,1057.75,1057.75,1057.75,25,925,1113.23,1052.1,1060.2
562,2021-04-28 12:21:00,1040.2,1040.2,1040.2,1040.2,25,950,1113.02,1040.2,1046.15
563,2021-04-28 12:22:00,1039.55,1039.55,1039.55,1039.55,50,950,1112.6,1030.9,1038.55
564,2021-04-28 12:23:00,1031.75,1031.75,1031.75,1031.75,25,950,1112.37,1032.75,1039.4
565,2021-04-28 12:24:00,1040.85,1040.85,1040.85,1040.85,325,1050,1109.6,1033.75,1040.75
566,2021-04-28 12:25:00,1019.7,1019.7,1012.9,1019.7,125,1050,1108.33,1016.2,1023.55
567,2021-04-28 12:26:00,1019.7,1019.7,1012.9,1019.7,125,1050,1108.33,1016.2,1023.55
568,2021-04-28 12:27:00,1027.1,1027.1,1027.1,1027.1,250,1075,1106.19,1027.8,1034.7
569,2021-04-28 12:28:00,1027.1,1027.1,1027.1,1027.1,250,1075,1106.19,1027.8,1034.7
570,2021-04-28 12:29:00,1027.1,1027.1,1027.1,1027.1,250,1075,1106.19,1027.8,1034.7
571,2021-04-28 12:30:00,1027.1,1027.1,1027.1,1027.1,250,1075,1106.19,1027.8,1034.7
572,2021-04-28 12:31:00,1027.1,1027.1,1027.1,1027.1,250,1075,1106.19,1027.8,1034.7
573,2021-04-28 12:32:00,1027.1,1027.1,1027.1,1027.1,250,1075,1106.19,1027.8,1034.7
574,2021-04-28 12:33:00,1027.1,1027.1,1027.1,1027.1,250,1075,1106.19,1027.8,1034.7
575,2021-04-28 12:34:00,1027.1,1027.1,1027.1,1027.1,250,1075,1106.19,1027.8,1034.7
576,2021-04-28 12:35:00,1021.0,1021.0,1021.0,1021.0,225,1325,1104.22,1024.5,1032.0
577,2021-04-28 12:36:00,1025.0,1025.0,1025.0,1025.0,25,1325,1104.02,1022.0,1028.75
578,2021-04-28 12:37:00,1025.0,1025.0,1025.0,1025.0,25,1325,1104.02,1022.0,1028.75
579,2021-04-28 12:38:00,1025.0,1025.0,1025.0,1025.0,25,1325,1104.02,1022.0,1028.75
580,2021-04-28 12:39:00,1025.0,1025.0,1025.0,1025.0,25,1325,1104.02,1022.0,1028.75
581,2021-04-28 12:40:00,1005.35,1005.35,1005.35,1005.35,50,1350,1103.52,1005.1,1014.3
582,2021-04-28 12:41:00,1005.35,1005.35,1005.35,1005.35,50,1350,1103.52,1005.1,1014.3
583,2021-04-28 12:42:00,1005.35,1005.35,1005.35,1005.35,50,1350,1103.52,1005.1,1014.3
584,2021-04-28 12:43:00,1005.35,1005.35,1005.35,1005.35,50,1350,1103.52,1005.1,1014.3
585,2021-04-28 12:44:00,1005.35,1005.35,1005.35,1005.35,500,0,1098.75,994.25,1003.55
586,2021-04-28 12:45:00,1005.35,1005.35,1005.35,1005.35,500,0,1098.75,994.25,1003.55
587,2021-04-28 12:46:00,1005.35,1005.35,1005.35,1005.35,500,0,1098.75,994.25,1003.55
588,2021-04-28 12:47:00,1005.35,1005.35,1005.35,1005.35,500,0,1098.75,994.25,1003.55
589,2021-04-28 12:48:00,1005.35,1005.35,1005.35,1005.35,500,0,1098.75,994.25,1003.55
590,2021-04-28 12:49:00,984.0,984.0,984.0,984.0,25,1300,1098.47,977.1,986.2
591,2021-04-28 12:50:00,984.0,984.0,984.0,984.0,25,1300,1098.47,977.1,986.2
592,2021-04-28 12:51:00,984.0,984.0,984.0,984.0,25,1300,1098.47,977.1,986.2
593,2021-04-28 12:52:00,984.0,984.0,984.0,984.0,25,1300,1098.47,977.1,986.2
594,2021-04-28 12:53:00,984.0,984.0,984.0,984.0,25,1300,1098.47,977.1,986.2
595,2021-04-28 12:54:00,984.0,984.0,984.0,984.0,25,1300,1098.47,977.1,986.2
596,2021-04-28 12:55:00,984.0,984.0,984.0,984.0,25,1300,1098.47,977.1,986.2
597,2021-04-28 12:56:00,984.0,984.0,984.0,984.0,25,1300,1098.47,977.1,986.2
598,2021-04-28 12:57:00,984.0,984.0,984.0,984.0,25,1300,1098.47,977.1,986.2
599,2021-04-28 12:58:00,984.0,984.0,984.0,984.0,25,1300,1098.47,977.1,986.2
600,2021-04-28 12:59:00,984.0,984.0,984.0,984.0,25,1300,1098.47,977.1,986.2
601,2021-04-28 13:00:00,955.15,955.15,955.15,955.15,25,1150,1098.13,950.4,960.7
602,2021-04-28 13:01:00,967.1,967.1,967.1,967.1,1625,0,1080.2,970.25,981.65
603,2021-04-28 13:02:00,967.1,967.1,967.1,967.1,1625,0,1080.2,970.25,981.65
604,2021-04-28 13:03:00,967.1,967.1,967.1,967.1,1625,0,1080.2,970.25,981.65
605,2021-04-28 13:04:00,967.1,967.1,967.1,967.1,1625,0,1080.2,970.25,981.65
606,2021-04-28 13:05:00,967.1,967.1,967.1,967.1,1625,0,1080.2,970.25,981.65
607,2021-04-28 13:06:00,956.1,956.1,950.3,956.1,700,1875,1073.19,953.65,955.85
608,2021-04-28 13:07:00,957.15,957.15,957.15,957.15,200,1800,1071.41,955.15,957.65
609,2021-04-28 13:08:00,956.6,956.6,956.6,956.6,75,1800,1070.74,957.15,961.7
610,2021-04-28 13:09:00,956.6,956.6,956.6,956.6,75,1800,1070.74,957.15,961.7
611,2021-04-28 13:10:00,965.4,965.4,965.4,965.4,475,0,1066.98,956.95,964.75
612,2021-04-28 13:11:00,965.4,965.4,965.4,965.4,475,0,1066.98,956.95,964.75
613,2021-04-28 13:12:00,952.4,952.4,952.4,952.4,25,0,1066.77,924.55,935.3
614,2021-04-28 13:13:00,930.35,930.35,930.35,930.35,25,1950,1066.52,926.4,933.45
615,2021-04-28 13:14:00,930.35,930.35,930.35,930.35,25,1950,1066.52,926.4,933.45
616,2021-04-28 13:15:00,920.35,920.35,920.35,920.35,50,1950,1065.98,920.05,926.4
617,2021-04-28 13:16:00,920.35,920.35,920.35,920.35,50,1950,1065.98,920.05,926.4
618,2021-04-28 13:17:00,927.1,927.1,927.1,927.1,25,0,1065.72,923.75,933.4
619,2021-04-28 13:18:00,925.1,925.1,925.1,925.1,25,1975,1065.46,922.25,930.4
620,2021-04-28 13:19:00,925.1,925.1,925.1,925.1,25,1975,1065.46,922.25,930.4
621,2021-04-28 13:20:00,925.1,925.1,925.1,925.1,25,1975,1065.46,922.25,930.4
622,2021-04-28 13:21:00,928.45,928.45,928.45,928.45,75,1975,1064.72,922.05,926.55
623,2021-04-28 13:22:00,928.45,928.45,928.45,928.45,75,1975,1064.72,922.05,926.55
624,2021-04-28 13:23:00,928.9,928.9,928.9,928.9,25,1950,1064.48,933.0,935.05
625,2021-04-28 13:24:00,932.0,932.0,929.5,929.5,75,1950,1063.75,925.7,931.0
626,2021-04-28 13:25:00,924.35,924.35,924.35,924.35,200,1950,1061.78,927.9,931.85
627,2021-04-28 13:26:00,952.95,952.95,952.95,952.95,200,1950,1060.0,943.0,950.45
628,2021-04-28 13:27:00,952.95,952.95,952.95,952.95,200,1950,1060.0,943.0,950.45
629,2021-04-28 13:28:00,944.05,944.05,944.05,944.05,25,0,1059.8,940.65,947.15
630,2021-04-28 13:29:00,944.05,944.05,944.05,944.05,25,0,1059.8,940.65,947.15
631,2021-04-28 13:30:00,944.05,944.05,944.05,944.05,25,0,1059.8,940.65,947.15
632,2021-04-28 13:31:00,944.05,944.05,944.05,944.05,25,0,1059.8,940.65,947.15
633,2021-04-28 13:32:00,944.05,944.05,944.05,944.05,25,0,1059.8,940.65,947.15
634,2021-04-28 13:33:00,935.25,935.25,935.25,935.25,25,1825,1059.58,935.1,941.25
635,2021-04-28 13:34:00,935.25,935.25,935.25,935.25,25,1825,1059.58,935.1,941.25
636,2021-04-28 13:35:00,937.4,937.4,937.4,937.4,25,0,1059.37,933.95,940.45
637,2021-04-28 13:36:00,937.4,937.4,937.4,937.4,25,0,1059.37,933.95,940.45
638,2021-04-28 13:37:00,937.4,937.4,937.4,937.4,25,0,1059.37,933.95,940.45
639,2021-04-28 13:38:00,937.4,937.4,937.4,937.4,25,0,1059.37,933.95,940.45
640,2021-04-28 13:39:00,937.4,937.4,937.4,937.4,25,0,1059.37,933.95,940.45
641,2021-04-28 13:40:00,937.4,937.4,937.4,937.4,25,0,1059.37,933.95,940.45
642,2021-04-28 13:41:00,941.65,941.65,941.65,941.65,50,1800,1058.95,938.95,950.9
643,2021-04-28 13:42:00,949.9,949.9,949.9,949.9,50,0,1058.57,940.4,949.0
644,2021-04-28 13:43:00,949.9,949.9,949.9,949.9,50,0,1058.57,940.4,949.0
645,2021-04-28 13:44:00,946.0,946.0,946.0,946.0,25,1800,1058.37,940.25,951.4
646,2021-04-28 13:45:00,946.0,946.0,946.0,946.0,25,1800,1058.37,940.25,951.4
647,2021-04-28 13:46:00,947.5,947.5,947.5,947.5,25,1775,1058.18,942.95,953.0
648,2021-04-28 13:47:00,947.5,947.5,947.5,947.5,25,1775,1058.18,942.95,953.0
649,2021-04-28 13:48:00,942.45,942.45,942.45,942.45,75,1775,1057.59,945.3,950.15
650,2021-04-28 13:49:00,942.45,942.45,942.45,942.45,75,1775,1057.59,945.3,950.15
651,2021-04-28 13:50:00,943.65,943.65,943.65,943.65,50,1700,1057.2,945.3,952.15
652,2021-04-28 13:51:00,943.65,943.65,943.65,943.65,50,1700,1057.2,945.3,952.15
653,2021-04-28 13:52:00,910.55,910.55,910.55,910.55,200,1675,1055.33,901.75,913.1
654,2021-04-28 13:53:00,896.75,896.75,896.75,896.75,75,1675,1054.55,894.6,904.5
655,2021-04-28 13:54:00,896.75,896.75,896.75,896.75,75,1675,1054.55,894.6,904.5
656,2021-04-28 13:55:00,893.0,893.0,891.05,893.0,525,1825,1048.99,892.5,903.6
657,2021-04-28 13:56:00,888.65,888.65,888.65,888.65,25,1825,1048.72,884.15,893.15
658,2021-04-28 13:57:00,884.6,884.6,884.6,884.6,50,1825,1048.19,873.85,881.95
659,2021-04-28 13:58:00,884.6,884.6,884.6,884.6,50,1825,1048.19,873.85,881.95
660,2021-04-28 13:59:00,871.65,871.65,871.65,871.65,50,2050,1047.62,867.95,875.95
661,2021-04-28 14:00:00,871.65,871.65,871.65,871.65,50,2050,1047.62,867.95,875.95
662,2021-04-28 14:01:00,859.6,859.6,859.6,859.6,1000,1975,1036.27,865.6,871.2
663,2021-04-28 14:02:00,865.8,865.8,865.8,865.8,675,0,1029.62,871.2,880.7
664,2021-04-28 14:03:00,865.8,865.8,865.8,865.8,675,0,1029.62,871.2,880.7
665,2021-04-28 14:04:00,865.8,865.8,865.8,865.8,675,0,1029.62,871.2,880.7
666,2021-04-28 14:05:00,865.8,865.8,865.8,865.8,675,0,1029.62,871.2,880.7
667,2021-04-28 14:06:00,865.8,865.8,865.8,865.8,675,0,1029.62,871.2,880.7
668,2021-04-28 14:07:00,865.8,865.8,865.8,865.8,675,0,1029.62,871.2,880.7
669,2021-04-28 14:08:00,865.8,865.8,865.8,865.8,675,0,1029.62,871.2,880.7
670,2021-04-28 14:09:00,865.8,865.8,865.8,865.8,675,0,1029.62,871.2,880.7
671,2021-04-28 14:10:00,885.85,885.85,869.65,869.65,125,1450,1028.49,866.95,873.6
672,2021-04-28 14:11:00,878.55,878.55,878.55,878.55,1050,1450,1019.72,868.3,878.25
673,2021-04-28 14:12:00,878.55,878.55,878.55,878.55,1050,1450,1019.72,868.3,878.25
674,2021-04-28 14:13:00,878.55,878.55,878.55,878.55,1050,1450,1019.72,868.3,878.25
675,2021-04-28 14:14:00,870.0,870.0,870.0,870.0,525,2200,1015.53,862.85,873.25
676,2021-04-28 14:15:00,870.0,870.0,870.0,870.0,525,2200,1015.53,862.85,873.25
677,2021-04-28 14:16:00,835.45,835.45,835.45,835.45,975,1900,1007.29,856.65,863.5
678,2021-04-28 14:17:00,850.6,850.6,850.6,850.6,475,1900,1003.67,854.55,862.45
679,2021-04-28 14:18:00,853.3,853.3,853.3,853.3,700,1900,998.58,855.3,862.4
680,2021-04-28 14:19:00,853.3,853.3,853.3,853.3,700,1900,998.58,855.3,862.4
681,2021-04-28 14:20:00,853.3,853.3,853.3,853.3,700,1900,998.58,855.3,862.4
682,2021-04-28 14:21:00,853.3,853.3,853.3,853.3,700,1900,998.58,855.3,862.4
683,2021-04-28 14:22:00,853.3,853.3,853.3,853.3,700,1900,998.58,855.3,862.4
684,2021-04-28 14:23:00,853.3,853.3,853.3,853.3,700,1900,998.58,855.3,862.4
685,2021-04-28 14:24:00,853.3,853.3,853.3,853.3,700,1900,998.58,855.3,862.4
686,2021-04-28 14:25:00,853.3,853.3,853.3,853.3,700,1900,998.58,855.3,862.4
687,2021-04-28 14:26:00,853.3,853.3,853.3,853.3,700,1900,998.58,855.3,862.4
688,2021-04-28 14:27:00,853.3,853.3,853.3,853.3,700,1900,998.58,855.3,862.4
689,2021-04-28 14:28:00,853.3,853.3,853.3,853.3,700,1900,998.58,855.3,862.4
690,2021-04-28 14:29:00,865.0,865.0,865.0,865.0,25,0,998.42,861.25,869.75
691,2021-04-28 14:30:00,869.55,869.55,869.55,869.55,50,1875,998.1,855.95,871.9
692,2021-04-28 14:31:00,869.55,869.55,869.55,869.55,50,1875,998.1,855.95,871.9
693,2021-04-28 14:32:00,866.65,866.65,866.65,866.65,25,1900,997.94,867.35,871.9
694,2021-04-28 14:33:00,867.2,867.2,867.2,867.2,50,1900,997.64,866.2,873.85
695,2021-04-28 14:34:00,867.4,867.4,866.8,866.8,75,1800,997.17,861.0,873.75
696,2021-04-28 14:35:00,867.4,867.4,866.8,866.8,75,1800,997.17,861.0,873.75
697,2021-04-28 14:36:00,867.4,867.4,866.8,866.8,75,1800,997.17,861.0,873.75
698,2021-04-28 14:37:00,867.4,867.4,866.8,866.8,75,1800,997.17,861.0,873.75
699,2021-04-28 14:38:00,867.4,867.4,866.8,866.8,75,1800,997.17,861.0,873.75
700,2021-04-28 14:39:00,867.4,867.4,866.8,866.8,75,1800,997.17,861.0,873.75
701,2021-04-28 14:40:00,867.4,867.4,866.8,866.8,75,1800,997.17,861.0,873.75
702,2021-04-28 14:41:00,867.4,867.4,866.8,866.8,75,1800,997.17,861.0,873.75
703,2021-04-28 14:42:00,867.4,867.4,866.8,866.8,75,1800,997.17,861.0,873.75
704,2021-04-28 14:43:00,839.95,839.95,839.95,839.95,100,1750,996.46,837.6,849.3
705,2021-04-28 14:44:00,839.95,839.95,839.95,839.95,100,1750,996.46,837.6,849.3
706,2021-04-28 14:45:00,839.95,839.95,839.95,839.95,100,1750,996.46,837.6,849.3
707,2021-04-28 14:46:00,839.95,839.95,839.95,839.95,100,1750,996.46,837.6,849.3
708,2021-04-28 14:47:00,835.0,835.0,835.0,835.0,25,0,996.27,828.75,838.25
709,2021-04-28 14:48:00,835.0,835.0,835.0,835.0,25,0,996.27,828.75,838.25
710,2021-04-28 14:49:00,835.0,835.0,835.0,835.0,25,0,996.27,828.75,838.25
711,2021-04-28 14:50:00,835.0,835.0,835.0,835.0,25,0,996.27,828.75,838.25
712,2021-04-28 14:51:00,835.0,835.0,835.0,835.0,25,0,996.27,828.75,838.25
713,2021-04-28 14:52:00,835.0,835.0,835.0,835.0,25,0,996.27,828.75,838.25
714,2021-04-28 14:53:00,835.0,835.0,835.0,835.0,25,0,996.27,828.75,838.25
715,2021-04-28 14:54:00,835.0,835.0,835.0,835.0,25,0,996.27,828.75,838.25
716,2021-04-28 14:55:00,835.0,835.0,835.0,835.0,25,0,996.27,828.75,838.25
717,2021-04-28 14:56:00,835.0,835.0,835.0,835.0,25,0,996.27,828.75,838.25
718,2021-04-28 14:57:00,835.0,835.0,835.0,835.0,25,0,996.27,828.75,838.25
719,2021-04-28 14:58:00,835.0,835.0,835.0,835.0,25,0,996.27,828.75,838.25
720,2021-04-28 14:59:00,835.0,835.0,835.0,835.0,25,0,996.27,828.75,838.25
721,2021-04-28 15:00:00,835.0,835.0,835.0,835.0,25,0,996.27,828.75,838.25
722,2021-04-28 15:01:00,835.0,835.0,835.0,835.0,25,0,996.27,828.75,838.25
723,2021-04-28 15:02:00,835.0,835.0,835.0,835.0,25,0,996.27,828.75,838.25
724,2021-04-28 15:03:00,835.0,835.0,835.0,835.0,25,0,996.27,828.75,838.25
725,2021-04-28 15:04:00,835.0,835.0,835.0,835.0,25,0,996.27,828.75,838.25
726,2021-04-28 15:05:00,835.0,835.0,835.0,835.0,25,0,996.27,828.75,838.25
727,2021-04-28 15:06:00,835.0,835.0,835.0,835.0,25,0,996.27,828.75,838.25
728,2021-04-28 15:07:00,822.85,822.85,822.85,822.85,50,1775,995.87,820.9,829.55
729,2021-04-28 15:08:00,819.2,819.2,819.2,819.2,50,1775,995.45,815.2,819.5
730,2021-04-28 15:09:00,819.25,819.3,819.25,819.3,100,1725,994.63,812.9,823.25
731,2021-04-28 15:10:00,819.25,819.3,819.25,819.3,100,1725,994.63,812.9,823.25
732,2021-04-28 15:11:00,819.25,819.3,819.25,819.3,100,1725,994.63,812.9,823.25
733,2021-04-28 15:12:00,819.25,819.3,819.25,819.3,100,1725,994.63,812.9,823.25
734,2021-04-28 15:13:00,819.25,819.3,819.25,819.3,100,1725,994.63,812.9,823.25
735,2021-04-28 15:14:00,828.35,828.35,828.35,828.35,75,1775,994.05,822.1,831.45
736,2021-04-28 15:15:00,828.35,828.35,828.35,828.35,75,1775,994.05,822.1,831.45
737,2021-04-28 15:16:00,828.35,828.35,828.35,828.35,75,1775,994.05,822.1,831.45
738,2021-04-28 15:17:00,835.35,835.35,835.35,835.35,100,1775,993.28,821.6,833.4
739,2021-04-28 15:18:00,828.15,828.15,828.15,828.15,50,1775,992.91,832.5,838.35
740,2021-04-28 15:19:00,848.25,848.25,848.25,848.25,25,1725,992.74,855.4,864.15
741,2021-04-28 15:20:00,854.5,854.5,854.5,854.5,75,1725,992.27,850.8,862.35
742,2021-04-28 15:21:00,851.15,851.15,851.15,851.15,25,0,992.11,842.85,855.15
743,2021-04-28 15:22:00,851.15,851.15,851.15,851.15,25,0,992.11,842.85,855.15
744,2021-04-28 15:23:00,851.15,851.15,851.15,851.15,25,0,992.11,842.85,855.15
745,2021-04-28 15:24:00,851.15,851.15,851.15,851.15,25,0,992.11,842.85,855.15
746,2021-04-28 15:25:00,851.15,851.15,851.15,851.15,25,0,992.11,842.85,855.15
747,2021-04-28 15:26:00,851.15,851.15,851.15,851.15,25,0,992.11,842.85,855.15
748,2021-04-28 15:27:00,857.75,857.75,857.75,857.75,50,0,991.8,859.7,866.1
749,2021-04-28 15:28:00,866.1,866.1,866.1,866.1,50,1625,991.52,854.0,866.8
750,2021-04-28 15:29:00,866.1,866.1,866.1,866.1,50,1625,991.52,854.0,866.8
751,2021-04-28 15:30:00,866.1,866.1,866.1,866.1,50,1625,991.52,854.0,866.8
752,2021-04-29 09:15:00,866.1,866.1,866.1,866.1,50,1625,991.52,854.0,866.8
753,2021-04-29 09:16:00,866.1,866.1,866.1,866.1,50,1625,991.52,854.0,866.8
754,2021-04-29 09:17:00,866.1,866.1,866.1,866.1,50,1625,991.52,854.0,866.8
755,2021-04-29 09:18:00,866.1,866.1,866.1,866.1,50,1625,991.52,854.0,866.8
756,2021-04-29 09:19:00,866.1,866.1,866.1,866.1,50,1625,991.52,854.0,866.8
757,2021-04-29 09:20:00,680.25,680.25,673.7,673.7,50,1550,676.97,651.25,673.65
758,2021-04-29 09:21:00,680.25,680.25,673.7,673.7,50,1550,676.97,651.25,673.65
759,2021-04-29 09:22:00,665.35,665.35,665.35,665.35,75,1550,670.0,666.4,676.25
760,2021-04-29 09:23:00,668.7,668.7,668.7,668.7,25,0,669.78,655.0,669.55
761,2021-04-29 09:24:00,668.7,668.7,668.7,668.7,25,0,669.78,655.0,669.55
762,2021-04-29 09:25:00,668.7,668.7,668.7,668.7,25,0,669.78,655.0,669.55
763,2021-04-29 09:26:00,666.6,666.6,666.6,666.6,125,1550,668.33,665.3,679.5
764,2021-04-29 09:27:00,666.6,666.6,666.6,666.6,125,1550,668.33,665.3,679.5
765,2021-04-29 09:28:00,666.6,666.6,666.6,666.6,125,1550,668.33,665.3,679.5
766,2021-04-29 09:29:00,675.4,675.4,675.4,675.4,25,1550,668.92,669.1,684.85
767,2021-04-29 09:30:00,675.4,675.4,675.4,675.4,25,1550,668.92,669.1,684.85
768,2021-04-29 09:31:00,675.4,675.4,675.4,675.4,25,1550,668.92,669.1,684.85
769,2021-04-29 09:32:00,675.4,675.4,675.4,675.4,25,1550,668.92,669.1,684.85
770,2021-04-29 09:33:00,680.0,680.0,680.0,680.0,50,1550,670.51,673.8,682.95
771,2021-04-29 09:34:00,673.8,673.8,673.8,673.8,50,0,670.92,670.05,678.6
772,2021-04-29 09:35:00,673.8,673.8,673.8,673.8,50,0,670.92,670.05,678.6
773,2021-04-29 09:36:00,670.05,670.05,670.05,670.05,25,1700,670.87,664.25,674.1
774,2021-04-29 09:37:00,674.1,674.1,674.1,674.1,25,0,671.05,658.35,669.5
775,2021-04-29 09:38:00,661.35,661.35,661.35,661.35,25,1700,670.53,663.3,673.05
776,2021-04-29 09:39:00,670.0,670.0,670.0,670.0,25,1725,670.51,660.8,672.9
777,2021-04-29 09:40:00,670.0,670.0,670.0,670.0,25,1725,670.51,660.8,672.9
778,2021-04-29 09:41:00,670.0,670.0,670.0,670.0,25,1725,670.51,660.8,672.9
779,2021-04-29 09:42:00,670.0,670.0,670.0,670.0,25,1725,670.51,660.8,672.9
780,2021-04-29 09:43:00,702.3,702.3,702.3,702.3,50,0,673.4,694.4,706.45
781,2021-04-29 09:44:00,702.3,702.3,702.3,702.3,50,0,673.4,694.4,706.45
782,2021-04-29 09:45:00,702.3,702.3,702.3,702.3,50,0,673.4,694.4,706.45
783,2021-04-29 09:46:00,702.3,702.3,702.3,702.3,50,0,673.4,694.4,706.45
784,2021-04-29 09:47:00,697.85,697.85,697.85,697.85,25,0,674.46,703.15,734.5
785,2021-04-29 09:48:00,697.85,697.85,697.85,697.85,25,0,674.46,703.15,734.5
786,2021-04-29 09:49:00,771.75,771.75,771.75,771.75,25,1725,678.51,738.45,783.3
787,2021-04-29 09:50:00,748.4,794.25,748.4,748.4,75,1675,689.27,785.55,817.75
788,2021-04-29 09:51:00,748.4,794.25,748.4,748.4,75,1675,689.27,785.55,817.75
789,2021-04-29 09:52:00,825.0,825.0,825.0,825.0,125,1675,709.58,801.35,832.1
790,2021-04-29 09:53:00,825.0,825.0,825.0,825.0,125,1675,709.58,801.35,832.1
791,2021-04-29 09:54:00,825.0,825.0,825.0,825.0,125,1675,709.58,801.35,832.1
792,2021-04-29 09:55:00,836.7,845.9,836.7,836.7,400,1675,753.57,827.85,898.2
793,2021-04-29 09:56:00,836.7,845.9,836.7,836.7,400,1675,753.57,827.85,898.2
794,2021-04-29 09:57:00,855.95,881.0,855.95,855.95,50,0,758.17,899.4,938.55
795,2021-04-29 09:58:00,855.95,881.0,855.95,855.95,50,0,758.17,899.4,938.55
796,2021-04-29 09:59:00,930.75,939.05,930.75,930.75,100,1925,770.92,921.0,940.7
797,2021-04-29 10:00:00,930.75,939.05,930.75,930.75,100,1925,770.92,921.0,940.7
798,2021-04-29 10:01:00,889.25,889.25,889.25,889.25,775,0,811.88,903.75,925.3
799,2021-04-29 10:02:00,889.25,889.25,889.25,889.25,775,0,811.88,903.75,925.3
800,2021-04-29 10:03:00,913.35,913.35,913.35,913.35,75,1875,815.44,901.05,919.65
801,2021-04-29 10:04:00,913.35,913.35,913.35,913.35,75,1875,815.44,901.05,919.65
802,2021-04-29 10:05:00,860.0,860.0,860.0,860.0,100,1975,817.54,841.8,865.2
803,2021-04-29 10:06:00,860.0,860.0,860.0,860.0,100,1975,817.54,841.8,865.2
804,2021-04-29 10:07:00,830.0,830.0,830.0,830.0,25,0,817.67,824.25,836.8
805,2021-04-29 10:08:00,830.0,830.0,830.0,830.0,25,0,817.67,824.25,836.8
806,2021-04-29 10:09:00,830.0,830.0,830.0,830.0,25,0,817.67,824.25,836.8
807,2021-04-29 10:10:00,875.05,875.05,875.05,875.05,75,1975,819.75,861.4,890.35
808,2021-04-29 10:11:00,875.05,875.05,875.05,875.05,75,1975,819.75,861.4,890.35
809,2021-04-29 10:12:00,875.05,875.05,875.05,875.05,75,1975,819.75,861.4,890.35
810,2021-04-29 10:13:00,875.05,875.05,875.05,875.05,75,1975,819.75,861.4,890.35
811,2021-04-29 10:14:00,875.05,875.05,875.05,875.05,75,1975,819.75,861.4,890.35
812,2021-04-29 10:15:00,875.05,875.05,875.05,875.05,75,1975,819.75,861.4,890.35
813,2021-04-29 10:16:00,875.05,875.05,875.05,875.05,75,1975,819.75,861.4,890.35
814,2021-04-29 10:17:00,877.15,877.15,877.15,877.15,100,1875,822.21,848.7,894.95
815,2021-04-29 10:18:00,868.35,868.35,868.35,868.35,25,0,822.66,860.5,879.25
816,2021-04-29 10:19:00,868.35,868.35,868.35,868.35,25,0,822.66,860.5,879.25
817,2021-04-29 10:20:00,868.35,868.35,868.35,868.35,25,0,822.66,860.5,879.25
818,2021-04-29 10:21:00,868.35,868.35,868.35,868.35,25,0,822.66,860.5,879.25
819,2021-04-29 10:22:00,863.95,863.95,863.95,863.95,100,0,824.24,863.0,874.55
820,2021-04-29 10:23:00,870.65,870.65,870.65,870.65,25,1850,824.67,861.35,877.75
821,2021-04-29 10:24:00,870.65,870.65,870.65,870.65,25,1850,824.67,861.35,877.75
822,2021-04-29 10:25:00,866.4,866.4,866.4,866.4,25,0,825.06,856.1,868.8
823,2021-04-29 10:26:00,866.4,866.4,866.4,866.4,25,0,825.06,856.1,868.8
824,2021-04-29 10:27:00,866.4,866.4,866.4,866.4,25,0,825.06,856.1,868.8
825,2021-04-29 10:28:00,866.4,866.4,866.4,866.4,25,0,825.06,856.1,868.8
826,2021-04-29 10:29:00,866.4,866.4,866.4,866.4,25,0,825.06,856.1,868.8
827,2021-04-29 10:30:00,866.4,866.4,866.4,866.4,25,0,825.06,856.1,868.8
828,2021-04-29 10:31:00,866.4,866.4,866.4,866.4,25,0,825.06,856.1,868.8
829,2021-04-29 10:32:00,865.95,865.95,865.95,865.95,50,0,825.81,865.45,873.65
830,2021-04-29 10:33:00,865.95,865.95,865.95,865.95,50,0,825.81,865.45,873.65
831,2021-04-29 10:34:00,865.95,865.95,865.95,865.95,50,0,825.81,865.45,873.65
832,2021-04-29 10:35:00,865.95,865.95,865.95,865.95,50,0,825.81,865.45,873.65
833,2021-04-29 10:36:00,865.95,865.95,865.95,865.95,50,0,825.81,865.45,873.65
834,2021-04-29 10:37:00,865.95,865.95,865.95,865.95,50,0,825.81,865.45,873.65
835,2021-04-29 10:38:00,903.4,903.4,903.4,903.4,150,1700,829.7,897.0,911.45
836,2021-04-29 10:39:00,903.4,903.4,903.4,903.4,150,1700,829.7,897.0,911.45
837,2021-04-29 10:40:00,926.5,926.5,926.5,926.5,25,1675,830.54,915.85,932.9
838,2021-04-29 10:41:00,906.05,906.05,906.05,906.05,50,1675,831.82,900.65,918.4
839,2021-04-29 10:42:00,906.05,906.05,906.05,906.05,50,1675,831.82,900.65,918.4
840,2021-04-29 10:43:00,916.65,916.65,916.65,916.65,50,1675,833.13,913.7,925.8
841,2021-04-29 10:44:00,916.65,916.65,916.65,916.65,50,1675,833.13,913.7,925.8
842,2021-04-29 10:45:00,930.0,930.0,930.0,930.0,75,1625,835.36,921.0,925.55
843,2021-04-29 10:46:00,930.0,930.0,930.0,930.0,75,1625,835.36,921.0,925.55
844,2021-04-29 10:47:00,930.0,930.0,930.0,930.0,75,1625,835.36,921.0,925.55
845,2021-04-29 10:48:00,931.1,931.1,931.1,931.1,25,1625,836.13,926.85,933.15
846,2021-04-29 10:49:00,944.0,949.3,944.0,944.0,150,1625,841.09,939.55,946.9
847,2021-04-29 10:50:00,944.0,949.3,944.0,944.0,150,1625,841.09,939.55,946.9
848,2021-04-29 10:51:00,987.35,987.35,987.35,987.35,150,1475,846.68,981.4,997.0
849,2021-04-29 10:52:00,1000.45,1002.5,1000.45,1000.45,150,1475,853.07,984.2,1003.7
850,2021-04-29 10:53:00,1000.45,1002.5,1000.45,1000.45,150,1475,853.07,984.2,1003.7
851,2021-04-29 10:54:00,1000.45,1002.5,1000.45,1000.45,150,1475,853.07,984.2,1003.7
852,2021-04-29 10:55:00,1000.45,1002.5,1000.45,1000.45,150,1475,853.07,984.2,1003.7
853,2021-04-29 10:56:00,1000.45,1002.5,1000.45,1000.45,150,1475,853.07,984.2,1003.7
854,2021-04-29 10:57:00,948.1,948.1,948.1,948.1,50,1350,854.43,970.75,984.85
855,2021-04-29 10:58:00,975.55,975.55,975.55,975.55,75,1350,856.93,966.8,983.4
856,2021-04-29 10:59:00,975.55,975.55,975.55,975.55,75,1350,856.93,966.8,983.4
857,2021-04-29 11:00:00,981.3,981.3,981.3,981.3,50,1300,858.6,970.05,984.3
858,2021-04-29 11:01:00,978.0,978.0,978.0,978.0,75,0,861.0,957.85,974.95
859,2021-04-29 11:02:00,968.15,968.15,968.15,968.15,25,1300,861.7,949.5,968.4
860,2021-04-29 11:03:00,968.15,968.15,968.15,968.15,25,1300,861.7,949.5,968.4
861,2021-04-29 11:04:00,981.25,981.25,981.25,981.25,25,0,862.47,970.05,993.8
862,2021-04-29 11:05:00,998.75,1005.2,998.75,998.75,50,1275,864.26,996.15,1003.0
863,2021-04-29 11:06:00,994.2,994.2,994.2,994.2,75,1225,866.76,995.3,1005.85
864,2021-04-29 11:07:00,994.2,994.2,994.2,994.2,75,1225,866.76,995.3,1005.85
865,2021-04-29 11:08:00,998.6,998.6,998.6,998.6,75,1225,869.18,993.35,1000.7
866,2021-04-29 11:09:00,995.3,995.3,995.3,995.3,75,1150,871.47,1002.15,1014.7
867,2021-04-29 11:10:00,1006.35,1006.4,1006.35,1006.35,75,0,873.88,963.7,996.25
868,2021-04-29 11:11:00,1006.35,1006.4,1006.35,1006.35,75,0,873.88,963.7,996.25
869,2021-04-29 11:12:00,986.6,986.6,986.6,986.6,25,0,874.55,984.95,998.15
870,2021-04-29 11:13:00,986.6,986.6,986.6,986.6,25,0,874.55,984.95,998.15
871,2021-04-29 11:14:00,984.15,984.15,984.15,984.15,25,0,875.19,986.1,987.95
872,2021-04-29 11:15:00,984.15,984.15,984.15,984.15,25,0,875.19,986.1,987.95
873,2021-04-29 11:16:00,984.15,984.15,984.15,984.15,25,0,875.19,986.1,987.95
874,2021-04-29 11:17:00,984.15,984.15,984.15,984.15,25,0,875.19,986.1,987.95
875,2021-04-29 11:18:00,909.0,909.0,909.0,909.0,25,1100,875.39,893.8,915.45
876,2021-04-29 11:19:00,909.0,909.0,909.0,909.0,25,1100,875.39,893.8,915.45
877,2021-04-29 11:20:00,919.45,919.45,919.45,919.45,1275,0,884.89,897.35,921.2
878,2021-04-29 11:21:00,919.45,919.45,919.45,919.45,1275,0,884.89,897.35,921.2
879,2021-04-29 11:22:00,919.45,919.45,919.45,919.45,1275,0,884.89,897.35,921.2
880,2021-04-29 11:23:00,872.0,872.0,872.0,872.0,175,0,885.13,879.1,888.1
881,2021-04-29 11:24:00,882.8,882.8,882.8,882.8,50,1725,885.11,874.4,887.25
882,2021-04-29 11:25:00,882.8,882.8,882.8,882.8,50,1725,885.11,874.4,887.25
883,2021-04-29 11:26:00,882.8,882.8,882.8,882.8,50,1725,885.11,874.4,887.25
884,2021-04-29 11:27:00,864.45,864.45,864.45,864.45,1425,1650,881.02,854.25,874.95
885,2021-04-29 11:28:00,864.45,864.45,864.45,864.45,1425,1650,881.02,854.25,874.95
886,2021-04-29 11:29:00,872.25,872.25,872.25,872.25,50,1650,880.92,874.25,879.3
887,2021-04-29 11:30:00,888.35,888.35,888.35,888.35,50,1550,880.97,884.45,895.1
888,2021-04-29 11:31:00,910.0,910.0,910.0,910.0,150,1550,881.58,902.4,922.4
889,2021-04-29 11:32:00,893.0,893.0,893.0,893.0,50,1550,881.68,887.8,897.9
890,2021-04-29 11:33:00,893.0,893.0,893.0,893.0,50,1550,881.68,887.8,897.9
891,2021-04-29 11:34:00,893.0,893.0,893.0,893.0,50,1550,881.68,887.8,897.9
892,2021-04-29 11:35:00,882.05,882.05,882.05,882.05,25,1425,881.68,875.75,890.1
893,2021-04-29 11:36:00,882.05,882.05,882.05,882.05,25,1425,881.68,875.75,890.1
894,2021-04-29 11:37:00,882.05,882.05,882.05,882.05,25,1425,881.68,875.75,890.1
895,2021-04-29 11:38:00,882.05,882.05,882.05,882.05,25,1425,881.68,875.75,890.1
896,2021-04-29 11:39:00,882.05,882.05,882.05,882.05,25,1425,881.68,875.75,890.1
897,2021-04-29 11:40:00,906.7,906.7,906.7,906.7,25,1400,881.77,893.85,914.35
898,2021-04-29 11:41:00,906.7,906.7,906.7,906.7,25,1400,881.77,893.85,914.35
899,2021-04-29 11:42:00,906.7,906.7,906.7,906.7,25,1400,881.77,893.85,914.35
900,2021-04-29 11:43:00,906.7,906.7,906.7,906.7,25,1400,881.77,893.85,914.35
901,2021-04-29 11:44:00,906.7,906.7,906.7,906.7,25,1400,881.77,893.85,914.35
902,2021-04-29 11:45:00,906.7,906.7,906.7,906.7,25,1400,881.77,893.85,914.35
903,2021-04-29 11:46:00,906.7,906.7,906.7,906.7,25,1400,881.77,893.85,914.35
904,2021-04-29 11:47:00,906.7,906.7,906.7,906.7,25,1400,881.77,893.85,914.35
905,2021-04-29 11:48:00,906.7,906.7,906.7,906.7,25,1400,881.77,893.85,914.35
906,2021-04-29 11:49:00,906.7,906.7,906.7,906.7,25,1400,881.77,893.85,914.35
907,2021-04-29 11:50:00,906.7,906.7,906.7,906.7,25,1400,881.77,893.85,914.35
908,2021-04-29 11:51:00,906.7,906.7,906.7,906.7,25,1400,881.77,893.85,914.35
909,2021-04-29 11:52:00,906.7,906.7,906.7,906.7,25,1400,881.77,893.85,914.35
910,2021-04-29 11:53:00,846.75,846.75,846.75,846.75,100,0,881.25,839.6,857.05
911,2021-04-29 11:54:00,846.75,846.75,846.75,846.75,100,0,881.25,839.6,857.05
912,2021-04-29 11:55:00,846.75,846.75,846.75,846.75,100,0,881.25,839.6,857.05
913,2021-04-29 11:56:00,846.75,846.75,846.75,846.75,100,0,881.25,839.6,857.05
914,2021-04-29 11:57:00,853.1,853.1,853.1,853.1,50,1425,881.07,847.85,863.7
915,2021-04-29 11:58:00,863.7,863.7,863.7,863.7,50,0,880.96,851.8,872.2
916,2021-04-29 11:59:00,872.0,872.0,872.0,872.0,50,1425,880.9,871.1,890.4
917,2021-04-29 12:00:00,872.0,872.0,872.0,872.0,50,1425,880.9,871.1,890.4
918,2021-04-29 12:01:00,907.65,907.65,907.65,907.65,25,1425,880.98,886.4,907.7
919,2021-04-29 12:02:00,889.85,889.85,889.85,889.85,25,0,881.01,867.7,873.9
920,2021-04-29 12:03:00,889.85,889.85,889.85,889.85,25,0,881.01,867.7,873.9
921,2021-04-29 12:04:00,889.85,889.85,889.85,889.85,25,0,881.01,867.7,873.9
922,2021-04-29 12:05:00,871.45,871.45,871.45,871.45,25,1425,880.98,865.75,873.65
923,2021-04-29 12:06:00,871.45,871.45,871.45,871.45,25,1425,880.98,865.75,873.65
924,2021-04-29 12:07:00,871.45,871.45,871.45,871.45,25,1425,880.98,865.75,873.65
925,2021-04-29 12:08:00,859.15,859.15,859.15,859.15,25,1375,880.91,855.5,865.5
926,2021-04-29 12:09:00,868.35,868.35,868.35,868.35,50,0,880.82,858.15,867.45
927,2021-04-29 12:10:00,868.35,868.35,868.35,868.35,50,0,880.82,858.15,867.45
928,2021-04-29 12:11:00,868.35,868.35,868.35,868.35,50,0,880.82,858.15,867.45
929,2021-04-29 12:12:00,868.35,868.35,868.35,868.35,50,0,880.82,858.15,867.45
930,2021-04-29 12:13:00,868.35,868.35,868.35,868.35,50,0,880.82,858.15,867.45
931,2021-04-29 12:14:00,868.35,868.35,868.35,868.35,50,0,880.82,858.15,867.45
932,2021-04-29 12:15:00,868.35,868.35,868.35,868.35,50,0,880.82,858.15,867.45
933,2021-04-29 12:16:00,864.6,864.6,864.6,864.6,50,0,880.72,857.35,872.7
934,2021-04-29 12:17:00,864.6,864.6,864.6,864.6,50,0,880.72,857.35,872.7
935,2021-04-29 12:18:00,864.6,864.6,864.6,864.6,50,0,880.72,857.35,872.7
936,2021-04-29 12:19:00,864.6,864.6,864.6,864.6,50,0,880.72,857.35,872.7
937,2021-04-29 12:20:00,864.6,864.6,864.6,864.6,50,0,880.72,857.35,872.7
938,2021-04-29 12:21:00,864.6,864.6,864.6,864.6,50,0,880.72,857.35,872.7
939,2021-04-29 12:22:00,864.6,864.6,864.6,864.6,50,0,880.72,857.35,872.7
940,2021-04-29 12:23:00,873.3,873.3,873.3,873.3,50,0,880.67,863.65,880.85
941,2021-04-29 12:24:00,869.75,869.75,869.75,869.75,25,1400,880.64,868.55,880.1
942,2021-04-29 12:25:00,869.75,869.75,869.75,869.75,25,1400,880.64,868.55,880.1
943,2021-04-29 12:26:00,869.75,869.75,869.75,869.75,25,1400,880.64,868.55,880.1
944,2021-04-29 12:27:00,869.75,869.75,869.75,869.75,25,1400,880.64,868.55,880.1
945,2021-04-29 12:28:00,869.75,869.75,869.75,869.75,25,1400,880.64,868.55,880.1
946,2021-04-29 12:29:00,869.75,869.75,869.75,869.75,25,1400,880.64,868.55,880.1
947,2021-04-29 12:30:00,873.8,873.8,873.8,873.8,25,0,880.62,868.35,876.35
948,2021-04-29 12:31:00,873.8,873.8,873.8,873.8,25,0,880.62,868.35,876.35
949,2021-04-29 12:32:00,873.8,873.8,873.8,873.8,25,0,880.62,868.35,876.35
950,2021-04-29 12:33:00,892.55,892.55,892.55,892.55,50,1375,880.64,882.7,901.3
951,2021-04-29 12:34:00,892.55,892.55,892.55,892.55,50,1375,880.64,882.7,901.3
952,2021-04-29 12:35:00,892.55,892.55,892.55,892.55,50,1375,880.64,882.7,901.3
953,2021-04-29 12:36:00,892.55,892.55,892.55,892.55,50,1375,880.64,882.7,901.3
954,2021-04-29 12:37:00,892.55,892.55,892.55,892.55,50,1375,880.64,882.7,901.3
955,2021-04-29 12:38:00,892.55,892.55,892.55,892.55,50,1375,880.64,882.7,901.3
956,2021-04-29 12:39:00,892.55,892.55,892.55,892.55,50,1375,880.64,882.7,901.3
957,2021-04-29 12:40:00,892.55,892.55,892.55,892.55,50,1375,880.64,882.7,901.3
958,2021-04-29 12:41:00,892.55,892.55,892.55,892.55,50,1375,880.64,882.7,901.3
959,2021-04-29 12:42:00,892.55,892.55,892.55,892.55,50,1375,880.64,882.7,901.3
960,2021-04-29 12:43:00,892.55,892.55,892.55,892.55,50,1375,880.64,882.7,901.3
961,2021-04-29 12:44:00,892.55,892.55,892.55,892.55,50,1375,880.64,882.7,901.3
962,2021-04-29 12:45:00,892.55,892.55,892.55,892.55,50,1375,880.64,882.7,901.3
963,2021-04-29 12:46:00,892.55,892.55,892.55,892.55,50,1375,880.64,882.7,901.3
964,2021-04-29 12:47:00,880.2,880.2,880.2,880.2,100,0,880.6,876.75,893.1
965,2021-04-29 12:48:00,881.5,881.5,881.5,881.5,25,1375,880.6,866.7,875.3
966,2021-04-29 12:49:00,875.3,875.3,875.3,875.3,25,0,880.59,866.7,880.1
967,2021-04-29 12:50:00,875.3,875.3,875.3,875.3,25,0,880.59,866.7,880.1
968,2021-04-29 12:51:00,875.3,875.3,875.3,875.3,25,0,880.59,866.7,880.1
969,2021-04-29 12:52:00,849.2,849.2,849.2,849.2,1000,1400,875.85,823.8,836.7
970,2021-04-29 12:53:00,849.2,849.2,849.2,849.2,1000,1400,875.85,823.8,836.7
971,2021-04-29 12:54:00,828.0,828.0,828.0,828.0,225,2100,874.67,818.0,830.25
972,2021-04-29 12:55:00,835.4,835.4,835.4,835.4,125,2100,873.98,829.45,842.55
973,2021-04-29 12:56:00,835.4,835.4,835.4,835.4,125,2100,873.98,829.45,842.55
974,2021-04-29 12:57:00,835.4,835.4,835.4,835.4,125,2100,873.98,829.45,842.55
975,2021-04-29 12:58:00,823.8,823.8,823.8,823.8,75,2100,873.61,807.85,829.1
976,2021-04-29 12:59:00,817.5,817.5,817.5,817.5,1400,2100,865.78,818.1,824.65
977,2021-04-29 13:00:00,817.5,817.5,817.5,817.5,1400,2100,865.78,818.1,824.65
978,2021-04-29 13:01:00,812.3,812.3,812.3,812.3,100,1900,865.34,816.85,826.65
979,2021-04-29 13:02:00,817.6,817.6,817.6,817.6,25,0,865.24,815.95,825.15
980,2021-04-29 13:03:00,815.0,815.0,815.0,815.0,50,1875,865.01,812.0,818.85
981,2021-04-29 13:04:00,806.3,806.3,806.3,806.3,50,1875,864.76,804.2,813.25
982,2021-04-29 13:05:00,806.3,806.3,806.3,806.3,50,1875,864.76,804.2,813.25
983,2021-04-29 13:06:00,792.45,792.45,792.45,792.45,100,1650,864.19,790.8,796.15
984,2021-04-29 13:07:00,789.75,789.75,789.75,789.75,175,1650,863.13,784.7,791.75
985,2021-04-29 13:08:00,789.75,789.75,789.75,789.75,175,1650,863.13,784.7,791.75
986,2021-04-29 13:09:00,788.8,788.8,788.8,788.8,50,0,862.81,782.7,789.4
987,2021-04-29 13:10:00,800.45,800.45,800.45,800.45,50,1525,862.54,795.8,807.7
988,2021-04-29 13:11:00,822.65,822.65,822.65,822.65,75,1525,862.19,816.9,832.4
989,2021-04-29 13:12:00,822.65,822.65,822.65,822.65,75,1525,862.19,816.9,832.4
990,2021-04-29 13:13:00,847.2,847.2,847.2,847.2,150,1475,861.92,824.25,845.8
991,2021-04-29 13:14:00,846.8,846.8,846.8,846.8,150,1475,861.65,845.1,851.65
992,2021-04-29 13:15:00,846.8,846.8,846.8,846.8,150,1475,861.65,845.1,851.65
993,2021-04-29 13:16:00,846.8,846.8,846.8,846.8,150,1475,861.65,845.1,851.65
994,2021-04-29 13:17:00,846.8,846.8,846.8,846.8,150,1475,861.65,845.1,851.65
995,2021-04-29 13:18:00,818.25,818.25,818.25,818.25,100,0,861.31,822.2,828.55
996,2021-04-29 13:19:00,818.25,818.25,818.25,818.25,100,0,861.31,822.2,828.55
997,2021-04-29 13:20:00,812.8,812.8,812.8,812.8,50,1350,861.12,807.05,813.6
998,2021-04-29 13:21:00,812.8,812.8,812.8,812.8,50,1350,861.12,807.05,813.6
999,2021-04-29 13:22:00,812.8,812.8,812.8,812.8,50,1350,861.12,807.05,813.6
1000,2021-04-29 13:23:00,812.8,812.8,812.8,812.8,50,1350,861.12,807.05,813.6
1001,2021-04-29 13:24:00,811.7,811.7,811.7,811.7,150,0,860.51,814.1,820.9
1002,2021-04-29 13:25:00,811.7,811.7,811.7,811.7,150,0,860.51,814.1,820.9
1003,2021-04-29 13:26:00,811.7,811.7,811.7,811.7,150,0,860.51,814.1,820.9
1004,2021-04-29 13:27:00,811.7,811.7,811.7,811.7,150,0,860.51,814.1,820.9
1005,2021-04-29 13:28:00,811.7,811.7,811.7,811.7,150,0,860.51,814.1,820.9
1006,2021-04-29 13:29:00,811.7,811.7,811.7,811.7,150,0,860.51,814.1,820.9
1007,2021-04-29 13:30:00,811.7,811.7,811.7,811.7,150,0,860.51,814.1,820.9
1008,2021-04-29 13:31:00,818.3,818.3,818.3,818.3,50,1375,860.36,811.75,825.25
1009,2021-04-29 13:32:00,811.7,811.7,811.7,811.7,125,0,859.88,812.55,819.15
1010,2021-04-29 13:33:00,811.7,811.7,811.7,811.7,125,0,859.88,812.55,819.15
1011,2021-04-29 13:34:00,811.7,811.7,811.7,811.7,125,0,859.88,812.55,819.15
1012,2021-04-29 13:35:00,811.7,811.7,811.7,811.7,25,0,859.79,811.55,822.1
1013,2021-04-29 13:36:00,811.7,811.7,811.7,811.7,25,0,859.79,811.55,822.1
1014,2021-04-29 13:37:00,811.7,811.7,811.7,811.7,25,0,859.79,811.55,822.1
1015,2021-04-29 13:38:00,811.7,811.7,811.7,811.7,25,0,859.79,811.55,822.1
1016,2021-04-29 13:39:00,811.7,811.7,811.7,811.7,25,0,859.79,811.55,822.1
1017,2021-04-29 13:40:00,811.7,811.7,811.7,811.7,25,0,859.79,811.55,822.1
1018,2021-04-29 13:41:00,822.9,822.9,822.9,822.9,25,1450,859.72,822.2,828.85
1019,2021-04-29 13:42:00,822.9,822.9,822.9,822.9,25,1450,859.72,822.2,828.85
1020,2021-04-29 13:43:00,814.75,814.75,814.75,814.75,25,1450,859.63,812.25,817.9
1021,2021-04-29 13:44:00,818.6,818.6,818.6,818.6,75,0,859.36,816.0,824.8
1022,2021-04-29 13:45:00,836.95,836.95,836.95,836.95,25,1475,859.31,838.95,860.0
1023,2021-04-29 13:46:00,827.3,827.3,827.3,827.3,50,0,859.2,828.55,838.0
1024,2021-04-29 13:47:00,859.4,859.4,859.4,859.4,50,1475,859.15,848.0,859.9
1025,2021-04-29 13:48:00,859.4,859.4,859.4,859.4,50,1475,859.15,848.0,859.9
1026,2021-04-29 13:49:00,859.4,859.4,859.4,859.4,50,1475,859.15,848.0,859.9
1027,2021-04-29 13:50:00,846.55,846.55,846.55,846.55,25,0,859.13,842.4,847.05
1028,2021-04-29 13:51:00,844.5,844.5,844.5,844.5,25,1425,859.1,844.7,852.25
1029,2021-04-29 13:52:00,844.5,844.5,844.5,844.5,25,1425,859.1,844.7,852.25
1030,2021-04-29 13:53:00,844.5,844.5,844.5,844.5,25,1425,859.1,844.7,852.25
1031,2021-04-29 13:54:00,844.5,844.5,844.5,844.5,25,1425,859.1,844.7,852.25
1032,2021-04-29 13:55:00,844.5,844.5,844.5,844.5,25,1425,859.1,844.7,852.25
1033,2021-04-29 13:56:00,844.5,844.5,844.5,844.5,25,1425,859.1,844.7,852.25
1034,2021-04-29 13:57:00,876.45,876.45,876.45,876.45,50,0,859.17,879.25,893.2
1035,2021-04-29 13:58:00,898.55,898.55,898.55,898.55,100,1425,859.47,884.3,900.0
1036,2021-04-29 13:59:00,898.55,898.55,898.55,898.55,100,1425,859.47,884.3,900.0
1037,2021-04-29 14:00:00,898.55,898.55,898.55,898.55,100,1425,859.47,884.3,900.0
1038,2021-04-29 14:01:00,905.0,905.0,905.0,905.0,25,1400,859.56,898.25,913.8
1039,2021-04-29 14:02:00,905.0,905.0,905.0,905.0,25,1400,859.56,898.25,913.8
1040,2021-04-29 14:03:00,923.65,923.65,923.65,923.65,50,1375,859.8,928.2,939.8
1041,2021-04-29 14:04:00,928.2,928.2,928.2,928.2,25,0,859.93,938.3,948.6
1042,2021-04-29 14:05:00,927.15,927.15,927.15,927.15,50,1375,860.19,918.55,937.5
1043,2021-04-29 14:06:00,927.15,927.15,927.15,927.15,50,1375,860.19,918.55,937.5
1044,2021-04-29 14:07:00,940.45,940.45,940.45,940.45,25,1350,860.34,932.2,940.45
1045,2021-04-29 14:08:00,940.45,940.45,940.45,940.45,25,1350,860.34,932.2,940.45
1046,2021-04-29 14:09:00,940.45,940.45,940.45,940.45,25,1350,860.34,932.2,940.45
1047,2021-04-29 14:10:00,940.45,940.45,940.45,940.45,25,1350,860.34,932.2,940.45
1048,2021-04-29 14:11:00,940.45,940.45,940.45,940.45,25,1350,860.34,932.2,940.45
1049,2021-04-29 14:12:00,940.45,940.45,940.45,940.45,25,1350,860.34,932.2,940.45
1050,2021-04-29 14:13:00,940.45,940.45,940.45,940.45,25,1350,860.34,932.2,940.45
1051,2021-04-29 14:14:00,940.45,940.45,940.45,940.45,25,1350,860.34,932.2,940.45
1052,2021-04-29 14:15:00,940.45,940.45,940.45,940.45,25,1350,860.34,932.2,940.45
1053,2021-04-29 14:16:00,868.85,868.85,868.85,868.85,25,0,860.35,882.9,896.15
1054,2021-04-29 14:17:00,868.85,868.85,868.85,868.85,25,0,860.35,882.9,896.15
1055,2021-04-29 14:18:00,877.05,877.05,877.05,877.05,25,1350,860.39,874.25,891.6
1056,2021-04-29 14:19:00,877.05,877.05,877.05,877.05,25,1350,860.39,874.25,891.6
1057,2021-04-29 14:20:00,874.25,874.25,874.25,874.25,25,0,860.41,849.25,880.2
1058,2021-04-29 14:21:00,872.45,872.45,872.45,872.45,75,1350,860.48,871.35,886.95
1059,2021-04-29 14:22:00,872.45,872.45,872.45,872.45,75,1350,860.48,871.35,886.95
1060,2021-04-29 14:23:00,872.45,872.45,872.45,872.45,75,1350,860.48,871.35,886.95
1061,2021-04-29 14:24:00,872.45,872.45,872.45,872.45,75,1350,860.48,871.35,886.95
1062,2021-04-29 14:25:00,868.45,868.45,868.45,868.45,25,1325,860.49,846.3,861.5
1063,2021-04-29 14:26:00,857.7,857.7,857.7,857.7,25,0,860.49,856.55,865.3
1064,2021-04-29 14:27:00,859.2,859.2,859.2,859.2,25,1350,860.49,848.7,872.85
1065,2021-04-29 14:28:00,855.65,855.65,855.65,855.65,25,1350,860.48,827.35,857.35
1066,2021-04-29 14:29:00,855.65,855.65,855.65,855.65,25,1350,860.48,827.35,857.35
1067,2021-04-29 14:30:00,849.25,849.25,849.25,849.25,25,0,860.46,840.0,861.0
1068,2021-04-29 14:31:00,849.25,849.25,849.25,849.25,25,0,860.46,840.0,861.0
1069,2021-04-29 14:32:00,849.25,849.25,849.25,849.25,25,0,860.46,840.0,861.0
1070,2021-04-29 14:33:00,849.25,849.25,849.25,849.25,25,0,860.46,840.0,861.0
1071,2021-04-29 14:34:00,849.25,849.25,849.25,849.25,25,0,860.46,840.0,861.0
1072,2021-04-29 14:35:00,849.25,849.25,849.25,849.25,25,0,860.46,840.0,861.0
1073,2021-04-29 14:36:00,849.25,849.25,849.25,849.25,25,0,860.46,840.0,861.0
1074,2021-04-29 14:37:00,849.25,849.25,849.25,849.25,25,0,860.46,840.0,861.0
1075,2021-04-29 14:38:00,849.25,849.25,849.25,849.25,25,0,860.46,840.0,861.0
1076,2021-04-29 14:39:00,849.25,849.25,849.25,849.25,25,0,860.46,840.0,861.0
1077,2021-04-29 14:40:00,849.25,849.25,849.25,849.25,25,0,860.46,840.0,861.0
1078,2021-04-29 14:41:00,849.25,849.25,849.25,849.25,25,0,860.46,840.0,861.0
1079,2021-04-29 14:42:00,849.25,849.25,849.25,849.25,25,0,860.46,840.0,861.0
1080,2021-04-29 14:43:00,849.25,849.25,849.25,849.25,25,0,860.46,840.0,861.0
1081,2021-04-29 14:44:00,848.9,848.9,848.9,848.9,50,0,860.41,851.65,861.3
1082,2021-04-29 14:45:00,848.9,848.9,848.9,848.9,50,0,860.41,851.65,861.3
1083,2021-04-29 14:46:00,849.15,849.15,849.15,849.15,25,1275,860.39,831.75,860.65
1084,2021-04-29 14:47:00,849.15,849.15,849.15,849.15,25,1275,860.37,844.4,853.35
1085,2021-04-29 14:48:00,849.15,849.15,849.15,849.15,25,1275,860.37,844.4,853.35
1086,2021-04-29 14:49:00,850.05,850.05,850.05,850.05,25,0,860.35,844.6,860.5
1087,2021-04-29 14:50:00,850.05,850.05,850.05,850.05,25,0,860.35,844.6,860.5
1088,2021-04-29 14:51:00,850.05,850.05,850.05,850.05,25,0,860.35,844.6,860.5
1089,2021-04-29 14:52:00,850.05,850.05,850.05,850.05,25,0,860.35,844.6,860.5
1090,2021-04-29 14:53:00,850.05,850.05,850.05,850.05,25,0,860.35,844.6,860.5
1091,2021-04-29 14:54:00,850.05,850.05,850.05,850.05,25,0,860.35,844.6,860.5
1092,2021-04-29 14:55:00,868.85,868.85,868.85,868.85,175,1300,860.46,862.6,881.55
1093,2021-04-29 14:56:00,868.85,868.85,868.85,868.85,175,1300,860.46,862.6,881.55
1094,2021-04-29 14:57:00,871.85,871.85,871.85,871.85,25,0,860.48,865.2,886.35
1095,2021-04-29 14:58:00,871.85,871.85,871.85,871.85,25,0,860.48,865.2,886.35
1096,2021-04-29 14:59:00,871.85,871.85,871.85,871.85,25,0,860.48,865.2,886.35
1097,2021-04-29 15:00:00,871.85,871.85,871.85,871.85,25,0,860.48,865.2,886.35
1098,2021-04-29 15:01:00,877.45,877.45,877.45,877.45,25,0,860.51,874.1,883.95
1099,2021-04-29 15:02:00,877.45,877.45,877.45,877.45,25,0,860.51,874.1,883.95
1100,2021-04-29 15:03:00,877.45,877.45,877.45,877.45,25,0,860.51,874.1,883.95
1101,2021-04-29 15:04:00,877.45,877.45,877.45,877.45,25,0,860.51,874.1,883.95
1102,2021-04-29 15:05:00,877.45,877.45,877.45,877.45,25,0,860.51,874.1,883.95
1103,2021-04-29 15:06:00,877.45,877.45,877.45,877.45,25,0,860.51,874.1,883.95
1104,2021-04-29 15:07:00,877.45,877.45,877.45,877.45,25,0,860.51,874.1,883.95
1105,2021-04-29 15:08:00,877.45,877.45,877.45,877.45,25,0,860.51,874.1,883.95
1106,2021-04-29 15:09:00,877.45,877.45,877.45,877.45,25,0,860.51,874.1,883.95
1107,2021-04-29 15:10:00,877.45,877.45,877.45,877.45,25,0,860.51,874.1,883.95
1108,2021-04-29 15:11:00,869.05,869.05,869.05,869.05,50,1175,860.54,857.65,876.3
1109,2021-04-29 15:12:00,881.15,881.15,881.15,881.15,225,1275,860.85,875.35,881.1
1110,2021-04-29 15:13:00,876.4,876.4,876.4,876.4,100,0,860.96,879.45,880.45
1111,2021-04-29 15:14:00,880.5,880.5,880.5,880.5,50,1275,861.02,878.1,885.7
1112,2021-04-29 15:15:00,880.5,880.5,880.5,880.5,50,1275,861.02,878.1,885.7
1113,2021-04-29 15:16:00,880.5,880.5,880.5,880.5,50,1275,861.02,878.1,885.7
1114,2021-04-29 15:17:00,880.5,880.5,880.5,880.5,50,1275,861.02,878.1,885.7
1115,2021-04-29 15:18:00,880.5,880.5,880.5,880.5,50,1275,861.02,878.1,885.7
1116,2021-04-29 15:19:00,880.5,880.5,880.5,880.5,50,1275,861.02,878.1,885.7
1117,2021-04-29 15:20:00,880.5,880.5,880.5,880.5,50,1275,861.02,878.1,885.7
1118,2021-04-29 15:21:00,880.5,880.5,880.5,880.5,50,1275,861.02,878.1,885.7
1119,2021-04-29 15:22:00,880.5,880.5,880.5,880.5,50,1275,861.02,878.1,885.7
1120,2021-04-29 15:23:00,880.5,880.5,880.5,880.5,50,1275,861.02,878.1,885.7
1121,2021-04-29 15:24:00,867.35,867.35,867.35,867.35,850,1225,861.59,866.5,875.65
1122,2021-04-29 15:25:00,866.5,866.5,866.5,866.5,50,1425,861.6,863.85,875.65
1123,2021-04-29 15:26:00,863.85,863.85,863.85,863.85,25,0,861.6,858.9,875.55
1124,2021-04-29 15:27:00,863.85,863.85,863.85,863.85,25,0,861.6,858.9,875.55
1125,2021-04-29 15:28:00,856.45,856.45,856.45,856.45,100,1475,861.58,858.05,879.9
1126,2021-04-29 15:29:00,856.45,856.45,856.45,856.45,100,1475,861.58,858.05,879.9
1127,2021-04-29 15:30:00,856.45,856.45,856.45,856.45,100,1475,861.58,858.05,879.9
1128,2021-04-30 09:15:00,1167.55,1167.55,1106.0,1106.0,175,1475,1123.79,1079.65,1109.9
1129,2021-04-30 09:16:00,1092.35,1123.9,1092.3,1106.2,275,1475,1114.2,1090.05,1110.15
1130,2021-04-30 09:17:00,1090.85,1099.65,1043.0,1099.65,200,1525,1100.66,1085.0,1103.85
1131,2021-04-30 09:18:00,1123.3,1123.3,1116.95,1116.95,50,1525,1102.05,1100.4,1115.55
1132,2021-04-30 09:19:00,1115.65,1120.75,1115.65,1120.75,50,1525,1103.13,1099.95,1110.6
1133,2021-04-30 09:20:00,1127.7,1148.7,1127.7,1148.7,300,1525,1111.86,1139.85,1153.6
1134,2021-04-30 09:21:00,1160.85,1160.85,1126.8,1126.8,75,1525,1114.21,1110.25,1122.3
1135,2021-04-30 09:22:00,1126.8,1132.0,1122.35,1132.0,75,1525,1115.01,1111.6,1123.05
1136,2021-04-30 09:23:00,1127.45,1133.2,1127.45,1133.2,50,1625,1115.63,1124.0,1135.0
1137,2021-04-30 09:24:00,1144.85,1151.1,1137.25,1151.1,175,1625,1119.16,1138.95,1151.15
1138,2021-04-30 09:25:00,1144.2,1144.2,1144.2,1144.2,25,1625,1119.59,1128.3,1142.75
1139,2021-04-30 09:26:00,1133.45,1133.45,1133.45,1133.45,50,1625,1120.05,1111.7,1120.75
1140,2021-04-30 09:27:00,1099.0,1099.0,1041.5,1041.5,150,1525,1115.03,1043.7,1056.6
1141,2021-04-30 09:28:00,1068.05,1068.05,1068.05,1068.05,25,1525,1114.33,1040.05,1049.65
1142,2021-04-30 09:29:00,1044.0,1044.0,1044.0,1044.0,25,1525,1113.3,1048.1,1056.5
1143,2021-04-30 09:30:00,1044.4,1050.6,1044.4,1050.6,50,1525,1111.42,1041.05,1049.4
1144,2021-04-30 09:31:00,1060.6,1060.6,1060.6,1060.6,25,1525,1110.7,1048.5,1060.95
1145,2021-04-30 09:32:00,1060.6,1060.6,1060.6,1060.6,25,1525,1110.7,1048.5,1060.95
1146,2021-04-30 09:33:00,1077.0,1077.0,1077.0,1077.0,25,1550,1110.23,1067.7,1080.6
1147,2021-04-30 09:34:00,1047.35,1057.05,1047.35,1057.05,50,1550,1108.66,1046.9,1056.3
1148,2021-04-30 09:35:00,1043.4,1043.4,1035.0,1035.0,75,1525,1106.01,1002.25,1014.45
1149,2021-04-30 09:36:00,1013.6,1027.5,1013.6,1027.5,100,1525,1101.62,1032.35,1043.05
1150,2021-04-30 09:37:00,1013.6,1027.5,1013.6,1027.5,100,1525,1101.62,1032.35,1043.05
1151,2021-04-30 09:38:00,1013.6,1027.5,1013.6,1027.5,100,1525,1101.62,1032.35,1043.05
1152,2021-04-30 09:39:00,1003.9,1003.9,995.15,995.15,100,1550,1096.82,989.4,999.7
1153,2021-04-30 09:40:00,988.7,990.0,988.7,990.0,100,1550,1091.99,992.8,1003.15
1154,2021-04-30 09:41:00,992.9,992.9,983.25,983.3,75,1675,1088.55,990.15,999.1
1155,2021-04-30 09:42:00,992.9,992.9,983.25,983.3,75,1675,1088.55,990.15,999.1
1156,2021-04-30 09:43:00,992.9,992.9,983.25,983.3,75,1675,1088.55,990.15,999.1
1157,2021-04-30 09:44:00,998.2,998.2,998.2,998.2,25,1725,1087.58,993.7,1002.1
1158,2021-04-30 09:45:00,980.0,980.0,980.0,980.0,50,1725,1085.31,953.0,962.25
1159,2021-04-30 09:46:00,967.4,967.4,967.4,967.4,25,1725,1084.08,969.1,977.0
1160,2021-04-30 09:47:00,975.45,975.45,964.25,964.25,50,1750,1081.75,972.35,979.6
1161,2021-04-30 09:48:00,975.45,975.45,964.25,964.25,50,1750,1081.75,972.35,979.6
1162,2021-04-30 09:49:00,975.45,975.45,964.25,964.25,50,1750,1081.75,972.35,979.6
1163,2021-04-30 09:50:00,975.45,975.45,964.25,964.25,50,1750,1081.75,972.35,979.6
1164,2021-04-30 09:51:00,968.85,968.85,968.85,968.85,50,1750,1079.49,971.1,979.35
1165,2021-04-30 09:52:00,968.85,968.85,968.85,968.85,50,1750,1079.49,971.1,979.35
1166,2021-04-30 09:53:00,995.0,1009.9,995.0,1003.25,225,1800,1073.33,1010.0,1020.15
1167,2021-04-30 09:54:00,996.5,996.5,996.5,996.5,50,1800,1071.95,994.85,1002.25
1168,2021-04-30 09:55:00,1019.5,1019.5,1010.15,1010.15,50,1800,1070.94,1003.45,1012.7
1169,2021-04-30 09:56:00,1019.5,1019.5,1010.15,1010.15,50,1800,1070.94,1003.45,1012.7
1170,2021-04-30 09:57:00,1015.6,1015.6,1015.6,1015.6,25,1675,1070.45,1002.2,1010.1
1171,2021-04-30 09:58:00,991.5,991.5,991.5,991.5,25,1675,1069.76,987.1,995.15
1172,2021-04-30 09:59:00,991.65,991.65,991.65,991.65,25,1700,1069.09,983.65,990.75
1173,2021-04-30 10:00:00,991.65,991.65,991.65,991.65,25,1700,1069.09,983.65,990.75
1174,2021-04-30 10:01:00,991.65,991.65,991.65,991.65,25,1700,1069.09,983.65,990.75
1175,2021-04-30 10:02:00,991.65,991.65,991.65,991.65,25,1700,1069.09,983.65,990.75
1176,2021-04-30 10:03:00,991.65,991.65,991.65,991.65,25,1700,1069.09,983.65,990.75
1177,2021-04-30 10:04:00,991.65,991.65,991.65,991.65,25,1700,1069.09,983.65,990.75
1178,2021-04-30 10:05:00,979.6,979.6,979.6,979.6,100,1725,1066.11,990.15,1000.75
1179,2021-04-30 10:06:00,1027.0,1027.0,1026.45,1026.45,50,1825,1065.46,1023.7,1034.25
1180,2021-04-30 10:07:00,1028.75,1028.75,1015.9,1015.9,50,1825,1064.77,1020.05,1028.25
1181,2021-04-30 10:08:00,1028.75,1028.75,1015.9,1015.9,50,1825,1064.77,1020.05,1028.25
1182,2021-04-30 10:09:00,1037.2,1041.3,1037.2,1041.3,100,1825,1063.97,1051.15,1059.05
1183,2021-04-30 10:10:00,1067.7,1067.7,1060.0,1060.0,100,1825,1063.96,1058.1,1064.15
1184,2021-04-30 10:11:00,1068.1,1081.65,1068.1,1075.05,125,1950,1064.29,1078.5,1089.2
1185,2021-04-30 10:12:00,1079.05,1088.35,1077.8,1077.8,375,1950,1065.68,1067.35,1074.05
1186,2021-04-30 10:13:00,1079.05,1088.35,1077.8,1077.8,375,1950,1065.68,1067.35,1074.05
1187,2021-04-30 10:14:00,1079.05,1088.35,1077.8,1077.8,375,1950,1065.68,1067.35,1074.05
1188,2021-04-30 10:15:00,1035.7,1035.7,1035.7,1035.7,50,1900,1065.29,1036.3,1043.0
1189,2021-04-30 10:16:00,1035.7,1035.7,1035.7,1035.7,50,1900,1065.29,1036.3,1043.0
1190,2021-04-30 10:17:00,1035.7,1035.7,1035.7,1035.7,50,1900,1065.29,1036.3,1043.0
1191,2021-04-30 10:18:00,1035.7,1035.7,1035.7,1035.7,50,1900,1065.29,1036.3,1043.0
1192,2021-04-30 10:19:00,1035.7,1035.7,1035.7,1035.7,50,1900,1065.29,1036.3,1043.0
1193,2021-04-30 10:20:00,1035.7,1035.7,1035.7,1035.7,50,1900,1065.29,1036.3,1043.0
1194,2021-04-30 10:21:00,1035.7,1035.7,1035.7,1035.7,50,1900,1065.29,1036.3,1043.0
1195,2021-04-30 10:22:00,1035.7,1035.7,1035.7,1035.7,50,1900,1065.29,1036.3,1043.0
1196,2021-04-30 10:23:00,1035.7,1035.7,1035.7,1035.7,50,1900,1065.29,1036.3,1043.0
1197,2021-04-30 10:24:00,1026.1,1026.1,1026.1,1026.1,25,1875,1065.04,1018.0,1025.6
1198,2021-04-30 10:25:00,1013.45,1013.45,1006.0,1006.0,50,1875,1064.33,989.35,998.45
1199,2021-04-30 10:26:00,1013.45,1013.45,1006.0,1006.0,50,1875,1064.33,989.35,998.45
1200,2021-04-30 10:27:00,1013.45,1013.45,1006.0,1006.0,50,1875,1064.33,989.35,998.45
1201,2021-04-30 10:28:00,985.3,985.3,985.3,985.3,50,1875,1063.34,989.5,1000.1
1202,2021-04-30 10:29:00,985.85,985.85,985.85,985.85,25,1900,1062.85,985.85,991.8
1203,2021-04-30 10:30:00,986.7,986.7,986.7,986.7,25,1900,1062.38,981.25,987.7
1204,2021-04-30 10:31:00,986.7,986.7,986.7,986.7,25,1900,1062.38,981.25,987.7
1205,2021-04-30 10:32:00,997.2,997.2,997.2,997.2,25,1875,1061.98,991.25,997.65
1206,2021-04-30 10:33:00,997.2,997.2,997.2,997.2,25,1875,1061.98,991.25,997.65
1207,2021-04-30 10:34:00,984.2,984.2,984.2,984.2,25,1875,1061.5,983.75,991.05
1208,2021-04-30 10:35:00,984.2,984.2,984.2,984.2,25,1875,1061.5,983.75,991.05
1209,2021-04-30 10:36:00,986.3,986.3,986.3,986.3,25,1875,1061.04,987.45,995.1
1210,2021-04-30 10:37:00,997.7,997.7,997.7,997.7,25,1875,1060.66,994.75,1002.4
1211,2021-04-30 10:38:00,997.7,997.7,997.7,997.7,25,1875,1060.66,994.75,1002.4
1212,2021-04-30 10:39:00,997.7,997.7,997.7,997.7,25,1875,1060.66,994.75,1002.4
1213,2021-04-30 10:40:00,997.7,997.7,997.7,997.7,25,1875,1060.66,994.75,1002.4
1214,2021-04-30 10:41:00,991.15,991.15,991.15,991.15,25,1875,1060.24,989.2,998.45
1215,2021-04-30 10:42:00,938.55,938.55,930.35,930.35,50,1875,1058.74,926.25,938.35
1216,2021-04-30 10:43:00,938.55,938.55,930.35,930.35,50,1875,1058.74,926.25,938.35
1217,2021-04-30 10:44:00,938.55,938.55,930.35,930.35,50,1875,1058.74,926.25,938.35
1218,2021-04-30 10:45:00,946.1,946.1,946.1,946.1,50,1925,1057.42,940.15,947.25
1219,2021-04-30 10:46:00,946.1,946.1,946.1,946.1,50,1925,1057.42,940.15,947.25
1220,2021-04-30 10:47:00,946.1,946.1,946.1,946.1,50,1925,1057.42,940.15,947.25
1221,2021-04-30 10:48:00,946.1,946.1,946.1,946.1,50,1925,1057.42,940.15,947.25
1222,2021-04-30 10:49:00,959.05,959.05,959.05,959.05,125,1875,1054.6,953.4,959.05
1223,2021-04-30 10:50:00,959.05,959.05,959.05,959.05,100,1875,1052.46,946.05,953.4
1224,2021-04-30 10:51:00,959.05,959.05,959.05,959.05,100,1875,1052.46,946.05,953.4
1225,2021-04-30 10:52:00,959.05,959.05,959.05,959.05,100,1875,1052.46,946.05,953.4
1226,2021-04-30 10:53:00,949.35,949.35,949.35,949.35,25,1950,1051.89,945.45,951.1
1227,2021-04-30 10:54:00,949.35,949.35,949.35,949.35,25,1950,1051.89,945.45,951.1
1228,2021-04-30 10:55:00,949.35,949.35,949.35,949.35,25,1950,1051.89,945.45,951.1
1229,2021-04-30 10:56:00,949.35,949.35,949.35,949.35,25,1950,1051.89,945.45,951.1
1230,2021-04-30 10:57:00,917.15,917.15,917.15,917.15,25,1925,1051.15,912.05,920.95
1231,2021-04-30 10:58:00,917.15,917.15,917.15,917.15,25,1925,1051.15,912.05,920.95
1232,2021-04-30 10:59:00,917.15,917.15,917.15,917.15,25,1925,1051.15,912.05,920.95
1233,2021-04-30 11:00:00,917.15,917.15,917.15,917.15,25,1900,1050.41,916.45,924.45
1234,2021-04-30 11:01:00,917.15,917.15,917.15,917.15,25,1900,1050.41,916.45,924.45
1235,2021-04-30 11:02:00,917.15,917.15,917.15,917.15,25,1900,1050.41,916.45,924.45
1236,2021-04-30 11:03:00,917.15,917.15,917.15,917.15,25,1900,1050.41,916.45,924.45
1237,2021-04-30 11:04:00,917.15,917.15,917.15,917.15,25,1900,1050.41,916.45,924.45
1238,2021-04-30 11:05:00,917.15,917.15,917.15,917.15,25,1900,1050.41,916.45,924.45
1239,2021-04-30 11:06:00,917.15,917.15,917.15,917.15,25,1900,1050.41,916.45,924.45
1240,2021-04-30 11:07:00,917.15,917.15,917.15,917.15,25,1900,1050.41,916.45,924.45
1241,2021-04-30 11:08:00,917.15,917.15,917.15,917.15,25,1900,1050.41,916.45,924.45
1242,2021-04-30 11:09:00,917.15,917.15,917.15,917.15,25,1900,1050.41,916.45,924.45
1243,2021-04-30 11:10:00,917.15,917.15,917.15,917.15,25,1900,1050.41,916.45,924.45
1244,2021-04-30 11:11:00,958.25,958.25,958.25,958.25,25,1900,1049.91,952.75,960.35
1245,2021-04-30 11:12:00,958.25,958.25,958.25,958.25,25,1900,1049.91,952.75,960.35
1246,2021-04-30 11:13:00,959.05,959.05,959.05,959.05,25,1900,1049.41,961.85,969.15
1247,2021-04-30 11:14:00,967.1,967.1,967.1,967.1,25,1925,1048.97,958.9,967.8
1248,2021-04-30 11:15:00,979.65,979.65,979.65,979.65,50,1925,1048.23,959.35,967.65
1249,2021-04-30 11:16:00,979.65,979.65,979.65,979.65,50,1925,1048.23,959.35,967.65
1250,2021-04-30 11:17:00,979.65,979.65,979.65,979.65,50,1925,1048.23,959.35,967.65
1251,2021-04-30 11:18:00,979.65,979.65,979.65,979.65,50,1925,1048.23,959.35,967.65
1252,2021-04-30 11:19:00,956.45,956.45,956.45,956.45,25,1900,1047.74,962.5,969.25
1253,2021-04-30 11:20:00,956.45,956.45,956.45,956.45,25,1900,1047.74,962.5,969.25
1254,2021-04-30 11:21:00,956.45,956.45,956.45,956.45,25,1900,1047.74,962.5,969.25
1255,2021-04-30 11:22:00,956.45,956.45,956.45,956.45,25,1900,1047.74,962.5,969.25
1256,2021-04-30 11:23:00,956.45,956.45,956.45,956.45,25,1900,1047.74,962.5,969.25
1257,2021-04-30 11:24:00,956.45,956.45,956.45,956.45,25,1900,1047.74,962.5,969.25
1258,2021-04-30 11:25:00,988.0,988.0,988.0,988.0,50,1925,1047.11,988.9,998.7
1259,2021-04-30 11:26:00,988.0,988.0,988.0,988.0,50,1925,1047.11,988.9,998.7
1260,2021-04-30 11:27:00,988.0,988.0,988.0,988.0,50,1925,1047.11,988.9,998.7
1261,2021-04-30 11:28:00,992.95,992.95,992.95,992.95,25,0,1046.82,990.5,997.85
1262,2021-04-30 11:29:00,1005.45,1005.45,1005.45,1005.45,25,1925,1046.61,994.45,1001.7
1263,2021-04-30 11:30:00,985.75,985.75,985.75,985.75,25,1900,1046.29,983.4,990.25
1264,2021-04-30 11:31:00,980.15,980.15,980.15,980.15,25,1900,1045.95,976.85,985.35
1265,2021-04-30 11:32:00,994.0,994.0,994.0,994.0,25,1900,1045.68,988.75,997.0
1266,2021-04-30 11:33:00,994.0,994.0,994.0,994.0,25,1900,1045.68,988.75,997.0
1267,2021-04-30 11:34:00,994.0,994.0,994.0,994.0,25,1900,1045.68,988.75,997.0
1268,2021-04-30 11:35:00,1008.5,1031.6,1008.5,1025.0,125,1900,1045.0,1017.35,1025.8
1269,2021-04-30 11:36:00,1008.5,1031.6,1008.5,1025.0,125,1900,1045.0,1017.35,1025.8
1270,2021-04-30 11:37:00,1008.5,1031.6,1008.5,1025.0,125,1900,1045.0,1017.35,1025.8
1271,2021-04-30 11:38:00,1008.5,1031.6,1008.5,1025.0,125,1900,1045.0,1017.35,1025.8
1272,2021-04-30 11:39:00,1023.8,1023.8,1023.8,1023.8,25,1875,1044.89,1027.25,1034.25
1273,2021-04-30 11:40:00,1023.8,1023.8,1023.8,1023.8,25,1875,1044.89,1027.25,1034.25
1274,2021-04-30 11:41:00,1023.8,1023.8,1023.8,1023.8,25,1875,1044.89,1027.25,1034.25
1275,2021-04-30 11:42:00,1052.0,1052.0,1052.0,1052.0,50,1850,1044.96,1024.35,1032.45
1276,2021-04-30 11:43:00,1052.0,1052.0,1052.0,1052.0,50,1850,1044.96,1024.35,1032.45
1277,2021-04-30 11:44:00,1042.35,1042.35,1042.35,1042.35,100,1850,1044.91,1034.75,1042.5
1278,2021-04-30 11:45:00,1042.35,1042.35,1042.35,1042.35,100,1850,1044.91,1034.75,1042.5
1279,2021-04-30 11:46:00,1042.35,1042.35,1042.35,1042.35,100,1850,1044.91,1034.75,1042.5
1280,2021-04-30 11:47:00,1042.35,1042.35,1042.35,1042.35,100,1850,1044.91,1034.75,1042.5
1281,2021-04-30 11:48:00,1042.35,1042.35,1042.35,1042.35,100,1850,1044.91,1034.75,1042.5
1282,2021-04-30 11:49:00,1037.1,1037.1,1037.1,1037.1,25,1900,1044.87,1031.65,1038.95
1283,2021-04-30 11:50:00,1029.0,1029.0,1029.0,1029.0,25,1900,1044.8,1022.25,1029.2
1284,2021-04-30 11:51:00,1016.15,1016.15,1016.15,1016.15,25,1900,1044.66,1013.35,1021.1
1285,2021-04-30 11:52:00,1016.15,1016.15,1016.15,1016.15,25,1900,1044.66,1013.35,1021.1
1286,2021-04-30 11:53:00,1016.15,1016.15,1016.15,1016.15,25,1900,1044.66,1013.35,1021.1
1287,2021-04-30 11:54:00,1016.15,1016.15,1016.15,1016.15,25,1900,1044.66,1013.35,1021.1
1288,2021-04-30 11:55:00,1016.15,1016.15,1016.15,1016.15,25,1900,1044.66,1013.35,1021.1
1289,2021-04-30 11:56:00,1016.15,1016.15,1016.15,1016.15,25,1900,1044.66,1013.35,1021.1
1290,2021-04-30 11:57:00,984.35,986.95,984.35,986.95,100,1925,1043.56,990.1,999.15
1291,2021-04-30 11:58:00,984.35,986.95,984.35,986.95,100,1925,1043.56,990.1,999.15
1292,2021-04-30 11:59:00,984.35,986.95,984.35,986.95,100,1925,1043.56,990.1,999.15
1293,2021-04-30 12:00:00,984.35,986.95,984.35,986.95,100,1925,1043.56,990.1,999.15
1294,2021-04-30 12:01:00,984.35,986.95,984.35,986.95,100,1925,1043.56,990.1,999.15
1295,2021-04-30 12:02:00,984.35,986.95,984.35,986.95,100,1925,1043.56,990.1,999.15
1296,2021-04-30 12:03:00,984.35,986.95,984.35,986.95,100,1925,1043.56,990.1,999.15
1297,2021-04-30 12:04:00,984.35,986.95,984.35,986.95,100,1925,1043.56,990.1,999.15
1298,2021-04-30 12:05:00,984.35,986.95,984.35,986.95,100,1925,1043.56,990.1,999.15
1299,2021-04-30 12:06:00,984.35,986.95,984.35,986.95,100,1925,1043.56,990.1,999.15
1300,2021-04-30 12:07:00,984.35,986.95,984.35,986.95,100,1925,1043.56,990.1,999.15
1301,2021-04-30 12:08:00,986.2,986.2,986.2,986.2,25,1825,1043.29,990.2,998.2
1302,2021-04-30 12:09:00,1000.0,1000.0,1000.0,1000.0,25,1850,1043.09,999.55,1008.6
1303,2021-04-30 12:10:00,1019.05,1019.05,1016.7,1016.7,100,1850,1042.62,1010.45,1018.05
1304,2021-04-30 12:11:00,1027.8,1027.8,1027.8,1027.8,25,1850,1042.56,1017.85,1025.7
1305,2021-04-30 12:12:00,1027.8,1027.8,1027.8,1027.8,25,1850,1042.56,1017.85,1025.7
1306,2021-04-30 12:13:00,1024.85,1024.85,1024.85,1024.85,25,1850,1042.48,1014.95,1023.7
1307,2021-04-30 12:14:00,1024.85,1024.85,1024.85,1024.85,25,1850,1042.48,1014.95,1023.7
1308,2021-04-30 12:15:00,1014.05,1014.05,1014.05,1014.05,25,1850,1042.35,1017.25,1024.05
1309,2021-04-30 12:16:00,1014.05,1014.05,1014.05,1014.05,25,1850,1042.35,1017.25,1024.05
1310,2021-04-30 12:17:00,1008.0,1008.0,1000.95,1000.95,50,1850,1042.01,999.55,1006.8
1311,2021-04-30 12:18:00,1008.0,1008.0,1000.95,1000.95,50,1850,1042.01,999.55,1006.8
1312,2021-04-30 12:19:00,1008.6,1011.95,1008.6,1011.95,100,1875,1041.47,1000.05,1007.35
1313,2021-04-30 12:20:00,1003.65,1003.65,990.35,990.35,50,1875,1041.08,997.35,1004.25
1314,2021-04-30 12:21:00,1003.65,1003.65,990.35,990.35,50,1875,1041.08,997.35,1004.25
1315,2021-04-30 12:22:00,1003.65,1003.65,990.35,990.35,50,1875,1041.08,997.35,1004.25
1316,2021-04-30 12:23:00,1003.65,1003.65,990.35,990.35,50,1875,1041.08,997.35,1004.25
1317,2021-04-30 12:24:00,990.35,990.35,990.35,990.35,25,1900,1040.86,991.6,998.55
1318,2021-04-30 12:25:00,990.35,990.35,990.35,990.35,25,1900,1040.86,991.6,998.55
1319,2021-04-30 12:26:00,989.1,989.1,989.1,989.1,25,1900,1040.64,984.9,991.4
1320,2021-04-30 12:27:00,989.1,989.1,989.1,989.1,25,1900,1040.64,984.9,991.4
1321,2021-04-30 12:28:00,1007.2,1007.2,1007.2,1007.2,25,1925,1040.5,998.85,1007.25
1322,2021-04-30 12:29:00,1005.35,1005.35,997.95,997.95,100,1925,1039.88,991.75,999.75
1323,2021-04-30 12:30:00,1005.35,1005.35,997.95,997.95,100,1925,1039.88,991.75,999.75
1324,2021-04-30 12:31:00,999.45,999.45,999.45,999.45,25,1950,1039.71,991.9,999.05
1325,2021-04-30 12:32:00,999.45,999.45,999.45,999.45,25,1950,1039.71,991.9,999.05
1326,2021-04-30 12:33:00,996.5,996.5,991.05,991.05,75,1950,1039.15,984.0,993.0
1327,2021-04-30 12:34:00,989.85,989.85,984.8,984.8,50,1950,1038.73,980.75,987.8
1328,2021-04-30 12:35:00,970.0,970.15,968.2,970.15,200,1950,1036.53,974.15,980.8
1329,2021-04-30 12:36:00,970.0,970.15,968.2,970.15,200,1950,1036.53,974.15,980.8
1330,2021-04-30 12:37:00,990.0,990.0,990.0,990.0,50,2075,1036.17,985.45,994.65
1331,2021-04-30 12:38:00,990.0,990.0,990.0,990.0,50,2075,1036.17,985.45,994.65
1332,2021-04-30 12:39:00,990.0,990.0,990.0,990.0,50,2075,1036.17,985.45,994.65
1333,2021-04-30 12:40:00,990.0,990.0,990.0,990.0,50,2075,1036.17,985.45,994.65
1334,2021-04-30 12:41:00,990.0,990.0,990.0,990.0,50,2075,1036.17,985.45,994.65
1335,2021-04-30 12:42:00,987.85,987.85,987.85,987.85,25,2075,1035.98,985.2,991.1
1336,2021-04-30 12:43:00,987.85,987.85,987.85,987.85,25,2075,1035.98,985.2,991.1
1337,2021-04-30 12:44:00,987.85,987.85,987.85,987.85,25,2075,1035.98,985.2,991.1
1338,2021-04-30 12:45:00,987.85,987.85,987.85,987.85,25,2075,1035.98,985.2,991.1
1339,2021-04-30 12:46:00,987.85,987.85,987.85,987.85,25,2075,1035.98,985.2,991.1
1340,2021-04-30 12:47:00,987.85,987.85,987.85,987.85,25,2075,1035.98,985.2,991.1
1341,2021-04-30 12:48:00,982.5,982.5,982.5,982.5,25,2075,1035.77,978.0,983.3
1342,2021-04-30 12:49:00,982.5,982.5,982.5,982.5,25,2075,1035.77,978.0,983.3
1343,2021-04-30 12:50:00,982.5,982.5,982.5,982.5,25,2075,1035.77,978.0,983.3
1344,2021-04-30 12:51:00,1021.9,1021.9,1010.25,1010.25,150,2050,1035.25,1009.6,1018.75
1345,2021-04-30 12:52:00,1021.9,1021.9,1010.25,1010.25,150,2050,1035.25,1009.6,1018.75
1346,2021-04-30 12:53:00,1021.9,1021.9,1010.25,1010.25,150,2050,1035.25,1009.6,1018.75
1347,2021-04-30 12:54:00,1021.9,1021.9,1010.25,1010.25,150,2050,1035.25,1009.6,1018.75
1348,2021-04-30 12:55:00,1021.9,1021.9,1010.25,1010.25,150,2050,1035.25,1009.6,1018.75
1349,2021-04-30 12:56:00,999.0,999.0,999.0,999.0,25,2025,1035.11,991.15,996.95
1350,2021-04-30 12:57:00,989.5,989.5,989.5,989.5,25,2025,1034.94,985.8,991.45
1351,2021-04-30 12:58:00,989.5,989.5,989.5,989.5,25,2025,1034.94,985.8,991.45
1352,2021-04-30 12:59:00,989.5,989.5,989.5,989.5,25,2025,1034.94,985.8,991.45
1353,2021-04-30 13:00:00,989.5,989.5,989.5,989.5,25,2025,1034.94,985.8,991.45
1354,2021-04-30 13:01:00,989.5,989.5,989.5,989.5,25,2025,1034.94,985.8,991.45
1355,2021-04-30 13:02:00,989.5,989.5,989.5,989.5,25,2025,1034.94,985.8,991.45
1356,2021-04-30 13:03:00,1003.75,1003.75,1003.75,1003.75,25,2050,1034.82,999.7,1007.1
1357,2021-04-30 13:04:00,1003.75,1003.75,1003.75,1003.75,25,2050,1034.82,999.7,1007.1
1358,2021-04-30 13:05:00,1010.0,1015.0,1010.0,1015.0,50,2075,1034.66,1008.05,1016.05
1359,2021-04-30 13:06:00,1010.0,1015.0,1010.0,1015.0,50,2075,1034.66,1008.05,1016.05
1360,2021-04-30 13:07:00,1021.9,1021.9,1015.85,1015.85,50,2075,1034.54,1015.8,1022.75
1361,2021-04-30 13:08:00,1020.0,1020.0,1020.0,1020.0,250,2075,1034.02,1015.1,1022.4
1362,2021-04-30 13:09:00,1031.0,1031.0,1031.0,1031.0,25,2075,1034.01,1037.0,1044.45
1363,2021-04-30 13:10:00,1050.0,1075.0,1050.0,1075.0,50,2075,1034.21,1077.45,1086.3
1364,2021-04-30 13:11:00,1050.0,1075.0,1050.0,1075.0,50,2075,1034.21,1077.45,1086.3
1365,2021-04-30 13:12:00,1050.0,1075.0,1050.0,1075.0,50,2075,1034.21,1077.45,1086.3
1366,2021-04-30 13:13:00,1050.0,1075.0,1050.0,1075.0,50,2075,1034.21,1077.45,1086.3
1367,2021-04-30 13:14:00,1066.25,1067.6,1066.25,1067.6,75,2050,1034.55,1068.45,1075.8
1368,2021-04-30 13:15:00,1066.25,1067.6,1066.25,1067.6,75,2050,1034.55,1068.45,1075.8
1369,2021-04-30 13:16:00,1066.25,1067.6,1066.25,1067.6,75,2050,1034.55,1068.45,1075.8
1370,2021-04-30 13:17:00,1066.25,1067.6,1066.25,1067.6,75,2050,1034.55,1068.45,1075.8
1371,2021-04-30 13:18:00,1051.05,1051.05,1051.05,1051.05,75,2050,1034.73,1054.05,1061.35
1372,2021-04-30 13:19:00,1051.05,1051.05,1051.05,1051.05,75,2050,1034.73,1054.05,1061.35
1373,2021-04-30 13:20:00,1073.0,1079.5,1073.0,1079.5,125,2075,1035.42,1057.1,1064.55
1374,2021-04-30 13:21:00,1073.0,1079.5,1073.0,1079.5,125,2075,1035.42,1057.1,1064.55
1375,2021-04-30 13:22:00,1050.15,1050.15,1050.15,1050.15,25,2075,1035.47,1061.4,1066.2
1376,2021-04-30 13:23:00,1050.15,1050.15,1050.15,1050.15,25,2075,1035.47,1061.4,1066.2
1377,2021-04-30 13:24:00,1050.15,1050.15,1050.15,1050.15,25,2075,1035.47,1061.4,1066.2
1378,2021-04-30 13:25:00,1050.15,1050.15,1050.15,1050.15,25,2075,1035.47,1061.4,1066.2
1379,2021-04-30 13:26:00,1050.15,1050.15,1050.15,1050.15,25,2075,1035.47,1061.4,1066.2
1380,2021-04-30 13:27:00,1070.75,1073.15,1070.75,1073.15,75,2075,1035.84,1069.2,1074.6
1381,2021-04-30 13:28:00,1070.75,1073.15,1070.75,1073.15,75,2075,1035.84,1069.2,1074.6
1382,2021-04-30 13:29:00,1094.4,1094.4,1094.4,1094.4,25,2075,1036.03,1085.3,1091.85
1383,2021-04-30 13:30:00,1087.45,1087.7,1087.45,1087.7,75,2075,1036.55,1074.45,1081.65
1384,2021-04-30 13:31:00,1084.0,1099.0,1084.0,1099.0,50,2100,1036.91,1092.6,1099.85
1385,2021-04-30 13:32:00,1096.45,1096.45,1096.45,1096.45,25,2100,1037.11,1087.35,1093.6
1386,2021-04-30 13:33:00,1089.8,1089.8,1089.8,1089.8,25,2075,1037.28,1088.9,1095.7
1387,2021-04-30 13:34:00,1089.8,1089.8,1089.8,1089.8,25,2075,1037.28,1088.9,1095.7
1388,2021-04-30 13:35:00,1089.8,1089.8,1089.8,1089.8,25,2075,1037.28,1088.9,1095.7
1389,2021-04-30 13:36:00,1062.75,1062.75,1050.0,1050.0,75,2075,1037.49,1041.75,1048.85
1390,2021-04-30 13:37:00,1062.75,1062.75,1050.0,1050.0,75,2075,1037.49,1041.75,1048.85
1391,2021-04-30 13:38:00,1058.85,1069.1,1058.85,1069.1,150,2075,1038.04,1055.25,1064.45
1392,2021-04-30 13:39:00,1058.85,1069.1,1058.85,1069.1,150,2075,1038.04,1055.25,1064.45
1393,2021-04-30 13:40:00,1058.85,1069.1,1058.85,1069.1,150,2075,1038.04,1055.25,1064.45
1394,2021-04-30 13:41:00,1100.0,1100.0,1083.55,1083.55,125,2175,1038.82,1083.25,1090.5
1395,2021-04-30 13:42:00,1100.0,1100.0,1083.55,1083.55,125,2175,1038.82,1083.25,1090.5
1396,2021-04-30 13:43:00,1100.0,1100.0,1083.55,1083.55,125,2175,1038.82,1083.25,1090.5
1397,2021-04-30 13:44:00,1131.0,1131.0,1125.15,1125.15,50,2100,1039.37,1120.2,1129.15
1398,2021-04-30 13:45:00,1132.3,1159.3,1132.3,1159.3,175,2125,1041.74,1144.95,1154.0
1399,2021-04-30 13:46:00,1148.3,1169.8,1140.0,1140.0,350,2125,1046.26,1134.0,1143.35
1400,2021-04-30 13:47:00,1133.75,1152.1,1133.75,1149.65,250,2125,1049.08,1113.3,1125.45
1401,2021-04-30 13:48:00,1115.15,1115.15,1115.15,1115.15,25,2125,1049.27,1102.2,1110.0
1402,2021-04-30 13:49:00,1125.0,1130.45,1125.0,1130.45,50,2250,1049.71,1125.1,1134.5
1403,2021-04-30 13:50:00,1129.2,1129.2,1129.2,1129.2,25,2250,1049.93,1137.45,1144.7
1404,2021-04-30 13:51:00,1129.2,1129.2,1123.75,1123.75,50,2250,1050.36,1136.5,1147.85
1405,2021-04-30 13:52:00,1141.2,1141.2,1137.85,1137.85,50,2275,1050.86,1138.6,1146.85
1406,2021-04-30 13:53:00,1138.0,1140.1,1138.0,1140.1,50,2275,1051.34,1133.8,1143.1
1407,2021-04-30 13:54:00,1135.5,1135.5,1135.5,1135.5,25,2275,1051.58,1124.9,1132.85
1408,2021-04-30 13:55:00,1118.3,1118.3,1118.3,1118.3,25,2275,1051.76,1111.15,1119.5
1409,2021-04-30 13:56:00,1130.55,1130.55,1130.55,1130.55,25,2275,1051.98,1124.6,1133.5
1410,2021-04-30 13:57:00,1130.15,1130.15,1130.15,1130.15,25,2250,1052.19,1126.8,1136.8
1411,2021-04-30 13:58:00,1126.95,1126.95,1124.0,1124.0,50,2250,1052.59,1113.65,1123.65
1412,2021-04-30 13:59:00,1115.5,1115.5,1115.5,1115.5,25,2250,1052.76,1109.1,1118.2
1413,2021-04-30 14:00:00,1107.15,1173.35,1107.15,1173.35,100,2250,1053.71,1161.65,1175.85
1414,2021-04-30 14:01:00,1173.35,1196.75,1162.6,1196.75,125,2250,1055.34,1185.9,1196.65
1415,2021-04-30 14:02:00,1193.75,1205.85,1193.75,1200.8,200,2250,1058.39,1187.8,1197.15
1416,2021-04-30 14:03:00,1199.05,1228.7,1199.05,1228.7,325,2375,1063.39,1212.35,1222.65
1417,2021-04-30 14:04:00,1222.65,1236.4,1222.65,1236.4,125,2375,1065.43,1216.5,1227.3
1418,2021-04-30 14:05:00,1220.0,1253.25,1217.7,1247.2,325,2375,1070.93,1217.75,1229.9
1419,2021-04-30 14:06:00,1216.5,1243.25,1215.45,1234.4,150,2525,1073.14,1227.7,1236.5
1420,2021-04-30 14:07:00,1218.8,1218.8,1218.8,1218.8,25,2525,1073.48,1214.35,1225.15
1421,2021-04-30 14:08:00,1218.0,1218.4,1205.0,1218.4,100,2525,1074.78,1211.05,1219.25
1422,2021-04-30 14:09:00,1226.3,1226.3,1226.3,1226.3,25,2525,1075.14,1215.85,1223.45
1423,2021-04-30 14:10:00,1218.75,1218.75,1201.3,1201.3,325,2450,1079.12,1202.65,1211.3
1424,2021-04-30 14:11:00,1209.7,1209.7,1209.7,1209.7,25,2450,1079.41,1203.65,1211.4
1425,2021-04-30 14:12:00,1203.65,1212.35,1200.0,1200.0,150,2525,1081.11,1190.45,1199.55
1426,2021-04-30 14:13:00,1190.0,1190.0,1186.1,1186.1,50,2525,1081.58,1187.2,1196.2
1427,2021-04-30 14:14:00,1190.0,1190.0,1186.1,1186.1,50,2525,1081.58,1187.2,1196.2
1428,2021-04-30 14:15:00,1199.4,1205.0,1199.4,1205.0,50,2500,1082.11,1240.5,1247.0
1429,2021-04-30 14:16:00,1247.0,1259.95,1245.5,1245.5,175,2500,1084.72,1233.7,1245.55
1430,2021-04-30 14:17:00,1230.0,1230.0,1214.15,1214.15,50,2500,1085.32,1217.95,1229.95
1431,2021-04-30 14:18:00,1215.45,1215.45,1215.45,1215.45,25,2500,1085.6,1217.7,1228.45
1432,2021-04-30 14:19:00,1215.45,1215.45,1215.45,1215.45,25,2500,1085.6,1217.7,1228.45
1433,2021-04-30 14:20:00,1215.45,1215.45,1215.45,1215.45,25,2500,1085.6,1217.7,1228.45
1434,2021-04-30 14:21:00,1197.75,1197.75,1197.75,1197.75,25,2500,1085.84,1199.15,1208.45
1435,2021-04-30 14:22:00,1197.75,1197.75,1197.75,1197.75,25,2500,1085.84,1199.15,1208.45
1436,2021-04-30 14:23:00,1197.75,1197.75,1197.75,1197.75,25,2500,1085.84,1199.15,1208.45
1437,2021-04-30 14:24:00,1186.1,1186.1,1186.1,1186.1,25,2475,1086.06,1174.95,1185.35
1438,2021-04-30 14:25:00,1186.1,1186.1,1186.1,1186.1,25,2475,1086.06,1174.95,1185.35
1439,2021-04-30 14:26:00,1186.1,1186.1,1186.1,1186.1,25,2475,1086.06,1174.95,1185.35
1440,2021-04-30 14:27:00,1186.1,1186.1,1186.1,1186.1,25,2475,1086.06,1174.95,1185.35
1441,2021-04-30 14:28:00,1168.0,1171.1,1168.0,1171.1,125,2475,1086.95,1167.8,1177.85
1442,2021-04-30 14:29:00,1168.0,1171.1,1168.0,1171.1,125,2475,1086.95,1167.8,1177.85
1443,2021-04-30 14:30:00,1210.0,1222.6,1210.0,1222.6,50,2475,1087.5,1194.1,1203.85
1444,2021-04-30 14:31:00,1193.75,1193.75,1178.85,1178.85,75,2425,1088.11,1176.05,1183.8
1445,2021-04-30 14:32:00,1178.0,1178.0,1178.0,1178.0,25,2425,1088.3,1168.75,1176.6
1446,2021-04-30 14:33:00,1196.15,1196.15,1195.75,1195.75,50,2425,1088.75,1175.85,1184.65
1447,2021-04-30 14:34:00,1179.05,1179.05,1179.05,1179.05,25,2450,1088.94,1169.3,1179.2
1448,2021-04-30 14:35:00,1179.05,1179.05,1179.05,1179.05,25,2450,1088.94,1169.3,1179.2
1449,2021-04-30 14:36:00,1168.25,1168.25,1168.25,1168.25,50,2450,1089.27,1171.6,1180.5
1450,2021-04-30 14:37:00,1183.6,1183.6,1183.6,1183.6,25,2450,1089.46,1174.85,1183.15
1451,2021-04-30 14:38:00,1183.6,1183.6,1183.6,1183.6,25,2450,1089.46,1174.85,1183.15
1452,2021-04-30 14:39:00,1183.6,1183.6,1183.6,1183.6,25,2450,1089.46,1174.85,1183.15
1453,2021-04-30 14:40:00,1191.0,1191.0,1175.05,1175.05,100,2475,1090.26,1176.0,1186.45
1454,2021-04-30 14:41:00,1150.05,1150.05,1150.05,1150.05,25,2475,1090.39,1150.0,1157.1
1455,2021-04-30 14:42:00,1150.0,1150.0,1128.6,1140.35,225,2425,1091.27,1134.65,1140.15
1456,2021-04-30 14:43:00,1140.35,1145.0,1140.35,1145.0,75,2425,1091.58,1150.4,1156.05
1457,2021-04-30 14:44:00,1140.35,1145.0,1140.35,1145.0,75,2425,1091.58,1150.4,1156.05
1458,2021-04-30 14:45:00,1145.0,1145.0,1132.75,1132.75,50,2375,1091.77,1134.65,1143.15
1459,2021-04-30 14:46:00,1143.15,1143.15,1143.15,1143.15,50,2375,1091.97,1136.25,1145.5
1460,2021-04-30 14:47:00,1143.15,1143.15,1143.15,1143.15,50,2375,1091.97,1136.25,1145.5
1461,2021-04-30 14:48:00,1145.35,1146.25,1144.9,1146.25,75,2500,1092.29,1139.5,1147.15
1462,2021-04-30 14:49:00,1141.25,1141.25,1140.0,1140.0,50,2500,1092.48,1137.4,1145.0
1463,2021-04-30 14:50:00,1130.45,1149.85,1130.45,1149.85,75,2500,1092.78,1152.85,1162.55
1464,2021-04-30 14:51:00,1162.3,1162.3,1162.3,1162.3,25,2500,1092.91,1185.4,1193.2
1465,2021-04-30 14:52:00,1187.3,1187.3,1165.0,1179.6,6375,2500,1118.4,1172.5,1179.0
1466,2021-04-30 14:53:00,1179.0,1179.0,1162.4,1165.0,1700,2500,1122.48,1161.4,1165.0
1467,2021-04-30 14:54:00,1165.0,1166.05,1165.0,1165.0,2425,10150,1126.91,1164.4,1168.0
1468,2021-04-30 14:55:00,1157.05,1157.05,1150.0,1154.8,2075,10150,1128.82,1146.0,1153.25
1469,2021-04-30 14:56:00,1150.85,1150.85,1135.45,1135.45,50,10150,1128.84,1143.15,1150.7
1470,2021-04-30 14:57:00,1150.85,1150.85,1135.45,1135.45,50,10150,1128.84,1143.15,1150.7
1471,2021-04-30 14:58:00,1144.25,1144.8,1144.25,1144.8,50,14075,1128.88,1146.5,1153.15
1472,2021-04-30 14:59:00,1144.25,1144.25,1140.05,1140.05,50,14075,1128.9,1140.85,1147.85
1473,2021-04-30 15:00:00,1149.6,1149.6,1149.6,1149.6,25,14075,1128.92,1156.2,1162.3
1474,2021-04-30 15:01:00,1146.55,1146.55,1146.55,1146.55,25,14075,1128.94,1159.15,1165.9
1475,2021-04-30 15:02:00,1170.35,1170.35,1160.75,1160.75,75,14075,1129.04,1161.85,1168.4
1476,2021-04-30 15:03:00,1175.5,1175.5,1175.5,1175.5,25,14075,1129.09,1173.9,1179.55
1477,2021-04-30 15:04:00,1175.5,1175.5,1174.75,1175.5,75,14075,1129.22,1166.15,1175.05
1478,2021-04-30 15:05:00,1174.9,1174.9,1174.9,1174.9,25,14075,1129.27,1182.75,1190.8
1479,2021-04-30 15:06:00,1174.9,1174.9,1174.9,1174.9,25,14075,1129.27,1182.75,1190.8
1480,2021-04-30 15:07:00,1189.95,1189.95,1184.35,1184.45,75,14075,1129.43,1184.25,1191.6
1481,2021-04-30 15:08:00,1190.0,1190.0,1182.35,1183.95,100,14075,1129.65,1186.0,1194.1
1482,2021-04-30 15:09:00,1208.3,1208.3,1200.0,1200.0,100,14050,1129.93,1194.95,1203.35
1483,2021-04-30 15:10:00,1192.6,1210.3,1192.6,1210.3,125,14050,1130.27,1205.9,1212.15
1484,2021-04-30 15:11:00,1211.0,1211.0,1202.3,1202.3,75,14050,1130.49,1201.15,1209.2
1485,2021-04-30 15:12:00,1207.95,1207.95,1207.95,1207.95,25,14050,1130.57,1198.75,1207.15
1486,2021-04-30 15:13:00,1197.35,1197.35,1188.4,1189.05,100,14075,1130.79,1189.0,1195.5
1487,2021-04-30 15:14:00,1197.35,1197.35,1188.4,1189.05,100,14075,1130.79,1189.0,1195.5
1488,2021-04-30 15:15:00,1189.8,1190.2,1189.8,1190.2,50,14075,1130.91,1183.7,1191.65
1489,2021-04-30 15:16:00,1206.55,1206.55,1206.55,1206.55,25,14100,1130.98,1198.05,1206.45
1490,2021-04-30 15:17:00,1200.15,1202.2,1194.8,1202.2,75,14100,1131.17,1202.0,1211.9
1491,2021-04-30 15:18:00,1202.35,1210.0,1202.35,1210.0,2925,14100,1138.85,1205.4,1210.0
1492,2021-04-30 15:19:00,1205.7,1209.0,1202.65,1209.0,1475,14100,1142.17,1204.9,1209.0
1493,2021-04-30 15:20:00,1209.0,1236.3,1209.0,1236.2,8325,14100,1157.87,1234.1,1240.0
1494,2021-04-30 15:21:00,1237.65,1244.4,1237.6,1244.4,150,26025,1158.18,1240.1,1248.25
1495,2021-04-30 15:22:00,1247.3,1247.85,1237.1,1242.7,250,26025,1158.71,1237.15,1244.25
1496,2021-04-30 15:23:00,1237.45,1239.65,1237.45,1239.65,75,26025,1158.86,1237.2,1242.6
1497,2021-04-30 15:24:00,1240.15,1240.15,1237.6,1237.6,50,26000,1158.96,1236.35,1242.65
1498,2021-04-30 15:25:00,1230.15,1230.15,1218.75,1218.75,350,26000,1159.56,1218.8,1225.6
1499,2021-04-30 15:26:00,1225.6,1232.3,1225.6,1232.3,125,26000,1159.79,1235.65,1240.0
1500,2021-04-30 15:27:00,1239.15,1241.65,1237.9,1241.0,550,26100,1160.86,1238.55,1243.95
1501,2021-04-30 15:28:00,1245.0,1245.6,1244.95,1244.95,175,26100,1161.22,1241.7,1251.6
1502,2021-04-30 15:29:00,1245.0,1245.6,1244.95,1244.95,175,26100,1161.22,1241.7,1251.6
1503,2021-04-30 15:30:00,1250.0,1250.0,1250.0,1250.0,75,26100,1161.38,1242.85,1263.6
1504,2021-05-01 09:15:00,1250.0,1250.0,1250.0,1250.0,75,26100,1161.38,1242.85,1263.6
1505,2021-05-01 09:16:00,1250.0,1250.0,1250.0,1250.0,75,26100,1161.38,1242.85,1263.6
1506,2021-05-01 09:17:00,1250.0,1250.0,1250.0,1250.0,75,26100,1161.38,1242.85,1263.6
1507,2021-05-01 09:18:00,1250.0,1250.0,1250.0,1250.0,75,26100,1161.38,1242.85,1263.6
1508,2021-05-01 09:19:00,1250.0,1250.0,1250.0,1250.0,75,26100,1161.38,1242.85,1263.6
1509,2021-05-01 09:20:00,1250.0,1250.0,1250.0,1250.0,75,26100,1161.38,1242.85,1263.6
1510,2021-05-01 09:21:00,1250.0,1250.0,1250.0,1250.0,75,26100,1161.38,1242.85,1263.6
1511,2021-05-01 09:22:00,1250.0,1250.0,1250.0,1250.0,75,26100,1161.38,1242.85,1263.6
1512,2021-05-01 09:23:00,1250.0,1250.0,1250.0,1250.0,75,26100,1161.38,1242.85,1263.6
1513,2021-05-01 09:24:00,1250.0,1250.0,1250.0,1250.0,75,26100,1161.38,1242.85,1263.6
1514,2021-05-01 09:25:00,1250.0,1250.0,1250.0,1250.0,75,26100,1161.38,1242.85,1263.6
1515,2021-05-01 09:26:00,1250.0,1250.0,1250.0,1250.0,75,26100,1161.38,1242.85,1263.6
1516,2021-05-01 09:27:00,1250.0,1250.0,1250.0,1250.0,75,26100,1161.38,1242.85,1263.6
1517,2021-05-01 09:28:00,1250.0,1250.0,1250.0,1250.0,75,26100,1161.38,1242.85,1263.6
1518,2021-05-01 09:29:00,1250.0,1250.0,1250.0,1250.0,75,26100,1161.38,1242.85,1263.6
1519,2021-05-01 09:30:00,1250.0,1250.0,1250.0,1250.0,75,26100,1161.38,1242.85,1263.6
1520,2021-05-01 09:31:00,1250.0,1250.0,1250.0,1250.0,75,26100,1161.38,1242.85,1263.6
1521,2021-05-01 09:32:00,1250.0,1250.0,1250.0,1250.0,75,26100,1161.38,1242.85,1263.6
1522,2021-05-01 09:33:00,1250.0,1250.0,1250.0,1250.0,75,26100,1161.38,1242.85,1263.6
1523,2021-05-01 09:34:00,1250.0,1250.0,1250.0,1250.0,75,26100,1161.38,1242.85,1263.6
1524,2021-05-01 09:35:00,1250.0,1250.0,1250.0,1250.0,75,26100,1161.38,1242.85,1263.6
1525,2021-05-01 09:36:00,1250.0,1250.0,1250.0,1250.0,75,26100,1161.38,1242.85,1263.6
1526,2021-05-01 09:37:00,1250.0,1250.0,1250.0,1250.0,75,26100,1161.38,1242.85,1263.6
1527,2021-05-01 09:38:00,1250.0,1250.0,1250.0,1250.0,75,26100,1161.38,1242.85,1263.6
1528,2021-05-01 09:39:00,1250.0,1250.0,1250.0,1250.0,75,26100,1161.38,1242.85,1263.6
1529,2021-05-01 09:40:00,1250.0,1250.0,1250.0,1250.0,75,26100,1161.38,1242.85,1263.6
1530,2021-05-01 09:41:00,1250.0,1250.0,1250.0,1250.0,75,26100,1161.38,1242.85,1263.6
1531,2021-05-01 09:42:00,1250.0,1250.0,1250.0,1250.0,75,26100,1161.38,1242.85,1263.6
1532,2021-05-01 09:43:00,1250.0,1250.0,1250.0,1250.0,75,26100,1161.38,1242.85,1263.6
1533,2021-05-01 09:44:00,1250.0,1250.0,1250.0,1250.0,75,26100,1161.38,1242.85,1263.6
1534,2021-05-01 09:45:00,1250.0,1250.0,1250.0,1250.0,75,26100,1161.38,1242.85,1263.6
1535,2021-05-01 09:46:00,1250.0,1250.0,1250.0,1250.0,75,26100,1161.38,1242.85,1263.6
1536,2021-05-01 09:47:00,1250.0,1250.0,1250.0,1250.0,75,26100,1161.38,1242.85,1263.6
1537,2021-05-01 09:48:00,1250.0,1250.0,1250.0,1250.0,75,26100,1161.38,1242.85,1263.6
1538,2021-05-01 09:49:00,1250.0,1250.0,1250.0,1250.0,75,26100,1161.38,1242.85,1263.6
1539,2021-05-01 09:50:00,1250.0,1250.0,1250.0,1250.0,75,26100,1161.38,1242.85,1263.6
1540,2021-05-01 09:51:00,1250.0,1250.0,1250.0,1250.0,75,26100,1161.38,1242.85,1263.6
1541,2021-05-01 09:52:00,1250.0,1250.0,1250.0,1250.0,75,26100,1161.38,1242.85,1263.6
1542,2021-05-01 09:53:00,1250.0,1250.0,1250.0,1250.0,75,26100,1161.38,1242.85,1263.6
1543,2021-05-01 09:54:00,1250.0,1250.0,1250.0,1250.0,75,26100,1161.38,1242.85,1263.6
1544,2021-05-01 09:55:00,1250.0,1250.0,1250.0,1250.0,75,26100,1161.38,1242.85,1263.6
1545,2021-05-01 09:56:00,1250.0,1250.0,1250.0,1250.0,75,26100,1161.38,1242.85,1263.6
1546,2021-05-01 09:57:00,1250.0,1250.0,1250.0,1250.0,75,26100,1161.38,1242.85,1263.6
1547,2021-05-01 09:58:00,1250.0,1250.0,1250.0,1250.0,75,26100,1161.38,1242.85,1263.6
1548,2021-05-01 09:59:00,1250.0,1250.0,1250.0,1250.0,75,26100,1161.38,1242.85,1263.6
1549,2021-05-01 10:00:00,1250.0,1250.0,1250.0,1250.0,75,26100,1161.38,1242.85,1263.6
1550,2021-05-01 10:01:00,1250.0,1250.0,1250.0,1250.0,75,26100,1161.38,1242.85,1263.6
1551,2021-05-01 10:02:00,1250.0,1250.0,1250.0,1250.0,75,26100,1161.38,1242.85,1263.6
1552,2021-05-01 10:03:00,1250.0,1250.0,1250.0,1250.0,75,26100,1161.38,1242.85,1263.6
1553,2021-05-01 10:04:00,1250.0,1250.0,1250.0,1250.0,75,26100,1161.38,1242.85,1263.6
1554,2021-05-01 10:05:00,1250.0,1250.0,1250.0,1250.0,75,26100,1161.38,1242.85,1263.6
1555,2021-05-01 10:06:00,1250.0,1250.0,1250.0,1250.0,75,26100,1161.38,1242.85,1263.6
1556,2021-05-01 10:07:00,1250.0,1250.0,1250.0,1250.0,75,26100,1161.38,1242.85,1263.6
1557,2021-05-01 10:08:00,1250.0,1250.0,1250.0,1250.0,75,26100,1161.38,1242.85,1263.6
1558,2021-05-01 10:09:00,1250.0,1250.0,1250.0,1250.0,75,26100,1161.38,1242.85,1263.6
1559,2021-05-01 10:10:00,1250.0,1250.0,1250.0,1250.0,75,26100,1161.38,1242.85,1263.6
1560,2021-05-01 10:11:00,1250.0,1250.0,1250.0,1250.0,75,26100,1161.38,1242.85,1263.6
1561,2021-05-01 10:12:00,1250.0,1250.0,1250.0,1250.0,75,26100,1161.38,1242.85,1263.6
1562,2021-05-01 10:13:00,1250.0,1250.0,1250.0,1250.0,75,26100,1161.38,1242.85,1263.6
1563,2021-05-01 10:14:00,1250.0,1250.0,1250.0,1250.0,75,26100,1161.38,1242.85,1263.6
1564,2021-05-01 10:15:00,1250.0,1250.0,1250.0,1250.0,75,26100,1161.38,1242.85,1263.6
1565,2021-05-01 10:16:00,1250.0,1250.0,1250.0,1250.0,75,26100,1161.38,1242.85,1263.6
1566,2021-05-01 10:17:00,1250.0,1250.0,1250.0,1250.0,75,26100,1161.38,1242.85,1263.6
1567,2021-05-01 10:18:00,1250.0,1250.0,1250.0,1250.0,75,26100,1161.38,1242.85,1263.6
1568,2021-05-01 10:19:00,1250.0,1250.0,1250.0,1250.0,75,26100,1161.38,1242.85,1263.6
1569,2021-05-01 10:20:00,1250.0,1250.0,1250.0,1250.0,75,26100,1161.38,1242.85,1263.6
1570,2021-05-01 10:21:00,1250.0,1250.0,1250.0,1250.0,75,26100,1161.38,1242.85,1263.6
1571,2021-05-01 10:22:00,1250.0,1250.0,1250.0,1250.0,75,26100,1161.38,1242.85,1263.6
1572,2021-05-01 10:23:00,1250.0,1250.0,1250.0,1250.0,75,26100,1161.38,1242.85,1263.6
1573,2021-05-01 10:24:00,1250.0,1250.0,1250.0,1250.0,75,26100,1161.38,1242.85,1263.6
1574,2021-05-01 10:25:00,1250.0,1250.0,1250.0,1250.0,75,26100,1161.38,1242.85,1263.6
1575,2021-05-01 10:26:00,1250.0,1250.0,1250.0,1250.0,75,26100,1161.38,1242.85,1263.6
1576,2021-05-01 10:27:00,1250.0,1250.0,1250.0,1250.0,75,26100,1161.38,1242.85,1263.6
1577,2021-05-01 10:28:00,1250.0,1250.0,1250.0,1250.0,75,26100,1161.38,1242.85,1263.6
1578,2021-05-01 10:29:00,1250.0,1250.0,1250.0,1250.0,75,26100,1161.38,1242.85,1263.6
1579,2021-05-01 10:30:00,1250.0,1250.0,1250.0,1250.0,75,26100,1161.38,1242.85,1263.6
1580,2021-05-01 10:31:00,1250.0,1250.0,1250.0,1250.0,75,26100,1161.38,1242.85,1263.6
1581,2021-05-01 10:32:00,1250.0,1250.0,1250.0,1250.0,75,26100,1161.38,1242.85,1263.6
1582,2021-05-01 10:33:00,1250.0,1250.0,1250.0,1250.0,75,26100,1161.38,1242.85,1263.6
1583,2021-05-01 10:34:00,1250.0,1250.0,1250.0,1250.0,75,26100,1161.38,1242.85,1263.6
1584,2021-05-01 10:35:00,1250.0,1250.0,1250.0,1250.0,75,26100,1161.38,1242.85,1263.6
1585,2021-05-01 10:36:00,1250.0,1250.0,1250.0,1250.0,75,26100,1161.38,1242.85,1263.6
1586,2021-05-01 10:37:00,1250.0,1250.0,1250.0,1250.0,75,26100,1161.38,1242.85,1263.6
1587,2021-05-01 10:38:00,1250.0,1250.0,1250.0,1250.0,75,26100,1161.38,1242.85,1263.6
1588,2021-05-01 10:39:00,1250.0,1250.0,1250.0,1250.0,75,26100,1161.38,1242.85,1263.6
1589,2021-05-01 10:40:00,1250.0,1250.0,1250.0,1250.0,75,26100,1161.38,1242.85,1263.6
1590,2021-05-01 10:41:00,1250.0,1250.0,1250.0,1250.0,75,26100,1161.38,1242.85,1263.6
1591,2021-05-01 10:42:00,1250.0,1250.0,1250.0,1250.0,75,26100,1161.38,1242.85,1263.6
1592,2021-05-01 10:43:00,1250.0,1250.0,1250.0,1250.0,75,26100,1161.38,1242.85,1263.6
1593,2021-05-01 10:44:00,1250.0,1250.0,1250.0,1250.0,75,26100,1161.38,1242.85,1263.6
1594,2021-05-01 10:45:00,1250.0,1250.0,1250.0,1250.0,75,26100,1161.38,1242.85,1263.6
1595,2021-05-01 10:46:00,1250.0,1250.0,1250.0,1250.0,75,26100,1161.38,1242.85,1263.6
1596,2021-05-01 10:47:00,1250.0,1250.0,1250.0,1250.0,75,26100,1161.38,1242.85,1263.6
1597,2021-05-01 10:48:00,1250.0,1250.0,1250.0,1250.0,75,26100,1161.38,1242.85,1263.6
1598,2021-05-01 10:49:00,1250.0,1250.0,1250.0,1250.0,75,26100,1161.38,1242.85,1263.6
1599,2021-05-01 10:50:00,1250.0,1250.0,1250.0,1250.0,75,26100,1161.38,1242.85,1263.6
1600,2021-05-01 10:51:00,1250.0,1250.0,1250.0,1250.0,75,26100,1161.38,1242.85,1263.6
1601,2021-05-01 10:52:00,1250.0,1250.0,1250.0,1250.0,75,26100,1161.38,1242.85,1263.6
1602,2021-05-01 10:53:00,1250.0,1250.0,1250.0,1250.0,75,26100,1161.38,1242.85,1263.6
1603,2021-05-01 10:54:00,1250.0,1250.0,1250.0,1250.0,75,26100,1161.38,1242.85,1263.6
1604,2021-05-01 10:55:00,1250.0,1250.0,1250.0,1250.0,75,26100,1161.38,1242.85,1263.6
1605,2021-05-01 10:56:00,1250.0,1250.0,1250.0,1250.0,75,26100,1161.38,1242.85,1263.6
1606,2021-05-01 10:57:00,1250.0,1250.0,1250.0,1250.0,75,26100,1161.38,1242.85,1263.6
1607,2021-05-01 10:58:00,1250.0,1250.0,1250.0,1250.0,75,26100,1161.38,1242.85,1263.6
1608,2021-05-01 10:59:00,1250.0,1250.0,1250.0,1250.0,75,26100,1161.38,1242.85,1263.6
1609,2021-05-01 11:00:00,1250.0,1250.0,1250.0,1250.0,75,26100,1161.38,1242.85,1263.6
1610,2021-05-01 11:01:00,1250.0,1250.0,1250.0,1250.0,75,26100,1161.38,1242.85,1263.6
1611,2021-05-01 11:02:00,1250.0,1250.0,1250.0,1250.0,75,26100,1161.38,1242.85,1263.6
1612,2021-05-01 11:03:00,1250.0,1250.0,1250.0,1250.0,75,26100,1161.38,1242.85,1263.6
1613,2021-05-01 11:04:00,1250.0,1250.0,1250.0,1250.0,75,26100,1161.38,1242.85,1263.6
1614,2021-05-01 11:05:00,1250.0,1250.0,1250.0,1250.0,75,26100,1161.38,1242.85,1263.6
1615,2021-05-01 11:06:00,1250.0,1250.0,1250.0,1250.0,75,26100,1161.38,1242.85,1263.6
1616,2021-05-01 11:07:00,1250.0,1250.0,1250.0,1250.0,75,26100,1161.38,1242.85,1263.6
1617,2021-05-01 11:08:00,1250.0,1250.0,1250.0,1250.0,75,26100,1161.38,1242.85,1263.6
1618,2021-05-01 11:09:00,1250.0,1250.0,1250.0,1250.0,75,26100,1161.38,1242.85,1263.6
1619,2021-05-01 11:10:00,1250.0,1250.0,1250.0,1250.0,75,26100,1161.38,1242.85,1263.6
1620,2021-05-01 11:11:00,1250.0,1250.0,1250.0,1250.0,75,26100,1161.38,1242.85,1263.6
1621,2021-05-01 11:12:00,1250.0,1250.0,1250.0,1250.0,75,26100,1161.38,1242.85,1263.6
1622,2021-05-01 11:13:00,1250.0,1250.0,1250.0,1250.0,75,26100,1161.38,1242.85,1263.6
1623,2021-05-01 11:14:00,1250.0,1250.0,1250.0,1250.0,75,26100,1161.38,1242.85,1263.6
1624,2021-05-01 11:15:00,1250.0,1250.0,1250.0,1250.0,75,26100,1161.38,1242.85,1263.6
1625,2021-05-01 11:16:00,1250.0,1250.0,1250.0,1250.0,75,26100,1161.38,1242.85,1263.6
1626,2021-05-01 11:17:00,1250.0,1250.0,1250.0,1250.0,75,26100,1161.38,1242.85,1263.6
1627,2021-05-01 11:18:00,1250.0,1250.0,1250.0,1250.0,75,26100,1161.38,1242.85,1263.6
1628,2021-05-01 11:19:00,1250.0,1250.0,1250.0,1250.0,75,26100,1161.38,1242.85,1263.6
1629,2021-05-01 11:20:00,1250.0,1250.0,1250.0,1250.0,75,26100,1161.38,1242.85,1263.6
1630,2021-05-01 11:21:00,1250.0,1250.0,1250.0,1250.0,75,26100,1161.38,1242.85,1263.6
1631,2021-05-01 11:22:00,1250.0,1250.0,1250.0,1250.0,75,26100,1161.38,1242.85,1263.6
1632,2021-05-01 11:23:00,1250.0,1250.0,1250.0,1250.0,75,26100,1161.38,1242.85,1263.6
1633,2021-05-01 11:24:00,1250.0,1250.0,1250.0,1250.0,75,26100,1161.38,1242.85,1263.6
1634,2021-05-01 11:25:00,1250.0,1250.0,1250.0,1250.0,75,26100,1161.38,1242.85,1263.6
1635,2021-05-01 11:26:00,1250.0,1250.0,1250.0,1250.0,75,26100,1161.38,1242.85,1263.6
1636,2021-05-01 11:27:00,1250.0,1250.0,1250.0,1250.0,75,26100,1161.38,1242.85,1263.6
1637,2021-05-01 11:28:00,1250.0,1250.0,1250.0,1250.0,75,26100,1161.38,1242.85,1263.6
1638,2021-05-01 11:29:00,1250.0,1250.0,1250.0,1250.0,75,26100,1161.38,1242.85,1263.6
1639,2021-05-01 11:30:00,1250.0,1250.0,1250.0,1250.0,75,26100,1161.38,1242.85,1263.6
1640,2021-05-01 11:31:00,1250.0,1250.0,1250.0,1250.0,75,26100,1161.38,1242.85,1263.6
1641,2021-05-01 11:32:00,1250.0,1250.0,1250.0,1250.0,75,26100,1161.38,1242.85,1263.6
1642,2021-05-01 11:33:00,1250.0,1250.0,1250.0,1250.0,75,26100,1161.38,1242.85,1263.6
1643,2021-05-01 11:34:00,1250.0,1250.0,1250.0,1250.0,75,26100,1161.38,1242.85,1263.6
1644,2021-05-01 11:35:00,1250.0,1250.0,1250.0,1250.0,75,26100,1161.38,1242.85,1263.6
1645,2021-05-01 11:36:00,1250.0,1250.0,1250.0,1250.0,75,26100,1161.38,1242.85,1263.6
1646,2021-05-01 11:37:00,1250.0,1250.0,1250.0,1250.0,75,26100,1161.38,1242.85,1263.6
1647,2021-05-01 11:38:00,1250.0,1250.0,1250.0,1250.0,75,26100,1161.38,1242.85,1263.6
1648,2021-05-01 11:39:00,1250.0,1250.0,1250.0,1250.0,75,26100,1161.38,1242.85,1263.6
1649,2021-05-01 11:40:00,1250.0,1250.0,1250.0,1250.0,75,26100,1161.38,1242.85,1263.6
1650,2021-05-01 11:41:00,1250.0,1250.0,1250.0,1250.0,75,26100,1161.38,1242.85,1263.6
1651,2021-05-01 11:42:00,1250.0,1250.0,1250.0,1250.0,75,26100,1161.38,1242.85,1263.6
1652,2021-05-01 11:43:00,1250.0,1250.0,1250.0,1250.0,75,26100,1161.38,1242.85,1263.6
1653,2021-05-01 11:44:00,1250.0,1250.0,1250.0,1250.0,75,26100,1161.38,1242.85,1263.6
1654,2021-05-01 11:45:00,1250.0,1250.0,1250.0,1250.0,75,26100,1161.38,1242.85,1263.6
1655,2021-05-01 11:46:00,1250.0,1250.0,1250.0,1250.0,75,26100,1161.38,1242.85,1263.6
1656,2021-05-01 11:47:00,1250.0,1250.0,1250.0,1250.0,75,26100,1161.38,1242.85,1263.6
1657,2021-05-01 11:48:00,1250.0,1250.0,1250.0,1250.0,75,26100,1161.38,1242.85,1263.6
1658,2021-05-01 11:49:00,1250.0,1250.0,1250.0,1250.0,75,26100,1161.38,1242.85,1263.6
1659,2021-05-01 11:50:00,1250.0,1250.0,1250.0,1250.0,75,26100,1161.38,1242.85,1263.6
1660,2021-05-01 11:51:00,1250.0,1250.0,1250.0,1250.0,75,26100,1161.38,1242.85,1263.6
1661,2021-05-01 11:52:00,1250.0,1250.0,1250.0,1250.0,75,26100,1161.38,1242.85,1263.6
1662,2021-05-01 11:53:00,1250.0,1250.0,1250.0,1250.0,75,26100,1161.38,1242.85,1263.6
1663,2021-05-01 11:54:00,1250.0,1250.0,1250.0,1250.0,75,26100,1161.38,1242.85,1263.6
1664,2021-05-01 11:55:00,1250.0,1250.0,1250.0,1250.0,75,26100,1161.38,1242.85,1263.6
1665,2021-05-01 11:56:00,1250.0,1250.0,1250.0,1250.0,75,26100,1161.38,1242.85,1263.6
1666,2021-05-01 11:57:00,1250.0,1250.0,1250.0,1250.0,75,26100,1161.38,1242.85,1263.6
1667,2021-05-01 11:58:00,1250.0,1250.0,1250.0,1250.0,75,26100,1161.38,1242.85,1263.6
1668,2021-05-01 11:59:00,1250.0,1250.0,1250.0,1250.0,75,26100,1161.38,1242.85,1263.6
1669,2021-05-01 12:00:00,1250.0,1250.0,1250.0,1250.0,75,26100,1161.38,1242.85,1263.6
1670,2021-05-01 12:01:00,1250.0,1250.0,1250.0,1250.0,75,26100,1161.38,1242.85,1263.6
1671,2021-05-01 12:02:00,1250.0,1250.0,1250.0,1250.0,75,26100,1161.38,1242.85,1263.6
1672,2021-05-01 12:03:00,1250.0,1250.0,1250.0,1250.0,75,26100,1161.38,1242.85,1263.6
1673,2021-05-01 12:04:00,1250.0,1250.0,1250.0,1250.0,75,26100,1161.38,1242.85,1263.6
1674,2021-05-01 12:05:00,1250.0,1250.0,1250.0,1250.0,75,26100,1161.38,1242.85,1263.6
1675,2021-05-01 12:06:00,1250.0,1250.0,1250.0,1250.0,75,26100,1161.38,1242.85,1263.6
1676,2021-05-01 12:07:00,1250.0,1250.0,1250.0,1250.0,75,26100,1161.38,1242.85,1263.6
1677,2021-05-01 12:08:00,1250.0,1250.0,1250.0,1250.0,75,26100,1161.38,1242.85,1263.6
1678,2021-05-01 12:09:00,1250.0,1250.0,1250.0,1250.0,75,26100,1161.38,1242.85,1263.6
1679,2021-05-01 12:10:00,1250.0,1250.0,1250.0,1250.0,75,26100,1161.38,1242.85,1263.6
1680,2021-05-01 12:11:00,1250.0,1250.0,1250.0,1250.0,75,26100,1161.38,1242.85,1263.6
1681,2021-05-01 12:12:00,1250.0,1250.0,1250.0,1250.0,75,26100,1161.38,1242.85,1263.6
1682,2021-05-01 12:13:00,1250.0,1250.0,1250.0,1250.0,75,26100,1161.38,1242.85,1263.6
1683,2021-05-01 12:14:00,1250.0,1250.0,1250.0,1250.0,75,26100,1161.38,1242.85,1263.6
1684,2021-05-01 12:15:00,1250.0,1250.0,1250.0,1250.0,75,26100,1161.38,1242.85,1263.6
1685,2021-05-01 12:16:00,1250.0,1250.0,1250.0,1250.0,75,26100,1161.38,1242.85,1263.6
1686,2021-05-01 12:17:00,1250.0,1250.0,1250.0,1250.0,75,26100,1161.38,1242.85,1263.6
1687,2021-05-01 12:18:00,1250.0,1250.0,1250.0,1250.0,75,26100,1161.38,1242.85,1263.6
1688,2021-05-01 12:19:00,1250.0,1250.0,1250.0,1250.0,75,26100,1161.38,1242.85,1263.6
1689,2021-05-01 12:20:00,1250.0,1250.0,1250.0,1250.0,75,26100,1161.38,1242.85,1263.6
1690,2021-05-01 12:21:00,1250.0,1250.0,1250.0,1250.0,75,26100,1161.38,1242.85,1263.6
1691,2021-05-01 12:22:00,1250.0,1250.0,1250.0,1250.0,75,26100,1161.38,1242.85,1263.6
1692,2021-05-01 12:23:00,1250.0,1250.0,1250.0,1250.0,75,26100,1161.38,1242.85,1263.6
1693,2021-05-01 12:24:00,1250.0,1250.0,1250.0,1250.0,75,26100,1161.38,1242.85,1263.6
1694,2021-05-01 12:25:00,1250.0,1250.0,1250.0,1250.0,75,26100,1161.38,1242.85,1263.6
1695,2021-05-01 12:26:00,1250.0,1250.0,1250.0,1250.0,75,26100,1161.38,1242.85,1263.6
1696,2021-05-01 12:27:00,1250.0,1250.0,1250.0,1250.0,75,26100,1161.38,1242.85,1263.6
1697,2021-05-01 12:28:00,1250.0,1250.0,1250.0,1250.0,75,26100,1161.38,1242.85,1263.6
1698,2021-05-01 12:29:00,1250.0,1250.0,1250.0,1250.0,75,26100,1161.38,1242.85,1263.6
1699,2021-05-01 12:30:00,1250.0,1250.0,1250.0,1250.0,75,26100,1161.38,1242.85,1263.6
1700,2021-05-01 12:31:00,1250.0,1250.0,1250.0,1250.0,75,26100,1161.38,1242.85,1263.6
1701,2021-05-01 12:32:00,1250.0,1250.0,1250.0,1250.0,75,26100,1161.38,1242.85,1263.6
1702,2021-05-01 12:33:00,1250.0,1250.0,1250.0,1250.0,75,26100,1161.38,1242.85,1263.6
1703,2021-05-01 12:34:00,1250.0,1250.0,1250.0,1250.0,75,26100,1161.38,1242.85,1263.6
1704,2021-05-01 12:35:00,1250.0,1250.0,1250.0,1250.0,75,26100,1161.38,1242.85,1263.6
1705,2021-05-01 12:36:00,1250.0,1250.0,1250.0,1250.0,75,26100,1161.38,1242.85,1263.6
1706,2021-05-01 12:37:00,1250.0,1250.0,1250.0,1250.0,75,26100,1161.38,1242.85,1263.6
1707,2021-05-01 12:38:00,1250.0,1250.0,1250.0,1250.0,75,26100,1161.38,1242.85,1263.6
1708,2021-05-01 12:39:00,1250.0,1250.0,1250.0,1250.0,75,26100,1161.38,1242.85,1263.6
1709,2021-05-01 12:40:00,1250.0,1250.0,1250.0,1250.0,75,26100,1161.38,1242.85,1263.6
1710,2021-05-01 12:41:00,1250.0,1250.0,1250.0,1250.0,75,26100,1161.38,1242.85,1263.6
1711,2021-05-01 12:42:00,1250.0,1250.0,1250.0,1250.0,75,26100,1161.38,1242.85,1263.6
1712,2021-05-01 12:43:00,1250.0,1250.0,1250.0,1250.0,75,26100,1161.38,1242.85,1263.6
1713,2021-05-01 12:44:00,1250.0,1250.0,1250.0,1250.0,75,26100,1161.38,1242.85,1263.6
1714,2021-05-01 12:45:00,1250.0,1250.0,1250.0,1250.0,75,26100,1161.38,1242.85,1263.6
1715,2021-05-01 12:46:00,1250.0,1250.0,1250.0,1250.0,75,26100,1161.38,1242.85,1263.6
1716,2021-05-01 12:47:00,1250.0,1250.0,1250.0,1250.0,75,26100,1161.38,1242.85,1263.6
1717,2021-05-01 12:48:00,1250.0,1250.0,1250.0,1250.0,75,26100,1161.38,1242.85,1263.6
1718,2021-05-01 12:49:00,1250.0,1250.0,1250.0,1250.0,75,26100,1161.38,1242.85,1263.6
1719,2021-05-01 12:50:00,1250.0,1250.0,1250.0,1250.0,75,26100,1161.38,1242.85,1263.6
1720,2021-05-01 12:51:00,1250.0,1250.0,1250.0,1250.0,75,26100,1161.38,1242.85,1263.6
1721,2021-05-01 12:52:00,1250.0,1250.0,1250.0,1250.0,75,26100,1161.38,1242.85,1263.6
1722,2021-05-01 12:53:00,1250.0,1250.0,1250.0,1250.0,75,26100,1161.38,1242.85,1263.6
1723,2021-05-01 12:54:00,1250.0,1250.0,1250.0,1250.0,75,26100,1161.38,1242.85,1263.6
1724,2021-05-01 12:55:00,1250.0,1250.0,1250.0,1250.0,75,26100,1161.38,1242.85,1263.6
1725,2021-05-01 12:56:00,1250.0,1250.0,1250.0,1250.0,75,26100,1161.38,1242.85,1263.6
1726,2021-05-01 12:57:00,1250.0,1250.0,1250.0,1250.0,75,26100,1161.38,1242.85,1263.6
1727,2021-05-01 12:58:00,1250.0,1250.0,1250.0,1250.0,75,26100,1161.38,1242.85,1263.6
1728,2021-05-01 12:59:00,1250.0,1250.0,1250.0,1250.0,75,26100,1161.38,1242.85,1263.6
1729,2021-05-01 13:00:00,1250.0,1250.0,1250.0,1250.0,75,26100,1161.38,1242.85,1263.6
1730,2021-05-01 13:01:00,1250.0,1250.0,1250.0,1250.0,75,26100,1161.38,1242.85,1263.6
1731,2021-05-01 13:02:00,1250.0,1250.0,1250.0,1250.0,75,26100,1161.38,1242.85,1263.6
1732,2021-05-01 13:03:00,1250.0,1250.0,1250.0,1250.0,75,26100,1161.38,1242.85,1263.6
1733,2021-05-01 13:04:00,1250.0,1250.0,1250.0,1250.0,75,26100,1161.38,1242.85,1263.6
1734,2021-05-01 13:05:00,1250.0,1250.0,1250.0,1250.0,75,26100,1161.38,1242.85,1263.6
1735,2021-05-01 13:06:00,1250.0,1250.0,1250.0,1250.0,75,26100,1161.38,1242.85,1263.6
1736,2021-05-01 13:07:00,1250.0,1250.0,1250.0,1250.0,75,26100,1161.38,1242.85,1263.6
1737,2021-05-01 13:08:00,1250.0,1250.0,1250.0,1250.0,75,26100,1161.38,1242.85,1263.6
1738,2021-05-01 13:09:00,1250.0,1250.0,1250.0,1250.0,75,26100,1161.38,1242.85,1263.6
1739,2021-05-01 13:10:00,1250.0,1250.0,1250.0,1250.0,75,26100,1161.38,1242.85,1263.6
1740,2021-05-01 13:11:00,1250.0,1250.0,1250.0,1250.0,75,26100,1161.38,1242.85,1263.6
1741,2021-05-01 13:12:00,1250.0,1250.0,1250.0,1250.0,75,26100,1161.38,1242.85,1263.6
1742,2021-05-01 13:13:00,1250.0,1250.0,1250.0,1250.0,75,26100,1161.38,1242.85,1263.6
1743,2021-05-01 13:14:00,1250.0,1250.0,1250.0,1250.0,75,26100,1161.38,1242.85,1263.6
1744,2021-05-01 13:15:00,1250.0,1250.0,1250.0,1250.0,75,26100,1161.38,1242.85,1263.6
1745,2021-05-01 13:16:00,1250.0,1250.0,1250.0,1250.0,75,26100,1161.38,1242.85,1263.6
1746,2021-05-01 13:17:00,1250.0,1250.0,1250.0,1250.0,75,26100,1161.38,1242.85,1263.6
1747,2021-05-01 13:18:00,1250.0,1250.0,1250.0,1250.0,75,26100,1161.38,1242.85,1263.6
1748,2021-05-01 13:19:00,1250.0,1250.0,1250.0,1250.0,75,26100,1161.38,1242.85,1263.6
1749,2021-05-01 13:20:00,1250.0,1250.0,1250.0,1250.0,75,26100,1161.38,1242.85,1263.6
1750,2021-05-01 13:21:00,1250.0,1250.0,1250.0,1250.0,75,26100,1161.38,1242.85,1263.6
1751,2021-05-01 13:22:00,1250.0,1250.0,1250.0,1250.0,75,26100,1161.38,1242.85,1263.6
1752,2021-05-01 13:23:00,1250.0,1250.0,1250.0,1250.0,75,26100,1161.38,1242.85,1263.6
1753,2021-05-01 13:24:00,1250.0,1250.0,1250.0,1250.0,75,26100,1161.38,1242.85,1263.6
1754,2021-05-01 13:25:00,1250.0,1250.0,1250.0,1250.0,75,26100,1161.38,1242.85,1263.6
1755,2021-05-01 13:26:00,1250.0,1250.0,1250.0,1250.0,75,26100,1161.38,1242.85,1263.6
1756,2021-05-01 13:27:00,1250.0,1250.0,1250.0,1250.0,75,26100,1161.38,1242.85,1263.6
1757,2021-05-01 13:28:00,1250.0,1250.0,1250.0,1250.0,75,26100,1161.38,1242.85,1263.6
1758,2021-05-01 13:29:00,1250.0,1250.0,1250.0,1250.0,75,26100,1161.38,1242.85,1263.6
1759,2021-05-01 13:30:00,1250.0,1250.0,1250.0,1250.0,75,26100,1161.38,1242.85,1263.6
1760,2021-05-01 13:31:00,1250.0,1250.0,1250.0,1250.0,75,26100,1161.38,1242.85,1263.6
1761,2021-05-01 13:32:00,1250.0,1250.0,1250.0,1250.0,75,26100,1161.38,1242.85,1263.6
1762,2021-05-01 13:33:00,1250.0,1250.0,1250.0,1250.0,75,26100,1161.38,1242.85,1263.6
1763,2021-05-01 13:34:00,1250.0,1250.0,1250.0,1250.0,75,26100,1161.38,1242.85,1263.6
1764,2021-05-01 13:35:00,1250.0,1250.0,1250.0,1250.0,75,26100,1161.38,1242.85,1263.6
1765,2021-05-01 13:36:00,1250.0,1250.0,1250.0,1250.0,75,26100,1161.38,1242.85,1263.6
1766,2021-05-01 13:37:00,1250.0,1250.0,1250.0,1250.0,75,26100,1161.38,1242.85,1263.6
1767,2021-05-01 13:38:00,1250.0,1250.0,1250.0,1250.0,75,26100,1161.38,1242.85,1263.6
1768,2021-05-01 13:39:00,1250.0,1250.0,1250.0,1250.0,75,26100,1161.38,1242.85,1263.6
1769,2021-05-01 13:40:00,1250.0,1250.0,1250.0,1250.0,75,26100,1161.38,1242.85,1263.6
1770,2021-05-01 13:41:00,1250.0,1250.0,1250.0,1250.0,75,26100,1161.38,1242.85,1263.6
1771,2021-05-01 13:42:00,1250.0,1250.0,1250.0,1250.0,75,26100,1161.38,1242.85,1263.6
1772,2021-05-01 13:43:00,1250.0,1250.0,1250.0,1250.0,75,26100,1161.38,1242.85,1263.6
1773,2021-05-01 13:44:00,1250.0,1250.0,1250.0,1250.0,75,26100,1161.38,1242.85,1263.6
1774,2021-05-01 13:45:00,1250.0,1250.0,1250.0,1250.0,75,26100,1161.38,1242.85,1263.6
1775,2021-05-01 13:46:00,1250.0,1250.0,1250.0,1250.0,75,26100,1161.38,1242.85,1263.6
1776,2021-05-01 13:47:00,1250.0,1250.0,1250.0,1250.0,75,26100,1161.38,1242.85,1263.6
1777,2021-05-01 13:48:00,1250.0,1250.0,1250.0,1250.0,75,26100,1161.38,1242.85,1263.6
1778,2021-05-01 13:49:00,1250.0,1250.0,1250.0,1250.0,75,26100,1161.38,1242.85,1263.6
1779,2021-05-01 13:50:00,1250.0,1250.0,1250.0,1250.0,75,26100,1161.38,1242.85,1263.6
1780,2021-05-01 13:51:00,1250.0,1250.0,1250.0,1250.0,75,26100,1161.38,1242.85,1263.6
1781,2021-05-01 13:52:00,1250.0,1250.0,1250.0,1250.0,75,26100,1161.38,1242.85,1263.6
1782,2021-05-01 13:53:00,1250.0,1250.0,1250.0,1250.0,75,26100,1161.38,1242.85,1263.6
1783,2021-05-01 13:54:00,1250.0,1250.0,1250.0,1250.0,75,26100,1161.38,1242.85,1263.6
1784,2021-05-01 13:55:00,1250.0,1250.0,1250.0,1250.0,75,26100,1161.38,1242.85,1263.6
1785,2021-05-01 13:56:00,1250.0,1250.0,1250.0,1250.0,75,26100,1161.38,1242.85,1263.6
1786,2021-05-01 13:57:00,1250.0,1250.0,1250.0,1250.0,75,26100,1161.38,1242.85,1263.6
1787,2021-05-01 13:58:00,1250.0,1250.0,1250.0,1250.0,75,26100,1161.38,1242.85,1263.6
1788,2021-05-01 13:59:00,1250.0,1250.0,1250.0,1250.0,75,26100,1161.38,1242.85,1263.6
1789,2021-05-01 14:00:00,1250.0,1250.0,1250.0,1250.0,75,26100,1161.38,1242.85,1263.6
1790,2021-05-01 14:01:00,1250.0,1250.0,1250.0,1250.0,75,26100,1161.38,1242.85,1263.6
1791,2021-05-01 14:02:00,1250.0,1250.0,1250.0,1250.0,75,26100,1161.38,1242.85,1263.6
1792,2021-05-01 14:03:00,1250.0,1250.0,1250.0,1250.0,75,26100,1161.38,1242.85,1263.6
1793,2021-05-01 14:04:00,1250.0,1250.0,1250.0,1250.0,75,26100,1161.38,1242.85,1263.6
1794,2021-05-01 14:05:00,1250.0,1250.0,1250.0,1250.0,75,26100,1161.38,1242.85,1263.6
1795,2021-05-01 14:06:00,1250.0,1250.0,1250.0,1250.0,75,26100,1161.38,1242.85,1263.6
1796,2021-05-01 14:07:00,1250.0,1250.0,1250.0,1250.0,75,26100,1161.38,1242.85,1263.6
1797,2021-05-01 14:08:00,1250.0,1250.0,1250.0,1250.0,75,26100,1161.38,1242.85,1263.6
1798,2021-05-01 14:09:00,1250.0,1250.0,1250.0,1250.0,75,26100,1161.38,1242.85,1263.6
1799,2021-05-01 14:10:00,1250.0,1250.0,1250.0,1250.0,75,26100,1161.38,1242.85,1263.6
1800,2021-05-01 14:11:00,1250.0,1250.0,1250.0,1250.0,75,26100,1161.38,1242.85,1263.6
1801,2021-05-01 14:12:00,1250.0,1250.0,1250.0,1250.0,75,26100,1161.38,1242.85,1263.6
1802,2021-05-01 14:13:00,1250.0,1250.0,1250.0,1250.0,75,26100,1161.38,1242.85,1263.6
1803,2021-05-01 14:14:00,1250.0,1250.0,1250.0,1250.0,75,26100,1161.38,1242.85,1263.6
1804,2021-05-01 14:15:00,1250.0,1250.0,1250.0,1250.0,75,26100,1161.38,1242.85,1263.6
1805,2021-05-01 14:16:00,1250.0,1250.0,1250.0,1250.0,75,26100,1161.38,1242.85,1263.6
1806,2021-05-01 14:17:00,1250.0,1250.0,1250.0,1250.0,75,26100,1161.38,1242.85,1263.6
1807,2021-05-01 14:18:00,1250.0,1250.0,1250.0,1250.0,75,26100,1161.38,1242.85,1263.6
1808,2021-05-01 14:19:00,1250.0,1250.0,1250.0,1250.0,75,26100,1161.38,1242.85,1263.6
1809,2021-05-01 14:20:00,1250.0,1250.0,1250.0,1250.0,75,26100,1161.38,1242.85,1263.6
1810,2021-05-01 14:21:00,1250.0,1250.0,1250.0,1250.0,75,26100,1161.38,1242.85,1263.6
1811,2021-05-01 14:22:00,1250.0,1250.0,1250.0,1250.0,75,26100,1161.38,1242.85,1263.6
1812,2021-05-01 14:23:00,1250.0,1250.0,1250.0,1250.0,75,26100,1161.38,1242.85,1263.6
1813,2021-05-01 14:24:00,1250.0,1250.0,1250.0,1250.0,75,26100,1161.38,1242.85,1263.6
1814,2021-05-01 14:25:00,1250.0,1250.0,1250.0,1250.0,75,26100,1161.38,1242.85,1263.6
1815,2021-05-01 14:26:00,1250.0,1250.0,1250.0,1250.0,75,26100,1161.38,1242.85,1263.6
1816,2021-05-01 14:27:00,1250.0,1250.0,1250.0,1250.0,75,26100,1161.38,1242.85,1263.6
1817,2021-05-01 14:28:00,1250.0,1250.0,1250.0,1250.0,75,26100,1161.38,1242.85,1263.6
1818,2021-05-01 14:29:00,1250.0,1250.0,1250.0,1250.0,75,26100,1161.38,1242.85,1263.6
1819,2021-05-01 14:30:00,1250.0,1250.0,1250.0,1250.0,75,26100,1161.38,1242.85,1263.6
1820,2021-05-01 14:31:00,1250.0,1250.0,1250.0,1250.0,75,26100,1161.38,1242.85,1263.6
1821,2021-05-01 14:32:00,1250.0,1250.0,1250.0,1250.0,75,26100,1161.38,1242.85,1263.6
1822,2021-05-01 14:33:00,1250.0,1250.0,1250.0,1250.0,75,26100,1161.38,1242.85,1263.6
1823,2021-05-01 14:34:00,1250.0,1250.0,1250.0,1250.0,75,26100,1161.38,1242.85,1263.6
1824,2021-05-01 14:35:00,1250.0,1250.0,1250.0,1250.0,75,26100,1161.38,1242.85,1263.6
1825,2021-05-01 14:36:00,1250.0,1250.0,1250.0,1250.0,75,26100,1161.38,1242.85,1263.6
1826,2021-05-01 14:37:00,1250.0,1250.0,1250.0,1250.0,75,26100,1161.38,1242.85,1263.6
1827,2021-05-01 14:38:00,1250.0,1250.0,1250.0,1250.0,75,26100,1161.38,1242.85,1263.6
1828,2021-05-01 14:39:00,1250.0,1250.0,1250.0,1250.0,75,26100,1161.38,1242.85,1263.6
1829,2021-05-01 14:40:00,1250.0,1250.0,1250.0,1250.0,75,26100,1161.38,1242.85,1263.6
1830,2021-05-01 14:41:00,1250.0,1250.0,1250.0,1250.0,75,26100,1161.38,1242.85,1263.6
1831,2021-05-01 14:42:00,1250.0,1250.0,1250.0,1250.0,75,26100,1161.38,1242.85,1263.6
1832,2021-05-01 14:43:00,1250.0,1250.0,1250.0,1250.0,75,26100,1161.38,1242.85,1263.6
1833,2021-05-01 14:44:00,1250.0,1250.0,1250.0,1250.0,75,26100,1161.38,1242.85,1263.6
1834,2021-05-01 14:45:00,1250.0,1250.0,1250.0,1250.0,75,26100,1161.38,1242.85,1263.6
1835,2021-05-01 14:46:00,1250.0,1250.0,1250.0,1250.0,75,26100,1161.38,1242.85,1263.6
1836,2021-05-01 14:47:00,1250.0,1250.0,1250.0,1250.0,75,26100,1161.38,1242.85,1263.6
1837,2021-05-01 14:48:00,1250.0,1250.0,1250.0,1250.0,75,26100,1161.38,1242.85,1263.6
1838,2021-05-01 14:49:00,1250.0,1250.0,1250.0,1250.0,75,26100,1161.38,1242.85,1263.6
1839,2021-05-01 14:50:00,1250.0,1250.0,1250.0,1250.0,75,26100,1161.38,1242.85,1263.6
1840,2021-05-01 14:51:00,1250.0,1250.0,1250.0,1250.0,75,26100,1161.38,1242.85,1263.6
1841,2021-05-01 14:52:00,1250.0,1250.0,1250.0,1250.0,75,26100,1161.38,1242.85,1263.6
1842,2021-05-01 14:53:00,1250.0,1250.0,1250.0,1250.0,75,26100,1161.38,1242.85,1263.6
1843,2021-05-01 14:54:00,1250.0,1250.0,1250.0,1250.0,75,26100,1161.38,1242.85,1263.6
1844,2021-05-01 14:55:00,1250.0,1250.0,1250.0,1250.0,75,26100,1161.38,1242.85,1263.6
1845,2021-05-01 14:56:00,1250.0,1250.0,1250.0,1250.0,75,26100,1161.38,1242.85,1263.6
1846,2021-05-01 14:57:00,1250.0,1250.0,1250.0,1250.0,75,26100,1161.38,1242.85,1263.6
1847,2021-05-01 14:58:00,1250.0,1250.0,1250.0,1250.0,75,26100,1161.38,1242.85,1263.6
1848,2021-05-01 14:59:00,1250.0,1250.0,1250.0,1250.0,75,26100,1161.38,1242.85,1263.6
1849,2021-05-01 15:00:00,1250.0,1250.0,1250.0,1250.0,75,26100,1161.38,1242.85,1263.6
1850,2021-05-01 15:01:00,1250.0,1250.0,1250.0,1250.0,75,26100,1161.38,1242.85,1263.6
1851,2021-05-01 15:02:00,1250.0,1250.0,1250.0,1250.0,75,26100,1161.38,1242.85,1263.6
1852,2021-05-01 15:03:00,1250.0,1250.0,1250.0,1250.0,75,26100,1161.38,1242.85,1263.6
1853,2021-05-01 15:04:00,1250.0,1250.0,1250.0,1250.0,75,26100,1161.38,1242.85,1263.6
1854,2021-05-01 15:05:00,1250.0,1250.0,1250.0,1250.0,75,26100,1161.38,1242.85,1263.6
1855,2021-05-01 15:06:00,1250.0,1250.0,1250.0,1250.0,75,26100,1161.38,1242.85,1263.6
1856,2021-05-01 15:07:00,1250.0,1250.0,1250.0,1250.0,75,26100,1161.38,1242.85,1263.6
1857,2021-05-01 15:08:00,1250.0,1250.0,1250.0,1250.0,75,26100,1161.38,1242.85,1263.6
1858,2021-05-01 15:09:00,1250.0,1250.0,1250.0,1250.0,75,26100,1161.38,1242.85,1263.6
1859,2021-05-01 15:10:00,1250.0,1250.0,1250.0,1250.0,75,26100,1161.38,1242.85,1263.6
1860,2021-05-01 15:11:00,1250.0,1250.0,1250.0,1250.0,75,26100,1161.38,1242.85,1263.6
1861,2021-05-01 15:12:00,1250.0,1250.0,1250.0,1250.0,75,26100,1161.38,1242.85,1263.6
1862,2021-05-01 15:13:00,1250.0,1250.0,1250.0,1250.0,75,26100,1161.38,1242.85,1263.6
1863,2021-05-01 15:14:00,1250.0,1250.0,1250.0,1250.0,75,26100,1161.38,1242.85,1263.6
1864,2021-05-01 15:15:00,1250.0,1250.0,1250.0,1250.0,75,26100,1161.38,1242.85,1263.6
1865,2021-05-01 15:16:00,1250.0,1250.0,1250.0,1250.0,75,26100,1161.38,1242.85,1263.6
1866,2021-05-01 15:17:00,1250.0,1250.0,1250.0,1250.0,75,26100,1161.38,1242.85,1263.6
1867,2021-05-01 15:18:00,1250.0,1250.0,1250.0,1250.0,75,26100,1161.38,1242.85,1263.6
1868,2021-05-01 15:19:00,1250.0,1250.0,1250.0,1250.0,75,26100,1161.38,1242.85,1263.6
1869,2021-05-01 15:20:00,1250.0,1250.0,1250.0,1250.0,75,26100,1161.38,1242.85,1263.6
1870,2021-05-01 15:21:00,1250.0,1250.0,1250.0,1250.0,75,26100,1161.38,1242.85,1263.6
1871,2021-05-01 15:22:00,1250.0,1250.0,1250.0,1250.0,75,26100,1161.38,1242.85,1263.6
1872,2021-05-01 15:23:00,1250.0,1250.0,1250.0,1250.0,75,26100,1161.38,1242.85,1263.6
1873,2021-05-01 15:24:00,1250.0,1250.0,1250.0,1250.0,75,26100,1161.38,1242.85,1263.6
1874,2021-05-01 15:25:00,1250.0,1250.0,1250.0,1250.0,75,26100,1161.38,1242.85,1263.6
1875,2021-05-01 15:26:00,1250.0,1250.0,1250.0,1250.0,75,26100,1161.38,1242.85,1263.6
1876,2021-05-01 15:27:00,1250.0,1250.0,1250.0,1250.0,75,26100,1161.38,1242.85,1263.6
1877,2021-05-01 15:28:00,1250.0,1250.0,1250.0,1250.0,75,26100,1161.38,1242.85,1263.6
1878,2021-05-01 15:29:00,1250.0,1250.0,1250.0,1250.0,75,26100,1161.38,1242.85,1263.6
1879,2021-05-01 15:30:00,1250.0,1250.0,1250.0,1250.0,75,26100,1161.38,1242.85,1263.6
1880,2021-05-02 09:15:00,1250.0,1250.0,1250.0,1250.0,75,26100,1161.38,1242.85,1263.6
1881,2021-05-02 09:16:00,1250.0,1250.0,1250.0,1250.0,75,26100,1161.38,1242.85,1263.6
1882,2021-05-02 09:17:00,1250.0,1250.0,1250.0,1250.0,75,26100,1161.38,1242.85,1263.6
1883,2021-05-02 09:18:00,1250.0,1250.0,1250.0,1250.0,75,26100,1161.38,1242.85,1263.6
1884,2021-05-02 09:19:00,1250.0,1250.0,1250.0,1250.0,75,26100,1161.38,1242.85,1263.6
1885,2021-05-02 09:20:00,1250.0,1250.0,1250.0,1250.0,75,26100,1161.38,1242.85,1263.6
1886,2021-05-02 09:21:00,1250.0,1250.0,1250.0,1250.0,75,26100,1161.38,1242.85,1263.6
1887,2021-05-02 09:22:00,1250.0,1250.0,1250.0,1250.0,75,26100,1161.38,1242.85,1263.6
1888,2021-05-02 09:23:00,1250.0,1250.0,1250.0,1250.0,75,26100,1161.38,1242.85,1263.6
1889,2021-05-02 09:24:00,1250.0,1250.0,1250.0,1250.0,75,26100,1161.38,1242.85,1263.6
1890,2021-05-02 09:25:00,1250.0,1250.0,1250.0,1250.0,75,26100,1161.38,1242.85,1263.6
1891,2021-05-02 09:26:00,1250.0,1250.0,1250.0,1250.0,75,26100,1161.38,1242.85,1263.6
1892,2021-05-02 09:27:00,1250.0,1250.0,1250.0,1250.0,75,26100,1161.38,1242.85,1263.6
1893,2021-05-02 09:28:00,1250.0,1250.0,1250.0,1250.0,75,26100,1161.38,1242.85,1263.6
1894,2021-05-02 09:29:00,1250.0,1250.0,1250.0,1250.0,75,26100,1161.38,1242.85,1263.6
1895,2021-05-02 09:30:00,1250.0,1250.0,1250.0,1250.0,75,26100,1161.38,1242.85,1263.6
1896,2021-05-02 09:31:00,1250.0,1250.0,1250.0,1250.0,75,26100,1161.38,1242.85,1263.6
1897,2021-05-02 09:32:00,1250.0,1250.0,1250.0,1250.0,75,26100,1161.38,1242.85,1263.6
1898,2021-05-02 09:33:00,1250.0,1250.0,1250.0,1250.0,75,26100,1161.38,1242.85,1263.6
1899,2021-05-02 09:34:00,1250.0,1250.0,1250.0,1250.0,75,26100,1161.38,1242.85,1263.6
1900,2021-05-02 09:35:00,1250.0,1250.0,1250.0,1250.0,75,26100,1161.38,1242.85,1263.6
1901,2021-05-02 09:36:00,1250.0,1250.0,1250.0,1250.0,75,26100,1161.38,1242.85,1263.6
1902,2021-05-02 09:37:00,1250.0,1250.0,1250.0,1250.0,75,26100,1161.38,1242.85,1263.6
1903,2021-05-02 09:38:00,1250.0,1250.0,1250.0,1250.0,75,26100,1161.38,1242.85,1263.6
1904,2021-05-02 09:39:00,1250.0,1250.0,1250.0,1250.0,75,26100,1161.38,1242.85,1263.6
1905,2021-05-02 09:40:00,1250.0,1250.0,1250.0,1250.0,75,26100,1161.38,1242.85,1263.6
1906,2021-05-02 09:41:00,1250.0,1250.0,1250.0,1250.0,75,26100,1161.38,1242.85,1263.6
1907,2021-05-02 09:42:00,1250.0,1250.0,1250.0,1250.0,75,26100,1161.38,1242.85,1263.6
1908,2021-05-02 09:43:00,1250.0,1250.0,1250.0,1250.0,75,26100,1161.38,1242.85,1263.6
1909,2021-05-02 09:44:00,1250.0,1250.0,1250.0,1250.0,75,26100,1161.38,1242.85,1263.6
1910,2021-05-02 09:45:00,1250.0,1250.0,1250.0,1250.0,75,26100,1161.38,1242.85,1263.6
1911,2021-05-02 09:46:00,1250.0,1250.0,1250.0,1250.0,75,26100,1161.38,1242.85,1263.6
1912,2021-05-02 09:47:00,1250.0,1250.0,1250.0,1250.0,75,26100,1161.38,1242.85,1263.6
1913,2021-05-02 09:48:00,1250.0,1250.0,1250.0,1250.0,75,26100,1161.38,1242.85,1263.6
1914,2021-05-02 09:49:00,1250.0,1250.0,1250.0,1250.0,75,26100,1161.38,1242.85,1263.6
1915,2021-05-02 09:50:00,1250.0,1250.0,1250.0,1250.0,75,26100,1161.38,1242.85,1263.6
1916,2021-05-02 09:51:00,1250.0,1250.0,1250.0,1250.0,75,26100,1161.38,1242.85,1263.6
1917,2021-05-02 09:52:00,1250.0,1250.0,1250.0,1250.0,75,26100,1161.38,1242.85,1263.6
1918,2021-05-02 09:53:00,1250.0,1250.0,1250.0,1250.0,75,26100,1161.38,1242.85,1263.6
1919,2021-05-02 09:54:00,1250.0,1250.0,1250.0,1250.0,75,26100,1161.38,1242.85,1263.6
1920,2021-05-02 09:55:00,1250.0,1250.0,1250.0,1250.0,75,26100,1161.38,1242.85,1263.6
1921,2021-05-02 09:56:00,1250.0,1250.0,1250.0,1250.0,75,26100,1161.38,1242.85,1263.6
1922,2021-05-02 09:57:00,1250.0,1250.0,1250.0,1250.0,75,26100,1161.38,1242.85,1263.6
1923,2021-05-02 09:58:00,1250.0,1250.0,1250.0,1250.0,75,26100,1161.38,1242.85,1263.6
1924,2021-05-02 09:59:00,1250.0,1250.0,1250.0,1250.0,75,26100,1161.38,1242.85,1263.6
1925,2021-05-02 10:00:00,1250.0,1250.0,1250.0,1250.0,75,26100,1161.38,1242.85,1263.6
1926,2021-05-02 10:01:00,1250.0,1250.0,1250.0,1250.0,75,26100,1161.38,1242.85,1263.6
1927,2021-05-02 10:02:00,1250.0,1250.0,1250.0,1250.0,75,26100,1161.38,1242.85,1263.6
1928,2021-05-02 10:03:00,1250.0,1250.0,1250.0,1250.0,75,26100,1161.38,1242.85,1263.6
1929,2021-05-02 10:04:00,1250.0,1250.0,1250.0,1250.0,75,26100,1161.38,1242.85,1263.6
1930,2021-05-02 10:05:00,1250.0,1250.0,1250.0,1250.0,75,26100,1161.38,1242.85,1263.6
1931,2021-05-02 10:06:00,1250.0,1250.0,1250.0,1250.0,75,26100,1161.38,1242.85,1263.6
1932,2021-05-02 10:07:00,1250.0,1250.0,1250.0,1250.0,75,26100,1161.38,1242.85,1263.6
1933,2021-05-02 10:08:00,1250.0,1250.0,1250.0,1250.0,75,26100,1161.38,1242.85,1263.6
1934,2021-05-02 10:09:00,1250.0,1250.0,1250.0,1250.0,75,26100,1161.38,1242.85,1263.6
1935,2021-05-02 10:10:00,1250.0,1250.0,1250.0,1250.0,75,26100,1161.38,1242.85,1263.6
1936,2021-05-02 10:11:00,1250.0,1250.0,1250.0,1250.0,75,26100,1161.38,1242.85,1263.6
1937,2021-05-02 10:12:00,1250.0,1250.0,1250.0,1250.0,75,26100,1161.38,1242.85,1263.6
1938,2021-05-02 10:13:00,1250.0,1250.0,1250.0,1250.0,75,26100,1161.38,1242.85,1263.6
1939,2021-05-02 10:14:00,1250.0,1250.0,1250.0,1250.0,75,26100,1161.38,1242.85,1263.6
1940,2021-05-02 10:15:00,1250.0,1250.0,1250.0,1250.0,75,26100,1161.38,1242.85,1263.6
1941,2021-05-02 10:16:00,1250.0,1250.0,1250.0,1250.0,75,26100,1161.38,1242.85,1263.6
1942,2021-05-02 10:17:00,1250.0,1250.0,1250.0,1250.0,75,26100,1161.38,1242.85,1263.6
1943,2021-05-02 10:18:00,1250.0,1250.0,1250.0,1250.0,75,26100,1161.38,1242.85,1263.6
1944,2021-05-02 10:19:00,1250.0,1250.0,1250.0,1250.0,75,26100,1161.38,1242.85,1263.6
1945,2021-05-02 10:20:00,1250.0,1250.0,1250.0,1250.0,75,26100,1161.38,1242.85,1263.6
1946,2021-05-02 10:21:00,1250.0,1250.0,1250.0,1250.0,75,26100,1161.38,1242.85,1263.6
1947,2021-05-02 10:22:00,1250.0,1250.0,1250.0,1250.0,75,26100,1161.38,1242.85,1263.6
1948,2021-05-02 10:23:00,1250.0,1250.0,1250.0,1250.0,75,26100,1161.38,1242.85,1263.6
1949,2021-05-02 10:24:00,1250.0,1250.0,1250.0,1250.0,75,26100,1161.38,1242.85,1263.6
1950,2021-05-02 10:25:00,1250.0,1250.0,1250.0,1250.0,75,26100,1161.38,1242.85,1263.6
1951,2021-05-02 10:26:00,1250.0,1250.0,1250.0,1250.0,75,26100,1161.38,1242.85,1263.6
1952,2021-05-02 10:27:00,1250.0,1250.0,1250.0,1250.0,75,26100,1161.38,1242.85,1263.6
1953,2021-05-02 10:28:00,1250.0,1250.0,1250.0,1250.0,75,26100,1161.38,1242.85,1263.6
1954,2021-05-02 10:29:00,1250.0,1250.0,1250.0,1250.0,75,26100,1161.38,1242.85,1263.6
1955,2021-05-02 10:30:00,1250.0,1250.0,1250.0,1250.0,75,26100,1161.38,1242.85,1263.6
1956,2021-05-02 10:31:00,1250.0,1250.0,1250.0,1250.0,75,26100,1161.38,1242.85,1263.6
1957,2021-05-02 10:32:00,1250.0,1250.0,1250.0,1250.0,75,26100,1161.38,1242.85,1263.6
1958,2021-05-02 10:33:00,1250.0,1250.0,1250.0,1250.0,75,26100,1161.38,1242.85,1263.6
1959,2021-05-02 10:34:00,1250.0,1250.0,1250.0,1250.0,75,26100,1161.38,1242.85,1263.6
1960,2021-05-02 10:35:00,1250.0,1250.0,1250.0,1250.0,75,26100,1161.38,1242.85,1263.6
1961,2021-05-02 10:36:00,1250.0,1250.0,1250.0,1250.0,75,26100,1161.38,1242.85,1263.6
1962,2021-05-02 10:37:00,1250.0,1250.0,1250.0,1250.0,75,26100,1161.38,1242.85,1263.6
1963,2021-05-02 10:38:00,1250.0,1250.0,1250.0,1250.0,75,26100,1161.38,1242.85,1263.6
1964,2021-05-02 10:39:00,1250.0,1250.0,1250.0,1250.0,75,26100,1161.38,1242.85,1263.6
1965,2021-05-02 10:40:00,1250.0,1250.0,1250.0,1250.0,75,26100,1161.38,1242.85,1263.6
1966,2021-05-02 10:41:00,1250.0,1250.0,1250.0,1250.0,75,26100,1161.38,1242.85,1263.6
1967,2021-05-02 10:42:00,1250.0,1250.0,1250.0,1250.0,75,26100,1161.38,1242.85,1263.6
1968,2021-05-02 10:43:00,1250.0,1250.0,1250.0,1250.0,75,26100,1161.38,1242.85,1263.6
1969,2021-05-02 10:44:00,1250.0,1250.0,1250.0,1250.0,75,26100,1161.38,1242.85,1263.6
1970,2021-05-02 10:45:00,1250.0,1250.0,1250.0,1250.0,75,26100,1161.38,1242.85,1263.6
1971,2021-05-02 10:46:00,1250.0,1250.0,1250.0,1250.0,75,26100,1161.38,1242.85,1263.6
1972,2021-05-02 10:47:00,1250.0,1250.0,1250.0,1250.0,75,26100,1161.38,1242.85,1263.6
1973,2021-05-02 10:48:00,1250.0,1250.0,1250.0,1250.0,75,26100,1161.38,1242.85,1263.6
1974,2021-05-02 10:49:00,1250.0,1250.0,1250.0,1250.0,75,26100,1161.38,1242.85,1263.6
1975,2021-05-02 10:50:00,1250.0,1250.0,1250.0,1250.0,75,26100,1161.38,1242.85,1263.6
1976,2021-05-02 10:51:00,1250.0,1250.0,1250.0,1250.0,75,26100,1161.38,1242.85,1263.6
1977,2021-05-02 10:52:00,1250.0,1250.0,1250.0,1250.0,75,26100,1161.38,1242.85,1263.6
1978,2021-05-02 10:53:00,1250.0,1250.0,1250.0,1250.0,75,26100,1161.38,1242.85,1263.6
1979,2021-05-02 10:54:00,1250.0,1250.0,1250.0,1250.0,75,26100,1161.38,1242.85,1263.6
1980,2021-05-02 10:55:00,1250.0,1250.0,1250.0,1250.0,75,26100,1161.38,1242.85,1263.6
1981,2021-05-02 10:56:00,1250.0,1250.0,1250.0,1250.0,75,26100,1161.38,1242.85,1263.6
1982,2021-05-02 10:57:00,1250.0,1250.0,1250.0,1250.0,75,26100,1161.38,1242.85,1263.6
1983,2021-05-02 10:58:00,1250.0,1250.0,1250.0,1250.0,75,26100,1161.38,1242.85,1263.6
1984,2021-05-02 10:59:00,1250.0,1250.0,1250.0,1250.0,75,26100,1161.38,1242.85,1263.6
1985,2021-05-02 11:00:00,1250.0,1250.0,1250.0,1250.0,75,26100,1161.38,1242.85,1263.6
1986,2021-05-02 11:01:00,1250.0,1250.0,1250.0,1250.0,75,26100,1161.38,1242.85,1263.6
1987,2021-05-02 11:02:00,1250.0,1250.0,1250.0,1250.0,75,26100,1161.38,1242.85,1263.6
1988,2021-05-02 11:03:00,1250.0,1250.0,1250.0,1250.0,75,26100,1161.38,1242.85,1263.6
1989,2021-05-02 11:04:00,1250.0,1250.0,1250.0,1250.0,75,26100,1161.38,1242.85,1263.6
1990,2021-05-02 11:05:00,1250.0,1250.0,1250.0,1250.0,75,26100,1161.38,1242.85,1263.6
1991,2021-05-02 11:06:00,1250.0,1250.0,1250.0,1250.0,75,26100,1161.38,1242.85,1263.6
1992,2021-05-02 11:07:00,1250.0,1250.0,1250.0,1250.0,75,26100,1161.38,1242.85,1263.6
1993,2021-05-02 11:08:00,1250.0,1250.0,1250.0,1250.0,75,26100,1161.38,1242.85,1263.6
1994,2021-05-02 11:09:00,1250.0,1250.0,1250.0,1250.0,75,26100,1161.38,1242.85,1263.6
1995,2021-05-02 11:10:00,1250.0,1250.0,1250.0,1250.0,75,26100,1161.38,1242.85,1263.6
1996,2021-05-02 11:11:00,1250.0,1250.0,1250.0,1250.0,75,26100,1161.38,1242.85,1263.6
1997,2021-05-02 11:12:00,1250.0,1250.0,1250.0,1250.0,75,26100,1161.38,1242.85,1263.6
1998,2021-05-02 11:13:00,1250.0,1250.0,1250.0,1250.0,75,26100,1161.38,1242.85,1263.6
1999,2021-05-02 11:14:00,1250.0,1250.0,1250.0,1250.0,75,26100,1161.38,1242.85,1263.6
2000,2021-05-02 11:15:00,1250.0,1250.0,1250.0,1250.0,75,26100,1161.38,1242.85,1263.6
2001,2021-05-02 11:16:00,1250.0,1250.0,1250.0,1250.0,75,26100,1161.38,1242.85,1263.6
2002,2021-05-02 11:17:00,1250.0,1250.0,1250.0,1250.0,75,26100,1161.38,1242.85,1263.6
2003,2021-05-02 11:18:00,1250.0,1250.0,1250.0,1250.0,75,26100,1161.38,1242.85,1263.6
2004,2021-05-02 11:19:00,1250.0,1250.0,1250.0,1250.0,75,26100,1161.38,1242.85,1263.6
2005,2021-05-02 11:20:00,1250.0,1250.0,1250.0,1250.0,75,26100,1161.38,1242.85,1263.6
2006,2021-05-02 11:21:00,1250.0,1250.0,1250.0,1250.0,75,26100,1161.38,1242.85,1263.6
2007,2021-05-02 11:22:00,1250.0,1250.0,1250.0,1250.0,75,26100,1161.38,1242.85,1263.6
2008,2021-05-02 11:23:00,1250.0,1250.0,1250.0,1250.0,75,26100,1161.38,1242.85,1263.6
2009,2021-05-02 11:24:00,1250.0,1250.0,1250.0,1250.0,75,26100,1161.38,1242.85,1263.6
2010,2021-05-02 11:25:00,1250.0,1250.0,1250.0,1250.0,75,26100,1161.38,1242.85,1263.6
2011,2021-05-02 11:26:00,1250.0,1250.0,1250.0,1250.0,75,26100,1161.38,1242.85,1263.6
2012,2021-05-02 11:27:00,1250.0,1250.0,1250.0,1250.0,75,26100,1161.38,1242.85,1263.6
2013,2021-05-02 11:28:00,1250.0,1250.0,1250.0,1250.0,75,26100,1161.38,1242.85,1263.6
2014,2021-05-02 11:29:00,1250.0,1250.0,1250.0,1250.0,75,26100,1161.38,1242.85,1263.6
2015,2021-05-02 11:30:00,1250.0,1250.0,1250.0,1250.0,75,26100,1161.38,1242.85,1263.6
2016,2021-05-02 11:31:00,1250.0,1250.0,1250.0,1250.0,75,26100,1161.38,1242.85,1263.6
2017,2021-05-02 11:32:00,1250.0,1250.0,1250.0,1250.0,75,26100,1161.38,1242.85,1263.6
2018,2021-05-02 11:33:00,1250.0,1250.0,1250.0,1250.0,75,26100,1161.38,1242.85,1263.6
2019,2021-05-02 11:34:00,1250.0,1250.0,1250.0,1250.0,75,26100,1161.38,1242.85,1263.6
2020,2021-05-02 11:35:00,1250.0,1250.0,1250.0,1250.0,75,26100,1161.38,1242.85,1263.6
2021,2021-05-02 11:36:00,1250.0,1250.0,1250.0,1250.0,75,26100,1161.38,1242.85,1263.6
2022,2021-05-02 11:37:00,1250.0,1250.0,1250.0,1250.0,75,26100,1161.38,1242.85,1263.6
2023,2021-05-02 11:38:00,1250.0,1250.0,1250.0,1250.0,75,26100,1161.38,1242.85,1263.6
2024,2021-05-02 11:39:00,1250.0,1250.0,1250.0,1250.0,75,26100,1161.38,1242.85,1263.6
2025,2021-05-02 11:40:00,1250.0,1250.0,1250.0,1250.0,75,26100,1161.38,1242.85,1263.6
2026,2021-05-02 11:41:00,1250.0,1250.0,1250.0,1250.0,75,26100,1161.38,1242.85,1263.6
2027,2021-05-02 11:42:00,1250.0,1250.0,1250.0,1250.0,75,26100,1161.38,1242.85,1263.6
2028,2021-05-02 11:43:00,1250.0,1250.0,1250.0,1250.0,75,26100,1161.38,1242.85,1263.6
2029,2021-05-02 11:44:00,1250.0,1250.0,1250.0,1250.0,75,26100,1161.38,1242.85,1263.6
2030,2021-05-02 11:45:00,1250.0,1250.0,1250.0,1250.0,75,26100,1161.38,1242.85,1263.6
2031,2021-05-02 11:46:00,1250.0,1250.0,1250.0,1250.0,75,26100,1161.38,1242.85,1263.6
2032,2021-05-02 11:47:00,1250.0,1250.0,1250.0,1250.0,75,26100,1161.38,1242.85,1263.6
2033,2021-05-02 11:48:00,1250.0,1250.0,1250.0,1250.0,75,26100,1161.38,1242.85,1263.6
2034,2021-05-02 11:49:00,1250.0,1250.0,1250.0,1250.0,75,26100,1161.38,1242.85,1263.6
2035,2021-05-02 11:50:00,1250.0,1250.0,1250.0,1250.0,75,26100,1161.38,1242.85,1263.6
2036,2021-05-02 11:51:00,1250.0,1250.0,1250.0,1250.0,75,26100,1161.38,1242.85,1263.6
2037,2021-05-02 11:52:00,1250.0,1250.0,1250.0,1250.0,75,26100,1161.38,1242.85,1263.6
2038,2021-05-02 11:53:00,1250.0,1250.0,1250.0,1250.0,75,26100,1161.38,1242.85,1263.6
2039,2021-05-02 11:54:00,1250.0,1250.0,1250.0,1250.0,75,26100,1161.38,1242.85,1263.6
2040,2021-05-02 11:55:00,1250.0,1250.0,1250.0,1250.0,75,26100,1161.38,1242.85,1263.6
2041,2021-05-02 11:56:00,1250.0,1250.0,1250.0,1250.0,75,26100,1161.38,1242.85,1263.6
2042,2021-05-02 11:57:00,1250.0,1250.0,1250.0,1250.0,75,26100,1161.38,1242.85,1263.6
2043,2021-05-02 11:58:00,1250.0,1250.0,1250.0,1250.0,75,26100,1161.38,1242.85,1263.6
2044,2021-05-02 11:59:00,1250.0,1250.0,1250.0,1250.0,75,26100,1161.38,1242.85,1263.6
2045,2021-05-02 12:00:00,1250.0,1250.0,1250.0,1250.0,75,26100,1161.38,1242.85,1263.6
2046,2021-05-02 12:01:00,1250.0,1250.0,1250.0,1250.0,75,26100,1161.38,1242.85,1263.6
2047,2021-05-02 12:02:00,1250.0,1250.0,1250.0,1250.0,75,26100,1161.38,1242.85,1263.6
2048,2021-05-02 12:03:00,1250.0,1250.0,1250.0,1250.0,75,26100,1161.38,1242.85,1263.6
2049,2021-05-02 12:04:00,1250.0,1250.0,1250.0,1250.0,75,26100,1161.38,1242.85,1263.6
2050,2021-05-02 12:05:00,1250.0,1250.0,1250.0,1250.0,75,26100,1161.38,1242.85,1263.6
2051,2021-05-02 12:06:00,1250.0,1250.0,1250.0,1250.0,75,26100,1161.38,1242.85,1263.6
2052,2021-05-02 12:07:00,1250.0,1250.0,1250.0,1250.0,75,26100,1161.38,1242.85,1263.6
2053,2021-05-02 12:08:00,1250.0,1250.0,1250.0,1250.0,75,26100,1161.38,1242.85,1263.6
2054,2021-05-02 12:09:00,1250.0,1250.0,1250.0,1250.0,75,26100,1161.38,1242.85,1263.6
2055,2021-05-02 12:10:00,1250.0,1250.0,1250.0,1250.0,75,26100,1161.38,1242.85,1263.6
2056,2021-05-02 12:11:00,1250.0,1250.0,1250.0,1250.0,75,26100,1161.38,1242.85,1263.6
2057,2021-05-02 12:12:00,1250.0,1250.0,1250.0,1250.0,75,26100,1161.38,1242.85,1263.6
2058,2021-05-02 12:13:00,1250.0,1250.0,1250.0,1250.0,75,26100,1161.38,1242.85,1263.6
2059,2021-05-02 12:14:00,1250.0,1250.0,1250.0,1250.0,75,26100,1161.38,1242.85,1263.6
2060,2021-05-02 12:15:00,1250.0,1250.0,1250.0,1250.0,75,26100,1161.38,1242.85,1263.6
2061,2021-05-02 12:16:00,1250.0,1250.0,1250.0,1250.0,75,26100,1161.38,1242.85,1263.6
2062,2021-05-02 12:17:00,1250.0,1250.0,1250.0,1250.0,75,26100,1161.38,1242.85,1263.6
2063,2021-05-02 12:18:00,1250.0,1250.0,1250.0,1250.0,75,26100,1161.38,1242.85,1263.6
2064,2021-05-02 12:19:00,1250.0,1250.0,1250.0,1250.0,75,26100,1161.38,1242.85,1263.6
2065,2021-05-02 12:20:00,1250.0,1250.0,1250.0,1250.0,75,26100,1161.38,1242.85,1263.6
2066,2021-05-02 12:21:00,1250.0,1250.0,1250.0,1250.0,75,26100,1161.38,1242.85,1263.6
2067,2021-05-02 12:22:00,1250.0,1250.0,1250.0,1250.0,75,26100,1161.38,1242.85,1263.6
2068,2021-05-02 12:23:00,1250.0,1250.0,1250.0,1250.0,75,26100,1161.38,1242.85,1263.6
2069,2021-05-02 12:24:00,1250.0,1250.0,1250.0,1250.0,75,26100,1161.38,1242.85,1263.6
2070,2021-05-02 12:25:00,1250.0,1250.0,1250.0,1250.0,75,26100,1161.38,1242.85,1263.6
2071,2021-05-02 12:26:00,1250.0,1250.0,1250.0,1250.0,75,26100,1161.38,1242.85,1263.6
2072,2021-05-02 12:27:00,1250.0,1250.0,1250.0,1250.0,75,26100,1161.38,1242.85,1263.6
2073,2021-05-02 12:28:00,1250.0,1250.0,1250.0,1250.0,75,26100,1161.38,1242.85,1263.6
2074,2021-05-02 12:29:00,1250.0,1250.0,1250.0,1250.0,75,26100,1161.38,1242.85,1263.6
2075,2021-05-02 12:30:00,1250.0,1250.0,1250.0,1250.0,75,26100,1161.38,1242.85,1263.6
2076,2021-05-02 12:31:00,1250.0,1250.0,1250.0,1250.0,75,26100,1161.38,1242.85,1263.6
2077,2021-05-02 12:32:00,1250.0,1250.0,1250.0,1250.0,75,26100,1161.38,1242.85,1263.6
2078,2021-05-02 12:33:00,1250.0,1250.0,1250.0,1250.0,75,26100,1161.38,1242.85,1263.6
2079,2021-05-02 12:34:00,1250.0,1250.0,1250.0,1250.0,75,26100,1161.38,1242.85,1263.6
2080,2021-05-02 12:35:00,1250.0,1250.0,1250.0,1250.0,75,26100,1161.38,1242.85,1263.6
2081,2021-05-02 12:36:00,1250.0,1250.0,1250.0,1250.0,75,26100,1161.38,1242.85,1263.6
2082,2021-05-02 12:37:00,1250.0,1250.0,1250.0,1250.0,75,26100,1161.38,1242.85,1263.6
2083,2021-05-02 12:38:00,1250.0,1250.0,1250.0,1250.0,75,26100,1161.38,1242.85,1263.6
2084,2021-05-02 12:39:00,1250.0,1250.0,1250.0,1250.0,75,26100,1161.38,1242.85,1263.6
2085,2021-05-02 12:40:00,1250.0,1250.0,1250.0,1250.0,75,26100,1161.38,1242.85,1263.6
2086,2021-05-02 12:41:00,1250.0,1250.0,1250.0,1250.0,75,26100,1161.38,1242.85,1263.6
2087,2021-05-02 12:42:00,1250.0,1250.0,1250.0,1250.0,75,26100,1161.38,1242.85,1263.6
2088,2021-05-02 12:43:00,1250.0,1250.0,1250.0,1250.0,75,26100,1161.38,1242.85,1263.6
2089,2021-05-02 12:44:00,1250.0,1250.0,1250.0,1250.0,75,26100,1161.38,1242.85,1263.6
2090,2021-05-02 12:45:00,1250.0,1250.0,1250.0,1250.0,75,26100,1161.38,1242.85,1263.6
2091,2021-05-02 12:46:00,1250.0,1250.0,1250.0,1250.0,75,26100,1161.38,1242.85,1263.6
2092,2021-05-02 12:47:00,1250.0,1250.0,1250.0,1250.0,75,26100,1161.38,1242.85,1263.6
2093,2021-05-02 12:48:00,1250.0,1250.0,1250.0,1250.0,75,26100,1161.38,1242.85,1263.6
2094,2021-05-02 12:49:00,1250.0,1250.0,1250.0,1250.0,75,26100,1161.38,1242.85,1263.6
2095,2021-05-02 12:50:00,1250.0,1250.0,1250.0,1250.0,75,26100,1161.38,1242.85,1263.6
2096,2021-05-02 12:51:00,1250.0,1250.0,1250.0,1250.0,75,26100,1161.38,1242.85,1263.6
2097,2021-05-02 12:52:00,1250.0,1250.0,1250.0,1250.0,75,26100,1161.38,1242.85,1263.6
2098,2021-05-02 12:53:00,1250.0,1250.0,1250.0,1250.0,75,26100,1161.38,1242.85,1263.6
2099,2021-05-02 12:54:00,1250.0,1250.0,1250.0,1250.0,75,26100,1161.38,1242.85,1263.6
2100,2021-05-02 12:55:00,1250.0,1250.0,1250.0,1250.0,75,26100,1161.38,1242.85,1263.6
2101,2021-05-02 12:56:00,1250.0,1250.0,1250.0,1250.0,75,26100,1161.38,1242.85,1263.6
2102,2021-05-02 12:57:00,1250.0,1250.0,1250.0,1250.0,75,26100,1161.38,1242.85,1263.6
2103,2021-05-02 12:58:00,1250.0,1250.0,1250.0,1250.0,75,26100,1161.38,1242.85,1263.6
2104,2021-05-02 12:59:00,1250.0,1250.0,1250.0,1250.0,75,26100,1161.38,1242.85,1263.6
2105,2021-05-02 13:00:00,1250.0,1250.0,1250.0,1250.0,75,26100,1161.38,1242.85,1263.6
2106,2021-05-02 13:01:00,1250.0,1250.0,1250.0,1250.0,75,26100,1161.38,1242.85,1263.6
2107,2021-05-02 13:02:00,1250.0,1250.0,1250.0,1250.0,75,26100,1161.38,1242.85,1263.6
2108,2021-05-02 13:03:00,1250.0,1250.0,1250.0,1250.0,75,26100,1161.38,1242.85,1263.6
2109,2021-05-02 13:04:00,1250.0,1250.0,1250.0,1250.0,75,26100,1161.38,1242.85,1263.6
2110,2021-05-02 13:05:00,1250.0,1250.0,1250.0,1250.0,75,26100,1161.38,1242.85,1263.6
2111,2021-05-02 13:06:00,1250.0,1250.0,1250.0,1250.0,75,26100,1161.38,1242.85,1263.6
2112,2021-05-02 13:07:00,1250.0,1250.0,1250.0,1250.0,75,26100,1161.38,1242.85,1263.6
2113,2021-05-02 13:08:00,1250.0,1250.0,1250.0,1250.0,75,26100,1161.38,1242.85,1263.6
2114,2021-05-02 13:09:00,1250.0,1250.0,1250.0,1250.0,75,26100,1161.38,1242.85,1263.6
2115,2021-05-02 13:10:00,1250.0,1250.0,1250.0,1250.0,75,26100,1161.38,1242.85,1263.6
2116,2021-05-02 13:11:00,1250.0,1250.0,1250.0,1250.0,75,26100,1161.38,1242.85,1263.6
2117,2021-05-02 13:12:00,1250.0,1250.0,1250.0,1250.0,75,26100,1161.38,1242.85,1263.6
2118,2021-05-02 13:13:00,1250.0,1250.0,1250.0,1250.0,75,26100,1161.38,1242.85,1263.6
2119,2021-05-02 13:14:00,1250.0,1250.0,1250.0,1250.0,75,26100,1161.38,1242.85,1263.6
2120,2021-05-02 13:15:00,1250.0,1250.0,1250.0,1250.0,75,26100,1161.38,1242.85,1263.6
2121,2021-05-02 13:16:00,1250.0,1250.0,1250.0,1250.0,75,26100,1161.38,1242.85,1263.6
2122,2021-05-02 13:17:00,1250.0,1250.0,1250.0,1250.0,75,26100,1161.38,1242.85,1263.6
2123,2021-05-02 13:18:00,1250.0,1250.0,1250.0,1250.0,75,26100,1161.38,1242.85,1263.6
2124,2021-05-02 13:19:00,1250.0,1250.0,1250.0,1250.0,75,26100,1161.38,1242.85,1263.6
2125,2021-05-02 13:20:00,1250.0,1250.0,1250.0,1250.0,75,26100,1161.38,1242.85,1263.6
2126,2021-05-02 13:21:00,1250.0,1250.0,1250.0,1250.0,75,26100,1161.38,1242.85,1263.6
2127,2021-05-02 13:22:00,1250.0,1250.0,1250.0,1250.0,75,26100,1161.38,1242.85,1263.6
2128,2021-05-02 13:23:00,1250.0,1250.0,1250.0,1250.0,75,26100,1161.38,1242.85,1263.6
2129,2021-05-02 13:24:00,1250.0,1250.0,1250.0,1250.0,75,26100,1161.38,1242.85,1263.6
2130,2021-05-02 13:25:00,1250.0,1250.0,1250.0,1250.0,75,26100,1161.38,1242.85,1263.6
2131,2021-05-02 13:26:00,1250.0,1250.0,1250.0,1250.0,75,26100,1161.38,1242.85,1263.6
2132,2021-05-02 13:27:00,1250.0,1250.0,1250.0,1250.0,75,26100,1161.38,1242.85,1263.6
2133,2021-05-02 13:28:00,1250.0,1250.0,1250.0,1250.0,75,26100,1161.38,1242.85,1263.6
2134,2021-05-02 13:29:00,1250.0,1250.0,1250.0,1250.0,75,26100,1161.38,1242.85,1263.6
2135,2021-05-02 13:30:00,1250.0,1250.0,1250.0,1250.0,75,26100,1161.38,1242.85,1263.6
2136,2021-05-02 13:31:00,1250.0,1250.0,1250.0,1250.0,75,26100,1161.38,1242.85,1263.6
2137,2021-05-02 13:32:00,1250.0,1250.0,1250.0,1250.0,75,26100,1161.38,1242.85,1263.6
2138,2021-05-02 13:33:00,1250.0,1250.0,1250.0,1250.0,75,26100,1161.38,1242.85,1263.6
2139,2021-05-02 13:34:00,1250.0,1250.0,1250.0,1250.0,75,26100,1161.38,1242.85,1263.6
2140,2021-05-02 13:35:00,1250.0,1250.0,1250.0,1250.0,75,26100,1161.38,1242.85,1263.6
2141,2021-05-02 13:36:00,1250.0,1250.0,1250.0,1250.0,75,26100,1161.38,1242.85,1263.6
2142,2021-05-02 13:37:00,1250.0,1250.0,1250.0,1250.0,75,26100,1161.38,1242.85,1263.6
2143,2021-05-02 13:38:00,1250.0,1250.0,1250.0,1250.0,75,26100,1161.38,1242.85,1263.6
2144,2021-05-02 13:39:00,1250.0,1250.0,1250.0,1250.0,75,26100,1161.38,1242.85,1263.6
2145,2021-05-02 13:40:00,1250.0,1250.0,1250.0,1250.0,75,26100,1161.38,1242.85,1263.6
2146,2021-05-02 13:41:00,1250.0,1250.0,1250.0,1250.0,75,26100,1161.38,1242.85,1263.6
2147,2021-05-02 13:42:00,1250.0,1250.0,1250.0,1250.0,75,26100,1161.38,1242.85,1263.6
2148,2021-05-02 13:43:00,1250.0,1250.0,1250.0,1250.0,75,26100,1161.38,1242.85,1263.6
2149,2021-05-02 13:44:00,1250.0,1250.0,1250.0,1250.0,75,26100,1161.38,1242.85,1263.6
2150,2021-05-02 13:45:00,1250.0,1250.0,1250.0,1250.0,75,26100,1161.38,1242.85,1263.6
2151,2021-05-02 13:46:00,1250.0,1250.0,1250.0,1250.0,75,26100,1161.38,1242.85,1263.6
2152,2021-05-02 13:47:00,1250.0,1250.0,1250.0,1250.0,75,26100,1161.38,1242.85,1263.6
2153,2021-05-02 13:48:00,1250.0,1250.0,1250.0,1250.0,75,26100,1161.38,1242.85,1263.6
2154,2021-05-02 13:49:00,1250.0,1250.0,1250.0,1250.0,75,26100,1161.38,1242.85,1263.6
2155,2021-05-02 13:50:00,1250.0,1250.0,1250.0,1250.0,75,26100,1161.38,1242.85,1263.6
2156,2021-05-02 13:51:00,1250.0,1250.0,1250.0,1250.0,75,26100,1161.38,1242.85,1263.6
2157,2021-05-02 13:52:00,1250.0,1250.0,1250.0,1250.0,75,26100,1161.38,1242.85,1263.6
2158,2021-05-02 13:53:00,1250.0,1250.0,1250.0,1250.0,75,26100,1161.38,1242.85,1263.6
2159,2021-05-02 13:54:00,1250.0,1250.0,1250.0,1250.0,75,26100,1161.38,1242.85,1263.6
2160,2021-05-02 13:55:00,1250.0,1250.0,1250.0,1250.0,75,26100,1161.38,1242.85,1263.6
2161,2021-05-02 13:56:00,1250.0,1250.0,1250.0,1250.0,75,26100,1161.38,1242.85,1263.6
2162,2021-05-02 13:57:00,1250.0,1250.0,1250.0,1250.0,75,26100,1161.38,1242.85,1263.6
2163,2021-05-02 13:58:00,1250.0,1250.0,1250.0,1250.0,75,26100,1161.38,1242.85,1263.6
2164,2021-05-02 13:59:00,1250.0,1250.0,1250.0,1250.0,75,26100,1161.38,1242.85,1263.6
2165,2021-05-02 14:00:00,1250.0,1250.0,1250.0,1250.0,75,26100,1161.38,1242.85,1263.6
2166,2021-05-02 14:01:00,1250.0,1250.0,1250.0,1250.0,75,26100,1161.38,1242.85,1263.6
2167,2021-05-02 14:02:00,1250.0,1250.0,1250.0,1250.0,75,26100,1161.38,1242.85,1263.6
2168,2021-05-02 14:03:00,1250.0,1250.0,1250.0,1250.0,75,26100,1161.38,1242.85,1263.6
2169,2021-05-02 14:04:00,1250.0,1250.0,1250.0,1250.0,75,26100,1161.38,1242.85,1263.6
2170,2021-05-02 14:05:00,1250.0,1250.0,1250.0,1250.0,75,26100,1161.38,1242.85,1263.6
2171,2021-05-02 14:06:00,1250.0,1250.0,1250.0,1250.0,75,26100,1161.38,1242.85,1263.6
2172,2021-05-02 14:07:00,1250.0,1250.0,1250.0,1250.0,75,26100,1161.38,1242.85,1263.6
2173,2021-05-02 14:08:00,1250.0,1250.0,1250.0,1250.0,75,26100,1161.38,1242.85,1263.6
2174,2021-05-02 14:09:00,1250.0,1250.0,1250.0,1250.0,75,26100,1161.38,1242.85,1263.6
2175,2021-05-02 14:10:00,1250.0,1250.0,1250.0,1250.0,75,26100,1161.38,1242.85,1263.6
2176,2021-05-02 14:11:00,1250.0,1250.0,1250.0,1250.0,75,26100,1161.38,1242.85,1263.6
2177,2021-05-02 14:12:00,1250.0,1250.0,1250.0,1250.0,75,26100,1161.38,1242.85,1263.6
2178,2021-05-02 14:13:00,1250.0,1250.0,1250.0,1250.0,75,26100,1161.38,1242.85,1263.6
2179,2021-05-02 14:14:00,1250.0,1250.0,1250.0,1250.0,75,26100,1161.38,1242.85,1263.6
2180,2021-05-02 14:15:00,1250.0,1250.0,1250.0,1250.0,75,26100,1161.38,1242.85,1263.6
2181,2021-05-02 14:16:00,1250.0,1250.0,1250.0,1250.0,75,26100,1161.38,1242.85,1263.6
2182,2021-05-02 14:17:00,1250.0,1250.0,1250.0,1250.0,75,26100,1161.38,1242.85,1263.6
2183,2021-05-02 14:18:00,1250.0,1250.0,1250.0,1250.0,75,26100,1161.38,1242.85,1263.6
2184,2021-05-02 14:19:00,1250.0,1250.0,1250.0,1250.0,75,26100,1161.38,1242.85,1263.6
2185,2021-05-02 14:20:00,1250.0,1250.0,1250.0,1250.0,75,26100,1161.38,1242.85,1263.6
2186,2021-05-02 14:21:00,1250.0,1250.0,1250.0,1250.0,75,26100,1161.38,1242.85,1263.6
2187,2021-05-02 14:22:00,1250.0,1250.0,1250.0,1250.0,75,26100,1161.38,1242.85,1263.6
2188,2021-05-02 14:23:00,1250.0,1250.0,1250.0,1250.0,75,26100,1161.38,1242.85,1263.6
2189,2021-05-02 14:24:00,1250.0,1250.0,1250.0,1250.0,75,26100,1161.38,1242.85,1263.6
2190,2021-05-02 14:25:00,1250.0,1250.0,1250.0,1250.0,75,26100,1161.38,1242.85,1263.6
2191,2021-05-02 14:26:00,1250.0,1250.0,1250.0,1250.0,75,26100,1161.38,1242.85,1263.6
2192,2021-05-02 14:27:00,1250.0,1250.0,1250.0,1250.0,75,26100,1161.38,1242.85,1263.6
2193,2021-05-02 14:28:00,1250.0,1250.0,1250.0,1250.0,75,26100,1161.38,1242.85,1263.6
2194,2021-05-02 14:29:00,1250.0,1250.0,1250.0,1250.0,75,26100,1161.38,1242.85,1263.6
2195,2021-05-02 14:30:00,1250.0,1250.0,1250.0,1250.0,75,26100,1161.38,1242.85,1263.6
2196,2021-05-02 14:31:00,1250.0,1250.0,1250.0,1250.0,75,26100,1161.38,1242.85,1263.6
2197,2021-05-02 14:32:00,1250.0,1250.0,1250.0,1250.0,75,26100,1161.38,1242.85,1263.6
2198,2021-05-02 14:33:00,1250.0,1250.0,1250.0,1250.0,75,26100,1161.38,1242.85,1263.6
2199,2021-05-02 14:34:00,1250.0,1250.0,1250.0,1250.0,75,26100,1161.38,1242.85,1263.6
2200,2021-05-02 14:35:00,1250.0,1250.0,1250.0,1250.0,75,26100,1161.38,1242.85,1263.6
2201,2021-05-02 14:36:00,1250.0,1250.0,1250.0,1250.0,75,26100,1161.38,1242.85,1263.6
2202,2021-05-02 14:37:00,1250.0,1250.0,1250.0,1250.0,75,26100,1161.38,1242.85,1263.6
2203,2021-05-02 14:38:00,1250.0,1250.0,1250.0,1250.0,75,26100,1161.38,1242.85,1263.6
2204,2021-05-02 14:39:00,1250.0,1250.0,1250.0,1250.0,75,26100,1161.38,1242.85,1263.6
2205,2021-05-02 14:40:00,1250.0,1250.0,1250.0,1250.0,75,26100,1161.38,1242.85,1263.6
2206,2021-05-02 14:41:00,1250.0,1250.0,1250.0,1250.0,75,26100,1161.38,1242.85,1263.6
2207,2021-05-02 14:42:00,1250.0,1250.0,1250.0,1250.0,75,26100,1161.38,1242.85,1263.6
2208,2021-05-02 14:43:00,1250.0,1250.0,1250.0,1250.0,75,26100,1161.38,1242.85,1263.6
2209,2021-05-02 14:44:00,1250.0,1250.0,1250.0,1250.0,75,26100,1161.38,1242.85,1263.6
2210,2021-05-02 14:45:00,1250.0,1250.0,1250.0,1250.0,75,26100,1161.38,1242.85,1263.6
2211,2021-05-02 14:46:00,1250.0,1250.0,1250.0,1250.0,75,26100,1161.38,1242.85,1263.6
2212,2021-05-02 14:47:00,1250.0,1250.0,1250.0,1250.0,75,26100,1161.38,1242.85,1263.6
2213,2021-05-02 14:48:00,1250.0,1250.0,1250.0,1250.0,75,26100,1161.38,1242.85,1263.6
2214,2021-05-02 14:49:00,1250.0,1250.0,1250.0,1250.0,75,26100,1161.38,1242.85,1263.6
2215,2021-05-02 14:50:00,1250.0,1250.0,1250.0,1250.0,75,26100,1161.38,1242.85,1263.6
2216,2021-05-02 14:51:00,1250.0,1250.0,1250.0,1250.0,75,26100,1161.38,1242.85,1263.6
2217,2021-05-02 14:52:00,1250.0,1250.0,1250.0,1250.0,75,26100,1161.38,1242.85,1263.6
2218,2021-05-02 14:53:00,1250.0,1250.0,1250.0,1250.0,75,26100,1161.38,1242.85,1263.6
2219,2021-05-02 14:54:00,1250.0,1250.0,1250.0,1250.0,75,26100,1161.38,1242.85,1263.6
2220,2021-05-02 14:55:00,1250.0,1250.0,1250.0,1250.0,75,26100,1161.38,1242.85,1263.6
2221,2021-05-02 14:56:00,1250.0,1250.0,1250.0,1250.0,75,26100,1161.38,1242.85,1263.6
2222,2021-05-02 14:57:00,1250.0,1250.0,1250.0,1250.0,75,26100,1161.38,1242.85,1263.6
2223,2021-05-02 14:58:00,1250.0,1250.0,1250.0,1250.0,75,26100,1161.38,1242.85,1263.6
2224,2021-05-02 14:59:00,1250.0,1250.0,1250.0,1250.0,75,26100,1161.38,1242.85,1263.6
2225,2021-05-02 15:00:00,1250.0,1250.0,1250.0,1250.0,75,26100,1161.38,1242.85,1263.6
2226,2021-05-02 15:01:00,1250.0,1250.0,1250.0,1250.0,75,26100,1161.38,1242.85,1263.6
2227,2021-05-02 15:02:00,1250.0,1250.0,1250.0,1250.0,75,26100,1161.38,1242.85,1263.6
2228,2021-05-02 15:03:00,1250.0,1250.0,1250.0,1250.0,75,26100,1161.38,1242.85,1263.6
2229,2021-05-02 15:04:00,1250.0,1250.0,1250.0,1250.0,75,26100,1161.38,1242.85,1263.6
2230,2021-05-02 15:05:00,1250.0,1250.0,1250.0,1250.0,75,26100,1161.38,1242.85,1263.6
2231,2021-05-02 15:06:00,1250.0,1250.0,1250.0,1250.0,75,26100,1161.38,1242.85,1263.6
2232,2021-05-02 15:07:00,1250.0,1250.0,1250.0,1250.0,75,26100,1161.38,1242.85,1263.6
2233,2021-05-02 15:08:00,1250.0,1250.0,1250.0,1250.0,75,26100,1161.38,1242.85,1263.6
2234,2021-05-02 15:09:00,1250.0,1250.0,1250.0,1250.0,75,26100,1161.38,1242.85,1263.6
2235,2021-05-02 15:10:00,1250.0,1250.0,1250.0,1250.0,75,26100,1161.38,1242.85,1263.6
2236,2021-05-02 15:11:00,1250.0,1250.0,1250.0,1250.0,75,26100,1161.38,1242.85,1263.6
2237,2021-05-02 15:12:00,1250.0,1250.0,1250.0,1250.0,75,26100,1161.38,1242.85,1263.6
2238,2021-05-02 15:13:00,1250.0,1250.0,1250.0,1250.0,75,26100,1161.38,1242.85,1263.6
2239,2021-05-02 15:14:00,1250.0,1250.0,1250.0,1250.0,75,26100,1161.38,1242.85,1263.6
2240,2021-05-02 15:15:00,1250.0,1250.0,1250.0,1250.0,75,26100,1161.38,1242.85,1263.6
2241,2021-05-02 15:16:00,1250.0,1250.0,1250.0,1250.0,75,26100,1161.38,1242.85,1263.6
2242,2021-05-02 15:17:00,1250.0,1250.0,1250.0,1250.0,75,26100,1161.38,1242.85,1263.6
2243,2021-05-02 15:18:00,1250.0,1250.0,1250.0,1250.0,75,26100,1161.38,1242.85,1263.6
2244,2021-05-02 15:19:00,1250.0,1250.0,1250.0,1250.0,75,26100,1161.38,1242.85,1263.6
2245,2021-05-02 15:20:00,1250.0,1250.0,1250.0,1250.0,75,26100,1161.38,1242.85,1263.6
2246,2021-05-02 15:21:00,1250.0,1250.0,1250.0,1250.0,75,26100,1161.38,1242.85,1263.6
2247,2021-05-02 15:22:00,1250.0,1250.0,1250.0,1250.0,75,26100,1161.38,1242.85,1263.6
2248,2021-05-02 15:23:00,1250.0,1250.0,1250.0,1250.0,75,26100,1161.38,1242.85,1263.6
2249,2021-05-02 15:24:00,1250.0,1250.0,1250.0,1250.0,75,26100,1161.38,1242.85,1263.6
2250,2021-05-02 15:25:00,1250.0,1250.0,1250.0,1250.0,75,26100,1161.38,1242.85,1263.6
2251,2021-05-02 15:26:00,1250.0,1250.0,1250.0,1250.0,75,26100,1161.38,1242.85,1263.6
2252,2021-05-02 15:27:00,1250.0,1250.0,1250.0,1250.0,75,26100,1161.38,1242.85,1263.6
2253,2021-05-02 15:28:00,1250.0,1250.0,1250.0,1250.0,75,26100,1161.38,1242.85,1263.6
2254,2021-05-02 15:29:00,1250.0,1250.0,1250.0,1250.0,75,26100,1161.38,1242.85,1263.6
2255,2021-05-02 15:30:00,1250.0,1250.0,1250.0,1250.0,75,26100,1161.38,1242.85,1263.6
2256,2021-05-03 09:15:00,1570.0,1707.3,1510.85,1510.85,225,26150,1646.68,1485.6,1581.35
2257,2021-05-03 09:16:00,1486.55,1565.8,1486.55,1536.1,100,26150,1611.13,1531.0,1574.95
2258,2021-05-03 09:17:00,1575.0,1585.7,1575.0,1585.7,50,26100,1607.02,1554.5,1599.3
2259,2021-05-03 09:18:00,1575.0,1585.7,1575.0,1585.7,50,26100,1607.02,1554.5,1599.3
2260,2021-05-03 09:19:00,1509.8,1548.4,1509.8,1548.4,150,26100,1586.04,1507.5,1549.95
2261,2021-05-03 09:20:00,1502.85,1502.85,1502.85,1502.85,50,26025,1578.78,1513.75,1558.3
2262,2021-05-03 09:21:00,1528.9,1528.9,1503.35,1507.1,200,26025,1564.4,1506.25,1541.45
2263,2021-05-03 09:22:00,1525.0,1525.0,1508.0,1508.0,50,26025,1561.49,1493.15,1528.9
2264,2021-05-03 09:23:00,1431.7,1436.75,1427.95,1427.95,75,25975,1550.71,1402.6,1434.9
2265,2021-05-03 09:24:00,1435.0,1447.0,1432.55,1432.55,175,25975,1532.99,1390.15,1422.85
2266,2021-05-03 09:25:00,1422.7,1422.7,1422.7,1422.7,75,25975,1525.8,1404.35,1427.5
2267,2021-05-03 09:26:00,1422.7,1422.7,1422.7,1422.7,75,25975,1525.8,1404.35,1427.5
2268,2021-05-03 09:27:00,1422.7,1422.7,1422.7,1422.7,75,25975,1525.8,1404.35,1427.5
2269,2021-05-03 09:28:00,1422.7,1422.7,1422.7,1422.7,75,25975,1525.8,1404.35,1427.5
2270,2021-05-03 09:29:00,1422.7,1422.7,1422.7,1422.7,75,25975,1525.8,1404.35,1427.5
2271,2021-05-03 09:30:00,1392.1,1392.1,1392.1,1392.1,25,25975,1522.95,1398.9,1415.2
2272,2021-05-03 09:31:00,1423.75,1423.75,1423.25,1423.25,75,25975,1516.98,1436.35,1457.2
2273,2021-05-03 09:32:00,1447.75,1465.5,1444.75,1458.2,425,25950,1500.61,1435.3,1462.85
2274,2021-05-03 09:33:00,1449.85,1458.2,1449.85,1458.2,50,25950,1499.26,1453.3,1473.6
2275,2021-05-03 09:34:00,1449.85,1458.2,1449.85,1458.2,50,25950,1499.26,1453.3,1473.6
2276,2021-05-03 09:35:00,1449.85,1458.2,1449.85,1458.2,50,25950,1499.26,1453.3,1473.6
2277,2021-05-03 09:36:00,1449.85,1458.2,1449.85,1458.2,50,25950,1499.26,1453.3,1473.6
2278,2021-05-03 09:37:00,1437.2,1441.3,1420.0,1441.3,200,25975,1492.09,1410.0,1434.55
2279,2021-05-03 09:38:00,1433.5,1443.9,1433.5,1443.9,50,25975,1490.74,1425.35,1443.75
2280,2021-05-03 09:39:00,1420.25,1420.25,1409.35,1415.25,175,25975,1484.51,1386.7,1401.85
2281,2021-05-03 09:40:00,1422.7,1422.7,1417.8,1417.8,100,25975,1481.65,1394.15,1409.95
2282,2021-05-03 09:41:00,1405.55,1405.55,1398.8,1398.8,100,25975,1478.27,1390.0,1403.6
2283,2021-05-03 09:42:00,1385.1,1385.1,1385.1,1385.1,50,25975,1476.33,1376.9,1391.2
2284,2021-05-03 09:43:00,1378.5,1378.5,1378.5,1378.5,25,25975,1475.32,1375.4,1385.0
2285,2021-05-03 09:44:00,1389.1,1391.8,1389.1,1391.8,175,25975,1469.47,1385.25,1396.55
2286,2021-05-03 09:45:00,1389.1,1391.8,1389.1,1391.8,175,25975,1469.47,1385.25,1396.55
2287,2021-05-03 09:46:00,1389.3,1389.3,1389.3,1389.3,225,0,1462.78,1381.0,1396.0
2288,2021-05-03 09:47:00,1394.4,1394.4,1394.4,1394.4,50,25975,1461.59,1403.55,1416.35
2289,2021-05-03 09:48:00,1419.5,1419.5,1387.4,1387.4,150,25975,1458.97,1377.7,1391.5
2290,2021-05-03 09:49:00,1419.5,1419.5,1387.4,1387.4,150,25975,1458.97,1377.7,1391.5
2291,2021-05-03 09:50:00,1419.5,1419.5,1387.4,1387.4,150,25975,1458.97,1377.7,1391.5
2292,2021-05-03 09:51:00,1391.75,1391.75,1389.75,1389.75,75,25925,1457.31,1384.0,1400.3
2293,2021-05-03 09:52:00,1391.75,1391.75,1389.75,1389.75,75,25925,1457.31,1384.0,1400.3
2294,2021-05-03 09:53:00,1399.05,1399.05,1399.05,1399.05,25,0,1456.85,1387.9,1400.8
2295,2021-05-03 09:54:00,1399.05,1399.05,1399.05,1399.05,25,0,1456.85,1387.9,1400.8
2296,2021-05-03 09:55:00,1368.2,1368.2,1368.2,1368.2,50,0,1455.45,1411.75,1425.2
2297,2021-05-03 09:56:00,1368.2,1368.2,1368.2,1368.2,50,0,1455.45,1411.75,1425.2
2298,2021-05-03 09:57:00,1413.25,1413.25,1413.25,1413.25,25,0,1455.12,1399.4,1416.35
2299,2021-05-03 09:58:00,1399.4,1399.4,1399.4,1399.4,50,25900,1454.26,1396.55,1407.3
2300,2021-05-03 09:59:00,1399.4,1399.4,1399.4,1399.4,50,25900,1454.26,1396.55,1407.3
2301,2021-05-03 10:00:00,1399.4,1399.4,1399.4,1399.4,50,25900,1454.26,1396.55,1407.3
2302,2021-05-03 10:01:00,1396.1,1396.1,1396.1,1396.1,50,0,1453.38,1386.5,1400.05
2303,2021-05-03 10:02:00,1396.1,1396.1,1396.1,1396.1,50,0,1453.38,1386.5,1400.05
2304,2021-05-03 10:03:00,1400.85,1400.85,1400.85,1400.85,50,25900,1452.6,1405.3,1423.0
2305,2021-05-03 10:04:00,1400.85,1400.85,1400.85,1400.85,50,25900,1452.6,1405.3,1423.0
2306,2021-05-03 10:05:00,1414.7,1414.7,1414.7,1414.7,150,25925,1451.13,1412.85,1422.0
2307,2021-05-03 10:06:00,1414.7,1414.7,1414.7,1414.7,150,25925,1451.13,1412.85,1422.0
2308,2021-05-03 10:07:00,1414.7,1414.7,1414.7,1414.7,150,25925,1451.13,1412.85,1422.0
2309,2021-05-03 10:08:00,1425.75,1425.75,1425.75,1425.75,25,25925,1450.95,1438.6,1450.8
2310,2021-05-03 10:09:00,1435.65,1435.65,1435.65,1435.65,25,25925,1450.84,1438.2,1448.25
2311,2021-05-03 10:10:00,1443.7,1443.7,1443.7,1443.7,25,25925,1450.79,1431.6,1444.2
2312,2021-05-03 10:11:00,1424.4,1424.4,1424.4,1424.4,50,25925,1450.42,1441.05,1448.25
2313,2021-05-03 10:12:00,1426.75,1426.75,1426.75,1426.75,25,25925,1450.26,1425.05,1442.1
2314,2021-05-03 10:13:00,1426.75,1426.75,1426.75,1426.75,25,25925,1450.26,1425.05,1442.1
2315,2021-05-03 10:14:00,1426.75,1426.75,1426.75,1426.75,25,25925,1450.26,1425.05,1442.1
2316,2021-05-03 10:15:00,1426.75,1426.75,1426.75,1426.75,25,25925,1450.26,1425.05,1442.1
2317,2021-05-03 10:16:00,1426.75,1426.75,1426.75,1426.75,25,25925,1450.26,1425.05,1442.1
2318,2021-05-03 10:17:00,1408.1,1408.1,1408.1,1408.1,50,25950,1449.69,1410.35,1418.95
2319,2021-05-03 10:18:00,1421.05,1421.05,1421.05,1421.05,25,25950,1449.5,1419.0,1429.05
2320,2021-05-03 10:19:00,1422.35,1429.4,1422.35,1429.4,75,25950,1449.01,1433.2,1444.5
2321,2021-05-03 10:20:00,1422.35,1429.4,1422.35,1429.4,75,25950,1449.01,1433.2,1444.5
2322,2021-05-03 10:21:00,1422.35,1429.4,1422.35,1429.4,75,25950,1449.01,1433.2,1444.5
2323,2021-05-03 10:22:00,1422.35,1429.4,1422.35,1429.4,75,25950,1449.01,1433.2,1444.5
2324,2021-05-03 10:23:00,1422.35,1429.4,1422.35,1429.4,75,25950,1449.01,1433.2,1444.5
2325,2021-05-03 10:24:00,1446.55,1446.55,1446.55,1446.55,125,25925,1448.95,1445.95,1455.75
2326,2021-05-03 10:25:00,1439.1,1439.1,1439.1,1439.1,25,25925,1448.89,1452.3,1467.3
2327,2021-05-03 10:26:00,1445.15,1445.15,1445.15,1445.15,50,25925,1448.84,1443.1,1453.25
2328,2021-05-03 10:27:00,1448.45,1448.45,1448.45,1448.45,50,25950,1448.83,1439.35,1449.45
2329,2021-05-03 10:28:00,1448.45,1448.45,1448.45,1448.45,50,25950,1448.83,1439.35,1449.45
2330,2021-05-03 10:29:00,1448.45,1448.45,1448.45,1448.45,50,25950,1448.83,1439.35,1449.45
2331,2021-05-03 10:30:00,1448.45,1448.45,1448.45,1448.45,50,25950,1448.83,1439.35,1449.45
2332,2021-05-03 10:31:00,1431.85,1442.75,1431.85,1435.85,150,25950,1448.45,1425.8,1436.95
2333,2021-05-03 10:32:00,1431.85,1442.75,1431.85,1435.85,150,25950,1448.45,1425.8,1436.95
2334,2021-05-03 10:33:00,1431.15,1431.15,1431.15,1431.15,75,0,1448.12,1410.45,1422.85
2335,2021-05-03 10:34:00,1431.15,1431.15,1431.15,1431.15,75,0,1448.12,1410.45,1422.85
2336,2021-05-03 10:35:00,1431.15,1431.15,1431.15,1431.15,75,0,1448.12,1410.45,1422.85
2337,2021-05-03 10:36:00,1431.15,1431.15,1431.15,1431.15,75,0,1448.12,1410.45,1422.85
2338,2021-05-03 10:37:00,1431.15,1431.15,1431.15,1431.15,75,0,1448.12,1410.45,1422.85
2339,2021-05-03 10:38:00,1380.1,1380.1,1352.3,1352.3,150,25950,1445.38,1362.6,1374.0
2340,2021-05-03 10:39:00,1367.35,1367.35,1327.4,1327.4,200,25925,1440.99,1323.6,1335.35
2341,2021-05-03 10:40:00,1317.75,1317.75,1317.75,1317.75,25,25925,1440.33,1311.75,1322.3
2342,2021-05-03 10:41:00,1317.75,1317.75,1317.75,1317.75,25,25925,1440.33,1311.75,1322.3
2343,2021-05-03 10:42:00,1317.75,1317.75,1317.75,1317.75,25,25925,1440.33,1311.75,1322.3
2344,2021-05-03 10:43:00,1320.35,1320.35,1320.35,1320.35,550,25950,1429.04,1318.8,1328.6
2345,2021-05-03 10:44:00,1318.9,1318.9,1318.9,1318.9,50,25950,1427.99,1312.1,1323.5
2346,2021-05-03 10:45:00,1286.75,1286.75,1273.5,1273.5,550,26275,1413.56,1275.3,1286.25
2347,2021-05-03 10:46:00,1268.4,1268.4,1268.4,1268.4,25,26275,1412.94,1272.4,1286.2
2348,2021-05-03 10:47:00,1268.4,1268.4,1268.4,1268.4,25,26275,1412.94,1272.4,1286.2
2349,2021-05-03 10:48:00,1268.4,1268.4,1268.4,1268.4,25,26275,1412.94,1272.4,1286.2
2350,2021-05-03 10:49:00,1268.4,1268.4,1268.4,1268.4,25,26275,1412.94,1272.4,1286.2
2351,2021-05-03 10:50:00,1308.8,1308.8,1308.8,1308.8,25,26000,1412.49,1300.15,1311.05
2352,2021-05-03 10:51:00,1308.8,1308.8,1308.8,1308.8,25,26000,1412.49,1300.15,1311.05
2353,2021-05-03 10:52:00,1308.8,1308.8,1308.8,1308.8,25,26000,1412.49,1300.15,1311.05
2354,2021-05-03 10:53:00,1315.8,1315.8,1315.8,1315.8,25,0,1412.08,1307.6,1318.2
2355,2021-05-03 10:54:00,1315.8,1315.8,1315.8,1315.8,25,0,1412.08,1307.6,1318.2
2356,2021-05-03 10:55:00,1315.8,1315.8,1315.8,1315.8,25,0,1412.08,1307.6,1318.2
2357,2021-05-03 10:56:00,1315.8,1315.8,1315.8,1315.8,25,0,1412.08,1307.6,1318.2
2358,2021-05-03 10:57:00,1356.95,1356.95,1356.95,1356.95,175,25975,1410.49,1342.25,1353.65
2359,2021-05-03 10:58:00,1356.95,1356.95,1356.95,1356.95,175,25975,1410.49,1342.25,1353.65
2360,2021-05-03 10:59:00,1356.95,1356.95,1356.95,1356.95,175,25975,1410.49,1342.25,1353.65
2361,2021-05-03 11:00:00,1356.95,1356.95,1356.95,1356.95,175,25975,1410.49,1342.25,1353.65
2362,2021-05-03 11:01:00,1328.1,1328.1,1328.1,1328.1,25,0,1410.15,1354.85,1365.8
2363,2021-05-03 11:02:00,1328.1,1328.1,1328.1,1328.1,25,0,1410.15,1354.85,1365.8
2364,2021-05-03 11:03:00,1328.1,1328.1,1328.1,1328.1,25,0,1410.15,1354.85,1365.8
2365,2021-05-03 11:04:00,1328.1,1328.1,1328.1,1328.1,25,0,1410.15,1354.85,1365.8
2366,2021-05-03 11:05:00,1328.1,1328.1,1328.1,1328.1,25,0,1410.15,1354.85,1365.8
2367,2021-05-03 11:06:00,1353.95,1353.95,1353.95,1353.95,25,0,1409.92,1343.15,1352.65
2368,2021-05-03 11:07:00,1353.95,1353.95,1353.95,1353.95,25,0,1409.92,1343.15,1352.65
2369,2021-05-03 11:08:00,1353.95,1353.95,1353.95,1353.95,25,0,1409.92,1343.15,1352.65
2370,2021-05-03 11:09:00,1353.95,1353.95,1353.95,1353.95,25,0,1409.92,1343.15,1352.65
2371,2021-05-03 11:10:00,1353.95,1353.95,1353.95,1353.95,25,0,1409.92,1343.15,1352.65
2372,2021-05-03 11:11:00,1353.95,1353.95,1353.95,1353.95,25,0,1409.92,1343.15,1352.65
2373,2021-05-03 11:12:00,1353.95,1353.95,1353.95,1353.95,25,0,1409.92,1343.15,1352.65
2374,2021-05-03 11:13:00,1353.95,1353.95,1353.95,1353.95,25,0,1409.92,1343.15,1352.65
2375,2021-05-03 11:14:00,1353.95,1353.95,1353.95,1353.95,25,0,1409.92,1343.15,1352.65
2376,2021-05-03 11:15:00,1353.95,1353.95,1353.95,1353.95,25,0,1409.92,1343.15,1352.65
2377,2021-05-03 11:16:00,1353.95,1353.95,1353.95,1353.95,25,0,1409.92,1343.15,1352.65
2378,2021-05-03 11:17:00,1312.55,1317.25,1312.55,1317.25,50,25950,1409.15,1308.6,1317.75
2379,2021-05-03 11:18:00,1313.3,1313.3,1313.3,1313.3,25,25950,1408.76,1310.3,1318.45
2380,2021-05-03 11:19:00,1313.3,1313.3,1313.3,1313.3,25,25950,1408.76,1310.3,1318.45
2381,2021-05-03 11:20:00,1313.3,1313.3,1313.3,1313.3,25,25950,1408.76,1310.3,1318.45
2382,2021-05-03 11:21:00,1338.25,1338.25,1338.25,1338.25,50,25925,1408.19,1333.3,1342.6
2383,2021-05-03 11:22:00,1339.05,1339.05,1339.05,1339.05,50,25925,1407.64,1326.45,1335.9
2384,2021-05-03 11:23:00,1335.8,1335.8,1335.8,1335.8,50,25925,1407.07,1324.35,1334.95
2385,2021-05-03 11:24:00,1335.8,1335.8,1335.8,1335.8,50,25925,1407.07,1324.35,1334.95
2386,2021-05-03 11:25:00,1335.8,1335.8,1335.8,1335.8,50,25925,1407.07,1324.35,1334.95
2387,2021-05-03 11:26:00,1335.8,1335.8,1335.8,1335.8,50,25925,1407.07,1324.35,1334.95
2388,2021-05-03 11:27:00,1335.8,1335.8,1335.8,1335.8,50,25925,1407.07,1324.35,1334.95
2389,2021-05-03 11:28:00,1335.8,1335.8,1335.8,1335.8,50,25925,1407.07,1324.35,1334.95
2390,2021-05-03 11:29:00,1344.3,1344.3,1344.3,1344.3,50,25925,1406.58,1341.05,1354.7
2391,2021-05-03 11:30:00,1364.75,1386.75,1364.75,1386.75,125,25925,1405.92,1368.1,1381.55
2392,2021-05-03 11:31:00,1364.75,1386.75,1364.75,1386.75,125,25925,1405.92,1368.1,1381.55
2393,2021-05-03 11:32:00,1364.75,1386.75,1364.75,1386.75,125,25925,1405.92,1368.1,1381.55
2394,2021-05-03 11:33:00,1364.75,1386.75,1364.75,1386.75,125,25925,1405.92,1368.1,1381.55
2395,2021-05-03 11:34:00,1364.75,1386.75,1364.75,1386.75,125,25925,1405.92,1368.1,1381.55
2396,2021-05-03 11:35:00,1364.75,1386.75,1364.75,1386.75,125,25925,1405.92,1368.1,1381.55
2397,2021-05-03 11:36:00,1364.75,1386.75,1364.75,1386.75,125,25925,1405.92,1368.1,1381.55
2398,2021-05-03 11:37:00,1364.75,1386.75,1364.75,1386.75,125,25925,1405.92,1368.1,1381.55
2399,2021-05-03 11:38:00,1364.75,1386.75,1364.75,1386.75,125,25925,1405.92,1368.1,1381.55
2400,2021-05-03 11:39:00,1364.75,1386.75,1364.75,1386.75,125,25925,1405.92,1368.1,1381.55
2401,2021-05-03 11:40:00,1364.75,1386.75,1364.75,1386.75,125,25925,1405.92,1368.1,1381.55
2402,2021-05-03 11:41:00,1364.75,1386.75,1364.75,1386.75,125,25925,1405.92,1368.1,1381.55
2403,2021-05-03 11:42:00,1400.3,1400.3,1400.3,1400.3,75,25875,1405.86,1397.2,1405.2
2404,2021-05-03 11:43:00,1416.65,1416.65,1416.65,1416.65,50,25875,1405.94,1392.65,1401.8
2405,2021-05-03 11:44:00,1408.6,1408.6,1408.6,1408.6,25,25875,1405.95,1402.5,1412.6
2406,2021-05-03 11:45:00,1409.55,1409.55,1409.55,1409.55,25,25750,1405.96,1402.6,1412.85
2407,2021-05-03 11:46:00,1429.05,1429.05,1429.05,1429.05,25,25750,1406.05,1430.25,1438.55
2408,2021-05-03 11:47:00,1429.05,1429.05,1429.05,1429.05,25,25750,1406.05,1430.25,1438.55
2409,2021-05-03 11:48:00,1427.6,1427.6,1427.6,1427.6,25,25775,1406.13,1421.35,1431.95
2410,2021-05-03 11:49:00,1427.6,1427.6,1427.6,1427.6,25,25775,1406.13,1421.35,1431.95
2411,2021-05-03 11:50:00,1424.3,1424.3,1424.3,1424.3,25,25775,1406.2,1421.85,1432.3
2412,2021-05-03 11:51:00,1426.55,1426.55,1426.55,1426.55,25,25775,1406.27,1415.0,1425.85
2413,2021-05-03 11:52:00,1426.55,1426.55,1426.55,1426.55,25,25775,1406.27,1415.0,1425.85
2414,2021-05-03 11:53:00,1426.55,1426.55,1426.55,1426.55,25,25775,1406.27,1415.0,1425.85
2415,2021-05-03 11:54:00,1426.55,1426.55,1426.55,1426.55,25,25775,1406.27,1415.0,1425.85
2416,2021-05-03 11:55:00,1443.05,1443.05,1443.05,1443.05,25,25800,1406.41,1413.8,1422.95
2417,2021-05-03 11:56:00,1423.8,1423.8,1423.8,1423.8,75,25800,1406.59,1407.95,1416.65
2418,2021-05-03 11:57:00,1415.25,1415.25,1415.25,1415.25,25,25750,1406.62,1389.05,1400.3
2419,2021-05-03 11:58:00,1415.25,1415.25,1415.25,1415.25,25,25750,1406.62,1389.05,1400.3
2420,2021-05-03 11:59:00,1415.25,1415.25,1415.25,1415.25,25,25750,1406.62,1389.05,1400.3
2421,2021-05-03 12:00:00,1415.25,1415.25,1415.25,1415.25,25,25750,1406.62,1389.05,1400.3
2422,2021-05-03 12:01:00,1415.25,1415.25,1415.25,1415.25,25,25750,1406.62,1389.05,1400.3
2423,2021-05-03 12:02:00,1415.25,1415.25,1415.25,1415.25,25,25750,1406.62,1389.05,1400.3
2424,2021-05-03 12:03:00,1415.25,1415.25,1415.25,1415.25,25,25750,1406.62,1389.05,1400.3
2425,2021-05-03 12:04:00,1391.95,1391.95,1391.95,1391.95,50,25750,1406.51,1397.55,1408.15
2426,2021-05-03 12:05:00,1391.95,1391.95,1391.95,1391.95,50,25750,1406.51,1397.55,1408.15
2427,2021-05-03 12:06:00,1391.95,1391.95,1391.95,1391.95,50,25750,1406.51,1397.55,1408.15
2428,2021-05-03 12:07:00,1391.95,1391.95,1391.95,1391.95,50,25750,1406.51,1397.55,1408.15
2429,2021-05-03 12:08:00,1391.95,1391.95,1391.95,1391.95,50,25750,1406.51,1397.55,1408.15
2430,2021-05-03 12:09:00,1391.95,1391.95,1391.95,1391.95,50,25750,1406.51,1397.55,1408.15
2431,2021-05-03 12:10:00,1391.95,1391.95,1391.95,1391.95,50,25750,1406.51,1397.55,1408.15
2432,2021-05-03 12:11:00,1391.95,1391.95,1391.95,1391.95,50,25750,1406.51,1397.55,1408.15
2433,2021-05-03 12:12:00,1391.95,1391.95,1391.95,1391.95,50,25750,1406.51,1397.55,1408.15
2434,2021-05-03 12:13:00,1391.95,1391.95,1391.95,1391.95,50,25750,1406.51,1397.55,1408.15
2435,2021-05-03 12:14:00,1391.95,1391.95,1391.95,1391.95,50,25750,1406.51,1397.55,1408.15
2436,2021-05-03 12:15:00,1391.95,1391.95,1391.95,1391.95,50,25750,1406.51,1397.55,1408.15
2437,2021-05-03 12:16:00,1391.95,1391.95,1391.95,1391.95,50,25750,1406.51,1397.55,1408.15
2438,2021-05-03 12:17:00,1398.6,1406.65,1398.6,1404.3,150,25775,1406.46,1392.4,1401.05
2439,2021-05-03 12:18:00,1402.65,1402.65,1402.65,1402.65,25,25725,1406.45,1401.25,1413.15
2440,2021-05-03 12:19:00,1400.85,1401.85,1400.5,1400.5,75,25725,1406.39,1405.25,1415.6
2441,2021-05-03 12:20:00,1404.55,1404.55,1404.55,1404.55,25,25725,1406.39,1396.95,1406.55
2442,2021-05-03 12:21:00,1404.55,1404.55,1404.55,1404.55,25,25725,1406.39,1396.95,1406.55
2443,2021-05-03 12:22:00,1404.55,1404.55,1404.55,1404.55,25,25725,1406.39,1396.95,1406.55
2444,2021-05-03 12:23:00,1404.55,1404.55,1404.55,1404.55,25,25725,1406.39,1396.95,1406.55
2445,2021-05-03 12:24:00,1447.35,1447.35,1447.35,1447.35,25,0,1406.53,1458.8,1476.2
2446,2021-05-03 12:25:00,1488.5,1488.5,1488.5,1488.5,25,25775,1406.81,1472.1,1487.15
2447,2021-05-03 12:26:00,1488.5,1488.5,1488.5,1488.5,25,25775,1406.81,1472.1,1487.15
2448,2021-05-03 12:27:00,1440.2,1466.0,1440.2,1466.0,50,25775,1407.13,1456.8,1465.85
2449,2021-05-03 12:28:00,1440.2,1466.0,1440.2,1466.0,50,25775,1407.13,1456.8,1465.85
2450,2021-05-03 12:29:00,1466.0,1466.0,1466.0,1466.0,25,25775,1407.33,1461.35,1470.95
2451,2021-05-03 12:30:00,1466.25,1466.25,1466.25,1466.25,25,25750,1407.53,1457.95,1467.9
2452,2021-05-03 12:31:00,1466.25,1466.25,1466.25,1466.25,25,25750,1407.53,1457.95,1467.9
2453,2021-05-03 12:32:00,1466.25,1466.25,1466.25,1466.25,25,25750,1407.53,1457.95,1467.9
2454,2021-05-03 12:33:00,1449.3,1449.3,1449.3,1449.3,25,25750,1407.67,1442.15,1452.3
2455,2021-05-03 12:34:00,1438.1,1438.1,1438.1,1438.1,25,25750,1407.77,1439.65,1450.45
2456,2021-05-03 12:35:00,1438.1,1438.1,1438.1,1438.1,25,25750,1407.77,1439.65,1450.45
2457,2021-05-03 12:36:00,1486.35,1486.35,1486.35,1486.35,25,25775,1408.03,1474.15,1489.15
2458,2021-05-03 12:37:00,1479.55,1479.55,1479.55,1479.55,25,25775,1408.27,1464.2,1477.25
2459,2021-05-03 12:38:00,1479.55,1479.55,1479.55,1479.55,25,25775,1408.27,1464.2,1477.25
2460,2021-05-03 12:39:00,1479.55,1479.55,1479.55,1479.55,25,25775,1408.27,1464.2,1477.25
2461,2021-05-03 12:40:00,1479.55,1479.55,1479.55,1479.55,25,25775,1408.27,1464.2,1477.25
2462,2021-05-03 12:41:00,1475.0,1475.0,1475.0,1475.0,25,0,1408.5,1478.0,1492.95
2463,2021-05-03 12:42:00,1475.0,1475.0,1475.0,1475.0,25,0,1408.5,1478.0,1492.95
2464,2021-05-03 12:43:00,1486.75,1486.75,1486.75,1486.75,25,25775,1408.76,1477.25,1486.8
2465,2021-05-03 12:44:00,1486.75,1486.75,1486.75,1486.75,25,25775,1408.76,1477.25,1486.8
2466,2021-05-03 12:45:00,1479.9,1479.9,1479.9,1479.9,25,25750,1408.99,1466.6,1478.85
2467,2021-05-03 12:46:00,1455.0,1455.0,1455.0,1455.0,75,25750,1409.47,1453.35,1463.5
2468,2021-05-03 12:47:00,1460.35,1460.35,1460.35,1460.35,25,25750,1409.63,1449.25,1460.0
2469,2021-05-03 12:48:00,1460.0,1460.0,1460.0,1460.0,100,0,1410.28,1477.3,1493.55
2470,2021-05-03 12:49:00,1460.0,1460.0,1460.0,1460.0,100,0,1410.28,1477.3,1493.55
2471,2021-05-03 12:50:00,1472.5,1472.5,1472.5,1472.5,25,25700,1410.48,1466.8,1481.3
2472,2021-05-03 12:51:00,1472.5,1472.5,1472.5,1472.5,25,25700,1410.48,1466.8,1481.3
2473,2021-05-03 12:52:00,1456.6,1456.6,1456.6,1456.6,25,25700,1410.63,1446.6,1460.75
2474,2021-05-03 12:53:00,1456.6,1456.6,1456.6,1456.6,25,25700,1410.63,1446.6,1460.75
2475,2021-05-03 12:54:00,1456.6,1456.6,1456.6,1456.6,25,25700,1410.63,1446.6,1460.75
2476,2021-05-03 12:55:00,1456.6,1456.6,1456.6,1456.6,25,25700,1410.63,1446.6,1460.75
2477,2021-05-03 12:56:00,1456.6,1456.6,1456.6,1456.6,25,25700,1410.63,1446.6,1460.75
2478,2021-05-03 12:57:00,1456.6,1456.6,1456.6,1456.6,25,25700,1410.63,1446.6,1460.75
2479,2021-05-03 12:58:00,1456.6,1456.6,1456.6,1456.6,25,25700,1410.63,1446.6,1460.75
2480,2021-05-03 12:59:00,1456.6,1456.6,1456.6,1456.6,25,25700,1410.63,1446.6,1460.75
2481,2021-05-03 13:00:00,1456.6,1456.6,1456.6,1456.6,25,25700,1410.63,1446.6,1460.75
2482,2021-05-03 13:01:00,1456.6,1456.6,1456.6,1456.6,25,25700,1410.63,1446.6,1460.75
2483,2021-05-03 13:02:00,1456.6,1456.6,1456.6,1456.6,25,25700,1410.63,1446.6,1460.75
2484,2021-05-03 13:03:00,1456.6,1456.6,1456.6,1456.6,25,25700,1410.63,1446.6,1460.75
2485,2021-05-03 13:04:00,1456.6,1456.6,1456.6,1456.6,25,25700,1410.63,1446.6,1460.75
2486,2021-05-03 13:05:00,1456.6,1456.6,1456.6,1456.6,25,25700,1410.63,1446.6,1460.75
2487,2021-05-03 13:06:00,1432.25,1432.25,1432.25,1432.25,25,25700,1410.7,1432.8,1447.05
2488,2021-05-03 13:07:00,1432.25,1432.25,1432.25,1432.25,25,25700,1410.7,1432.8,1447.05
2489,2021-05-03 13:08:00,1432.25,1432.25,1432.25,1432.25,25,25700,1410.7,1432.8,1447.05
2490,2021-05-03 13:09:00,1432.25,1432.25,1432.25,1432.25,25,25700,1410.7,1432.8,1447.05
2491,2021-05-03 13:10:00,1432.25,1432.25,1432.25,1432.25,25,25700,1410.7,1432.8,1447.05
2492,2021-05-03 13:11:00,1432.95,1432.95,1419.25,1419.25,75,25700,1410.84,1419.25,1429.75
2493,2021-05-03 13:12:00,1423.9,1423.9,1423.9,1423.9,25,25750,1410.88,1418.05,1428.95
2494,2021-05-03 13:13:00,1423.9,1423.9,1423.9,1423.9,25,25750,1410.88,1418.05,1428.95
2495,2021-05-03 13:14:00,1402.85,1402.85,1391.15,1398.2,125,25750,1410.64,1384.25,1396.4
2496,2021-05-03 13:15:00,1361.1,1361.1,1361.1,1361.1,25,25725,1410.49,1365.25,1379.3
2497,2021-05-03 13:16:00,1361.1,1361.1,1361.1,1361.1,25,25725,1410.49,1365.25,1379.3
2498,2021-05-03 13:17:00,1401.95,1401.95,1401.95,1401.95,25,0,1410.46,1394.55,1408.5
2499,2021-05-03 13:18:00,1435.6,1447.05,1432.85,1437.4,150,25725,1410.97,1435.05,1450.7
2500,2021-05-03 13:19:00,1435.6,1447.05,1432.85,1437.4,150,25725,1410.97,1435.05,1450.7
2501,2021-05-03 13:20:00,1531.3,1531.3,1531.3,1531.3,25,25725,1411.33,1524.85,1545.95
2502,2021-05-03 13:21:00,1533.9,1533.9,1533.9,1533.9,50,25700,1412.07,1546.95,1577.5
2503,2021-05-03 13:22:00,1533.9,1533.9,1533.9,1533.9,50,25700,1412.07,1546.95,1577.5
2504,2021-05-03 13:23:00,1555.4,1555.4,1555.4,1555.4,325,25700,1419.01,1533.9,1566.8
2505,2021-05-03 13:24:00,1555.4,1555.4,1555.4,1555.4,325,25700,1419.01,1533.9,1566.8
2506,2021-05-03 13:25:00,1555.4,1555.4,1555.4,1555.4,325,25700,1419.01,1533.9,1566.8
2507,2021-05-03 13:26:00,1555.4,1555.4,1555.4,1555.4,325,25700,1419.01,1533.9,1566.8
2508,2021-05-03 13:27:00,1540.85,1540.85,1540.85,1540.85,25,25675,1419.36,1539.0,1559.05
2509,2021-05-03 13:28:00,1516.7,1516.7,1516.7,1516.7,75,25675,1420.24,1509.1,1534.75
2510,2021-05-03 13:29:00,1516.7,1516.7,1516.7,1516.7,75,25675,1420.24,1509.1,1534.75
2511,2021-05-03 13:30:00,1516.7,1516.7,1516.7,1516.7,75,25675,1420.24,1509.1,1534.75
2512,2021-05-03 13:31:00,1516.7,1516.7,1516.7,1516.7,75,25675,1420.24,1509.1,1534.75
2513,2021-05-03 13:32:00,1516.7,1516.7,1516.7,1516.7,75,25675,1420.24,1509.1,1534.75
2514,2021-05-03 13:33:00,1516.7,1516.7,1516.7,1516.7,75,25675,1420.24,1509.1,1534.75
2515,2021-05-03 13:34:00,1552.3,1552.3,1552.3,1552.3,25,0,1420.61,1517.85,1539.25
2516,2021-05-03 13:35:00,1530.3,1530.3,1530.3,1530.3,25,25675,1420.93,1520.65,1539.5
2517,2021-05-03 13:36:00,1530.3,1530.3,1530.3,1530.3,25,25675,1420.93,1520.65,1539.5
2518,2021-05-03 13:37:00,1530.3,1530.3,1530.3,1530.3,25,25675,1420.93,1520.65,1539.5
2519,2021-05-03 13:38:00,1530.3,1530.3,1530.3,1530.3,25,25675,1420.93,1520.65,1539.5
2520,2021-05-03 13:39:00,1530.3,1530.3,1530.3,1530.3,25,25675,1420.93,1520.65,1539.5
2521,2021-05-03 13:40:00,1530.3,1530.3,1530.3,1530.3,25,25675,1420.93,1520.65,1539.5
2522,2021-05-03 13:41:00,1530.3,1530.3,1530.3,1530.3,25,25675,1420.93,1520.65,1539.5
2523,2021-05-03 13:42:00,1530.3,1530.3,1530.3,1530.3,25,25675,1420.93,1520.65,1539.5
2524,2021-05-03 13:43:00,1530.3,1530.3,1530.3,1530.3,25,25675,1420.93,1520.65,1539.5
2525,2021-05-03 13:44:00,1558.8,1558.8,1558.8,1558.8,25,25675,1421.32,1562.35,1578.35
2526,2021-05-03 13:45:00,1558.8,1558.8,1558.8,1558.8,25,25675,1421.32,1562.35,1578.35
2527,2021-05-03 13:46:00,1558.8,1558.8,1558.8,1558.8,25,25675,1421.32,1562.35,1578.35
2528,2021-05-03 13:47:00,1584.9,1584.9,1584.9,1584.9,25,0,1421.78,1563.35,1584.7
2529,2021-05-03 13:48:00,1584.9,1584.9,1584.9,1584.9,25,0,1421.78,1563.35,1584.7
2530,2021-05-03 13:49:00,1584.9,1584.9,1584.9,1584.9,25,0,1421.78,1563.35,1584.7
2531,2021-05-03 13:50:00,1593.4,1593.4,1593.4,1593.4,50,0,1422.72,1572.45,1593.3
2532,2021-05-03 13:51:00,1593.4,1593.4,1593.4,1593.4,50,0,1422.72,1572.45,1593.3
2533,2021-05-03 13:52:00,1535.15,1535.15,1535.15,1535.15,25,25700,1423.03,1541.3,1552.9
2534,2021-05-03 13:53:00,1519.75,1519.75,1519.75,1519.75,25,0,1423.3,1518.25,1530.8
2535,2021-05-03 13:54:00,1536.1,1536.1,1536.1,1536.1,25,25700,1423.62,1517.7,1538.0
2536,2021-05-03 13:55:00,1536.1,1536.1,1536.1,1536.1,25,25700,1423.62,1517.7,1538.0
2537,2021-05-03 13:56:00,1501.7,1501.7,1501.7,1501.7,25,0,1423.83,1482.8,1507.2
2538,2021-05-03 13:57:00,1501.7,1501.7,1501.7,1501.7,25,0,1423.83,1482.8,1507.2
2539,2021-05-03 13:58:00,1501.7,1501.7,1501.7,1501.7,25,0,1423.83,1482.8,1507.2
2540,2021-05-03 13:59:00,1501.7,1501.7,1501.7,1501.7,25,0,1423.83,1482.8,1507.2
2541,2021-05-03 14:00:00,1501.7,1501.7,1501.7,1501.7,25,0,1423.83,1482.8,1507.2
2542,2021-05-03 14:01:00,1501.7,1501.7,1501.7,1501.7,25,0,1423.83,1482.8,1507.2
2543,2021-05-03 14:02:00,1501.7,1501.7,1501.7,1501.7,25,0,1423.83,1482.8,1507.2
2544,2021-05-03 14:03:00,1501.7,1501.7,1501.7,1501.7,25,0,1423.83,1482.8,1507.2
2545,2021-05-03 14:04:00,1501.7,1501.7,1501.7,1501.7,25,0,1423.83,1482.8,1507.2
2546,2021-05-03 14:05:00,1501.7,1501.7,1501.7,1501.7,25,0,1423.83,1482.8,1507.2
2547,2021-05-03 14:06:00,1501.7,1501.7,1501.7,1501.7,25,0,1423.83,1482.8,1507.2
2548,2021-05-03 14:07:00,1515.1,1515.1,1515.1,1515.1,25,0,1424.09,1503.8,1520.85
2549,2021-05-03 14:08:00,1515.1,1515.1,1515.1,1515.1,25,0,1424.09,1503.8,1520.85
2550,2021-05-03 14:09:00,1515.1,1515.1,1515.1,1515.1,25,0,1424.09,1503.8,1520.85
2551,2021-05-03 14:10:00,1515.1,1515.1,1515.1,1515.1,25,0,1424.09,1503.8,1520.85
2552,2021-05-03 14:11:00,1532.0,1532.0,1532.0,1532.0,50,25650,1424.66,1524.2,1542.95
2553,2021-05-03 14:12:00,1532.0,1532.0,1532.0,1532.0,50,25650,1424.66,1524.2,1542.95
2554,2021-05-03 14:13:00,1532.0,1532.0,1532.0,1532.0,50,25650,1424.66,1524.2,1542.95
2555,2021-05-03 14:14:00,1532.0,1532.0,1532.0,1532.0,50,25650,1424.66,1524.2,1542.95
2556,2021-05-03 14:15:00,1532.0,1532.0,1532.0,1532.0,50,25650,1424.66,1524.2,1542.95
2557,2021-05-03 14:16:00,1487.1,1487.1,1487.1,1487.1,25,0,1424.83,1467.15,1496.35
2558,2021-05-03 14:17:00,1487.1,1487.1,1487.1,1487.1,25,0,1424.83,1467.15,1496.35
2559,2021-05-03 14:18:00,1487.1,1487.1,1487.1,1487.1,25,0,1424.83,1467.15,1496.35
2560,2021-05-03 14:19:00,1487.1,1487.1,1487.1,1487.1,25,0,1424.83,1467.15,1496.35
2561,2021-05-03 14:20:00,1456.95,1456.95,1456.95,1456.95,25,25650,1424.92,1459.8,1475.7
2562,2021-05-03 14:21:00,1455.5,1455.5,1455.5,1455.5,25,25650,1425.01,1435.8,1448.35
2563,2021-05-03 14:22:00,1455.5,1455.5,1455.5,1455.5,25,25650,1425.01,1435.8,1448.35
2564,2021-05-03 14:23:00,1455.5,1455.5,1455.5,1455.5,25,25650,1425.01,1435.8,1448.35
2565,2021-05-03 14:24:00,1455.5,1455.5,1455.5,1455.5,25,25650,1425.01,1435.8,1448.35
2566,2021-05-03 14:25:00,1455.5,1455.5,1455.5,1455.5,25,25650,1425.01,1435.8,1448.35
2567,2021-05-03 14:26:00,1455.5,1455.5,1455.5,1455.5,25,25650,1425.01,1435.8,1448.35
2568,2021-05-03 14:27:00,1400.6,1400.6,1370.75,1370.75,125,25625,1424.41,1364.0,1377.8
2569,2021-05-03 14:28:00,1400.6,1400.6,1370.75,1370.75,125,25625,1424.41,1364.0,1377.8
2570,2021-05-03 14:29:00,1381.5,1381.5,1381.5,1381.5,25,25625,1424.3,1366.05,1379.55
2571,2021-05-03 14:30:00,1381.5,1381.5,1381.5,1381.5,25,25625,1424.3,1366.05,1379.55
2572,2021-05-03 14:31:00,1311.55,1311.55,1311.55,1311.55,25,25600,1423.99,1311.2,1328.0
2573,2021-05-03 14:32:00,1311.55,1311.55,1311.55,1311.55,25,25600,1423.99,1311.2,1328.0
2574,2021-05-03 14:33:00,1311.55,1311.55,1311.55,1311.55,25,25600,1423.99,1311.2,1328.0
2575,2021-05-03 14:34:00,1311.55,1311.55,1311.55,1311.55,25,25600,1423.99,1311.2,1328.0
2576,2021-05-03 14:35:00,1293.45,1293.45,1293.45,1293.45,25,25600,1423.64,1302.45,1314.8
2577,2021-05-03 14:36:00,1310.05,1310.05,1310.05,1310.05,50,25600,1423.04,1304.1,1315.4
2578,2021-05-03 14:37:00,1259.85,1259.85,1256.2,1256.25,75,25600,1421.73,1252.05,1265.0
2579,2021-05-03 14:38:00,1254.15,1256.55,1247.3,1256.55,100,25600,1419.97,1268.4,1282.55
2580,2021-05-03 14:39:00,1254.15,1256.55,1247.3,1256.55,100,25600,1419.97,1268.4,1282.55
2581,2021-05-03 14:40:00,1286.05,1286.05,1283.95,1283.95,50,25600,1419.27,1281.05,1294.7
2582,2021-05-03 14:41:00,1286.05,1286.05,1283.95,1283.95,50,25600,1419.27,1281.05,1294.7
2583,2021-05-03 14:42:00,1286.05,1286.05,1283.95,1283.95,50,25600,1419.27,1281.05,1294.7
2584,2021-05-03 14:43:00,1269.9,1269.9,1269.9,1269.9,25,25600,1418.89,1262.15,1275.3
2585,2021-05-03 14:44:00,1269.9,1269.9,1269.9,1269.9,25,25600,1418.89,1262.15,1275.3
2586,2021-05-03 14:45:00,1247.15,1247.15,1247.15,1247.15,25,25600,1418.44,1244.3,1258.7
2587,2021-05-03 14:46:00,1247.15,1247.15,1247.15,1247.15,25,25600,1418.44,1244.3,1258.7
2588,2021-05-03 14:47:00,1259.1,1265.0,1259.1,1265.0,175,25625,1415.7,1258.3,1265.0
2589,2021-05-03 14:48:00,1265.0,1265.0,1265.0,1265.0,350,25625,1410.53,1259.45,1271.85
2590,2021-05-03 14:49:00,1265.0,1265.0,1265.0,1265.0,350,25625,1410.53,1259.45,1271.85
2591,2021-05-03 14:50:00,1265.0,1265.0,1265.0,1265.0,350,25625,1410.53,1259.45,1271.85
2592,2021-05-03 14:51:00,1249.65,1249.65,1249.65,1249.65,50,26125,1409.74,1252.55,1265.25
2593,2021-05-03 14:52:00,1263.7,1263.7,1263.7,1263.7,25,26150,1409.39,1261.2,1270.9
2594,2021-05-03 14:53:00,1280.8,1280.8,1278.65,1278.65,100,26150,1408.15,1291.05,1300.5
2595,2021-05-03 14:54:00,1305.0,1305.0,1293.55,1293.55,75,26125,1407.37,1284.65,1293.25
2596,2021-05-03 14:55:00,1274.3,1274.3,1274.3,1274.3,25,26125,1407.05,1283.1,1295.05
2597,2021-05-03 14:56:00,1274.3,1274.3,1274.3,1274.3,25,26125,1407.05,1283.1,1295.05
2598,2021-05-03 14:57:00,1274.3,1274.3,1274.3,1274.3,25,26125,1407.05,1283.1,1295.05
2599,2021-05-03 14:58:00,1291.75,1291.75,1281.15,1286.2,100,26125,1405.91,1288.45,1297.2
2600,2021-05-03 14:59:00,1291.75,1291.75,1281.15,1286.2,100,26125,1405.91,1288.45,1297.2
2601,2021-05-03 15:00:00,1291.75,1291.75,1281.15,1286.2,100,26125,1405.91,1288.45,1297.2
2602,2021-05-03 15:01:00,1291.75,1291.75,1281.15,1286.2,100,26125,1405.91,1288.45,1297.2
2603,2021-05-03 15:02:00,1305.75,1305.75,1305.75,1305.75,25,26150,1405.67,1296.7,1306.75
2604,2021-05-03 15:03:00,1296.35,1296.35,1296.35,1296.35,25,26150,1405.41,1267.05,1280.15
2605,2021-05-03 15:04:00,1268.95,1268.95,1263.65,1263.65,75,26175,1404.45,1259.35,1270.7
2606,2021-05-03 15:05:00,1265.9,1265.9,1265.9,1265.9,25,26175,1404.12,1256.15,1264.55
2607,2021-05-03 15:06:00,1265.9,1265.9,1265.9,1265.9,25,26175,1404.12,1256.15,1264.55
2608,2021-05-03 15:07:00,1244.55,1244.55,1244.55,1244.55,150,0,1401.99,1258.55,1267.25
2609,2021-05-03 15:08:00,1244.55,1244.55,1244.55,1244.55,150,0,1401.99,1258.55,1267.25
2610,2021-05-03 15:09:00,1284.6,1284.6,1284.6,1284.6,50,26175,1401.45,1275.05,1284.1
2611,2021-05-03 15:10:00,1250.35,1250.35,1250.35,1250.35,25,26175,1401.11,1252.75,1267.5
2612,2021-05-03 15:11:00,1278.7,1278.7,1277.0,1277.0,50,26175,1400.55,1277.85,1286.6
2613,2021-05-03 15:12:00,1278.7,1278.7,1277.0,1277.0,50,26175,1400.55,1277.85,1286.6
2614,2021-05-03 15:13:00,1278.7,1278.7,1277.0,1277.0,50,26175,1400.55,1277.85,1286.6
2615,2021-05-03 15:14:00,1278.7,1278.7,1277.0,1277.0,50,26175,1400.55,1277.85,1286.6
2616,2021-05-03 15:15:00,1278.7,1278.7,1277.0,1277.0,50,26175,1400.55,1277.85,1286.6
2617,2021-05-03 15:16:00,1278.7,1278.7,1277.0,1277.0,50,26175,1400.55,1277.85,1286.6
2618,2021-05-03 15:17:00,1278.7,1278.7,1277.0,1277.0,50,26175,1400.55,1277.85,1286.6
2619,2021-05-03 15:18:00,1278.7,1278.7,1277.0,1277.0,50,26175,1400.55,1277.85,1286.6
2620,2021-05-03 15:19:00,1297.1,1297.1,1297.1,1297.1,25,0,1400.31,1294.15,1301.75
2621,2021-05-03 15:20:00,1286.35,1286.35,1263.4,1263.4,75,26200,1399.44,1263.8,1271.55
2622,2021-05-03 15:21:00,1271.8,1271.8,1271.65,1271.65,50,26200,1398.87,1263.4,1271.55
2623,2021-05-03 15:22:00,1271.8,1271.8,1271.65,1271.65,50,26200,1398.87,1263.4,1271.55
2624,2021-05-03 15:23:00,1275.15,1275.15,1275.15,1275.15,25,26175,1398.59,1264.95,1274.8
2625,2021-05-03 15:24:00,1275.65,1275.65,1275.65,1275.65,25,26175,1398.32,1272.35,1280.5
2626,2021-05-03 15:25:00,1280.45,1280.45,1272.6,1272.6,50,26175,1397.78,1255.75,1273.95
2627,2021-05-03 15:26:00,1280.45,1280.45,1272.6,1272.6,50,26175,1397.78,1255.75,1273.95
2628,2021-05-03 15:27:00,1280.45,1280.45,1272.6,1272.6,50,26175,1397.78,1255.75,1273.95
2629,2021-05-03 15:28:00,1234.5,1234.5,1234.5,1234.5,50,26150,1397.06,1221.45,1239.85
2630,2021-05-03 15:29:00,1234.5,1234.5,1234.5,1234.5,50,26150,1397.06,1221.45,1239.85
2631,2021-05-03 15:30:00,1217.0,1217.0,1217.0,1217.0,100,26150,1395.49,1218.75,1234.95
2632,2021-05-04 09:15:00,1217.0,1217.0,1217.0,1217.0,100,26150,1395.49,1218.75,1234.95
2633,2021-05-04 09:16:00,1217.0,1217.0,1217.0,1217.0,100,26150,1395.49,1218.75,1234.95
2634,2021-05-04 09:17:00,1102.05,1106.85,1102.05,1106.85,50,26300,1104.45,1113.05,1126.05
2635,2021-05-04 09:18:00,1102.05,1106.85,1102.05,1106.85,50,26300,1104.45,1113.05,1126.05
2636,2021-05-04 09:19:00,1118.4,1129.7,1113.1,1113.1,175,26300,1116.8,1102.05,1110.85
2637,2021-05-04 09:20:00,1095.0,1095.0,1083.6,1083.6,625,26375,1093.76,1069.4,1085.55
2638,2021-05-04 09:21:00,1095.0,1095.0,1083.6,1083.6,625,26375,1093.76,1069.4,1085.55
2639,2021-05-04 09:22:00,1083.6,1083.6,1083.6,1083.6,50,26375,1093.52,1077.6,1089.15
2640,2021-05-04 09:23:00,1104.1,1104.1,1104.1,1104.1,25,25850,1093.81,1090.15,1107.15
2641,2021-05-04 09:24:00,1076.2,1076.2,1076.2,1076.2,150,25850,1092.53,1078.2,1093.9
2642,2021-05-04 09:25:00,1106.4,1106.4,1106.4,1106.4,50,25850,1093.11,1104.05,1115.2
2643,2021-05-04 09:26:00,1127.2,1129.35,1121.9,1121.9,325,25875,1100.18,1114.2,1129.0
2644,2021-05-04 09:27:00,1118.45,1118.45,1118.45,1118.45,25,25875,1100.49,1111.55,1128.95
2645,2021-05-04 09:28:00,1121.2,1121.2,1121.2,1121.2,50,25875,1101.05,1117.05,1132.55
2646,2021-05-04 09:29:00,1121.2,1121.2,1121.2,1121.2,175,25975,1102.6,1102.65,1116.0
2647,2021-05-04 09:30:00,1121.2,1121.2,1121.2,1121.2,175,25975,1102.6,1102.65,1116.0
2648,2021-05-04 09:31:00,1114.55,1114.55,1114.55,1114.55,50,0,1102.96,1091.2,1109.25
2649,2021-05-04 09:32:00,1114.55,1114.55,1114.55,1114.55,50,0,1102.96,1091.2,1109.25
2650,2021-05-04 09:33:00,1114.55,1114.55,1114.55,1114.55,50,0,1102.96,1091.2,1109.25
2651,2021-05-04 09:34:00,1076.55,1076.55,1076.55,1076.55,25,25975,1102.59,1067.5,1084.4
2652,2021-05-04 09:35:00,1076.55,1076.55,1076.55,1076.55,25,25975,1102.59,1067.5,1084.4
2653,2021-05-04 09:36:00,1066.15,1066.15,1047.05,1066.15,325,25975,1094.99,1059.7,1074.1
2654,2021-05-04 09:37:00,1066.15,1066.15,1047.05,1066.15,325,25975,1094.99,1059.7,1074.1
2655,2021-05-04 09:38:00,1066.15,1066.15,1047.05,1066.15,325,25975,1094.99,1059.7,1074.1
2656,2021-05-04 09:39:00,1080.35,1080.35,1080.35,1080.35,50,25975,1094.65,1066.15,1078.3
2657,2021-05-04 09:40:00,1078.25,1078.25,1078.25,1078.25,25,25975,1094.46,1069.1,1077.0
2658,2021-05-04 09:41:00,1078.3,1078.3,1078.3,1078.3,75,25975,1093.89,1071.25,1080.2
2659,2021-05-04 09:42:00,1080.95,1080.95,1080.95,1080.95,25,0,1093.75,1095.05,1105.25
2660,2021-05-04 09:43:00,1080.95,1080.95,1080.95,1080.95,25,0,1093.75,1095.05,1105.25
2661,2021-05-04 09:44:00,1111.6,1111.6,1111.6,1111.6,75,25975,1094.22,1111.45,1125.1
2662,2021-05-04 09:45:00,1131.7,1178.55,1131.7,1176.35,450,25975,1102.14,1182.3,1195.2
2663,2021-05-04 09:46:00,1225.55,1225.55,1177.85,1177.85,175,25975,1108.02,1184.1,1195.95
2664,2021-05-04 09:47:00,1186.1,1186.1,1164.35,1164.35,100,25975,1110.21,1158.05,1173.85
2665,2021-05-04 09:48:00,1176.25,1176.25,1160.0,1160.0,100,25975,1112.04,1146.2,1157.75
2666,2021-05-04 09:49:00,1135.45,1152.0,1135.45,1152.0,125,25975,1113.32,1142.25,1153.3
2667,2021-05-04 09:50:00,1122.1,1124.9,1122.1,1124.9,50,25975,1113.47,1119.1,1132.7
2668,2021-05-04 09:51:00,1133.35,1133.35,1133.35,1133.35,25,25975,1113.62,1121.3,1130.4
2669,2021-05-04 09:52:00,1140.35,1140.35,1140.35,1140.35,50,25975,1114.01,1132.05,1142.4
2670,2021-05-04 09:53:00,1161.1,1161.1,1161.1,1161.1,25,25975,1114.35,1154.5,1165.7
2671,2021-05-04 09:54:00,1161.1,1161.1,1161.1,1161.1,25,25975,1114.35,1154.5,1165.7
2672,2021-05-04 09:55:00,1125.05,1125.05,1125.05,1125.05,25,25975,1114.43,1125.85,1135.65
2673,2021-05-04 09:56:00,1125.05,1125.05,1125.05,1125.05,25,25975,1114.43,1125.85,1135.65
2674,2021-05-04 09:57:00,1103.7,1103.7,1103.7,1103.7,25,25975,1114.35,1086.8,1094.8
2675,2021-05-04 09:58:00,1091.4,1091.4,1082.15,1086.85,75,25975,1113.78,1074.65,1084.95
2676,2021-05-04 09:59:00,1083.0,1083.0,1083.0,1083.0,25,25975,1113.56,1065.15,1072.55
2677,2021-05-04 10:00:00,1063.6,1063.6,1055.4,1055.4,125,25975,1111.7,1056.45,1065.7
2678,2021-05-04 10:01:00,1059.2,1064.4,1054.4,1064.4,75,25975,1110.66,1067.45,1080.4
2679,2021-05-04 10:02:00,1047.0,1047.0,1033.65,1033.65,100,25975,1108.78,1026.15,1037.2
2680,2021-05-04 10:03:00,1029.45,1044.05,1029.45,1044.05,75,25975,1107.46,1040.5,1048.25
2681,2021-05-04 10:04:00,1038.65,1038.65,1038.65,1038.65,25,25975,1107.03,1032.7,1041.5
2682,2021-05-04 10:05:00,1044.35,1051.95,1044.35,1051.95,50,25975,1106.3,1043.95,1052.95
2683,2021-05-04 10:06:00,1037.0,1038.0,1035.7,1035.7,75,25975,1105.04,1035.15,1046.15
2684,2021-05-04 10:07:00,1061.55,1061.55,1052.1,1052.1,50,25975,1104.47,1044.9,1054.45
2685,2021-05-04 10:08:00,1061.55,1061.55,1052.1,1052.1,50,25975,1104.47,1044.9,1054.45
2686,2021-05-04 10:09:00,1061.55,1061.55,1052.1,1052.1,50,25975,1104.47,1044.9,1054.45
2687,2021-05-04 10:10:00,1050.5,1050.5,1049.95,1049.95,50,25975,1103.82,1045.8,1057.45
2688,2021-05-04 10:11:00,1066.2,1066.2,1056.15,1056.15,100,25975,1102.87,1052.65,1063.15
2689,2021-05-04 10:12:00,1066.2,1066.2,1056.15,1056.15,100,25975,1102.87,1052.65,1063.15
2690,2021-05-04 10:13:00,1054.25,1054.25,1054.25,1054.25,25,25975,1102.59,1058.0,1060.85
2691,2021-05-04 10:14:00,1060.85,1076.35,1060.85,1076.35,50,25975,1102.21,1057.5,1064.95
2692,2021-05-04 10:15:00,1091.7,1091.7,1081.75,1081.75,50,25975,1102.03,1063.85,1073.8
2693,2021-05-04 10:16:00,1055.0,1055.0,1046.8,1046.8,50,25975,1101.47,1049.7,1057.85
2694,2021-05-04 10:17:00,1055.0,1055.0,1046.8,1046.8,50,25975,1101.47,1049.7,1057.85
2695,2021-05-04 10:18:00,1065.15,1065.15,1065.15,1065.15,25,25975,1101.26,1061.6,1070.05
2696,2021-05-04 10:19:00,1080.75,1080.75,1080.75,1080.75,25,25975,1101.15,1055.55,1069.15
2697,2021-05-04 10:20:00,1051.65,1051.65,1051.65,1051.65,25,25975,1100.88,1047.4,1054.9
2698,2021-05-04 10:21:00,1051.65,1051.65,1051.65,1051.65,25,25975,1100.88,1047.4,1054.9
2699,2021-05-04 10:22:00,1051.65,1051.65,1051.65,1051.65,25,25975,1100.88,1047.4,1054.9
2700,2021-05-04 10:23:00,1074.85,1074.85,1074.85,1074.85,50,25975,1100.6,1062.5,1070.3
2701,2021-05-04 10:24:00,1074.85,1074.85,1074.85,1074.85,50,25975,1100.6,1062.5,1070.3
2702,2021-05-04 10:25:00,1074.85,1074.85,1074.85,1074.85,50,25975,1100.6,1062.5,1070.3
2703,2021-05-04 10:26:00,1074.85,1074.85,1074.85,1074.85,50,25975,1100.6,1062.5,1070.3
2704,2021-05-04 10:27:00,1055.25,1055.25,1055.25,1055.25,25,25975,1100.36,1055.85,1063.2
2705,2021-05-04 10:28:00,1055.25,1055.25,1055.25,1055.25,25,25975,1100.36,1055.85,1063.2
2706,2021-05-04 10:29:00,1062.75,1062.75,1062.75,1062.75,25,25975,1100.15,1062.6,1071.3
2707,2021-05-04 10:30:00,1047.75,1047.75,1047.75,1047.75,25,25975,1099.88,1052.2,1059.2
2708,2021-05-04 10:31:00,1048.35,1048.35,1048.35,1048.35,25,25975,1099.6,1030.6,1039.1
2709,2021-05-04 10:32:00,1030.65,1030.65,1030.65,1030.65,25,25975,1099.24,1027.75,1036.2
2710,2021-05-04 10:33:00,1030.65,1030.65,1030.65,1030.65,25,25975,1099.24,1027.75,1036.2
2711,2021-05-04 10:34:00,1041.05,1041.05,1041.05,1041.05,25,25975,1098.94,1035.75,1042.85
2712,2021-05-04 10:35:00,1041.05,1041.05,1041.05,1041.05,25,25975,1098.94,1035.75,1042.85
2713,2021-05-04 10:36:00,1036.15,1047.6,1036.15,1047.6,75,25975,1098.02,1033.95,1042.4
2714,2021-05-04 10:37:00,1033.3,1033.3,1033.3,1033.3,25,25975,1097.69,1034.7,1042.65
2715,2021-05-04 10:38:00,1033.3,1033.3,1033.3,1033.3,25,25975,1097.69,1034.7,1042.65
2716,2021-05-04 10:39:00,1042.3,1042.3,1042.3,1042.3,25,25975,1097.41,1039.6,1047.6
2717,2021-05-04 10:40:00,1058.0,1058.0,1058.0,1058.0,25,25975,1097.21,1051.7,1057.35
2718,2021-05-04 10:41:00,1056.65,1056.65,1056.5,1056.5,50,25975,1096.8,1054.55,1061.75
2719,2021-05-04 10:42:00,1056.65,1056.65,1056.5,1056.5,50,25975,1096.8,1054.55,1061.75
2720,2021-05-04 10:43:00,1056.65,1056.65,1056.5,1056.5,50,25975,1096.8,1054.55,1061.75
2721,2021-05-04 10:44:00,1056.65,1056.65,1056.5,1056.5,50,25975,1096.8,1054.55,1061.75
2722,2021-05-04 10:45:00,1056.65,1056.65,1056.5,1056.5,50,25975,1096.8,1054.55,1061.75
2723,2021-05-04 10:46:00,1056.65,1056.65,1056.5,1056.5,50,25975,1096.8,1054.55,1061.75
2724,2021-05-04 10:47:00,1070.8,1070.8,1070.8,1070.8,25,26050,1096.67,1061.45,1069.55
2725,2021-05-04 10:48:00,1070.8,1070.8,1070.8,1070.8,25,26050,1096.67,1061.45,1069.55
2726,2021-05-04 10:49:00,1049.5,1051.05,1049.5,1051.05,100,26050,1095.75,1050.35,1056.55
2727,2021-05-04 10:50:00,1049.5,1051.05,1049.5,1051.05,100,26050,1095.75,1050.35,1056.55
2728,2021-05-04 10:51:00,1050.75,1050.75,1050.75,1050.75,25,26050,1095.53,1039.4,1047.4
2729,2021-05-04 10:52:00,1030.7,1030.7,1030.7,1030.7,25,26050,1095.22,1038.6,1046.15
2730,2021-05-04 10:53:00,1030.7,1030.7,1030.7,1030.7,25,26050,1095.22,1038.6,1046.15
2731,2021-05-04 10:54:00,1057.4,1057.4,1049.95,1049.95,50,26025,1094.82,1058.5,1064.75
2732,2021-05-04 10:55:00,1057.4,1057.4,1049.95,1049.95,50,26025,1094.82,1058.5,1064.75
2733,2021-05-04 10:56:00,1057.4,1057.4,1049.95,1049.95,50,26025,1094.82,1058.5,1064.75
2734,2021-05-04 10:57:00,1067.55,1067.55,1066.05,1066.05,50,26050,1094.55,1061.0,1067.25
2735,2021-05-04 10:58:00,1066.0,1066.0,1066.0,1066.0,500,26050,1092.07,1058.45,1065.7
2736,2021-05-04 10:59:00,1066.0,1066.0,1066.0,1066.0,500,26050,1092.07,1058.45,1065.7
2737,2021-05-04 11:00:00,1066.0,1066.0,1066.0,1066.0,500,26050,1092.07,1058.45,1065.7
2738,2021-05-04 11:01:00,1066.0,1066.0,1066.0,1066.0,500,26050,1092.07,1058.45,1065.7
2739,2021-05-04 11:02:00,1046.2,1046.2,1029.0,1029.0,50,26050,1091.6,1022.75,1030.65
2740,2021-05-04 11:03:00,1024.95,1024.95,1024.95,1024.95,25,26050,1091.31,1027.75,1034.75
2741,2021-05-04 11:04:00,1035.0,1035.0,1035.0,1035.0,25,26050,1091.07,1031.7,1039.15
2742,2021-05-04 11:05:00,1035.0,1035.0,1035.0,1035.0,25,26050,1091.07,1031.7,1039.15
2743,2021-05-04 11:06:00,1036.0,1036.0,1036.0,1036.0,25,26050,1090.84,1030.15,1038.9
2744,2021-05-04 11:07:00,1036.0,1036.0,1036.0,1036.0,25,26050,1090.84,1030.15,1038.9
2745,2021-05-04 11:08:00,1030.0,1030.0,1010.0,1010.05,400,26250,1086.15,1008.95,1020.15
2746,2021-05-04 11:09:00,1007.45,1009.55,1000.15,1008.85,625,26250,1078.84,1002.55,1008.9
2747,2021-05-04 11:10:00,1002.3,1002.3,1002.3,1002.3,25,26250,1078.56,1000.25,1007.4
2748,2021-05-04 11:11:00,984.5,992.75,984.5,992.7,225,26250,1075.87,990.55,999.2
2749,2021-05-04 11:12:00,1000.25,1004.8,1000.25,1004.8,350,26800,1072.49,995.85,1004.75
2750,2021-05-04 11:13:00,1002.65,1002.65,993.05,993.05,50,26800,1071.99,993.05,998.35
2751,2021-05-04 11:14:00,993.0,993.0,993.0,993.0,50,0,1071.47,988.15,995.85
2752,2021-05-04 11:15:00,991.0,991.0,991.0,991.0,25,26450,1071.21,988.35,995.15
2753,2021-05-04 11:16:00,987.2,987.2,987.2,987.2,25,26450,1070.93,988.7,995.1
2754,2021-05-04 11:17:00,1009.7,1009.7,1009.7,1009.7,50,26425,1070.5,996.9,1004.85
2755,2021-05-04 11:18:00,1009.7,1017.2,1009.5,1009.5,475,26425,1066.99,1004.35,1011.5
2756,2021-05-04 11:19:00,1009.7,1017.2,1009.5,1009.5,475,26425,1066.99,1004.35,1011.5
2757,2021-05-04 11:20:00,1016.7,1022.5,1016.7,1022.5,150,26425,1066.12,1009.15,1016.75
2758,2021-05-04 11:21:00,1021.5,1021.5,1021.5,1021.5,75,26450,1065.72,1010.15,1021.1
2759,2021-05-04 11:22:00,1007.55,1007.55,1007.55,1007.55,125,26450,1064.9,1006.0,1012.75
2760,2021-05-04 11:23:00,1007.55,1007.55,1007.55,1007.55,125,26450,1064.9,1006.0,1012.75
2761,2021-05-04 11:24:00,1007.55,1007.55,1007.55,1007.55,125,26450,1064.9,1006.0,1012.75
2762,2021-05-04 11:25:00,1024.25,1024.25,1024.25,1024.25,25,26425,1064.78,1005.85,1017.55
2763,2021-05-04 11:26:00,1019.55,1019.55,1001.65,1011.15,300,26450,1062.79,1010.45,1018.1
2764,2021-05-04 11:27:00,1016.5,1016.5,1014.45,1014.45,50,26450,1062.52,1007.55,1016.35
2765,2021-05-04 11:28:00,1010.0,1010.0,1010.0,1010.0,25,26450,1062.38,1009.35,1017.45
2766,2021-05-04 11:29:00,1015.65,1015.65,1015.65,1015.65,25,26450,1062.25,1010.05,1015.65
2767,2021-05-04 11:30:00,1015.65,1015.65,1015.65,1015.65,25,26425,1062.12,1012.8,1015.65
2768,2021-05-04 11:31:00,1010.0,1010.0,1010.0,1010.0,50,26425,1061.83,999.1,1005.9
2769,2021-05-04 11:32:00,1003.05,1003.05,1003.05,1003.05,50,0,1061.5,1003.0,1009.75
2770,2021-05-04 11:33:00,1011.15,1011.15,1011.15,1011.15,50,26425,1061.22,1007.9,1015.25
2771,2021-05-04 11:34:00,1011.15,1011.15,1011.15,1011.15,50,26425,1061.22,1007.9,1015.25
2772,2021-05-04 11:35:00,1003.05,1003.05,1003.05,1003.05,25,26425,1061.06,1002.1,1007.75
2773,2021-05-04 11:36:00,1003.05,1003.05,1003.05,1003.05,25,26425,1061.06,1002.1,1007.75
2774,2021-05-04 11:37:00,985.0,985.0,985.0,985.0,75,26450,1060.45,971.95,980.85
2775,2021-05-04 11:38:00,973.35,985.6,973.35,985.0,175,26525,1058.92,979.9,986.4
2776,2021-05-04 11:39:00,975.6,975.6,975.6,975.6,50,26525,1058.48,973.35,979.85
2777,2021-05-04 11:40:00,960.6,960.6,960.6,960.6,575,26525,1053.86,956.4,964.9
2778,2021-05-04 11:41:00,974.95,974.95,974.95,974.95,25,26525,1053.66,970.95,974.95
2779,2021-05-04 11:42:00,974.95,974.95,974.95,974.95,25,26525,1053.66,970.95,974.95
2780,2021-05-04 11:43:00,970.45,970.45,970.0,970.0,50,26075,1053.25,966.95,975.85
2781,2021-05-04 11:44:00,970.45,970.45,970.0,970.0,50,26075,1053.25,966.95,975.85
2782,2021-05-04 11:45:00,970.0,970.0,970.0,970.0,25,26050,1053.04,965.8,974.4
2783,2021-05-04 11:46:00,970.0,970.0,970.0,970.0,25,26050,1053.04,965.8,974.4
2784,2021-05-04 11:47:00,971.0,971.0,971.0,971.0,25,26050,1052.84,969.8,976.65
2785,2021-05-04 11:48:00,971.0,971.0,971.0,971.0,25,26050,1052.84,969.8,976.65
2786,2021-05-04 11:49:00,977.9,977.9,977.9,977.9,100,0,1052.11,974.6,980.85
2787,2021-05-04 11:50:00,977.9,977.9,977.9,977.9,100,0,1052.11,974.6,980.85
2788,2021-05-04 11:51:00,977.9,989.55,977.9,989.55,50,26075,1051.78,986.5,994.25
2789,2021-05-04 11:52:00,985.0,985.0,985.0,985.0,25,26075,1051.62,983.85,990.55
2790,2021-05-04 11:53:00,990.55,990.55,985.0,985.0,50,26075,1051.31,986.4,993.85
2791,2021-05-04 11:54:00,986.0,986.0,986.0,986.0,100,26125,1050.7,978.55,985.55
2792,2021-05-04 11:55:00,985.2,985.2,985.2,985.2,100,26125,1050.04,979.9,987.0
2793,2021-05-04 11:56:00,985.0,985.0,985.0,985.0,25,26125,1049.89,979.85,987.15
2794,2021-05-04 11:57:00,985.0,985.0,985.0,985.0,25,26125,1049.89,979.85,987.15
2795,2021-05-04 11:58:00,983.6,983.6,983.6,983.6,175,26100,1048.89,984.8,990.95
2796,2021-05-04 11:59:00,980.15,980.25,973.55,974.25,225,26100,1047.41,974.35,980.45
2797,2021-05-04 12:00:00,980.15,980.25,973.55,974.25,225,26100,1047.41,974.35,980.45
2798,2021-05-04 12:01:00,980.15,980.25,973.55,974.25,225,26100,1047.41,974.35,980.45
2799,2021-05-04 12:02:00,973.95,973.95,973.95,973.95,50,26125,1047.06,969.6,973.95
2800,2021-05-04 12:03:00,966.05,966.05,966.05,966.05,100,0,1046.35,970.25,976.05
2801,2021-05-04 12:04:00,966.05,966.05,966.05,966.05,100,0,1046.35,970.25,976.05
2802,2021-05-04 12:05:00,966.05,966.05,966.05,966.05,100,0,1046.35,970.25,976.05
2803,2021-05-04 12:06:00,966.05,966.05,966.05,966.05,100,0,1046.35,970.25,976.05
2804,2021-05-04 12:07:00,1019.65,1019.65,1008.15,1008.15,200,26175,1045.82,1006.45,1012.05
2805,2021-05-04 12:08:00,1008.15,1013.25,997.05,997.05,200,26175,1045.15,998.85,1004.9
2806,2021-05-04 12:09:00,997.05,997.05,997.05,997.05,25,26150,1045.04,1005.5,1011.85
2807,2021-05-04 12:10:00,995.75,995.75,989.8,989.8,250,26150,1043.95,996.6,1003.45
2808,2021-05-04 12:11:00,995.75,995.75,989.8,989.8,250,26150,1043.95,996.6,1003.45
2809,2021-05-04 12:12:00,1006.3,1006.3,1006.3,1006.3,25,25975,1043.87,1004.6,1010.45
2810,2021-05-04 12:13:00,1006.3,1006.3,1006.3,1006.3,25,25975,1043.87,1004.6,1010.45
2811,2021-05-04 12:14:00,1006.45,1006.45,1006.45,1006.45,25,25975,1043.79,1001.55,1007.45
2812,2021-05-04 12:15:00,1006.45,1006.45,1006.45,1006.45,25,25975,1043.79,1001.55,1007.45
2813,2021-05-04 12:16:00,1012.85,1012.85,1008.0,1008.0,100,25975,1043.51,1014.35,1021.2
2814,2021-05-04 12:17:00,1024.7,1025.15,1024.4,1025.0,150,25975,1043.28,1021.9,1029.0
2815,2021-05-04 12:18:00,1025.0,1028.45,1025.0,1028.45,525,26050,1042.54,1025.05,1029.0
2816,2021-05-04 12:19:00,1029.0,1029.0,1029.0,1029.0,75,26050,1042.46,1025.3,1035.75
2817,2021-05-04 12:20:00,1006.3,1006.3,984.4,984.4,150,26050,1041.93,985.1,991.8
2818,2021-05-04 12:21:00,984.4,988.0,984.4,988.0,100,26000,1041.5,985.0,989.9
2819,2021-05-04 12:22:00,985.0,985.0,985.0,985.0,25,26000,1041.39,984.85,989.0
2820,2021-05-04 12:23:00,984.85,988.65,984.85,988.65,200,26000,1040.54,981.85,988.25
2821,2021-05-04 12:24:00,982.0,988.95,980.0,988.95,100,26025,1040.11,983.15,989.95
2822,2021-05-04 12:25:00,989.55,998.5,989.55,998.5,200,26025,1039.43,985.5,992.75
2823,2021-05-04 12:26:00,989.55,998.5,989.55,998.5,200,26025,1039.43,985.5,992.75
2824,2021-05-04 12:27:00,989.55,998.5,989.55,998.5,200,26025,1039.43,985.5,992.75
2825,2021-05-04 12:28:00,981.85,981.85,981.85,981.85,50,26050,1039.22,973.5,979.2
2826,2021-05-04 12:29:00,981.85,981.85,981.85,981.85,50,26050,1039.22,973.5,979.2
2827,2021-05-04 12:30:00,981.85,981.85,981.85,981.85,50,26050,1039.22,973.5,979.2
2828,2021-05-04 12:31:00,974.0,988.3,974.0,988.3,125,26025,1038.67,984.5,992.05
2829,2021-05-04 12:32:00,974.0,988.3,974.0,988.3,125,26025,1038.67,984.5,992.05
2830,2021-05-04 12:33:00,990.25,990.25,990.25,990.25,25,26000,1038.58,990.2,997.45
2831,2021-05-04 12:34:00,987.65,987.65,987.65,987.65,25,26000,1038.48,990.25,996.1
2832,2021-05-04 12:35:00,1006.7,1006.7,1006.7,1006.7,125,26000,1038.15,1004.55,1010.55
2833,2021-05-04 12:36:00,1014.25,1014.25,998.35,998.35,75,26000,1037.97,998.35,1004.65
2834,2021-05-04 12:37:00,1014.25,1014.25,998.35,998.35,75,26000,1037.97,998.35,1004.65
2835,2021-05-04 12:38:00,1014.25,1014.25,998.35,998.35,75,26000,1037.97,998.35,1004.65
2836,2021-05-04 12:39:00,1014.25,1014.25,998.35,998.35,75,26000,1037.97,998.35,1004.65
2837,2021-05-04 12:40:00,1008.8,1008.8,1005.0,1005.0,75,25975,1037.81,1000.05,1006.5
2838,2021-05-04 12:41:00,1000.0,1000.0,994.0,994.0,125,25975,1037.44,989.3,997.2
2839,2021-05-04 12:42:00,994.0,994.0,994.0,994.0,25,25975,1037.37,982.1,990.75
2840,2021-05-04 12:43:00,994.0,994.0,994.0,994.0,25,25975,1037.37,982.1,990.75
2841,2021-05-04 12:44:00,989.95,989.95,989.95,989.95,125,25975,1036.94,985.95,992.0
2842,2021-05-04 12:45:00,979.1,979.1,979.1,979.1,50,26050,1036.74,978.9,988.2
2843,2021-05-04 12:46:00,978.6,978.6,978.6,978.6,475,26050,1034.93,982.05,989.25
2844,2021-05-04 12:47:00,990.35,990.35,990.35,990.35,125,0,1034.55,980.4,985.65
2845,2021-05-04 12:48:00,990.35,990.35,990.35,990.35,125,0,1034.55,980.4,985.65
2846,2021-05-04 12:49:00,980.4,980.4,980.4,980.4,25,25975,1034.46,981.15,987.4
2847,2021-05-04 12:50:00,980.4,980.4,980.4,980.4,25,25975,1034.46,981.15,987.4
2848,2021-05-04 12:51:00,980.4,980.4,980.4,980.4,25,25975,1034.46,981.15,987.4
2849,2021-05-04 12:52:00,997.9,997.9,997.9,997.9,25,25975,1034.4,990.45,996.15
2850,2021-05-04 12:53:00,988.1,988.1,988.1,988.1,100,0,1034.1,990.15,999.1
2851,2021-05-04 12:54:00,988.1,988.1,988.1,988.1,100,0,1034.1,990.15,999.1
2852,2021-05-04 12:55:00,1008.35,1008.35,1008.35,1008.35,50,26075,1034.02,998.75,1004.85
2853,2021-05-04 12:56:00,1008.35,1008.35,1008.35,1008.35,50,26075,1034.02,998.75,1004.85
2854,2021-05-04 12:57:00,1015.7,1015.7,1008.95,1008.95,50,26075,1033.95,1002.35,1008.9
2855,2021-05-04 12:58:00,1015.7,1015.7,1003.0,1003.0,550,26075,1033.18,998.45,1007.85
2856,2021-05-04 12:59:00,998.25,998.25,998.25,998.25,25,26075,1033.12,993.95,1000.05
2857,2021-05-04 13:00:00,1016.0,1017.0,1016.0,1017.0,75,26325,1033.04,1014.8,1019.0
2858,2021-05-04 13:01:00,1019.0,1050.0,1019.0,1049.4,350,26325,1033.2,1045.85,1053.8
2859,2021-05-04 13:02:00,1046.45,1046.45,1035.45,1035.85,450,26325,1033.33,1035.6,1043.6
2860,2021-05-04 13:03:00,1057.95,1057.95,1057.95,1057.95,50,26075,1033.4,1052.35,1059.5
2861,2021-05-04 13:04:00,1064.45,1085.0,1064.45,1085.0,500,26075,1034.45,1086.75,1099.6
2862,2021-05-04 13:05:00,1100.0,1115.5,1075.45,1075.45,325,26075,1035.64,1072.8,1080.95
2863,2021-05-04 13:06:00,1073.85,1073.85,1067.3,1067.3,525,26125,1036.61,1069.5,1078.35
2864,2021-05-04 13:07:00,1070.0,1070.0,1070.0,1070.0,25,26125,1036.66,1060.25,1068.8
2865,2021-05-04 13:08:00,1059.3,1059.3,1059.3,1059.3,25,26125,1036.69,1057.4,1068.1
2866,2021-05-04 13:09:00,1066.65,1066.65,1066.65,1066.65,25,25975,1036.73,1061.2,1069.95
2867,2021-05-04 13:10:00,1066.65,1066.65,1066.65,1066.65,25,25975,1036.73,1061.2,1069.95
2868,2021-05-04 13:11:00,1082.85,1116.05,1082.85,1114.8,450,25975,1038.32,1099.7,1114.3
2869,2021-05-04 13:12:00,1109.55,1109.55,1107.2,1107.2,125,26000,1038.79,1106.2,1114.85
2870,2021-05-04 13:13:00,1112.15,1112.15,1112.15,1112.15,200,26000,1039.59,1116.95,1128.35
2871,2021-05-04 13:14:00,1135.0,1135.0,1135.0,1135.0,25,26000,1039.72,1157.4,1166.45
2872,2021-05-04 13:15:00,1170.0,1207.0,1170.0,1203.15,350,26050,1042.56,1211.4,1221.85
2873,2021-05-04 13:16:00,1204.35,1204.35,1174.65,1174.65,325,26050,1044.83,1159.35,1168.1
2874,2021-05-04 13:17:00,1166.95,1166.95,1166.95,1166.95,25,26050,1044.99,1139.35,1154.6
2875,2021-05-04 13:18:00,1166.95,1166.95,1166.95,1166.95,25,26000,1045.15,1167.0,1178.9
2876,2021-05-04 13:19:00,1182.5,1205.15,1182.1,1182.1,475,26000,1048.74,1174.1,1184.5
2877,2021-05-04 13:20:00,1182.5,1205.15,1182.1,1182.1,475,26000,1048.74,1174.1,1184.5
2878,2021-05-04 13:21:00,1195.6,1195.6,1195.6,1195.6,50,26000,1049.1,1189.1,1202.65
2879,2021-05-04 13:22:00,1195.0,1195.0,1183.5,1183.5,50,26050,1049.45,1172.05,1181.7
2880,2021-05-04 13:23:00,1175.7,1175.7,1175.7,1175.7,25,26050,1049.6,1180.0,1193.3
2881,2021-05-04 13:24:00,1175.7,1175.7,1175.7,1175.7,25,26050,1049.6,1180.0,1193.3
2882,2021-05-04 13:25:00,1171.15,1171.15,1171.15,1171.15,25,26000,1049.75,1165.8,1176.3
2883,2021-05-04 13:26:00,1183.05,1183.05,1183.05,1183.05,25,26000,1049.92,1180.05,1192.3
2884,2021-05-04 13:27:00,1178.1,1178.1,1168.0,1168.0,150,26000,1050.8,1162.8,1175.75
2885,2021-05-04 13:28:00,1163.45,1170.3,1152.5,1152.5,150,26000,1051.61,1149.3,1159.55
2886,2021-05-04 13:29:00,1151.4,1151.4,1116.55,1138.65,450,26000,1053.28,1129.0,1139.55
2887,2021-05-04 13:30:00,1151.4,1151.4,1116.55,1138.65,450,26000,1053.28,1129.0,1139.55
2888,2021-05-04 13:31:00,1156.6,1156.6,1156.6,1156.6,375,25950,1055.08,1151.5,1163.15
2889,2021-05-04 13:32:00,1144.5,1144.5,1144.5,1144.5,25,25950,1055.18,1128.25,1139.65
2890,2021-05-04 13:33:00,1126.75,1126.75,1126.75,1126.75,50,25950,1055.35,1120.2,1127.55
2891,2021-05-04 13:34:00,1126.75,1126.75,1126.75,1126.75,50,25950,1055.35,1120.2,1127.55
2892,2021-05-04 13:35:00,1126.75,1126.75,1126.75,1126.75,50,25950,1055.35,1120.2,1127.55
2893,2021-05-04 13:36:00,1130.0,1130.0,1130.0,1130.0,25,25950,1055.44,1148.05,1157.9
2894,2021-05-04 13:37:00,1157.0,1157.0,1157.0,1157.0,50,25950,1055.67,1163.85,1174.25
2895,2021-05-04 13:38:00,1170.55,1178.85,1170.55,1178.85,75,25950,1056.09,1165.3,1176.55
2896,2021-05-04 13:39:00,1171.85,1171.85,1171.85,1171.85,25,25975,1056.22,1159.65,1168.0
2897,2021-05-04 13:40:00,1171.85,1171.85,1171.85,1171.85,25,25975,1056.22,1159.65,1168.0
2898,2021-05-04 13:41:00,1171.85,1171.85,1171.85,1171.85,25,25975,1056.22,1159.65,1168.0
2899,2021-05-04 13:42:00,1142.55,1142.55,1142.55,1142.55,25,0,1056.32,1131.85,1140.4
2900,2021-05-04 13:43:00,1142.55,1142.55,1142.55,1142.55,25,0,1056.32,1131.85,1140.4
2901,2021-05-04 13:44:00,1142.55,1142.55,1142.55,1142.55,25,0,1056.32,1131.85,1140.4
2902,2021-05-04 13:45:00,1137.35,1137.35,1137.35,1137.35,50,25950,1056.51,1128.9,1137.45
2903,2021-05-04 13:46:00,1137.35,1137.35,1137.35,1137.35,50,25950,1056.51,1128.9,1137.45
2904,2021-05-04 13:47:00,1137.35,1137.35,1137.35,1137.35,50,25950,1056.51,1128.9,1137.45
2905,2021-05-04 13:48:00,1137.35,1137.35,1137.35,1137.35,50,25950,1056.51,1128.9,1137.45
2906,2021-05-04 13:49:00,1137.35,1137.35,1137.35,1137.35,50,25950,1056.51,1128.9,1137.45
2907,2021-05-04 13:50:00,1137.35,1137.35,1137.35,1137.35,50,25950,1056.51,1128.9,1137.45
2908,2021-05-04 13:51:00,1123.9,1123.9,1123.9,1123.9,25,0,1056.59,1115.95,1125.8
2909,2021-05-04 13:52:00,1123.9,1123.9,1123.9,1123.9,25,0,1056.59,1115.95,1125.8
2910,2021-05-04 13:53:00,1101.45,1103.3,1094.95,1094.95,525,25950,1057.64,1089.45,1104.55
2911,2021-05-04 13:54:00,1097.4,1097.4,1078.8,1078.8,175,25950,1057.85,1091.8,1100.5
2912,2021-05-04 13:55:00,1103.95,1110.05,1103.95,1110.05,50,26100,1057.96,1109.15,1117.3
2913,2021-05-04 13:56:00,1103.95,1110.05,1103.95,1110.05,50,26100,1057.96,1109.15,1117.3
2914,2021-05-04 13:57:00,1112.7,1112.7,1112.7,1112.7,25,26100,1058.02,1108.85,1117.6
2915,2021-05-04 13:58:00,1112.7,1112.7,1112.7,1112.7,25,26100,1058.02,1108.85,1117.6
2916,2021-05-04 13:59:00,1112.7,1112.7,1112.7,1112.7,25,26100,1058.02,1108.85,1117.6
2917,2021-05-04 14:00:00,1112.7,1112.7,1112.7,1112.7,25,26100,1058.02,1108.85,1117.6
2918,2021-05-04 14:01:00,1112.7,1112.7,1112.7,1112.7,25,26100,1058.02,1108.85,1117.6
2919,2021-05-04 14:02:00,1112.7,1112.7,1112.7,1112.7,25,26100,1058.02,1108.85,1117.6
2920,2021-05-04 14:03:00,1112.15,1112.15,1112.15,1112.15,50,26100,1058.14,1101.55,1109.8
2921,2021-05-04 14:04:00,1108.55,1108.55,1108.55,1108.55,25,26100,1058.19,1106.55,1116.85
2922,2021-05-04 14:05:00,1145.1,1170.45,1145.1,1170.45,75,26100,1058.52,1161.45,1176.7
2923,2021-05-04 14:06:00,1145.1,1170.45,1145.1,1170.45,75,26100,1058.52,1161.45,1176.7
2924,2021-05-04 14:07:00,1160.7,1160.7,1160.7,1160.7,25,26150,1058.63,1154.25,1167.35
2925,2021-05-04 14:08:00,1160.7,1160.7,1160.7,1160.7,25,26150,1058.63,1154.25,1167.35
2926,2021-05-04 14:09:00,1160.7,1160.7,1160.7,1160.7,25,26150,1058.63,1154.25,1167.35
2927,2021-05-04 14:10:00,1160.7,1160.7,1160.7,1160.7,25,26150,1058.63,1154.25,1167.35
2928,2021-05-04 14:11:00,1160.7,1160.7,1160.7,1160.7,25,26150,1058.63,1154.25,1167.35
2929,2021-05-04 14:12:00,1160.7,1160.7,1160.7,1160.7,25,26150,1058.63,1154.25,1167.35
2930,2021-05-04 14:13:00,1150.25,1150.25,1150.25,1150.25,25,26150,1058.73,1133.0,1142.35
2931,2021-05-04 14:14:00,1146.75,1146.75,1146.75,1146.75,25,26150,1058.83,1141.25,1148.75
2932,2021-05-04 14:15:00,1146.75,1146.75,1146.75,1146.75,25,26150,1058.83,1141.25,1148.75
2933,2021-05-04 14:16:00,1110.05,1110.05,1110.05,1110.05,50,26125,1058.94,1113.4,1122.15
2934,2021-05-04 14:17:00,1110.05,1110.05,1110.05,1110.05,50,26125,1058.94,1113.4,1122.15
2935,2021-05-04 14:18:00,1110.05,1110.05,1110.05,1110.05,50,26125,1058.94,1113.4,1122.15
2936,2021-05-04 14:19:00,1110.05,1110.05,1110.05,1110.05,50,26125,1058.94,1113.4,1122.15
2937,2021-05-04 14:20:00,1110.05,1110.05,1110.05,1110.05,50,26125,1058.94,1113.4,1122.15
2938,2021-05-04 14:21:00,1110.05,1110.05,1110.05,1110.05,50,26125,1058.94,1113.4,1122.15
2939,2021-05-04 14:22:00,1110.05,1110.05,1110.05,1110.05,50,26125,1058.94,1113.4,1122.15
2940,2021-05-04 14:23:00,1121.65,1121.65,1121.65,1121.65,25,26075,1059.01,1117.55,1125.3
2941,2021-05-04 14:24:00,1121.65,1121.65,1121.65,1121.65,25,26075,1059.01,1117.55,1125.3
2942,2021-05-04 14:25:00,1132.1,1132.1,1132.1,1132.1,25,0,1059.09,1124.3,1134.55
2943,2021-05-04 14:26:00,1143.05,1143.05,1143.05,1143.05,250,26075,1059.98,1131.85,1141.25
2944,2021-05-04 14:27:00,1143.05,1143.05,1143.05,1143.05,250,26075,1059.98,1131.85,1141.25
2945,2021-05-04 14:28:00,1143.05,1143.05,1143.05,1143.05,250,26075,1059.98,1131.85,1141.25
2946,2021-05-04 14:29:00,1143.05,1143.05,1143.05,1143.05,250,26075,1059.98,1131.85,1141.25
2947,2021-05-04 14:30:00,1100.75,1108.5,1087.55,1108.5,150,26275,1060.24,1109.85,1118.95
2948,2021-05-04 14:31:00,1182.5,1182.5,1182.5,1182.5,50,26275,1060.5,1185.7,1199.9
2949,2021-05-04 14:32:00,1170.25,1170.25,1170.25,1170.25,25,26275,1060.62,1183.25,1194.45
2950,2021-05-04 14:33:00,1200.0,1217.4,1200.0,1217.4,100,26275,1061.26,1207.1,1221.7
2951,2021-05-04 14:34:00,1208.9,1212.0,1208.9,1212.0,150,26275,1062.22,1220.3,1236.1
2952,2021-05-04 14:35:00,1245.45,1260.0,1245.45,1260.0,225,26275,1063.99,1265.55,1274.3
2953,2021-05-04 14:36:00,1276.45,1276.45,1266.5,1266.5,50,26275,1064.43,1256.05,1272.5
2954,2021-05-04 14:37:00,1266.5,1275.0,1261.55,1275.0,75,26200,1065.06,1277.6,1288.1
2955,2021-05-04 14:38:00,1282.0,1282.95,1282.0,1282.0,350,26200,1068.19,1281.75,1292.4
2956,2021-05-04 14:39:00,1279.3,1279.3,1279.3,1279.3,25,26200,1068.41,1295.35,1307.25
2957,2021-05-04 14:40:00,1292.0,1300.0,1290.2,1300.0,100,26125,1069.34,1308.95,1316.05
2958,2021-05-04 14:41:00,1308.95,1310.0,1308.95,1310.0,50,26125,1069.83,1299.35,1311.15
2959,2021-05-04 14:42:00,1313.25,1313.25,1290.0,1290.0,50,26075,1070.31,1284.35,1294.45
2960,2021-05-04 14:43:00,1313.25,1313.25,1290.0,1290.0,50,26075,1070.31,1284.35,1294.45
2961,2021-05-04 14:44:00,1311.05,1350.0,1311.05,1350.0,50,26075,1070.84,1352.15,1361.35
2962,2021-05-04 14:45:00,1363.85,1364.0,1363.85,1363.85,150,26075,1072.62,1329.15,1342.8
2963,2021-05-04 14:46:00,1363.85,1364.0,1363.85,1363.85,150,26075,1072.62,1329.15,1342.8
2964,2021-05-04 14:47:00,1363.85,1364.0,1363.85,1363.85,150,26075,1072.62,1329.15,1342.8
2965,2021-05-04 14:48:00,1328.65,1338.65,1328.65,1338.65,100,26100,1073.69,1314.6,1328.75
2966,2021-05-04 14:49:00,1308.4,1308.4,1308.4,1308.4,25,26075,1073.92,1298.5,1311.65
2967,2021-05-04 14:50:00,1308.4,1308.4,1308.4,1308.4,25,26075,1073.92,1298.5,1311.65
2968,2021-05-04 14:51:00,1321.2,1321.2,1321.2,1321.2,50,26075,1074.42,1328.3,1338.0
2969,2021-05-04 14:52:00,1337.65,1337.65,1337.65,1337.65,25,26050,1074.69,1319.2,1332.05
2970,2021-05-04 14:53:00,1337.65,1337.65,1337.65,1337.65,25,26050,1074.69,1319.2,1332.05
2971,2021-05-04 14:54:00,1359.55,1364.95,1359.55,1364.95,75,26050,1075.56,1351.45,1365.25
2972,2021-05-04 14:55:00,1366.4,1369.95,1364.95,1364.95,75,26025,1076.43,1339.0,1352.5
2973,2021-05-04 14:56:00,1345.8,1345.8,1345.8,1345.8,25,26025,1076.7,1341.05,1347.35
2974,2021-05-04 14:57:00,1354.6,1354.6,1354.6,1354.6,75,26025,1077.53,1346.35,1358.65
2975,2021-05-04 14:58:00,1346.65,1346.65,1346.65,1346.65,50,0,1078.06,1380.25,1395.5
2976,2021-05-04 14:59:00,1382.3,1382.3,1377.95,1377.95,100,26025,1079.25,1374.5,1385.45
2977,2021-05-04 15:00:00,1382.3,1382.3,1377.95,1377.95,100,26025,1079.25,1374.5,1385.45
2978,2021-05-04 15:01:00,1383.7,1383.7,1383.7,1383.7,50,26050,1079.83,1369.8,1381.8
2979,2021-05-04 15:02:00,1385.1,1396.5,1385.1,1396.5,50,26050,1080.44,1367.25,1380.95
2980,2021-05-04 15:03:00,1354.5,1354.5,1354.5,1354.5,100,26050,1081.52,1362.3,1373.4
2981,2021-05-04 15:04:00,1349.25,1349.25,1349.25,1349.25,575,26000,1087.24,1341.6,1355.65
2982,2021-05-04 15:05:00,1349.25,1349.25,1349.25,1349.25,575,26000,1087.24,1341.6,1355.65
2983,2021-05-04 15:06:00,1344.05,1344.05,1344.05,1344.05,25,0,1087.49,1352.1,1365.05
2984,2021-05-04 15:07:00,1344.05,1344.05,1344.05,1344.05,25,0,1087.49,1352.1,1365.05
2985,2021-05-04 15:08:00,1353.75,1353.75,1353.75,1353.75,25,25950,1087.74,1348.15,1358.8
2986,2021-05-04 15:09:00,1354.25,1354.25,1354.25,1354.25,25,25950,1088.0,1348.3,1353.75
2987,2021-05-04 15:10:00,1353.75,1353.75,1324.0,1324.0,50,25975,1088.48,1332.3,1350.0
2988,2021-05-04 15:11:00,1337.45,1337.45,1337.45,1337.45,25,25975,1088.71,1329.9,1345.45
2989,2021-05-04 15:12:00,1328.25,1328.25,1320.0,1320.0,50,25975,1089.16,1311.25,1323.35
2990,2021-05-04 15:13:00,1328.25,1328.25,1320.0,1320.0,50,25975,1089.16,1311.25,1323.35
2991,2021-05-04 15:14:00,1304.8,1304.8,1304.8,1304.8,50,25950,1089.57,1307.2,1315.45
2992,2021-05-04 15:15:00,1320.0,1320.0,1320.0,1320.0,25,25950,1089.79,1321.4,1330.4
2993,2021-05-04 15:16:00,1320.0,1320.0,1320.0,1320.0,25,25950,1089.79,1321.4,1330.4
2994,2021-05-04 15:17:00,1350.0,1350.0,1350.0,1350.0,25,25925,1090.04,1343.35,1352.25
2995,2021-05-04 15:18:00,1350.0,1350.0,1350.0,1350.0,25,25925,1090.04,1343.35,1352.25
2996,2021-05-04 15:19:00,1350.0,1350.0,1350.0,1350.0,25,25925,1090.04,1343.35,1352.25
2997,2021-05-04 15:20:00,1350.0,1350.0,1350.0,1350.0,25,25925,1090.04,1343.35,1352.25
2998,2021-05-04 15:21:00,1350.0,1350.0,1350.0,1350.0,25,25925,1090.04,1343.35,1352.25
2999,2021-05-04 15:22:00,1350.0,1350.0,1350.0,1350.0,25,25925,1090.04,1343.35,1352.25
3000,2021-05-04 15:23:00,1350.0,1350.0,1350.0,1350.0,25,25925,1090.04,1343.35,1352.25
3001,2021-05-04 15:24:00,1350.0,1350.0,1350.0,1350.0,25,25925,1090.04,1343.35,1352.25
3002,2021-05-04 15:25:00,1332.75,1332.75,1332.75,1332.75,25,25900,1090.27,1327.3,1335.15
3003,2021-05-04 15:26:00,1328.0,1328.0,1328.0,1328.0,25,25900,1090.49,1328.6,1336.55
3004,2021-05-04 15:27:00,1325.55,1329.45,1325.55,1329.45,100,25900,1091.39,1325.7,1334.85
3005,2021-05-04 15:28:00,1325.55,1329.45,1325.55,1329.45,100,25900,1091.39,1325.7,1334.85
3006,2021-05-04 15:29:00,1325.55,1329.45,1325.55,1329.45,100,25900,1091.39,1325.7,1334.85
3007,2021-05-04 15:30:00,1331.1,1331.1,1331.1,1331.1,25,25900,1091.61,1322.0,1341.9
3008,2021-05-05 09:15:00,1331.1,1331.1,1331.1,1331.1,25,25900,1091.61,1322.0,1341.9
3009,2021-05-05 09:16:00,1196.9,1214.2,1188.55,1213.65,175,25900,1205.07,1200.25,1235.9
3010,2021-05-05 09:17:00,1237.3,1263.7,1237.3,1237.3,325,25850,1226.74,1223.0,1242.45
3011,2021-05-05 09:18:00,1239.95,1239.95,1220.85,1223.55,375,25850,1227.95,1216.05,1229.3
3012,2021-05-05 09:19:00,1223.5,1231.8,1215.8,1220.15,400,25850,1226.9,1211.95,1227.15
3013,2021-05-05 09:20:00,1212.0,1218.6,1200.0,1218.6,175,25850,1224.45,1236.95,1248.8
3014,2021-05-05 09:21:00,1212.0,1218.6,1200.0,1218.6,175,25850,1224.45,1236.95,1248.8
3015,2021-05-05 09:22:00,1212.0,1218.6,1200.0,1218.6,175,25850,1224.45,1236.95,1248.8
3016,2021-05-05 09:23:00,1255.1,1255.3,1251.8,1255.3,100,25850,1226.38,1252.2,1263.65
3017,2021-05-05 09:24:00,1260.4,1262.85,1260.4,1262.85,50,25850,1227.48,1276.45,1288.65
3018,2021-05-05 09:25:00,1260.4,1262.85,1260.4,1262.85,50,25850,1227.48,1276.45,1288.65
3019,2021-05-05 09:26:00,1260.4,1262.85,1260.4,1262.85,50,25850,1227.48,1276.45,1288.65
3020,2021-05-05 09:27:00,1260.4,1262.85,1260.4,1262.85,50,25850,1227.48,1276.45,1288.65
3021,2021-05-05 09:28:00,1260.4,1262.85,1260.4,1262.85,50,25850,1227.48,1276.45,1288.65
3022,2021-05-05 09:29:00,1260.4,1262.85,1260.4,1262.85,50,25850,1227.48,1276.45,1288.65
3023,2021-05-05 09:30:00,1256.95,1256.95,1256.95,1256.95,75,0,1228.8,1252.15,1269.9
3024,2021-05-05 09:31:00,1256.95,1256.95,1256.95,1256.95,75,0,1228.8,1252.15,1269.9
3025,2021-05-05 09:32:00,1256.95,1256.95,1256.95,1256.95,75,0,1228.8,1252.15,1269.9
3026,2021-05-05 09:33:00,1256.95,1256.95,1256.95,1256.95,75,0,1228.8,1252.15,1269.9
3027,2021-05-05 09:34:00,1256.95,1256.95,1256.95,1256.95,75,0,1228.8,1252.15,1269.9
3028,2021-05-05 09:35:00,1256.95,1256.95,1256.95,1256.95,75,0,1228.8,1252.15,1269.9
3029,2021-05-05 09:36:00,1256.95,1256.95,1256.95,1256.95,75,0,1228.8,1252.15,1269.9
3030,2021-05-05 09:37:00,1256.95,1256.95,1256.95,1256.95,75,0,1228.8,1252.15,1269.9
3031,2021-05-05 09:38:00,1256.95,1256.95,1256.95,1256.95,75,0,1228.8,1252.15,1269.9
3032,2021-05-05 09:39:00,1256.95,1256.95,1256.95,1256.95,75,0,1228.8,1252.15,1269.9
3033,2021-05-05 09:40:00,1256.95,1256.95,1256.95,1256.95,75,0,1228.8,1252.15,1269.9
3034,2021-05-05 09:41:00,1256.95,1256.95,1256.95,1256.95,75,0,1228.8,1252.15,1269.9
3035,2021-05-05 09:42:00,1256.95,1256.95,1256.95,1256.95,75,0,1228.8,1252.15,1269.9
3036,2021-05-05 09:43:00,1256.95,1256.95,1256.95,1256.95,75,0,1228.8,1252.15,1269.9
3037,2021-05-05 09:44:00,1256.95,1256.95,1256.95,1256.95,75,0,1228.8,1252.15,1269.9
3038,2021-05-05 09:45:00,1256.95,1256.95,1256.95,1256.95,75,0,1228.8,1252.15,1269.9
3039,2021-05-05 09:46:00,1256.95,1256.95,1256.95,1256.95,75,0,1228.8,1252.15,1269.9
3040,2021-05-05 09:47:00,1256.95,1256.95,1256.95,1256.95,75,0,1228.8,1252.15,1269.9
3041,2021-05-05 09:48:00,1299.25,1299.25,1299.25,1299.25,25,0,1229.84,1293.85,1305.4
3042,2021-05-05 09:49:00,1293.85,1293.85,1293.85,1293.85,25,25800,1230.76,1293.65,1305.15
3043,2021-05-05 09:50:00,1293.85,1293.85,1293.85,1293.85,25,25800,1230.76,1293.65,1305.15
3044,2021-05-05 09:51:00,1293.85,1293.85,1293.85,1293.85,25,25800,1230.76,1293.65,1305.15
3045,2021-05-05 09:52:00,1293.85,1293.85,1293.85,1293.85,25,25800,1230.76,1293.65,1305.15
3046,2021-05-05 09:53:00,1293.85,1293.85,1293.85,1293.85,25,25800,1230.76,1293.65,1305.15
3047,2021-05-05 09:54:00,1293.85,1293.85,1293.85,1293.85,25,25800,1230.76,1293.65,1305.15
3048,2021-05-05 09:55:00,1293.85,1293.85,1293.85,1293.85,25,25800,1230.76,1293.65,1305.15
3049,2021-05-05 09:56:00,1293.85,1293.85,1293.85,1293.85,25,25800,1230.76,1293.65,1305.15
3050,2021-05-05 09:57:00,1293.85,1293.85,1293.85,1293.85,25,25800,1230.76,1293.65,1305.15
3051,2021-05-05 09:58:00,1293.85,1293.85,1293.85,1293.85,25,25800,1230.76,1293.65,1305.15
3052,2021-05-05 09:59:00,1293.85,1293.85,1293.85,1293.85,25,25800,1230.76,1293.65,1305.15
3053,2021-05-05 10:00:00,1293.85,1293.85,1293.85,1293.85,25,25800,1230.76,1293.65,1305.15
3054,2021-05-05 10:01:00,1293.85,1293.85,1293.85,1293.85,25,25800,1230.76,1293.65,1305.15
3055,2021-05-05 10:02:00,1293.85,1293.85,1293.85,1293.85,25,25800,1230.76,1293.65,1305.15
3056,2021-05-05 10:03:00,1197.2,1197.2,1197.2,1197.2,25,25775,1230.29,1192.3,1208.6
3057,2021-05-05 10:04:00,1214.25,1403.95,1214.25,1403.95,275,25775,1248.79,1389.85,1465.6
3058,2021-05-05 10:05:00,1375.1,1375.1,1375.1,1375.1,25,25775,1250.33,1275.15,1330.0
3059,2021-05-05 10:06:00,1375.1,1375.1,1375.1,1375.1,25,25775,1250.33,1275.15,1330.0
3060,2021-05-05 10:07:00,1320.0,1320.0,1320.0,1320.0,100,25750,1253.52,1292.45,1317.85
3061,2021-05-05 10:08:00,1310.95,1310.95,1310.95,1310.95,25,0,1254.18,1302.25,1313.95
3062,2021-05-05 10:09:00,1310.95,1310.95,1310.95,1310.95,25,0,1254.18,1302.25,1313.95
3063,2021-05-05 10:10:00,1310.95,1310.95,1310.95,1310.95,25,0,1254.18,1302.25,1313.95
3064,2021-05-05 10:11:00,1310.95,1310.95,1310.95,1310.95,25,0,1254.18,1302.25,1313.95
3065,2021-05-05 10:12:00,1228.2,1228.2,1186.65,1228.2,375,0,1252.45,1231.05,1245.95
3066,2021-05-05 10:13:00,1238.05,1238.05,1238.05,1238.05,25,25725,1252.31,1237.05,1249.95
3067,2021-05-05 10:14:00,1251.65,1251.65,1251.65,1251.65,75,25775,1252.26,1250.3,1259.95
3068,2021-05-05 10:15:00,1251.05,1258.35,1250.95,1258.35,275,25775,1252.45,1256.1,1265.85
3069,2021-05-05 10:16:00,1263.3,1263.35,1250.15,1250.15,175,25775,1252.8,1244.5,1251.1
3070,2021-05-05 10:17:00,1250.45,1250.45,1222.4,1242.4,250,25700,1251.59,1244.6,1254.0
3071,2021-05-05 10:18:00,1294.85,1303.85,1294.85,1301.8,75,25700,1252.65,1257.75,1276.95
3072,2021-05-05 10:19:00,1294.85,1303.85,1294.85,1301.8,75,25700,1252.65,1257.75,1276.95
3073,2021-05-05 10:20:00,1245.85,1245.85,1245.85,1245.85,25,25700,1252.6,1257.0,1268.15
3074,2021-05-05 10:21:00,1245.85,1245.85,1245.85,1245.85,25,25700,1252.6,1257.0,1268.15
3075,2021-05-05 10:22:00,1245.85,1245.85,1245.85,1245.85,25,25700,1252.6,1257.0,1268.15
3076,2021-05-05 10:23:00,1235.55,1235.55,1235.55,1235.55,25,25725,1252.48,1231.55,1243.75
3077,2021-05-05 10:24:00,1235.55,1235.55,1235.55,1235.55,25,25725,1252.48,1231.55,1243.75
3078,2021-05-05 10:25:00,1235.55,1235.55,1235.55,1235.55,25,25725,1252.48,1231.55,1243.75
3079,2021-05-05 10:26:00,1235.55,1235.55,1235.55,1235.55,25,25725,1252.48,1231.55,1243.75
3080,2021-05-05 10:27:00,1235.55,1235.55,1235.55,1235.55,25,25725,1252.48,1231.55,1243.75
3081,2021-05-05 10:28:00,1250.1,1250.1,1250.1,1250.1,25,0,1252.46,1210.3,1222.0
3082,2021-05-05 10:29:00,1222.15,1222.15,1222.15,1222.15,25,25725,1252.25,1207.7,1216.55
3083,2021-05-05 10:30:00,1200.0,1200.0,1174.1,1174.1,100,25700,1250.48,1173.65,1186.5
3084,2021-05-05 10:31:00,1152.25,1152.25,1152.25,1152.25,25,25700,1249.8,1174.05,1183.95
3085,2021-05-05 10:32:00,1176.65,1176.65,1154.65,1160.25,75,25650,1248.07,1161.25,1174.95
3086,2021-05-05 10:33:00,1184.4,1184.4,1169.45,1169.45,125,25650,1245.77,1165.15,1177.55
3087,2021-05-05 10:34:00,1184.4,1184.4,1169.45,1169.45,125,25650,1245.77,1165.15,1177.55
3088,2021-05-05 10:35:00,1158.65,1158.65,1145.45,1145.45,75,25650,1243.94,1167.4,1181.9
3089,2021-05-05 10:36:00,1158.65,1158.65,1145.45,1145.45,75,25650,1243.94,1167.4,1181.9
3090,2021-05-05 10:37:00,1158.65,1158.65,1145.45,1145.45,75,25650,1243.94,1167.4,1181.9
3091,2021-05-05 10:38:00,1158.65,1158.65,1145.45,1145.45,75,25650,1243.94,1167.4,1181.9
3092,2021-05-05 10:39:00,1158.65,1158.65,1145.45,1145.45,75,25650,1243.94,1167.4,1181.9
3093,2021-05-05 10:40:00,1158.65,1158.65,1145.45,1145.45,75,25650,1243.94,1167.4,1181.9
3094,2021-05-05 10:41:00,1158.65,1158.65,1145.45,1145.45,75,25650,1243.94,1167.4,1181.9
3095,2021-05-05 10:42:00,1158.65,1158.65,1145.45,1145.45,75,25650,1243.94,1167.4,1181.9
3096,2021-05-05 10:43:00,1158.65,1158.65,1145.45,1145.45,75,25650,1243.94,1167.4,1181.9
3097,2021-05-05 10:44:00,1158.65,1158.65,1145.45,1145.45,75,25650,1243.94,1167.4,1181.9
3098,2021-05-05 10:45:00,1114.15,1114.15,1114.15,1114.15,75,25650,1241.95,1105.25,1121.8
3099,2021-05-05 10:46:00,1100.0,1100.0,1100.0,1100.0,125,25650,1237.76,1097.7,1111.8
3100,2021-05-05 10:47:00,1100.0,1100.0,1100.0,1100.0,125,25650,1237.76,1097.7,1111.8
3101,2021-05-05 10:48:00,1100.0,1100.0,1100.0,1100.0,125,0,1233.71,1107.05,1119.05
3102,2021-05-05 10:49:00,1100.0,1100.0,1100.0,1100.0,125,0,1233.71,1107.05,1119.05
3103,2021-05-05 10:50:00,1092.1,1092.1,1092.1,1092.1,25,25550,1232.88,1112.15,1126.9
3104,2021-05-05 10:51:00,1118.5,1118.5,1118.5,1118.5,25,0,1232.21,1116.15,1126.6
3105,2021-05-05 10:52:00,1120.0,1120.0,1120.0,1120.0,25,25550,1231.56,1119.85,1126.2
3106,2021-05-05 10:53:00,1120.0,1120.0,1120.0,1120.0,25,25550,1231.56,1119.85,1126.2
3107,2021-05-05 10:54:00,1124.05,1124.05,1124.05,1124.05,25,25550,1230.95,1117.85,1125.35
3108,2021-05-05 10:55:00,1133.6,1133.6,1133.6,1133.6,75,25550,1229.28,1125.25,1134.55
3109,2021-05-05 10:56:00,1142.85,1142.85,1142.85,1142.85,75,25550,1227.82,1132.4,1140.75
3110,2021-05-05 10:57:00,1142.85,1142.85,1142.85,1142.85,75,25550,1227.82,1132.4,1140.75
3111,2021-05-05 10:58:00,1142.85,1142.85,1142.85,1142.85,75,25550,1227.82,1132.4,1140.75
3112,2021-05-05 10:59:00,1124.25,1124.25,1119.7,1119.7,125,25525,1224.98,1123.4,1131.55
3113,2021-05-05 11:00:00,1111.55,1111.55,1103.9,1103.9,50,25550,1223.73,1107.35,1116.4
3114,2021-05-05 11:01:00,1111.55,1111.55,1103.9,1103.9,50,25550,1223.73,1107.35,1116.4
3115,2021-05-05 11:02:00,1111.55,1111.55,1103.9,1103.9,50,25550,1223.73,1107.35,1116.4
3116,2021-05-05 11:03:00,1124.75,1124.75,1124.75,1124.75,25,25525,1223.2,1114.6,1121.45
3117,2021-05-05 11:04:00,1115.8,1115.8,1115.8,1115.8,75,25525,1221.51,1118.85,1127.9
3118,2021-05-05 11:05:00,1115.8,1115.8,1115.8,1115.8,75,25525,1221.51,1118.85,1127.9
3119,2021-05-05 11:06:00,1127.5,1131.85,1127.5,1131.85,50,25525,1220.56,1128.55,1136.4
3120,2021-05-05 11:07:00,1127.5,1131.85,1127.5,1131.85,50,25525,1220.56,1128.55,1136.4
3121,2021-05-05 11:08:00,1127.5,1131.85,1127.5,1131.85,50,25525,1220.56,1128.55,1136.4
3122,2021-05-05 11:09:00,1127.5,1131.85,1127.5,1131.85,50,25525,1220.56,1128.55,1136.4
3123,2021-05-05 11:10:00,1150.0,1160.55,1150.0,1160.55,50,25525,1219.89,1158.05,1170.8
3124,2021-05-05 11:11:00,1170.8,1170.8,1170.8,1170.8,25,25525,1219.64,1179.8,1190.5
3125,2021-05-05 11:12:00,1165.45,1165.45,1165.45,1165.45,25,25525,1219.37,1163.3,1172.3
3126,2021-05-05 11:13:00,1159.95,1159.95,1159.95,1159.95,25,25525,1219.07,1154.6,1163.6
3127,2021-05-05 11:14:00,1159.95,1159.95,1159.95,1159.95,25,25525,1219.07,1154.6,1163.6
3128,2021-05-05 11:15:00,1177.7,1177.7,1177.7,1177.7,25,25525,1218.86,1179.25,1185.05
3129,2021-05-05 11:16:00,1200.0,1200.0,1200.0,1200.0,100,25525,1218.49,1198.1,1205.25
3130,2021-05-05 11:17:00,1190.15,1190.15,1190.15,1190.15,25,25525,1218.35,1197.2,1205.75
3131,2021-05-05 11:18:00,1190.15,1190.15,1190.15,1190.15,25,25525,1218.35,1197.2,1205.75
3132,2021-05-05 11:19:00,1190.15,1190.15,1190.15,1190.15,25,25525,1218.35,1197.2,1205.75
3133,2021-05-05 11:20:00,1190.15,1190.15,1190.15,1190.15,25,25525,1218.35,1197.2,1205.75
3134,2021-05-05 11:21:00,1190.15,1190.15,1190.15,1190.15,25,25525,1218.35,1197.2,1205.75
3135,2021-05-05 11:22:00,1190.15,1190.15,1190.15,1190.15,25,25525,1218.35,1197.2,1205.75
3136,2021-05-05 11:23:00,1190.15,1190.15,1190.15,1190.15,25,25525,1218.35,1197.2,1205.75
3137,2021-05-05 11:24:00,1194.35,1194.35,1194.35,1194.35,25,25650,1218.23,1214.25,1227.45
3138,2021-05-05 11:25:00,1194.35,1194.35,1194.35,1194.35,25,25650,1218.23,1214.25,1227.45
3139,2021-05-05 11:26:00,1194.35,1194.35,1194.35,1194.35,25,25650,1218.23,1214.25,1227.45
3140,2021-05-05 11:27:00,1194.35,1194.35,1194.35,1194.35,25,25650,1218.23,1214.25,1227.45
3141,2021-05-05 11:28:00,1194.35,1194.35,1194.35,1194.35,25,25650,1218.23,1214.25,1227.45
3142,2021-05-05 11:29:00,1194.35,1194.35,1194.35,1194.35,25,25650,1218.23,1214.25,1227.45
3143,2021-05-05 11:30:00,1194.35,1194.35,1194.35,1194.35,25,25650,1218.23,1214.25,1227.45
3144,2021-05-05 11:31:00,1194.35,1194.35,1194.35,1194.35,25,25650,1218.23,1214.25,1227.45
3145,2021-05-05 11:32:00,1194.35,1194.35,1194.35,1194.35,25,25650,1218.23,1214.25,1227.45
3146,2021-05-05 11:33:00,1194.35,1194.35,1194.35,1194.35,25,25650,1218.23,1214.25,1227.45
3147,2021-05-05 11:34:00,1194.35,1194.35,1194.35,1194.35,25,25650,1218.23,1214.25,1227.45
3148,2021-05-05 11:35:00,1194.35,1194.35,1194.35,1194.35,25,25650,1218.23,1214.25,1227.45
3149,2021-05-05 11:36:00,1194.35,1194.35,1194.35,1194.35,25,25650,1218.11,1188.05,1197.2
3150,2021-05-05 11:37:00,1194.35,1194.35,1194.35,1194.35,25,25650,1218.11,1188.05,1197.2
3151,2021-05-05 11:38:00,1194.35,1194.35,1194.35,1194.35,25,25650,1218.11,1188.05,1197.2
3152,2021-05-05 11:39:00,1194.35,1194.35,1194.35,1194.35,25,25650,1218.11,1188.05,1197.2
3153,2021-05-05 11:40:00,1194.35,1194.35,1194.35,1194.35,25,25650,1218.11,1188.05,1197.2
3154,2021-05-05 11:41:00,1194.35,1194.35,1194.35,1194.35,25,25650,1218.11,1188.05,1197.2
3155,2021-05-05 11:42:00,1194.35,1194.35,1194.35,1194.35,25,25650,1218.11,1188.05,1197.2
3156,2021-05-05 11:43:00,1194.35,1194.35,1194.35,1194.35,25,25650,1218.11,1188.05,1197.2
3157,2021-05-05 11:44:00,1194.35,1194.35,1194.35,1194.35,25,25650,1218.11,1188.05,1197.2
3158,2021-05-05 11:45:00,1194.35,1194.35,1194.35,1194.35,25,25650,1218.11,1188.05,1197.2
3159,2021-05-05 11:46:00,1194.35,1194.35,1194.35,1194.35,25,25650,1218.11,1188.05,1197.2
3160,2021-05-05 11:47:00,1194.35,1194.35,1194.35,1194.35,25,25650,1218.11,1188.05,1197.2
3161,2021-05-05 11:48:00,1194.35,1194.35,1194.35,1194.35,25,25650,1218.11,1188.05,1197.2
3162,2021-05-05 11:49:00,1194.35,1194.35,1194.35,1194.35,25,25650,1218.11,1188.05,1197.2
3163,2021-05-05 11:50:00,1194.35,1194.35,1194.35,1194.35,25,25650,1218.11,1188.05,1197.2
3164,2021-05-05 11:51:00,1194.35,1194.35,1194.35,1194.35,25,25650,1218.11,1188.05,1197.2
3165,2021-05-05 11:52:00,1194.35,1194.35,1194.35,1194.35,25,25650,1218.11,1188.05,1197.2
3166,2021-05-05 11:53:00,1194.35,1194.35,1194.35,1194.35,25,25650,1218.11,1188.05,1197.2
3167,2021-05-05 11:54:00,1194.35,1194.35,1194.35,1194.35,25,25650,1218.11,1188.05,1197.2
3168,2021-05-05 11:55:00,1194.35,1194.35,1194.35,1194.35,25,25650,1218.11,1188.05,1197.2
3169,2021-05-05 11:56:00,1194.35,1194.35,1194.35,1194.35,25,25650,1218.11,1188.05,1197.2
3170,2021-05-05 11:57:00,1194.35,1194.35,1194.35,1194.35,25,25650,1218.11,1188.05,1197.2
3171,2021-05-05 11:58:00,1194.35,1194.35,1194.35,1194.35,25,25650,1218.11,1188.05,1197.2
3172,2021-05-05 11:59:00,1194.35,1194.35,1194.35,1194.35,25,25650,1218.11,1188.05,1197.2
3173,2021-05-05 12:00:00,1194.35,1194.35,1194.35,1194.35,25,25650,1218.11,1188.05,1197.2
3174,2021-05-05 12:01:00,1194.35,1194.35,1194.35,1194.35,25,25650,1218.11,1188.05,1197.2
3175,2021-05-05 12:02:00,1194.35,1194.35,1194.35,1194.35,25,25650,1218.11,1188.05,1197.2
3176,2021-05-05 12:03:00,1194.35,1194.35,1194.35,1194.35,25,25650,1218.11,1188.05,1197.2
3177,2021-05-05 12:04:00,1194.35,1194.35,1194.35,1194.35,25,25650,1218.11,1188.05,1197.2
3178,2021-05-05 12:05:00,1194.35,1194.35,1194.35,1194.35,25,25650,1218.11,1188.05,1197.2
3179,2021-05-05 12:06:00,1194.35,1194.35,1194.35,1194.35,25,25650,1218.11,1188.05,1197.2
3180,2021-05-05 12:07:00,1149.85,1149.85,1149.85,1149.85,25,0,1217.79,1147.35,1155.5
3181,2021-05-05 12:08:00,1149.85,1149.85,1149.85,1149.85,25,0,1217.79,1147.35,1155.5
3182,2021-05-05 12:09:00,1149.85,1149.85,1149.85,1149.85,25,0,1217.79,1147.35,1155.5
3183,2021-05-05 12:10:00,1149.85,1149.85,1149.85,1149.85,25,0,1217.79,1147.35,1155.5
3184,2021-05-05 12:11:00,1149.85,1149.85,1149.85,1149.85,25,0,1217.79,1147.35,1155.5
3185,2021-05-05 12:12:00,1149.85,1149.85,1149.85,1149.85,25,0,1217.79,1147.35,1155.5
3186,2021-05-05 12:13:00,1149.85,1149.85,1149.85,1149.85,25,0,1217.79,1147.35,1155.5
3187,2021-05-05 12:14:00,1149.85,1149.85,1149.85,1149.85,25,0,1217.79,1147.35,1155.5
3188,2021-05-05 12:15:00,1149.85,1149.85,1149.85,1149.85,25,0,1217.79,1147.35,1155.5
3189,2021-05-05 12:16:00,1149.85,1149.85,1149.85,1149.85,25,0,1217.79,1147.35,1155.5
3190,2021-05-05 12:17:00,1149.85,1149.85,1149.85,1149.85,25,0,1217.79,1147.35,1155.5
3191,2021-05-05 12:18:00,1149.85,1149.85,1149.85,1149.85,25,0,1217.79,1147.35,1155.5
3192,2021-05-05 12:19:00,1149.85,1149.85,1149.85,1149.85,25,0,1217.79,1147.35,1155.5
3193,2021-05-05 12:20:00,1149.85,1149.85,1149.85,1149.85,25,0,1217.79,1147.35,1155.5
3194,2021-05-05 12:21:00,1149.85,1149.85,1149.85,1149.85,25,0,1217.79,1147.35,1155.5
3195,2021-05-05 12:22:00,1149.85,1149.85,1149.85,1149.85,25,0,1217.79,1147.35,1155.5
3196,2021-05-05 12:23:00,1149.85,1149.85,1149.85,1149.85,25,0,1217.79,1147.35,1155.5
3197,2021-05-05 12:24:00,1149.85,1149.85,1149.85,1149.85,25,0,1217.79,1147.35,1155.5
3198,2021-05-05 12:25:00,1149.85,1149.85,1149.85,1149.85,25,0,1217.79,1147.35,1155.5
3199,2021-05-05 12:26:00,1180.85,1180.85,1180.85,1180.85,25,25650,1217.61,1174.95,1184.6
3200,2021-05-05 12:27:00,1180.85,1180.85,1180.85,1180.85,25,25650,1217.61,1174.95,1184.6
3201,2021-05-05 12:28:00,1180.85,1180.85,1180.85,1180.85,25,25650,1217.61,1174.95,1184.6
3202,2021-05-05 12:29:00,1180.85,1180.85,1180.85,1180.85,25,25650,1217.61,1174.95,1184.6
3203,2021-05-05 12:30:00,1180.85,1180.85,1180.85,1180.85,25,25650,1217.61,1174.95,1184.6
3204,2021-05-05 12:31:00,1180.85,1180.85,1180.85,1180.85,25,25650,1217.61,1174.95,1184.6
3205,2021-05-05 12:32:00,1180.85,1180.85,1180.85,1180.85,25,25650,1217.61,1174.95,1184.6
3206,2021-05-05 12:33:00,1180.85,1180.85,1180.85,1180.85,25,25650,1217.61,1174.95,1184.6
3207,2021-05-05 12:34:00,1180.85,1180.85,1180.85,1180.85,25,25650,1217.61,1174.95,1184.6
3208,2021-05-05 12:35:00,1180.85,1180.85,1180.85,1180.85,25,25650,1217.61,1174.95,1184.6
3209,2021-05-05 12:36:00,1180.85,1180.85,1180.85,1180.85,25,25650,1217.61,1174.95,1184.6
3210,2021-05-05 12:37:00,1180.85,1180.85,1180.85,1180.85,25,25650,1217.61,1174.95,1184.6
3211,2021-05-05 12:38:00,1180.85,1180.85,1180.85,1180.85,25,25650,1217.61,1174.95,1184.6
3212,2021-05-05 12:39:00,1180.85,1180.85,1180.85,1180.85,25,25650,1217.61,1174.95,1184.6
3213,2021-05-05 12:40:00,1180.85,1180.85,1180.85,1180.85,25,25650,1217.61,1174.95,1184.6
3214,2021-05-05 12:41:00,1180.85,1180.85,1180.85,1180.85,25,25650,1217.61,1174.95,1184.6
3215,2021-05-05 12:42:00,1180.85,1180.85,1180.85,1180.85,25,25650,1217.61,1174.95,1184.6
3216,2021-05-05 12:43:00,1180.85,1180.85,1180.85,1180.85,25,25650,1217.61,1174.95,1184.6
3217,2021-05-05 12:44:00,1180.85,1180.85,1180.85,1180.85,25,25650,1217.61,1174.95,1184.6
3218,2021-05-05 12:45:00,1180.85,1180.85,1180.85,1180.85,25,25650,1217.61,1174.95,1184.6
3219,2021-05-05 12:46:00,1180.85,1180.85,1180.85,1180.85,25,25650,1217.61,1174.95,1184.6
3220,2021-05-05 12:47:00,1180.85,1180.85,1180.85,1180.85,25,25650,1217.61,1174.95,1184.6
3221,2021-05-05 12:48:00,1180.85,1180.85,1180.85,1180.85,25,25650,1217.61,1174.95,1184.6
3222,2021-05-05 12:49:00,1180.85,1180.85,1180.85,1180.85,25,25650,1217.61,1174.95,1184.6
3223,2021-05-05 12:50:00,1180.85,1180.85,1180.85,1180.85,25,25650,1217.61,1174.95,1184.6
3224,2021-05-05 12:51:00,1180.85,1180.85,1180.85,1180.85,25,25650,1217.61,1174.95,1184.6
3225,2021-05-05 12:52:00,1180.85,1180.85,1180.85,1180.85,25,25650,1217.61,1174.95,1184.6
3226,2021-05-05 12:53:00,1157.9,1157.9,1157.9,1157.9,25,25650,1217.32,1148.85,1171.1
3227,2021-05-05 12:54:00,1118.45,1118.45,1076.0,1076.1,150,25625,1213.69,1078.15,1091.35
3228,2021-05-05 12:55:00,1073.0,1073.0,1073.0,1073.0,100,25625,1211.12,1075.2,1088.65
3229,2021-05-05 12:56:00,1073.0,1073.0,1073.0,1073.0,100,25625,1211.12,1075.2,1088.65
3230,2021-05-05 12:57:00,1073.0,1073.0,1073.0,1073.0,100,25625,1211.12,1075.2,1088.65
3231,2021-05-05 12:58:00,1073.0,1073.0,1073.0,1073.0,100,25625,1211.12,1075.2,1088.65
3232,2021-05-05 12:59:00,1073.0,1073.0,1073.0,1073.0,100,25625,1211.12,1075.2,1088.65
3233,2021-05-05 13:00:00,1070.0,1070.0,1070.0,1070.0,100,0,1208.66,1054.25,1064.9
3234,2021-05-05 13:01:00,1064.65,1067.95,1062.95,1067.95,175,25850,1204.28,1059.35,1067.8
3235,2021-05-05 13:02:00,1067.75,1067.75,1067.75,1067.75,25,25850,1203.68,1067.3,1073.8
3236,2021-05-05 13:03:00,1079.0,1079.0,1079.0,1079.0,25,25975,1203.15,1078.85,1088.7
3237,2021-05-05 13:04:00,1068.75,1068.75,1067.75,1067.75,50,25975,1201.99,1064.65,1075.65
3238,2021-05-05 13:05:00,1068.75,1068.75,1067.75,1067.75,50,25975,1201.99,1064.65,1075.65
3239,2021-05-05 13:06:00,1045.0,1045.0,1045.0,1045.0,25,25975,1201.33,1041.25,1050.25
3240,2021-05-05 13:07:00,1045.0,1045.0,1045.0,1045.0,25,25975,1201.33,1041.25,1050.25
3241,2021-05-05 13:08:00,1044.25,1044.25,1044.25,1044.25,25,26000,1200.66,1034.0,1044.85
3242,2021-05-05 13:09:00,1044.25,1044.25,1044.25,1044.25,25,26000,1200.66,1034.0,1044.85
3243,2021-05-05 13:10:00,1044.25,1044.25,1044.25,1044.25,25,26000,1200.66,1034.0,1044.85
3244,2021-05-05 13:11:00,1017.55,1017.55,1017.55,1017.55,25,0,1199.89,1026.05,1035.4
3245,2021-05-05 13:12:00,1017.55,1017.55,1017.55,1017.55,25,0,1199.89,1026.05,1035.4
3246,2021-05-05 13:13:00,1033.0,1033.0,1033.0,1033.0,150,0,1195.77,1034.4,1043.2
3247,2021-05-05 13:14:00,1033.0,1033.0,1033.0,1033.0,150,0,1195.77,1034.4,1043.2
3248,2021-05-05 13:15:00,1050.0,1050.0,1050.0,1050.0,25,0,1195.17,1050.7,1059.25
3249,2021-05-05 13:16:00,1050.0,1050.0,1050.0,1050.0,25,0,1195.17,1050.7,1059.25
3250,2021-05-05 13:17:00,1050.0,1050.0,1050.0,1050.0,25,0,1195.17,1050.7,1059.25
3251,2021-05-05 13:18:00,1050.0,1051.1,1050.0,1051.1,200,26175,1190.58,1041.35,1048.35
3252,2021-05-05 13:19:00,1052.2,1052.2,1052.2,1052.2,75,26175,1188.93,1050.4,1058.1
3253,2021-05-05 13:20:00,1052.2,1052.2,1052.2,1052.2,75,26175,1188.93,1050.4,1058.1
3254,2021-05-05 13:21:00,1052.2,1052.2,1052.2,1052.2,75,26175,1188.93,1050.4,1058.1
3255,2021-05-05 13:22:00,1045.0,1045.0,1045.0,1045.0,25,26150,1188.37,1044.8,1050.25
3256,2021-05-05 13:23:00,1045.0,1045.0,1045.0,1045.0,25,26150,1188.37,1044.8,1050.25
3257,2021-05-05 13:24:00,1067.65,1067.65,1067.65,1067.65,25,26125,1187.9,1055.5,1061.1
3258,2021-05-05 13:25:00,1067.65,1067.65,1067.65,1067.65,25,26125,1187.9,1055.5,1061.1
3259,2021-05-05 13:26:00,1067.65,1067.65,1067.65,1067.65,25,26125,1187.9,1055.5,1061.1
3260,2021-05-05 13:27:00,1067.65,1067.65,1067.65,1067.65,25,26125,1187.9,1055.5,1061.1
3261,2021-05-05 13:28:00,1062.95,1062.95,1062.95,1062.95,25,26150,1187.41,1060.55,1067.3
3262,2021-05-05 13:29:00,1094.7,1094.7,1094.7,1094.7,75,26150,1186.38,1074.65,1081.5
3263,2021-05-05 13:30:00,1090.0,1090.0,1090.0,1090.0,25,26125,1186.01,1082.85,1093.6
3264,2021-05-05 13:31:00,1085.8,1085.8,1085.8,1085.8,25,26125,1185.63,1072.0,1081.2
3265,2021-05-05 13:32:00,1085.8,1085.8,1085.8,1085.8,25,26125,1185.63,1072.0,1081.2
3266,2021-05-05 13:33:00,1074.0,1074.0,1074.0,1074.0,25,26125,1185.21,1075.6,1084.3
3267,2021-05-05 13:34:00,1074.0,1074.0,1074.0,1074.0,25,26125,1185.21,1075.6,1084.3
3268,2021-05-05 13:35:00,1098.0,1098.0,1098.0,1098.0,25,26100,1184.88,1096.95,1104.2
3269,2021-05-05 13:36:00,1098.0,1098.0,1098.0,1098.0,25,26100,1184.88,1096.95,1104.2
3270,2021-05-05 13:37:00,1095.65,1095.65,1095.65,1095.65,25,26100,1184.54,1097.75,1105.75
3271,2021-05-05 13:38:00,1095.65,1095.65,1095.65,1095.65,25,26100,1184.54,1097.75,1105.75
3272,2021-05-05 13:39:00,1095.65,1095.65,1095.65,1095.65,25,26100,1184.54,1097.75,1105.75
3273,2021-05-05 13:40:00,1095.65,1095.65,1095.65,1095.65,25,26100,1184.54,1097.75,1105.75
3274,2021-05-05 13:41:00,1095.65,1095.65,1095.65,1095.65,25,26100,1184.54,1097.75,1105.75
3275,2021-05-05 13:42:00,1095.65,1095.65,1095.65,1095.65,25,26100,1184.54,1097.75,1105.75
3276,2021-05-05 13:43:00,1076.0,1076.0,1076.0,1076.0,200,26100,1181.46,1075.05,1084.5
3277,2021-05-05 13:44:00,1076.0,1076.0,1076.0,1076.0,200,26100,1181.46,1075.05,1084.5
3278,2021-05-05 13:45:00,1076.0,1076.0,1076.0,1076.0,200,26100,1181.46,1075.05,1084.5
3279,2021-05-05 13:46:00,1069.35,1069.35,1069.35,1069.35,75,0,1180.25,1080.85,1090.65
3280,2021-05-05 13:47:00,1069.35,1069.35,1069.35,1069.35,75,0,1180.25,1080.85,1090.65
3281,2021-05-05 13:48:00,1069.35,1069.35,1069.35,1069.35,75,0,1180.25,1080.85,1090.65
3282,2021-05-05 13:49:00,1069.35,1069.35,1069.35,1069.35,75,0,1180.25,1080.85,1090.65
3283,2021-05-05 13:50:00,1069.35,1069.35,1069.35,1069.35,75,0,1180.25,1080.85,1090.65
3284,2021-05-05 13:51:00,1069.35,1069.35,1069.35,1069.35,75,0,1180.25,1080.85,1090.65
3285,2021-05-05 13:52:00,1069.35,1069.35,1069.35,1069.35,75,0,1180.25,1080.85,1090.65
3286,2021-05-05 13:53:00,1069.35,1069.35,1069.35,1069.35,75,0,1180.25,1080.85,1090.65
3287,2021-05-05 13:54:00,1082.6,1082.6,1082.6,1082.6,50,26100,1179.56,1085.95,1093.0
3288,2021-05-05 13:55:00,1082.6,1082.6,1082.6,1082.6,50,26100,1179.56,1085.95,1093.0
3289,2021-05-05 13:56:00,1082.6,1082.6,1082.6,1082.6,50,26100,1179.56,1085.95,1093.0
3290,2021-05-05 13:57:00,1082.6,1082.6,1082.6,1082.6,50,26100,1179.56,1085.95,1093.0
3291,2021-05-05 13:58:00,1088.2,1088.2,1088.2,1088.2,25,0,1179.23,1078.0,1085.35
3292,2021-05-05 13:59:00,1088.2,1088.2,1088.2,1088.2,25,0,1179.23,1078.0,1085.35
3293,2021-05-05 14:00:00,1088.2,1088.2,1088.2,1088.2,25,0,1179.23,1078.0,1085.35
3294,2021-05-05 14:01:00,1078.15,1078.15,1078.15,1078.15,125,26075,1177.47,1087.35,1098.4
3295,2021-05-05 14:02:00,1078.8,1078.8,1078.8,1078.8,25,26075,1177.12,1068.9,1078.35
3296,2021-05-05 14:03:00,1078.8,1078.8,1078.8,1078.8,25,26075,1177.12,1068.9,1078.35
3297,2021-05-05 14:04:00,1078.8,1078.8,1078.8,1078.8,25,26075,1177.12,1068.9,1078.35
3298,2021-05-05 14:05:00,1078.8,1078.8,1078.8,1078.8,25,26075,1177.12,1068.9,1078.35
3299,2021-05-05 14:06:00,1078.8,1078.8,1078.8,1078.8,25,26075,1177.12,1068.9,1078.35
3300,2021-05-05 14:07:00,1077.6,1077.6,1077.6,1077.6,25,26225,1176.77,1077.05,1083.5
3301,2021-05-05 14:08:00,1077.6,1077.6,1077.6,1077.6,25,26225,1176.77,1077.05,1083.5
3302,2021-05-05 14:09:00,1077.6,1077.6,1077.6,1077.6,25,26225,1176.77,1077.05,1083.5
3303,2021-05-05 14:10:00,1077.6,1077.6,1077.6,1077.6,25,26225,1176.77,1077.05,1083.5
3304,2021-05-05 14:11:00,1140.15,1170.0,1140.15,1170.0,50,26200,1176.62,1152.05,1164.3
3305,2021-05-05 14:12:00,1140.15,1170.0,1140.15,1170.0,50,26200,1176.62,1152.05,1164.3
3306,2021-05-05 14:13:00,1140.15,1170.0,1140.15,1170.0,50,26200,1176.62,1152.05,1164.3
3307,2021-05-05 14:14:00,1145.0,1145.0,1145.0,1145.0,250,26225,1175.57,1149.35,1161.85
3308,2021-05-05 14:15:00,1165.0,1165.0,1148.0,1148.0,125,26225,1175.19,1139.05,1154.5
3309,2021-05-05 14:16:00,1165.0,1165.0,1148.0,1148.0,125,26225,1175.19,1139.05,1154.5
3310,2021-05-05 14:17:00,1165.0,1165.0,1148.0,1148.0,125,26225,1175.19,1139.05,1154.5
3311,2021-05-05 14:18:00,1146.85,1146.85,1146.85,1146.85,100,26225,1174.82,1140.0,1150.55
3312,2021-05-05 14:19:00,1138.15,1138.15,1138.15,1138.15,50,0,1174.59,1128.1,1138.15
3313,2021-05-05 14:20:00,1138.15,1138.15,1138.15,1138.15,50,0,1174.59,1128.1,1138.15
3314,2021-05-05 14:21:00,1138.15,1138.15,1138.15,1138.15,50,0,1174.59,1128.1,1138.15
3315,2021-05-05 14:22:00,1138.15,1138.15,1138.15,1138.15,50,0,1174.59,1128.1,1138.15
3316,2021-05-05 14:23:00,1138.15,1138.15,1138.15,1138.15,50,0,1174.59,1128.1,1138.15
3317,2021-05-05 14:24:00,1138.15,1138.15,1138.15,1138.15,50,0,1174.59,1128.1,1138.15
3318,2021-05-05 14:25:00,1138.15,1138.15,1138.15,1138.15,50,0,1174.59,1128.1,1138.15
3319,2021-05-05 14:26:00,1138.15,1138.15,1138.15,1138.15,50,0,1174.59,1128.1,1138.15
3320,2021-05-05 14:27:00,1138.15,1138.15,1138.15,1138.15,50,0,1174.59,1128.1,1138.15
3321,2021-05-05 14:28:00,1138.15,1138.15,1138.15,1138.15,50,0,1174.59,1128.1,1138.15
3322,2021-05-05 14:29:00,1110.3,1110.3,1110.3,1110.3,25,26225,1174.38,1086.75,1097.85
3323,2021-05-05 14:30:00,1056.05,1056.05,1056.05,1056.05,225,0,1171.28,1067.15,1078.75
3324,2021-05-05 14:31:00,1056.05,1056.05,1056.05,1056.05,225,0,1171.28,1067.15,1078.75
3325,2021-05-05 14:32:00,1084.95,1084.95,1084.95,1084.95,50,0,1170.72,1077.9,1085.5
3326,2021-05-05 14:33:00,1084.95,1084.95,1084.95,1084.95,50,26300,1170.19,1079.9,1089.2
3327,2021-05-05 14:34:00,1084.95,1084.95,1084.95,1084.95,50,26300,1170.19,1079.9,1089.2
3328,2021-05-05 14:35:00,1084.95,1084.95,1084.95,1084.95,50,26300,1170.19,1079.9,1089.2
3329,2021-05-05 14:36:00,1103.85,1103.85,1103.85,1103.85,25,26300,1169.98,1091.5,1101.25
3330,2021-05-05 14:37:00,1101.25,1101.25,1101.25,1101.25,25,26250,1169.77,1083.4,1092.75
3331,2021-05-05 14:38:00,1079.15,1079.15,1079.15,1079.15,50,26250,1169.26,1075.7,1083.2
3332,2021-05-05 14:39:00,1079.15,1079.15,1079.15,1079.15,50,26250,1169.26,1075.7,1083.2
3333,2021-05-05 14:40:00,1079.15,1079.15,1079.15,1079.15,50,26250,1169.26,1075.7,1083.2
3334,2021-05-05 14:41:00,1086.4,1086.4,1086.4,1086.4,25,26225,1169.01,1077.8,1084.15
3335,2021-05-05 14:42:00,1086.4,1086.4,1086.4,1086.4,25,26225,1169.01,1077.8,1084.15
3336,2021-05-05 14:43:00,1086.4,1086.4,1086.4,1086.4,25,26225,1169.01,1077.8,1084.15
3337,2021-05-05 14:44:00,1075.7,1075.7,1075.7,1075.7,25,26225,1168.72,1069.3,1075.9
3338,2021-05-05 14:45:00,1070.0,1070.0,1070.0,1070.0,25,26225,1168.42,1056.3,1063.05
3339,2021-05-05 14:46:00,1070.0,1070.0,1070.0,1070.0,25,26225,1168.42,1056.3,1063.05
3340,2021-05-05 14:47:00,1070.0,1070.0,1070.0,1070.0,25,26225,1168.42,1056.3,1063.05
3341,2021-05-05 14:48:00,1068.25,1068.25,1068.25,1068.25,50,26225,1167.81,1053.4,1064.1
3342,2021-05-05 14:49:00,1072.85,1072.85,1072.85,1072.85,25,26250,1167.53,1072.1,1079.9
3343,2021-05-05 14:50:00,1072.85,1072.85,1072.85,1072.85,25,26250,1167.53,1072.1,1079.9
3344,2021-05-05 14:51:00,1072.85,1072.85,1072.85,1072.85,25,26250,1167.53,1072.1,1079.9
3345,2021-05-05 14:52:00,1090.3,1090.35,1090.3,1090.35,50,26250,1167.07,1083.05,1090.95
3346,2021-05-05 14:53:00,1090.3,1090.35,1090.3,1090.35,50,26250,1167.07,1083.05,1090.95
3347,2021-05-05 14:54:00,1090.3,1090.35,1090.3,1090.35,50,26250,1167.07,1083.05,1090.95
3348,2021-05-05 14:55:00,1090.3,1090.35,1090.3,1090.35,50,26250,1167.07,1083.05,1090.95
3349,2021-05-05 14:56:00,1090.3,1090.35,1090.3,1090.35,50,26250,1167.07,1083.05,1090.95
3350,2021-05-05 14:57:00,1090.3,1090.35,1090.3,1090.35,50,26250,1167.07,1083.05,1090.95
3351,2021-05-05 14:58:00,1087.25,1087.25,1087.25,1087.25,50,26275,1166.59,1073.35,1081.6
3352,2021-05-05 14:59:00,1091.0,1091.0,1091.0,1091.0,25,26275,1166.37,1082.1,1091.7
3353,2021-05-05 15:00:00,1091.0,1091.0,1091.0,1091.0,25,26275,1166.37,1082.1,1091.7
3354,2021-05-05 15:01:00,1091.0,1091.0,1091.0,1091.0,25,26275,1166.37,1082.1,1091.7
3355,2021-05-05 15:02:00,1091.0,1091.0,1091.0,1091.0,25,26275,1166.37,1082.1,1091.7
3356,2021-05-05 15:03:00,1061.35,1069.4,1061.35,1069.4,100,26300,1165.19,1055.9,1066.15
3357,2021-05-05 15:04:00,1061.35,1069.4,1061.35,1069.4,100,26300,1165.19,1055.9,1066.15
3358,2021-05-05 15:05:00,1060.0,1060.0,1060.0,1060.0,25,26300,1164.88,1054.75,1065.75
3359,2021-05-05 15:06:00,1060.0,1060.0,1060.0,1060.0,25,26300,1164.88,1054.75,1065.75
3360,2021-05-05 15:07:00,1075.35,1075.35,1075.35,1075.35,75,26275,1164.01,1062.85,1073.35
3361,2021-05-05 15:08:00,1075.35,1075.35,1075.35,1075.35,75,26275,1164.01,1062.85,1073.35
3362,2021-05-05 15:09:00,1075.35,1075.35,1075.35,1075.35,75,26275,1164.01,1062.85,1073.35
3363,2021-05-05 15:10:00,1046.75,1046.75,1046.75,1046.75,25,26325,1163.68,1039.1,1047.2
3364,2021-05-05 15:11:00,1036.4,1036.4,1030.65,1030.65,50,26325,1162.93,1026.95,1035.5
3365,2021-05-05 15:12:00,1036.4,1036.4,1030.65,1030.65,50,26325,1162.93,1026.95,1035.5
3366,2021-05-05 15:13:00,1036.4,1036.4,1030.65,1030.65,50,26325,1162.93,1026.95,1035.5
3367,2021-05-05 15:14:00,1036.4,1036.4,1030.65,1030.65,50,26325,1162.93,1026.95,1035.5
3368,2021-05-05 15:15:00,1036.4,1036.4,1030.65,1030.65,50,26325,1162.93,1026.95,1035.5
3369,2021-05-05 15:16:00,1034.1,1034.1,1034.1,1034.1,25,26325,1162.57,1025.25,1029.95
3370,2021-05-05 15:17:00,1030.0,1031.05,1030.0,1031.05,200,26325,1159.62,1025.8,1032.55
3371,2021-05-05 15:18:00,1030.0,1031.05,1030.0,1031.05,200,26325,1159.62,1025.8,1032.55
3372,2021-05-05 15:19:00,1031.05,1031.05,1031.05,1031.05,25,26325,1159.26,1026.8,1033.4
3373,2021-05-05 15:20:00,1025.8,1025.8,1025.8,1025.8,350,26325,1154.36,1003.3,1012.4
3374,2021-05-05 15:21:00,1002.9,1002.9,997.1,1002.9,225,26325,1150.79,999.15,1009.9
3375,2021-05-05 15:22:00,1005.85,1005.85,1005.85,1005.85,75,26250,1149.66,1002.0,1008.3
3376,2021-05-05 15:23:00,1005.85,1005.85,1005.85,1005.85,75,26250,1149.66,1002.0,1008.3
3377,2021-05-05 15:24:00,1005.9,1005.9,1003.25,1003.25,75,26250,1148.55,998.0,1005.25
3378,2021-05-05 15:25:00,998.05,998.05,998.05,998.05,25,26250,1148.16,994.0,998.8
3379,2021-05-05 15:26:00,998.05,998.05,998.05,998.05,25,26250,1148.16,994.0,998.8
3380,2021-05-05 15:27:00,981.65,981.65,981.65,981.65,75,26250,1146.94,964.85,981.4
3381,2021-05-05 15:28:00,979.15,979.15,975.25,975.25,50,26225,1146.08,967.0,978.15
3382,2021-05-05 15:29:00,979.15,979.15,975.25,975.25,50,26225,1146.08,967.0,978.15
3383,2021-05-05 15:30:00,962.65,962.65,962.65,962.65,150,26225,1143.5,962.85,980.4
3384,2021-05-06 09:15:00,967.7,969.95,934.45,942.55,375,26250,946.95,944.45,956.7
3385,2021-05-06 09:16:00,944.45,985.8,944.45,973.3,600,26250,958.74,966.15,982.95
3386,2021-05-06 09:17:00,1004.7,1018.95,996.75,1005.95,675,26250,976.46,998.85,1009.95
3387,2021-05-06 09:18:00,1005.85,1022.55,1005.85,1022.55,525,26250,985.33,1017.7,1023.45
3388,2021-05-06 09:19:00,1022.4,1044.85,1014.05,1021.85,575,26250,994.03,1021.05,1034.95
3389,2021-05-06 09:20:00,1050.0,1050.0,1050.0,1050.0,50,26250,995.03,1047.95,1060.1
3390,2021-05-06 09:21:00,1060.0,1060.0,1037.4,1044.35,250,26250,999.45,1037.75,1049.4
3391,2021-05-06 09:22:00,1029.05,1029.05,1029.05,1029.05,100,26250,1000.46,1031.8,1044.75
3392,2021-05-06 09:23:00,1029.05,1029.05,1029.05,1029.05,100,26250,1000.46,1031.8,1044.75
3393,2021-05-06 09:24:00,1020.25,1029.85,1020.25,1029.85,125,26250,1001.54,1029.35,1037.15
3394,2021-05-06 09:25:00,1045.0,1052.0,1039.65,1039.65,100,26250,1002.8,1037.3,1047.45
3395,2021-05-06 09:26:00,1045.0,1052.0,1039.65,1039.65,100,26250,1002.8,1037.3,1047.45
3396,2021-05-06 09:27:00,1040.0,1040.0,1034.0,1034.0,150,26250,1004.18,1034.05,1042.95
3397,2021-05-06 09:28:00,1035.0,1050.0,1035.0,1039.85,275,26250,1007.12,1035.25,1044.75
3398,2021-05-06 09:29:00,1041.45,1045.0,1041.45,1042.6,75,26250,1007.81,1037.65,1044.85
3399,2021-05-06 09:30:00,1042.45,1042.45,1042.45,1042.45,150,26250,1009.39,1040.15,1048.7
3400,2021-05-06 09:31:00,1017.4,1017.4,1017.4,1017.4,225,26250,1010.56,1014.35,1023.0
3401,2021-05-06 09:32:00,1011.5,1011.5,993.7,993.7,200,26250,1010.09,987.7,997.4
3402,2021-05-06 09:33:00,990.0,990.0,990.0,990.0,25,26250,1009.98,986.25,998.9
3403,2021-05-06 09:34:00,990.0,990.0,990.0,990.0,25,26250,1009.98,986.25,998.9
3404,2021-05-06 09:35:00,994.1,994.1,994.1,994.1,500,26250,1008.82,984.9,992.7
3405,2021-05-06 09:36:00,976.9,980.05,976.9,978.25,125,26250,1008.12,981.8,993.15
3406,2021-05-06 09:37:00,976.9,980.05,976.9,978.25,125,26250,1008.12,981.8,993.15
3407,2021-05-06 09:38:00,978.25,978.25,978.25,978.25,25,26250,1007.97,971.8,976.7
3408,2021-05-06 09:39:00,969.75,969.75,969.75,969.75,100,26250,1007.28,964.95,971.7
3409,2021-05-06 09:40:00,968.25,976.3,968.25,976.25,200,26250,1006.07,974.55,982.05
3410,2021-05-06 09:41:00,968.25,976.3,968.25,976.25,200,26250,1006.07,974.55,982.05
3411,2021-05-06 09:42:00,976.4,976.4,976.05,976.05,50,26250,1005.8,979.15,987.05
3412,2021-05-06 09:43:00,976.4,976.4,976.05,976.05,50,26250,1005.8,979.15,987.05
3413,2021-05-06 09:44:00,994.8,994.8,990.1,990.1,50,26250,1005.68,994.15,1002.3
3414,2021-05-06 09:45:00,994.8,994.8,990.1,990.1,50,26250,1005.68,994.15,1002.3
3415,2021-05-06 09:46:00,994.8,994.8,990.1,990.1,50,26250,1005.68,994.15,1002.3
3416,2021-05-06 09:47:00,994.8,994.8,990.1,990.1,50,26250,1005.68,994.15,1002.3
3417,2021-05-06 09:48:00,982.4,982.4,982.4,982.4,25,26250,1005.57,985.0,992.4
3418,2021-05-06 09:49:00,982.4,982.4,982.4,982.4,25,26250,1005.57,985.0,992.4
3419,2021-05-06 09:50:00,984.6,984.6,984.6,984.6,25,26250,1005.48,991.4,998.85
3420,2021-05-06 09:51:00,982.05,998.85,982.05,998.85,50,26250,1005.34,992.95,998.55
3421,2021-05-06 09:52:00,991.2,1000.15,991.2,1000.15,125,26250,1005.08,997.05,1003.7
3422,2021-05-06 09:53:00,991.2,1000.15,991.2,1000.15,125,26250,1005.08,997.05,1003.7
3423,2021-05-06 09:54:00,1013.0,1029.2,1013.0,1029.2,175,26375,1005.67,1027.75,1037.95
3424,2021-05-06 09:55:00,1031.05,1031.05,1024.35,1024.35,50,26375,1005.85,1014.25,1021.15
3425,2021-05-06 09:56:00,1031.05,1031.05,1024.35,1024.35,50,26375,1005.85,1014.25,1021.15
3426,2021-05-06 09:57:00,1023.65,1023.65,1023.65,1023.65,25,26400,1005.93,1009.1,1019.2
3427,2021-05-06 09:58:00,1017.2,1017.2,1017.2,1017.2,25,26400,1005.97,1017.3,1024.3
3428,2021-05-06 09:59:00,1024.35,1024.35,1024.35,1024.35,25,26400,1006.05,1024.4,1033.35
3429,2021-05-06 10:00:00,1031.1,1031.1,1031.1,1031.1,100,26400,1006.43,1033.45,1041.25
3430,2021-05-06 10:01:00,1018.2,1018.2,1012.15,1012.2,400,26400,1007.19,1010.1,1018.45
3431,2021-05-06 10:02:00,1018.45,1018.45,1018.45,1018.45,25,26425,1007.24,1011.35,1018.15
3432,2021-05-06 10:03:00,1017.95,1017.95,1017.95,1017.95,50,26425,1007.32,1010.7,1017.8
3433,2021-05-06 10:04:00,1017.95,1017.95,1017.95,1017.95,50,26425,1007.32,1010.7,1017.8
3434,2021-05-06 10:05:00,1017.95,1017.95,1017.95,1017.95,50,26425,1007.32,1010.7,1017.8
3435,2021-05-06 10:06:00,1017.95,1017.95,1017.95,1017.95,50,26425,1007.32,1010.7,1017.8
3436,2021-05-06 10:07:00,1017.95,1017.95,1017.95,1017.95,50,26425,1007.32,1010.7,1017.8
3437,2021-05-06 10:08:00,1017.95,1017.95,1017.95,1017.95,50,26425,1007.32,1010.7,1017.8
3438,2021-05-06 10:09:00,1038.0,1038.0,1038.0,1038.0,25,26425,1007.43,1030.2,1037.95
3439,2021-05-06 10:10:00,1040.0,1040.0,1040.0,1040.0,400,26425,1009.26,1041.1,1048.7
3440,2021-05-06 10:11:00,1040.0,1040.0,1040.0,1040.0,400,26425,1009.26,1041.1,1048.7
3441,2021-05-06 10:12:00,1041.4,1041.4,1041.4,1041.4,275,26450,1010.42,1037.2,1046.6
3442,2021-05-06 10:13:00,1046.1,1046.1,1046.1,1046.1,125,26450,1010.98,1040.6,1050.25
3443,2021-05-06 10:14:00,1046.1,1046.1,1046.1,1046.1,125,26450,1010.98,1040.6,1050.25
3444,2021-05-06 10:15:00,1034.15,1034.15,1034.15,1034.15,75,26550,1011.23,1025.7,1035.5
3445,2021-05-06 10:16:00,1069.8,1069.8,1069.8,1069.8,125,26550,1011.81,1068.1,1082.8
3446,2021-05-06 10:17:00,1091.6,1091.6,1078.65,1081.85,400,26675,1015.14,1080.6,1089.65
3447,2021-05-06 10:18:00,1082.35,1082.35,1082.3,1082.3,350,26675,1017.94,1078.05,1085.55
3448,2021-05-06 10:19:00,1090.0,1099.9,1090.0,1097.05,175,26675,1019.51,1088.6,1097.35
3449,2021-05-06 10:20:00,1099.9,1100.0,1088.45,1088.45,175,26550,1021.08,1087.4,1096.0
3450,2021-05-06 10:21:00,1088.45,1088.45,1076.0,1077.05,175,26550,1022.18,1066.7,1076.05
3451,2021-05-06 10:22:00,1068.5,1068.5,1068.5,1068.5,25,26550,1022.31,1073.45,1081.2
3452,2021-05-06 10:23:00,1068.5,1068.5,1068.5,1068.5,25,26550,1022.31,1073.45,1081.2
3453,2021-05-06 10:24:00,1068.5,1068.5,1068.5,1068.5,25,26550,1022.31,1073.45,1081.2
3454,2021-05-06 10:25:00,1068.5,1068.5,1068.5,1068.5,25,26550,1022.31,1073.45,1081.2
3455,2021-05-06 10:26:00,1084.0,1084.0,1084.0,1084.0,25,0,1022.49,1083.95,1091.3
3456,2021-05-06 10:27:00,1084.0,1084.0,1084.0,1084.0,25,0,1022.49,1083.95,1091.3
3457,2021-05-06 10:28:00,1066.25,1066.25,1066.25,1066.25,50,0,1022.75,1062.8,1070.35
3458,2021-05-06 10:29:00,1065.55,1065.55,1065.55,1065.55,25,26475,1022.87,1071.75,1076.95
3459,2021-05-06 10:30:00,1077.0,1077.0,1077.0,1077.0,25,26475,1023.02,1085.0,1091.85
3460,2021-05-06 10:31:00,1077.0,1077.0,1077.0,1077.0,25,26475,1023.02,1085.0,1091.85
3461,2021-05-06 10:32:00,1077.0,1077.0,1077.0,1077.0,25,26475,1023.02,1085.0,1091.85
3462,2021-05-06 10:33:00,1077.0,1077.0,1077.0,1077.0,25,26475,1023.02,1085.0,1091.85
3463,2021-05-06 10:34:00,1077.0,1077.0,1077.0,1077.0,25,26475,1023.02,1085.0,1091.85
3464,2021-05-06 10:35:00,1096.4,1096.4,1096.4,1096.4,50,26475,1023.42,1088.5,1095.5
3465,2021-05-06 10:36:00,1077.0,1077.0,1071.0,1071.0,50,26475,1023.7,1071.1,1078.05
3466,2021-05-06 10:37:00,1071.0,1071.0,1071.0,1071.0,25,26475,1023.83,1053.5,1060.2
3467,2021-05-06 10:38:00,1060.0,1071.55,1060.0,1071.55,50,26450,1024.05,1066.15,1074.05
3468,2021-05-06 10:39:00,1075.25,1075.25,1075.25,1075.25,25,26450,1024.19,1080.25,1087.5
3469,2021-05-06 10:40:00,1075.25,1075.25,1075.25,1075.25,25,26450,1024.19,1080.25,1087.5
3470,2021-05-06 10:41:00,1075.25,1075.25,1075.25,1075.25,25,26450,1024.19,1080.25,1087.5
3471,2021-05-06 10:42:00,1085.7,1085.7,1072.3,1072.3,75,26450,1024.62,1071.15,1076.15
3472,2021-05-06 10:43:00,1085.7,1085.7,1072.3,1072.3,75,26450,1024.62,1071.15,1076.15
3473,2021-05-06 10:44:00,1085.7,1085.7,1072.3,1072.3,75,26450,1024.62,1071.15,1076.15
3474,2021-05-06 10:45:00,1085.7,1085.7,1072.3,1072.3,75,26450,1024.62,1071.15,1076.15
3475,2021-05-06 10:46:00,1055.95,1055.95,1055.95,1055.95,75,26450,1024.89,1060.85,1070.3
3476,2021-05-06 10:47:00,1055.95,1055.95,1055.95,1055.95,75,26450,1024.89,1060.85,1070.3
3477,2021-05-06 10:48:00,1055.95,1055.95,1055.95,1055.95,75,26450,1024.89,1060.85,1070.3
3478,2021-05-06 10:49:00,1067.0,1067.0,1067.0,1067.0,25,26425,1025.0,1056.05,1064.7
3479,2021-05-06 10:50:00,1070.1,1070.1,1070.1,1070.1,25,26425,1025.12,1060.05,1067.1
3480,2021-05-06 10:51:00,1055.95,1055.95,1055.95,1055.95,75,26450,1025.38,1056.05,1067.55
3481,2021-05-06 10:52:00,1055.95,1055.95,1055.95,1055.95,75,26450,1025.38,1056.05,1067.55
3482,2021-05-06 10:53:00,1076.6,1076.6,1076.6,1076.6,25,26450,1025.51,1064.5,1071.65
3483,2021-05-06 10:54:00,1070.95,1070.95,1070.95,1070.95,25,26450,1025.63,1066.7,1075.75
3484,2021-05-06 10:55:00,1070.95,1070.95,1070.95,1070.95,25,26450,1025.63,1066.7,1075.75
3485,2021-05-06 10:56:00,1070.95,1070.95,1070.95,1070.95,25,26450,1025.63,1066.7,1075.75
3486,2021-05-06 10:57:00,1070.95,1070.95,1070.95,1070.95,25,26450,1025.63,1066.7,1075.75
3487,2021-05-06 10:58:00,1070.95,1070.95,1070.95,1070.95,25,26450,1025.63,1066.7,1075.75
3488,2021-05-06 10:59:00,1070.95,1070.95,1070.95,1070.95,25,26450,1025.63,1066.7,1075.75
3489,2021-05-06 11:00:00,1055.95,1055.95,1045.4,1045.4,75,26475,1025.84,1040.1,1050.7
3490,2021-05-06 11:01:00,1050.0,1050.0,1044.4,1044.4,50,26475,1025.94,1047.05,1054.1
3491,2021-05-06 11:02:00,1040.0,1040.0,1040.0,1040.0,50,26450,1026.02,1027.2,1040.5
3492,2021-05-06 11:03:00,1040.0,1040.0,1040.0,1040.0,50,26450,1026.02,1027.2,1040.5
3493,2021-05-06 11:04:00,1040.0,1040.0,1040.0,1040.0,50,26450,1026.02,1027.2,1040.5
3494,2021-05-06 11:05:00,1040.0,1040.0,1040.0,1040.0,50,26450,1026.02,1027.2,1040.5
3495,2021-05-06 11:06:00,1037.5,1037.5,1037.5,1037.5,25,26450,1026.05,1031.2,1035.0
3496,2021-05-06 11:07:00,1035.0,1035.0,1035.0,1035.0,25,26450,1026.07,1041.6,1046.9
3497,2021-05-06 11:08:00,1035.0,1035.0,1035.0,1035.0,25,26450,1026.07,1041.6,1046.9
3498,2021-05-06 11:09:00,1035.0,1035.0,1035.0,1035.0,25,26450,1026.07,1041.6,1046.9
3499,2021-05-06 11:10:00,1035.0,1035.0,1035.0,1035.0,25,26450,1026.07,1041.6,1046.9
3500,2021-05-06 11:11:00,1040.35,1040.35,1040.35,1040.35,25,26450,1026.11,1040.1,1045.9
3501,2021-05-06 11:12:00,1055.55,1058.1,1055.45,1058.1,200,26450,1026.6,1062.3,1072.25
3502,2021-05-06 11:13:00,1076.6,1116.45,1076.6,1116.0,225,26450,1028.22,1100.65,1114.15
3503,2021-05-06 11:14:00,1111.5,1111.5,1095.0,1095.0,50,26450,1028.58,1099.85,1109.95
3504,2021-05-06 11:15:00,1105.0,1110.65,1105.0,1110.65,75,26425,1029.14,1103.05,1113.05
3505,2021-05-06 11:16:00,1105.0,1110.65,1105.0,1110.65,75,26425,1029.14,1103.05,1113.05
3506,2021-05-06 11:17:00,1110.0,1110.0,1110.0,1110.0,25,26425,1029.34,1100.0,1109.35
3507,2021-05-06 11:18:00,1100.65,1100.65,1100.65,1100.65,25,0,1029.51,1096.1,1105.15
3508,2021-05-06 11:19:00,1100.65,1100.65,1100.65,1100.65,25,0,1029.51,1096.1,1105.15
3509,2021-05-06 11:20:00,1100.65,1100.65,1100.65,1100.65,25,0,1029.51,1096.1,1105.15
3510,2021-05-06 11:21:00,1100.65,1100.65,1100.65,1100.65,25,0,1029.51,1096.1,1105.15
3511,2021-05-06 11:22:00,1100.65,1100.65,1100.65,1100.65,25,0,1029.51,1096.1,1105.15
3512,2021-05-06 11:23:00,1121.85,1121.85,1121.85,1121.85,125,26400,1030.51,1109.55,1118.75
3513,2021-05-06 11:24:00,1121.85,1121.85,1121.85,1121.85,125,26400,1030.51,1109.55,1118.75
3514,2021-05-06 11:25:00,1123.3,1123.3,1123.3,1123.3,25,26350,1030.73,1109.7,1118.0
3515,2021-05-06 11:26:00,1099.7,1099.7,1099.7,1099.7,25,26325,1030.89,1093.4,1102.1
3516,2021-05-06 11:27:00,1099.7,1099.7,1099.7,1099.7,25,26325,1030.89,1093.4,1102.1
3517,2021-05-06 11:28:00,1091.35,1091.35,1091.35,1091.35,25,0,1031.03,1093.15,1102.55
3518,2021-05-06 11:29:00,1091.35,1091.35,1091.35,1091.35,25,0,1031.03,1093.15,1102.55
3519,2021-05-06 11:30:00,1094.4,1094.4,1094.4,1094.4,25,26325,1031.18,1095.05,1108.35
3520,2021-05-06 11:31:00,1080.0,1080.0,1080.0,1080.0,75,26325,1031.53,1070.0,1079.45
3521,2021-05-06 11:32:00,1080.0,1080.0,1080.0,1080.0,75,26325,1031.53,1070.0,1079.45
3522,2021-05-06 11:33:00,1080.0,1080.0,1080.0,1080.0,75,26325,1031.53,1070.0,1079.45
3523,2021-05-06 11:34:00,1080.0,1080.0,1080.0,1080.0,75,26325,1031.53,1070.0,1079.45
3524,2021-05-06 11:35:00,1080.0,1080.0,1080.0,1080.0,150,0,1032.2,1075.95,1084.25
3525,2021-05-06 11:36:00,1080.0,1080.0,1080.0,1080.0,150,0,1032.2,1075.95,1084.25
3526,2021-05-06 11:37:00,1080.0,1080.0,1080.0,1080.0,150,0,1032.2,1075.95,1084.25
3527,2021-05-06 11:38:00,1080.0,1080.0,1080.0,1080.0,150,0,1032.2,1075.95,1084.25
3528,2021-05-06 11:39:00,1080.0,1080.0,1080.0,1080.0,150,0,1032.2,1075.95,1084.25
3529,2021-05-06 11:40:00,1080.0,1080.0,1080.0,1080.0,150,0,1032.2,1075.95,1084.25
3530,2021-05-06 11:41:00,1106.6,1106.6,1106.6,1106.6,75,0,1032.71,1099.85,1107.4
3531,2021-05-06 11:42:00,1106.6,1106.6,1106.6,1106.6,75,0,1032.71,1099.85,1107.4
3532,2021-05-06 11:43:00,1097.85,1097.85,1097.85,1097.85,25,26375,1032.86,1088.5,1098.25
3533,2021-05-06 11:44:00,1088.05,1088.05,1088.05,1088.05,25,26375,1032.98,1083.6,1091.25
3534,2021-05-06 11:45:00,1088.05,1088.05,1088.05,1088.05,25,26375,1032.98,1083.6,1091.25
3535,2021-05-06 11:46:00,1068.2,1068.2,1068.2,1068.2,125,0,1033.31,1060.45,1069.1
3536,2021-05-06 11:47:00,1068.2,1068.2,1068.2,1068.2,125,0,1033.31,1060.45,1069.1
3537,2021-05-06 11:48:00,1068.2,1068.2,1068.2,1068.2,125,0,1033.31,1060.45,1069.1
3538,2021-05-06 11:49:00,1068.2,1068.2,1068.2,1068.2,125,0,1033.31,1060.45,1069.1
3539,2021-05-06 11:50:00,1084.65,1084.65,1084.65,1084.65,50,0,1033.54,1076.35,1088.4
3540,2021-05-06 11:51:00,1084.65,1084.65,1084.65,1084.65,50,0,1033.54,1076.35,1088.4
3541,2021-05-06 11:52:00,1056.55,1056.55,1056.55,1056.55,25,26350,1033.59,1047.7,1057.95
3542,2021-05-06 11:53:00,1057.9,1057.9,1057.9,1057.9,25,26350,1033.65,1057.0,1063.75
3543,2021-05-06 11:54:00,1057.9,1057.9,1057.9,1057.9,25,26350,1033.65,1057.0,1063.75
3544,2021-05-06 11:55:00,1057.9,1057.9,1057.9,1057.9,25,26350,1033.65,1057.0,1063.75
3545,2021-05-06 11:56:00,1057.9,1057.9,1057.9,1057.9,25,26350,1033.65,1057.0,1063.75
3546,2021-05-06 11:57:00,1057.9,1057.9,1057.9,1057.9,25,26350,1033.65,1057.0,1063.75
3547,2021-05-06 11:58:00,1057.9,1057.9,1057.9,1057.9,25,26350,1033.65,1057.0,1063.75
3548,2021-05-06 11:59:00,1057.9,1057.9,1057.9,1057.9,25,26350,1033.65,1057.0,1063.75
3549,2021-05-06 12:00:00,1045.0,1045.0,1045.0,1045.0,25,26350,1033.67,1039.9,1048.3
3550,2021-05-06 12:01:00,1048.25,1048.25,1048.25,1048.25,200,26350,1033.93,1044.85,1051.75
3551,2021-05-06 12:02:00,1051.95,1051.95,1051.95,1051.95,50,0,1034.0,1046.35,1053.0
3552,2021-05-06 12:03:00,1040.0,1040.0,1040.0,1040.0,125,26375,1034.08,1037.15,1045.4
3553,2021-05-06 12:04:00,1045.35,1045.35,1045.35,1045.35,25,26375,1034.1,1046.4,1054.95
3554,2021-05-06 12:05:00,1059.75,1059.75,1059.75,1059.75,125,26375,1034.28,1057.8,1065.45
3555,2021-05-06 12:06:00,1059.75,1059.75,1059.75,1059.75,125,26375,1034.28,1057.8,1065.45
3556,2021-05-06 12:07:00,1044.7,1044.7,1044.7,1044.7,50,26350,1034.32,1049.45,1057.2
3557,2021-05-06 12:08:00,1044.7,1044.7,1044.7,1044.7,50,26350,1034.32,1049.45,1057.2
3558,2021-05-06 12:09:00,1048.45,1048.45,1048.45,1048.45,25,26350,1034.35,1050.3,1056.85
3559,2021-05-06 12:10:00,1048.45,1048.45,1048.45,1048.45,25,26350,1034.35,1050.3,1056.85
3560,2021-05-06 12:11:00,1048.45,1048.45,1048.45,1048.45,25,26350,1034.35,1050.3,1056.85
3561,2021-05-06 12:12:00,1065.5,1065.5,1065.5,1065.5,25,26350,1034.42,1057.1,1065.25
3562,2021-05-06 12:13:00,1050.8,1050.8,1050.8,1050.8,125,26350,1034.57,1045.9,1052.75
3563,2021-05-06 12:14:00,1050.8,1050.8,1050.8,1050.8,125,26350,1034.57,1045.9,1052.75
3564,2021-05-06 12:15:00,1050.8,1050.8,1050.8,1050.8,125,26350,1034.57,1045.9,1052.75
3565,2021-05-06 12:16:00,1050.8,1050.8,1050.8,1050.8,125,26350,1034.57,1045.9,1052.75
3566,2021-05-06 12:17:00,1050.8,1050.8,1050.8,1050.8,125,26350,1034.57,1045.9,1052.75
3567,2021-05-06 12:18:00,1015.0,1015.0,1015.0,1015.0,50,26350,1034.51,999.55,1022.2
3568,2021-05-06 12:19:00,1015.0,1015.0,1015.0,1015.0,50,26350,1034.51,999.55,1022.2
3569,2021-05-06 12:20:00,1005.45,1005.45,1005.45,1005.45,275,26325,1033.75,999.95,1011.2
3570,2021-05-06 12:21:00,1003.9,1003.9,1003.9,1003.9,25,26325,1033.69,1002.05,1007.7
3571,2021-05-06 12:22:00,995.0,995.0,995.0,995.0,50,26325,1033.53,998.3,1004.5
3572,2021-05-06 12:23:00,1007.85,1007.85,1007.85,1007.85,50,26325,1033.42,1004.4,1010.0
3573,2021-05-06 12:24:00,1010.0,1010.0,1010.0,1010.0,100,26350,1033.23,1005.4,1012.85
3574,2021-05-06 12:25:00,1010.0,1010.0,1010.0,1010.0,25,26350,1033.19,1005.0,1012.15
3575,2021-05-06 12:26:00,1010.0,1010.0,1010.0,1010.0,25,26350,1033.19,1005.0,1012.15
3576,2021-05-06 12:27:00,1009.35,1009.35,1009.35,1009.35,25,0,1033.14,1017.8,1025.7
3577,2021-05-06 12:28:00,1009.35,1009.35,1009.35,1009.35,25,0,1033.14,1017.8,1025.7
3578,2021-05-06 12:29:00,1000.2,1000.2,1000.2,1000.2,25,0,1033.07,994.2,1002.8
3579,2021-05-06 12:30:00,990.45,990.45,990.45,990.45,25,26325,1032.99,984.65,999.4
3580,2021-05-06 12:31:00,995.0,995.0,995.0,995.0,50,26300,1032.84,998.75,1010.25
3581,2021-05-06 12:32:00,995.0,995.0,995.0,995.0,50,26300,1032.84,998.75,1010.25
3582,2021-05-06 12:33:00,995.0,995.0,995.0,995.0,50,26300,1032.84,998.75,1010.25
3583,2021-05-06 12:34:00,984.5,984.5,984.5,984.5,50,26300,1032.67,979.7,987.15
3584,2021-05-06 12:35:00,987.15,987.15,987.15,987.15,25,0,1032.58,986.0,994.7
3585,2021-05-06 12:36:00,987.15,987.15,987.15,987.15,25,0,1032.58,986.0,994.7
3586,2021-05-06 12:37:00,1000.8,1000.8,1000.8,1000.8,25,26300,1032.52,992.05,1000.3
3587,2021-05-06 12:38:00,1003.65,1003.65,1003.65,1003.65,175,0,1031.99,995.7,1002.0
3588,2021-05-06 12:39:00,1003.65,1003.65,1003.65,1003.65,175,0,1031.99,995.7,1002.0
3589,2021-05-06 12:40:00,989.25,989.25,989.25,989.25,100,26300,1031.64,986.15,996.65
3590,2021-05-06 12:41:00,993.6,993.6,993.6,993.6,225,26300,1031.01,994.1,1001.15
3591,2021-05-06 12:42:00,1008.4,1008.4,1008.4,1008.4,25,26300,1030.97,1003.7,1011.9
3592,2021-05-06 12:43:00,1008.0,1008.0,1008.0,1008.0,100,0,1030.8,999.1,1004.95
3593,2021-05-06 12:44:00,998.15,998.15,998.15,998.15,100,26300,1030.57,1000.2,1008.85
3594,2021-05-06 12:45:00,994.65,994.65,994.65,994.65,100,26300,1030.31,1006.95,1016.2
3595,2021-05-06 12:46:00,994.65,994.65,994.65,994.65,100,26300,1030.31,1006.95,1016.2
3596,2021-05-06 12:47:00,994.65,994.65,994.65,994.65,100,26300,1030.31,1006.95,1016.2
3597,2021-05-06 12:48:00,1010.5,1010.5,1010.5,1010.5,225,26400,1029.91,1009.65,1015.6
3598,2021-05-06 12:49:00,1015.65,1015.65,1015.65,1015.65,25,26400,1029.88,1015.6,1022.3
3599,2021-05-06 12:50:00,1015.3,1015.3,1015.3,1015.3,50,26400,1029.83,1011.9,1018.85
3600,2021-05-06 12:51:00,1023.25,1023.25,1023.25,1023.25,275,26450,1029.64,1012.4,1022.2
3601,2021-05-06 12:52:00,1010.6,1010.6,1010.6,1010.6,75,0,1029.54,981.95,991.55
3602,2021-05-06 12:53:00,984.0,984.0,984.0,984.0,75,26450,1029.33,984.95,991.5
3603,2021-05-06 12:54:00,991.95,991.95,991.95,991.95,25,26450,1029.26,989.15,996.55
3604,2021-05-06 12:55:00,991.95,991.95,991.95,991.95,25,26450,1029.26,989.15,996.55
3605,2021-05-06 12:56:00,987.55,987.55,987.55,987.55,25,26450,1029.19,983.7,992.65
3606,2021-05-06 12:57:00,978.85,978.85,978.85,978.85,25,26450,1029.1,989.3,998.75
3607,2021-05-06 12:58:00,990.95,990.95,990.95,990.95,25,26425,1029.04,983.8,991.85
3608,2021-05-06 12:59:00,983.8,983.8,982.2,982.2,50,26425,1028.88,986.15,992.5
3609,2021-05-06 13:00:00,982.25,982.25,982.2,982.2,75,26425,1028.64,979.6,986.05
3610,2021-05-06 13:01:00,985.75,985.75,985.75,985.75,25,26425,1028.57,979.4,986.75
3611,2021-05-06 13:02:00,985.75,985.75,985.75,985.75,25,26425,1028.57,979.4,986.75
3612,2021-05-06 13:03:00,985.75,985.75,985.75,985.75,25,26425,1028.57,979.4,986.75
3613,2021-05-06 13:04:00,970.0,970.0,970.0,970.0,50,26425,1028.37,966.4,972.9
3614,2021-05-06 13:05:00,969.35,969.35,969.35,969.35,125,26425,1027.87,972.2,979.7
3615,2021-05-06 13:06:00,969.35,969.35,969.35,969.35,125,26425,1027.87,972.2,979.7
3616,2021-05-06 13:07:00,980.15,980.15,980.15,980.15,50,26550,1027.71,972.8,979.6
3617,2021-05-06 13:08:00,980.15,980.15,980.15,980.15,50,26550,1027.71,972.8,979.6
3618,2021-05-06 13:09:00,983.1,983.1,983.1,983.1,100,26550,1027.4,980.4,988.0
3619,2021-05-06 13:10:00,983.1,983.1,983.1,983.1,100,26550,1027.4,980.4,988.0
3620,2021-05-06 13:11:00,967.35,967.35,967.35,967.35,175,26550,1026.9,968.4,976.3
3621,2021-05-06 13:12:00,970.0,970.0,970.0,970.0,100,0,1026.53,962.1,969.3
3622,2021-05-06 13:13:00,965.6,965.6,965.6,965.6,25,26550,1026.43,964.3,971.25
3623,2021-05-06 13:14:00,965.6,965.6,965.6,965.6,25,26550,1026.43,964.3,971.25
3624,2021-05-06 13:15:00,955.0,955.0,955.0,955.0,50,26550,1026.22,957.15,965.5
3625,2021-05-06 13:16:00,955.0,955.0,955.0,955.0,50,26550,1026.22,957.15,965.5
3626,2021-05-06 13:17:00,978.35,982.7,978.35,982.7,75,26550,1026.0,979.35,986.1
3627,2021-05-06 13:18:00,982.7,982.7,982.7,982.7,25,26550,1025.93,980.5,987.5
3628,2021-05-06 13:19:00,985.2,985.2,985.2,985.2,25,26525,1025.86,982.85,989.6
3629,2021-05-06 13:20:00,982.35,984.3,982.35,984.3,50,26525,1025.72,982.05,988.45
3630,2021-05-06 13:21:00,988.15,988.15,988.15,988.15,25,0,1025.66,991.3,998.9
3631,2021-05-06 13:22:00,998.6,998.6,993.0,993.0,50,26525,1025.57,985.2,992.95
3632,2021-05-06 13:23:00,1000.0,1006.55,999.85,1006.55,75,26525,1025.45,1014.05,1025.65
3633,2021-05-06 13:24:00,1029.8,1029.8,1029.8,1029.8,50,26550,1025.47,1025.05,1033.75
3634,2021-05-06 13:25:00,1025.15,1027.65,1006.95,1006.95,200,26550,1025.39,1006.25,1013.45
3635,2021-05-06 13:26:00,1014.55,1014.55,1014.55,1014.55,25,26550,1025.38,1007.4,1014.0
3636,2021-05-06 13:27:00,1008.2,1008.2,1008.2,1008.2,25,26550,1025.35,1006.2,1013.5
3637,2021-05-06 13:28:00,1008.2,1008.2,1008.2,1008.2,25,26550,1025.35,1006.2,1013.5
3638,2021-05-06 13:29:00,1008.2,1008.2,1008.2,1008.2,25,26550,1025.35,1006.2,1013.5
3639,2021-05-06 13:30:00,1006.4,1006.4,1006.4,1006.4,75,0,1025.26,1005.85,1012.35
3640,2021-05-06 13:31:00,1006.4,1006.4,1006.4,1006.4,75,0,1025.26,1005.85,1012.35
3641,2021-05-06 13:32:00,1006.4,1006.4,1006.4,1006.4,75,0,1025.26,1005.85,1012.35
3642,2021-05-06 13:33:00,1004.7,1004.7,1004.7,1004.7,25,26550,1025.23,997.15,1005.75
3643,2021-05-06 13:34:00,1005.6,1005.6,1005.6,1005.6,50,26550,1025.17,1012.7,1022.15
3644,2021-05-06 13:35:00,1005.6,1005.6,1005.6,1005.6,50,26550,1025.17,1012.7,1022.15
3645,2021-05-06 13:36:00,1010.1,1010.1,1010.1,1010.1,100,26550,1025.11,1009.95,1017.2
3646,2021-05-06 13:37:00,1010.1,1010.1,1010.1,1010.1,100,26550,1025.11,1009.95,1017.2
3647,2021-05-06 13:38:00,1010.1,1010.1,1010.1,1010.1,100,26550,1025.11,1009.95,1017.2
3648,2021-05-06 13:39:00,1010.1,1010.1,1010.1,1010.1,100,26550,1025.11,1009.95,1017.2
3649,2021-05-06 13:40:00,995.45,995.45,995.45,995.45,150,26575,1024.84,988.65,996.1
3650,2021-05-06 13:41:00,988.7,988.7,988.7,988.7,25,0,1024.78,991.3,997.85
3651,2021-05-06 13:42:00,988.7,988.7,988.7,988.7,25,0,1024.78,991.3,997.85
3652,2021-05-06 13:43:00,988.7,988.7,988.7,988.7,25,0,1024.78,991.3,997.85
3653,2021-05-06 13:44:00,992.5,992.5,992.5,992.5,25,0,1024.73,980.8,987.5
3654,2021-05-06 13:45:00,966.65,966.65,966.65,966.65,25,26575,1024.65,973.7,980.1
3655,2021-05-06 13:46:00,966.65,966.65,966.65,966.65,25,26575,1024.65,973.7,980.1
3656,2021-05-06 13:47:00,966.65,966.65,966.65,966.65,25,26575,1024.65,973.7,980.1
3657,2021-05-06 13:48:00,966.65,966.65,966.65,966.65,25,26575,1024.65,973.7,980.1
3658,2021-05-06 13:49:00,966.65,966.65,966.65,966.65,25,26575,1024.65,973.7,980.1
3659,2021-05-06 13:50:00,983.9,983.9,983.9,983.9,75,0,1024.45,985.25,991.75
3660,2021-05-06 13:51:00,992.0,992.0,992.0,992.0,75,26575,1024.31,984.9,995.95
3661,2021-05-06 13:52:00,992.0,992.0,992.0,992.0,75,26575,1024.31,984.9,995.95
3662,2021-05-06 13:53:00,992.0,992.0,992.0,992.0,75,26575,1024.31,984.9,995.95
3663,2021-05-06 13:54:00,992.0,992.0,992.0,992.0,75,26575,1024.31,984.9,995.95
3664,2021-05-06 13:55:00,994.5,994.5,994.5,994.5,75,0,1024.17,1001.5,1014.9
3665,2021-05-06 13:56:00,994.5,994.5,994.5,994.5,75,0,1024.17,1001.5,1014.9
3666,2021-05-06 13:57:00,1004.2,1004.2,1004.2,1004.2,50,26600,1024.11,987.25,996.75
3667,2021-05-06 13:58:00,999.05,999.05,999.05,999.05,25,0,1024.07,987.4,995.35
3668,2021-05-06 13:59:00,999.05,999.05,999.05,999.05,25,0,1024.07,987.4,995.35
3669,2021-05-06 14:00:00,957.0,957.0,957.0,957.0,150,26575,1023.52,952.9,965.55
3670,2021-05-06 14:01:00,950.0,950.0,950.0,950.0,100,26575,1023.11,947.45,956.7
3671,2021-05-06 14:02:00,950.0,950.0,950.0,950.0,100,26575,1023.11,947.45,956.7
3672,2021-05-06 14:03:00,951.45,951.45,933.5,951.45,375,26650,1021.35,943.6,953.45
3673,2021-05-06 14:04:00,945.1,945.1,945.1,945.1,50,26650,1021.14,942.9,954.05
3674,2021-05-06 14:05:00,954.1,954.1,954.1,954.1,75,26650,1020.85,956.05,964.25
3675,2021-05-06 14:06:00,954.1,954.1,954.1,954.1,75,26650,1020.85,956.05,964.25
3676,2021-05-06 14:07:00,946.0,946.0,946.0,946.0,25,26650,1020.74,946.2,953.7
3677,2021-05-06 14:08:00,947.05,947.05,947.05,947.05,175,26650,1020.01,952.05,960.0
3678,2021-05-06 14:09:00,955.95,955.95,955.95,955.95,50,26675,1019.84,957.55,965.0
3679,2021-05-06 14:10:00,964.95,964.95,964.95,964.95,225,26675,1019.21,965.4,973.05
3680,2021-05-06 14:11:00,991.25,991.25,991.25,991.25,475,26675,1018.54,988.85,998.25
3681,2021-05-06 14:12:00,988.85,988.85,988.85,988.85,75,26650,1018.41,993.5,999.95
3682,2021-05-06 14:13:00,1000.0,1000.0,1000.0,1000.0,50,0,1018.36,984.15,991.4
3683,2021-05-06 14:14:00,1000.0,1000.0,1000.0,1000.0,50,0,1018.36,984.15,991.4
3684,2021-05-06 14:15:00,986.5,991.9,986.5,991.9,75,26650,1018.24,984.8,991.0
3685,2021-05-06 14:16:00,998.95,1000.0,998.95,1000.0,75,26650,1018.17,1002.2,1011.7
3686,2021-05-06 14:17:00,1000.0,1001.0,1000.0,1001.0,50,26650,1018.12,997.35,1006.7
3687,2021-05-06 14:18:00,1000.0,1001.0,1000.0,1001.0,50,26650,1018.12,997.35,1006.7
3688,2021-05-06 14:19:00,1010.75,1010.75,1010.75,1010.75,25,26675,1018.11,1002.3,1010.3
3689,2021-05-06 14:20:00,1010.0,1010.0,1010.0,1010.0,100,26675,1018.07,1001.0,1008.75
3690,2021-05-06 14:21:00,1005.0,1005.0,1005.0,1005.0,225,26675,1017.91,1006.1,1015.35
3691,2021-05-06 14:22:00,1005.0,1005.0,1005.0,1005.0,225,26675,1017.91,1006.1,1015.35
3692,2021-05-06 14:23:00,996.0,996.0,996.0,996.0,125,26650,1017.77,993.25,1001.0
3693,2021-05-06 14:24:00,1023.85,1023.85,1023.85,1023.85,425,26550,1017.82,997.55,1012.0
3694,2021-05-06 14:25:00,1004.7,1004.7,1004.7,1004.7,275,26550,1017.56,1006.35,1012.9
3695,2021-05-06 14:26:00,1002.3,1002.3,1002.3,1002.3,100,0,1017.49,1002.0,1008.75
3696,2021-05-06 14:27:00,1002.3,1002.3,1002.3,1002.3,100,0,1017.49,1002.0,1008.75
3697,2021-05-06 14:28:00,1015.85,1015.85,1015.85,1015.85,50,26600,1017.48,1014.95,1020.0
3698,2021-05-06 14:29:00,1019.4,1019.4,1019.4,1019.4,175,26600,1017.55,1011.35,1018.9
3699,2021-05-06 14:30:00,1013.0,1013.0,1013.0,1013.0,25,0,1017.55,1007.75,1014.25
3700,2021-05-06 14:31:00,1013.0,1013.0,1013.0,1013.0,25,0,1017.55,1007.75,1014.25
3701,2021-05-06 14:32:00,994.85,994.85,994.85,994.85,125,26475,1017.41,990.65,998.1
3702,2021-05-06 14:33:00,994.85,994.85,994.85,994.85,125,26475,1017.41,990.65,998.1
3703,2021-05-06 14:34:00,994.85,994.85,994.85,994.85,125,26475,1017.41,990.65,998.1
3704,2021-05-06 14:35:00,994.85,994.85,994.85,994.85,125,26475,1017.41,990.65,998.1
3705,2021-05-06 14:36:00,994.85,994.85,994.85,994.85,125,26475,1017.41,990.65,998.1
3706,2021-05-06 14:37:00,994.85,994.85,994.85,994.85,125,26475,1017.41,990.65,998.1
3707,2021-05-06 14:38:00,959.0,959.0,959.0,959.0,25,26475,1017.34,953.5,961.0
3708,2021-05-06 14:39:00,959.0,959.0,959.0,959.0,25,26475,1017.34,953.5,961.0
3709,2021-05-06 14:40:00,983.85,983.85,983.85,983.85,125,26475,1017.11,976.85,986.0
3710,2021-05-06 14:41:00,983.85,983.85,983.85,983.85,125,26475,1017.11,976.85,986.0
3711,2021-05-06 14:42:00,968.05,968.05,968.05,968.05,100,0,1016.88,964.65,974.85
3712,2021-05-06 14:43:00,968.75,968.75,968.75,968.75,25,26475,1016.82,966.95,974.4
3713,2021-05-06 14:44:00,968.75,968.75,968.75,968.75,25,26475,1016.82,966.95,974.4
3714,2021-05-06 14:45:00,968.75,968.75,968.75,968.75,25,26475,1016.82,966.95,974.4
3715,2021-05-06 14:46:00,975.0,975.0,975.0,975.0,25,26500,1016.77,968.0,974.3
3716,2021-05-06 14:47:00,975.0,975.0,975.0,975.0,150,0,1016.47,981.1,987.4
3717,2021-05-06 14:48:00,975.0,975.0,975.0,975.0,150,0,1016.47,981.1,987.4
3718,2021-05-06 14:49:00,1001.6,1001.6,1001.6,1001.6,25,0,1016.45,996.55,1005.5
3719,2021-05-06 14:50:00,1001.6,1001.6,1001.6,1001.6,25,0,1016.45,996.55,1005.5
3720,2021-05-06 14:51:00,977.55,977.55,977.55,977.55,100,26650,1016.27,969.75,977.65
3721,2021-05-06 14:52:00,975.0,975.0,975.0,975.0,150,26600,1015.98,970.35,977.85
3722,2021-05-06 14:53:00,975.0,975.0,975.0,975.0,150,26600,1015.98,970.35,977.85
3723,2021-05-06 14:54:00,980.75,980.75,980.75,980.75,25,26600,1015.94,978.75,986.15
3724,2021-05-06 14:55:00,980.75,980.75,980.75,980.75,25,26600,1015.94,978.75,986.15
3725,2021-05-06 14:56:00,980.75,980.75,980.75,980.75,25,26600,1015.94,978.75,986.15
3726,2021-05-06 14:57:00,1001.85,1001.85,1001.85,1001.85,175,26625,1015.8,985.65,994.8
3727,2021-05-06 14:58:00,994.8,994.8,994.8,994.8,50,0,1015.75,984.3,992.45
3728,2021-05-06 14:59:00,984.35,984.35,984.35,984.35,50,26700,1015.67,984.05,988.0
3729,2021-05-06 15:00:00,1004.65,1004.65,1004.65,1004.65,50,26700,1015.63,1015.1,1022.0
3730,2021-05-06 15:01:00,987.25,987.25,987.25,987.25,175,26700,1015.63,981.65,988.35
3731,2021-05-06 15:02:00,987.25,987.25,987.25,987.25,175,26700,1015.63,981.65,988.35
3732,2021-05-06 15:03:00,969.55,969.55,969.55,969.55,150,0,1015.34,971.95,982.1
3733,2021-05-06 15:04:00,969.55,969.55,969.55,969.55,150,0,1015.34,971.95,982.1
3734,2021-05-06 15:05:00,980.0,980.0,980.0,980.0,25,26675,1015.3,971.65,980.3
3735,2021-05-06 15:06:00,981.9,981.9,981.9,981.9,25,26675,1015.26,976.8,982.05
3736,2021-05-06 15:07:00,982.05,982.05,982.05,982.05,25,26675,1015.22,983.5,988.3
3737,2021-05-06 15:08:00,988.3,988.3,988.3,988.3,50,0,1015.16,984.95,991.65
3738,2021-05-06 15:09:00,988.3,988.3,988.3,988.3,50,0,1015.16,984.95,991.65
3739,2021-05-06 15:10:00,984.6,984.6,984.6,984.6,50,0,1015.09,978.8,986.15
3740,2021-05-06 15:11:00,984.6,984.6,984.6,984.6,50,0,1015.09,978.8,986.15
3741,2021-05-06 15:12:00,979.3,979.3,979.3,979.3,25,26700,1015.05,977.15,982.4
3742,2021-05-06 15:13:00,984.4,984.4,984.4,984.4,50,26775,1014.97,975.15,981.65
3743,2021-05-06 15:14:00,970.85,970.85,970.85,970.85,25,26775,1014.92,969.55,972.65
3744,2021-05-06 15:15:00,970.85,970.85,970.85,970.85,25,0,1014.87,969.55,973.65
3745,2021-05-06 15:16:00,970.85,970.85,970.85,970.85,25,0,1014.87,969.55,973.65
3746,2021-05-06 15:17:00,970.85,970.85,970.85,970.85,25,0,1014.87,969.55,973.65
3747,2021-05-06 15:18:00,964.0,964.0,964.0,964.0,25,26800,1014.81,960.0,961.85
3748,2021-05-06 15:19:00,960.0,969.6,960.0,969.6,125,26800,1014.54,965.1,970.35
3749,2021-05-06 15:20:00,968.0,968.0,967.8,967.8,125,26800,1014.28,962.3,968.1
3750,2021-05-06 15:21:00,968.0,968.0,967.8,967.8,125,26800,1014.28,962.3,968.1
3751,2021-05-06 15:22:00,960.0,960.0,960.0,960.0,50,0,1014.16,955.7,960.0
3752,2021-05-06 15:23:00,958.95,958.95,958.95,958.95,25,26650,1014.1,955.05,958.8
3753,2021-05-06 15:24:00,950.0,950.0,950.0,950.0,250,26650,1013.41,946.4,953.25
3754,2021-05-06 15:25:00,953.55,953.55,953.55,953.55,100,26725,1013.13,941.8,947.55
3755,2021-05-06 15:26:00,949.65,949.65,949.65,949.65,200,26725,1012.58,948.0,949.65
3756,2021-05-06 15:27:00,940.0,940.0,940.0,940.0,175,26725,1012.06,940.05,948.65
3757,2021-05-06 15:28:00,929.25,929.25,929.25,929.25,300,26800,1011.18,924.5,935.1
3758,2021-05-06 15:29:00,929.25,929.25,929.25,929.25,300,26800,1011.18,924.5,935.1
3759,2021-05-06 15:30:00,929.25,929.25,929.25,929.25,300,26800,1011.18,924.5,935.1
3760,2021-05-07 09:15:00,803.3,831.2,803.25,807.95,150,26875,809.65,800.5,828.15
3761,2021-05-07 09:16:00,832.85,832.85,814.25,814.25,725,26875,811.21,806.8,820.7
3762,2021-05-07 09:17:00,812.7,821.7,792.45,821.7,750,26700,810.12,811.3,821.65
3763,2021-05-07 09:18:00,820.0,821.6,810.0,810.0,150,26700,810.52,805.15,814.05
3764,2021-05-07 09:19:00,810.0,810.0,810.0,810.0,50,26700,810.51,805.9,813.75
3765,2021-05-07 09:20:00,794.6,794.6,790.0,794.6,225,26700,808.93,794.8,803.75
3766,2021-05-07 09:21:00,781.75,781.75,767.0,767.0,300,26700,804.26,763.9,770.75
3767,2021-05-07 09:22:00,763.7,774.55,763.7,772.05,150,26700,802.26,763.6,770.1
3768,2021-05-07 09:23:00,758.5,758.5,758.5,758.5,50,26675,801.41,758.25,766.1
3769,2021-05-07 09:24:00,758.5,758.5,758.5,758.5,50,26675,801.41,758.25,766.1
3770,2021-05-07 09:25:00,759.1,778.75,758.5,778.75,125,26675,799.67,774.75,783.25
3771,2021-05-07 09:26:00,778.8,781.4,775.3,775.3,125,26700,798.78,772.0,778.85
3772,2021-05-07 09:27:00,785.95,785.95,785.95,785.95,25,26700,798.67,781.0,786.9
3773,2021-05-07 09:28:00,783.7,784.5,781.15,781.75,175,26700,797.71,784.15,791.8
3774,2021-05-07 09:29:00,786.5,789.4,785.0,785.0,125,26650,797.31,778.4,785.35
3775,2021-05-07 09:30:00,770.4,775.8,770.4,775.8,75,26650,796.76,771.35,775.8
3776,2021-05-07 09:31:00,775.85,777.8,775.85,777.8,50,26650,796.45,773.45,779.3
3777,2021-05-07 09:32:00,774.9,774.9,774.9,774.9,25,26675,796.29,773.75,779.55
3778,2021-05-07 09:33:00,774.9,774.9,774.9,774.9,25,26675,796.29,773.75,779.55
3779,2021-05-07 09:34:00,774.9,774.9,774.9,774.9,25,26675,796.29,773.75,779.55
3780,2021-05-07 09:35:00,774.9,774.9,774.9,774.9,25,26675,796.29,773.75,779.55
3781,2021-05-07 09:36:00,786.7,786.7,786.7,786.7,25,26675,796.21,778.9,785.0
3782,2021-05-07 09:37:00,786.7,786.7,786.7,786.7,25,26675,796.21,778.9,785.0
3783,2021-05-07 09:38:00,792.55,792.55,792.55,792.55,175,26675,796.03,793.55,798.95
3784,2021-05-07 09:39:00,799.0,799.0,784.2,784.2,200,26675,795.77,782.95,789.65
3785,2021-05-07 09:40:00,794.95,803.0,794.95,803.0,50,26675,795.81,798.15,804.2
3786,2021-05-07 09:41:00,803.0,803.0,798.0,798.0,50,26675,795.87,794.9,801.2
3787,2021-05-07 09:42:00,794.35,794.35,794.35,794.35,25,26675,795.86,790.8,797.35
3788,2021-05-07 09:43:00,791.15,791.15,784.0,784.0,125,26675,795.59,787.55,791.7
3789,2021-05-07 09:44:00,791.7,792.15,791.7,792.15,50,26675,795.54,791.1,797.1
3790,2021-05-07 09:45:00,791.7,792.15,791.7,792.15,50,26675,795.54,791.1,797.1
3791,2021-05-07 09:46:00,791.7,792.15,791.7,792.15,50,26675,795.54,791.1,797.1
3792,2021-05-07 09:47:00,794.35,794.35,794.35,794.35,50,26675,795.53,794.5,799.55
3793,2021-05-07 09:48:00,800.0,800.0,800.0,800.0,25,26675,795.55,799.5,804.2
3794,2021-05-07 09:49:00,806.45,812.35,804.25,812.35,150,26675,796.0,803.65,808.9
3795,2021-05-07 09:50:00,806.5,806.5,801.0,801.0,75,26650,796.13,797.05,802.65
3796,2021-05-07 09:51:00,783.0,790.0,783.0,790.0,150,26650,795.84,788.45,793.7
3797,2021-05-07 09:52:00,790.0,790.0,790.0,790.0,25,26650,795.8,805.4,810.95
3798,2021-05-07 09:53:00,805.0,805.0,803.4,803.4,75,26650,795.95,801.0,806.75
3799,2021-05-07 09:54:00,811.25,814.1,811.25,814.1,75,26650,796.21,810.05,815.85
3800,2021-05-07 09:55:00,809.6,809.6,807.8,807.8,50,26650,796.35,807.05,812.05
3801,2021-05-07 09:56:00,809.6,809.6,807.8,807.8,50,26650,796.35,807.05,812.05
3802,2021-05-07 09:57:00,809.6,809.6,807.8,807.8,50,26650,796.35,807.05,812.05
3803,2021-05-07 09:58:00,818.4,820.75,817.5,820.75,150,26700,797.06,819.2,824.75
3804,2021-05-07 09:59:00,818.65,823.65,818.65,823.65,125,26800,797.66,819.1,823.25
3805,2021-05-07 10:00:00,813.15,813.15,813.15,813.15,50,26800,797.81,810.05,816.15
3806,2021-05-07 10:01:00,813.15,813.15,813.15,813.15,50,26800,797.81,810.05,816.15
3807,2021-05-07 10:02:00,813.15,813.15,813.15,813.15,50,26800,797.81,810.05,816.15
3808,2021-05-07 10:03:00,813.15,813.15,813.15,813.15,50,26800,797.81,810.05,816.15
3809,2021-05-07 10:04:00,813.15,813.15,813.15,813.15,50,26800,797.81,810.05,816.15
3810,2021-05-07 10:05:00,810.0,810.0,810.0,810.0,25,26875,797.87,801.5,806.6
3811,2021-05-07 10:06:00,810.0,810.0,810.0,810.0,25,26875,797.87,801.5,806.6
3812,2021-05-07 10:07:00,809.5,809.5,809.5,809.5,25,26875,797.93,804.05,809.55
3813,2021-05-07 10:08:00,808.1,808.1,808.1,808.1,25,0,797.98,810.45,816.35
3814,2021-05-07 10:09:00,808.1,808.1,808.1,808.1,25,0,797.98,810.45,816.35
3815,2021-05-07 10:10:00,808.1,808.1,808.1,808.1,25,0,797.98,810.45,816.35
3816,2021-05-07 10:11:00,808.1,808.1,808.1,808.1,25,0,797.98,810.45,816.35
3817,2021-05-07 10:12:00,818.9,818.9,818.9,818.9,25,26875,798.08,814.6,819.85
3818,2021-05-07 10:13:00,818.9,818.9,818.9,818.9,25,26875,798.08,814.6,819.85
3819,2021-05-07 10:14:00,818.9,818.9,818.9,818.9,25,26875,798.08,814.6,819.85
3820,2021-05-07 10:15:00,810.7,810.7,810.7,810.7,25,26900,798.15,807.25,810.3
3821,2021-05-07 10:16:00,810.25,831.8,810.25,831.8,100,26900,798.48,830.35,836.0
3822,2021-05-07 10:17:00,833.0,835.7,831.8,831.8,75,26925,798.98,830.7,835.65
3823,2021-05-07 10:18:00,833.0,835.7,831.8,831.8,75,26925,798.98,830.7,835.65
3824,2021-05-07 10:19:00,833.0,835.7,831.8,831.8,75,26925,798.98,830.7,835.65
3825,2021-05-07 10:20:00,828.0,828.0,828.0,828.0,25,26925,799.12,826.05,831.6
3826,2021-05-07 10:21:00,828.0,828.0,828.0,828.0,25,26925,799.12,826.05,831.6
3827,2021-05-07 10:22:00,835.0,835.0,835.0,835.0,25,26950,799.29,827.95,833.35
3828,2021-05-07 10:23:00,832.95,832.95,832.95,832.95,25,26925,799.44,825.2,831.35
3829,2021-05-07 10:24:00,832.95,832.95,832.95,832.95,25,26925,799.44,825.2,831.35
3830,2021-05-07 10:25:00,832.95,832.95,832.95,832.95,25,26925,799.44,825.2,831.35
3831,2021-05-07 10:26:00,832.95,832.95,832.95,832.95,25,26925,799.44,825.2,831.35
3832,2021-05-07 10:27:00,820.7,820.95,820.7,820.95,50,26925,799.64,825.95,830.3
3833,2021-05-07 10:28:00,820.7,820.95,820.7,820.95,50,26925,799.64,825.95,830.3
3834,2021-05-07 10:29:00,833.55,850.0,833.55,850.0,100,26925,800.45,847.35,855.65
3835,2021-05-07 10:30:00,856.7,856.7,848.6,848.6,350,26925,803.5,842.1,848.6
3836,2021-05-07 10:31:00,844.0,844.0,844.0,844.0,25,26925,803.68,838.65,844.75
3837,2021-05-07 10:32:00,838.65,839.75,838.65,839.75,50,26925,803.97,833.85,840.05
3838,2021-05-07 10:33:00,838.65,838.65,838.65,838.65,25,26900,804.12,833.9,839.55
3839,2021-05-07 10:34:00,840.5,840.5,840.5,840.5,25,26900,804.27,835.0,840.1
3840,2021-05-07 10:35:00,838.5,838.5,838.5,838.5,25,26900,804.42,829.4,834.8
3841,2021-05-07 10:36:00,838.5,838.5,838.5,838.5,25,26900,804.42,829.4,834.8
3842,2021-05-07 10:37:00,858.55,858.55,858.55,858.55,25,26900,804.64,850.5,858.25
3843,2021-05-07 10:38:00,858.0,858.0,855.0,855.0,100,26925,805.48,850.6,855.9
3844,2021-05-07 10:39:00,858.0,858.0,855.0,855.0,100,26925,805.48,850.6,855.9
3845,2021-05-07 10:40:00,858.25,858.25,858.25,858.25,75,26925,806.12,848.95,855.05
3846,2021-05-07 10:41:00,858.25,858.25,858.25,858.25,75,26925,806.12,848.95,855.05
3847,2021-05-07 10:42:00,845.8,845.8,845.8,845.8,50,26925,806.44,850.85,855.85
3848,2021-05-07 10:43:00,857.95,872.45,857.95,872.45,225,26925,808.34,865.2,873.85
3849,2021-05-07 10:44:00,867.8,880.05,867.8,880.0,325,26850,811.61,876.1,882.35
3850,2021-05-07 10:45:00,882.25,899.9,882.2,898.2,375,26850,815.73,890.5,899.8
3851,2021-05-07 10:46:00,899.9,899.95,893.65,894.9,175,26850,817.65,889.0,894.9
3852,2021-05-07 10:47:00,893.0,893.0,882.6,882.6,300,26775,820.35,880.9,887.3
3853,2021-05-07 10:48:00,888.55,891.2,884.0,884.0,150,26775,821.62,880.25,886.15
3854,2021-05-07 10:49:00,890.1,890.1,880.0,880.0,250,26775,823.54,877.55,883.65
3855,2021-05-07 10:50:00,884.7,884.7,863.55,863.55,325,26475,825.43,861.7,867.7
3856,2021-05-07 10:51:00,867.7,867.7,858.45,865.0,100,26475,825.89,864.65,871.25
3857,2021-05-07 10:52:00,875.45,880.15,874.75,874.75,125,26475,826.62,870.25,875.65
3858,2021-05-07 10:53:00,876.05,876.05,876.05,876.05,100,26400,827.18,868.7,875.75
3859,2021-05-07 10:54:00,873.6,873.6,873.6,873.6,50,26400,827.44,874.45,880.45
3860,2021-05-07 10:55:00,880.45,880.45,877.35,877.35,50,26400,827.74,865.5,873.15
3861,2021-05-07 10:56:00,867.15,869.7,867.15,869.7,75,26400,828.08,868.0,872.15
3862,2021-05-07 10:57:00,868.0,868.0,868.0,868.0,100,26425,828.53,863.85,870.05
3863,2021-05-07 10:58:00,860.0,864.6,860.0,864.6,150,26425,829.06,858.0,864.2
3864,2021-05-07 10:59:00,863.25,863.25,851.0,851.05,350,26400,829.93,851.0,855.7
3865,2021-05-07 11:00:00,855.6,855.6,851.0,851.0,100,26400,830.16,844.85,849.85
3866,2021-05-07 11:01:00,849.85,849.85,849.85,849.85,50,26400,830.27,850.0,856.6
3867,2021-05-07 11:02:00,850.8,850.8,850.8,850.8,25,26400,830.32,853.1,859.45
3868,2021-05-07 11:03:00,850.8,850.8,850.8,850.8,25,26400,830.32,853.1,859.45
3869,2021-05-07 11:04:00,873.85,873.85,873.85,873.85,100,26525,830.76,866.2,872.1
3870,2021-05-07 11:05:00,873.85,873.85,873.85,873.85,100,26525,830.76,866.2,872.1
3871,2021-05-07 11:06:00,857.6,857.6,857.6,857.6,25,26550,830.83,861.85,867.6
3872,2021-05-07 11:07:00,857.6,857.6,857.6,857.6,25,26550,830.83,861.85,867.6
3873,2021-05-07 11:08:00,857.6,857.6,857.6,857.6,25,26550,830.83,861.85,867.6
3874,2021-05-07 11:09:00,857.6,857.6,857.6,857.6,25,26550,830.83,861.85,867.6
3875,2021-05-07 11:10:00,866.8,866.8,866.8,866.8,75,26525,831.1,863.85,870.45
3876,2021-05-07 11:11:00,873.85,875.0,865.3,875.0,150,26300,831.67,875.55,881.55
3877,2021-05-07 11:12:00,890.0,890.0,880.0,880.0,100,26300,832.2,876.05,883.0
3878,2021-05-07 11:13:00,880.0,880.0,880.0,880.0,25,0,832.32,884.25,890.45
3879,2021-05-07 11:14:00,880.0,880.0,880.0,880.0,25,0,832.32,884.25,890.45
3880,2021-05-07 11:15:00,889.1,889.1,879.0,879.0,100,26325,832.84,869.1,877.4
3881,2021-05-07 11:16:00,889.1,889.1,879.0,879.0,100,26325,832.84,869.1,877.4
3882,2021-05-07 11:17:00,889.1,889.1,879.0,879.0,100,26325,832.84,869.1,877.4
3883,2021-05-07 11:18:00,874.7,874.7,874.7,874.7,100,26350,833.24,874.05,880.1
3884,2021-05-07 11:19:00,874.7,874.7,874.7,874.7,100,26350,833.24,874.05,880.1
3885,2021-05-07 11:20:00,874.7,874.7,874.7,874.7,100,26350,833.24,874.05,880.1
3886,2021-05-07 11:21:00,874.7,874.7,874.7,874.7,100,26350,833.24,874.05,880.1
3887,2021-05-07 11:22:00,870.0,870.0,870.0,870.0,25,26325,833.33,868.15,874.8
3888,2021-05-07 11:23:00,870.0,870.0,870.0,870.0,25,26325,833.33,868.15,874.8
3889,2021-05-07 11:24:00,870.0,870.0,870.0,870.0,25,26325,833.33,868.15,874.8
3890,2021-05-07 11:25:00,870.0,870.0,870.0,870.0,25,26325,833.33,868.15,874.8
3891,2021-05-07 11:26:00,870.0,870.0,870.0,870.0,25,26325,833.33,868.15,874.8
3892,2021-05-07 11:27:00,845.0,845.0,841.1,841.25,525,26325,834.17,844.3,850.0
3893,2021-05-07 11:28:00,845.0,850.0,841.7,845.0,100,26325,834.28,843.55,849.5
3894,2021-05-07 11:29:00,843.55,843.55,840.0,840.0,50,26650,834.31,836.75,842.45
3895,2021-05-07 11:30:00,833.15,841.4,833.15,841.4,75,26650,834.32,842.55,849.0
3896,2021-05-07 11:31:00,841.45,842.2,841.45,842.2,50,26650,834.35,840.4,846.1
3897,2021-05-07 11:32:00,840.65,840.65,840.65,840.65,25,26650,834.37,837.1,844.3
3898,2021-05-07 11:33:00,840.65,840.65,840.65,840.65,25,26650,834.37,837.1,844.3
3899,2021-05-07 11:34:00,840.65,840.65,840.65,840.65,25,26650,834.37,837.1,844.3
3900,2021-05-07 11:35:00,840.65,840.65,840.65,840.65,25,26650,834.37,837.1,844.3
3901,2021-05-07 11:36:00,841.1,841.1,841.1,841.1,25,26350,834.38,837.0,844.3
3902,2021-05-07 11:37:00,841.1,841.1,841.1,841.1,25,26350,834.38,837.0,844.3
3903,2021-05-07 11:38:00,841.1,841.1,841.1,841.1,25,26350,834.38,837.0,844.3
3904,2021-05-07 11:39:00,841.1,841.1,841.1,841.1,25,26350,834.38,837.0,844.3
3905,2021-05-07 11:40:00,841.1,841.1,841.1,841.1,25,26350,834.38,837.0,844.3
3906,2021-05-07 11:41:00,841.1,841.1,841.1,841.1,25,26350,834.38,837.0,844.3
3907,2021-05-07 11:42:00,841.1,841.1,841.1,841.1,25,26350,834.38,837.0,844.3
3908,2021-05-07 11:43:00,841.1,841.1,841.1,841.1,75,26325,834.43,835.15,841.55
3909,2021-05-07 11:44:00,839.4,839.4,839.4,839.4,25,26325,834.44,838.05,844.95
3910,2021-05-07 11:45:00,841.4,841.4,841.4,841.4,75,26300,834.49,841.5,850.4
3911,2021-05-07 11:46:00,852.6,852.6,852.6,852.6,25,26300,834.53,855.15,862.0
3912,2021-05-07 11:47:00,852.6,852.6,852.6,852.6,25,26300,834.53,855.15,862.0
3913,2021-05-07 11:48:00,856.25,856.25,856.25,856.25,25,26300,834.58,850.2,855.9
3914,2021-05-07 11:49:00,856.25,856.25,856.25,856.25,25,26300,834.58,850.2,855.9
3915,2021-05-07 11:50:00,856.25,856.25,856.25,856.25,25,26300,834.58,850.2,855.9
3916,2021-05-07 11:51:00,867.05,867.05,867.05,867.05,50,26325,834.72,861.1,865.2
3917,2021-05-07 11:52:00,865.05,865.05,855.0,855.0,125,26325,834.96,850.55,857.05
3918,2021-05-07 11:53:00,865.05,865.05,855.0,855.0,125,26325,834.96,850.55,857.05
3919,2021-05-07 11:54:00,841.65,841.65,841.65,841.65,25,26325,834.97,836.2,842.05
3920,2021-05-07 11:55:00,841.65,841.65,841.65,841.65,25,26325,834.97,836.2,842.05
3921,2021-05-07 11:56:00,841.65,841.65,841.65,841.65,25,26325,834.97,836.2,842.05
3922,2021-05-07 11:57:00,841.65,841.65,841.65,841.65,25,26325,834.97,836.2,842.05
3923,2021-05-07 11:58:00,841.65,841.65,841.65,841.65,25,26325,834.97,836.2,842.05
3924,2021-05-07 11:59:00,841.65,841.65,841.65,841.65,25,26325,834.97,836.2,842.05
3925,2021-05-07 12:00:00,841.65,841.65,841.65,841.65,25,26325,834.97,836.2,842.05
3926,2021-05-07 12:01:00,841.65,841.65,841.65,841.65,25,26325,834.97,836.2,842.05
3927,2021-05-07 12:02:00,841.65,841.65,841.65,841.65,25,26325,834.97,836.2,842.05
3928,2021-05-07 12:03:00,841.65,841.65,841.65,841.65,25,26325,834.97,836.2,842.05
3929,2021-05-07 12:04:00,841.65,841.65,841.65,841.65,25,26325,834.97,836.2,842.05
3930,2021-05-07 12:05:00,865.1,865.1,865.1,865.1,50,26325,835.1,861.4,868.0
3931,2021-05-07 12:06:00,865.1,865.1,865.1,865.1,50,26325,835.1,861.4,868.0
3932,2021-05-07 12:07:00,865.1,865.1,865.1,865.1,50,26325,835.1,861.4,868.0
3933,2021-05-07 12:08:00,865.1,865.1,865.1,865.1,50,26325,835.1,861.4,868.0
3934,2021-05-07 12:09:00,858.05,858.05,858.05,858.05,25,26275,835.15,867.15,872.6
3935,2021-05-07 12:10:00,882.1,932.6,882.1,906.8,625,26275,839.03,908.25,914.1
3936,2021-05-07 12:11:00,914.55,939.65,914.55,939.65,150,26275,840.1,921.1,930.95
3937,2021-05-07 12:12:00,934.15,943.95,927.1,943.95,475,26350,843.46,931.95,940.95
3938,2021-05-07 12:13:00,940.85,940.85,934.75,934.75,100,26350,844.19,927.6,935.6
3939,2021-05-07 12:14:00,921.65,928.5,918.0,918.0,150,26350,845.06,917.1,927.6
3940,2021-05-07 12:15:00,928.05,945.9,928.05,930.0,250,26225,846.75,926.35,934.3
3941,2021-05-07 12:16:00,934.3,955.0,922.85,948.35,275,26225,848.6,944.85,950.55
3942,2021-05-07 12:17:00,948.35,948.35,935.7,945.35,375,26225,851.19,933.55,943.4
3943,2021-05-07 12:18:00,935.5,935.5,935.5,935.5,25,26300,851.34,927.7,935.1
3944,2021-05-07 12:19:00,928.05,928.05,928.05,928.05,50,26300,851.61,929.2,935.45
3945,2021-05-07 12:20:00,935.5,944.65,935.5,937.55,250,26300,853.13,931.75,938.5
3946,2021-05-07 12:21:00,937.55,937.55,937.55,937.55,25,26275,853.28,931.35,937.6
3947,2021-05-07 12:22:00,937.65,937.65,930.0,930.0,175,26275,854.21,921.1,931.7
3948,2021-05-07 12:23:00,931.45,931.45,930.0,930.0,50,26400,854.47,927.3,933.1
3949,2021-05-07 12:24:00,935.0,970.5,935.0,968.65,475,26400,857.71,965.25,974.65
3950,2021-05-07 12:25:00,962.05,984.1,955.45,955.45,500,26400,861.32,950.35,961.25
3951,2021-05-07 12:26:00,958.5,959.3,958.5,959.3,75,26400,861.78,950.55,957.55
3952,2021-05-07 12:27:00,942.05,942.05,942.05,942.05,100,26175,862.3,942.05,948.0
3953,2021-05-07 12:28:00,941.35,941.35,941.35,941.35,75,26175,862.64,929.7,936.2
3954,2021-05-07 12:29:00,926.5,926.5,926.5,926.5,50,0,862.85,918.15,926.2
3955,2021-05-07 12:30:00,929.05,935.55,929.05,935.55,100,26225,863.27,936.7,943.25
3956,2021-05-07 12:31:00,936.75,937.8,936.75,937.8,75,26225,863.62,929.0,936.3
3957,2021-05-07 12:32:00,941.2,941.2,936.2,936.2,150,26225,864.31,935.1,941.5
3958,2021-05-07 12:33:00,937.9,937.9,937.9,937.9,25,26375,864.42,931.15,938.0
3959,2021-05-07 12:34:00,931.35,931.35,931.35,931.35,25,26375,864.53,929.0,934.95
3960,2021-05-07 12:35:00,929.0,929.0,929.0,929.0,25,26375,864.63,929.65,935.0
3961,2021-05-07 12:36:00,938.0,938.0,938.0,938.0,75,26350,864.96,938.8,944.9
3962,2021-05-07 12:37:00,931.05,935.65,931.05,935.65,50,26350,865.16,924.6,934.15
3963,2021-05-07 12:38:00,931.05,935.65,931.05,935.65,50,26350,865.16,924.6,934.15
3964,2021-05-07 12:39:00,931.05,935.65,931.05,935.65,50,26350,865.16,924.6,934.15
3965,2021-05-07 12:40:00,926.4,926.4,926.4,926.4,100,26275,865.54,927.95,937.25
3966,2021-05-07 12:41:00,926.4,926.4,926.4,926.4,100,26275,865.54,927.95,937.25
3967,2021-05-07 12:42:00,934.55,934.55,934.55,934.55,100,26400,865.95,921.15,926.8
3968,2021-05-07 12:43:00,911.3,911.3,911.3,911.3,500,26400,867.14,906.05,911.85
3969,2021-05-07 12:44:00,911.3,911.3,911.3,911.3,500,26400,867.14,906.05,911.85
3970,2021-05-07 12:45:00,903.7,903.7,903.7,903.7,25,26350,867.19,901.5,910.15
3971,2021-05-07 12:46:00,910.5,923.2,910.5,923.2,75,26350,867.4,911.45,923.0
3972,2021-05-07 12:47:00,910.05,915.55,910.05,915.55,100,26350,867.67,915.5,922.35
3973,2021-05-07 12:48:00,910.05,915.55,910.05,915.55,100,26350,867.67,915.5,922.35
3974,2021-05-07 12:49:00,912.2,912.2,912.2,912.2,150,26375,868.11,906.75,915.05
3975,2021-05-07 12:50:00,912.2,912.2,912.2,912.2,150,26375,868.11,906.75,915.05
3976,2021-05-07 12:51:00,915.75,923.95,912.95,923.95,225,26375,868.74,918.4,924.25
3977,2021-05-07 12:52:00,921.65,921.65,921.65,921.65,25,26375,868.81,921.7,927.7
3978,2021-05-07 12:53:00,921.65,921.65,916.8,916.8,75,26375,869.02,910.25,919.5
3979,2021-05-07 12:54:00,921.65,921.65,916.8,916.8,75,26375,869.02,910.25,919.5
3980,2021-05-07 12:55:00,876.3,876.3,876.3,876.3,300,26350,869.34,883.05,898.0
3981,2021-05-07 12:56:00,895.95,895.95,895.95,895.95,50,26350,869.39,890.15,896.05
3982,2021-05-07 12:57:00,896.0,896.0,891.1,891.1,50,26325,869.46,891.95,901.65
3983,2021-05-07 12:58:00,896.0,896.0,891.1,891.1,50,26325,869.46,891.95,901.65
3984,2021-05-07 12:59:00,896.0,896.0,891.1,891.1,50,26325,869.46,891.95,901.65
3985,2021-05-07 13:00:00,922.75,924.6,922.75,924.6,225,26325,870.09,909.25,921.7
3986,2021-05-07 13:01:00,920.05,920.05,920.05,920.05,25,26325,870.15,909.4,922.5
3987,2021-05-07 13:02:00,922.55,922.55,917.7,917.7,50,26325,870.29,917.85,925.4
3988,2021-05-07 13:03:00,931.75,931.75,923.85,923.85,400,26400,871.55,921.95,929.65
3989,2021-05-07 13:04:00,925.0,925.0,925.0,925.0,25,26400,871.62,921.3,928.0
3990,2021-05-07 13:05:00,928.5,931.45,928.5,931.45,100,26400,871.91,913.85,924.0
3991,2021-05-07 13:06:00,922.75,922.75,922.75,922.75,25,26375,871.98,920.65,931.35
3992,2021-05-07 13:07:00,926.3,933.05,926.3,933.05,75,26375,872.21,924.05,932.25
3993,2021-05-07 13:08:00,931.0,931.0,931.0,931.0,25,26375,872.29,918.75,928.5
3994,2021-05-07 13:09:00,913.65,949.5,913.65,949.5,350,26425,873.49,928.5,942.75
3995,2021-05-07 13:10:00,942.9,942.95,928.6,942.0,300,26425,874.5,921.35,932.15
3996,2021-05-07 13:11:00,932.15,932.15,932.15,932.15,25,26425,874.57,926.95,935.0
3997,2021-05-07 13:12:00,931.85,931.85,931.3,931.3,100,26425,874.86,923.55,931.6
3998,2021-05-07 13:13:00,931.85,931.85,931.3,931.3,100,26425,874.86,923.55,931.6
3999,2021-05-07 13:14:00,928.6,928.6,928.6,928.6,50,26425,874.99,935.1,945.05
4000,2021-05-07 13:15:00,938.35,947.65,935.9,947.65,150,26400,875.49,941.2,953.4
4001,2021-05-07 13:16:00,940.65,954.05,940.65,948.95,100,26400,875.84,938.35,948.2
4002,2021-05-07 13:17:00,931.05,939.85,930.05,939.85,150,26400,876.27,932.65,940.75
4003,2021-05-07 13:18:00,936.15,936.15,936.15,936.15,50,26350,876.42,931.45,938.9
4004,2021-05-07 13:19:00,915.05,923.45,915.05,923.45,325,26350,877.08,915.05,925.0
4005,2021-05-07 13:20:00,915.0,915.0,915.0,915.0,75,26350,877.22,901.55,913.95
4006,2021-05-07 13:21:00,915.45,915.45,915.0,915.0,100,26350,877.4,910.4,917.95
4007,2021-05-07 13:22:00,915.45,915.45,915.0,915.0,100,26350,877.4,910.4,917.95
4008,2021-05-07 13:23:00,912.7,912.7,912.7,912.7,25,26350,877.44,911.4,917.45
4009,2021-05-07 13:24:00,912.7,912.7,912.7,912.7,25,26350,877.44,911.4,917.45
4010,2021-05-07 13:25:00,912.7,912.7,912.7,912.7,25,26350,877.44,911.4,917.45
4011,2021-05-07 13:26:00,912.7,912.7,912.7,912.7,25,26350,877.44,911.4,917.45
4012,2021-05-07 13:27:00,914.7,919.7,914.1,919.7,100,26350,877.62,918.0,924.35
4013,2021-05-07 13:28:00,920.65,930.0,914.65,930.0,225,26350,878.11,922.75,928.15
4014,2021-05-07 13:29:00,922.75,922.75,921.35,921.35,50,26350,878.22,923.55,933.3
4015,2021-05-07 13:30:00,934.75,934.75,934.75,934.75,25,26375,878.28,921.0,928.45
4016,2021-05-07 13:31:00,929.0,929.0,929.0,929.0,225,26375,878.81,924.7,932.7
4017,2021-05-07 13:32:00,921.1,921.1,921.1,921.1,100,26375,879.01,921.85,928.75
4018,2021-05-07 13:33:00,921.1,921.1,921.1,921.1,100,26375,879.01,921.85,928.75
4019,2021-05-07 13:34:00,921.0,921.0,921.0,921.0,25,26375,879.06,917.3,923.9
4020,2021-05-07 13:35:00,911.0,914.6,911.0,914.6,275,26375,879.48,916.8,923.75
4021,2021-05-07 13:36:00,911.0,914.6,911.0,914.6,275,26375,879.48,916.8,923.75
4022,2021-05-07 13:37:00,911.15,911.15,910.1,910.1,50,26375,879.55,903.45,912.6
4023,2021-05-07 13:38:00,893.75,893.75,893.75,893.75,375,26375,879.82,896.9,903.2
4024,2021-05-07 13:39:00,894.9,894.9,894.9,894.9,50,26375,879.85,896.2,904.4
4025,2021-05-07 13:40:00,894.9,894.9,894.9,894.9,50,26375,879.85,896.2,904.4
4026,2021-05-07 13:41:00,901.4,907.35,901.4,907.35,150,26250,879.98,909.9,915.75
4027,2021-05-07 13:42:00,901.4,907.35,901.4,907.35,150,26250,879.98,909.9,915.75
4028,2021-05-07 13:43:00,901.4,907.35,901.4,907.35,150,26250,879.98,909.9,915.75
4029,2021-05-07 13:44:00,901.4,907.35,901.4,907.35,150,26250,879.98,909.9,915.75
4030,2021-05-07 13:45:00,901.4,907.35,901.4,907.35,150,26250,879.98,909.9,915.75
4031,2021-05-07 13:46:00,901.4,907.35,901.4,907.35,150,26250,879.98,909.9,915.75
4032,2021-05-07 13:47:00,878.6,878.6,878.6,878.6,100,26250,879.99,890.05,898.75
4033,2021-05-07 13:48:00,878.6,878.6,878.6,878.6,100,26250,879.99,890.05,898.75
4034,2021-05-07 13:49:00,887.85,887.85,876.35,876.35,50,26250,880.0,876.3,884.9
4035,2021-05-07 13:50:00,864.3,864.3,864.3,864.3,25,0,879.98,875.05,881.75
4036,2021-05-07 13:51:00,874.25,874.25,864.0,864.0,125,26250,879.93,857.6,866.45
4037,2021-05-07 13:52:00,859.8,868.95,859.8,868.95,50,26250,879.89,869.05,873.4
4038,2021-05-07 13:53:00,869.0,869.0,869.0,869.0,25,26250,879.88,864.15,870.0
4039,2021-05-07 13:54:00,869.0,869.0,869.0,869.0,25,26250,879.88,864.15,870.0
4040,2021-05-07 13:55:00,856.9,862.15,856.9,862.15,75,26200,879.82,858.15,864.35
4041,2021-05-07 13:56:00,869.55,875.0,867.15,875.0,200,26200,879.77,868.4,875.2
4042,2021-05-07 13:57:00,879.3,879.3,879.3,879.3,50,26200,879.77,873.4,879.85
4043,2021-05-07 13:58:00,880.4,880.4,880.4,880.4,25,26300,879.77,872.45,878.45
4044,2021-05-07 13:59:00,879.35,879.35,879.35,879.35,25,26300,879.77,869.35,877.55
4045,2021-05-07 14:00:00,843.6,843.6,843.6,843.6,150,26275,879.56,858.1,865.8
4046,2021-05-07 14:01:00,864.2,864.2,864.2,864.2,25,26275,879.54,880.55,890.05
4047,2021-05-07 14:02:00,896.25,896.25,896.25,896.25,25,26275,879.56,888.25,894.95
4048,2021-05-07 14:03:00,896.25,896.25,896.25,896.25,25,26225,879.58,895.55,901.95
4049,2021-05-07 14:04:00,900.0,900.0,897.75,897.75,100,26225,879.66,898.2,910.25
4050,2021-05-07 14:05:00,894.15,894.15,894.15,894.15,25,26225,879.68,894.15,901.65
4051,2021-05-07 14:06:00,898.35,898.35,898.25,898.25,125,26275,879.77,894.85,903.8
4052,2021-05-07 14:07:00,893.7,898.25,893.7,898.25,50,26275,879.81,891.7,900.75
4053,2021-05-07 14:08:00,883.05,887.0,883.05,887.0,225,26275,879.85,881.25,889.45
4054,2021-05-07 14:09:00,882.35,882.35,882.35,882.35,25,26275,879.85,871.3,881.9
4055,2021-05-07 14:10:00,868.05,868.05,868.05,868.05,25,26425,879.84,862.35,869.0
4056,2021-05-07 14:11:00,868.05,868.05,868.05,868.05,25,26425,879.84,862.35,869.0
4057,2021-05-07 14:12:00,868.05,868.05,868.05,868.05,25,26425,879.84,862.35,869.0
4058,2021-05-07 14:13:00,868.05,868.05,868.05,868.05,25,26425,879.84,862.35,869.0
4059,2021-05-07 14:14:00,868.05,868.05,868.05,868.05,25,26425,879.84,862.35,869.0
4060,2021-05-07 14:15:00,868.05,868.05,868.05,868.05,25,26425,879.84,862.35,869.0
4061,2021-05-07 14:16:00,858.0,858.0,858.0,858.0,25,26425,879.81,866.7,872.5
4062,2021-05-07 14:17:00,858.0,858.0,858.0,858.0,25,26425,879.81,866.7,872.5
4063,2021-05-07 14:18:00,858.0,858.0,858.0,858.0,25,26425,879.81,866.7,872.5
4064,2021-05-07 14:19:00,862.05,862.05,858.25,858.25,200,26425,879.67,860.1,866.2
4065,2021-05-07 14:20:00,861.6,861.6,861.6,861.6,25,26425,879.65,858.05,864.75
4066,2021-05-07 14:21:00,861.6,861.6,861.6,861.6,25,26425,879.65,858.05,864.75
4067,2021-05-07 14:22:00,861.6,861.6,861.6,861.6,25,26425,879.65,858.05,864.75
4068,2021-05-07 14:23:00,861.6,861.6,861.6,861.6,25,26425,879.65,858.05,864.75
4069,2021-05-07 14:24:00,861.6,861.6,861.6,861.6,25,26425,879.65,858.05,864.75
4070,2021-05-07 14:25:00,861.6,861.6,861.6,861.6,25,26425,879.65,858.05,864.75
4071,2021-05-07 14:26:00,875.15,875.15,875.15,875.15,25,0,879.64,874.4,881.85
4072,2021-05-07 14:27:00,875.15,875.15,875.15,875.15,25,0,879.64,874.4,881.85
4073,2021-05-07 14:28:00,875.15,875.15,875.15,875.15,25,0,879.64,874.4,881.85
4074,2021-05-07 14:29:00,875.15,875.15,875.15,875.15,25,0,879.64,874.4,881.85
4075,2021-05-07 14:30:00,892.85,899.9,892.85,899.9,100,26450,879.71,893.55,899.95
4076,2021-05-07 14:31:00,890.0,890.0,890.0,890.0,25,26450,879.72,882.65,890.05
4077,2021-05-07 14:32:00,890.0,890.0,890.0,890.0,25,26450,879.72,882.65,890.05
4078,2021-05-07 14:33:00,890.0,890.0,890.0,890.0,25,26450,879.72,882.65,890.05
4079,2021-05-07 14:34:00,890.0,890.0,890.0,890.0,25,26450,879.72,882.65,890.05
4080,2021-05-07 14:35:00,878.9,878.9,878.9,878.9,25,26475,879.72,878.05,885.35
4081,2021-05-07 14:36:00,878.9,878.9,878.9,878.9,25,26475,879.72,878.05,885.35
4082,2021-05-07 14:37:00,878.9,878.9,878.9,878.9,25,26475,879.72,878.05,885.35
4083,2021-05-07 14:38:00,895.1,899.8,895.1,899.8,100,26500,879.79,893.85,900.8
4084,2021-05-07 14:39:00,897.55,910.85,897.55,910.8,125,26500,879.94,893.2,902.4
4085,2021-05-07 14:40:00,884.0,893.35,884.0,893.35,200,26500,880.0,888.7,893.3
4086,2021-05-07 14:41:00,893.35,901.15,890.0,890.0,150,26500,880.1,887.35,894.95
4087,2021-05-07 14:42:00,891.35,891.35,891.35,891.35,25,26500,880.11,883.1,890.45
4088,2021-05-07 14:43:00,891.35,891.35,891.35,891.35,25,26500,880.11,883.1,890.45
4089,2021-05-07 14:44:00,877.35,877.35,865.05,865.05,250,26500,880.04,865.25,877.2
4090,2021-05-07 14:45:00,877.35,877.35,865.05,865.05,250,26500,880.04,865.25,877.2
4091,2021-05-07 14:46:00,868.75,868.75,868.75,868.75,25,26475,880.02,867.0,873.75
4092,2021-05-07 14:47:00,868.75,868.75,868.75,868.75,25,26475,880.02,867.0,873.75
4093,2021-05-07 14:48:00,868.75,868.75,868.75,868.75,25,26475,880.02,867.0,873.75
4094,2021-05-07 14:49:00,878.85,887.35,874.4,874.4,75,26475,880.03,872.75,879.0
4095,2021-05-07 14:50:00,870.0,870.0,870.0,870.0,200,26475,879.96,872.75,880.35
4096,2021-05-07 14:51:00,870.0,870.0,870.0,870.0,200,26475,879.96,872.75,880.35
4097,2021-05-07 14:52:00,870.0,870.0,870.0,870.0,200,26475,879.96,872.75,880.35
4098,2021-05-07 14:53:00,873.85,876.1,873.85,876.1,100,26675,879.93,864.95,868.8
4099,2021-05-07 14:54:00,861.5,861.5,861.5,861.5,25,26725,879.92,853.35,862.6
4100,2021-05-07 14:55:00,863.85,863.85,863.85,863.85,25,26725,879.9,861.75,865.4
4101,2021-05-07 14:56:00,865.0,865.0,863.05,863.05,50,26725,879.87,859.45,863.6
4102,2021-05-07 14:57:00,862.1,862.1,858.6,858.6,50,26725,879.83,855.55,859.55
4103,2021-05-07 14:58:00,862.75,862.75,862.75,862.75,100,26725,879.76,854.2,858.25
4104,2021-05-07 14:59:00,858.05,858.05,858.05,858.05,25,26725,879.74,867.25,870.95
4105,2021-05-07 15:00:00,861.8,865.1,861.8,865.1,150,26725,879.65,875.75,879.3
4106,2021-05-07 15:01:00,873.95,873.95,873.95,873.95,25,26675,879.65,871.5,875.4
4107,2021-05-07 15:02:00,863.65,863.65,863.65,863.65,100,26675,879.59,870.25,875.75
4108,2021-05-07 15:03:00,869.85,873.4,869.85,871.25,250,26600,879.52,865.75,869.15
4109,2021-05-07 15:04:00,872.0,872.0,872.0,872.0,225,26600,879.46,868.4,872.05
4110,2021-05-07 15:05:00,863.95,868.45,863.3,868.45,150,26600,879.38,867.4,871.6
4111,2021-05-07 15:06:00,866.9,872.4,866.9,872.4,275,26725,879.3,865.85,871.0
4112,2021-05-07 15:07:00,866.9,872.4,866.9,872.4,275,26725,879.3,865.85,871.0
4113,2021-05-07 15:08:00,866.9,872.4,866.9,872.4,275,26725,879.3,865.85,871.0
4114,2021-05-07 15:09:00,875.0,875.0,874.85,874.85,125,26725,879.28,872.95,878.0
4115,2021-05-07 15:10:00,870.0,870.0,870.0,870.0,100,26725,879.24,864.05,870.35
4116,2021-05-07 15:11:00,871.45,871.45,871.45,871.45,25,26725,879.23,867.0,870.4
4117,2021-05-07 15:12:00,871.8,872.1,871.8,872.1,50,26725,879.22,869.9,875.55
4118,2021-05-07 15:13:00,871.65,874.0,870.05,874.0,100,26700,879.2,870.25,875.25
4119,2021-05-07 15:14:00,875.6,875.6,875.6,875.6,25,26700,879.19,870.25,875.65
4120,2021-05-07 15:15:00,870.85,875.15,870.0,874.6,300,26650,879.11,870.05,874.65
4121,2021-05-07 15:16:00,870.05,870.05,870.0,870.05,175,26650,879.05,871.5,876.85
4122,2021-05-07 15:17:00,875.95,881.95,875.95,881.95,150,26650,879.04,876.8,881.55
4123,2021-05-07 15:18:00,881.95,881.95,881.95,881.95,25,26675,879.05,877.4,880.9
4124,2021-05-07 15:19:00,877.4,882.3,877.4,882.2,150,26675,879.05,880.65,883.6
4125,2021-05-07 15:20:00,875.0,875.0,858.25,870.2,200,26675,878.99,867.55,873.35
4126,2021-05-07 15:21:00,870.2,870.2,870.2,870.2,25,26675,878.98,870.0,874.4
4127,2021-05-07 15:22:00,870.15,879.65,870.15,879.65,100,26725,878.96,879.35,883.4
4128,2021-05-07 15:23:00,880.65,880.65,880.0,880.0,50,26725,878.97,879.75,883.75
4129,2021-05-07 15:24:00,880.65,885.7,878.45,884.25,250,26700,879.0,884.2,887.45
4130,2021-05-07 15:25:00,882.6,882.6,863.3,869.6,225,26700,878.94,863.35,869.2
4131,2021-05-07 15:26:00,867.55,872.45,864.6,871.3,250,26700,878.85,871.5,875.15
4132,2021-05-07 15:27:00,875.15,875.3,872.1,875.3,125,26700,878.83,870.05,873.65
4133,2021-05-07 15:28:00,872.6,872.75,871.0,872.75,125,26750,878.8,872.5,875.0
4134,2021-05-07 15:29:00,872.6,872.75,871.0,872.75,125,26750,878.8,872.5,875.0
4135,2021-05-07 15:30:00,875.0,885.9,875.0,885.9,175,26750,878.8,880.05,889.0
4136,2021-05-08 09:15:00,875.0,885.9,875.0,885.9,175,26750,878.8,880.05,889.0
4137,2021-05-08 09:16:00,875.0,885.9,875.0,885.9,175,26750,878.8,880.05,889.0
4138,2021-05-08 09:17:00,875.0,885.9,875.0,885.9,175,26750,878.8,880.05,889.0
4139,2021-05-08 09:18:00,875.0,885.9,875.0,885.9,175,26750,878.8,880.05,889.0
4140,2021-05-08 09:19:00,875.0,885.9,875.0,885.9,175,26750,878.8,880.05,889.0
4141,2021-05-08 09:20:00,875.0,885.9,875.0,885.9,175,26750,878.8,880.05,889.0
4142,2021-05-08 09:21:00,875.0,885.9,875.0,885.9,175,26750,878.8,880.05,889.0
4143,2021-05-08 09:22:00,875.0,885.9,875.0,885.9,175,26750,878.8,880.05,889.0
4144,2021-05-08 09:23:00,875.0,885.9,875.0,885.9,175,26750,878.8,880.05,889.0
4145,2021-05-08 09:24:00,875.0,885.9,875.0,885.9,175,26750,878.8,880.05,889.0
4146,2021-05-08 09:25:00,875.0,885.9,875.0,885.9,175,26750,878.8,880.05,889.0
4147,2021-05-08 09:26:00,875.0,885.9,875.0,885.9,175,26750,878.8,880.05,889.0
4148,2021-05-08 09:27:00,875.0,885.9,875.0,885.9,175,26750,878.8,880.05,889.0
4149,2021-05-08 09:28:00,875.0,885.9,875.0,885.9,175,26750,878.8,880.05,889.0
4150,2021-05-08 09:29:00,875.0,885.9,875.0,885.9,175,26750,878.8,880.05,889.0
4151,2021-05-08 09:30:00,875.0,885.9,875.0,885.9,175,26750,878.8,880.05,889.0
4152,2021-05-08 09:31:00,875.0,885.9,875.0,885.9,175,26750,878.8,880.05,889.0
4153,2021-05-08 09:32:00,875.0,885.9,875.0,885.9,175,26750,878.8,880.05,889.0
4154,2021-05-08 09:33:00,875.0,885.9,875.0,885.9,175,26750,878.8,880.05,889.0
4155,2021-05-08 09:34:00,875.0,885.9,875.0,885.9,175,26750,878.8,880.05,889.0
4156,2021-05-08 09:35:00,875.0,885.9,875.0,885.9,175,26750,878.8,880.05,889.0
4157,2021-05-08 09:36:00,875.0,885.9,875.0,885.9,175,26750,878.8,880.05,889.0
4158,2021-05-08 09:37:00,875.0,885.9,875.0,885.9,175,26750,878.8,880.05,889.0
4159,2021-05-08 09:38:00,875.0,885.9,875.0,885.9,175,26750,878.8,880.05,889.0
4160,2021-05-08 09:39:00,875.0,885.9,875.0,885.9,175,26750,878.8,880.05,889.0
4161,2021-05-08 09:40:00,875.0,885.9,875.0,885.9,175,26750,878.8,880.05,889.0
4162,2021-05-08 09:41:00,875.0,885.9,875.0,885.9,175,26750,878.8,880.05,889.0
4163,2021-05-08 09:42:00,875.0,885.9,875.0,885.9,175,26750,878.8,880.05,889.0
4164,2021-05-08 09:43:00,875.0,885.9,875.0,885.9,175,26750,878.8,880.05,889.0
4165,2021-05-08 09:44:00,875.0,885.9,875.0,885.9,175,26750,878.8,880.05,889.0
4166,2021-05-08 09:45:00,875.0,885.9,875.0,885.9,175,26750,878.8,880.05,889.0
4167,2021-05-08 09:46:00,875.0,885.9,875.0,885.9,175,26750,878.8,880.05,889.0
4168,2021-05-08 09:47:00,875.0,885.9,875.0,885.9,175,26750,878.8,880.05,889.0
4169,2021-05-08 09:48:00,875.0,885.9,875.0,885.9,175,26750,878.8,880.05,889.0
4170,2021-05-08 09:49:00,875.0,885.9,875.0,885.9,175,26750,878.8,880.05,889.0
4171,2021-05-08 09:50:00,875.0,885.9,875.0,885.9,175,26750,878.8,880.05,889.0
4172,2021-05-08 09:51:00,875.0,885.9,875.0,885.9,175,26750,878.8,880.05,889.0
4173,2021-05-08 09:52:00,875.0,885.9,875.0,885.9,175,26750,878.8,880.05,889.0
4174,2021-05-08 09:53:00,875.0,885.9,875.0,885.9,175,26750,878.8,880.05,889.0
4175,2021-05-08 09:54:00,875.0,885.9,875.0,885.9,175,26750,878.8,880.05,889.0
4176,2021-05-08 09:55:00,875.0,885.9,875.0,885.9,175,26750,878.8,880.05,889.0
4177,2021-05-08 09:56:00,875.0,885.9,875.0,885.9,175,26750,878.8,880.05,889.0
4178,2021-05-08 09:57:00,875.0,885.9,875.0,885.9,175,26750,878.8,880.05,889.0
4179,2021-05-08 09:58:00,875.0,885.9,875.0,885.9,175,26750,878.8,880.05,889.0
4180,2021-05-08 09:59:00,875.0,885.9,875.0,885.9,175,26750,878.8,880.05,889.0
4181,2021-05-08 10:00:00,875.0,885.9,875.0,885.9,175,26750,878.8,880.05,889.0
4182,2021-05-08 10:01:00,875.0,885.9,875.0,885.9,175,26750,878.8,880.05,889.0
4183,2021-05-08 10:02:00,875.0,885.9,875.0,885.9,175,26750,878.8,880.05,889.0
4184,2021-05-08 10:03:00,875.0,885.9,875.0,885.9,175,26750,878.8,880.05,889.0
4185,2021-05-08 10:04:00,875.0,885.9,875.0,885.9,175,26750,878.8,880.05,889.0
4186,2021-05-08 10:05:00,875.0,885.9,875.0,885.9,175,26750,878.8,880.05,889.0
4187,2021-05-08 10:06:00,875.0,885.9,875.0,885.9,175,26750,878.8,880.05,889.0
4188,2021-05-08 10:07:00,875.0,885.9,875.0,885.9,175,26750,878.8,880.05,889.0
4189,2021-05-08 10:08:00,875.0,885.9,875.0,885.9,175,26750,878.8,880.05,889.0
4190,2021-05-08 10:09:00,875.0,885.9,875.0,885.9,175,26750,878.8,880.05,889.0
4191,2021-05-08 10:10:00,875.0,885.9,875.0,885.9,175,26750,878.8,880.05,889.0
4192,2021-05-08 10:11:00,875.0,885.9,875.0,885.9,175,26750,878.8,880.05,889.0
4193,2021-05-08 10:12:00,875.0,885.9,875.0,885.9,175,26750,878.8,880.05,889.0
4194,2021-05-08 10:13:00,875.0,885.9,875.0,885.9,175,26750,878.8,880.05,889.0
4195,2021-05-08 10:14:00,875.0,885.9,875.0,885.9,175,26750,878.8,880.05,889.0
4196,2021-05-08 10:15:00,875.0,885.9,875.0,885.9,175,26750,878.8,880.05,889.0
4197,2021-05-08 10:16:00,875.0,885.9,875.0,885.9,175,26750,878.8,880.05,889.0
4198,2021-05-08 10:17:00,875.0,885.9,875.0,885.9,175,26750,878.8,880.05,889.0
4199,2021-05-08 10:18:00,875.0,885.9,875.0,885.9,175,26750,878.8,880.05,889.0
4200,2021-05-08 10:19:00,875.0,885.9,875.0,885.9,175,26750,878.8,880.05,889.0
4201,2021-05-08 10:20:00,875.0,885.9,875.0,885.9,175,26750,878.8,880.05,889.0
4202,2021-05-08 10:21:00,875.0,885.9,875.0,885.9,175,26750,878.8,880.05,889.0
4203,2021-05-08 10:22:00,875.0,885.9,875.0,885.9,175,26750,878.8,880.05,889.0
4204,2021-05-08 10:23:00,875.0,885.9,875.0,885.9,175,26750,878.8,880.05,889.0
4205,2021-05-08 10:24:00,875.0,885.9,875.0,885.9,175,26750,878.8,880.05,889.0
4206,2021-05-08 10:25:00,875.0,885.9,875.0,885.9,175,26750,878.8,880.05,889.0
4207,2021-05-08 10:26:00,875.0,885.9,875.0,885.9,175,26750,878.8,880.05,889.0
4208,2021-05-08 10:27:00,875.0,885.9,875.0,885.9,175,26750,878.8,880.05,889.0
4209,2021-05-08 10:28:00,875.0,885.9,875.0,885.9,175,26750,878.8,880.05,889.0
4210,2021-05-08 10:29:00,875.0,885.9,875.0,885.9,175,26750,878.8,880.05,889.0
4211,2021-05-08 10:30:00,875.0,885.9,875.0,885.9,175,26750,878.8,880.05,889.0
4212,2021-05-08 10:31:00,875.0,885.9,875.0,885.9,175,26750,878.8,880.05,889.0
4213,2021-05-08 10:32:00,875.0,885.9,875.0,885.9,175,26750,878.8,880.05,889.0
4214,2021-05-08 10:33:00,875.0,885.9,875.0,885.9,175,26750,878.8,880.05,889.0
4215,2021-05-08 10:34:00,875.0,885.9,875.0,885.9,175,26750,878.8,880.05,889.0
4216,2021-05-08 10:35:00,875.0,885.9,875.0,885.9,175,26750,878.8,880.05,889.0
4217,2021-05-08 10:36:00,875.0,885.9,875.0,885.9,175,26750,878.8,880.05,889.0
4218,2021-05-08 10:37:00,875.0,885.9,875.0,885.9,175,26750,878.8,880.05,889.0
4219,2021-05-08 10:38:00,875.0,885.9,875.0,885.9,175,26750,878.8,880.05,889.0
4220,2021-05-08 10:39:00,875.0,885.9,875.0,885.9,175,26750,878.8,880.05,889.0
4221,2021-05-08 10:40:00,875.0,885.9,875.0,885.9,175,26750,878.8,880.05,889.0
4222,2021-05-08 10:41:00,875.0,885.9,875.0,885.9,175,26750,878.8,880.05,889.0
4223,2021-05-08 10:42:00,875.0,885.9,875.0,885.9,175,26750,878.8,880.05,889.0
4224,2021-05-08 10:43:00,875.0,885.9,875.0,885.9,175,26750,878.8,880.05,889.0
4225,2021-05-08 10:44:00,875.0,885.9,875.0,885.9,175,26750,878.8,880.05,889.0
4226,2021-05-08 10:45:00,875.0,885.9,875.0,885.9,175,26750,878.8,880.05,889.0
4227,2021-05-08 10:46:00,875.0,885.9,875.0,885.9,175,26750,878.8,880.05,889.0
4228,2021-05-08 10:47:00,875.0,885.9,875.0,885.9,175,26750,878.8,880.05,889.0
4229,2021-05-08 10:48:00,875.0,885.9,875.0,885.9,175,26750,878.8,880.05,889.0
4230,2021-05-08 10:49:00,875.0,885.9,875.0,885.9,175,26750,878.8,880.05,889.0
4231,2021-05-08 10:50:00,875.0,885.9,875.0,885.9,175,26750,878.8,880.05,889.0
4232,2021-05-08 10:51:00,875.0,885.9,875.0,885.9,175,26750,878.8,880.05,889.0
4233,2021-05-08 10:52:00,875.0,885.9,875.0,885.9,175,26750,878.8,880.05,889.0
4234,2021-05-08 10:53:00,875.0,885.9,875.0,885.9,175,26750,878.8,880.05,889.0
4235,2021-05-08 10:54:00,875.0,885.9,875.0,885.9,175,26750,878.8,880.05,889.0
4236,2021-05-08 10:55:00,875.0,885.9,875.0,885.9,175,26750,878.8,880.05,889.0
4237,2021-05-08 10:56:00,875.0,885.9,875.0,885.9,175,26750,878.8,880.05,889.0
4238,2021-05-08 10:57:00,875.0,885.9,875.0,885.9,175,26750,878.8,880.05,889.0
4239,2021-05-08 10:58:00,875.0,885.9,875.0,885.9,175,26750,878.8,880.05,889.0
4240,2021-05-08 10:59:00,875.0,885.9,875.0,885.9,175,26750,878.8,880.05,889.0
4241,2021-05-08 11:00:00,875.0,885.9,875.0,885.9,175,26750,878.8,880.05,889.0
4242,2021-05-08 11:01:00,875.0,885.9,875.0,885.9,175,26750,878.8,880.05,889.0
4243,2021-05-08 11:02:00,875.0,885.9,875.0,885.9,175,26750,878.8,880.05,889.0
4244,2021-05-08 11:03:00,875.0,885.9,875.0,885.9,175,26750,878.8,880.05,889.0
4245,2021-05-08 11:04:00,875.0,885.9,875.0,885.9,175,26750,878.8,880.05,889.0
4246,2021-05-08 11:05:00,875.0,885.9,875.0,885.9,175,26750,878.8,880.05,889.0
4247,2021-05-08 11:06:00,875.0,885.9,875.0,885.9,175,26750,878.8,880.05,889.0
4248,2021-05-08 11:07:00,875.0,885.9,875.0,885.9,175,26750,878.8,880.05,889.0
4249,2021-05-08 11:08:00,875.0,885.9,875.0,885.9,175,26750,878.8,880.05,889.0
4250,2021-05-08 11:09:00,875.0,885.9,875.0,885.9,175,26750,878.8,880.05,889.0
4251,2021-05-08 11:10:00,875.0,885.9,875.0,885.9,175,26750,878.8,880.05,889.0
4252,2021-05-08 11:11:00,875.0,885.9,875.0,885.9,175,26750,878.8,880.05,889.0
4253,2021-05-08 11:12:00,875.0,885.9,875.0,885.9,175,26750,878.8,880.05,889.0
4254,2021-05-08 11:13:00,875.0,885.9,875.0,885.9,175,26750,878.8,880.05,889.0
4255,2021-05-08 11:14:00,875.0,885.9,875.0,885.9,175,26750,878.8,880.05,889.0
4256,2021-05-08 11:15:00,875.0,885.9,875.0,885.9,175,26750,878.8,880.05,889.0
4257,2021-05-08 11:16:00,875.0,885.9,875.0,885.9,175,26750,878.8,880.05,889.0
4258,2021-05-08 11:17:00,875.0,885.9,875.0,885.9,175,26750,878.8,880.05,889.0
4259,2021-05-08 11:18:00,875.0,885.9,875.0,885.9,175,26750,878.8,880.05,889.0
4260,2021-05-08 11:19:00,875.0,885.9,875.0,885.9,175,26750,878.8,880.05,889.0
4261,2021-05-08 11:20:00,875.0,885.9,875.0,885.9,175,26750,878.8,880.05,889.0
4262,2021-05-08 11:21:00,875.0,885.9,875.0,885.9,175,26750,878.8,880.05,889.0
4263,2021-05-08 11:22:00,875.0,885.9,875.0,885.9,175,26750,878.8,880.05,889.0
4264,2021-05-08 11:23:00,875.0,885.9,875.0,885.9,175,26750,878.8,880.05,889.0
4265,2021-05-08 11:24:00,875.0,885.9,875.0,885.9,175,26750,878.8,880.05,889.0
4266,2021-05-08 11:25:00,875.0,885.9,875.0,885.9,175,26750,878.8,880.05,889.0
4267,2021-05-08 11:26:00,875.0,885.9,875.0,885.9,175,26750,878.8,880.05,889.0
4268,2021-05-08 11:27:00,875.0,885.9,875.0,885.9,175,26750,878.8,880.05,889.0
4269,2021-05-08 11:28:00,875.0,885.9,875.0,885.9,175,26750,878.8,880.05,889.0
4270,2021-05-08 11:29:00,875.0,885.9,875.0,885.9,175,26750,878.8,880.05,889.0
4271,2021-05-08 11:30:00,875.0,885.9,875.0,885.9,175,26750,878.8,880.05,889.0
4272,2021-05-08 11:31:00,875.0,885.9,875.0,885.9,175,26750,878.8,880.05,889.0
4273,2021-05-08 11:32:00,875.0,885.9,875.0,885.9,175,26750,878.8,880.05,889.0
4274,2021-05-08 11:33:00,875.0,885.9,875.0,885.9,175,26750,878.8,880.05,889.0
4275,2021-05-08 11:34:00,875.0,885.9,875.0,885.9,175,26750,878.8,880.05,889.0
4276,2021-05-08 11:35:00,875.0,885.9,875.0,885.9,175,26750,878.8,880.05,889.0
4277,2021-05-08 11:36:00,875.0,885.9,875.0,885.9,175,26750,878.8,880.05,889.0
4278,2021-05-08 11:37:00,875.0,885.9,875.0,885.9,175,26750,878.8,880.05,889.0
4279,2021-05-08 11:38:00,875.0,885.9,875.0,885.9,175,26750,878.8,880.05,889.0
4280,2021-05-08 11:39:00,875.0,885.9,875.0,885.9,175,26750,878.8,880.05,889.0
4281,2021-05-08 11:40:00,875.0,885.9,875.0,885.9,175,26750,878.8,880.05,889.0
4282,2021-05-08 11:41:00,875.0,885.9,875.0,885.9,175,26750,878.8,880.05,889.0
4283,2021-05-08 11:42:00,875.0,885.9,875.0,885.9,175,26750,878.8,880.05,889.0
4284,2021-05-08 11:43:00,875.0,885.9,875.0,885.9,175,26750,878.8,880.05,889.0
4285,2021-05-08 11:44:00,875.0,885.9,875.0,885.9,175,26750,878.8,880.05,889.0
4286,2021-05-08 11:45:00,875.0,885.9,875.0,885.9,175,26750,878.8,880.05,889.0
4287,2021-05-08 11:46:00,875.0,885.9,875.0,885.9,175,26750,878.8,880.05,889.0
4288,2021-05-08 11:47:00,875.0,885.9,875.0,885.9,175,26750,878.8,880.05,889.0
4289,2021-05-08 11:48:00,875.0,885.9,875.0,885.9,175,26750,878.8,880.05,889.0
4290,2021-05-08 11:49:00,875.0,885.9,875.0,885.9,175,26750,878.8,880.05,889.0
4291,2021-05-08 11:50:00,875.0,885.9,875.0,885.9,175,26750,878.8,880.05,889.0
4292,2021-05-08 11:51:00,875.0,885.9,875.0,885.9,175,26750,878.8,880.05,889.0
4293,2021-05-08 11:52:00,875.0,885.9,875.0,885.9,175,26750,878.8,880.05,889.0
4294,2021-05-08 11:53:00,875.0,885.9,875.0,885.9,175,26750,878.8,880.05,889.0
4295,2021-05-08 11:54:00,875.0,885.9,875.0,885.9,175,26750,878.8,880.05,889.0
4296,2021-05-08 11:55:00,875.0,885.9,875.0,885.9,175,26750,878.8,880.05,889.0
4297,2021-05-08 11:56:00,875.0,885.9,875.0,885.9,175,26750,878.8,880.05,889.0
4298,2021-05-08 11:57:00,875.0,885.9,875.0,885.9,175,26750,878.8,880.05,889.0
4299,2021-05-08 11:58:00,875.0,885.9,875.0,885.9,175,26750,878.8,880.05,889.0
4300,2021-05-08 11:59:00,875.0,885.9,875.0,885.9,175,26750,878.8,880.05,889.0
4301,2021-05-08 12:00:00,875.0,885.9,875.0,885.9,175,26750,878.8,880.05,889.0
4302,2021-05-08 12:01:00,875.0,885.9,875.0,885.9,175,26750,878.8,880.05,889.0
4303,2021-05-08 12:02:00,875.0,885.9,875.0,885.9,175,26750,878.8,880.05,889.0
4304,2021-05-08 12:03:00,875.0,885.9,875.0,885.9,175,26750,878.8,880.05,889.0
4305,2021-05-08 12:04:00,875.0,885.9,875.0,885.9,175,26750,878.8,880.05,889.0
4306,2021-05-08 12:05:00,875.0,885.9,875.0,885.9,175,26750,878.8,880.05,889.0
4307,2021-05-08 12:06:00,875.0,885.9,875.0,885.9,175,26750,878.8,880.05,889.0
4308,2021-05-08 12:07:00,875.0,885.9,875.0,885.9,175,26750,878.8,880.05,889.0
4309,2021-05-08 12:08:00,875.0,885.9,875.0,885.9,175,26750,878.8,880.05,889.0
4310,2021-05-08 12:09:00,875.0,885.9,875.0,885.9,175,26750,878.8,880.05,889.0
4311,2021-05-08 12:10:00,875.0,885.9,875.0,885.9,175,26750,878.8,880.05,889.0
4312,2021-05-08 12:11:00,875.0,885.9,875.0,885.9,175,26750,878.8,880.05,889.0
4313,2021-05-08 12:12:00,875.0,885.9,875.0,885.9,175,26750,878.8,880.05,889.0
4314,2021-05-08 12:13:00,875.0,885.9,875.0,885.9,175,26750,878.8,880.05,889.0
4315,2021-05-08 12:14:00,875.0,885.9,875.0,885.9,175,26750,878.8,880.05,889.0
4316,2021-05-08 12:15:00,875.0,885.9,875.0,885.9,175,26750,878.8,880.05,889.0
4317,2021-05-08 12:16:00,875.0,885.9,875.0,885.9,175,26750,878.8,880.05,889.0
4318,2021-05-08 12:17:00,875.0,885.9,875.0,885.9,175,26750,878.8,880.05,889.0
4319,2021-05-08 12:18:00,875.0,885.9,875.0,885.9,175,26750,878.8,880.05,889.0
4320,2021-05-08 12:19:00,875.0,885.9,875.0,885.9,175,26750,878.8,880.05,889.0
4321,2021-05-08 12:20:00,875.0,885.9,875.0,885.9,175,26750,878.8,880.05,889.0
4322,2021-05-08 12:21:00,875.0,885.9,875.0,885.9,175,26750,878.8,880.05,889.0
4323,2021-05-08 12:22:00,875.0,885.9,875.0,885.9,175,26750,878.8,880.05,889.0
4324,2021-05-08 12:23:00,875.0,885.9,875.0,885.9,175,26750,878.8,880.05,889.0
4325,2021-05-08 12:24:00,875.0,885.9,875.0,885.9,175,26750,878.8,880.05,889.0
4326,2021-05-08 12:25:00,875.0,885.9,875.0,885.9,175,26750,878.8,880.05,889.0
4327,2021-05-08 12:26:00,875.0,885.9,875.0,885.9,175,26750,878.8,880.05,889.0
4328,2021-05-08 12:27:00,875.0,885.9,875.0,885.9,175,26750,878.8,880.05,889.0
4329,2021-05-08 12:28:00,875.0,885.9,875.0,885.9,175,26750,878.8,880.05,889.0
4330,2021-05-08 12:29:00,875.0,885.9,875.0,885.9,175,26750,878.8,880.05,889.0
4331,2021-05-08 12:30:00,875.0,885.9,875.0,885.9,175,26750,878.8,880.05,889.0
4332,2021-05-08 12:31:00,875.0,885.9,875.0,885.9,175,26750,878.8,880.05,889.0
4333,2021-05-08 12:32:00,875.0,885.9,875.0,885.9,175,26750,878.8,880.05,889.0
4334,2021-05-08 12:33:00,875.0,885.9,875.0,885.9,175,26750,878.8,880.05,889.0
4335,2021-05-08 12:34:00,875.0,885.9,875.0,885.9,175,26750,878.8,880.05,889.0
4336,2021-05-08 12:35:00,875.0,885.9,875.0,885.9,175,26750,878.8,880.05,889.0
4337,2021-05-08 12:36:00,875.0,885.9,875.0,885.9,175,26750,878.8,880.05,889.0
4338,2021-05-08 12:37:00,875.0,885.9,875.0,885.9,175,26750,878.8,880.05,889.0
4339,2021-05-08 12:38:00,875.0,885.9,875.0,885.9,175,26750,878.8,880.05,889.0
4340,2021-05-08 12:39:00,875.0,885.9,875.0,885.9,175,26750,878.8,880.05,889.0
4341,2021-05-08 12:40:00,875.0,885.9,875.0,885.9,175,26750,878.8,880.05,889.0
4342,2021-05-08 12:41:00,875.0,885.9,875.0,885.9,175,26750,878.8,880.05,889.0
4343,2021-05-08 12:42:00,875.0,885.9,875.0,885.9,175,26750,878.8,880.05,889.0
4344,2021-05-08 12:43:00,875.0,885.9,875.0,885.9,175,26750,878.8,880.05,889.0
4345,2021-05-08 12:44:00,875.0,885.9,875.0,885.9,175,26750,878.8,880.05,889.0
4346,2021-05-08 12:45:00,875.0,885.9,875.0,885.9,175,26750,878.8,880.05,889.0
4347,2021-05-08 12:46:00,875.0,885.9,875.0,885.9,175,26750,878.8,880.05,889.0
4348,2021-05-08 12:47:00,875.0,885.9,875.0,885.9,175,26750,878.8,880.05,889.0
4349,2021-05-08 12:48:00,875.0,885.9,875.0,885.9,175,26750,878.8,880.05,889.0
4350,2021-05-08 12:49:00,875.0,885.9,875.0,885.9,175,26750,878.8,880.05,889.0
4351,2021-05-08 12:50:00,875.0,885.9,875.0,885.9,175,26750,878.8,880.05,889.0
4352,2021-05-08 12:51:00,875.0,885.9,875.0,885.9,175,26750,878.8,880.05,889.0
4353,2021-05-08 12:52:00,875.0,885.9,875.0,885.9,175,26750,878.8,880.05,889.0
4354,2021-05-08 12:53:00,875.0,885.9,875.0,885.9,175,26750,878.8,880.05,889.0
4355,2021-05-08 12:54:00,875.0,885.9,875.0,885.9,175,26750,878.8,880.05,889.0
4356,2021-05-08 12:55:00,875.0,885.9,875.0,885.9,175,26750,878.8,880.05,889.0
4357,2021-05-08 12:56:00,875.0,885.9,875.0,885.9,175,26750,878.8,880.05,889.0
4358,2021-05-08 12:57:00,875.0,885.9,875.0,885.9,175,26750,878.8,880.05,889.0
4359,2021-05-08 12:58:00,875.0,885.9,875.0,885.9,175,26750,878.8,880.05,889.0
4360,2021-05-08 12:59:00,875.0,885.9,875.0,885.9,175,26750,878.8,880.05,889.0
4361,2021-05-08 13:00:00,875.0,885.9,875.0,885.9,175,26750,878.8,880.05,889.0
4362,2021-05-08 13:01:00,875.0,885.9,875.0,885.9,175,26750,878.8,880.05,889.0
4363,2021-05-08 13:02:00,875.0,885.9,875.0,885.9,175,26750,878.8,880.05,889.0
4364,2021-05-08 13:03:00,875.0,885.9,875.0,885.9,175,26750,878.8,880.05,889.0
4365,2021-05-08 13:04:00,875.0,885.9,875.0,885.9,175,26750,878.8,880.05,889.0
4366,2021-05-08 13:05:00,875.0,885.9,875.0,885.9,175,26750,878.8,880.05,889.0
4367,2021-05-08 13:06:00,875.0,885.9,875.0,885.9,175,26750,878.8,880.05,889.0
4368,2021-05-08 13:07:00,875.0,885.9,875.0,885.9,175,26750,878.8,880.05,889.0
4369,2021-05-08 13:08:00,875.0,885.9,875.0,885.9,175,26750,878.8,880.05,889.0
4370,2021-05-08 13:09:00,875.0,885.9,875.0,885.9,175,26750,878.8,880.05,889.0
4371,2021-05-08 13:10:00,875.0,885.9,875.0,885.9,175,26750,878.8,880.05,889.0
4372,2021-05-08 13:11:00,875.0,885.9,875.0,885.9,175,26750,878.8,880.05,889.0
4373,2021-05-08 13:12:00,875.0,885.9,875.0,885.9,175,26750,878.8,880.05,889.0
4374,2021-05-08 13:13:00,875.0,885.9,875.0,885.9,175,26750,878.8,880.05,889.0
4375,2021-05-08 13:14:00,875.0,885.9,875.0,885.9,175,26750,878.8,880.05,889.0
4376,2021-05-08 13:15:00,875.0,885.9,875.0,885.9,175,26750,878.8,880.05,889.0
4377,2021-05-08 13:16:00,875.0,885.9,875.0,885.9,175,26750,878.8,880.05,889.0
4378,2021-05-08 13:17:00,875.0,885.9,875.0,885.9,175,26750,878.8,880.05,889.0
4379,2021-05-08 13:18:00,875.0,885.9,875.0,885.9,175,26750,878.8,880.05,889.0
4380,2021-05-08 13:19:00,875.0,885.9,875.0,885.9,175,26750,878.8,880.05,889.0
4381,2021-05-08 13:20:00,875.0,885.9,875.0,885.9,175,26750,878.8,880.05,889.0
4382,2021-05-08 13:21:00,875.0,885.9,875.0,885.9,175,26750,878.8,880.05,889.0
4383,2021-05-08 13:22:00,875.0,885.9,875.0,885.9,175,26750,878.8,880.05,889.0
4384,2021-05-08 13:23:00,875.0,885.9,875.0,885.9,175,26750,878.8,880.05,889.0
4385,2021-05-08 13:24:00,875.0,885.9,875.0,885.9,175,26750,878.8,880.05,889.0
4386,2021-05-08 13:25:00,875.0,885.9,875.0,885.9,175,26750,878.8,880.05,889.0
4387,2021-05-08 13:26:00,875.0,885.9,875.0,885.9,175,26750,878.8,880.05,889.0
4388,2021-05-08 13:27:00,875.0,885.9,875.0,885.9,175,26750,878.8,880.05,889.0
4389,2021-05-08 13:28:00,875.0,885.9,875.0,885.9,175,26750,878.8,880.05,889.0
4390,2021-05-08 13:29:00,875.0,885.9,875.0,885.9,175,26750,878.8,880.05,889.0
4391,2021-05-08 13:30:00,875.0,885.9,875.0,885.9,175,26750,878.8,880.05,889.0
4392,2021-05-08 13:31:00,875.0,885.9,875.0,885.9,175,26750,878.8,880.05,889.0
4393,2021-05-08 13:32:00,875.0,885.9,875.0,885.9,175,26750,878.8,880.05,889.0
4394,2021-05-08 13:33:00,875.0,885.9,875.0,885.9,175,26750,878.8,880.05,889.0
4395,2021-05-08 13:34:00,875.0,885.9,875.0,885.9,175,26750,878.8,880.05,889.0
4396,2021-05-08 13:35:00,875.0,885.9,875.0,885.9,175,26750,878.8,880.05,889.0
4397,2021-05-08 13:36:00,875.0,885.9,875.0,885.9,175,26750,878.8,880.05,889.0
4398,2021-05-08 13:37:00,875.0,885.9,875.0,885.9,175,26750,878.8,880.05,889.0
4399,2021-05-08 13:38:00,875.0,885.9,875.0,885.9,175,26750,878.8,880.05,889.0
4400,2021-05-08 13:39:00,875.0,885.9,875.0,885.9,175,26750,878.8,880.05,889.0
4401,2021-05-08 13:40:00,875.0,885.9,875.0,885.9,175,26750,878.8,880.05,889.0
4402,2021-05-08 13:41:00,875.0,885.9,875.0,885.9,175,26750,878.8,880.05,889.0
4403,2021-05-08 13:42:00,875.0,885.9,875.0,885.9,175,26750,878.8,880.05,889.0
4404,2021-05-08 13:43:00,875.0,885.9,875.0,885.9,175,26750,878.8,880.05,889.0
4405,2021-05-08 13:44:00,875.0,885.9,875.0,885.9,175,26750,878.8,880.05,889.0
4406,2021-05-08 13:45:00,875.0,885.9,875.0,885.9,175,26750,878.8,880.05,889.0
4407,2021-05-08 13:46:00,875.0,885.9,875.0,885.9,175,26750,878.8,880.05,889.0
4408,2021-05-08 13:47:00,875.0,885.9,875.0,885.9,175,26750,878.8,880.05,889.0
4409,2021-05-08 13:48:00,875.0,885.9,875.0,885.9,175,26750,878.8,880.05,889.0
4410,2021-05-08 13:49:00,875.0,885.9,875.0,885.9,175,26750,878.8,880.05,889.0
4411,2021-05-08 13:50:00,875.0,885.9,875.0,885.9,175,26750,878.8,880.05,889.0
4412,2021-05-08 13:51:00,875.0,885.9,875.0,885.9,175,26750,878.8,880.05,889.0
4413,2021-05-08 13:52:00,875.0,885.9,875.0,885.9,175,26750,878.8,880.05,889.0
4414,2021-05-08 13:53:00,875.0,885.9,875.0,885.9,175,26750,878.8,880.05,889.0
4415,2021-05-08 13:54:00,875.0,885.9,875.0,885.9,175,26750,878.8,880.05,889.0
4416,2021-05-08 13:55:00,875.0,885.9,875.0,885.9,175,26750,878.8,880.05,889.0
4417,2021-05-08 13:56:00,875.0,885.9,875.0,885.9,175,26750,878.8,880.05,889.0
4418,2021-05-08 13:57:00,875.0,885.9,875.0,885.9,175,26750,878.8,880.05,889.0
4419,2021-05-08 13:58:00,875.0,885.9,875.0,885.9,175,26750,878.8,880.05,889.0
4420,2021-05-08 13:59:00,875.0,885.9,875.0,885.9,175,26750,878.8,880.05,889.0
4421,2021-05-08 14:00:00,875.0,885.9,875.0,885.9,175,26750,878.8,880.05,889.0
4422,2021-05-08 14:01:00,875.0,885.9,875.0,885.9,175,26750,878.8,880.05,889.0
4423,2021-05-08 14:02:00,875.0,885.9,875.0,885.9,175,26750,878.8,880.05,889.0
4424,2021-05-08 14:03:00,875.0,885.9,875.0,885.9,175,26750,878.8,880.05,889.0
4425,2021-05-08 14:04:00,875.0,885.9,875.0,885.9,175,26750,878.8,880.05,889.0
4426,2021-05-08 14:05:00,875.0,885.9,875.0,885.9,175,26750,878.8,880.05,889.0
4427,2021-05-08 14:06:00,875.0,885.9,875.0,885.9,175,26750,878.8,880.05,889.0
4428,2021-05-08 14:07:00,875.0,885.9,875.0,885.9,175,26750,878.8,880.05,889.0
4429,2021-05-08 14:08:00,875.0,885.9,875.0,885.9,175,26750,878.8,880.05,889.0
4430,2021-05-08 14:09:00,875.0,885.9,875.0,885.9,175,26750,878.8,880.05,889.0
4431,2021-05-08 14:10:00,875.0,885.9,875.0,885.9,175,26750,878.8,880.05,889.0
4432,2021-05-08 14:11:00,875.0,885.9,875.0,885.9,175,26750,878.8,880.05,889.0
4433,2021-05-08 14:12:00,875.0,885.9,875.0,885.9,175,26750,878.8,880.05,889.0
4434,2021-05-08 14:13:00,875.0,885.9,875.0,885.9,175,26750,878.8,880.05,889.0
4435,2021-05-08 14:14:00,875.0,885.9,875.0,885.9,175,26750,878.8,880.05,889.0
4436,2021-05-08 14:15:00,875.0,885.9,875.0,885.9,175,26750,878.8,880.05,889.0
4437,2021-05-08 14:16:00,875.0,885.9,875.0,885.9,175,26750,878.8,880.05,889.0
4438,2021-05-08 14:17:00,875.0,885.9,875.0,885.9,175,26750,878.8,880.05,889.0
4439,2021-05-08 14:18:00,875.0,885.9,875.0,885.9,175,26750,878.8,880.05,889.0
4440,2021-05-08 14:19:00,875.0,885.9,875.0,885.9,175,26750,878.8,880.05,889.0
4441,2021-05-08 14:20:00,875.0,885.9,875.0,885.9,175,26750,878.8,880.05,889.0
4442,2021-05-08 14:21:00,875.0,885.9,875.0,885.9,175,26750,878.8,880.05,889.0
4443,2021-05-08 14:22:00,875.0,885.9,875.0,885.9,175,26750,878.8,880.05,889.0
4444,2021-05-08 14:23:00,875.0,885.9,875.0,885.9,175,26750,878.8,880.05,889.0
4445,2021-05-08 14:24:00,875.0,885.9,875.0,885.9,175,26750,878.8,880.05,889.0
4446,2021-05-08 14:25:00,875.0,885.9,875.0,885.9,175,26750,878.8,880.05,889.0
4447,2021-05-08 14:26:00,875.0,885.9,875.0,885.9,175,26750,878.8,880.05,889.0
4448,2021-05-08 14:27:00,875.0,885.9,875.0,885.9,175,26750,878.8,880.05,889.0
4449,2021-05-08 14:28:00,875.0,885.9,875.0,885.9,175,26750,878.8,880.05,889.0
4450,2021-05-08 14:29:00,875.0,885.9,875.0,885.9,175,26750,878.8,880.05,889.0
4451,2021-05-08 14:30:00,875.0,885.9,875.0,885.9,175,26750,878.8,880.05,889.0
4452,2021-05-08 14:31:00,875.0,885.9,875.0,885.9,175,26750,878.8,880.05,889.0
4453,2021-05-08 14:32:00,875.0,885.9,875.0,885.9,175,26750,878.8,880.05,889.0
4454,2021-05-08 14:33:00,875.0,885.9,875.0,885.9,175,26750,878.8,880.05,889.0
4455,2021-05-08 14:34:00,875.0,885.9,875.0,885.9,175,26750,878.8,880.05,889.0
4456,2021-05-08 14:35:00,875.0,885.9,875.0,885.9,175,26750,878.8,880.05,889.0
4457,2021-05-08 14:36:00,875.0,885.9,875.0,885.9,175,26750,878.8,880.05,889.0
4458,2021-05-08 14:37:00,875.0,885.9,875.0,885.9,175,26750,878.8,880.05,889.0
4459,2021-05-08 14:38:00,875.0,885.9,875.0,885.9,175,26750,878.8,880.05,889.0
4460,2021-05-08 14:39:00,875.0,885.9,875.0,885.9,175,26750,878.8,880.05,889.0
4461,2021-05-08 14:40:00,875.0,885.9,875.0,885.9,175,26750,878.8,880.05,889.0
4462,2021-05-08 14:41:00,875.0,885.9,875.0,885.9,175,26750,878.8,880.05,889.0
4463,2021-05-08 14:42:00,875.0,885.9,875.0,885.9,175,26750,878.8,880.05,889.0
4464,2021-05-08 14:43:00,875.0,885.9,875.0,885.9,175,26750,878.8,880.05,889.0
4465,2021-05-08 14:44:00,875.0,885.9,875.0,885.9,175,26750,878.8,880.05,889.0
4466,2021-05-08 14:45:00,875.0,885.9,875.0,885.9,175,26750,878.8,880.05,889.0
4467,2021-05-08 14:46:00,875.0,885.9,875.0,885.9,175,26750,878.8,880.05,889.0
4468,2021-05-08 14:47:00,875.0,885.9,875.0,885.9,175,26750,878.8,880.05,889.0
4469,2021-05-08 14:48:00,875.0,885.9,875.0,885.9,175,26750,878.8,880.05,889.0
4470,2021-05-08 14:49:00,875.0,885.9,875.0,885.9,175,26750,878.8,880.05,889.0
4471,2021-05-08 14:50:00,875.0,885.9,875.0,885.9,175,26750,878.8,880.05,889.0
4472,2021-05-08 14:51:00,875.0,885.9,875.0,885.9,175,26750,878.8,880.05,889.0
4473,2021-05-08 14:52:00,875.0,885.9,875.0,885.9,175,26750,878.8,880.05,889.0
4474,2021-05-08 14:53:00,875.0,885.9,875.0,885.9,175,26750,878.8,880.05,889.0
4475,2021-05-08 14:54:00,875.0,885.9,875.0,885.9,175,26750,878.8,880.05,889.0
4476,2021-05-08 14:55:00,875.0,885.9,875.0,885.9,175,26750,878.8,880.05,889.0
4477,2021-05-08 14:56:00,875.0,885.9,875.0,885.9,175,26750,878.8,880.05,889.0
4478,2021-05-08 14:57:00,875.0,885.9,875.0,885.9,175,26750,878.8,880.05,889.0
4479,2021-05-08 14:58:00,875.0,885.9,875.0,885.9,175,26750,878.8,880.05,889.0
4480,2021-05-08 14:59:00,875.0,885.9,875.0,885.9,175,26750,878.8,880.05,889.0
4481,2021-05-08 15:00:00,875.0,885.9,875.0,885.9,175,26750,878.8,880.05,889.0
4482,2021-05-08 15:01:00,875.0,885.9,875.0,885.9,175,26750,878.8,880.05,889.0
4483,2021-05-08 15:02:00,875.0,885.9,875.0,885.9,175,26750,878.8,880.05,889.0
4484,2021-05-08 15:03:00,875.0,885.9,875.0,885.9,175,26750,878.8,880.05,889.0
4485,2021-05-08 15:04:00,875.0,885.9,875.0,885.9,175,26750,878.8,880.05,889.0
4486,2021-05-08 15:05:00,875.0,885.9,875.0,885.9,175,26750,878.8,880.05,889.0
4487,2021-05-08 15:06:00,875.0,885.9,875.0,885.9,175,26750,878.8,880.05,889.0
4488,2021-05-08 15:07:00,875.0,885.9,875.0,885.9,175,26750,878.8,880.05,889.0
4489,2021-05-08 15:08:00,875.0,885.9,875.0,885.9,175,26750,878.8,880.05,889.0
4490,2021-05-08 15:09:00,875.0,885.9,875.0,885.9,175,26750,878.8,880.05,889.0
4491,2021-05-08 15:10:00,875.0,885.9,875.0,885.9,175,26750,878.8,880.05,889.0
4492,2021-05-08 15:11:00,875.0,885.9,875.0,885.9,175,26750,878.8,880.05,889.0
4493,2021-05-08 15:12:00,875.0,885.9,875.0,885.9,175,26750,878.8,880.05,889.0
4494,2021-05-08 15:13:00,875.0,885.9,875.0,885.9,175,26750,878.8,880.05,889.0
4495,2021-05-08 15:14:00,875.0,885.9,875.0,885.9,175,26750,878.8,880.05,889.0
4496,2021-05-08 15:15:00,875.0,885.9,875.0,885.9,175,26750,878.8,880.05,889.0
4497,2021-05-08 15:16:00,875.0,885.9,875.0,885.9,175,26750,878.8,880.05,889.0
4498,2021-05-08 15:17:00,875.0,885.9,875.0,885.9,175,26750,878.8,880.05,889.0
4499,2021-05-08 15:18:00,875.0,885.9,875.0,885.9,175,26750,878.8,880.05,889.0
4500,2021-05-08 15:19:00,875.0,885.9,875.0,885.9,175,26750,878.8,880.05,889.0
4501,2021-05-08 15:20:00,875.0,885.9,875.0,885.9,175,26750,878.8,880.05,889.0
4502,2021-05-08 15:21:00,875.0,885.9,875.0,885.9,175,26750,878.8,880.05,889.0
4503,2021-05-08 15:22:00,875.0,885.9,875.0,885.9,175,26750,878.8,880.05,889.0
4504,2021-05-08 15:23:00,875.0,885.9,875.0,885.9,175,26750,878.8,880.05,889.0
4505,2021-05-08 15:24:00,875.0,885.9,875.0,885.9,175,26750,878.8,880.05,889.0
4506,2021-05-08 15:25:00,875.0,885.9,875.0,885.9,175,26750,878.8,880.05,889.0
4507,2021-05-08 15:26:00,875.0,885.9,875.0,885.9,175,26750,878.8,880.05,889.0
4508,2021-05-08 15:27:00,875.0,885.9,875.0,885.9,175,26750,878.8,880.05,889.0
4509,2021-05-08 15:28:00,875.0,885.9,875.0,885.9,175,26750,878.8,880.05,889.0
4510,2021-05-08 15:29:00,875.0,885.9,875.0,885.9,175,26750,878.8,880.05,889.0
4511,2021-05-08 15:30:00,875.0,885.9,875.0,885.9,175,26750,878.8,880.05,889.0
4512,2021-05-09 09:15:00,875.0,885.9,875.0,885.9,175,26750,878.8,880.05,889.0
4513,2021-05-09 09:16:00,875.0,885.9,875.0,885.9,175,26750,878.8,880.05,889.0
4514,2021-05-09 09:17:00,875.0,885.9,875.0,885.9,175,26750,878.8,880.05,889.0
4515,2021-05-09 09:18:00,875.0,885.9,875.0,885.9,175,26750,878.8,880.05,889.0
4516,2021-05-09 09:19:00,875.0,885.9,875.0,885.9,175,26750,878.8,880.05,889.0
4517,2021-05-09 09:20:00,875.0,885.9,875.0,885.9,175,26750,878.8,880.05,889.0
4518,2021-05-09 09:21:00,875.0,885.9,875.0,885.9,175,26750,878.8,880.05,889.0
4519,2021-05-09 09:22:00,875.0,885.9,875.0,885.9,175,26750,878.8,880.05,889.0
4520,2021-05-09 09:23:00,875.0,885.9,875.0,885.9,175,26750,878.8,880.05,889.0
4521,2021-05-09 09:24:00,875.0,885.9,875.0,885.9,175,26750,878.8,880.05,889.0
4522,2021-05-09 09:25:00,875.0,885.9,875.0,885.9,175,26750,878.8,880.05,889.0
4523,2021-05-09 09:26:00,875.0,885.9,875.0,885.9,175,26750,878.8,880.05,889.0
4524,2021-05-09 09:27:00,875.0,885.9,875.0,885.9,175,26750,878.8,880.05,889.0
4525,2021-05-09 09:28:00,875.0,885.9,875.0,885.9,175,26750,878.8,880.05,889.0
4526,2021-05-09 09:29:00,875.0,885.9,875.0,885.9,175,26750,878.8,880.05,889.0
4527,2021-05-09 09:30:00,875.0,885.9,875.0,885.9,175,26750,878.8,880.05,889.0
4528,2021-05-09 09:31:00,875.0,885.9,875.0,885.9,175,26750,878.8,880.05,889.0
4529,2021-05-09 09:32:00,875.0,885.9,875.0,885.9,175,26750,878.8,880.05,889.0
4530,2021-05-09 09:33:00,875.0,885.9,875.0,885.9,175,26750,878.8,880.05,889.0
4531,2021-05-09 09:34:00,875.0,885.9,875.0,885.9,175,26750,878.8,880.05,889.0
4532,2021-05-09 09:35:00,875.0,885.9,875.0,885.9,175,26750,878.8,880.05,889.0
4533,2021-05-09 09:36:00,875.0,885.9,875.0,885.9,175,26750,878.8,880.05,889.0
4534,2021-05-09 09:37:00,875.0,885.9,875.0,885.9,175,26750,878.8,880.05,889.0
4535,2021-05-09 09:38:00,875.0,885.9,875.0,885.9,175,26750,878.8,880.05,889.0
4536,2021-05-09 09:39:00,875.0,885.9,875.0,885.9,175,26750,878.8,880.05,889.0
4537,2021-05-09 09:40:00,875.0,885.9,875.0,885.9,175,26750,878.8,880.05,889.0
4538,2021-05-09 09:41:00,875.0,885.9,875.0,885.9,175,26750,878.8,880.05,889.0
4539,2021-05-09 09:42:00,875.0,885.9,875.0,885.9,175,26750,878.8,880.05,889.0
4540,2021-05-09 09:43:00,875.0,885.9,875.0,885.9,175,26750,878.8,880.05,889.0
4541,2021-05-09 09:44:00,875.0,885.9,875.0,885.9,175,26750,878.8,880.05,889.0
4542,2021-05-09 09:45:00,875.0,885.9,875.0,885.9,175,26750,878.8,880.05,889.0
4543,2021-05-09 09:46:00,875.0,885.9,875.0,885.9,175,26750,878.8,880.05,889.0
4544,2021-05-09 09:47:00,875.0,885.9,875.0,885.9,175,26750,878.8,880.05,889.0
4545,2021-05-09 09:48:00,875.0,885.9,875.0,885.9,175,26750,878.8,880.05,889.0
4546,2021-05-09 09:49:00,875.0,885.9,875.0,885.9,175,26750,878.8,880.05,889.0
4547,2021-05-09 09:50:00,875.0,885.9,875.0,885.9,175,26750,878.8,880.05,889.0
4548,2021-05-09 09:51:00,875.0,885.9,875.0,885.9,175,26750,878.8,880.05,889.0
4549,2021-05-09 09:52:00,875.0,885.9,875.0,885.9,175,26750,878.8,880.05,889.0
4550,2021-05-09 09:53:00,875.0,885.9,875.0,885.9,175,26750,878.8,880.05,889.0
4551,2021-05-09 09:54:00,875.0,885.9,875.0,885.9,175,26750,878.8,880.05,889.0
4552,2021-05-09 09:55:00,875.0,885.9,875.0,885.9,175,26750,878.8,880.05,889.0
4553,2021-05-09 09:56:00,875.0,885.9,875.0,885.9,175,26750,878.8,880.05,889.0
4554,2021-05-09 09:57:00,875.0,885.9,875.0,885.9,175,26750,878.8,880.05,889.0
4555,2021-05-09 09:58:00,875.0,885.9,875.0,885.9,175,26750,878.8,880.05,889.0
4556,2021-05-09 09:59:00,875.0,885.9,875.0,885.9,175,26750,878.8,880.05,889.0
4557,2021-05-09 10:00:00,875.0,885.9,875.0,885.9,175,26750,878.8,880.05,889.0
4558,2021-05-09 10:01:00,875.0,885.9,875.0,885.9,175,26750,878.8,880.05,889.0
4559,2021-05-09 10:02:00,875.0,885.9,875.0,885.9,175,26750,878.8,880.05,889.0
4560,2021-05-09 10:03:00,875.0,885.9,875.0,885.9,175,26750,878.8,880.05,889.0
4561,2021-05-09 10:04:00,875.0,885.9,875.0,885.9,175,26750,878.8,880.05,889.0
4562,2021-05-09 10:05:00,875.0,885.9,875.0,885.9,175,26750,878.8,880.05,889.0
4563,2021-05-09 10:06:00,875.0,885.9,875.0,885.9,175,26750,878.8,880.05,889.0
4564,2021-05-09 10:07:00,875.0,885.9,875.0,885.9,175,26750,878.8,880.05,889.0
4565,2021-05-09 10:08:00,875.0,885.9,875.0,885.9,175,26750,878.8,880.05,889.0
4566,2021-05-09 10:09:00,875.0,885.9,875.0,885.9,175,26750,878.8,880.05,889.0
4567,2021-05-09 10:10:00,875.0,885.9,875.0,885.9,175,26750,878.8,880.05,889.0
4568,2021-05-09 10:11:00,875.0,885.9,875.0,885.9,175,26750,878.8,880.05,889.0
4569,2021-05-09 10:12:00,875.0,885.9,875.0,885.9,175,26750,878.8,880.05,889.0
4570,2021-05-09 10:13:00,875.0,885.9,875.0,885.9,175,26750,878.8,880.05,889.0
4571,2021-05-09 10:14:00,875.0,885.9,875.0,885.9,175,26750,878.8,880.05,889.0
4572,2021-05-09 10:15:00,875.0,885.9,875.0,885.9,175,26750,878.8,880.05,889.0
4573,2021-05-09 10:16:00,875.0,885.9,875.0,885.9,175,26750,878.8,880.05,889.0
4574,2021-05-09 10:17:00,875.0,885.9,875.0,885.9,175,26750,878.8,880.05,889.0
4575,2021-05-09 10:18:00,875.0,885.9,875.0,885.9,175,26750,878.8,880.05,889.0
4576,2021-05-09 10:19:00,875.0,885.9,875.0,885.9,175,26750,878.8,880.05,889.0
4577,2021-05-09 10:20:00,875.0,885.9,875.0,885.9,175,26750,878.8,880.05,889.0
4578,2021-05-09 10:21:00,875.0,885.9,875.0,885.9,175,26750,878.8,880.05,889.0
4579,2021-05-09 10:22:00,875.0,885.9,875.0,885.9,175,26750,878.8,880.05,889.0
4580,2021-05-09 10:23:00,875.0,885.9,875.0,885.9,175,26750,878.8,880.05,889.0
4581,2021-05-09 10:24:00,875.0,885.9,875.0,885.9,175,26750,878.8,880.05,889.0
4582,2021-05-09 10:25:00,875.0,885.9,875.0,885.9,175,26750,878.8,880.05,889.0
4583,2021-05-09 10:26:00,875.0,885.9,875.0,885.9,175,26750,878.8,880.05,889.0
4584,2021-05-09 10:27:00,875.0,885.9,875.0,885.9,175,26750,878.8,880.05,889.0
4585,2021-05-09 10:28:00,875.0,885.9,875.0,885.9,175,26750,878.8,880.05,889.0
4586,2021-05-09 10:29:00,875.0,885.9,875.0,885.9,175,26750,878.8,880.05,889.0
4587,2021-05-09 10:30:00,875.0,885.9,875.0,885.9,175,26750,878.8,880.05,889.0
4588,2021-05-09 10:31:00,875.0,885.9,875.0,885.9,175,26750,878.8,880.05,889.0
4589,2021-05-09 10:32:00,875.0,885.9,875.0,885.9,175,26750,878.8,880.05,889.0
4590,2021-05-09 10:33:00,875.0,885.9,875.0,885.9,175,26750,878.8,880.05,889.0
4591,2021-05-09 10:34:00,875.0,885.9,875.0,885.9,175,26750,878.8,880.05,889.0
4592,2021-05-09 10:35:00,875.0,885.9,875.0,885.9,175,26750,878.8,880.05,889.0
4593,2021-05-09 10:36:00,875.0,885.9,875.0,885.9,175,26750,878.8,880.05,889.0
4594,2021-05-09 10:37:00,875.0,885.9,875.0,885.9,175,26750,878.8,880.05,889.0
4595,2021-05-09 10:38:00,875.0,885.9,875.0,885.9,175,26750,878.8,880.05,889.0
4596,2021-05-09 10:39:00,875.0,885.9,875.0,885.9,175,26750,878.8,880.05,889.0
4597,2021-05-09 10:40:00,875.0,885.9,875.0,885.9,175,26750,878.8,880.05,889.0
4598,2021-05-09 10:41:00,875.0,885.9,875.0,885.9,175,26750,878.8,880.05,889.0
4599,2021-05-09 10:42:00,875.0,885.9,875.0,885.9,175,26750,878.8,880.05,889.0
4600,2021-05-09 10:43:00,875.0,885.9,875.0,885.9,175,26750,878.8,880.05,889.0
4601,2021-05-09 10:44:00,875.0,885.9,875.0,885.9,175,26750,878.8,880.05,889.0
4602,2021-05-09 10:45:00,875.0,885.9,875.0,885.9,175,26750,878.8,880.05,889.0
4603,2021-05-09 10:46:00,875.0,885.9,875.0,885.9,175,26750,878.8,880.05,889.0
4604,2021-05-09 10:47:00,875.0,885.9,875.0,885.9,175,26750,878.8,880.05,889.0
4605,2021-05-09 10:48:00,875.0,885.9,875.0,885.9,175,26750,878.8,880.05,889.0
4606,2021-05-09 10:49:00,875.0,885.9,875.0,885.9,175,26750,878.8,880.05,889.0
4607,2021-05-09 10:50:00,875.0,885.9,875.0,885.9,175,26750,878.8,880.05,889.0
4608,2021-05-09 10:51:00,875.0,885.9,875.0,885.9,175,26750,878.8,880.05,889.0
4609,2021-05-09 10:52:00,875.0,885.9,875.0,885.9,175,26750,878.8,880.05,889.0
4610,2021-05-09 10:53:00,875.0,885.9,875.0,885.9,175,26750,878.8,880.05,889.0
4611,2021-05-09 10:54:00,875.0,885.9,875.0,885.9,175,26750,878.8,880.05,889.0
4612,2021-05-09 10:55:00,875.0,885.9,875.0,885.9,175,26750,878.8,880.05,889.0
4613,2021-05-09 10:56:00,875.0,885.9,875.0,885.9,175,26750,878.8,880.05,889.0
4614,2021-05-09 10:57:00,875.0,885.9,875.0,885.9,175,26750,878.8,880.05,889.0
4615,2021-05-09 10:58:00,875.0,885.9,875.0,885.9,175,26750,878.8,880.05,889.0
4616,2021-05-09 10:59:00,875.0,885.9,875.0,885.9,175,26750,878.8,880.05,889.0
4617,2021-05-09 11:00:00,875.0,885.9,875.0,885.9,175,26750,878.8,880.05,889.0
4618,2021-05-09 11:01:00,875.0,885.9,875.0,885.9,175,26750,878.8,880.05,889.0
4619,2021-05-09 11:02:00,875.0,885.9,875.0,885.9,175,26750,878.8,880.05,889.0
4620,2021-05-09 11:03:00,875.0,885.9,875.0,885.9,175,26750,878.8,880.05,889.0
4621,2021-05-09 11:04:00,875.0,885.9,875.0,885.9,175,26750,878.8,880.05,889.0
4622,2021-05-09 11:05:00,875.0,885.9,875.0,885.9,175,26750,878.8,880.05,889.0
4623,2021-05-09 11:06:00,875.0,885.9,875.0,885.9,175,26750,878.8,880.05,889.0
4624,2021-05-09 11:07:00,875.0,885.9,875.0,885.9,175,26750,878.8,880.05,889.0
4625,2021-05-09 11:08:00,875.0,885.9,875.0,885.9,175,26750,878.8,880.05,889.0
4626,2021-05-09 11:09:00,875.0,885.9,875.0,885.9,175,26750,878.8,880.05,889.0
4627,2021-05-09 11:10:00,875.0,885.9,875.0,885.9,175,26750,878.8,880.05,889.0
4628,2021-05-09 11:11:00,875.0,885.9,875.0,885.9,175,26750,878.8,880.05,889.0
4629,2021-05-09 11:12:00,875.0,885.9,875.0,885.9,175,26750,878.8,880.05,889.0
4630,2021-05-09 11:13:00,875.0,885.9,875.0,885.9,175,26750,878.8,880.05,889.0
4631,2021-05-09 11:14:00,875.0,885.9,875.0,885.9,175,26750,878.8,880.05,889.0
4632,2021-05-09 11:15:00,875.0,885.9,875.0,885.9,175,26750,878.8,880.05,889.0
4633,2021-05-09 11:16:00,875.0,885.9,875.0,885.9,175,26750,878.8,880.05,889.0
4634,2021-05-09 11:17:00,875.0,885.9,875.0,885.9,175,26750,878.8,880.05,889.0
4635,2021-05-09 11:18:00,875.0,885.9,875.0,885.9,175,26750,878.8,880.05,889.0
4636,2021-05-09 11:19:00,875.0,885.9,875.0,885.9,175,26750,878.8,880.05,889.0
4637,2021-05-09 11:20:00,875.0,885.9,875.0,885.9,175,26750,878.8,880.05,889.0
4638,2021-05-09 11:21:00,875.0,885.9,875.0,885.9,175,26750,878.8,880.05,889.0
4639,2021-05-09 11:22:00,875.0,885.9,875.0,885.9,175,26750,878.8,880.05,889.0
4640,2021-05-09 11:23:00,875.0,885.9,875.0,885.9,175,26750,878.8,880.05,889.0
4641,2021-05-09 11:24:00,875.0,885.9,875.0,885.9,175,26750,878.8,880.05,889.0
4642,2021-05-09 11:25:00,875.0,885.9,875.0,885.9,175,26750,878.8,880.05,889.0
4643,2021-05-09 11:26:00,875.0,885.9,875.0,885.9,175,26750,878.8,880.05,889.0
4644,2021-05-09 11:27:00,875.0,885.9,875.0,885.9,175,26750,878.8,880.05,889.0
4645,2021-05-09 11:28:00,875.0,885.9,875.0,885.9,175,26750,878.8,880.05,889.0
4646,2021-05-09 11:29:00,875.0,885.9,875.0,885.9,175,26750,878.8,880.05,889.0
4647,2021-05-09 11:30:00,875.0,885.9,875.0,885.9,175,26750,878.8,880.05,889.0
4648,2021-05-09 11:31:00,875.0,885.9,875.0,885.9,175,26750,878.8,880.05,889.0
4649,2021-05-09 11:32:00,875.0,885.9,875.0,885.9,175,26750,878.8,880.05,889.0
4650,2021-05-09 11:33:00,875.0,885.9,875.0,885.9,175,26750,878.8,880.05,889.0
4651,2021-05-09 11:34:00,875.0,885.9,875.0,885.9,175,26750,878.8,880.05,889.0
4652,2021-05-09 11:35:00,875.0,885.9,875.0,885.9,175,26750,878.8,880.05,889.0
4653,2021-05-09 11:36:00,875.0,885.9,875.0,885.9,175,26750,878.8,880.05,889.0
4654,2021-05-09 11:37:00,875.0,885.9,875.0,885.9,175,26750,878.8,880.05,889.0
4655,2021-05-09 11:38:00,875.0,885.9,875.0,885.9,175,26750,878.8,880.05,889.0
4656,2021-05-09 11:39:00,875.0,885.9,875.0,885.9,175,26750,878.8,880.05,889.0
4657,2021-05-09 11:40:00,875.0,885.9,875.0,885.9,175,26750,878.8,880.05,889.0
4658,2021-05-09 11:41:00,875.0,885.9,875.0,885.9,175,26750,878.8,880.05,889.0
4659,2021-05-09 11:42:00,875.0,885.9,875.0,885.9,175,26750,878.8,880.05,889.0
4660,2021-05-09 11:43:00,875.0,885.9,875.0,885.9,175,26750,878.8,880.05,889.0
4661,2021-05-09 11:44:00,875.0,885.9,875.0,885.9,175,26750,878.8,880.05,889.0
4662,2021-05-09 11:45:00,875.0,885.9,875.0,885.9,175,26750,878.8,880.05,889.0
4663,2021-05-09 11:46:00,875.0,885.9,875.0,885.9,175,26750,878.8,880.05,889.0
4664,2021-05-09 11:47:00,875.0,885.9,875.0,885.9,175,26750,878.8,880.05,889.0
4665,2021-05-09 11:48:00,875.0,885.9,875.0,885.9,175,26750,878.8,880.05,889.0
4666,2021-05-09 11:49:00,875.0,885.9,875.0,885.9,175,26750,878.8,880.05,889.0
4667,2021-05-09 11:50:00,875.0,885.9,875.0,885.9,175,26750,878.8,880.05,889.0
4668,2021-05-09 11:51:00,875.0,885.9,875.0,885.9,175,26750,878.8,880.05,889.0
4669,2021-05-09 11:52:00,875.0,885.9,875.0,885.9,175,26750,878.8,880.05,889.0
4670,2021-05-09 11:53:00,875.0,885.9,875.0,885.9,175,26750,878.8,880.05,889.0
4671,2021-05-09 11:54:00,875.0,885.9,875.0,885.9,175,26750,878.8,880.05,889.0
4672,2021-05-09 11:55:00,875.0,885.9,875.0,885.9,175,26750,878.8,880.05,889.0
4673,2021-05-09 11:56:00,875.0,885.9,875.0,885.9,175,26750,878.8,880.05,889.0
4674,2021-05-09 11:57:00,875.0,885.9,875.0,885.9,175,26750,878.8,880.05,889.0
4675,2021-05-09 11:58:00,875.0,885.9,875.0,885.9,175,26750,878.8,880.05,889.0
4676,2021-05-09 11:59:00,875.0,885.9,875.0,885.9,175,26750,878.8,880.05,889.0
4677,2021-05-09 12:00:00,875.0,885.9,875.0,885.9,175,26750,878.8,880.05,889.0
4678,2021-05-09 12:01:00,875.0,885.9,875.0,885.9,175,26750,878.8,880.05,889.0
4679,2021-05-09 12:02:00,875.0,885.9,875.0,885.9,175,26750,878.8,880.05,889.0
4680,2021-05-09 12:03:00,875.0,885.9,875.0,885.9,175,26750,878.8,880.05,889.0
4681,2021-05-09 12:04:00,875.0,885.9,875.0,885.9,175,26750,878.8,880.05,889.0
4682,2021-05-09 12:05:00,875.0,885.9,875.0,885.9,175,26750,878.8,880.05,889.0
4683,2021-05-09 12:06:00,875.0,885.9,875.0,885.9,175,26750,878.8,880.05,889.0
4684,2021-05-09 12:07:00,875.0,885.9,875.0,885.9,175,26750,878.8,880.05,889.0
4685,2021-05-09 12:08:00,875.0,885.9,875.0,885.9,175,26750,878.8,880.05,889.0
4686,2021-05-09 12:09:00,875.0,885.9,875.0,885.9,175,26750,878.8,880.05,889.0
4687,2021-05-09 12:10:00,875.0,885.9,875.0,885.9,175,26750,878.8,880.05,889.0
4688,2021-05-09 12:11:00,875.0,885.9,875.0,885.9,175,26750,878.8,880.05,889.0
4689,2021-05-09 12:12:00,875.0,885.9,875.0,885.9,175,26750,878.8,880.05,889.0
4690,2021-05-09 12:13:00,875.0,885.9,875.0,885.9,175,26750,878.8,880.05,889.0
4691,2021-05-09 12:14:00,875.0,885.9,875.0,885.9,175,26750,878.8,880.05,889.0
4692,2021-05-09 12:15:00,875.0,885.9,875.0,885.9,175,26750,878.8,880.05,889.0
4693,2021-05-09 12:16:00,875.0,885.9,875.0,885.9,175,26750,878.8,880.05,889.0
4694,2021-05-09 12:17:00,875.0,885.9,875.0,885.9,175,26750,878.8,880.05,889.0
4695,2021-05-09 12:18:00,875.0,885.9,875.0,885.9,175,26750,878.8,880.05,889.0
4696,2021-05-09 12:19:00,875.0,885.9,875.0,885.9,175,26750,878.8,880.05,889.0
4697,2021-05-09 12:20:00,875.0,885.9,875.0,885.9,175,26750,878.8,880.05,889.0
4698,2021-05-09 12:21:00,875.0,885.9,875.0,885.9,175,26750,878.8,880.05,889.0
4699,2021-05-09 12:22:00,875.0,885.9,875.0,885.9,175,26750,878.8,880.05,889.0
4700,2021-05-09 12:23:00,875.0,885.9,875.0,885.9,175,26750,878.8,880.05,889.0
4701,2021-05-09 12:24:00,875.0,885.9,875.0,885.9,175,26750,878.8,880.05,889.0
4702,2021-05-09 12:25:00,875.0,885.9,875.0,885.9,175,26750,878.8,880.05,889.0
4703,2021-05-09 12:26:00,875.0,885.9,875.0,885.9,175,26750,878.8,880.05,889.0
4704,2021-05-09 12:27:00,875.0,885.9,875.0,885.9,175,26750,878.8,880.05,889.0
4705,2021-05-09 12:28:00,875.0,885.9,875.0,885.9,175,26750,878.8,880.05,889.0
4706,2021-05-09 12:29:00,875.0,885.9,875.0,885.9,175,26750,878.8,880.05,889.0
4707,2021-05-09 12:30:00,875.0,885.9,875.0,885.9,175,26750,878.8,880.05,889.0
4708,2021-05-09 12:31:00,875.0,885.9,875.0,885.9,175,26750,878.8,880.05,889.0
4709,2021-05-09 12:32:00,875.0,885.9,875.0,885.9,175,26750,878.8,880.05,889.0
4710,2021-05-09 12:33:00,875.0,885.9,875.0,885.9,175,26750,878.8,880.05,889.0
4711,2021-05-09 12:34:00,875.0,885.9,875.0,885.9,175,26750,878.8,880.05,889.0
4712,2021-05-09 12:35:00,875.0,885.9,875.0,885.9,175,26750,878.8,880.05,889.0
4713,2021-05-09 12:36:00,875.0,885.9,875.0,885.9,175,26750,878.8,880.05,889.0
4714,2021-05-09 12:37:00,875.0,885.9,875.0,885.9,175,26750,878.8,880.05,889.0
4715,2021-05-09 12:38:00,875.0,885.9,875.0,885.9,175,26750,878.8,880.05,889.0
4716,2021-05-09 12:39:00,875.0,885.9,875.0,885.9,175,26750,878.8,880.05,889.0
4717,2021-05-09 12:40:00,875.0,885.9,875.0,885.9,175,26750,878.8,880.05,889.0
4718,2021-05-09 12:41:00,875.0,885.9,875.0,885.9,175,26750,878.8,880.05,889.0
4719,2021-05-09 12:42:00,875.0,885.9,875.0,885.9,175,26750,878.8,880.05,889.0
4720,2021-05-09 12:43:00,875.0,885.9,875.0,885.9,175,26750,878.8,880.05,889.0
4721,2021-05-09 12:44:00,875.0,885.9,875.0,885.9,175,26750,878.8,880.05,889.0
4722,2021-05-09 12:45:00,875.0,885.9,875.0,885.9,175,26750,878.8,880.05,889.0
4723,2021-05-09 12:46:00,875.0,885.9,875.0,885.9,175,26750,878.8,880.05,889.0
4724,2021-05-09 12:47:00,875.0,885.9,875.0,885.9,175,26750,878.8,880.05,889.0
4725,2021-05-09 12:48:00,875.0,885.9,875.0,885.9,175,26750,878.8,880.05,889.0
4726,2021-05-09 12:49:00,875.0,885.9,875.0,885.9,175,26750,878.8,880.05,889.0
4727,2021-05-09 12:50:00,875.0,885.9,875.0,885.9,175,26750,878.8,880.05,889.0
4728,2021-05-09 12:51:00,875.0,885.9,875.0,885.9,175,26750,878.8,880.05,889.0
4729,2021-05-09 12:52:00,875.0,885.9,875.0,885.9,175,26750,878.8,880.05,889.0
4730,2021-05-09 12:53:00,875.0,885.9,875.0,885.9,175,26750,878.8,880.05,889.0
4731,2021-05-09 12:54:00,875.0,885.9,875.0,885.9,175,26750,878.8,880.05,889.0
4732,2021-05-09 12:55:00,875.0,885.9,875.0,885.9,175,26750,878.8,880.05,889.0
4733,2021-05-09 12:56:00,875.0,885.9,875.0,885.9,175,26750,878.8,880.05,889.0
4734,2021-05-09 12:57:00,875.0,885.9,875.0,885.9,175,26750,878.8,880.05,889.0
4735,2021-05-09 12:58:00,875.0,885.9,875.0,885.9,175,26750,878.8,880.05,889.0
4736,2021-05-09 12:59:00,875.0,885.9,875.0,885.9,175,26750,878.8,880.05,889.0
4737,2021-05-09 13:00:00,875.0,885.9,875.0,885.9,175,26750,878.8,880.05,889.0
4738,2021-05-09 13:01:00,875.0,885.9,875.0,885.9,175,26750,878.8,880.05,889.0
4739,2021-05-09 13:02:00,875.0,885.9,875.0,885.9,175,26750,878.8,880.05,889.0
4740,2021-05-09 13:03:00,875.0,885.9,875.0,885.9,175,26750,878.8,880.05,889.0
4741,2021-05-09 13:04:00,875.0,885.9,875.0,885.9,175,26750,878.8,880.05,889.0
4742,2021-05-09 13:05:00,875.0,885.9,875.0,885.9,175,26750,878.8,880.05,889.0
4743,2021-05-09 13:06:00,875.0,885.9,875.0,885.9,175,26750,878.8,880.05,889.0
4744,2021-05-09 13:07:00,875.0,885.9,875.0,885.9,175,26750,878.8,880.05,889.0
4745,2021-05-09 13:08:00,875.0,885.9,875.0,885.9,175,26750,878.8,880.05,889.0
4746,2021-05-09 13:09:00,875.0,885.9,875.0,885.9,175,26750,878.8,880.05,889.0
4747,2021-05-09 13:10:00,875.0,885.9,875.0,885.9,175,26750,878.8,880.05,889.0
4748,2021-05-09 13:11:00,875.0,885.9,875.0,885.9,175,26750,878.8,880.05,889.0
4749,2021-05-09 13:12:00,875.0,885.9,875.0,885.9,175,26750,878.8,880.05,889.0
4750,2021-05-09 13:13:00,875.0,885.9,875.0,885.9,175,26750,878.8,880.05,889.0
4751,2021-05-09 13:14:00,875.0,885.9,875.0,885.9,175,26750,878.8,880.05,889.0
4752,2021-05-09 13:15:00,875.0,885.9,875.0,885.9,175,26750,878.8,880.05,889.0
4753,2021-05-09 13:16:00,875.0,885.9,875.0,885.9,175,26750,878.8,880.05,889.0
4754,2021-05-09 13:17:00,875.0,885.9,875.0,885.9,175,26750,878.8,880.05,889.0
4755,2021-05-09 13:18:00,875.0,885.9,875.0,885.9,175,26750,878.8,880.05,889.0
4756,2021-05-09 13:19:00,875.0,885.9,875.0,885.9,175,26750,878.8,880.05,889.0
4757,2021-05-09 13:20:00,875.0,885.9,875.0,885.9,175,26750,878.8,880.05,889.0
4758,2021-05-09 13:21:00,875.0,885.9,875.0,885.9,175,26750,878.8,880.05,889.0
4759,2021-05-09 13:22:00,875.0,885.9,875.0,885.9,175,26750,878.8,880.05,889.0
4760,2021-05-09 13:23:00,875.0,885.9,875.0,885.9,175,26750,878.8,880.05,889.0
4761,2021-05-09 13:24:00,875.0,885.9,875.0,885.9,175,26750,878.8,880.05,889.0
4762,2021-05-09 13:25:00,875.0,885.9,875.0,885.9,175,26750,878.8,880.05,889.0
4763,2021-05-09 13:26:00,875.0,885.9,875.0,885.9,175,26750,878.8,880.05,889.0
4764,2021-05-09 13:27:00,875.0,885.9,875.0,885.9,175,26750,878.8,880.05,889.0
4765,2021-05-09 13:28:00,875.0,885.9,875.0,885.9,175,26750,878.8,880.05,889.0
4766,2021-05-09 13:29:00,875.0,885.9,875.0,885.9,175,26750,878.8,880.05,889.0
4767,2021-05-09 13:30:00,875.0,885.9,875.0,885.9,175,26750,878.8,880.05,889.0
4768,2021-05-09 13:31:00,875.0,885.9,875.0,885.9,175,26750,878.8,880.05,889.0
4769,2021-05-09 13:32:00,875.0,885.9,875.0,885.9,175,26750,878.8,880.05,889.0
4770,2021-05-09 13:33:00,875.0,885.9,875.0,885.9,175,26750,878.8,880.05,889.0
4771,2021-05-09 13:34:00,875.0,885.9,875.0,885.9,175,26750,878.8,880.05,889.0
4772,2021-05-09 13:35:00,875.0,885.9,875.0,885.9,175,26750,878.8,880.05,889.0
4773,2021-05-09 13:36:00,875.0,885.9,875.0,885.9,175,26750,878.8,880.05,889.0
4774,2021-05-09 13:37:00,875.0,885.9,875.0,885.9,175,26750,878.8,880.05,889.0
4775,2021-05-09 13:38:00,875.0,885.9,875.0,885.9,175,26750,878.8,880.05,889.0
4776,2021-05-09 13:39:00,875.0,885.9,875.0,885.9,175,26750,878.8,880.05,889.0
4777,2021-05-09 13:40:00,875.0,885.9,875.0,885.9,175,26750,878.8,880.05,889.0
4778,2021-05-09 13:41:00,875.0,885.9,875.0,885.9,175,26750,878.8,880.05,889.0
4779,2021-05-09 13:42:00,875.0,885.9,875.0,885.9,175,26750,878.8,880.05,889.0
4780,2021-05-09 13:43:00,875.0,885.9,875.0,885.9,175,26750,878.8,880.05,889.0
4781,2021-05-09 13:44:00,875.0,885.9,875.0,885.9,175,26750,878.8,880.05,889.0
4782,2021-05-09 13:45:00,875.0,885.9,875.0,885.9,175,26750,878.8,880.05,889.0
4783,2021-05-09 13:46:00,875.0,885.9,875.0,885.9,175,26750,878.8,880.05,889.0
4784,2021-05-09 13:47:00,875.0,885.9,875.0,885.9,175,26750,878.8,880.05,889.0
4785,2021-05-09 13:48:00,875.0,885.9,875.0,885.9,175,26750,878.8,880.05,889.0
4786,2021-05-09 13:49:00,875.0,885.9,875.0,885.9,175,26750,878.8,880.05,889.0
4787,2021-05-09 13:50:00,875.0,885.9,875.0,885.9,175,26750,878.8,880.05,889.0
4788,2021-05-09 13:51:00,875.0,885.9,875.0,885.9,175,26750,878.8,880.05,889.0
4789,2021-05-09 13:52:00,875.0,885.9,875.0,885.9,175,26750,878.8,880.05,889.0
4790,2021-05-09 13:53:00,875.0,885.9,875.0,885.9,175,26750,878.8,880.05,889.0
4791,2021-05-09 13:54:00,875.0,885.9,875.0,885.9,175,26750,878.8,880.05,889.0
4792,2021-05-09 13:55:00,875.0,885.9,875.0,885.9,175,26750,878.8,880.05,889.0
4793,2021-05-09 13:56:00,875.0,885.9,875.0,885.9,175,26750,878.8,880.05,889.0
4794,2021-05-09 13:57:00,875.0,885.9,875.0,885.9,175,26750,878.8,880.05,889.0
4795,2021-05-09 13:58:00,875.0,885.9,875.0,885.9,175,26750,878.8,880.05,889.0
4796,2021-05-09 13:59:00,875.0,885.9,875.0,885.9,175,26750,878.8,880.05,889.0
4797,2021-05-09 14:00:00,875.0,885.9,875.0,885.9,175,26750,878.8,880.05,889.0
4798,2021-05-09 14:01:00,875.0,885.9,875.0,885.9,175,26750,878.8,880.05,889.0
4799,2021-05-09 14:02:00,875.0,885.9,875.0,885.9,175,26750,878.8,880.05,889.0
4800,2021-05-09 14:03:00,875.0,885.9,875.0,885.9,175,26750,878.8,880.05,889.0
4801,2021-05-09 14:04:00,875.0,885.9,875.0,885.9,175,26750,878.8,880.05,889.0
4802,2021-05-09 14:05:00,875.0,885.9,875.0,885.9,175,26750,878.8,880.05,889.0
4803,2021-05-09 14:06:00,875.0,885.9,875.0,885.9,175,26750,878.8,880.05,889.0
4804,2021-05-09 14:07:00,875.0,885.9,875.0,885.9,175,26750,878.8,880.05,889.0
4805,2021-05-09 14:08:00,875.0,885.9,875.0,885.9,175,26750,878.8,880.05,889.0
4806,2021-05-09 14:09:00,875.0,885.9,875.0,885.9,175,26750,878.8,880.05,889.0
4807,2021-05-09 14:10:00,875.0,885.9,875.0,885.9,175,26750,878.8,880.05,889.0
4808,2021-05-09 14:11:00,875.0,885.9,875.0,885.9,175,26750,878.8,880.05,889.0
4809,2021-05-09 14:12:00,875.0,885.9,875.0,885.9,175,26750,878.8,880.05,889.0
4810,2021-05-09 14:13:00,875.0,885.9,875.0,885.9,175,26750,878.8,880.05,889.0
4811,2021-05-09 14:14:00,875.0,885.9,875.0,885.9,175,26750,878.8,880.05,889.0
4812,2021-05-09 14:15:00,875.0,885.9,875.0,885.9,175,26750,878.8,880.05,889.0
4813,2021-05-09 14:16:00,875.0,885.9,875.0,885.9,175,26750,878.8,880.05,889.0
4814,2021-05-09 14:17:00,875.0,885.9,875.0,885.9,175,26750,878.8,880.05,889.0
4815,2021-05-09 14:18:00,875.0,885.9,875.0,885.9,175,26750,878.8,880.05,889.0
4816,2021-05-09 14:19:00,875.0,885.9,875.0,885.9,175,26750,878.8,880.05,889.0
4817,2021-05-09 14:20:00,875.0,885.9,875.0,885.9,175,26750,878.8,880.05,889.0
4818,2021-05-09 14:21:00,875.0,885.9,875.0,885.9,175,26750,878.8,880.05,889.0
4819,2021-05-09 14:22:00,875.0,885.9,875.0,885.9,175,26750,878.8,880.05,889.0
4820,2021-05-09 14:23:00,875.0,885.9,875.0,885.9,175,26750,878.8,880.05,889.0
4821,2021-05-09 14:24:00,875.0,885.9,875.0,885.9,175,26750,878.8,880.05,889.0
4822,2021-05-09 14:25:00,875.0,885.9,875.0,885.9,175,26750,878.8,880.05,889.0
4823,2021-05-09 14:26:00,875.0,885.9,875.0,885.9,175,26750,878.8,880.05,889.0
4824,2021-05-09 14:27:00,875.0,885.9,875.0,885.9,175,26750,878.8,880.05,889.0
4825,2021-05-09 14:28:00,875.0,885.9,875.0,885.9,175,26750,878.8,880.05,889.0
4826,2021-05-09 14:29:00,875.0,885.9,875.0,885.9,175,26750,878.8,880.05,889.0
4827,2021-05-09 14:30:00,875.0,885.9,875.0,885.9,175,26750,878.8,880.05,889.0
4828,2021-05-09 14:31:00,875.0,885.9,875.0,885.9,175,26750,878.8,880.05,889.0
4829,2021-05-09 14:32:00,875.0,885.9,875.0,885.9,175,26750,878.8,880.05,889.0
4830,2021-05-09 14:33:00,875.0,885.9,875.0,885.9,175,26750,878.8,880.05,889.0
4831,2021-05-09 14:34:00,875.0,885.9,875.0,885.9,175,26750,878.8,880.05,889.0
4832,2021-05-09 14:35:00,875.0,885.9,875.0,885.9,175,26750,878.8,880.05,889.0
4833,2021-05-09 14:36:00,875.0,885.9,875.0,885.9,175,26750,878.8,880.05,889.0
4834,2021-05-09 14:37:00,875.0,885.9,875.0,885.9,175,26750,878.8,880.05,889.0
4835,2021-05-09 14:38:00,875.0,885.9,875.0,885.9,175,26750,878.8,880.05,889.0
4836,2021-05-09 14:39:00,875.0,885.9,875.0,885.9,175,26750,878.8,880.05,889.0
4837,2021-05-09 14:40:00,875.0,885.9,875.0,885.9,175,26750,878.8,880.05,889.0
4838,2021-05-09 14:41:00,875.0,885.9,875.0,885.9,175,26750,878.8,880.05,889.0
4839,2021-05-09 14:42:00,875.0,885.9,875.0,885.9,175,26750,878.8,880.05,889.0
4840,2021-05-09 14:43:00,875.0,885.9,875.0,885.9,175,26750,878.8,880.05,889.0
4841,2021-05-09 14:44:00,875.0,885.9,875.0,885.9,175,26750,878.8,880.05,889.0
4842,2021-05-09 14:45:00,875.0,885.9,875.0,885.9,175,26750,878.8,880.05,889.0
4843,2021-05-09 14:46:00,875.0,885.9,875.0,885.9,175,26750,878.8,880.05,889.0
4844,2021-05-09 14:47:00,875.0,885.9,875.0,885.9,175,26750,878.8,880.05,889.0
4845,2021-05-09 14:48:00,875.0,885.9,875.0,885.9,175,26750,878.8,880.05,889.0
4846,2021-05-09 14:49:00,875.0,885.9,875.0,885.9,175,26750,878.8,880.05,889.0
4847,2021-05-09 14:50:00,875.0,885.9,875.0,885.9,175,26750,878.8,880.05,889.0
4848,2021-05-09 14:51:00,875.0,885.9,875.0,885.9,175,26750,878.8,880.05,889.0
4849,2021-05-09 14:52:00,875.0,885.9,875.0,885.9,175,26750,878.8,880.05,889.0
4850,2021-05-09 14:53:00,875.0,885.9,875.0,885.9,175,26750,878.8,880.05,889.0
4851,2021-05-09 14:54:00,875.0,885.9,875.0,885.9,175,26750,878.8,880.05,889.0
4852,2021-05-09 14:55:00,875.0,885.9,875.0,885.9,175,26750,878.8,880.05,889.0
4853,2021-05-09 14:56:00,875.0,885.9,875.0,885.9,175,26750,878.8,880.05,889.0
4854,2021-05-09 14:57:00,875.0,885.9,875.0,885.9,175,26750,878.8,880.05,889.0
4855,2021-05-09 14:58:00,875.0,885.9,875.0,885.9,175,26750,878.8,880.05,889.0
4856,2021-05-09 14:59:00,875.0,885.9,875.0,885.9,175,26750,878.8,880.05,889.0
4857,2021-05-09 15:00:00,875.0,885.9,875.0,885.9,175,26750,878.8,880.05,889.0
4858,2021-05-09 15:01:00,875.0,885.9,875.0,885.9,175,26750,878.8,880.05,889.0
4859,2021-05-09 15:02:00,875.0,885.9,875.0,885.9,175,26750,878.8,880.05,889.0
4860,2021-05-09 15:03:00,875.0,885.9,875.0,885.9,175,26750,878.8,880.05,889.0
4861,2021-05-09 15:04:00,875.0,885.9,875.0,885.9,175,26750,878.8,880.05,889.0
4862,2021-05-09 15:05:00,875.0,885.9,875.0,885.9,175,26750,878.8,880.05,889.0
4863,2021-05-09 15:06:00,875.0,885.9,875.0,885.9,175,26750,878.8,880.05,889.0
4864,2021-05-09 15:07:00,875.0,885.9,875.0,885.9,175,26750,878.8,880.05,889.0
4865,2021-05-09 15:08:00,875.0,885.9,875.0,885.9,175,26750,878.8,880.05,889.0
4866,2021-05-09 15:09:00,875.0,885.9,875.0,885.9,175,26750,878.8,880.05,889.0
4867,2021-05-09 15:10:00,875.0,885.9,875.0,885.9,175,26750,878.8,880.05,889.0
4868,2021-05-09 15:11:00,875.0,885.9,875.0,885.9,175,26750,878.8,880.05,889.0
4869,2021-05-09 15:12:00,875.0,885.9,875.0,885.9,175,26750,878.8,880.05,889.0
4870,2021-05-09 15:13:00,875.0,885.9,875.0,885.9,175,26750,878.8,880.05,889.0
4871,2021-05-09 15:14:00,875.0,885.9,875.0,885.9,175,26750,878.8,880.05,889.0
4872,2021-05-09 15:15:00,875.0,885.9,875.0,885.9,175,26750,878.8,880.05,889.0
4873,2021-05-09 15:16:00,875.0,885.9,875.0,885.9,175,26750,878.8,880.05,889.0
4874,2021-05-09 15:17:00,875.0,885.9,875.0,885.9,175,26750,878.8,880.05,889.0
4875,2021-05-09 15:18:00,875.0,885.9,875.0,885.9,175,26750,878.8,880.05,889.0
4876,2021-05-09 15:19:00,875.0,885.9,875.0,885.9,175,26750,878.8,880.05,889.0
4877,2021-05-09 15:20:00,875.0,885.9,875.0,885.9,175,26750,878.8,880.05,889.0
4878,2021-05-09 15:21:00,875.0,885.9,875.0,885.9,175,26750,878.8,880.05,889.0
4879,2021-05-09 15:22:00,875.0,885.9,875.0,885.9,175,26750,878.8,880.05,889.0
4880,2021-05-09 15:23:00,875.0,885.9,875.0,885.9,175,26750,878.8,880.05,889.0
4881,2021-05-09 15:24:00,875.0,885.9,875.0,885.9,175,26750,878.8,880.05,889.0
4882,2021-05-09 15:25:00,875.0,885.9,875.0,885.9,175,26750,878.8,880.05,889.0
4883,2021-05-09 15:26:00,875.0,885.9,875.0,885.9,175,26750,878.8,880.05,889.0
4884,2021-05-09 15:27:00,875.0,885.9,875.0,885.9,175,26750,878.8,880.05,889.0
4885,2021-05-09 15:28:00,875.0,885.9,875.0,885.9,175,26750,878.8,880.05,889.0
4886,2021-05-09 15:29:00,875.0,885.9,875.0,885.9,175,26750,878.8,880.05,889.0
4887,2021-05-09 15:30:00,875.0,885.9,875.0,885.9,175,26750,878.8,880.05,889.0
4888,2021-05-10 09:15:00,875.0,885.9,875.0,885.9,175,26750,878.8,880.05,889.0
4889,2021-05-10 09:16:00,696.4,751.5,696.4,751.5,100,26775,729.45,723.4,749.85
4890,2021-05-10 09:17:00,730.25,730.25,730.25,730.25,650,26850,728.02,730.25,733.25
4891,2021-05-10 09:18:00,730.25,730.25,730.25,730.25,650,26850,728.02,730.25,733.25
4892,2021-05-10 09:19:00,742.0,743.15,742.0,743.15,575,26850,732.77,739.7,743.0
4893,2021-05-10 09:20:00,730.05,730.05,722.0,722.15,150,26625,732.07,720.35,729.45
4894,2021-05-10 09:21:00,720.05,720.05,720.0,720.0,275,26625,730.07,709.75,716.2
4895,2021-05-10 09:22:00,709.95,714.4,709.95,714.4,100,26625,729.11,705.5,712.6
4896,2021-05-10 09:23:00,704.35,709.4,702.55,702.55,75,26725,728.19,703.25,706.25
4897,2021-05-10 09:24:00,711.55,711.55,711.55,711.55,25,26725,727.97,707.25,713.1
4898,2021-05-10 09:25:00,709.7,709.7,705.3,705.3,100,26725,727.03,705.85,712.25
4899,2021-05-10 09:26:00,706.55,710.15,706.55,710.15,50,26625,726.59,706.95,709.75
4900,2021-05-10 09:27:00,706.65,719.05,706.65,709.65,625,26625,722.16,707.4,710.35
4901,2021-05-10 09:28:00,711.7,711.7,704.65,707.55,250,26625,720.81,706.8,712.2
4902,2021-05-10 09:29:00,699.8,699.8,697.4,697.4,225,27275,719.24,699.9,705.65
4903,2021-05-10 09:30:00,697.25,716.35,697.25,714.15,250,27275,718.85,712.8,718.65
4904,2021-05-10 09:31:00,722.35,746.3,721.95,737.25,375,27275,720.45,735.05,738.1
4905,2021-05-10 09:32:00,734.5,748.45,734.5,744.7,375,27150,722.46,744.2,747.3
4906,2021-05-10 09:33:00,747.55,749.3,739.3,749.3,375,27150,724.31,744.9,747.95
4907,2021-05-10 09:34:00,746.55,750.7,746.25,746.9,500,27150,726.75,747.25,749.7
4908,2021-05-10 09:35:00,751.25,757.85,743.55,743.55,450,27175,728.65,743.7,746.7
4909,2021-05-10 09:36:00,746.5,749.7,735.45,735.45,100,27175,728.88,733.9,737.35
4910,2021-05-10 09:37:00,737.85,741.95,733.55,741.95,350,27175,729.44,745.25,748.35
4911,2021-05-10 09:38:00,746.2,746.2,734.3,734.3,150,27225,729.74,732.65,735.4
4912,2021-05-10 09:39:00,730.0,734.1,727.75,734.1,275,27225,729.83,726.4,729.7
4913,2021-05-10 09:40:00,730.2,730.2,730.2,730.2,75,27225,729.83,733.95,737.45
4914,2021-05-10 09:41:00,739.4,742.2,736.0,736.0,200,27250,730.11,732.55,735.9
4915,2021-05-10 09:42:00,736.35,736.35,736.35,736.35,100,27250,730.2,733.05,736.55
4916,2021-05-10 09:43:00,737.1,737.1,735.8,735.8,50,27250,730.25,729.2,732.45
4917,2021-05-10 09:44:00,732.9,732.9,732.9,732.9,25,27250,730.26,734.9,738.5
4918,2021-05-10 09:45:00,736.2,736.2,732.15,733.55,75,27225,730.3,728.15,730.95
4919,2021-05-10 09:46:00,725.55,725.55,720.0,720.65,175,27225,730.09,715.95,718.95
4920,2021-05-10 09:47:00,719.8,719.8,719.8,719.8,25,27225,730.05,720.35,723.8
4921,2021-05-10 09:48:00,722.35,723.1,722.35,723.1,50,27225,730.0,716.15,721.1
4922,2021-05-10 09:49:00,724.05,725.85,722.0,724.2,125,27225,729.89,726.05,731.25
4923,2021-05-10 09:50:00,724.2,724.2,724.2,724.2,25,27250,729.87,723.0,726.85
4924,2021-05-10 09:51:00,728.2,732.85,728.2,732.85,75,27250,729.89,731.95,735.05
4925,2021-05-10 09:52:00,734.55,734.55,734.55,734.55,50,27250,729.92,734.95,739.95
4926,2021-05-10 09:53:00,736.0,746.25,736.0,741.4,250,27225,730.19,740.4,745.7
4927,2021-05-10 09:54:00,747.8,747.8,747.2,747.2,50,27225,730.3,750.7,754.05
4928,2021-05-10 09:55:00,744.1,750.0,744.1,750.0,75,27225,730.45,747.0,749.65
4929,2021-05-10 09:56:00,754.3,759.5,749.4,749.4,175,27175,730.99,747.25,750.65
4930,2021-05-10 09:57:00,746.05,746.05,743.85,743.85,100,27175,731.16,745.5,748.55
4931,2021-05-10 09:58:00,745.95,750.9,745.95,750.75,200,27175,731.6,750.6,754.05
4932,2021-05-10 09:59:00,750.85,751.8,746.3,750.7,250,27150,732.17,749.6,753.05
4933,2021-05-10 10:00:00,749.5,753.3,744.6,753.3,300,27150,732.78,749.95,753.15
4934,2021-05-10 10:01:00,749.5,753.3,744.6,753.3,300,27150,732.78,749.95,753.15
4935,2021-05-10 10:02:00,738.15,741.35,738.15,741.35,150,27150,732.89,740.0,744.35
4936,2021-05-10 10:03:00,736.55,736.55,736.55,736.55,25,27150,732.9,733.4,736.8
4937,2021-05-10 10:04:00,735.15,739.65,735.15,738.5,175,27150,733.0,736.25,739.45
4938,2021-05-10 10:05:00,735.65,740.4,735.65,740.4,100,27125,733.04,738.15,742.0
4939,2021-05-10 10:06:00,739.5,739.5,733.2,733.2,75,27125,733.08,727.3,730.55
4940,2021-05-10 10:07:00,739.5,739.5,733.2,733.2,75,27125,733.08,727.3,730.55
4941,2021-05-10 10:08:00,734.0,734.0,725.0,726.45,150,27100,733.04,723.3,725.55
4942,2021-05-10 10:09:00,720.95,720.95,718.0,718.0,75,27100,732.93,715.25,718.6
4943,2021-05-10 10:10:00,720.95,720.95,718.0,718.0,75,27100,732.93,715.25,718.6
4944,2021-05-10 10:11:00,718.0,718.0,718.0,718.0,100,27100,732.77,714.85,718.5
4945,2021-05-10 10:12:00,715.55,718.45,714.9,714.9,75,27100,732.65,708.3,711.55
4946,2021-05-10 10:13:00,713.8,713.8,710.0,711.9,275,27100,732.05,706.95,710.2
4947,2021-05-10 10:14:00,708.3,708.3,695.0,695.15,500,27050,730.38,692.4,695.65
4948,2021-05-10 10:15:00,695.15,695.15,680.2,688.5,350,27050,728.9,684.5,689.0
4949,2021-05-10 10:16:00,684.75,684.75,680.0,680.0,100,27050,728.48,676.55,680.55
4950,2021-05-10 10:17:00,674.15,674.15,662.3,662.3,375,27200,726.58,659.35,663.2
4951,2021-05-10 10:18:00,659.0,659.0,650.0,658.05,200,27200,725.32,657.8,660.9
4952,2021-05-10 10:19:00,658.35,658.35,647.8,647.8,250,27200,723.78,646.35,650.75
4953,2021-05-10 10:20:00,645.7,652.2,645.7,652.2,175,27200,722.68,655.6,658.4
4954,2021-05-10 10:21:00,656.0,659.95,656.0,659.85,175,27300,721.74,656.7,660.0
4955,2021-05-10 10:22:00,652.15,652.15,652.15,652.15,25,27300,721.6,651.4,654.85
4956,2021-05-10 10:23:00,652.15,652.15,652.15,652.15,25,27300,721.6,651.4,654.85
4957,2021-05-10 10:24:00,653.0,660.0,653.0,660.0,50,27275,721.34,660.9,665.55
4958,2021-05-10 10:25:00,660.0,661.55,657.9,658.5,150,27275,720.58,661.95,666.1
4959,2021-05-10 10:26:00,664.0,664.35,663.55,663.55,125,27375,720.02,653.9,656.35
4960,2021-05-10 10:27:00,651.6,651.6,650.1,650.1,200,27375,718.93,644.3,648.6
4961,2021-05-10 10:28:00,648.6,652.15,648.15,648.15,125,27375,718.26,651.85,654.1
4962,2021-05-10 10:29:00,652.4,652.4,652.4,652.4,25,27375,718.14,655.4,658.1
4963,2021-05-10 10:30:00,659.75,659.75,659.75,659.75,25,27425,718.02,653.2,657.4
4964,2021-05-10 10:31:00,663.5,663.5,663.5,663.5,100,27425,717.6,658.05,661.85
4965,2021-05-10 10:32:00,663.5,663.5,663.5,663.5,100,27425,717.6,658.05,661.85
4966,2021-05-10 10:33:00,652.0,652.0,647.85,647.85,150,27375,716.85,645.35,648.1
4967,2021-05-10 10:34:00,640.0,640.0,631.6,634.35,625,27375,713.27,634.05,636.95
4968,2021-05-10 10:35:00,635.75,638.6,634.0,638.6,125,27375,712.58,636.35,639.75
4969,2021-05-10 10:36:00,639.0,639.0,639.0,639.0,50,27375,712.31,640.7,643.05
4970,2021-05-10 10:37:00,642.0,646.8,641.95,643.9,375,27375,710.51,644.65,648.65
4971,2021-05-10 10:38:00,643.9,644.5,643.9,644.5,100,27450,710.05,641.85,645.65
4972,2021-05-10 10:39:00,641.95,641.95,636.1,636.1,75,27450,709.69,633.1,636.75
4973,2021-05-10 10:40:00,634.35,634.35,634.35,634.35,25,27450,709.56,637.95,644.45
4974,2021-05-10 10:41:00,634.35,634.35,634.35,634.35,25,27450,709.56,637.95,644.45
4975,2021-05-10 10:42:00,647.55,658.1,647.55,658.1,150,27450,708.99,655.25,660.95
4976,2021-05-10 10:43:00,656.0,656.0,656.0,656.0,25,27450,708.9,657.95,662.55
4977,2021-05-10 10:44:00,656.0,656.0,656.0,656.0,25,27450,708.9,657.95,662.55
4978,2021-05-10 10:45:00,662.0,662.0,662.0,662.0,25,27500,708.82,655.2,658.35
4979,2021-05-10 10:46:00,662.0,662.0,662.0,662.0,25,27500,708.82,655.2,658.35
4980,2021-05-10 10:47:00,653.65,656.0,651.75,654.6,250,27475,707.9,654.35,658.2
4981,2021-05-10 10:48:00,653.65,656.0,651.75,654.6,250,27475,707.9,654.35,658.2
4982,2021-05-10 10:49:00,651.35,654.6,651.35,654.6,75,27475,707.63,653.1,655.65
4983,2021-05-10 10:50:00,654.95,656.55,649.15,650.25,125,27600,707.18,644.15,647.95
4984,2021-05-10 10:51:00,654.95,656.55,649.15,650.25,125,27600,707.18,644.15,647.95
4985,2021-05-10 10:52:00,650.25,650.25,650.25,650.25,75,27600,706.9,648.4,652.0
4986,2021-05-10 10:53:00,652.2,652.2,652.2,652.2,25,27600,706.81,651.1,654.75
4987,2021-05-10 10:54:00,651.7,652.45,651.7,652.45,100,27650,706.45,654.6,657.85
4988,2021-05-10 10:55:00,656.8,665.2,656.8,661.7,75,27650,706.23,661.05,665.6
4989,2021-05-10 10:56:00,672.2,672.2,668.35,668.35,100,27750,706.0,665.45,669.15
4990,2021-05-10 10:57:00,667.55,669.1,667.55,669.1,50,27750,705.88,662.95,666.9
4991,2021-05-10 10:58:00,667.55,669.1,667.55,669.1,50,27750,705.88,662.95,666.9
4992,2021-05-10 10:59:00,665.0,665.0,665.0,665.0,25,27750,705.82,668.55,672.05
4993,2021-05-10 11:00:00,675.0,675.0,675.0,675.0,50,27750,705.72,677.15,680.0
4994,2021-05-10 11:01:00,675.0,675.0,675.0,675.0,50,27750,705.72,677.15,680.0
4995,2021-05-10 11:02:00,675.55,675.55,670.4,670.4,100,27700,705.52,668.2,671.25
4996,2021-05-10 11:03:00,667.65,667.65,664.05,664.05,50,27700,705.4,664.65,667.3
4997,2021-05-10 11:04:00,665.15,665.15,665.15,665.15,25,27700,705.33,665.15,669.6
4998,2021-05-10 11:05:00,665.15,665.15,652.5,652.5,125,27675,705.0,653.45,659.4
4999,2021-05-10 11:06:00,665.15,665.15,652.5,652.5,125,27675,705.0,653.45,659.4
5000,2021-05-10 11:07:00,665.15,665.15,652.5,652.5,125,27675,705.0,653.45,659.4
5001,2021-05-10 11:08:00,665.15,665.15,652.5,652.5,125,27675,705.0,653.45,659.4
5002,2021-05-10 11:09:00,665.15,665.15,652.5,652.5,125,27675,705.0,653.45,659.4
5003,2021-05-10 11:10:00,652.0,652.0,646.8,648.7,325,27675,703.87,645.15,648.25
5004,2021-05-10 11:11:00,652.0,652.0,646.8,648.7,325,27675,703.87,645.15,648.25
5005,2021-05-10 11:12:00,651.25,651.25,651.25,651.25,25,27700,703.79,652.95,655.5
5006,2021-05-10 11:13:00,661.9,661.95,660.05,661.95,150,27700,703.41,660.0,662.9
5007,2021-05-10 11:14:00,662.95,663.05,660.0,663.05,775,27775,701.48,660.1,663.85
5008,2021-05-10 11:15:00,662.7,666.55,662.65,666.55,225,27775,701.01,663.0,664.55
5009,2021-05-10 11:16:00,664.55,666.5,664.55,666.5,425,27775,700.16,665.0,667.2
5010,2021-05-10 11:17:00,665.0,666.75,663.0,663.0,250,27925,699.68,660.5,664.4
5011,2021-05-10 11:18:00,662.95,664.0,662.95,664.0,50,27925,699.58,663.05,664.9
5012,2021-05-10 11:19:00,667.0,667.0,657.9,657.9,875,27925,698.06,655.6,659.25
5013,2021-05-10 11:20:00,656.75,656.75,656.75,656.75,25,27925,698.01,659.05,662.5
5014,2021-05-10 11:21:00,656.75,656.75,656.75,656.75,25,27925,698.01,659.05,662.5
5015,2021-05-10 11:22:00,646.0,646.35,646.0,646.35,75,27950,697.81,648.85,650.3
5016,2021-05-10 11:23:00,650.0,650.0,645.4,647.0,900,28750,695.65,645.95,648.1
5017,2021-05-10 11:24:00,646.3,646.3,646.3,646.3,50,28750,695.53,651.25,653.25
5018,2021-05-10 11:25:00,654.8,659.25,654.8,659.25,50,28750,695.43,658.6,662.35
5019,2021-05-10 11:26:00,657.5,661.85,657.5,661.85,50,28750,695.35,662.3,666.5
5020,2021-05-10 11:27:00,666.6,666.65,662.35,666.65,1100,28725,693.78,663.75,667.4
5021,2021-05-10 11:28:00,664.3,664.3,663.85,663.85,50,28725,693.71,663.85,667.5
5022,2021-05-10 11:29:00,664.15,664.15,664.15,664.15,50,28725,693.64,661.25,664.2
5023,2021-05-10 11:30:00,663.35,663.35,663.35,663.35,25,29025,693.6,654.3,658.0
5024,2021-05-10 11:31:00,657.2,660.35,657.2,660.35,50,29025,693.52,655.05,658.55
5025,2021-05-10 11:32:00,656.25,661.2,656.25,661.2,50,29025,693.44,661.5,665.65
5026,2021-05-10 11:33:00,666.95,667.05,666.95,667.05,50,29025,693.38,657.15,661.8
5027,2021-05-10 11:34:00,658.45,658.45,658.45,658.45,25,29025,693.34,655.7,659.0
5028,2021-05-10 11:35:00,658.45,658.45,658.45,658.45,25,29025,693.34,655.7,659.0
5029,2021-05-10 11:36:00,663.6,663.6,663.6,663.6,50,29000,693.27,661.65,664.6
5030,2021-05-10 11:37:00,662.45,662.45,662.45,662.45,50,29000,693.2,658.5,661.7
5031,2021-05-10 11:38:00,662.45,662.45,662.45,662.45,50,29000,693.2,658.5,661.7
5032,2021-05-10 11:39:00,662.45,662.45,662.45,662.45,50,29000,693.2,658.5,661.7
5033,2021-05-10 11:40:00,658.6,658.6,656.05,656.05,75,28975,693.08,657.3,660.6
5034,2021-05-10 11:41:00,658.6,658.6,656.05,656.05,75,28975,693.08,657.3,660.6
5035,2021-05-10 11:42:00,658.6,658.6,656.05,656.05,75,28975,693.08,657.3,660.6
5036,2021-05-10 11:43:00,658.6,658.6,656.05,656.05,75,28975,693.08,657.3,660.6
5037,2021-05-10 11:44:00,658.6,658.6,656.05,656.05,75,28975,693.08,657.3,660.6
5038,2021-05-10 11:45:00,671.6,692.85,671.5,688.9,675,28950,692.68,686.75,691.8
5039,2021-05-10 11:46:00,684.15,684.15,680.9,680.9,50,28950,692.66,674.9,679.35
5040,2021-05-10 11:47:00,680.0,680.0,680.0,680.0,25,28950,692.64,677.55,680.85
5041,2021-05-10 11:48:00,678.4,678.4,676.9,676.9,50,28925,692.61,675.95,679.85
5042,2021-05-10 11:49:00,675.05,675.05,675.0,675.0,75,28925,692.55,673.45,675.95
5043,2021-05-10 11:50:00,675.05,675.05,675.0,675.0,75,28925,692.55,673.45,675.95
5044,2021-05-10 11:51:00,675.05,675.05,675.0,675.0,75,28925,692.55,673.45,675.95
5045,2021-05-10 11:52:00,666.05,666.05,666.05,666.05,25,28975,692.52,664.25,668.05
5046,2021-05-10 11:53:00,666.05,666.05,666.05,666.05,25,28975,692.52,664.25,668.05
5047,2021-05-10 11:54:00,667.25,667.25,667.25,667.25,50,28975,692.47,661.8,667.3
5048,2021-05-10 11:55:00,667.25,667.25,667.25,667.25,50,28975,692.47,661.8,667.3
5049,2021-05-10 11:56:00,674.1,674.1,674.1,674.1,25,28975,692.45,667.5,671.8
5050,2021-05-10 11:57:00,671.75,673.65,671.75,673.65,50,28900,692.4,670.6,674.65
5051,2021-05-10 11:58:00,671.75,673.65,671.75,673.65,50,28900,692.4,670.6,674.65
5052,2021-05-10 11:59:00,671.5,671.5,671.5,671.5,25,28925,692.38,670.65,673.6
5053,2021-05-10 12:00:00,671.5,671.5,671.5,671.5,25,28925,692.38,670.65,673.6
5054,2021-05-10 12:01:00,671.5,671.5,671.5,671.5,25,28925,692.38,670.65,673.6
5055,2021-05-10 12:02:00,671.5,671.5,671.5,671.5,25,28925,692.38,670.65,673.6
5056,2021-05-10 12:03:00,658.1,658.1,658.1,658.1,50,28925,692.3,658.05,660.8
5057,2021-05-10 12:04:00,658.1,658.1,658.1,658.1,50,28925,692.3,658.05,660.8
5058,2021-05-10 12:05:00,658.1,658.1,658.1,658.1,50,28925,692.3,658.05,660.8
5059,2021-05-10 12:06:00,658.1,658.1,658.1,658.1,50,28925,692.3,658.05,660.8
5060,2021-05-10 12:07:00,671.0,671.0,671.0,671.0,50,28975,692.26,669.25,672.55
5061,2021-05-10 12:08:00,671.0,671.0,671.0,671.0,50,28975,692.26,669.25,672.55
5062,2021-05-10 12:09:00,671.0,671.0,671.0,671.0,50,28975,692.26,669.25,672.55
5063,2021-05-10 12:10:00,671.0,671.0,671.0,671.0,50,28975,692.26,669.25,672.55
5064,2021-05-10 12:11:00,680.0,681.85,680.0,681.85,50,28975,692.23,675.85,679.75
5065,2021-05-10 12:12:00,674.85,674.85,674.85,674.85,50,28950,692.2,673.1,676.45
5066,2021-05-10 12:13:00,674.85,674.85,674.85,674.85,50,28950,692.2,673.1,676.45
5067,2021-05-10 12:14:00,674.85,674.85,674.85,674.85,50,28950,692.2,673.1,676.45
5068,2021-05-10 12:15:00,673.25,673.25,673.25,673.25,25,28900,692.18,672.85,676.35
5069,2021-05-10 12:16:00,673.25,673.25,673.25,673.25,25,28900,692.18,672.85,676.35
5070,2021-05-10 12:17:00,675.0,679.7,675.0,679.7,75,28900,692.13,674.1,677.65
5071,2021-05-10 12:18:00,678.5,678.5,678.5,678.5,25,28875,692.11,676.65,680.45
5072,2021-05-10 12:19:00,678.5,678.5,678.5,678.5,25,28875,692.11,676.65,680.45
5073,2021-05-10 12:20:00,678.5,678.5,678.5,678.5,25,28875,692.11,676.65,680.45
5074,2021-05-10 12:21:00,678.5,678.5,678.5,678.5,25,28875,692.11,676.65,680.45
5075,2021-05-10 12:22:00,680.25,680.25,680.05,680.05,50,28875,692.09,683.65,688.65
5076,2021-05-10 12:23:00,680.4,680.4,678.5,678.5,125,28875,692.02,674.9,678.75
5077,2021-05-10 12:24:00,672.25,672.25,672.25,672.25,75,28775,691.96,671.75,675.05
5078,2021-05-10 12:25:00,672.25,672.25,672.25,672.25,75,28775,691.96,671.75,675.05
5079,2021-05-10 12:26:00,662.65,662.65,656.0,656.0,150,28775,691.76,654.95,658.9
5080,2021-05-10 12:27:00,662.65,662.65,656.0,656.0,150,28775,691.76,654.95,658.9
5081,2021-05-10 12:28:00,662.65,662.65,656.0,656.0,150,28775,691.76,654.95,658.9
5082,2021-05-10 12:29:00,662.65,662.65,656.0,656.0,150,28775,691.76,654.95,658.9
5083,2021-05-10 12:30:00,662.65,662.65,656.0,656.0,150,28775,691.76,654.95,658.9
5084,2021-05-10 12:31:00,662.65,662.65,656.0,656.0,150,28775,691.76,654.95,658.9
5085,2021-05-10 12:32:00,662.65,662.65,656.0,656.0,150,28775,691.76,654.95,658.9
5086,2021-05-10 12:33:00,662.65,662.65,656.0,656.0,150,28775,691.76,654.95,658.9
5087,2021-05-10 12:34:00,662.65,662.65,656.0,656.0,150,28775,691.76,654.95,658.9
5088,2021-05-10 12:35:00,664.7,664.7,664.7,664.7,25,28750,691.73,658.95,662.0
5089,2021-05-10 12:36:00,661.95,661.95,661.95,661.95,25,28775,691.7,658.65,662.65
5090,2021-05-10 12:37:00,659.45,659.45,659.45,659.45,50,28775,691.63,659.25,663.4
5091,2021-05-10 12:38:00,659.6,659.6,659.6,659.6,25,28775,691.6,657.2,661.7
5092,2021-05-10 12:39:00,662.25,662.25,639.75,639.75,50,28775,691.52,639.8,644.2
5093,2021-05-10 12:40:00,642.2,642.2,642.2,642.2,25,28775,691.46,641.15,644.65
5094,2021-05-10 12:41:00,643.0,643.0,641.35,641.35,50,28775,691.36,640.1,644.05
5095,2021-05-10 12:42:00,640.5,640.5,640.5,640.5,25,28775,691.31,639.6,643.15
5096,2021-05-10 12:43:00,640.5,640.5,640.5,640.5,25,28775,691.31,639.6,643.15
5097,2021-05-10 12:44:00,640.5,640.5,640.5,640.5,25,28775,691.31,639.6,643.15
5098,2021-05-10 12:45:00,640.5,640.5,640.5,640.5,25,28775,691.31,639.6,643.15
5099,2021-05-10 12:46:00,651.05,651.05,645.65,645.65,75,28750,691.17,651.5,653.8
5100,2021-05-10 12:47:00,651.05,651.05,645.65,645.65,75,28750,691.17,651.5,653.8
5101,2021-05-10 12:48:00,651.05,651.05,645.65,645.65,75,28750,691.17,651.5,653.8
5102,2021-05-10 12:49:00,651.05,651.05,645.65,645.65,75,28750,691.17,651.5,653.8
5103,2021-05-10 12:50:00,651.05,651.05,645.65,645.65,75,28750,691.17,651.5,653.8
5104,2021-05-10 12:51:00,654.5,654.5,652.8,652.8,225,28750,690.82,654.65,658.05
5105,2021-05-10 12:52:00,654.5,654.5,652.8,652.8,225,28750,690.82,654.65,658.05
5106,2021-05-10 12:53:00,654.5,654.5,652.8,652.8,225,28750,690.82,654.65,658.05
5107,2021-05-10 12:54:00,654.5,654.5,652.8,652.8,225,28750,690.82,654.65,658.05
5108,2021-05-10 12:55:00,664.5,664.5,664.5,664.5,50,28650,690.77,657.9,660.4
5109,2021-05-10 12:56:00,656.5,656.5,656.5,656.5,25,28650,690.73,653.95,658.4
5110,2021-05-10 12:57:00,656.5,656.5,656.5,656.5,25,28650,690.73,653.95,658.4
5111,2021-05-10 12:58:00,656.5,656.5,656.5,656.5,25,28650,690.73,653.95,658.4
5112,2021-05-10 12:59:00,656.5,656.5,656.5,656.5,25,28650,690.73,653.95,658.4
5113,2021-05-10 13:00:00,656.5,656.5,656.5,656.5,25,28650,690.73,653.95,658.4
5114,2021-05-10 13:01:00,650.0,650.0,646.65,646.65,50,28600,690.65,642.45,647.9
5115,2021-05-10 13:02:00,650.55,650.55,650.55,650.55,25,28600,690.6,647.55,651.4
5116,2021-05-10 13:03:00,650.55,650.55,650.55,650.55,25,28600,690.6,647.55,651.4
5117,2021-05-10 13:04:00,650.55,650.55,650.55,650.55,25,28600,690.6,647.55,651.4
5118,2021-05-10 13:05:00,650.55,650.55,650.55,650.55,25,28600,690.6,647.55,651.4
5119,2021-05-10 13:06:00,650.55,650.55,650.55,650.55,25,28600,690.6,647.55,651.4
5120,2021-05-10 13:07:00,650.55,650.55,650.55,650.55,25,28600,690.6,647.55,651.4
5121,2021-05-10 13:08:00,653.1,653.1,640.25,640.25,75,28600,690.48,633.95,636.65
5122,2021-05-10 13:09:00,653.1,653.1,640.25,640.25,75,28600,690.48,633.95,636.65
5123,2021-05-10 13:10:00,646.4,648.1,646.4,648.1,50,28575,690.39,647.1,649.15
5124,2021-05-10 13:11:00,670.0,691.6,670.0,691.6,175,28575,690.33,684.3,691.3
5125,2021-05-10 13:12:00,676.65,676.65,676.65,676.65,25,28575,690.31,684.25,686.95
5126,2021-05-10 13:13:00,686.15,686.15,681.85,681.85,125,28650,690.28,682.65,687.0
5127,2021-05-10 13:14:00,686.15,686.15,681.85,681.85,125,28650,690.28,682.65,687.0
5128,2021-05-10 13:15:00,705.2,705.2,705.2,705.2,25,28625,690.29,699.05,702.15
5129,2021-05-10 13:16:00,693.6,693.6,693.6,693.6,25,28625,690.29,691.15,693.8
5130,2021-05-10 13:17:00,693.6,693.6,693.6,693.6,25,28625,690.29,691.15,693.8
5131,2021-05-10 13:18:00,693.6,693.6,693.6,693.6,25,28625,690.29,691.15,693.8
5132,2021-05-10 13:19:00,699.35,699.35,694.4,694.4,100,28625,690.32,690.75,695.0
5133,2021-05-10 13:20:00,686.3,686.3,686.3,686.3,25,28625,690.32,690.3,693.15
5134,2021-05-10 13:21:00,686.3,686.3,686.3,686.3,25,28625,690.32,690.3,693.15
5135,2021-05-10 13:22:00,688.4,688.4,688.4,688.4,25,28600,690.31,686.75,689.3
5136,2021-05-10 13:23:00,685.7,685.7,685.7,685.7,25,28600,690.31,686.3,689.3
5137,2021-05-10 13:24:00,686.3,686.3,686.3,686.3,25,28600,690.31,685.4,689.45
5138,2021-05-10 13:25:00,686.3,686.3,686.3,686.3,25,28600,690.31,685.4,689.45
5139,2021-05-10 13:26:00,686.3,686.3,686.3,686.3,25,28600,690.31,685.4,689.45
5140,2021-05-10 13:27:00,686.3,686.3,686.3,686.3,25,28600,690.31,685.4,689.45
5141,2021-05-10 13:28:00,674.75,674.75,671.5,671.5,50,28575,690.27,675.6,678.05
5142,2021-05-10 13:29:00,677.95,677.95,677.95,677.95,25,28575,690.26,675.85,678.8
5143,2021-05-10 13:30:00,677.95,677.95,677.95,677.95,25,28575,690.26,675.85,678.8
5144,2021-05-10 13:31:00,677.95,677.95,677.95,677.95,25,28575,690.26,675.85,678.8
5145,2021-05-10 13:32:00,667.75,670.35,667.75,670.35,50,28525,690.22,667.75,670.6
5146,2021-05-10 13:33:00,670.0,670.0,670.0,670.0,150,28500,690.1,668.5,670.85
5147,2021-05-10 13:34:00,670.0,670.0,670.0,670.0,150,28500,690.1,668.5,670.85
5148,2021-05-10 13:35:00,672.6,672.6,666.15,666.15,75,28500,690.04,665.2,667.85
5149,2021-05-10 13:36:00,668.15,672.0,668.15,672.0,50,28450,690.0,670.8,672.35
5150,2021-05-10 13:37:00,672.05,672.5,672.05,672.5,50,28450,689.96,669.6,672.2
5151,2021-05-10 13:38:00,672.05,672.5,672.05,672.5,50,28450,689.96,669.6,672.2
5152,2021-05-10 13:39:00,672.05,672.5,672.05,672.5,50,28450,689.96,669.6,672.2
5153,2021-05-10 13:40:00,686.15,686.15,678.05,678.05,100,28450,689.93,678.05,680.35
5154,2021-05-10 13:41:00,686.15,686.15,678.05,678.05,100,28450,689.93,678.05,680.35
5155,2021-05-10 13:42:00,671.95,671.95,671.95,671.95,50,28450,689.9,669.3,672.15
5156,2021-05-10 13:43:00,671.95,671.95,671.95,671.95,50,28450,689.9,669.3,672.15
5157,2021-05-10 13:44:00,671.95,671.95,671.95,671.95,50,28450,689.9,669.3,672.15
5158,2021-05-10 13:45:00,664.15,664.15,664.15,664.15,25,28450,689.87,669.95,673.45
5159,2021-05-10 13:46:00,668.65,668.65,668.65,668.65,100,28450,689.79,668.4,671.4
5160,2021-05-10 13:47:00,668.65,668.65,668.65,668.65,100,28450,689.79,668.4,671.4
5161,2021-05-10 13:48:00,670.95,670.95,670.95,670.95,25,28450,689.77,670.4,673.35
5162,2021-05-10 13:49:00,670.95,670.95,670.95,670.95,25,28450,689.77,670.4,673.35
5163,2021-05-10 13:50:00,670.95,670.95,670.95,670.95,25,28450,689.77,670.4,673.35
5164,2021-05-10 13:51:00,672.05,672.05,672.05,672.05,25,28400,689.75,670.95,673.25
5165,2021-05-10 13:52:00,672.05,672.05,672.05,672.05,25,28400,689.75,670.95,673.25
5166,2021-05-10 13:53:00,672.05,672.05,672.05,672.05,25,28400,689.75,670.95,673.25
5167,2021-05-10 13:54:00,672.05,672.05,672.05,672.05,25,28400,689.75,670.95,673.25
5168,2021-05-10 13:55:00,672.05,672.05,672.05,672.05,25,28400,689.75,670.95,673.25
5169,2021-05-10 13:56:00,672.05,672.05,672.05,672.05,25,28400,689.75,670.95,673.25
5170,2021-05-10 13:57:00,665.35,665.35,665.35,665.35,25,28375,689.73,666.1,669.0
5171,2021-05-10 13:58:00,660.0,660.0,660.0,660.0,25,28375,689.7,653.7,656.25
5172,2021-05-10 13:59:00,660.0,660.0,660.0,660.0,25,28375,689.7,653.7,656.25
5173,2021-05-10 14:00:00,660.0,660.0,660.0,660.0,25,28375,689.7,653.7,656.25
5174,2021-05-10 14:01:00,660.0,660.0,660.0,660.0,25,28375,689.7,653.7,656.25
5175,2021-05-10 14:02:00,664.25,666.0,664.25,666.0,125,28400,689.58,663.95,666.6
5176,2021-05-10 14:03:00,664.25,666.0,664.25,666.0,125,28400,689.58,663.95,666.6
5177,2021-05-10 14:04:00,665.95,665.95,665.95,665.95,100,28300,689.49,660.5,663.0
5178,2021-05-10 14:05:00,665.95,665.95,665.95,665.95,100,28300,689.49,660.5,663.0
5179,2021-05-10 14:06:00,665.95,665.95,665.95,665.95,100,28300,689.49,660.5,663.0
5180,2021-05-10 14:07:00,657.3,657.7,657.3,657.7,50,28275,689.43,659.1,662.2
5181,2021-05-10 14:08:00,662.75,662.75,662.75,662.75,25,28275,689.4,660.1,663.9
5182,2021-05-10 14:09:00,662.75,662.75,662.75,662.75,25,28275,689.4,660.1,663.9
5183,2021-05-10 14:10:00,662.0,662.0,662.0,662.0,25,28300,689.38,661.75,665.0
5184,2021-05-10 14:11:00,660.7,660.7,660.7,660.7,50,28300,689.32,660.3,662.9
5185,2021-05-10 14:12:00,660.7,660.7,660.7,660.7,50,28300,689.32,660.3,662.9
5186,2021-05-10 14:13:00,660.7,660.7,660.7,660.7,50,28300,689.32,660.3,662.9
5187,2021-05-10 14:14:00,669.7,669.7,669.7,669.7,25,28325,689.3,669.6,671.6
5188,2021-05-10 14:15:00,671.05,671.05,671.05,671.05,25,28325,689.28,670.8,673.6
5189,2021-05-10 14:16:00,671.05,671.05,671.05,671.05,25,28325,689.28,670.8,673.6
5190,2021-05-10 14:17:00,659.1,659.1,639.75,639.75,75,28325,689.17,643.05,646.25
5191,2021-05-10 14:18:00,645.75,645.75,645.75,645.75,25,28300,689.13,642.05,644.8
5192,2021-05-10 14:19:00,645.75,645.75,645.75,645.75,25,28300,689.13,642.05,644.8
5193,2021-05-10 14:20:00,646.7,646.7,646.7,646.7,25,28300,689.09,646.9,649.6
5194,2021-05-10 14:21:00,646.7,646.7,646.7,646.7,25,28300,689.09,646.9,649.6
5195,2021-05-10 14:22:00,646.7,646.7,646.7,646.7,25,28300,689.09,646.9,649.6
5196,2021-05-10 14:23:00,652.6,652.6,652.6,652.6,25,28250,689.06,650.85,653.65
5197,2021-05-10 14:24:00,652.6,652.6,652.6,652.6,25,28250,689.06,650.85,653.65
5198,2021-05-10 14:25:00,658.9,676.95,657.85,676.95,100,28225,688.97,674.0,676.75
5199,2021-05-10 14:26:00,676.0,693.4,676.0,687.8,250,28225,688.94,686.65,688.95
5200,2021-05-10 14:27:00,681.4,681.4,681.4,681.4,50,28250,688.93,679.7,683.3
5201,2021-05-10 14:28:00,681.4,681.4,681.4,681.4,50,28250,688.93,679.7,683.3
5202,2021-05-10 14:29:00,681.4,681.4,681.4,681.4,50,28250,688.93,679.7,683.3
5203,2021-05-10 14:30:00,679.0,679.0,679.0,679.0,25,28250,688.92,677.05,679.55
5204,2021-05-10 14:31:00,679.0,679.0,679.0,679.0,25,28250,688.92,677.05,679.55
5205,2021-05-10 14:32:00,675.0,675.0,675.0,675.0,25,28250,688.91,673.7,676.1
5206,2021-05-10 14:33:00,675.0,675.0,675.0,675.0,25,28250,688.91,673.7,676.1
5207,2021-05-10 14:34:00,678.9,678.9,678.9,678.9,25,28275,688.9,678.55,681.2
5208,2021-05-10 14:35:00,677.65,677.65,677.65,677.65,25,28275,688.89,676.25,678.8
5209,2021-05-10 14:36:00,677.65,677.65,677.65,677.65,25,28275,688.89,676.25,678.8
5210,2021-05-10 14:37:00,670.9,670.9,663.75,664.75,150,28300,688.77,667.15,671.05
5211,2021-05-10 14:38:00,670.9,670.9,663.75,664.75,150,28300,688.77,667.15,671.05
5212,2021-05-10 14:39:00,663.8,663.8,663.8,663.8,50,28200,688.72,664.5,666.6
5213,2021-05-10 14:40:00,660.0,660.0,660.0,660.0,100,28200,688.61,660.0,662.3
5214,2021-05-10 14:41:00,660.0,660.0,652.7,652.7,275,28200,688.32,643.75,650.3
5215,2021-05-10 14:42:00,660.0,660.0,652.7,652.7,275,28200,688.32,643.75,650.3
5216,2021-05-10 14:43:00,660.0,660.0,652.7,652.7,275,28200,688.32,643.75,650.3
5217,2021-05-10 14:44:00,660.0,660.0,652.7,652.7,275,28200,688.32,643.75,650.3
5218,2021-05-10 14:45:00,656.6,656.6,656.6,656.6,25,28300,688.29,647.35,653.3
5219,2021-05-10 14:46:00,657.7,657.7,657.7,657.7,50,28300,688.23,653.45,658.4
5220,2021-05-10 14:47:00,657.7,657.7,657.7,657.7,50,28300,688.23,653.45,658.4
5221,2021-05-10 14:48:00,659.05,659.05,659.05,659.05,25,28300,688.21,652.85,658.35
5222,2021-05-10 14:49:00,659.05,659.05,659.05,659.05,25,28300,688.21,652.85,658.35
5223,2021-05-10 14:50:00,658.6,658.6,658.6,658.6,25,28400,688.18,659.95,663.95
5224,2021-05-10 14:51:00,676.6,676.6,672.25,672.25,50,28400,688.16,669.1,672.15
5225,2021-05-10 14:52:00,668.6,668.6,668.6,668.6,75,28375,688.1,666.5,669.3
5226,2021-05-10 14:53:00,664.85,664.85,664.85,664.85,25,28375,688.08,660.55,663.2
5227,2021-05-10 14:54:00,661.05,661.05,661.05,661.05,25,28350,688.06,660.0,662.55
5228,2021-05-10 14:55:00,661.05,661.05,661.05,661.05,25,28350,688.06,660.0,662.55
5229,2021-05-10 14:56:00,660.7,663.95,660.7,663.95,50,28350,688.01,660.75,663.85
5230,2021-05-10 14:57:00,663.45,663.45,663.45,663.45,25,28325,687.99,661.25,665.3
5231,2021-05-10 14:58:00,665.1,665.1,665.1,665.1,25,28325,687.97,663.7,666.45
5232,2021-05-10 14:59:00,665.1,665.1,665.1,665.1,25,28325,687.97,663.7,666.45
5233,2021-05-10 15:00:00,665.1,665.1,665.1,665.1,25,28325,687.97,663.7,666.45
5234,2021-05-10 15:01:00,673.05,673.05,673.05,673.05,50,28325,687.94,670.8,673.45
5235,2021-05-10 15:02:00,673.05,673.05,673.05,673.05,50,28325,687.94,670.8,673.45
5236,2021-05-10 15:03:00,666.6,666.6,666.6,666.6,25,28325,687.92,666.45,668.85
5237,2021-05-10 15:04:00,668.75,668.75,668.75,668.75,25,28275,687.91,669.15,671.95
5238,2021-05-10 15:05:00,670.2,671.65,670.2,671.65,125,28275,687.83,666.65,669.1
5239,2021-05-10 15:06:00,670.2,671.65,670.2,671.65,125,28275,687.83,666.65,669.1
5240,2021-05-10 15:07:00,669.05,669.05,669.05,669.05,75,28225,687.78,666.2,668.45
5241,2021-05-10 15:08:00,667.25,667.25,667.25,667.25,25,28225,687.76,666.05,668.55
5242,2021-05-10 15:09:00,667.25,667.25,667.25,667.25,25,28225,687.76,666.05,668.55
5243,2021-05-10 15:10:00,655.0,655.0,655.0,655.0,25,28225,687.73,652.6,655.25
5244,2021-05-10 15:11:00,656.9,656.9,656.9,656.9,100,28225,687.62,653.95,656.6
5245,2021-05-10 15:12:00,656.6,659.7,653.55,659.7,175,28050,687.43,657.05,659.85
5246,2021-05-10 15:13:00,656.55,656.55,656.55,656.55,25,28050,687.4,658.35,660.45
5247,2021-05-10 15:14:00,656.55,656.55,656.55,656.55,25,28050,687.4,658.35,660.45
5248,2021-05-10 15:15:00,666.9,666.9,666.9,666.9,25,28050,687.38,662.05,664.65
5249,2021-05-10 15:16:00,664.75,664.75,661.5,661.5,50,28075,687.34,661.3,664.05
5250,2021-05-10 15:17:00,664.75,664.75,661.5,661.5,50,28075,687.34,661.3,664.05
5251,2021-05-10 15:18:00,664.75,664.75,661.5,661.5,50,28075,687.34,661.3,664.05
5252,2021-05-10 15:19:00,659.95,659.95,659.95,659.95,25,27950,687.32,656.85,659.4
5253,2021-05-10 15:20:00,653.55,653.55,642.55,649.1,125,27950,687.16,646.75,649.15
5254,2021-05-10 15:21:00,641.25,641.25,641.25,641.25,250,27950,686.78,647.2,649.35
5255,2021-05-10 15:22:00,641.25,641.25,641.25,641.25,250,27950,686.78,647.2,649.35
5256,2021-05-10 15:23:00,641.25,641.25,641.25,641.25,250,27950,686.78,647.2,649.35
5257,2021-05-10 15:24:00,641.25,641.25,641.25,641.25,250,27950,686.78,647.2,649.35
5258,2021-05-10 15:25:00,639.85,639.85,634.0,634.0,125,27775,686.56,632.9,634.75
5259,2021-05-10 15:26:00,631.25,631.25,631.25,631.25,125,27775,686.33,631.95,634.15
5260,2021-05-10 15:27:00,632.7,632.7,632.7,632.7,25,27825,686.28,630.55,632.95
5261,2021-05-10 15:28:00,631.2,631.2,623.0,623.0,225,27825,685.81,621.45,624.1
5262,2021-05-10 15:29:00,631.2,631.2,623.0,623.0,225,27825,685.81,621.45,624.1
5263,2021-05-10 15:30:00,621.3,621.3,621.3,621.3,25,27825,685.76,621.0,632.1
5264,2021-05-11 09:15:00,829.65,915.0,818.15,849.9,325,27750,836.64,829.05,849.4
5265,2021-05-11 09:16:00,848.85,863.85,837.35,855.25,350,27750,842.46,846.05,863.75
5266,2021-05-11 09:17:00,837.4,858.9,837.4,845.0,475,27425,844.9,839.25,849.3
5267,2021-05-11 09:18:00,836.15,843.95,836.15,840.5,125,27425,844.46,839.35,842.85
5268,2021-05-11 09:19:00,840.35,844.4,834.3,834.3,175,27425,844.07,832.05,836.35
5269,2021-05-11 09:20:00,828.8,844.1,828.8,831.55,175,27375,843.13,831.0,836.3
5270,2021-05-11 09:21:00,829.25,836.15,829.25,836.0,250,27375,841.93,832.55,836.0
5271,2021-05-11 09:22:00,836.0,840.0,834.0,838.0,725,27375,840.93,836.15,840.9
5272,2021-05-11 09:23:00,837.85,837.85,807.3,807.3,300,27475,838.94,806.75,809.4
5273,2021-05-11 09:24:00,810.2,810.9,803.1,803.1,150,27475,837.35,802.2,805.85
5274,2021-05-11 09:25:00,802.85,814.2,802.85,809.4,125,27475,836.21,808.35,811.3
5275,2021-05-11 09:26:00,797.35,797.35,793.55,793.55,125,27525,834.76,791.7,797.55
5276,2021-05-11 09:27:00,799.0,799.0,799.0,799.0,25,27525,834.5,804.15,806.9
5277,2021-05-11 09:28:00,808.6,808.8,808.15,808.8,150,27525,833.37,808.7,812.05
5278,2021-05-11 09:29:00,809.65,811.4,800.3,800.3,150,27425,832.32,798.3,803.25
5279,2021-05-11 09:30:00,803.8,809.35,803.8,809.35,250,27425,830.69,809.85,813.3
5280,2021-05-11 09:31:00,808.05,808.05,792.55,792.55,125,27425,829.74,790.0,791.75
5281,2021-05-11 09:32:00,791.45,793.1,790.3,790.3,125,27475,828.6,791.95,797.7
5282,2021-05-11 09:33:00,802.3,802.3,802.3,802.3,75,27475,828.13,797.7,802.35
5283,2021-05-11 09:34:00,791.2,791.2,791.2,791.2,25,27475,827.91,793.05,796.05
5284,2021-05-11 09:35:00,793.6,802.15,793.6,802.15,125,27375,827.08,795.9,798.9
5285,2021-05-11 09:36:00,799.25,803.85,786.05,803.85,300,27375,825.21,800.85,807.35
5286,2021-05-11 09:37:00,803.7,805.65,797.75,805.05,100,27375,824.74,800.35,805.5
5287,2021-05-11 09:38:00,800.8,800.8,800.8,800.8,25,27200,824.62,796.1,801.0
5288,2021-05-11 09:39:00,793.35,793.35,793.35,793.35,50,27200,824.29,792.05,796.0
5289,2021-05-11 09:40:00,786.95,792.85,786.95,792.85,275,27200,822.48,790.5,792.0
5290,2021-05-11 09:41:00,792.0,795.9,792.0,792.7,200,27325,821.37,790.55,795.8
5291,2021-05-11 09:42:00,798.7,801.75,796.55,801.75,200,27325,820.53,795.9,799.45
5292,2021-05-11 09:43:00,796.85,796.85,796.15,796.15,50,27325,820.31,796.95,800.85
5293,2021-05-11 09:44:00,800.35,800.35,800.35,800.35,25,27325,820.22,799.8,803.6
5294,2021-05-11 09:45:00,804.15,811.75,804.15,811.75,125,27325,819.97,808.2,811.95
5295,2021-05-11 09:46:00,804.15,811.75,804.15,811.75,125,27325,819.97,808.2,811.95
5296,2021-05-11 09:47:00,807.2,807.2,807.2,807.2,25,27325,819.92,798.15,801.65
5297,2021-05-11 09:48:00,791.55,791.55,791.55,791.55,25,27325,819.79,798.7,801.4
5298,2021-05-11 09:49:00,797.15,797.15,797.15,797.15,25,27325,819.7,795.6,798.55
5299,2021-05-11 09:50:00,792.1,792.1,792.1,792.1,25,27325,819.58,790.95,794.85
5300,2021-05-11 09:51:00,792.1,792.1,792.1,792.1,25,27325,819.58,790.95,794.85
5301,2021-05-11 09:52:00,779.8,779.8,773.25,773.25,225,27325,817.97,772.8,776.15
5302,2021-05-11 09:53:00,768.0,768.0,761.55,761.55,150,27400,816.7,770.1,773.55
5303,2021-05-11 09:54:00,773.15,773.55,768.7,773.55,125,27400,815.81,774.2,776.7
5304,2021-05-11 09:55:00,776.35,776.35,776.35,776.35,50,27400,815.5,772.35,776.7
5305,2021-05-11 09:56:00,775.2,775.2,767.8,771.0,200,27300,814.17,773.7,776.65
5306,2021-05-11 09:57:00,773.65,773.65,773.65,773.65,25,27300,814.02,774.05,778.15
5307,2021-05-11 09:58:00,774.0,774.0,769.85,769.85,50,27300,813.7,771.85,775.3
5308,2021-05-11 09:59:00,765.5,765.5,765.5,765.5,25,27275,813.52,762.2,766.6
5309,2021-05-11 10:00:00,766.6,766.6,760.0,764.8,100,27275,812.77,764.1,768.8
5310,2021-05-11 10:01:00,761.85,761.85,753.5,753.5,375,27275,809.73,753.3,758.15
5311,2021-05-11 10:02:00,759.15,760.5,759.15,760.5,150,27225,808.7,760.1,761.35
5312,2021-05-11 10:03:00,761.3,761.3,758.2,758.2,125,27225,807.88,755.3,758.8
5313,2021-05-11 10:04:00,757.1,757.1,757.1,757.1,25,27225,807.71,759.6,762.1
5314,2021-05-11 10:05:00,757.1,757.1,757.1,757.1,25,27225,807.71,759.6,762.1
5315,2021-05-11 10:06:00,765.35,765.35,765.35,765.35,25,27125,807.57,764.4,768.95
5316,2021-05-11 10:07:00,765.4,769.1,765.4,769.1,75,27125,807.17,766.85,770.0
5317,2021-05-11 10:08:00,770.0,772.95,770.0,772.95,50,27125,806.93,769.9,774.8
5318,2021-05-11 10:09:00,768.0,768.0,768.0,768.0,25,27200,806.8,766.3,771.7
5319,2021-05-11 10:10:00,742.35,742.35,742.35,742.35,225,27200,805.22,746.65,751.25
5320,2021-05-11 10:11:00,753.75,753.75,753.75,753.75,25,27175,805.06,749.0,753.55
5321,2021-05-11 10:12:00,749.3,749.3,745.0,745.0,50,27175,804.69,745.4,748.75
5322,2021-05-11 10:13:00,748.35,748.35,746.25,746.25,150,27175,803.62,747.0,750.65
5323,2021-05-11 10:14:00,750.65,750.65,745.0,745.0,75,27175,803.11,742.4,745.55
5324,2021-05-11 10:15:00,738.3,750.05,738.3,750.05,100,27175,802.4,745.2,750.5
5325,2021-05-11 10:16:00,749.3,749.3,746.75,746.75,75,27175,801.91,747.5,751.1
5326,2021-05-11 10:17:00,753.0,755.0,753.0,755.0,75,27250,801.48,754.85,757.9
5327,2021-05-11 10:18:00,754.4,762.6,754.4,762.6,300,27250,800.03,756.85,760.5
5328,2021-05-11 10:19:00,760.4,760.4,760.4,760.4,50,27250,799.81,757.8,759.5
5329,2021-05-11 10:20:00,759.4,764.2,759.4,764.2,50,27250,799.59,762.4,766.75
5330,2021-05-11 10:21:00,767.9,767.9,760.15,760.15,325,27250,798.35,760.0,761.75
5331,2021-05-11 10:22:00,760.0,760.0,756.25,756.25,75,27250,798.02,749.75,752.45
5332,2021-05-11 10:23:00,751.3,751.3,746.35,746.35,100,27375,797.48,741.7,745.05
5333,2021-05-11 10:24:00,712.35,736.65,712.35,735.6,475,27375,794.24,737.3,742.45
5334,2021-05-11 10:25:00,732.45,744.7,732.45,744.7,125,27375,793.55,748.3,752.05
5335,2021-05-11 10:26:00,750.15,753.3,745.05,753.3,875,28025,789.87,756.35,761.05
5336,2021-05-11 10:27:00,764.95,764.95,760.35,760.35,525,28025,788.52,760.9,764.95
5337,2021-05-11 10:28:00,762.45,770.95,762.45,770.95,75,28025,788.37,772.2,776.95
5338,2021-05-11 10:29:00,762.45,770.95,762.45,770.95,75,28025,788.37,772.2,776.95
5339,2021-05-11 10:30:00,778.55,780.25,772.0,772.0,250,28450,788.14,766.95,770.65
5340,2021-05-11 10:31:00,766.75,767.15,766.75,767.15,225,28450,787.73,765.75,769.1
5341,2021-05-11 10:32:00,769.1,769.1,768.8,768.8,125,28675,787.54,767.45,770.9
5342,2021-05-11 10:33:00,771.15,771.15,771.15,771.15,25,28675,787.5,762.0,765.6
5343,2021-05-11 10:34:00,771.15,771.15,771.15,771.15,25,28675,787.5,762.0,765.6
5344,2021-05-11 10:35:00,767.15,767.15,762.0,762.0,50,28675,787.41,758.5,763.65
5345,2021-05-11 10:36:00,767.15,767.15,762.0,762.0,50,28675,787.41,758.5,763.65
5346,2021-05-11 10:37:00,759.55,759.55,759.55,759.55,50,28675,787.29,755.9,759.6
5347,2021-05-11 10:38:00,761.2,761.2,761.2,761.2,25,28675,787.24,762.8,768.5
5348,2021-05-11 10:39:00,767.65,767.65,756.85,763.05,100,28700,787.05,762.7,766.25
5349,2021-05-11 10:40:00,767.65,767.65,756.85,763.05,100,28700,787.05,762.7,766.25
5350,2021-05-11 10:41:00,763.5,763.5,763.5,763.5,25,28700,787.0,764.65,768.05
5351,2021-05-11 10:42:00,763.5,763.5,763.5,763.5,25,28700,787.0,764.65,768.05
5352,2021-05-11 10:43:00,763.5,763.5,763.5,763.5,25,28700,787.0,764.65,768.05
5353,2021-05-11 10:44:00,763.5,763.5,763.5,763.5,25,28700,787.0,764.65,768.05
5354,2021-05-11 10:45:00,765.0,765.0,765.0,765.0,25,28675,786.95,764.05,767.95
5355,2021-05-11 10:46:00,765.0,765.0,765.0,765.0,25,28675,786.95,764.05,767.95
5356,2021-05-11 10:47:00,772.0,773.4,772.0,773.4,75,28675,786.86,772.9,775.0
5357,2021-05-11 10:48:00,773.4,773.4,773.4,773.4,25,28675,786.84,771.95,774.3
5358,2021-05-11 10:49:00,774.95,779.8,774.95,779.8,125,28675,786.74,778.35,780.35
5359,2021-05-11 10:50:00,778.35,782.0,778.25,780.6,275,28675,786.58,776.2,779.75
5360,2021-05-11 10:51:00,775.0,775.0,770.1,772.3,250,28675,786.3,772.1,775.85
5361,2021-05-11 10:52:00,771.6,771.6,770.0,770.0,75,28675,786.22,768.65,771.6
5362,2021-05-11 10:53:00,771.6,771.6,770.0,770.0,75,28675,786.22,768.65,771.6
5363,2021-05-11 10:54:00,771.6,771.6,770.0,770.0,75,28675,786.22,768.65,771.6
5364,2021-05-11 10:55:00,758.55,758.55,758.55,758.55,25,28875,786.16,756.35,760.05
5365,2021-05-11 10:56:00,751.8,751.8,751.8,751.8,100,28875,785.91,752.2,756.55
5366,2021-05-11 10:57:00,755.0,755.0,755.0,755.0,25,28850,785.85,750.55,754.85
5367,2021-05-11 10:58:00,750.0,750.0,750.0,750.0,50,28850,785.71,745.0,748.2
5368,2021-05-11 10:59:00,745.0,745.0,745.0,745.0,25,28850,785.64,736.0,740.9
5369,2021-05-11 11:00:00,743.3,743.3,743.3,743.3,25,28825,785.56,742.75,746.9
5370,2021-05-11 11:01:00,744.2,744.2,742.6,742.6,75,28825,785.32,740.0,743.35
5371,2021-05-11 11:02:00,742.6,742.6,742.6,742.6,25,28825,785.24,743.6,748.0
5372,2021-05-11 11:03:00,749.4,749.4,738.4,738.4,50,28875,785.09,731.1,736.55
5373,2021-05-11 11:04:00,728.4,728.4,728.4,728.4,50,28875,784.88,730.5,734.8
5374,2021-05-11 11:05:00,728.4,730.95,721.3,730.95,425,28950,783.14,724.9,730.25
5375,2021-05-11 11:06:00,730.95,734.95,730.95,734.95,50,28950,782.97,731.0,735.0
5376,2021-05-11 11:07:00,730.95,734.75,730.95,732.5,125,28950,782.53,733.25,736.0
5377,2021-05-11 11:08:00,735.0,735.0,730.55,730.55,100,28975,782.19,731.7,735.9
5378,2021-05-11 11:09:00,732.0,733.0,732.0,733.0,50,28975,782.01,732.25,735.95
5379,2021-05-11 11:10:00,730.05,730.05,730.05,730.05,25,28975,781.92,730.0,732.95
5380,2021-05-11 11:11:00,730.0,736.45,730.0,736.45,75,28975,781.67,731.7,736.0
5381,2021-05-11 11:12:00,730.0,736.45,730.0,736.45,75,28975,781.67,731.7,736.0
5382,2021-05-11 11:13:00,730.5,736.9,730.5,736.9,75,28950,781.42,731.55,736.45
5383,2021-05-11 11:14:00,734.85,734.85,734.85,734.85,25,28950,781.34,733.65,739.2
5384,2021-05-11 11:15:00,732.6,732.6,732.6,732.6,50,29000,781.17,721.1,725.65
5385,2021-05-11 11:16:00,715.35,715.7,685.6,705.9,750,29000,777.27,702.75,707.85
5386,2021-05-11 11:17:00,707.7,707.7,695.75,702.9,150,28950,776.54,696.8,701.45
5387,2021-05-11 11:18:00,697.25,701.0,697.25,701.0,100,28950,776.04,701.55,705.95
5388,2021-05-11 11:19:00,702.75,702.75,702.75,702.75,850,28950,772.21,700.55,702.7
5389,2021-05-11 11:20:00,702.0,702.0,702.0,702.0,125,28950,771.68,694.5,698.95
5390,2021-05-11 11:21:00,691.95,700.65,691.95,700.65,125,29000,771.11,698.95,702.15
5391,2021-05-11 11:22:00,703.25,709.75,697.95,709.75,200,29000,770.32,705.4,709.15
5392,2021-05-11 11:23:00,709.15,709.15,705.05,705.65,75,29000,770.03,699.85,705.75
5393,2021-05-11 11:24:00,702.4,702.4,702.4,702.4,25,29150,769.93,691.6,695.25
5394,2021-05-11 11:25:00,683.8,687.75,683.8,687.75,75,29150,769.56,684.35,688.55
5395,2021-05-11 11:26:00,682.45,686.0,682.45,686.0,125,29175,768.95,675.75,681.4
5396,2021-05-11 11:27:00,684.5,684.5,675.4,676.7,175,29175,768.04,677.2,680.15
5397,2021-05-11 11:28:00,680.45,685.8,680.45,681.3,100,29175,767.54,680.85,685.05
5398,2021-05-11 11:29:00,687.1,690.15,687.05,690.15,125,29175,766.98,680.5,684.5
5399,2021-05-11 11:30:00,680.05,680.05,671.75,676.35,100,29175,766.46,674.5,678.7
5400,2021-05-11 11:31:00,676.95,676.95,674.5,674.5,75,29175,766.07,672.35,677.15
5401,2021-05-11 11:32:00,670.3,670.3,655.55,664.3,475,29175,763.35,661.7,664.75
5402,2021-05-11 11:33:00,657.7,657.7,624.3,636.1,850,29175,757.63,632.2,637.65
5403,2021-05-11 11:34:00,634.85,642.2,634.0,641.15,725,29175,753.29,638.3,643.0
5404,2021-05-11 11:35:00,638.1,642.8,638.1,642.8,200,29175,752.18,643.35,647.6
5405,2021-05-11 11:36:00,643.0,648.15,643.0,648.15,250,29125,750.85,648.8,651.25
5406,2021-05-11 11:37:00,648.2,653.0,648.2,653.0,50,29125,750.6,653.95,657.85
5407,2021-05-11 11:38:00,645.95,647.1,645.95,647.1,50,29125,750.35,645.95,651.0
5408,2021-05-11 11:39:00,635.0,635.0,635.0,635.0,50,29175,750.07,637.45,646.7
5409,2021-05-11 11:40:00,642.0,642.0,642.0,642.0,25,29175,749.93,644.95,648.55
5410,2021-05-11 11:41:00,645.85,653.0,645.85,651.0,225,29350,748.85,649.1,652.85
5411,2021-05-11 11:42:00,649.1,655.0,645.0,655.0,275,29350,747.53,658.45,661.75
5412,2021-05-11 11:43:00,661.35,661.35,655.3,656.15,150,29350,746.9,656.35,660.75
5413,2021-05-11 11:44:00,661.15,661.15,659.05,659.05,75,29350,746.59,657.35,661.9
5414,2021-05-11 11:45:00,657.6,663.25,657.6,662.55,100,29600,746.19,659.95,664.05
5415,2021-05-11 11:46:00,658.0,658.0,658.0,658.0,25,29600,746.08,659.85,663.65
5416,2021-05-11 11:47:00,665.0,672.1,665.0,667.85,200,29600,745.35,662.85,667.1
5417,2021-05-11 11:48:00,665.0,672.1,665.0,667.85,200,29600,745.35,662.85,667.1
5418,2021-05-11 11:49:00,667.85,667.85,667.85,667.85,150,29650,744.81,660.05,662.65
5419,2021-05-11 11:50:00,660.0,661.25,658.0,659.25,125,29650,744.32,656.25,660.05
5420,2021-05-11 11:51:00,660.0,661.25,658.0,659.25,125,29650,744.32,656.25,660.05
5421,2021-05-11 11:52:00,660.0,661.25,658.0,659.25,125,29650,744.32,656.25,660.05
5422,2021-05-11 11:53:00,660.0,661.25,658.0,659.25,125,29650,744.32,656.25,660.05
5423,2021-05-11 11:54:00,667.8,667.8,667.8,667.8,125,29725,743.88,664.05,666.9
5424,2021-05-11 11:55:00,670.0,670.0,669.3,669.3,50,29725,743.71,668.7,672.9
5425,2021-05-11 11:56:00,670.0,670.0,669.3,669.3,50,29725,743.71,668.7,672.9
5426,2021-05-11 11:57:00,670.0,670.0,669.3,669.3,50,29725,743.71,668.7,672.9
5427,2021-05-11 11:58:00,664.0,664.0,664.0,664.0,25,29700,743.62,662.3,666.05
5428,2021-05-11 11:59:00,664.0,664.0,664.0,664.0,25,29700,743.62,662.3,666.05
5429,2021-05-11 12:00:00,656.75,656.75,656.75,656.75,25,29700,743.52,653.55,658.7
5430,2021-05-11 12:01:00,656.75,656.75,656.75,656.75,25,29700,743.52,653.55,658.7
5431,2021-05-11 12:02:00,656.75,656.75,656.75,656.75,25,29700,743.52,653.55,658.7
5432,2021-05-11 12:03:00,656.75,656.75,656.75,656.75,25,29700,743.52,653.55,658.7
5433,2021-05-11 12:04:00,663.05,663.05,663.05,663.05,50,29675,743.33,663.15,667.6
5434,2021-05-11 12:05:00,665.4,665.4,665.4,665.4,25,29675,743.25,661.25,665.3
5435,2021-05-11 12:06:00,662.0,662.0,662.0,662.0,25,0,743.15,659.4,663.0
5436,2021-05-11 12:07:00,662.0,662.0,662.0,662.0,25,0,743.15,659.4,663.0
5437,2021-05-11 12:08:00,656.7,656.7,640.25,640.25,75,29625,742.83,647.05,650.25
5438,2021-05-11 12:09:00,640.25,640.25,640.25,640.25,100,29600,742.37,647.1,651.6
5439,2021-05-11 12:10:00,647.05,651.5,647.05,651.5,50,29600,742.16,647.45,650.4
5440,2021-05-11 12:11:00,647.6,647.6,647.6,647.6,50,29600,741.95,650.9,655.55
5441,2021-05-11 12:12:00,649.45,649.45,649.45,649.45,50,29575,741.74,649.5,653.15
5442,2021-05-11 12:13:00,658.0,658.0,658.0,658.0,100,29575,741.37,654.0,654.95
5443,2021-05-11 12:14:00,654.0,654.0,650.4,650.4,50,29575,741.17,652.45,655.2
5444,2021-05-11 12:15:00,654.0,654.0,650.4,650.4,50,29575,741.17,652.45,655.2
5445,2021-05-11 12:16:00,650.9,650.9,650.0,650.0,200,29500,740.38,648.95,652.65
5446,2021-05-11 12:17:00,650.9,650.9,650.0,650.0,200,29500,740.38,648.95,652.65
5447,2021-05-11 12:18:00,655.0,655.0,655.0,655.0,50,29425,740.19,654.1,657.75
5448,2021-05-11 12:19:00,655.0,655.0,655.0,655.0,50,29425,740.19,654.1,657.75
5449,2021-05-11 12:20:00,655.0,655.0,655.0,655.0,50,29425,740.19,654.1,657.75
5450,2021-05-11 12:21:00,655.0,655.0,655.0,655.0,50,29425,740.19,654.1,657.75
5451,2021-05-11 12:22:00,660.0,660.0,660.0,660.0,25,29425,740.1,656.6,661.6
5452,2021-05-11 12:23:00,660.0,660.0,660.0,660.0,50,29425,739.93,655.4,658.7
5453,2021-05-11 12:24:00,655.0,655.0,655.0,655.0,25,29475,739.83,652.8,656.0
5454,2021-05-11 12:25:00,655.0,655.0,655.0,655.0,25,29475,739.83,652.8,656.0
5455,2021-05-11 12:26:00,655.0,655.0,655.0,655.0,25,29475,739.83,652.8,656.0
5456,2021-05-11 12:27:00,650.0,650.0,630.85,635.1,475,29500,737.81,635.95,644.3
5457,2021-05-11 12:28:00,650.0,650.0,630.85,635.1,475,29500,737.81,635.95,644.3
5458,2021-05-11 12:29:00,640.2,641.8,640.2,641.8,50,29500,737.6,638.8,642.8
5459,2021-05-11 12:30:00,640.2,641.8,640.2,641.8,50,29500,737.6,638.8,642.8
5460,2021-05-11 12:31:00,640.2,641.8,640.2,641.8,50,29500,737.6,638.8,642.8
5461,2021-05-11 12:32:00,640.2,641.8,640.2,641.8,50,29500,737.6,638.8,642.8
5462,2021-05-11 12:33:00,656.35,664.5,656.35,664.5,50,29300,737.43,660.0,660.7
5463,2021-05-11 12:34:00,660.0,660.0,660.0,660.0,25,0,737.35,660.6,663.85
5464,2021-05-11 12:35:00,665.6,666.05,665.6,666.05,50,29300,737.2,664.95,667.8
5465,2021-05-11 12:36:00,668.5,670.0,668.5,670.0,75,29350,736.98,669.2,672.6
5466,2021-05-11 12:37:00,668.5,670.0,668.5,670.0,75,29350,736.98,669.2,672.6
5467,2021-05-11 12:38:00,673.65,680.0,672.0,672.0,300,29350,736.23,671.25,674.1
5468,2021-05-11 12:39:00,672.35,677.8,672.35,677.8,50,29425,736.1,679.55,684.5
5469,2021-05-11 12:40:00,685.0,685.0,671.3,671.3,100,29425,735.87,671.15,674.0
5470,2021-05-11 12:41:00,669.35,669.35,669.05,669.05,100,29425,735.59,670.35,674.05
5471,2021-05-11 12:42:00,669.35,669.35,669.05,669.05,100,29425,735.59,670.35,674.05
5472,2021-05-11 12:43:00,672.2,672.2,669.1,669.1,125,29475,735.26,663.7,667.65
5473,2021-05-11 12:44:00,672.2,672.2,669.1,669.1,125,29475,735.26,663.7,667.65
5474,2021-05-11 12:45:00,680.0,694.5,680.0,694.5,100,29400,735.07,690.6,696.0
5475,2021-05-11 12:46:00,689.05,689.05,689.05,689.05,200,29400,734.71,687.7,695.15
5476,2021-05-11 12:47:00,691.75,704.1,691.75,703.55,75,29400,734.61,701.8,707.75
5477,2021-05-11 12:48:00,700.0,703.55,699.15,701.95,325,29350,734.19,702.5,707.65
5478,2021-05-11 12:49:00,705.9,705.9,705.9,705.9,50,0,734.14,700.25,705.7
5479,2021-05-11 12:50:00,702.0,702.0,702.0,702.0,125,29350,733.99,697.05,702.2
5480,2021-05-11 12:51:00,692.7,692.7,692.7,692.7,100,29450,733.83,692.7,696.3
5481,2021-05-11 12:52:00,692.7,705.0,692.7,704.3,225,29450,733.53,701.2,709.0
5482,2021-05-11 12:53:00,723.05,723.05,715.3,715.3,125,29450,733.46,709.75,716.35
5483,2021-05-11 12:54:00,707.4,715.3,707.4,715.3,250,29350,733.26,706.1,712.35
5484,2021-05-11 12:55:00,709.75,709.75,709.75,709.75,25,29350,733.23,706.7,712.75
5485,2021-05-11 12:56:00,710.5,715.0,710.5,715.0,225,29350,733.07,710.85,715.0
5486,2021-05-11 12:57:00,715.0,715.0,714.0,715.0,250,29525,732.9,707.35,712.85
5487,2021-05-11 12:58:00,707.0,707.0,707.0,707.0,150,29525,732.77,703.7,711.0
5488,2021-05-11 12:59:00,700.0,700.0,700.0,700.0,25,29525,732.74,707.6,713.8
5489,2021-05-11 13:00:00,728.75,739.9,726.0,729.25,175,29450,732.74,721.6,726.6
5490,2021-05-11 13:01:00,724.8,730.55,722.0,730.55,150,29450,732.69,723.5,730.6
5491,2021-05-11 13:02:00,724.8,730.55,722.0,730.55,150,29450,732.69,723.5,730.6
5492,2021-05-11 13:03:00,724.7,724.7,724.0,724.0,50,29425,732.68,716.35,724.1
5493,2021-05-11 13:04:00,724.0,729.65,724.0,729.55,100,29425,732.66,727.05,733.0
5494,2021-05-11 13:05:00,738.05,742.4,735.9,735.9,575,29425,732.88,733.45,738.3
5495,2021-05-11 13:06:00,738.3,739.75,733.0,739.75,175,29325,732.9,731.85,736.9
5496,2021-05-11 13:07:00,737.85,737.85,737.85,737.85,25,29325,732.91,734.2,737.85
5497,2021-05-11 13:08:00,735.0,737.85,735.0,737.85,50,29325,732.91,726.85,733.15
5498,2021-05-11 13:09:00,730.0,730.0,724.6,724.6,150,29325,732.88,728.0,733.2
5499,2021-05-11 13:10:00,728.0,728.0,719.45,719.45,75,29325,732.86,725.0,729.15
5500,2021-05-11 13:11:00,731.7,740.0,731.7,736.25,100,29325,732.87,735.0,737.35
5501,2021-05-11 13:12:00,737.4,737.4,737.4,737.4,75,29225,732.88,737.4,741.15
5502,2021-05-11 13:13:00,737.45,737.45,737.45,737.45,75,29225,732.89,736.0,741.5
5503,2021-05-11 13:14:00,742.15,742.15,742.15,742.15,25,29225,732.9,733.25,739.95
5504,2021-05-11 13:15:00,734.15,742.0,734.15,742.0,175,29300,732.95,738.95,743.7
5505,2021-05-11 13:16:00,755.0,755.0,753.15,753.15,200,29300,733.1,745.05,756.6
5506,2021-05-11 13:17:00,758.75,758.75,758.75,758.75,25,29300,733.12,747.8,752.75
5507,2021-05-11 13:18:00,758.75,758.75,758.75,758.75,25,29300,733.12,747.8,752.75
5508,2021-05-11 13:19:00,766.45,766.45,766.45,766.45,100,29125,733.22,760.7,766.2
5509,2021-05-11 13:20:00,762.3,768.95,762.3,764.75,250,29125,733.51,763.6,768.95
5510,2021-05-11 13:21:00,768.55,768.55,768.55,768.55,100,29200,733.63,764.95,772.85
5511,2021-05-11 13:22:00,764.95,764.95,764.95,764.95,375,29200,734.1,761.55,767.55
5512,2021-05-11 13:23:00,764.95,764.95,764.95,764.95,375,29200,734.1,761.55,767.55
5513,2021-05-11 13:24:00,790.0,790.0,790.0,790.0,300,29200,734.61,786.15,792.0
5514,2021-05-11 13:25:00,813.2,815.85,804.65,813.0,325,29200,735.38,805.2,812.85
5515,2021-05-11 13:26:00,811.1,811.1,811.1,811.1,75,29200,735.57,800.85,809.55
5516,2021-05-11 13:27:00,783.1,783.1,783.1,783.1,200,29125,735.91,786.1,792.55
5517,2021-05-11 13:28:00,788.85,788.85,788.85,788.85,50,0,736.0,791.0,797.9
5518,2021-05-11 13:29:00,793.25,793.25,788.85,788.85,75,29125,736.13,772.2,782.2
5519,2021-05-11 13:30:00,772.75,781.25,772.75,776.1,150,29150,736.33,766.9,773.05
5520,2021-05-11 13:31:00,773.1,779.35,773.1,779.35,50,29150,736.4,779.95,784.8
5521,2021-05-11 13:32:00,784.2,784.3,780.1,780.1,75,29150,736.51,774.95,780.35
5522,2021-05-11 13:33:00,773.1,773.1,773.1,773.1,25,29150,736.54,771.85,777.4
5523,2021-05-11 13:34:00,773.55,780.0,773.55,780.0,50,29100,736.61,776.6,780.0
5524,2021-05-11 13:35:00,780.0,783.0,780.0,783.0,100,29100,736.75,790.5,794.85
5525,2021-05-11 13:36:00,792.3,792.3,792.3,792.3,25,29100,736.79,787.75,792.25
5526,2021-05-11 13:37:00,787.15,787.15,787.15,787.15,25,29100,736.83,775.0,777.9
5527,2021-05-11 13:38:00,768.2,769.9,768.2,769.9,50,29100,736.89,761.6,766.9
5528,2021-05-11 13:39:00,765.5,765.5,765.5,765.5,25,29100,736.91,760.8,765.7
5529,2021-05-11 13:40:00,760.2,766.65,760.2,766.65,100,29100,737.0,765.6,770.0
5530,2021-05-11 13:41:00,760.2,766.65,760.2,766.65,100,29100,737.0,765.6,770.0
5531,2021-05-11 13:42:00,760.2,766.65,760.2,766.65,100,29100,737.0,765.6,770.0
5532,2021-05-11 13:43:00,753.35,760.0,753.35,760.0,100,29125,737.06,757.8,764.75
5533,2021-05-11 13:44:00,766.0,766.0,766.0,766.0,25,29125,737.09,762.55,769.15
5534,2021-05-11 13:45:00,766.0,766.0,766.0,766.0,25,29125,737.09,762.55,769.15
5535,2021-05-11 13:46:00,778.35,780.0,774.0,774.0,300,29150,737.48,768.3,774.6
5536,2021-05-11 13:47:00,778.35,780.0,774.0,774.0,300,29150,737.48,768.3,774.6
5537,2021-05-11 13:48:00,762.35,770.5,762.35,770.5,50,29150,737.52,768.65,773.95
5538,2021-05-11 13:49:00,762.35,770.5,762.35,770.5,50,29150,737.52,768.65,773.95
5539,2021-05-11 13:50:00,767.05,767.05,767.05,767.05,50,29150,737.57,767.8,773.7
5540,2021-05-11 13:51:00,768.25,768.25,768.25,768.25,25,29150,737.59,767.8,773.75
5541,2021-05-11 13:52:00,758.5,758.5,748.7,748.7,325,29150,737.72,749.6,757.3
5542,2021-05-11 13:53:00,758.5,758.5,748.7,748.7,325,29150,737.72,749.6,757.3
5543,2021-05-11 13:54:00,758.5,758.5,748.7,748.7,325,29150,737.72,749.6,757.3
5544,2021-05-11 13:55:00,754.6,754.6,754.6,754.6,150,29125,737.78,754.15,757.9
5545,2021-05-11 13:56:00,753.85,753.85,753.85,753.85,125,29125,737.84,742.0,747.8
5546,2021-05-11 13:57:00,746.0,746.0,746.0,746.0,50,29125,737.86,740.55,746.95
5547,2021-05-11 13:58:00,746.0,746.0,746.0,746.0,50,29125,737.86,740.55,746.95
5548,2021-05-11 13:59:00,744.9,744.9,744.9,744.9,50,29025,737.87,742.85,746.0
5549,2021-05-11 14:00:00,743.9,743.9,743.9,743.9,75,29050,737.88,741.7,745.95
5550,2021-05-11 14:01:00,756.1,756.1,743.5,744.9,250,29050,737.96,744.25,750.0
5551,2021-05-11 14:02:00,745.65,745.65,733.2,733.2,125,29050,737.98,732.9,737.9
5552,2021-05-11 14:03:00,733.2,735.5,730.9,735.5,75,29000,737.97,729.4,734.2
5553,2021-05-11 14:04:00,730.95,730.95,730.95,730.95,50,29000,737.96,731.3,736.45
5554,2021-05-11 14:05:00,737.05,737.05,731.7,735.3,100,29000,737.95,729.85,735.35
5555,2021-05-11 14:06:00,737.05,737.05,731.7,735.3,100,29000,737.95,729.85,735.35
5556,2021-05-11 14:07:00,748.25,748.25,748.25,748.25,25,29025,737.96,743.3,747.8
5557,2021-05-11 14:08:00,747.8,748.25,747.8,748.25,100,29025,737.99,747.3,750.95
5558,2021-05-11 14:09:00,757.4,758.6,757.4,758.6,125,29025,738.05,755.75,760.1
5559,2021-05-11 14:10:00,760.05,760.05,758.95,758.95,125,29000,738.13,756.8,761.3
5560,2021-05-11 14:11:00,757.15,757.15,755.15,755.15,125,29000,738.2,748.95,753.7
5561,2021-05-11 14:12:00,754.35,754.35,753.85,753.85,100,29025,738.25,749.85,756.05
5562,2021-05-11 14:13:00,754.35,754.35,753.85,753.85,100,29025,738.25,749.85,756.05
5563,2021-05-11 14:14:00,763.8,775.0,763.8,775.0,75,29025,738.32,772.15,781.8
5564,2021-05-11 14:15:00,766.7,771.35,766.7,771.35,75,29000,738.38,765.75,772.05
5565,2021-05-11 14:16:00,766.7,771.35,766.7,771.35,75,29000,738.38,765.75,772.05
5566,2021-05-11 14:17:00,773.9,773.9,773.9,773.9,50,29000,738.43,766.45,771.35
5567,2021-05-11 14:18:00,761.3,761.3,761.3,761.3,25,0,738.45,749.0,755.15
5568,2021-05-11 14:19:00,761.3,761.3,761.3,761.3,25,0,738.45,749.0,755.15
5569,2021-05-11 14:20:00,753.9,753.9,753.9,753.9,25,29025,738.46,745.75,751.3
5570,2021-05-11 14:21:00,753.9,753.9,753.9,753.9,25,29025,738.46,745.75,751.3
5571,2021-05-11 14:22:00,754.7,754.7,754.7,754.7,175,29050,738.54,750.4,756.25
5572,2021-05-11 14:23:00,750.0,750.0,750.0,750.0,25,0,738.55,744.3,749.3
5573,2021-05-11 14:24:00,750.0,750.0,750.0,750.0,25,0,738.55,744.3,749.3
5574,2021-05-11 14:25:00,751.55,751.55,751.55,751.55,75,29000,738.58,752.2,758.15
5575,2021-05-11 14:26:00,751.55,751.55,751.55,751.55,75,29000,738.58,752.2,758.15
5576,2021-05-11 14:27:00,764.05,764.05,764.05,764.05,25,29000,738.6,756.7,761.8
5577,2021-05-11 14:28:00,764.05,764.05,764.05,764.05,75,29050,738.65,759.7,765.7
5578,2021-05-11 14:29:00,764.05,764.05,764.05,764.05,75,29050,738.65,759.7,765.7
5579,2021-05-11 14:30:00,774.0,775.0,774.0,775.0,150,29050,738.79,772.95,778.6
5580,2021-05-11 14:31:00,774.0,775.4,773.95,773.95,75,29175,738.87,772.25,777.2
5581,2021-05-11 14:32:00,773.95,773.95,769.4,769.4,75,29175,738.94,769.05,774.05
5582,2021-05-11 14:33:00,760.2,760.2,760.2,760.2,25,29225,738.95,750.3,754.5
5583,2021-05-11 14:34:00,734.4,739.55,732.05,732.05,275,29225,738.92,734.6,739.45
5584,2021-05-11 14:35:00,727.4,727.4,724.3,724.3,175,29225,738.86,724.75,729.8
5585,2021-05-11 14:36:00,731.6,731.6,731.6,731.6,25,29450,738.86,729.7,735.0
5586,2021-05-11 14:37:00,732.0,736.65,732.0,736.65,50,29450,738.85,731.75,736.75
5587,2021-05-11 14:38:00,740.5,740.5,740.5,740.5,25,29450,738.85,741.4,746.55
5588,2021-05-11 14:39:00,737.0,737.0,732.45,732.45,75,29450,738.85,735.5,741.7
5589,2021-05-11 14:40:00,737.95,737.95,735.9,735.9,50,29425,738.84,735.95,741.1
5590,2021-05-11 14:41:00,740.0,740.0,737.0,737.0,75,29425,738.84,737.35,742.55
5591,2021-05-11 14:42:00,745.45,745.45,745.45,745.45,25,29425,738.85,742.6,747.85
5592,2021-05-11 14:43:00,745.0,745.0,745.0,745.0,50,29475,738.86,740.9,745.0
5593,2021-05-11 14:44:00,745.0,745.0,745.0,745.0,75,29475,738.87,748.4,753.1
5594,2021-05-11 14:45:00,745.0,745.0,745.0,745.0,75,29475,738.87,748.4,753.1
5595,2021-05-11 14:46:00,745.0,745.0,745.0,745.0,75,29475,738.87,748.4,753.1
5596,2021-05-11 14:47:00,745.0,745.0,745.0,745.0,50,29600,738.88,738.85,743.5
5597,2021-05-11 14:48:00,742.65,742.65,742.65,742.65,25,29600,738.88,736.75,741.5
5598,2021-05-11 14:49:00,730.0,730.0,730.0,730.0,75,29625,738.86,720.7,725.95
5599,2021-05-11 14:50:00,730.0,730.0,730.0,730.0,75,29625,738.86,720.7,725.95
5600,2021-05-11 14:51:00,730.0,730.0,730.0,730.0,75,29625,738.86,720.7,725.95
5601,2021-05-11 14:52:00,726.9,726.9,726.9,726.9,125,29600,738.81,726.45,729.0
5602,2021-05-11 14:53:00,722.0,722.0,722.0,722.0,50,29600,738.79,715.75,719.95
5603,2021-05-11 14:54:00,720.35,720.35,720.35,720.35,25,29600,738.78,726.5,730.95
5604,2021-05-11 14:55:00,734.0,734.0,734.0,734.0,75,29600,738.77,734.65,742.35
5605,2021-05-11 14:56:00,734.0,734.0,734.0,734.0,75,29600,738.77,734.65,742.35
5606,2021-05-11 14:57:00,734.0,734.0,734.0,734.0,75,29600,738.77,734.65,742.35
5607,2021-05-11 14:58:00,734.0,734.0,734.0,734.0,75,29600,738.77,734.65,742.35
5608,2021-05-11 14:59:00,744.5,744.5,744.5,744.5,50,29675,738.77,741.35,748.2
5609,2021-05-11 15:00:00,748.15,748.15,748.15,748.15,25,0,738.78,741.4,748.1
5610,2021-05-11 15:01:00,740.6,740.6,740.6,740.6,25,29675,738.78,735.2,740.25
5611,2021-05-11 15:02:00,735.0,735.0,735.0,735.0,50,0,738.78,730.45,735.75
5612,2021-05-11 15:03:00,735.0,735.0,735.0,735.0,50,0,738.78,730.45,735.75
5613,2021-05-11 15:04:00,728.25,728.25,722.45,722.45,225,29625,738.69,716.05,721.5
5614,2021-05-11 15:05:00,721.2,721.2,721.2,721.2,175,29625,738.58,713.4,720.0
5615,2021-05-11 15:06:00,713.85,713.85,713.85,713.85,475,29650,738.27,714.15,718.55
5616,2021-05-11 15:07:00,720.0,720.0,720.0,720.0,275,29650,738.14,721.3,726.5
5617,2021-05-11 15:08:00,727.1,727.1,727.1,727.1,25,29650,738.13,719.95,727.25
5618,2021-05-11 15:09:00,722.3,722.3,722.3,722.3,50,29650,738.11,722.35,727.0
5619,2021-05-11 15:10:00,722.3,722.3,722.3,722.3,25,29700,738.1,723.25,727.0
5620,2021-05-11 15:11:00,727.1,727.1,727.1,727.1,50,0,738.08,722.1,727.55
5621,2021-05-11 15:12:00,727.1,727.1,727.1,727.1,50,0,738.08,722.1,727.55
5622,2021-05-11 15:13:00,724.55,725.3,724.55,725.3,175,29775,738.03,721.35,725.85
5623,2021-05-11 15:14:00,726.0,726.0,726.0,726.0,50,29775,738.01,722.2,727.05
5624,2021-05-11 15:15:00,725.15,725.15,725.15,725.15,75,29825,737.98,720.45,725.2
5625,2021-05-11 15:16:00,719.5,730.0,719.5,730.0,900,29825,737.6,726.4,731.55
5626,2021-05-11 15:17:00,730.9,730.9,727.9,727.9,100,29825,737.57,727.25,730.95
5627,2021-05-11 15:18:00,729.6,731.0,729.25,729.25,175,29825,737.54,731.25,735.35
5628,2021-05-11 15:19:00,731.25,731.25,730.8,730.8,75,30425,737.53,730.0,734.35
5629,2021-05-11 15:20:00,736.45,736.45,736.45,736.45,200,30425,737.5,734.6,740.2
5630,2021-05-11 15:21:00,739.7,739.7,739.7,739.7,25,30425,737.5,732.15,736.8
5631,2021-05-11 15:22:00,739.35,739.35,739.35,739.35,125,30600,737.5,734.45,739.25
5632,2021-05-11 15:23:00,738.0,743.2,738.0,743.2,250,30600,737.52,735.6,740.0
5633,2021-05-11 15:24:00,740.0,740.0,740.0,740.0,25,30600,737.52,737.1,742.55
5634,2021-05-11 15:25:00,740.0,743.75,736.05,743.75,525,30525,737.55,739.6,745.95
5635,2021-05-11 15:26:00,745.95,746.95,745.95,746.0,75,30525,737.57,741.1,746.8
5636,2021-05-11 15:27:00,749.95,749.95,749.95,749.95,125,30625,737.6,746.05,749.95
5637,2021-05-11 15:28:00,746.8,746.8,746.8,746.8,125,30625,737.63,740.45,748.65
5638,2021-05-11 15:29:00,746.8,746.8,746.8,746.8,125,30625,737.63,740.45,748.65
5639,2021-05-11 15:30:00,748.45,750.0,748.45,750.0,150,30625,737.67,743.1,750.85
5640,2021-05-12 09:15:00,826.35,826.35,786.85,798.65,275,30575,807.0,798.85,821.8
5641,2021-05-12 09:16:00,823.65,823.8,797.45,805.8,500,30575,809.46,797.75,820.3
5642,2021-05-12 09:17:00,798.85,798.85,786.1,787.05,350,30550,803.27,781.5,793.2
5643,2021-05-12 09:18:00,782.8,794.0,776.05,794.0,775,30550,796.56,782.15,793.25
5644,2021-05-12 09:19:00,784.55,794.0,784.55,794.0,75,30550,796.34,792.85,801.05
5645,2021-05-12 09:20:00,814.35,817.4,814.35,817.4,50,30725,796.82,811.75,819.85
5646,2021-05-12 09:21:00,820.0,839.8,820.0,832.2,950,30725,808.43,831.0,840.75
5647,2021-05-12 09:22:00,828.15,831.65,822.4,827.0,150,30725,809.34,828.15,835.75
5648,2021-05-12 09:23:00,828.15,833.65,824.05,827.8,250,30625,810.89,821.8,828.75
5649,2021-05-12 09:24:00,832.9,832.9,830.0,830.0,50,30625,811.19,824.35,833.3
5650,2021-05-12 09:25:00,831.7,833.75,826.0,833.75,100,30625,811.75,829.8,836.45
5651,2021-05-12 09:26:00,836.4,836.4,832.75,832.75,50,30550,812.07,833.75,839.35
5652,2021-05-12 09:27:00,831.65,831.65,831.65,831.65,125,30550,812.84,827.7,833.7
5653,2021-05-12 09:28:00,831.65,831.65,831.65,831.65,125,30550,812.84,827.7,833.7
5654,2021-05-12 09:29:00,811.05,815.0,811.05,815.0,200,30475,812.89,815.6,822.5
5655,2021-05-12 09:30:00,815.9,841.15,815.9,828.3,925,30475,815.38,821.85,832.25
5656,2021-05-12 09:31:00,836.7,837.45,836.7,837.45,50,30475,815.61,837.05,843.5
5657,2021-05-12 09:32:00,847.15,866.45,847.15,858.0,875,30175,821.92,858.45,865.35
5658,2021-05-12 09:33:00,858.45,858.45,852.0,852.0,175,30175,822.89,846.25,857.9
5659,2021-05-12 09:34:00,858.45,858.45,852.0,852.0,175,30175,822.89,846.25,857.9
5660,2021-05-12 09:35:00,857.0,857.0,857.0,857.0,325,30000,824.7,864.25,873.35
5661,2021-05-12 09:36:00,875.75,884.9,875.75,875.75,300,30000,827.15,874.5,886.95
5662,2021-05-12 09:37:00,895.55,895.55,895.55,895.55,150,30000,828.44,891.45,898.95
5663,2021-05-12 09:38:00,895.55,895.55,895.55,895.55,150,30000,828.44,891.45,898.95
5664,2021-05-12 09:39:00,891.75,891.75,891.75,891.75,125,29800,829.6,893.7,900.5
5665,2021-05-12 09:40:00,900.75,906.5,900.75,900.75,375,29800,833.31,894.5,902.2
5666,2021-05-12 09:41:00,878.75,878.75,878.75,878.75,275,29800,835.08,873.5,883.5
5667,2021-05-12 09:42:00,870.0,870.0,870.0,870.0,700,29800,838.34,869.6,878.15
5668,2021-05-12 09:43:00,875.1,875.1,875.1,875.1,25,29800,838.45,862.15,869.2
5669,2021-05-12 09:44:00,871.0,871.0,871.0,871.0,125,29900,838.9,861.7,868.9
5670,2021-05-12 09:45:00,867.1,868.4,865.75,868.4,175,29900,839.49,866.65,873.25
5671,2021-05-12 09:46:00,862.0,867.15,862.0,867.15,50,29900,839.64,867.55,874.85
5672,2021-05-12 09:47:00,865.95,877.95,865.95,877.95,850,29800,842.86,867.95,872.85
5673,2021-05-12 09:48:00,868.35,878.9,868.35,875.9,225,29800,843.57,874.4,880.95
5674,2021-05-12 09:49:00,868.35,878.9,868.35,875.9,225,29800,843.57,874.4,880.95
5675,2021-05-12 09:50:00,868.35,878.9,868.35,875.9,225,29800,843.57,874.4,880.95
5676,2021-05-12 09:51:00,874.2,874.2,874.2,874.2,100,0,843.9,864.05,870.85
5677,2021-05-12 09:52:00,874.2,874.2,874.2,874.2,100,0,843.9,864.05,870.85
5678,2021-05-12 09:53:00,874.2,874.2,874.2,874.2,100,0,843.9,864.05,870.85
5679,2021-05-12 09:54:00,874.2,874.2,874.2,874.2,100,0,843.9,864.05,870.85
5680,2021-05-12 09:55:00,861.75,861.75,861.75,861.75,50,29000,843.99,860.4,866.55
5681,2021-05-12 09:56:00,858.15,858.15,850.0,850.0,125,28925,844.07,840.45,849.8
5682,2021-05-12 09:57:00,843.4,843.4,843.4,843.4,25,28925,844.06,838.55,845.15
5683,2021-05-12 09:58:00,843.4,843.4,843.4,843.4,25,28925,844.06,838.55,845.15
5684,2021-05-12 09:59:00,835.75,835.75,835.75,835.75,100,0,843.99,843.65,850.3
5685,2021-05-12 10:00:00,835.75,835.75,835.75,835.75,100,0,843.99,843.65,850.3
5686,2021-05-12 10:01:00,835.75,835.75,835.75,835.75,100,0,843.99,843.65,850.3
5687,2021-05-12 10:02:00,841.55,841.55,841.55,841.55,25,28975,843.99,837.1,843.1
5688,2021-05-12 10:03:00,847.65,847.65,847.65,847.65,150,28975,843.96,847.0,853.1
5689,2021-05-12 10:04:00,842.05,842.05,842.05,842.05,50,28975,843.95,839.8,847.25
5690,2021-05-12 10:05:00,842.05,842.05,842.05,842.05,50,28975,843.95,839.8,847.25
5691,2021-05-12 10:06:00,842.05,842.05,842.05,842.05,50,28975,843.95,839.8,847.25
5692,2021-05-12 10:07:00,842.05,842.05,842.05,842.05,50,28975,843.95,839.8,847.25
5693,2021-05-12 10:08:00,842.05,842.05,842.05,842.05,50,28975,843.95,839.8,847.25
5694,2021-05-12 10:09:00,845.0,845.0,845.0,845.0,25,29025,843.95,841.2,847.8
5695,2021-05-12 10:10:00,845.0,845.0,845.0,845.0,25,29025,843.95,841.2,847.8
5696,2021-05-12 10:11:00,862.0,862.0,862.0,862.0,75,29075,844.08,860.9,870.0
5697,2021-05-12 10:12:00,864.85,864.85,864.85,864.85,25,0,844.13,866.5,874.6
5698,2021-05-12 10:13:00,881.85,881.85,881.85,881.85,125,29075,844.53,871.4,878.15
5699,2021-05-12 10:14:00,881.85,881.85,881.85,881.85,125,29075,844.53,871.4,878.15
5700,2021-05-12 10:15:00,881.85,881.85,881.85,881.85,125,29075,844.53,871.4,878.15
5701,2021-05-12 10:16:00,879.55,879.55,879.55,879.55,25,29075,844.61,875.25,884.2
5702,2021-05-12 10:17:00,879.55,879.55,879.55,879.55,25,29075,844.61,875.25,884.2
5703,2021-05-12 10:18:00,868.25,868.25,868.25,868.25,25,29050,844.67,876.45,884.8
5704,2021-05-12 10:19:00,868.25,868.25,868.25,868.25,25,29050,844.67,876.45,884.8
5705,2021-05-12 10:20:00,868.25,868.25,868.25,868.25,25,29050,844.67,876.45,884.8
5706,2021-05-12 10:21:00,896.55,896.55,896.55,896.55,150,0,845.39,894.7,903.7
5707,2021-05-12 10:22:00,917.3,917.3,917.3,917.3,50,29050,845.72,909.5,918.95
5708,2021-05-12 10:23:00,917.3,917.3,917.3,917.3,50,29050,845.72,909.5,918.95
5709,2021-05-12 10:24:00,905.35,905.35,905.35,905.35,50,29100,846.02,909.3,916.8
5710,2021-05-12 10:25:00,917.0,917.0,917.0,917.0,25,0,846.18,908.15,916.65
5711,2021-05-12 10:26:00,912.3,912.3,912.3,912.3,25,29075,846.34,900.25,907.95
5712,2021-05-12 10:27:00,917.9,917.9,917.9,917.9,75,29075,846.8,914.95,921.9
5713,2021-05-12 10:28:00,920.0,920.0,916.1,916.1,75,29075,847.29,912.3,922.6
5714,2021-05-12 10:29:00,929.3,929.3,929.3,929.3,25,29075,847.48,917.45,925.65
5715,2021-05-12 10:30:00,929.3,929.3,929.3,929.3,25,29075,847.48,917.45,925.65
5716,2021-05-12 10:31:00,920.15,933.45,920.15,920.15,100,29100,848.2,920.15,929.0
5717,2021-05-12 10:32:00,919.4,919.4,919.4,919.4,25,29050,848.36,913.75,920.4
5718,2021-05-12 10:33:00,916.05,916.05,916.05,916.05,150,29050,849.24,911.8,919.2
5719,2021-05-12 10:34:00,921.0,921.0,921.0,921.0,50,29050,849.55,912.7,921.45
5720,2021-05-12 10:35:00,921.0,921.0,921.0,921.0,50,29050,849.55,912.7,921.45
5721,2021-05-12 10:36:00,921.0,921.0,921.0,921.0,50,29050,849.55,912.7,921.45
5722,2021-05-12 10:37:00,921.0,921.0,921.0,921.0,50,29050,849.55,912.7,921.45
5723,2021-05-12 10:38:00,893.9,893.9,893.9,893.9,25,29100,849.65,893.9,896.2
5724,2021-05-12 10:39:00,896.2,896.2,896.2,896.2,25,29100,849.75,893.95,898.65
5725,2021-05-12 10:40:00,896.2,896.2,896.2,896.2,25,29100,849.75,893.95,898.65
5726,2021-05-12 10:41:00,903.95,903.95,903.95,903.95,50,29100,849.99,898.9,904.0
5727,2021-05-12 10:42:00,904.0,904.0,904.0,904.0,75,0,850.34,909.55,919.25
5728,2021-05-12 10:43:00,904.0,904.0,904.0,904.0,75,0,850.34,909.55,919.25
5729,2021-05-12 10:44:00,904.0,904.0,904.0,904.0,75,0,850.34,909.55,919.25
5730,2021-05-12 10:45:00,904.0,904.0,904.0,904.0,75,0,850.34,909.55,919.25
5731,2021-05-12 10:46:00,896.95,896.95,896.95,896.95,25,29150,850.44,882.35,890.6
5732,2021-05-12 10:47:00,886.4,886.4,886.4,886.4,75,29150,850.67,884.75,892.75
5733,2021-05-12 10:48:00,886.4,886.4,886.4,886.4,75,29150,850.67,884.75,892.75
5734,2021-05-12 10:49:00,886.4,886.4,886.4,886.4,75,29150,850.67,884.75,892.75
5735,2021-05-12 10:50:00,886.4,886.4,886.4,886.4,75,29150,850.67,884.75,892.75
5736,2021-05-12 10:51:00,890.45,890.45,890.45,890.45,25,29075,850.75,895.6,900.0
5737,2021-05-12 10:52:00,900.0,900.0,900.0,900.0,25,0,850.86,898.65,905.1
5738,2021-05-12 10:53:00,908.8,908.8,908.8,908.8,25,29075,850.98,903.3,910.6
5739,2021-05-12 10:54:00,908.6,908.6,908.6,908.6,25,29050,851.1,897.15,903.15
5740,2021-05-12 10:55:00,900.0,900.0,900.0,900.0,25,0,851.21,901.35,907.6
5741,2021-05-12 10:56:00,900.0,900.0,900.0,900.0,25,0,851.21,901.35,907.6
5742,2021-05-12 10:57:00,899.0,899.0,899.0,899.0,50,29050,851.41,899.1,903.75
5743,2021-05-12 10:58:00,903.85,903.85,899.1,899.1,50,29050,851.62,890.3,897.35
5744,2021-05-12 10:59:00,903.85,903.85,899.1,899.1,50,29050,851.62,890.3,897.35
5745,2021-05-12 11:00:00,901.9,901.9,901.9,901.9,200,29025,852.44,897.55,904.35
5746,2021-05-12 11:01:00,901.9,901.9,901.9,901.9,200,29025,852.44,897.55,904.35
5747,2021-05-12 11:02:00,901.9,901.9,901.9,901.9,200,29025,852.44,897.55,904.35
5748,2021-05-12 11:03:00,901.9,901.9,901.9,901.9,200,29025,852.44,897.55,904.35
5749,2021-05-12 11:04:00,894.45,894.45,894.45,894.45,150,29125,852.98,896.35,903.9
5750,2021-05-12 11:05:00,894.45,894.45,894.45,894.45,150,29125,852.98,896.35,903.9
5751,2021-05-12 11:06:00,894.45,894.45,894.45,894.45,150,29125,852.98,896.35,903.9
5752,2021-05-12 11:07:00,894.45,894.45,894.45,894.45,150,29125,852.98,896.35,903.9
5753,2021-05-12 11:08:00,894.45,894.45,894.45,894.45,150,29125,852.98,896.35,903.9
5754,2021-05-12 11:09:00,948.0,948.0,948.0,948.0,650,29025,856.99,944.7,957.2
5755,2021-05-12 11:10:00,967.2,970.0,967.2,969.2,150,29025,858.24,957.8,974.2
5756,2021-05-12 11:11:00,966.6,966.6,966.6,966.6,25,29025,858.45,960.75,970.3
5757,2021-05-12 11:12:00,960.8,960.8,960.8,960.8,50,28925,858.84,970.8,977.7
5758,2021-05-12 11:13:00,960.8,960.8,960.8,960.8,50,28925,858.84,970.8,977.7
5759,2021-05-12 11:14:00,970.55,975.35,970.55,970.55,50,28925,859.27,961.75,969.45
5760,2021-05-12 11:15:00,977.45,977.45,977.45,977.45,50,28850,859.7,963.2,973.1
5761,2021-05-12 11:16:00,977.45,977.45,977.45,977.45,50,28850,859.7,963.2,973.1
5762,2021-05-12 11:17:00,991.1,1015.5,991.1,991.1,450,28850,864.0,998.15,1012.5
5763,2021-05-12 11:18:00,991.1,1015.5,991.1,991.1,450,28850,864.0,998.15,1012.5
5764,2021-05-12 11:19:00,991.1,1015.5,991.1,991.1,450,28850,864.0,998.15,1012.5
5765,2021-05-12 11:20:00,995.35,995.35,995.35,995.35,75,28700,864.73,983.05,992.9
5766,2021-05-12 11:21:00,995.35,995.35,995.35,995.35,75,28700,864.73,983.05,992.9
5767,2021-05-12 11:22:00,995.35,995.35,995.35,995.35,75,28700,864.73,983.05,992.9
5768,2021-05-12 11:23:00,995.35,995.35,995.35,995.35,75,28700,864.73,983.05,992.9
5769,2021-05-12 11:24:00,961.45,961.45,961.45,961.45,125,28650,865.63,954.05,963.8
5770,2021-05-12 11:25:00,968.85,968.85,968.85,968.85,50,28650,866.0,961.0,967.15
5771,2021-05-12 11:26:00,961.0,961.0,961.0,961.0,25,28650,866.17,944.05,952.7
5772,2021-05-12 11:27:00,951.15,951.15,951.15,951.15,50,0,866.47,937.45,946.5
5773,2021-05-12 11:28:00,951.15,951.15,951.15,951.15,50,0,866.47,937.45,946.5
5774,2021-05-12 11:29:00,951.15,951.15,951.15,951.15,50,0,866.47,937.45,946.5
5775,2021-05-12 11:30:00,951.15,951.15,951.15,951.15,50,0,866.47,937.45,946.5
5776,2021-05-12 11:31:00,951.15,951.15,951.15,951.15,50,0,866.47,937.45,946.5
5777,2021-05-12 11:32:00,951.15,951.15,951.15,951.15,50,0,866.47,937.45,946.5
5778,2021-05-12 11:33:00,951.15,951.15,951.15,951.15,50,0,866.47,937.45,946.5
5779,2021-05-12 11:34:00,951.15,951.15,951.15,951.15,50,0,866.47,937.45,946.5
5780,2021-05-12 11:35:00,951.15,951.15,951.15,951.15,50,0,866.47,937.45,946.5
5781,2021-05-12 11:36:00,925.95,925.95,925.95,925.95,125,28700,867.01,912.75,920.9
5782,2021-05-12 11:37:00,925.95,925.95,925.95,925.95,125,28700,867.01,912.75,920.9
5783,2021-05-12 11:38:00,925.95,925.95,925.95,925.95,125,28700,867.01,912.75,920.9
5784,2021-05-12 11:39:00,925.95,925.95,925.95,925.95,125,28700,867.01,912.75,920.9
5785,2021-05-12 11:40:00,925.95,925.95,925.95,925.95,125,28700,867.01,912.75,920.9
5786,2021-05-12 11:41:00,925.95,925.95,925.95,925.95,125,28700,867.01,912.75,920.9
5787,2021-05-12 11:42:00,927.9,927.9,927.9,927.9,25,28575,867.11,927.1,934.0
5788,2021-05-12 11:43:00,927.4,927.4,927.4,927.4,25,0,867.22,925.9,932.95
5789,2021-05-12 11:44:00,927.4,927.4,927.4,927.4,25,0,867.22,925.9,932.95
5790,2021-05-12 11:45:00,927.4,927.4,927.4,927.4,25,0,867.22,925.9,932.95
5791,2021-05-12 11:46:00,927.4,927.4,927.4,927.4,25,0,867.22,925.9,932.95
5792,2021-05-12 11:47:00,917.0,917.0,917.0,917.0,100,0,867.58,910.45,919.25
5793,2021-05-12 11:48:00,897.4,897.4,897.4,897.4,25,28575,867.63,893.85,901.05
5794,2021-05-12 11:49:00,873.1,873.1,873.1,873.1,225,28575,867.74,870.35,878.4
5795,2021-05-12 11:50:00,873.1,873.1,873.1,873.1,225,28575,867.74,870.35,878.4
5796,2021-05-12 11:51:00,871.0,874.3,871.0,874.3,375,28650,867.88,870.6,876.3
5797,2021-05-12 11:52:00,866.5,866.5,866.5,866.5,25,28650,867.87,863.5,869.8
5798,2021-05-12 11:53:00,866.5,866.5,866.5,866.5,25,28650,867.87,863.5,869.8
5799,2021-05-12 11:54:00,866.5,866.5,866.5,866.5,25,28650,867.87,863.5,869.8
5800,2021-05-12 11:55:00,854.35,854.35,854.35,854.35,25,28675,867.85,851.9,860.2
5801,2021-05-12 11:56:00,854.35,854.35,854.35,854.35,25,28675,867.85,851.9,860.2
5802,2021-05-12 11:57:00,854.35,854.35,854.35,854.35,25,28675,867.85,851.9,860.2
5803,2021-05-12 11:58:00,854.35,854.35,854.35,854.35,25,28675,867.85,851.9,860.2
5804,2021-05-12 11:59:00,890.0,890.0,890.0,890.0,25,28675,867.89,873.6,881.85
5805,2021-05-12 12:00:00,890.0,890.0,890.0,890.0,25,28675,867.89,873.6,881.85
5806,2021-05-12 12:01:00,890.0,890.0,890.0,890.0,25,28675,867.89,873.6,881.85
5807,2021-05-12 12:02:00,890.0,890.0,890.0,890.0,25,28675,867.89,873.6,881.85
5808,2021-05-12 12:03:00,889.6,889.6,889.6,889.6,50,0,867.94,885.5,891.45
5809,2021-05-12 12:04:00,889.6,889.6,889.6,889.6,50,0,867.94,885.5,891.45
5810,2021-05-12 12:05:00,873.15,873.15,873.15,873.15,25,28650,867.95,866.7,873.2
5811,2021-05-12 12:06:00,856.0,856.0,856.0,856.0,25,28625,867.93,834.8,844.05
5812,2021-05-12 12:07:00,827.05,827.05,827.05,827.05,50,28625,867.8,829.45,836.55
5813,2021-05-12 12:08:00,840.65,840.65,840.65,840.65,25,28625,867.75,837.1,844.5
5814,2021-05-12 12:09:00,840.65,840.65,840.65,840.65,25,28625,867.75,837.1,844.5
5815,2021-05-12 12:10:00,840.65,840.65,840.65,840.65,25,28625,867.75,837.1,844.5
5816,2021-05-12 12:11:00,820.0,820.0,820.0,820.0,175,28650,867.26,812.85,822.85
5817,2021-05-12 12:12:00,820.0,820.0,820.0,820.0,175,28650,867.26,812.85,822.85
5818,2021-05-12 12:13:00,835.25,835.25,835.25,835.25,50,0,867.16,824.25,829.8
5819,2021-05-12 12:14:00,835.25,835.25,835.25,835.25,50,0,867.16,824.25,829.8
5820,2021-05-12 12:15:00,824.0,824.0,824.0,824.0,75,28575,866.91,819.95,826.35
5821,2021-05-12 12:16:00,824.0,824.0,824.0,824.0,75,28575,866.91,819.95,826.35
5822,2021-05-12 12:17:00,820.45,820.45,820.45,820.45,25,0,866.83,821.9,831.1
5823,2021-05-12 12:18:00,820.45,820.45,820.45,820.45,25,0,866.83,821.9,831.1
5824,2021-05-12 12:19:00,838.15,838.15,838.15,838.15,50,28575,866.74,831.05,838.15
5825,2021-05-12 12:20:00,838.15,838.15,838.15,838.15,50,28575,866.74,831.05,838.15
5826,2021-05-12 12:21:00,838.15,838.15,838.15,838.15,50,28575,866.74,831.05,838.15
5827,2021-05-12 12:22:00,836.35,836.35,836.35,836.35,25,0,866.69,825.25,831.25
5828,2021-05-12 12:23:00,836.35,836.35,836.35,836.35,25,0,866.69,825.25,831.25
5829,2021-05-12 12:24:00,836.35,836.35,836.35,836.35,25,0,866.69,825.25,831.25
5830,2021-05-12 12:25:00,829.55,829.55,810.25,810.25,100,28550,866.4,807.85,818.45
5831,2021-05-12 12:26:00,829.55,829.55,810.25,810.25,100,28550,866.4,807.85,818.45
5832,2021-05-12 12:27:00,812.35,812.35,812.35,812.35,25,0,866.31,807.2,813.6
5833,2021-05-12 12:28:00,812.35,812.35,812.35,812.35,25,0,866.31,807.2,813.6
5834,2021-05-12 12:29:00,787.0,787.0,787.0,787.0,350,28475,864.67,791.1,797.95
5835,2021-05-12 12:30:00,787.0,787.0,787.0,787.0,350,28475,864.67,791.1,797.95
5836,2021-05-12 12:31:00,799.95,799.95,799.95,799.95,25,0,864.57,795.75,801.35
5837,2021-05-12 12:32:00,799.95,799.95,799.95,799.95,25,0,864.57,795.75,801.35
5838,2021-05-12 12:33:00,799.95,799.95,799.95,799.95,25,0,864.57,795.75,801.35
5839,2021-05-12 12:34:00,799.95,799.95,799.95,799.95,25,0,864.57,795.75,801.35
5840,2021-05-12 12:35:00,817.5,817.5,817.5,817.5,25,0,864.5,816.4,824.55
5841,2021-05-12 12:36:00,834.1,834.1,834.1,834.1,50,28475,864.4,829.5,837.75
5842,2021-05-12 12:37:00,834.1,834.1,834.1,834.1,50,28475,864.4,829.5,837.75
5843,2021-05-12 12:38:00,834.1,834.1,834.1,834.1,50,28475,864.4,829.5,837.75
5844,2021-05-12 12:39:00,834.1,834.1,834.1,834.1,50,28475,864.4,829.5,837.75
5845,2021-05-12 12:40:00,834.1,834.1,834.1,834.1,50,28475,864.4,829.5,837.75
5846,2021-05-12 12:41:00,834.1,834.1,834.1,834.1,50,28475,864.4,829.5,837.75
5847,2021-05-12 12:42:00,834.1,834.1,834.1,834.1,50,28475,864.4,829.5,837.75
5848,2021-05-12 12:43:00,831.15,831.15,831.15,831.15,50,28450,864.3,827.25,837.45
5849,2021-05-12 12:44:00,840.0,840.0,840.0,840.0,50,28450,864.23,837.1,845.05
5850,2021-05-12 12:45:00,850.6,850.6,850.6,850.6,25,0,864.21,842.1,851.8
5851,2021-05-12 12:46:00,850.6,850.6,850.6,850.6,25,0,864.21,842.1,851.8
5852,2021-05-12 12:47:00,850.6,850.6,850.6,850.6,25,0,864.21,842.1,851.8
5853,2021-05-12 12:48:00,850.6,850.6,850.6,850.6,25,0,864.21,842.1,851.8
5854,2021-05-12 12:49:00,850.6,850.6,850.6,850.6,25,0,864.21,842.1,851.8
5855,2021-05-12 12:50:00,842.15,842.15,842.15,842.15,25,28425,864.17,841.55,845.15
5856,2021-05-12 12:51:00,845.75,846.7,845.75,846.7,100,28375,864.06,840.6,846.75
5857,2021-05-12 12:52:00,845.75,846.7,845.75,846.7,100,28375,864.06,840.6,846.75
5858,2021-05-12 12:53:00,845.75,846.7,845.75,846.7,100,28375,864.06,840.6,846.75
5859,2021-05-12 12:54:00,845.75,846.7,845.75,846.7,100,28375,864.06,840.6,846.75
5860,2021-05-12 12:55:00,832.3,832.3,832.3,832.3,50,0,863.96,833.55,840.85
5861,2021-05-12 12:56:00,832.3,832.3,832.3,832.3,50,0,863.96,833.55,840.85
5862,2021-05-12 12:57:00,845.5,845.5,845.5,845.5,100,28375,863.83,839.75,847.65
5863,2021-05-12 12:58:00,845.5,845.5,845.5,845.5,100,28375,863.83,839.75,847.65
5864,2021-05-12 12:59:00,845.5,845.5,845.5,845.5,100,28375,863.83,839.75,847.65
5865,2021-05-12 13:00:00,845.5,845.5,845.5,845.5,100,28375,863.83,839.75,847.65
5866,2021-05-12 13:01:00,827.0,827.0,827.0,827.0,125,28375,863.55,824.5,831.4
5867,2021-05-12 13:02:00,826.7,826.7,826.7,826.7,25,28375,863.49,822.6,828.8
5868,2021-05-12 13:03:00,830.45,830.45,830.45,830.45,25,0,863.44,827.15,833.65
5869,2021-05-12 13:04:00,830.45,830.45,830.45,830.45,25,0,863.44,827.15,833.65
5870,2021-05-12 13:05:00,820.0,820.0,820.0,820.0,25,28400,863.38,819.95,826.4
5871,2021-05-12 13:06:00,829.5,829.5,829.5,829.5,75,28400,863.23,815.1,825.05
5872,2021-05-12 13:07:00,829.5,829.5,829.5,829.5,75,28400,863.23,815.1,825.05
5873,2021-05-12 13:08:00,829.5,829.5,829.5,829.5,75,28400,863.23,815.1,825.05
5874,2021-05-12 13:09:00,829.5,829.5,829.5,829.5,75,28400,863.23,815.1,825.05
5875,2021-05-12 13:10:00,805.6,805.6,805.6,805.6,25,28425,863.14,805.05,810.7
5876,2021-05-12 13:11:00,805.6,805.6,805.6,805.6,25,28425,863.14,805.05,810.7
5877,2021-05-12 13:12:00,805.6,805.6,805.6,805.6,25,28425,863.14,805.05,810.7
5878,2021-05-12 13:13:00,805.6,805.6,805.6,805.6,25,28425,863.14,805.05,810.7
5879,2021-05-12 13:14:00,805.6,805.6,805.6,805.6,25,28425,863.14,805.05,810.7
5880,2021-05-12 13:15:00,811.6,811.6,811.6,811.6,25,28425,863.06,811.65,817.65
5881,2021-05-12 13:16:00,811.6,811.6,811.6,811.6,25,28425,863.06,811.65,817.65
5882,2021-05-12 13:17:00,811.0,811.0,811.0,811.0,25,28425,862.99,811.05,813.6
5883,2021-05-12 13:18:00,815.05,815.05,815.05,815.05,50,28425,862.84,813.6,815.65
5884,2021-05-12 13:19:00,813.6,813.6,813.6,813.6,50,28425,862.7,814.7,820.4
5885,2021-05-12 13:20:00,827.1,827.1,827.1,827.1,25,28425,862.65,828.0,837.35
5886,2021-05-12 13:21:00,831.1,831.1,831.1,831.1,25,0,862.6,829.5,837.75
5887,2021-05-12 13:22:00,831.1,831.1,831.1,831.1,25,0,862.6,829.5,837.75
5888,2021-05-12 13:23:00,831.1,831.1,831.1,831.1,25,0,862.6,829.5,837.75
5889,2021-05-12 13:24:00,831.1,831.1,831.1,831.1,25,0,862.6,829.5,837.75
5890,2021-05-12 13:25:00,831.1,831.1,831.1,831.1,25,0,862.6,829.5,837.75
5891,2021-05-12 13:26:00,831.1,831.1,831.1,831.1,25,0,862.6,829.5,837.75
5892,2021-05-12 13:27:00,831.1,831.1,831.1,831.1,25,0,862.6,829.5,837.75
5893,2021-05-12 13:28:00,831.1,831.1,831.1,831.1,25,0,862.6,829.5,837.75
5894,2021-05-12 13:29:00,831.1,831.1,831.1,831.1,25,0,862.6,829.5,837.75
5895,2021-05-12 13:30:00,831.1,831.1,831.1,831.1,25,0,862.6,829.5,837.75
5896,2021-05-12 13:31:00,834.55,834.55,834.55,834.55,25,0,862.56,816.45,824.15
5897,2021-05-12 13:32:00,834.55,834.55,834.55,834.55,25,0,862.56,816.45,824.15
5898,2021-05-12 13:33:00,825.85,825.85,825.85,825.85,75,0,862.4,823.85,830.05
5899,2021-05-12 13:34:00,825.85,825.85,825.85,825.85,75,0,862.4,823.85,830.05
5900,2021-05-12 13:35:00,825.85,825.85,825.85,825.85,75,0,862.4,823.85,830.05
5901,2021-05-12 13:36:00,825.85,825.85,825.85,825.85,75,0,862.4,823.85,830.05
5902,2021-05-12 13:37:00,825.85,825.85,825.85,825.85,75,0,862.4,823.85,830.05
5903,2021-05-12 13:38:00,854.95,854.95,854.95,854.95,50,28350,862.37,846.3,851.9
5904,2021-05-12 13:39:00,848.75,848.75,848.75,848.75,25,0,862.35,857.9,862.25
5905,2021-05-12 13:40:00,863.8,863.8,863.8,863.8,25,28325,862.36,859.5,867.1
5906,2021-05-12 13:41:00,863.8,863.8,863.8,863.8,25,28325,862.36,859.5,867.1
5907,2021-05-12 13:42:00,863.75,863.75,863.75,863.75,25,0,862.36,871.75,877.25
5908,2021-05-12 13:43:00,863.75,863.75,863.75,863.75,25,0,862.36,871.75,877.25
5909,2021-05-12 13:44:00,887.95,887.95,887.95,887.95,25,0,862.4,872.95,881.75
5910,2021-05-12 13:45:00,887.95,887.95,887.95,887.95,25,0,862.4,872.95,881.75
5911,2021-05-12 13:46:00,851.15,851.15,851.15,851.15,50,28350,862.39,849.55,856.05
5912,2021-05-12 13:47:00,851.15,851.15,851.15,851.15,50,28350,862.39,849.55,856.05
5913,2021-05-12 13:48:00,851.15,851.15,851.15,851.15,50,28350,862.39,849.55,856.05
5914,2021-05-12 13:49:00,862.25,862.25,862.25,862.25,50,0,862.38,855.7,862.45
5915,2021-05-12 13:50:00,862.25,862.25,862.25,862.25,50,0,862.38,855.7,862.45
5916,2021-05-12 13:51:00,862.25,862.25,862.25,862.25,50,0,862.38,855.7,862.45
5917,2021-05-12 13:52:00,857.2,857.2,857.2,857.2,50,28350,862.38,852.9,858.9
5918,2021-05-12 13:53:00,852.9,852.9,852.9,852.9,150,28350,862.3,839.4,846.7
5919,2021-05-12 13:54:00,840.15,840.15,840.15,840.15,375,0,861.8,844.5,849.85
5920,2021-05-12 13:55:00,840.15,840.15,840.15,840.15,375,0,861.8,844.5,849.85
5921,2021-05-12 13:56:00,840.15,840.15,840.15,840.15,375,0,861.8,844.5,849.85
5922,2021-05-12 13:57:00,840.15,840.15,840.15,840.15,375,0,861.8,844.5,849.85
5923,2021-05-12 13:58:00,840.15,840.15,840.15,840.15,375,0,861.8,844.5,849.85
5924,2021-05-12 13:59:00,815.0,815.0,815.0,815.0,25,28350,861.73,813.55,819.1
5925,2021-05-12 14:00:00,800.0,800.0,800.0,800.0,50,28350,861.56,796.05,801.65
5926,2021-05-12 14:01:00,800.8,800.8,800.8,800.8,50,28350,861.38,797.5,803.15
5927,2021-05-12 14:02:00,791.5,791.5,791.5,791.5,75,28350,861.09,794.7,800.3
5928,2021-05-12 14:03:00,804.65,804.65,804.65,804.65,25,28350,861.01,802.5,808.95
5929,2021-05-12 14:04:00,804.65,804.65,804.65,804.65,25,28350,861.01,802.5,808.95
5930,2021-05-12 14:05:00,804.65,804.65,804.65,804.65,25,28350,861.01,802.5,808.95
5931,2021-05-12 14:06:00,804.65,804.65,804.65,804.65,25,28350,861.01,802.5,808.95
5932,2021-05-12 14:07:00,808.9,808.9,808.9,808.9,50,28350,860.86,813.3,819.45
5933,2021-05-12 14:08:00,814.4,814.4,814.4,814.4,50,28350,860.74,811.8,818.2
5934,2021-05-12 14:09:00,814.4,814.4,814.4,814.4,50,28350,860.74,811.8,818.2
5935,2021-05-12 14:10:00,820.0,820.0,820.0,820.0,25,28325,860.68,820.7,827.0
5936,2021-05-12 14:11:00,820.0,820.0,820.0,820.0,25,28325,860.68,820.7,827.0
5937,2021-05-12 14:12:00,820.0,820.0,820.0,820.0,25,28325,860.68,820.7,827.0
5938,2021-05-12 14:13:00,820.0,820.0,820.0,820.0,25,28325,860.68,820.7,827.0
5939,2021-05-12 14:14:00,820.0,820.0,820.0,820.0,25,28325,860.68,820.7,827.0
5940,2021-05-12 14:15:00,818.0,818.0,807.3,807.3,100,28325,860.42,806.85,811.75
5941,2021-05-12 14:16:00,818.0,818.0,807.3,807.3,100,28325,860.42,806.85,811.75
5942,2021-05-12 14:17:00,818.0,818.0,807.3,807.3,100,28325,860.42,806.85,811.75
5943,2021-05-12 14:18:00,818.0,818.0,807.3,807.3,100,28325,860.42,806.85,811.75
5944,2021-05-12 14:19:00,812.1,812.1,812.1,812.1,50,28350,860.28,808.0,811.8
5945,2021-05-12 14:20:00,812.1,812.1,812.1,812.1,50,28350,860.28,808.0,811.8
5946,2021-05-12 14:21:00,812.1,812.1,812.1,812.1,50,28350,860.28,808.0,811.8
5947,2021-05-12 14:22:00,807.65,807.65,807.65,807.65,25,28325,860.21,808.55,813.3
5948,2021-05-12 14:23:00,807.55,807.55,807.55,807.55,25,28325,860.14,805.35,810.2
5949,2021-05-12 14:24:00,807.55,807.55,807.55,807.55,25,28325,860.14,805.35,810.2
5950,2021-05-12 14:25:00,807.55,807.55,807.55,807.55,25,28325,860.14,805.35,810.2
5951,2021-05-12 14:26:00,807.55,807.55,807.55,807.55,25,28325,860.14,805.35,810.2
5952,2021-05-12 14:27:00,807.55,807.55,807.55,807.55,25,28325,860.14,805.35,810.2
5953,2021-05-12 14:28:00,814.2,814.2,814.2,814.2,50,28275,860.02,812.45,819.5
5954,2021-05-12 14:29:00,814.35,814.35,809.3,809.3,50,28275,859.89,810.3,816.55
5955,2021-05-12 14:30:00,812.1,812.1,795.15,795.15,50,28275,859.74,798.05,803.25
5956,2021-05-12 14:31:00,803.0,803.0,803.0,803.0,25,28250,859.66,804.05,810.2
5957,2021-05-12 14:32:00,803.0,803.0,803.0,803.0,25,28250,859.66,804.05,810.2
5958,2021-05-12 14:33:00,807.8,807.8,807.8,807.8,25,28275,859.59,804.85,811.0
5959,2021-05-12 14:34:00,807.8,807.8,807.8,807.8,25,28275,859.59,804.85,811.0
5960,2021-05-12 14:35:00,807.8,807.8,807.8,807.8,25,0,859.52,805.4,811.05
5961,2021-05-12 14:36:00,807.8,807.8,807.8,807.8,25,0,859.52,805.4,811.05
5962,2021-05-12 14:37:00,829.15,829.15,827.4,827.4,75,28275,859.39,833.45,840.0
5963,2021-05-12 14:38:00,850.0,850.0,850.0,850.0,75,28275,859.33,841.8,851.15
5964,2021-05-12 14:39:00,830.3,830.3,830.3,830.3,75,28275,859.26,825.15,830.75
5965,2021-05-12 14:40:00,828.5,828.5,828.5,828.5,75,28275,859.14,834.35,840.7
5966,2021-05-12 14:41:00,828.5,828.5,828.5,828.5,75,28275,859.14,834.35,840.7
5967,2021-05-12 14:42:00,828.5,828.5,828.5,828.5,75,28275,859.14,834.35,840.7
5968,2021-05-12 14:43:00,836.8,836.8,836.8,836.8,25,28275,859.11,833.1,838.55
5969,2021-05-12 14:44:00,836.8,836.8,836.8,836.8,25,28275,859.11,833.1,838.55
5970,2021-05-12 14:45:00,836.8,836.8,836.8,836.8,25,28275,859.11,833.1,838.55
5971,2021-05-12 14:46:00,836.8,836.8,836.8,836.8,25,28275,859.11,833.1,838.55
5972,2021-05-12 14:47:00,846.65,846.65,846.65,846.65,550,28250,858.76,842.9,848.55
5973,2021-05-12 14:48:00,846.65,846.65,846.65,846.65,550,28250,858.76,842.9,848.55
5974,2021-05-12 14:49:00,859.25,859.25,859.25,859.25,25,27725,858.76,851.85,857.75
5975,2021-05-12 14:50:00,858.25,858.25,858.25,858.25,100,27725,858.75,859.6,866.6
5976,2021-05-12 14:51:00,870.0,870.0,870.0,870.0,25,27725,858.76,869.65,878.5
5977,2021-05-12 14:52:00,878.5,878.55,875.0,875.0,250,27775,859.01,872.15,878.15
5978,2021-05-12 14:53:00,888.1,888.1,886.05,886.05,100,27775,859.15,882.5,888.55
5979,2021-05-12 14:54:00,882.0,900.0,882.0,900.0,100,27550,859.3,897.75,904.95
5980,2021-05-12 14:55:00,901.8,901.8,893.4,893.4,75,27550,859.45,890.3,898.5
5981,2021-05-12 14:56:00,901.8,901.8,893.4,893.4,75,27550,859.45,890.3,898.5
5982,2021-05-12 14:57:00,913.65,913.65,913.65,913.65,225,27500,859.95,910.25,917.2
5983,2021-05-12 14:58:00,930.15,930.15,930.15,930.15,175,27500,860.5,928.75,936.6
5984,2021-05-12 14:59:00,959.1,959.1,959.1,959.1,75,27500,860.83,961.1,967.75
5985,2021-05-12 15:00:00,959.1,959.1,959.1,959.1,75,27500,860.83,961.1,967.75
5986,2021-05-12 15:01:00,955.95,955.95,923.3,923.3,425,27550,862.51,920.95,927.9
5987,2021-05-12 15:02:00,920.95,920.95,920.05,920.05,50,27550,862.65,906.45,913.0
5988,2021-05-12 15:03:00,920.95,920.95,920.05,920.05,50,27550,862.65,906.45,913.0
5989,2021-05-12 15:04:00,897.95,897.95,897.95,897.95,25,27700,862.69,889.65,896.7
5990,2021-05-12 15:05:00,908.45,908.45,908.45,908.45,25,27700,862.74,907.7,914.45
5991,2021-05-12 15:06:00,908.45,908.45,908.45,908.45,25,27700,862.74,907.7,914.45
5992,2021-05-12 15:07:00,908.45,908.45,908.45,908.45,25,27700,862.74,907.7,914.45
5993,2021-05-12 15:08:00,908.45,908.45,908.45,908.45,25,27700,862.74,907.7,914.45
5994,2021-05-12 15:09:00,930.15,930.15,930.15,930.15,175,27575,863.31,926.65,933.95
5995,2021-05-12 15:10:00,926.75,926.75,926.75,926.75,25,27575,863.39,921.9,928.6
5996,2021-05-12 15:11:00,922.7,922.7,922.7,922.7,150,0,863.8,927.85,935.15
5997,2021-05-12 15:12:00,922.7,922.7,922.7,922.7,150,0,863.8,927.85,935.15
5998,2021-05-12 15:13:00,922.7,922.7,922.7,922.7,150,0,863.8,927.85,935.15
5999,2021-05-12 15:14:00,924.1,924.1,924.1,924.1,25,27450,863.87,915.05,923.3
6000,2021-05-12 15:15:00,924.1,924.1,924.1,924.1,25,27450,863.87,915.05,923.3
6001,2021-05-12 15:16:00,915.05,915.05,915.05,915.05,25,0,863.93,909.95,917.1
6002,2021-05-12 15:17:00,915.05,915.05,915.05,915.05,25,0,863.93,909.95,917.1
6003,2021-05-12 15:18:00,910.0,910.0,910.0,910.0,700,27450,865.38,906.95,913.4
6004,2021-05-12 15:19:00,910.4,910.4,910.4,910.4,100,27450,865.58,910.5,916.35
6005,2021-05-12 15:20:00,910.4,910.4,910.4,910.4,100,27450,865.58,910.5,916.35
6006,2021-05-12 15:21:00,910.4,910.4,910.4,910.4,100,27450,865.58,910.5,916.35
6007,2021-05-12 15:22:00,915.1,915.1,915.1,915.1,75,27450,865.75,919.75,925.0
6008,2021-05-12 15:23:00,915.1,915.1,915.1,915.1,75,27450,865.75,919.75,925.0
6009,2021-05-12 15:24:00,915.0,915.0,915.0,915.0,75,27450,865.92,910.4,916.75
6010,2021-05-12 15:25:00,915.0,915.0,915.0,915.0,75,27450,865.92,910.4,916.75
6011,2021-05-12 15:26:00,914.05,914.05,914.05,914.05,325,27425,866.58,912.9,921.75
6012,2021-05-12 15:27:00,919.8,919.8,919.8,919.8,200,27425,867.04,915.8,923.45
6013,2021-05-12 15:28:00,925.9,925.9,925.9,925.9,50,27400,867.17,919.1,932.25
6014,2021-05-12 15:29:00,925.9,925.9,925.9,925.9,50,27400,867.17,919.1,932.25
6015,2021-05-12 15:30:00,921.85,921.85,921.85,921.85,25,27400,867.23,921.8,936.2
6016,2021-05-13 09:15:00,921.85,921.85,921.85,921.85,25,27400,867.23,921.8,936.2
6017,2021-05-13 09:16:00,921.85,921.85,921.85,921.85,25,27400,867.23,921.8,936.2
6018,2021-05-13 09:17:00,921.85,921.85,921.85,921.85,25,27400,867.23,921.8,936.2
6019,2021-05-13 09:18:00,921.85,921.85,921.85,921.85,25,27400,867.23,921.8,936.2
6020,2021-05-13 09:19:00,921.85,921.85,921.85,921.85,25,27400,867.23,921.8,936.2
6021,2021-05-13 09:20:00,921.85,921.85,921.85,921.85,25,27400,867.23,921.8,936.2
6022,2021-05-13 09:21:00,921.85,921.85,921.85,921.85,25,27400,867.23,921.8,936.2
6023,2021-05-13 09:22:00,921.85,921.85,921.85,921.85,25,27400,867.23,921.8,936.2
6024,2021-05-13 09:23:00,921.85,921.85,921.85,921.85,25,27400,867.23,921.8,936.2
6025,2021-05-13 09:24:00,921.85,921.85,921.85,921.85,25,27400,867.23,921.8,936.2
6026,2021-05-13 09:25:00,921.85,921.85,921.85,921.85,25,27400,867.23,921.8,936.2
6027,2021-05-13 09:26:00,921.85,921.85,921.85,921.85,25,27400,867.23,921.8,936.2
6028,2021-05-13 09:27:00,921.85,921.85,921.85,921.85,25,27400,867.23,921.8,936.2
6029,2021-05-13 09:28:00,921.85,921.85,921.85,921.85,25,27400,867.23,921.8,936.2
6030,2021-05-13 09:29:00,921.85,921.85,921.85,921.85,25,27400,867.23,921.8,936.2
6031,2021-05-13 09:30:00,921.85,921.85,921.85,921.85,25,27400,867.23,921.8,936.2
6032,2021-05-13 09:31:00,921.85,921.85,921.85,921.85,25,27400,867.23,921.8,936.2
6033,2021-05-13 09:32:00,921.85,921.85,921.85,921.85,25,27400,867.23,921.8,936.2
6034,2021-05-13 09:33:00,921.85,921.85,921.85,921.85,25,27400,867.23,921.8,936.2
6035,2021-05-13 09:34:00,921.85,921.85,921.85,921.85,25,27400,867.23,921.8,936.2
6036,2021-05-13 09:35:00,921.85,921.85,921.85,921.85,25,27400,867.23,921.8,936.2
6037,2021-05-13 09:36:00,921.85,921.85,921.85,921.85,25,27400,867.23,921.8,936.2
6038,2021-05-13 09:37:00,921.85,921.85,921.85,921.85,25,27400,867.23,921.8,936.2
6039,2021-05-13 09:38:00,921.85,921.85,921.85,921.85,25,27400,867.23,921.8,936.2
6040,2021-05-13 09:39:00,921.85,921.85,921.85,921.85,25,27400,867.23,921.8,936.2
6041,2021-05-13 09:40:00,921.85,921.85,921.85,921.85,25,27400,867.23,921.8,936.2
6042,2021-05-13 09:41:00,921.85,921.85,921.85,921.85,25,27400,867.23,921.8,936.2
6043,2021-05-13 09:42:00,921.85,921.85,921.85,921.85,25,27400,867.23,921.8,936.2
6044,2021-05-13 09:43:00,921.85,921.85,921.85,921.85,25,27400,867.23,921.8,936.2
6045,2021-05-13 09:44:00,921.85,921.85,921.85,921.85,25,27400,867.23,921.8,936.2
6046,2021-05-13 09:45:00,921.85,921.85,921.85,921.85,25,27400,867.23,921.8,936.2
6047,2021-05-13 09:46:00,921.85,921.85,921.85,921.85,25,27400,867.23,921.8,936.2
6048,2021-05-13 09:47:00,921.85,921.85,921.85,921.85,25,27400,867.23,921.8,936.2
6049,2021-05-13 09:48:00,921.85,921.85,921.85,921.85,25,27400,867.23,921.8,936.2
6050,2021-05-13 09:49:00,921.85,921.85,921.85,921.85,25,27400,867.23,921.8,936.2
6051,2021-05-13 09:50:00,921.85,921.85,921.85,921.85,25,27400,867.23,921.8,936.2
6052,2021-05-13 09:51:00,921.85,921.85,921.85,921.85,25,27400,867.23,921.8,936.2
6053,2021-05-13 09:52:00,921.85,921.85,921.85,921.85,25,27400,867.23,921.8,936.2
6054,2021-05-13 09:53:00,921.85,921.85,921.85,921.85,25,27400,867.23,921.8,936.2
6055,2021-05-13 09:54:00,921.85,921.85,921.85,921.85,25,27400,867.23,921.8,936.2
6056,2021-05-13 09:55:00,921.85,921.85,921.85,921.85,25,27400,867.23,921.8,936.2
6057,2021-05-13 09:56:00,921.85,921.85,921.85,921.85,25,27400,867.23,921.8,936.2
6058,2021-05-13 09:57:00,921.85,921.85,921.85,921.85,25,27400,867.23,921.8,936.2
6059,2021-05-13 09:58:00,921.85,921.85,921.85,921.85,25,27400,867.23,921.8,936.2
6060,2021-05-13 09:59:00,921.85,921.85,921.85,921.85,25,27400,867.23,921.8,936.2
6061,2021-05-13 10:00:00,921.85,921.85,921.85,921.85,25,27400,867.23,921.8,936.2
6062,2021-05-13 10:01:00,921.85,921.85,921.85,921.85,25,27400,867.23,921.8,936.2
6063,2021-05-13 10:02:00,921.85,921.85,921.85,921.85,25,27400,867.23,921.8,936.2
6064,2021-05-13 10:03:00,921.85,921.85,921.85,921.85,25,27400,867.23,921.8,936.2
6065,2021-05-13 10:04:00,921.85,921.85,921.85,921.85,25,27400,867.23,921.8,936.2
6066,2021-05-13 10:05:00,921.85,921.85,921.85,921.85,25,27400,867.23,921.8,936.2
6067,2021-05-13 10:06:00,921.85,921.85,921.85,921.85,25,27400,867.23,921.8,936.2
6068,2021-05-13 10:07:00,921.85,921.85,921.85,921.85,25,27400,867.23,921.8,936.2
6069,2021-05-13 10:08:00,921.85,921.85,921.85,921.85,25,27400,867.23,921.8,936.2
6070,2021-05-13 10:09:00,921.85,921.85,921.85,921.85,25,27400,867.23,921.8,936.2
6071,2021-05-13 10:10:00,921.85,921.85,921.85,921.85,25,27400,867.23,921.8,936.2
6072,2021-05-13 10:11:00,921.85,921.85,921.85,921.85,25,27400,867.23,921.8,936.2
6073,2021-05-13 10:12:00,921.85,921.85,921.85,921.85,25,27400,867.23,921.8,936.2
6074,2021-05-13 10:13:00,921.85,921.85,921.85,921.85,25,27400,867.23,921.8,936.2
6075,2021-05-13 10:14:00,921.85,921.85,921.85,921.85,25,27400,867.23,921.8,936.2
6076,2021-05-13 10:15:00,921.85,921.85,921.85,921.85,25,27400,867.23,921.8,936.2
6077,2021-05-13 10:16:00,921.85,921.85,921.85,921.85,25,27400,867.23,921.8,936.2
6078,2021-05-13 10:17:00,921.85,921.85,921.85,921.85,25,27400,867.23,921.8,936.2
6079,2021-05-13 10:18:00,921.85,921.85,921.85,921.85,25,27400,867.23,921.8,936.2
6080,2021-05-13 10:19:00,921.85,921.85,921.85,921.85,25,27400,867.23,921.8,936.2
6081,2021-05-13 10:20:00,921.85,921.85,921.85,921.85,25,27400,867.23,921.8,936.2
6082,2021-05-13 10:21:00,921.85,921.85,921.85,921.85,25,27400,867.23,921.8,936.2
6083,2021-05-13 10:22:00,921.85,921.85,921.85,921.85,25,27400,867.23,921.8,936.2
6084,2021-05-13 10:23:00,921.85,921.85,921.85,921.85,25,27400,867.23,921.8,936.2
6085,2021-05-13 10:24:00,921.85,921.85,921.85,921.85,25,27400,867.23,921.8,936.2
6086,2021-05-13 10:25:00,921.85,921.85,921.85,921.85,25,27400,867.23,921.8,936.2
6087,2021-05-13 10:26:00,921.85,921.85,921.85,921.85,25,27400,867.23,921.8,936.2
6088,2021-05-13 10:27:00,921.85,921.85,921.85,921.85,25,27400,867.23,921.8,936.2
6089,2021-05-13 10:28:00,921.85,921.85,921.85,921.85,25,27400,867.23,921.8,936.2
6090,2021-05-13 10:29:00,921.85,921.85,921.85,921.85,25,27400,867.23,921.8,936.2
6091,2021-05-13 10:30:00,921.85,921.85,921.85,921.85,25,27400,867.23,921.8,936.2
6092,2021-05-13 10:31:00,921.85,921.85,921.85,921.85,25,27400,867.23,921.8,936.2
6093,2021-05-13 10:32:00,921.85,921.85,921.85,921.85,25,27400,867.23,921.8,936.2
6094,2021-05-13 10:33:00,921.85,921.85,921.85,921.85,25,27400,867.23,921.8,936.2
6095,2021-05-13 10:34:00,921.85,921.85,921.85,921.85,25,27400,867.23,921.8,936.2
6096,2021-05-13 10:35:00,921.85,921.85,921.85,921.85,25,27400,867.23,921.8,936.2
6097,2021-05-13 10:36:00,921.85,921.85,921.85,921.85,25,27400,867.23,921.8,936.2
6098,2021-05-13 10:37:00,921.85,921.85,921.85,921.85,25,27400,867.23,921.8,936.2
6099,2021-05-13 10:38:00,921.85,921.85,921.85,921.85,25,27400,867.23,921.8,936.2
6100,2021-05-13 10:39:00,921.85,921.85,921.85,921.85,25,27400,867.23,921.8,936.2
6101,2021-05-13 10:40:00,921.85,921.85,921.85,921.85,25,27400,867.23,921.8,936.2
6102,2021-05-13 10:41:00,921.85,921.85,921.85,921.85,25,27400,867.23,921.8,936.2
6103,2021-05-13 10:42:00,921.85,921.85,921.85,921.85,25,27400,867.23,921.8,936.2
6104,2021-05-13 10:43:00,921.85,921.85,921.85,921.85,25,27400,867.23,921.8,936.2
6105,2021-05-13 10:44:00,921.85,921.85,921.85,921.85,25,27400,867.23,921.8,936.2
6106,2021-05-13 10:45:00,921.85,921.85,921.85,921.85,25,27400,867.23,921.8,936.2
6107,2021-05-13 10:46:00,921.85,921.85,921.85,921.85,25,27400,867.23,921.8,936.2
6108,2021-05-13 10:47:00,921.85,921.85,921.85,921.85,25,27400,867.23,921.8,936.2
6109,2021-05-13 10:48:00,921.85,921.85,921.85,921.85,25,27400,867.23,921.8,936.2
6110,2021-05-13 10:49:00,921.85,921.85,921.85,921.85,25,27400,867.23,921.8,936.2
6111,2021-05-13 10:50:00,921.85,921.85,921.85,921.85,25,27400,867.23,921.8,936.2
6112,2021-05-13 10:51:00,921.85,921.85,921.85,921.85,25,27400,867.23,921.8,936.2
6113,2021-05-13 10:52:00,921.85,921.85,921.85,921.85,25,27400,867.23,921.8,936.2
6114,2021-05-13 10:53:00,921.85,921.85,921.85,921.85,25,27400,867.23,921.8,936.2
6115,2021-05-13 10:54:00,921.85,921.85,921.85,921.85,25,27400,867.23,921.8,936.2
6116,2021-05-13 10:55:00,921.85,921.85,921.85,921.85,25,27400,867.23,921.8,936.2
6117,2021-05-13 10:56:00,921.85,921.85,921.85,921.85,25,27400,867.23,921.8,936.2
6118,2021-05-13 10:57:00,921.85,921.85,921.85,921.85,25,27400,867.23,921.8,936.2
6119,2021-05-13 10:58:00,921.85,921.85,921.85,921.85,25,27400,867.23,921.8,936.2
6120,2021-05-13 10:59:00,921.85,921.85,921.85,921.85,25,27400,867.23,921.8,936.2
6121,2021-05-13 11:00:00,921.85,921.85,921.85,921.85,25,27400,867.23,921.8,936.2
6122,2021-05-13 11:01:00,921.85,921.85,921.85,921.85,25,27400,867.23,921.8,936.2
6123,2021-05-13 11:02:00,921.85,921.85,921.85,921.85,25,27400,867.23,921.8,936.2
6124,2021-05-13 11:03:00,921.85,921.85,921.85,921.85,25,27400,867.23,921.8,936.2
6125,2021-05-13 11:04:00,921.85,921.85,921.85,921.85,25,27400,867.23,921.8,936.2
6126,2021-05-13 11:05:00,921.85,921.85,921.85,921.85,25,27400,867.23,921.8,936.2
6127,2021-05-13 11:06:00,921.85,921.85,921.85,921.85,25,27400,867.23,921.8,936.2
6128,2021-05-13 11:07:00,921.85,921.85,921.85,921.85,25,27400,867.23,921.8,936.2
6129,2021-05-13 11:08:00,921.85,921.85,921.85,921.85,25,27400,867.23,921.8,936.2
6130,2021-05-13 11:09:00,921.85,921.85,921.85,921.85,25,27400,867.23,921.8,936.2
6131,2021-05-13 11:10:00,921.85,921.85,921.85,921.85,25,27400,867.23,921.8,936.2
6132,2021-05-13 11:11:00,921.85,921.85,921.85,921.85,25,27400,867.23,921.8,936.2
6133,2021-05-13 11:12:00,921.85,921.85,921.85,921.85,25,27400,867.23,921.8,936.2
6134,2021-05-13 11:13:00,921.85,921.85,921.85,921.85,25,27400,867.23,921.8,936.2
6135,2021-05-13 11:14:00,921.85,921.85,921.85,921.85,25,27400,867.23,921.8,936.2
6136,2021-05-13 11:15:00,921.85,921.85,921.85,921.85,25,27400,867.23,921.8,936.2
6137,2021-05-13 11:16:00,921.85,921.85,921.85,921.85,25,27400,867.23,921.8,936.2
6138,2021-05-13 11:17:00,921.85,921.85,921.85,921.85,25,27400,867.23,921.8,936.2
6139,2021-05-13 11:18:00,921.85,921.85,921.85,921.85,25,27400,867.23,921.8,936.2
6140,2021-05-13 11:19:00,921.85,921.85,921.85,921.85,25,27400,867.23,921.8,936.2
6141,2021-05-13 11:20:00,921.85,921.85,921.85,921.85,25,27400,867.23,921.8,936.2
6142,2021-05-13 11:21:00,921.85,921.85,921.85,921.85,25,27400,867.23,921.8,936.2
6143,2021-05-13 11:22:00,921.85,921.85,921.85,921.85,25,27400,867.23,921.8,936.2
6144,2021-05-13 11:23:00,921.85,921.85,921.85,921.85,25,27400,867.23,921.8,936.2
6145,2021-05-13 11:24:00,921.85,921.85,921.85,921.85,25,27400,867.23,921.8,936.2
6146,2021-05-13 11:25:00,921.85,921.85,921.85,921.85,25,27400,867.23,921.8,936.2
6147,2021-05-13 11:26:00,921.85,921.85,921.85,921.85,25,27400,867.23,921.8,936.2
6148,2021-05-13 11:27:00,921.85,921.85,921.85,921.85,25,27400,867.23,921.8,936.2
6149,2021-05-13 11:28:00,921.85,921.85,921.85,921.85,25,27400,867.23,921.8,936.2
6150,2021-05-13 11:29:00,921.85,921.85,921.85,921.85,25,27400,867.23,921.8,936.2
6151,2021-05-13 11:30:00,921.85,921.85,921.85,921.85,25,27400,867.23,921.8,936.2
6152,2021-05-13 11:31:00,921.85,921.85,921.85,921.85,25,27400,867.23,921.8,936.2
6153,2021-05-13 11:32:00,921.85,921.85,921.85,921.85,25,27400,867.23,921.8,936.2
6154,2021-05-13 11:33:00,921.85,921.85,921.85,921.85,25,27400,867.23,921.8,936.2
6155,2021-05-13 11:34:00,921.85,921.85,921.85,921.85,25,27400,867.23,921.8,936.2
6156,2021-05-13 11:35:00,921.85,921.85,921.85,921.85,25,27400,867.23,921.8,936.2
6157,2021-05-13 11:36:00,921.85,921.85,921.85,921.85,25,27400,867.23,921.8,936.2
6158,2021-05-13 11:37:00,921.85,921.85,921.85,921.85,25,27400,867.23,921.8,936.2
6159,2021-05-13 11:38:00,921.85,921.85,921.85,921.85,25,27400,867.23,921.8,936.2
6160,2021-05-13 11:39:00,921.85,921.85,921.85,921.85,25,27400,867.23,921.8,936.2
6161,2021-05-13 11:40:00,921.85,921.85,921.85,921.85,25,27400,867.23,921.8,936.2
6162,2021-05-13 11:41:00,921.85,921.85,921.85,921.85,25,27400,867.23,921.8,936.2
6163,2021-05-13 11:42:00,921.85,921.85,921.85,921.85,25,27400,867.23,921.8,936.2
6164,2021-05-13 11:43:00,921.85,921.85,921.85,921.85,25,27400,867.23,921.8,936.2
6165,2021-05-13 11:44:00,921.85,921.85,921.85,921.85,25,27400,867.23,921.8,936.2
6166,2021-05-13 11:45:00,921.85,921.85,921.85,921.85,25,27400,867.23,921.8,936.2
6167,2021-05-13 11:46:00,921.85,921.85,921.85,921.85,25,27400,867.23,921.8,936.2
6168,2021-05-13 11:47:00,921.85,921.85,921.85,921.85,25,27400,867.23,921.8,936.2
6169,2021-05-13 11:48:00,921.85,921.85,921.85,921.85,25,27400,867.23,921.8,936.2
6170,2021-05-13 11:49:00,921.85,921.85,921.85,921.85,25,27400,867.23,921.8,936.2
6171,2021-05-13 11:50:00,921.85,921.85,921.85,921.85,25,27400,867.23,921.8,936.2
6172,2021-05-13 11:51:00,921.85,921.85,921.85,921.85,25,27400,867.23,921.8,936.2
6173,2021-05-13 11:52:00,921.85,921.85,921.85,921.85,25,27400,867.23,921.8,936.2
6174,2021-05-13 11:53:00,921.85,921.85,921.85,921.85,25,27400,867.23,921.8,936.2
6175,2021-05-13 11:54:00,921.85,921.85,921.85,921.85,25,27400,867.23,921.8,936.2
6176,2021-05-13 11:55:00,921.85,921.85,921.85,921.85,25,27400,867.23,921.8,936.2
6177,2021-05-13 11:56:00,921.85,921.85,921.85,921.85,25,27400,867.23,921.8,936.2
6178,2021-05-13 11:57:00,921.85,921.85,921.85,921.85,25,27400,867.23,921.8,936.2
6179,2021-05-13 11:58:00,921.85,921.85,921.85,921.85,25,27400,867.23,921.8,936.2
6180,2021-05-13 11:59:00,921.85,921.85,921.85,921.85,25,27400,867.23,921.8,936.2
6181,2021-05-13 12:00:00,921.85,921.85,921.85,921.85,25,27400,867.23,921.8,936.2
6182,2021-05-13 12:01:00,921.85,921.85,921.85,921.85,25,27400,867.23,921.8,936.2
6183,2021-05-13 12:02:00,921.85,921.85,921.85,921.85,25,27400,867.23,921.8,936.2
6184,2021-05-13 12:03:00,921.85,921.85,921.85,921.85,25,27400,867.23,921.8,936.2
6185,2021-05-13 12:04:00,921.85,921.85,921.85,921.85,25,27400,867.23,921.8,936.2
6186,2021-05-13 12:05:00,921.85,921.85,921.85,921.85,25,27400,867.23,921.8,936.2
6187,2021-05-13 12:06:00,921.85,921.85,921.85,921.85,25,27400,867.23,921.8,936.2
6188,2021-05-13 12:07:00,921.85,921.85,921.85,921.85,25,27400,867.23,921.8,936.2
6189,2021-05-13 12:08:00,921.85,921.85,921.85,921.85,25,27400,867.23,921.8,936.2
6190,2021-05-13 12:09:00,921.85,921.85,921.85,921.85,25,27400,867.23,921.8,936.2
6191,2021-05-13 12:10:00,921.85,921.85,921.85,921.85,25,27400,867.23,921.8,936.2
6192,2021-05-13 12:11:00,921.85,921.85,921.85,921.85,25,27400,867.23,921.8,936.2
6193,2021-05-13 12:12:00,921.85,921.85,921.85,921.85,25,27400,867.23,921.8,936.2
6194,2021-05-13 12:13:00,921.85,921.85,921.85,921.85,25,27400,867.23,921.8,936.2
6195,2021-05-13 12:14:00,921.85,921.85,921.85,921.85,25,27400,867.23,921.8,936.2
6196,2021-05-13 12:15:00,921.85,921.85,921.85,921.85,25,27400,867.23,921.8,936.2
6197,2021-05-13 12:16:00,921.85,921.85,921.85,921.85,25,27400,867.23,921.8,936.2
6198,2021-05-13 12:17:00,921.85,921.85,921.85,921.85,25,27400,867.23,921.8,936.2
6199,2021-05-13 12:18:00,921.85,921.85,921.85,921.85,25,27400,867.23,921.8,936.2
6200,2021-05-13 12:19:00,921.85,921.85,921.85,921.85,25,27400,867.23,921.8,936.2
6201,2021-05-13 12:20:00,921.85,921.85,921.85,921.85,25,27400,867.23,921.8,936.2
6202,2021-05-13 12:21:00,921.85,921.85,921.85,921.85,25,27400,867.23,921.8,936.2
6203,2021-05-13 12:22:00,921.85,921.85,921.85,921.85,25,27400,867.23,921.8,936.2
6204,2021-05-13 12:23:00,921.85,921.85,921.85,921.85,25,27400,867.23,921.8,936.2
6205,2021-05-13 12:24:00,921.85,921.85,921.85,921.85,25,27400,867.23,921.8,936.2
6206,2021-05-13 12:25:00,921.85,921.85,921.85,921.85,25,27400,867.23,921.8,936.2
6207,2021-05-13 12:26:00,921.85,921.85,921.85,921.85,25,27400,867.23,921.8,936.2
6208,2021-05-13 12:27:00,921.85,921.85,921.85,921.85,25,27400,867.23,921.8,936.2
6209,2021-05-13 12:28:00,921.85,921.85,921.85,921.85,25,27400,867.23,921.8,936.2
6210,2021-05-13 12:29:00,921.85,921.85,921.85,921.85,25,27400,867.23,921.8,936.2
6211,2021-05-13 12:30:00,921.85,921.85,921.85,921.85,25,27400,867.23,921.8,936.2
6212,2021-05-13 12:31:00,921.85,921.85,921.85,921.85,25,27400,867.23,921.8,936.2
6213,2021-05-13 12:32:00,921.85,921.85,921.85,921.85,25,27400,867.23,921.8,936.2
6214,2021-05-13 12:33:00,921.85,921.85,921.85,921.85,25,27400,867.23,921.8,936.2
6215,2021-05-13 12:34:00,921.85,921.85,921.85,921.85,25,27400,867.23,921.8,936.2
6216,2021-05-13 12:35:00,921.85,921.85,921.85,921.85,25,27400,867.23,921.8,936.2
6217,2021-05-13 12:36:00,921.85,921.85,921.85,921.85,25,27400,867.23,921.8,936.2
6218,2021-05-13 12:37:00,921.85,921.85,921.85,921.85,25,27400,867.23,921.8,936.2
6219,2021-05-13 12:38:00,921.85,921.85,921.85,921.85,25,27400,867.23,921.8,936.2
6220,2021-05-13 12:39:00,921.85,921.85,921.85,921.85,25,27400,867.23,921.8,936.2
6221,2021-05-13 12:40:00,921.85,921.85,921.85,921.85,25,27400,867.23,921.8,936.2
6222,2021-05-13 12:41:00,921.85,921.85,921.85,921.85,25,27400,867.23,921.8,936.2
6223,2021-05-13 12:42:00,921.85,921.85,921.85,921.85,25,27400,867.23,921.8,936.2
6224,2021-05-13 12:43:00,921.85,921.85,921.85,921.85,25,27400,867.23,921.8,936.2
6225,2021-05-13 12:44:00,921.85,921.85,921.85,921.85,25,27400,867.23,921.8,936.2
6226,2021-05-13 12:45:00,921.85,921.85,921.85,921.85,25,27400,867.23,921.8,936.2
6227,2021-05-13 12:46:00,921.85,921.85,921.85,921.85,25,27400,867.23,921.8,936.2
6228,2021-05-13 12:47:00,921.85,921.85,921.85,921.85,25,27400,867.23,921.8,936.2
6229,2021-05-13 12:48:00,921.85,921.85,921.85,921.85,25,27400,867.23,921.8,936.2
6230,2021-05-13 12:49:00,921.85,921.85,921.85,921.85,25,27400,867.23,921.8,936.2
6231,2021-05-13 12:50:00,921.85,921.85,921.85,921.85,25,27400,867.23,921.8,936.2
6232,2021-05-13 12:51:00,921.85,921.85,921.85,921.85,25,27400,867.23,921.8,936.2
6233,2021-05-13 12:52:00,921.85,921.85,921.85,921.85,25,27400,867.23,921.8,936.2
6234,2021-05-13 12:53:00,921.85,921.85,921.85,921.85,25,27400,867.23,921.8,936.2
6235,2021-05-13 12:54:00,921.85,921.85,921.85,921.85,25,27400,867.23,921.8,936.2
6236,2021-05-13 12:55:00,921.85,921.85,921.85,921.85,25,27400,867.23,921.8,936.2
6237,2021-05-13 12:56:00,921.85,921.85,921.85,921.85,25,27400,867.23,921.8,936.2
6238,2021-05-13 12:57:00,921.85,921.85,921.85,921.85,25,27400,867.23,921.8,936.2
6239,2021-05-13 12:58:00,921.85,921.85,921.85,921.85,25,27400,867.23,921.8,936.2
6240,2021-05-13 12:59:00,921.85,921.85,921.85,921.85,25,27400,867.23,921.8,936.2
6241,2021-05-13 13:00:00,921.85,921.85,921.85,921.85,25,27400,867.23,921.8,936.2
6242,2021-05-13 13:01:00,921.85,921.85,921.85,921.85,25,27400,867.23,921.8,936.2
6243,2021-05-13 13:02:00,921.85,921.85,921.85,921.85,25,27400,867.23,921.8,936.2
6244,2021-05-13 13:03:00,921.85,921.85,921.85,921.85,25,27400,867.23,921.8,936.2
6245,2021-05-13 13:04:00,921.85,921.85,921.85,921.85,25,27400,867.23,921.8,936.2
6246,2021-05-13 13:05:00,921.85,921.85,921.85,921.85,25,27400,867.23,921.8,936.2
6247,2021-05-13 13:06:00,921.85,921.85,921.85,921.85,25,27400,867.23,921.8,936.2
6248,2021-05-13 13:07:00,921.85,921.85,921.85,921.85,25,27400,867.23,921.8,936.2
6249,2021-05-13 13:08:00,921.85,921.85,921.85,921.85,25,27400,867.23,921.8,936.2
6250,2021-05-13 13:09:00,921.85,921.85,921.85,921.85,25,27400,867.23,921.8,936.2
6251,2021-05-13 13:10:00,921.85,921.85,921.85,921.85,25,27400,867.23,921.8,936.2
6252,2021-05-13 13:11:00,921.85,921.85,921.85,921.85,25,27400,867.23,921.8,936.2
6253,2021-05-13 13:12:00,921.85,921.85,921.85,921.85,25,27400,867.23,921.8,936.2
6254,2021-05-13 13:13:00,921.85,921.85,921.85,921.85,25,27400,867.23,921.8,936.2
6255,2021-05-13 13:14:00,921.85,921.85,921.85,921.85,25,27400,867.23,921.8,936.2
6256,2021-05-13 13:15:00,921.85,921.85,921.85,921.85,25,27400,867.23,921.8,936.2
6257,2021-05-13 13:16:00,921.85,921.85,921.85,921.85,25,27400,867.23,921.8,936.2
6258,2021-05-13 13:17:00,921.85,921.85,921.85,921.85,25,27400,867.23,921.8,936.2
6259,2021-05-13 13:18:00,921.85,921.85,921.85,921.85,25,27400,867.23,921.8,936.2
6260,2021-05-13 13:19:00,921.85,921.85,921.85,921.85,25,27400,867.23,921.8,936.2
6261,2021-05-13 13:20:00,921.85,921.85,921.85,921.85,25,27400,867.23,921.8,936.2
6262,2021-05-13 13:21:00,921.85,921.85,921.85,921.85,25,27400,867.23,921.8,936.2
6263,2021-05-13 13:22:00,921.85,921.85,921.85,921.85,25,27400,867.23,921.8,936.2
6264,2021-05-13 13:23:00,921.85,921.85,921.85,921.85,25,27400,867.23,921.8,936.2
6265,2021-05-13 13:24:00,921.85,921.85,921.85,921.85,25,27400,867.23,921.8,936.2
6266,2021-05-13 13:25:00,921.85,921.85,921.85,921.85,25,27400,867.23,921.8,936.2
6267,2021-05-13 13:26:00,921.85,921.85,921.85,921.85,25,27400,867.23,921.8,936.2
6268,2021-05-13 13:27:00,921.85,921.85,921.85,921.85,25,27400,867.23,921.8,936.2
6269,2021-05-13 13:28:00,921.85,921.85,921.85,921.85,25,27400,867.23,921.8,936.2
6270,2021-05-13 13:29:00,921.85,921.85,921.85,921.85,25,27400,867.23,921.8,936.2
6271,2021-05-13 13:30:00,921.85,921.85,921.85,921.85,25,27400,867.23,921.8,936.2
6272,2021-05-13 13:31:00,921.85,921.85,921.85,921.85,25,27400,867.23,921.8,936.2
6273,2021-05-13 13:32:00,921.85,921.85,921.85,921.85,25,27400,867.23,921.8,936.2
6274,2021-05-13 13:33:00,921.85,921.85,921.85,921.85,25,27400,867.23,921.8,936.2
6275,2021-05-13 13:34:00,921.85,921.85,921.85,921.85,25,27400,867.23,921.8,936.2
6276,2021-05-13 13:35:00,921.85,921.85,921.85,921.85,25,27400,867.23,921.8,936.2
6277,2021-05-13 13:36:00,921.85,921.85,921.85,921.85,25,27400,867.23,921.8,936.2
6278,2021-05-13 13:37:00,921.85,921.85,921.85,921.85,25,27400,867.23,921.8,936.2
6279,2021-05-13 13:38:00,921.85,921.85,921.85,921.85,25,27400,867.23,921.8,936.2
6280,2021-05-13 13:39:00,921.85,921.85,921.85,921.85,25,27400,867.23,921.8,936.2
6281,2021-05-13 13:40:00,921.85,921.85,921.85,921.85,25,27400,867.23,921.8,936.2
6282,2021-05-13 13:41:00,921.85,921.85,921.85,921.85,25,27400,867.23,921.8,936.2
6283,2021-05-13 13:42:00,921.85,921.85,921.85,921.85,25,27400,867.23,921.8,936.2
6284,2021-05-13 13:43:00,921.85,921.85,921.85,921.85,25,27400,867.23,921.8,936.2
6285,2021-05-13 13:44:00,921.85,921.85,921.85,921.85,25,27400,867.23,921.8,936.2
6286,2021-05-13 13:45:00,921.85,921.85,921.85,921.85,25,27400,867.23,921.8,936.2
6287,2021-05-13 13:46:00,921.85,921.85,921.85,921.85,25,27400,867.23,921.8,936.2
6288,2021-05-13 13:47:00,921.85,921.85,921.85,921.85,25,27400,867.23,921.8,936.2
6289,2021-05-13 13:48:00,921.85,921.85,921.85,921.85,25,27400,867.23,921.8,936.2
6290,2021-05-13 13:49:00,921.85,921.85,921.85,921.85,25,27400,867.23,921.8,936.2
6291,2021-05-13 13:50:00,921.85,921.85,921.85,921.85,25,27400,867.23,921.8,936.2
6292,2021-05-13 13:51:00,921.85,921.85,921.85,921.85,25,27400,867.23,921.8,936.2
6293,2021-05-13 13:52:00,921.85,921.85,921.85,921.85,25,27400,867.23,921.8,936.2
6294,2021-05-13 13:53:00,921.85,921.85,921.85,921.85,25,27400,867.23,921.8,936.2
6295,2021-05-13 13:54:00,921.85,921.85,921.85,921.85,25,27400,867.23,921.8,936.2
6296,2021-05-13 13:55:00,921.85,921.85,921.85,921.85,25,27400,867.23,921.8,936.2
6297,2021-05-13 13:56:00,921.85,921.85,921.85,921.85,25,27400,867.23,921.8,936.2
6298,2021-05-13 13:57:00,921.85,921.85,921.85,921.85,25,27400,867.23,921.8,936.2
6299,2021-05-13 13:58:00,921.85,921.85,921.85,921.85,25,27400,867.23,921.8,936.2
6300,2021-05-13 13:59:00,921.85,921.85,921.85,921.85,25,27400,867.23,921.8,936.2
6301,2021-05-13 14:00:00,921.85,921.85,921.85,921.85,25,27400,867.23,921.8,936.2
6302,2021-05-13 14:01:00,921.85,921.85,921.85,921.85,25,27400,867.23,921.8,936.2
6303,2021-05-13 14:02:00,921.85,921.85,921.85,921.85,25,27400,867.23,921.8,936.2
6304,2021-05-13 14:03:00,921.85,921.85,921.85,921.85,25,27400,867.23,921.8,936.2
6305,2021-05-13 14:04:00,921.85,921.85,921.85,921.85,25,27400,867.23,921.8,936.2
6306,2021-05-13 14:05:00,921.85,921.85,921.85,921.85,25,27400,867.23,921.8,936.2
6307,2021-05-13 14:06:00,921.85,921.85,921.85,921.85,25,27400,867.23,921.8,936.2
6308,2021-05-13 14:07:00,921.85,921.85,921.85,921.85,25,27400,867.23,921.8,936.2
6309,2021-05-13 14:08:00,921.85,921.85,921.85,921.85,25,27400,867.23,921.8,936.2
6310,2021-05-13 14:09:00,921.85,921.85,921.85,921.85,25,27400,867.23,921.8,936.2
6311,2021-05-13 14:10:00,921.85,921.85,921.85,921.85,25,27400,867.23,921.8,936.2
6312,2021-05-13 14:11:00,921.85,921.85,921.85,921.85,25,27400,867.23,921.8,936.2
6313,2021-05-13 14:12:00,921.85,921.85,921.85,921.85,25,27400,867.23,921.8,936.2
6314,2021-05-13 14:13:00,921.85,921.85,921.85,921.85,25,27400,867.23,921.8,936.2
6315,2021-05-13 14:14:00,921.85,921.85,921.85,921.85,25,27400,867.23,921.8,936.2
6316,2021-05-13 14:15:00,921.85,921.85,921.85,921.85,25,27400,867.23,921.8,936.2
6317,2021-05-13 14:16:00,921.85,921.85,921.85,921.85,25,27400,867.23,921.8,936.2
6318,2021-05-13 14:17:00,921.85,921.85,921.85,921.85,25,27400,867.23,921.8,936.2
6319,2021-05-13 14:18:00,921.85,921.85,921.85,921.85,25,27400,867.23,921.8,936.2
6320,2021-05-13 14:19:00,921.85,921.85,921.85,921.85,25,27400,867.23,921.8,936.2
6321,2021-05-13 14:20:00,921.85,921.85,921.85,921.85,25,27400,867.23,921.8,936.2
6322,2021-05-13 14:21:00,921.85,921.85,921.85,921.85,25,27400,867.23,921.8,936.2
6323,2021-05-13 14:22:00,921.85,921.85,921.85,921.85,25,27400,867.23,921.8,936.2
6324,2021-05-13 14:23:00,921.85,921.85,921.85,921.85,25,27400,867.23,921.8,936.2
6325,2021-05-13 14:24:00,921.85,921.85,921.85,921.85,25,27400,867.23,921.8,936.2
6326,2021-05-13 14:25:00,921.85,921.85,921.85,921.85,25,27400,867.23,921.8,936.2
6327,2021-05-13 14:26:00,921.85,921.85,921.85,921.85,25,27400,867.23,921.8,936.2
6328,2021-05-13 14:27:00,921.85,921.85,921.85,921.85,25,27400,867.23,921.8,936.2
6329,2021-05-13 14:28:00,921.85,921.85,921.85,921.85,25,27400,867.23,921.8,936.2
6330,2021-05-13 14:29:00,921.85,921.85,921.85,921.85,25,27400,867.23,921.8,936.2
6331,2021-05-13 14:30:00,921.85,921.85,921.85,921.85,25,27400,867.23,921.8,936.2
6332,2021-05-13 14:31:00,921.85,921.85,921.85,921.85,25,27400,867.23,921.8,936.2
6333,2021-05-13 14:32:00,921.85,921.85,921.85,921.85,25,27400,867.23,921.8,936.2
6334,2021-05-13 14:33:00,921.85,921.85,921.85,921.85,25,27400,867.23,921.8,936.2
6335,2021-05-13 14:34:00,921.85,921.85,921.85,921.85,25,27400,867.23,921.8,936.2
6336,2021-05-13 14:35:00,921.85,921.85,921.85,921.85,25,27400,867.23,921.8,936.2
6337,2021-05-13 14:36:00,921.85,921.85,921.85,921.85,25,27400,867.23,921.8,936.2
6338,2021-05-13 14:37:00,921.85,921.85,921.85,921.85,25,27400,867.23,921.8,936.2
6339,2021-05-13 14:38:00,921.85,921.85,921.85,921.85,25,27400,867.23,921.8,936.2
6340,2021-05-13 14:39:00,921.85,921.85,921.85,921.85,25,27400,867.23,921.8,936.2
6341,2021-05-13 14:40:00,921.85,921.85,921.85,921.85,25,27400,867.23,921.8,936.2
6342,2021-05-13 14:41:00,921.85,921.85,921.85,921.85,25,27400,867.23,921.8,936.2
6343,2021-05-13 14:42:00,921.85,921.85,921.85,921.85,25,27400,867.23,921.8,936.2
6344,2021-05-13 14:43:00,921.85,921.85,921.85,921.85,25,27400,867.23,921.8,936.2
6345,2021-05-13 14:44:00,921.85,921.85,921.85,921.85,25,27400,867.23,921.8,936.2
6346,2021-05-13 14:45:00,921.85,921.85,921.85,921.85,25,27400,867.23,921.8,936.2
6347,2021-05-13 14:46:00,921.85,921.85,921.85,921.85,25,27400,867.23,921.8,936.2
6348,2021-05-13 14:47:00,921.85,921.85,921.85,921.85,25,27400,867.23,921.8,936.2
6349,2021-05-13 14:48:00,921.85,921.85,921.85,921.85,25,27400,867.23,921.8,936.2
6350,2021-05-13 14:49:00,921.85,921.85,921.85,921.85,25,27400,867.23,921.8,936.2
6351,2021-05-13 14:50:00,921.85,921.85,921.85,921.85,25,27400,867.23,921.8,936.2
6352,2021-05-13 14:51:00,921.85,921.85,921.85,921.85,25,27400,867.23,921.8,936.2
6353,2021-05-13 14:52:00,921.85,921.85,921.85,921.85,25,27400,867.23,921.8,936.2
6354,2021-05-13 14:53:00,921.85,921.85,921.85,921.85,25,27400,867.23,921.8,936.2
6355,2021-05-13 14:54:00,921.85,921.85,921.85,921.85,25,27400,867.23,921.8,936.2
6356,2021-05-13 14:55:00,921.85,921.85,921.85,921.85,25,27400,867.23,921.8,936.2
6357,2021-05-13 14:56:00,921.85,921.85,921.85,921.85,25,27400,867.23,921.8,936.2
6358,2021-05-13 14:57:00,921.85,921.85,921.85,921.85,25,27400,867.23,921.8,936.2
6359,2021-05-13 14:58:00,921.85,921.85,921.85,921.85,25,27400,867.23,921.8,936.2
6360,2021-05-13 14:59:00,921.85,921.85,921.85,921.85,25,27400,867.23,921.8,936.2
6361,2021-05-13 15:00:00,921.85,921.85,921.85,921.85,25,27400,867.23,921.8,936.2
6362,2021-05-13 15:01:00,921.85,921.85,921.85,921.85,25,27400,867.23,921.8,936.2
6363,2021-05-13 15:02:00,921.85,921.85,921.85,921.85,25,27400,867.23,921.8,936.2
6364,2021-05-13 15:03:00,921.85,921.85,921.85,921.85,25,27400,867.23,921.8,936.2
6365,2021-05-13 15:04:00,921.85,921.85,921.85,921.85,25,27400,867.23,921.8,936.2
6366,2021-05-13 15:05:00,921.85,921.85,921.85,921.85,25,27400,867.23,921.8,936.2
6367,2021-05-13 15:06:00,921.85,921.85,921.85,921.85,25,27400,867.23,921.8,936.2
6368,2021-05-13 15:07:00,921.85,921.85,921.85,921.85,25,27400,867.23,921.8,936.2
6369,2021-05-13 15:08:00,921.85,921.85,921.85,921.85,25,27400,867.23,921.8,936.2
6370,2021-05-13 15:09:00,921.85,921.85,921.85,921.85,25,27400,867.23,921.8,936.2
6371,2021-05-13 15:10:00,921.85,921.85,921.85,921.85,25,27400,867.23,921.8,936.2
6372,2021-05-13 15:11:00,921.85,921.85,921.85,921.85,25,27400,867.23,921.8,936.2
6373,2021-05-13 15:12:00,921.85,921.85,921.85,921.85,25,27400,867.23,921.8,936.2
6374,2021-05-13 15:13:00,921.85,921.85,921.85,921.85,25,27400,867.23,921.8,936.2
6375,2021-05-13 15:14:00,921.85,921.85,921.85,921.85,25,27400,867.23,921.8,936.2
6376,2021-05-13 15:15:00,921.85,921.85,921.85,921.85,25,27400,867.23,921.8,936.2
6377,2021-05-13 15:16:00,921.85,921.85,921.85,921.85,25,27400,867.23,921.8,936.2
6378,2021-05-13 15:17:00,921.85,921.85,921.85,921.85,25,27400,867.23,921.8,936.2
6379,2021-05-13 15:18:00,921.85,921.85,921.85,921.85,25,27400,867.23,921.8,936.2
6380,2021-05-13 15:19:00,921.85,921.85,921.85,921.85,25,27400,867.23,921.8,936.2
6381,2021-05-13 15:20:00,921.85,921.85,921.85,921.85,25,27400,867.23,921.8,936.2
6382,2021-05-13 15:21:00,921.85,921.85,921.85,921.85,25,27400,867.23,921.8,936.2
6383,2021-05-13 15:22:00,921.85,921.85,921.85,921.85,25,27400,867.23,921.8,936.2
6384,2021-05-13 15:23:00,921.85,921.85,921.85,921.85,25,27400,867.23,921.8,936.2
6385,2021-05-13 15:24:00,921.85,921.85,921.85,921.85,25,27400,867.23,921.8,936.2
6386,2021-05-13 15:25:00,921.85,921.85,921.85,921.85,25,27400,867.23,921.8,936.2
6387,2021-05-13 15:26:00,921.85,921.85,921.85,921.85,25,27400,867.23,921.8,936.2
6388,2021-05-13 15:27:00,921.85,921.85,921.85,921.85,25,27400,867.23,921.8,936.2
6389,2021-05-13 15:28:00,921.85,921.85,921.85,921.85,25,27400,867.23,921.8,936.2
6390,2021-05-13 15:29:00,921.85,921.85,921.85,921.85,25,27400,867.23,921.8,936.2
6391,2021-05-13 15:30:00,921.85,921.85,921.85,921.85,25,27400,867.23,921.8,936.2
6392,2021-05-14 09:15:00,905.75,905.8,905.75,905.8,50,27400,905.77,904.55,933.9
6393,2021-05-14 09:16:00,887.4,887.4,851.4,851.4,100,27400,875.54,849.65,874.9
6394,2021-05-14 09:17:00,851.45,864.0,851.45,859.7,300,27400,862.08,853.7,866.8
6395,2021-05-14 09:18:00,852.45,852.45,834.1,834.1,75,27400,859.83,838.85,846.35
6396,2021-05-14 09:19:00,831.25,831.25,826.75,826.75,50,27400,857.15,833.25,839.9
6397,2021-05-14 09:20:00,840.1,840.1,821.5,821.5,100,27425,853.52,819.9,828.35
6398,2021-05-14 09:21:00,850.9,850.9,850.9,850.9,25,27425,853.43,853.5,862.3
6399,2021-05-14 09:22:00,880.0,898.25,880.0,898.25,100,27425,858.32,896.35,911.05
6400,2021-05-14 09:23:00,909.1,909.1,909.0,909.0,125,27425,865.17,898.25,906.85
6401,2021-05-14 09:24:00,906.95,920.1,906.95,920.1,100,27425,869.98,919.55,927.3
6402,2021-05-14 09:25:00,932.55,932.55,920.1,924.1,75,27425,873.77,924.25,931.3
6403,2021-05-14 09:26:00,916.35,916.35,908.6,908.6,75,27400,876.16,888.95,898.15
6404,2021-05-14 09:27:00,916.35,916.35,908.6,908.6,75,27400,876.16,888.95,898.15
6405,2021-05-14 09:28:00,911.4,915.05,911.4,915.05,50,27400,877.67,904.3,913.5
6406,2021-05-14 09:29:00,911.4,915.05,911.4,915.05,50,27400,877.67,904.3,913.5
6407,2021-05-14 09:30:00,920.8,925.95,920.8,925.95,50,27425,879.46,932.15,939.55
6408,2021-05-14 09:31:00,968.7,968.7,968.7,968.7,25,27425,881.18,957.85,965.35
6409,2021-05-14 09:32:00,975.0,975.0,975.0,975.0,50,27425,884.66,969.3,976.35
6410,2021-05-14 09:33:00,975.0,975.0,975.0,975.0,50,27425,884.66,969.3,976.35
6411,2021-05-14 09:34:00,975.0,975.0,975.0,975.0,50,27425,884.66,969.3,976.35
6412,2021-05-14 09:35:00,975.0,975.0,975.0,975.0,50,27425,884.66,969.3,976.35
6413,2021-05-14 09:36:00,959.6,959.6,950.0,950.0,50,27475,887.16,944.35,951.45
6414,2021-05-14 09:37:00,959.6,959.6,950.0,950.0,50,27475,887.16,944.35,951.45
6415,2021-05-14 09:38:00,918.55,918.55,918.55,918.55,25,27450,887.71,913.4,920.75
6416,2021-05-14 09:39:00,901.0,901.0,899.4,899.4,50,27450,888.13,900.15,905.9
6417,2021-05-14 09:40:00,901.0,901.0,899.4,899.4,50,27450,888.13,900.15,905.9
6418,2021-05-14 09:41:00,901.0,901.0,899.4,899.4,50,27450,888.13,900.15,905.9
6419,2021-05-14 09:42:00,901.0,901.0,899.4,899.4,50,27450,888.13,900.15,905.9
6420,2021-05-14 09:43:00,901.0,901.0,899.4,899.4,50,27450,888.13,900.15,905.9
6421,2021-05-14 09:44:00,900.0,900.0,900.0,900.0,25,27450,888.33,911.6,916.5
6422,2021-05-14 09:45:00,939.55,939.55,939.55,939.55,25,27450,889.17,924.7,930.3
6423,2021-05-14 09:46:00,924.3,925.45,924.3,925.45,50,27450,890.3,898.65,906.15
6424,2021-05-14 09:47:00,924.3,925.45,924.3,925.45,50,27450,890.3,898.65,906.15
6425,2021-05-14 09:48:00,865.0,865.0,865.0,865.0,25,27450,889.91,859.05,865.5
6426,2021-05-14 09:49:00,850.0,850.0,840.0,840.0,100,27450,887.41,842.35,848.65
6427,2021-05-14 09:50:00,840.25,856.8,833.8,856.8,175,27425,883.0,853.0,859.9
6428,2021-05-14 09:51:00,850.0,850.0,843.3,843.3,100,27425,881.16,839.1,845.15
6429,2021-05-14 09:52:00,855.0,855.0,855.0,855.0,50,27425,880.51,847.75,852.8
6430,2021-05-14 09:53:00,855.0,855.0,855.0,855.0,50,27425,880.51,847.75,852.8
6431,2021-05-14 09:54:00,855.0,855.0,855.0,855.0,50,27425,880.51,847.75,852.8
6432,2021-05-14 09:55:00,855.0,855.0,855.0,855.0,50,27425,880.51,847.75,852.8
6433,2021-05-14 09:56:00,855.05,855.05,855.05,855.05,25,27325,880.2,852.25,857.95
6434,2021-05-14 09:57:00,855.05,855.05,855.05,855.05,25,27325,880.2,852.25,857.95
6435,2021-05-14 09:58:00,841.9,848.2,841.9,848.2,50,27325,879.37,858.6,863.55
6436,2021-05-14 09:59:00,841.9,848.2,841.9,848.2,50,27325,879.37,858.6,863.55
6437,2021-05-14 10:00:00,841.9,848.2,841.9,848.2,50,27325,879.37,858.6,863.55
6438,2021-05-14 10:01:00,841.9,848.2,841.9,848.2,50,27325,879.37,858.6,863.55
6439,2021-05-14 10:02:00,848.9,848.9,844.15,844.15,50,27325,878.6,851.9,856.0
6440,2021-05-14 10:03:00,848.9,848.9,844.15,844.15,50,27325,878.6,851.9,856.0
6441,2021-05-14 10:04:00,848.9,848.9,844.15,844.15,50,27325,878.6,851.9,856.0
6442,2021-05-14 10:05:00,836.4,836.4,836.4,836.4,25,27325,878.12,833.1,837.85
6443,2021-05-14 10:06:00,836.4,836.4,836.4,836.4,25,27325,878.12,833.1,837.85
6444,2021-05-14 10:07:00,836.4,836.4,836.4,836.4,25,27325,878.12,833.1,837.85
6445,2021-05-14 10:08:00,848.85,855.0,848.85,854.5,75,27325,877.27,849.6,854.45
6446,2021-05-14 10:09:00,870.0,870.0,870.0,870.0,25,27325,877.19,839.5,843.3
6447,2021-05-14 10:10:00,840.0,842.1,840.0,842.1,50,27325,876.41,839.95,843.05
6448,2021-05-14 10:11:00,851.0,851.0,851.0,851.0,525,27325,871.73,848.5,853.85
6449,2021-05-14 10:12:00,851.0,851.0,851.0,851.0,525,27325,871.73,848.5,853.85
6450,2021-05-14 10:13:00,851.0,851.0,851.0,851.0,525,27325,871.73,848.5,853.85
6451,2021-05-14 10:14:00,870.0,876.7,870.0,876.5,200,26875,871.95,879.6,885.4
6452,2021-05-14 10:15:00,870.0,876.7,870.0,876.5,200,26875,871.95,879.6,885.4
6453,2021-05-14 10:16:00,885.0,885.0,885.0,885.0,25,26875,872.06,866.95,872.8
6454,2021-05-14 10:17:00,885.0,885.0,885.0,885.0,25,26875,872.06,866.95,872.8
6455,2021-05-14 10:18:00,885.0,885.0,885.0,885.0,25,26875,872.06,866.95,872.8
6456,2021-05-14 10:19:00,840.0,840.0,836.0,836.0,75,26900,871.23,831.25,835.75
6457,2021-05-14 10:20:00,840.0,840.0,836.0,836.0,75,26900,871.23,831.25,835.75
6458,2021-05-14 10:21:00,840.0,840.0,836.0,836.0,75,26900,871.23,831.25,835.75
6459,2021-05-14 10:22:00,840.0,840.0,836.0,836.0,75,26900,871.23,831.25,835.75
6460,2021-05-14 10:23:00,840.0,840.0,836.0,836.0,75,26900,871.23,831.25,835.75
6461,2021-05-14 10:24:00,840.0,840.0,836.0,836.0,75,26900,871.23,831.25,835.75
6462,2021-05-14 10:25:00,840.0,840.0,836.0,836.0,75,26900,871.23,831.25,835.75
6463,2021-05-14 10:26:00,862.55,862.55,862.55,862.55,25,26825,871.16,862.0,866.6
6464,2021-05-14 10:27:00,874.9,874.9,874.9,874.9,50,26825,871.18,868.6,872.8
6465,2021-05-14 10:28:00,872.25,872.25,872.25,872.25,50,26825,871.2,869.45,875.9
6466,2021-05-14 10:29:00,872.25,872.25,872.25,872.25,50,26825,871.2,869.45,875.9
6467,2021-05-14 10:30:00,872.25,872.25,872.25,872.25,50,26825,871.2,869.45,875.9
6468,2021-05-14 10:31:00,872.25,872.25,872.25,872.25,50,26825,871.2,869.45,875.9
6469,2021-05-14 10:32:00,864.35,864.35,864.35,864.35,25,26875,871.14,857.15,861.9
6470,2021-05-14 10:33:00,864.35,864.35,864.35,864.35,25,26875,871.14,857.15,861.9
6471,2021-05-14 10:34:00,864.35,864.35,864.35,864.35,25,26875,871.14,857.15,861.9
6472,2021-05-14 10:35:00,864.35,864.35,864.35,864.35,25,26875,871.14,857.15,861.9
6473,2021-05-14 10:36:00,851.05,851.05,851.05,851.05,50,26875,870.85,855.8,860.45
6474,2021-05-14 10:37:00,851.05,851.05,851.05,851.05,50,26875,870.85,855.8,860.45
6475,2021-05-14 10:38:00,851.05,851.05,851.05,851.05,50,26875,870.85,855.8,860.45
6476,2021-05-14 10:39:00,851.05,851.05,851.05,851.05,50,26875,870.85,855.8,860.45
6477,2021-05-14 10:40:00,905.7,905.7,905.7,905.7,150,26850,872.26,884.15,891.2
6478,2021-05-14 10:41:00,877.8,877.8,877.8,877.8,25,26875,872.3,875.2,880.55
6479,2021-05-14 10:42:00,891.8,891.8,891.8,891.8,25,26875,872.44,879.5,882.85
6480,2021-05-14 10:43:00,882.95,882.95,882.95,882.95,25,26875,872.51,874.85,881.05
6481,2021-05-14 10:44:00,882.95,882.95,882.95,882.95,25,26875,872.51,874.85,881.05
6482,2021-05-14 10:45:00,872.95,872.95,872.95,872.95,200,26925,872.53,875.6,880.85
6483,2021-05-14 10:46:00,872.95,872.95,872.95,872.95,200,26925,872.53,875.6,880.85
6484,2021-05-14 10:47:00,891.65,891.65,891.65,891.65,25,26925,872.66,894.1,899.7
6485,2021-05-14 10:48:00,891.65,891.65,891.65,891.65,25,26925,872.66,894.1,899.7
6486,2021-05-14 10:49:00,891.65,891.65,891.65,891.65,25,26925,872.66,894.1,899.7
6487,2021-05-14 10:50:00,894.25,894.25,883.55,883.55,125,26725,873.08,887.05,890.4
6488,2021-05-14 10:51:00,894.25,894.25,883.55,883.55,125,26725,873.08,887.05,890.4
6489,2021-05-14 10:52:00,894.25,894.25,883.55,883.55,125,26725,873.08,887.05,890.4
6490,2021-05-14 10:53:00,894.25,894.25,883.55,883.55,125,26725,873.08,887.05,890.4
6491,2021-05-14 10:54:00,894.25,894.25,883.55,883.55,125,26725,873.08,887.05,890.4
6492,2021-05-14 10:55:00,894.25,894.25,883.55,883.55,125,26725,873.08,887.05,890.4
6493,2021-05-14 10:56:00,913.05,913.05,908.7,912.4,75,26675,873.79,913.55,919.45
6494,2021-05-14 10:57:00,913.05,913.05,908.7,912.4,75,26675,873.79,913.55,919.45
6495,2021-05-14 10:58:00,911.15,911.15,904.3,905.0,175,26675,875.25,907.05,913.35
6496,2021-05-14 10:59:00,911.15,911.15,904.3,905.0,175,26675,875.25,907.05,913.35
6497,2021-05-14 11:00:00,909.8,909.8,909.8,909.8,150,26700,876.44,909.1,915.3
6498,2021-05-14 11:01:00,904.7,906.2,904.7,906.2,450,26700,879.13,910.35,914.3
6499,2021-05-14 11:02:00,909.45,912.65,909.45,912.65,75,26700,879.63,906.25,910.8
6500,2021-05-14 11:03:00,939.9,939.9,939.9,939.9,100,26700,880.85,939.45,944.25
6501,2021-05-14 11:04:00,939.9,939.9,939.9,939.9,100,26700,880.85,939.45,944.25
6502,2021-05-14 11:05:00,948.05,948.05,948.05,948.05,50,26700,881.52,941.65,944.6
6503,2021-05-14 11:06:00,954.3,954.3,952.9,952.9,100,26700,882.93,950.5,952.9
6504,2021-05-14 11:07:00,952.9,964.15,952.9,964.15,300,26700,887.33,939.7,944.45
6505,2021-05-14 11:08:00,952.9,964.15,952.9,964.15,300,26700,887.33,939.7,944.45
6506,2021-05-14 11:09:00,952.9,964.15,952.9,964.15,300,26700,887.33,939.7,944.45
6507,2021-05-14 11:10:00,952.9,964.15,952.9,964.15,300,26700,887.33,939.7,944.45
6508,2021-05-14 11:11:00,952.9,964.15,952.9,964.15,300,26700,887.33,939.7,944.45
6509,2021-05-14 11:12:00,952.9,964.15,952.9,964.15,300,26700,887.33,939.7,944.45
6510,2021-05-14 11:13:00,947.35,947.35,939.5,939.5,75,26750,888.12,942.3,947.75
6511,2021-05-14 11:14:00,947.35,947.35,939.5,939.5,75,26750,888.12,942.3,947.75
6512,2021-05-14 11:15:00,950.35,950.35,950.35,950.35,25,26725,888.4,935.2,940.5
6513,2021-05-14 11:16:00,942.9,942.9,942.9,942.9,25,26725,888.65,935.2,940.55
6514,2021-05-14 11:17:00,937.1,937.1,935.75,935.75,50,26725,889.08,942.65,947.8
6515,2021-05-14 11:18:00,946.65,946.65,946.65,946.65,25,26675,889.33,951.1,956.5
6516,2021-05-14 11:19:00,946.65,946.65,946.65,946.65,25,26675,889.33,951.1,956.5
6517,2021-05-14 11:20:00,946.65,946.65,946.65,946.65,25,26675,889.33,951.1,956.5
6518,2021-05-14 11:21:00,959.45,959.45,959.45,959.45,25,26650,889.65,946.45,952.05
6519,2021-05-14 11:22:00,948.65,948.65,948.65,948.65,50,26650,890.16,924.35,929.9
6520,2021-05-14 11:23:00,948.65,948.65,948.65,948.65,50,26650,890.16,924.35,929.9
6521,2021-05-14 11:24:00,948.65,948.65,948.65,948.65,50,26650,890.16,924.35,929.9
6522,2021-05-14 11:25:00,948.65,948.65,948.65,948.65,50,26650,890.16,924.35,929.9
6523,2021-05-14 11:26:00,948.65,948.65,948.65,948.65,50,26650,890.16,924.35,929.9
6524,2021-05-14 11:27:00,906.35,906.35,906.35,906.35,25,26650,890.24,912.25,917.15
6525,2021-05-14 11:28:00,906.35,906.35,906.35,906.35,25,26650,890.24,912.25,917.15
6526,2021-05-14 11:29:00,906.35,906.35,906.35,906.35,25,26650,890.24,912.25,917.15
6527,2021-05-14 11:30:00,906.35,906.35,906.35,906.35,25,26650,890.24,912.25,917.15
6528,2021-05-14 11:31:00,929.35,929.35,929.35,929.35,50,26675,890.58,934.05,939.1
6529,2021-05-14 11:32:00,929.35,929.35,929.35,929.35,50,26675,890.58,934.05,939.1
6530,2021-05-14 11:33:00,929.35,929.35,929.35,929.35,50,26675,890.58,934.05,939.1
6531,2021-05-14 11:34:00,929.35,929.35,929.35,929.35,50,26675,890.58,934.05,939.1
6532,2021-05-14 11:35:00,929.35,929.35,929.35,929.35,50,26675,890.58,934.05,939.1
6533,2021-05-14 11:36:00,929.35,929.35,929.35,929.35,50,26675,890.58,934.05,939.1
6534,2021-05-14 11:37:00,970.25,1003.55,970.25,1002.85,175,26725,893.73,997.75,1004.5
6535,2021-05-14 11:38:00,1004.8,1004.8,994.2,997.2,175,26725,896.68,998.3,1003.3
6536,2021-05-14 11:39:00,1019.55,1037.5,1018.25,1029.2,425,26650,905.45,1021.35,1027.35
6537,2021-05-14 11:40:00,1038.45,1038.45,1037.95,1037.95,75,26650,906.96,1039.6,1047.4
6538,2021-05-14 11:41:00,1050.0,1050.0,1037.8,1037.8,50,26650,907.99,1032.75,1036.6
6539,2021-05-14 11:42:00,1042.45,1042.45,1035.95,1035.95,225,26700,912.28,1031.35,1036.85
6540,2021-05-14 11:43:00,1034.9,1034.9,1034.9,1034.9,25,26700,912.73,1021.15,1026.7
6541,2021-05-14 11:44:00,1016.95,1016.95,1016.95,1016.95,50,26700,913.48,1017.25,1023.3
6542,2021-05-14 11:45:00,1020.75,1035.0,1020.75,1035.0,75,26700,914.67,1036.65,1042.25
6543,2021-05-14 11:46:00,1047.0,1065.35,1047.0,1065.35,275,26700,920.22,1068.5,1075.4
6544,2021-05-14 11:47:00,1061.0,1063.25,1061.0,1063.25,50,26700,921.18,1049.4,1055.45
6545,2021-05-14 11:48:00,1061.0,1063.25,1061.0,1063.25,50,26700,921.18,1049.4,1055.45
6546,2021-05-14 11:49:00,1037.85,1037.85,1037.85,1037.85,50,26775,921.97,1019.85,1026.0
6547,2021-05-14 11:50:00,1003.35,1003.35,1003.35,1003.35,75,26775,922.79,1003.5,1009.5
6548,2021-05-14 11:51:00,1003.35,1003.35,1003.35,1003.35,25,26800,923.05,999.35,1004.15
6549,2021-05-14 11:52:00,1005.45,1005.45,999.65,999.65,200,26800,925.15,1012.5,1019.1
6550,2021-05-14 11:53:00,1037.3,1037.3,1037.3,1037.3,150,26800,927.21,1033.05,1036.9
6551,2021-05-14 11:54:00,1037.3,1037.3,1037.3,1037.3,150,26800,927.21,1033.05,1036.9
6552,2021-05-14 11:55:00,1050.2,1050.45,1050.2,1050.45,100,26775,928.76,1026.6,1032.0
6553,2021-05-14 11:56:00,1013.15,1013.15,1013.15,1013.15,50,26775,929.29,1011.45,1016.4
6554,2021-05-14 11:57:00,1013.15,1013.15,1013.15,1013.15,50,26775,929.29,1011.45,1016.4
6555,2021-05-14 11:58:00,1025.25,1025.25,1025.25,1025.25,25,26775,929.59,1012.2,1017.7
6556,2021-05-14 11:59:00,1010.6,1010.6,1010.6,1010.6,50,26775,930.09,1018.65,1026.55
6557,2021-05-14 12:00:00,1049.9,1079.95,1049.2,1070.95,400,26725,936.07,1067.6,1077.45
6558,2021-05-14 12:01:00,1070.6,1070.6,1069.35,1069.35,150,26725,938.39,1060.55,1066.2
6559,2021-05-14 12:02:00,1054.7,1054.7,1054.7,1054.7,50,26725,939.06,1056.05,1061.6
6560,2021-05-14 12:03:00,1054.7,1054.7,1054.7,1054.7,50,26725,939.06,1056.05,1061.6
6561,2021-05-14 12:04:00,1054.7,1054.7,1054.7,1054.7,50,26725,939.06,1056.05,1061.6
6562,2021-05-14 12:05:00,1075.0,1075.0,1075.0,1075.0,25,26575,939.45,1073.5,1078.35
6563,2021-05-14 12:06:00,1049.25,1049.25,1049.25,1049.25,25,0,939.77,1041.0,1047.45
6564,2021-05-14 12:07:00,1042.7,1042.7,1042.7,1042.7,25,26575,940.06,1045.2,1050.15
6565,2021-05-14 12:08:00,1046.25,1046.25,1046.25,1046.25,50,26575,940.67,1050.3,1053.35
6566,2021-05-14 12:09:00,1045.95,1045.95,1045.95,1045.95,25,0,940.97,1045.0,1051.25
6567,2021-05-14 12:10:00,1080.0,1080.0,1056.6,1056.6,100,26475,942.33,1047.85,1051.95
6568,2021-05-14 12:11:00,1051.5,1051.5,1047.1,1051.05,75,26475,943.23,1041.15,1047.05
6569,2021-05-14 12:12:00,1051.5,1051.5,1047.1,1051.05,75,26475,943.23,1041.15,1047.05
6570,2021-05-14 12:13:00,1051.5,1051.5,1047.1,1051.05,75,26475,943.23,1041.15,1047.05
6571,2021-05-14 12:14:00,1052.55,1052.55,1052.55,1052.55,25,26475,943.53,1040.15,1045.6
6572,2021-05-14 12:15:00,1036.75,1036.75,1027.55,1028.7,100,26500,944.49,1026.95,1032.25
6573,2021-05-14 12:16:00,1013.7,1013.7,1013.7,1013.7,25,26500,944.67,1014.85,1020.65
6574,2021-05-14 12:17:00,1013.7,1013.7,1013.7,1013.7,25,26500,944.67,1014.85,1020.65
6575,2021-05-14 12:18:00,1029.9,1029.9,1029.9,1029.9,25,26550,944.91,1025.45,1031.8
6576,2021-05-14 12:19:00,1020.85,1020.85,1020.85,1020.85,50,26550,945.32,1016.6,1022.15
6577,2021-05-14 12:20:00,1020.85,1020.85,1020.85,1020.85,50,26550,945.32,1016.6,1022.15
6578,2021-05-14 12:21:00,1020.85,1020.85,1020.85,1020.85,50,26550,945.32,1016.6,1022.15
6579,2021-05-14 12:22:00,1020.85,1020.85,1020.85,1020.85,50,26550,945.32,1016.6,1022.15
6580,2021-05-14 12:23:00,1006.5,1006.5,1006.5,1006.5,200,0,946.64,1013.75,1018.55
6581,2021-05-14 12:24:00,1006.5,1006.5,1006.5,1006.5,200,0,946.64,1013.75,1018.55
6582,2021-05-14 12:25:00,1006.5,1006.5,1006.5,1006.5,200,0,946.64,1013.75,1018.55
6583,2021-05-14 12:26:00,1006.5,1006.5,1006.5,1006.5,200,0,946.64,1013.75,1018.55
6584,2021-05-14 12:27:00,1006.5,1006.5,1006.5,1006.5,200,0,946.64,1013.75,1018.55
6585,2021-05-14 12:28:00,1006.5,1006.5,1006.5,1006.5,200,0,946.64,1013.75,1018.55
6586,2021-05-14 12:29:00,1006.5,1006.5,1006.5,1006.5,200,0,946.64,1013.75,1018.55
6587,2021-05-14 12:30:00,1006.5,1006.5,1006.5,1006.5,200,0,946.64,1013.75,1018.55
6588,2021-05-14 12:31:00,1039.15,1039.15,1039.15,1039.15,50,26475,947.13,1029.85,1035.35
6589,2021-05-14 12:32:00,1039.15,1039.15,1039.15,1039.15,50,26475,947.13,1029.85,1035.35
6590,2021-05-14 12:33:00,1033.1,1033.1,1033.1,1033.1,25,26475,947.35,1032.05,1038.15
6591,2021-05-14 12:34:00,1033.1,1033.1,1033.1,1033.1,25,26475,947.35,1032.05,1038.15
6592,2021-05-14 12:35:00,1037.7,1037.7,1037.7,1037.7,25,26475,947.59,1029.45,1033.5
6593,2021-05-14 12:36:00,1029.05,1029.05,1011.9,1011.9,175,26475,948.79,1002.9,1009.1
6594,2021-05-14 12:37:00,1029.05,1029.05,1011.9,1011.9,175,26475,948.79,1002.9,1009.1
6595,2021-05-14 12:38:00,1029.05,1029.05,1011.9,1011.9,175,26475,948.79,1002.9,1009.1
6596,2021-05-14 12:39:00,1009.25,1009.25,1009.25,1009.25,25,26550,948.94,1008.3,1013.4
6597,2021-05-14 12:40:00,979.25,979.25,979.25,979.25,150,0,949.52,1009.15,1015.6
6598,2021-05-14 12:41:00,979.25,979.25,979.25,979.25,150,0,949.52,1009.15,1015.6
6599,2021-05-14 12:42:00,996.0,996.0,996.0,996.0,150,0,950.21,985.05,988.5
6600,2021-05-14 12:43:00,983.35,983.35,983.35,983.35,25,26500,950.29,982.5,987.7
6601,2021-05-14 12:44:00,984.65,984.65,973.3,973.3,125,26500,950.64,970.2,975.55
6602,2021-05-14 12:45:00,984.65,984.65,973.3,973.3,125,26500,950.64,970.2,975.55
6603,2021-05-14 12:46:00,984.65,984.65,973.3,973.3,125,26500,950.64,970.2,975.55
6604,2021-05-14 12:47:00,984.65,984.65,973.3,973.3,125,26500,950.64,970.2,975.55
6605,2021-05-14 12:48:00,1000.0,1000.0,1000.0,1000.0,25,26450,950.76,993.05,998.55
6606,2021-05-14 12:49:00,985.7,985.7,985.7,985.7,25,26450,950.84,987.7,992.9
6607,2021-05-14 12:50:00,985.7,985.7,985.7,985.7,25,26450,950.84,987.7,992.9
6608,2021-05-14 12:51:00,985.7,985.7,985.7,985.7,25,26450,950.84,987.7,992.9
6609,2021-05-14 12:52:00,985.7,985.7,985.7,985.7,25,26450,950.84,987.7,992.9
6610,2021-05-14 12:53:00,985.7,985.7,985.7,985.7,25,26450,950.84,987.7,992.9
6611,2021-05-14 12:54:00,985.7,985.7,985.7,985.7,25,26450,950.84,987.7,992.9
6612,2021-05-14 12:55:00,985.7,985.7,985.7,985.7,25,26450,950.84,987.7,992.9
6613,2021-05-14 12:56:00,985.7,985.7,985.7,985.7,25,26450,950.84,987.7,992.9
6614,2021-05-14 12:57:00,1000.35,1000.35,1000.35,1000.35,25,26450,950.97,1003.6,1009.4
6615,2021-05-14 12:58:00,1000.35,1000.35,1000.35,1000.35,25,26450,950.97,1003.6,1009.4
6616,2021-05-14 12:59:00,997.4,997.4,997.4,997.4,150,26450,951.65,998.05,1002.85
6617,2021-05-14 13:00:00,997.4,997.4,997.4,997.4,150,26450,951.65,998.05,1002.85
6618,2021-05-14 13:01:00,997.4,997.4,997.4,997.4,150,26450,951.65,998.05,1002.85
6619,2021-05-14 13:02:00,997.4,997.4,997.4,997.4,150,26450,951.65,998.05,1002.85
6620,2021-05-14 13:03:00,997.4,997.4,997.4,997.4,150,26450,951.65,998.05,1002.85
6621,2021-05-14 13:04:00,997.4,997.4,997.4,997.4,150,26450,951.65,998.05,1002.85
6622,2021-05-14 13:05:00,997.4,997.4,997.4,997.4,150,26450,951.65,998.05,1002.85
6623,2021-05-14 13:06:00,1010.0,1010.0,1010.0,1010.0,50,26425,951.92,1010.55,1016.05
6624,2021-05-14 13:07:00,1010.0,1010.0,1010.0,1010.0,50,26425,951.92,1010.55,1016.05
6625,2021-05-14 13:08:00,1004.2,1004.2,1001.95,1001.95,150,26475,952.64,998.9,1004.45
6626,2021-05-14 13:09:00,1004.2,1004.2,1001.95,1001.95,150,26475,952.64,998.9,1004.45
6627,2021-05-14 13:10:00,966.6,977.2,966.6,977.2,100,26525,952.82,970.15,981.3
6628,2021-05-14 13:11:00,966.6,977.2,966.6,977.2,100,26525,952.82,970.15,981.3
6629,2021-05-14 13:12:00,966.6,977.2,966.6,977.2,100,26525,952.82,970.15,981.3
6630,2021-05-14 13:13:00,966.6,977.2,966.6,977.2,100,26525,952.82,970.15,981.3
6631,2021-05-14 13:14:00,966.6,977.2,966.6,977.2,100,26525,952.82,970.15,981.3
6632,2021-05-14 13:15:00,966.6,977.2,966.6,977.2,100,26525,952.82,970.15,981.3
6633,2021-05-14 13:16:00,966.6,977.2,966.6,977.2,100,26525,952.82,970.15,981.3
6634,2021-05-14 13:17:00,966.6,977.2,966.6,977.2,100,26525,952.82,970.15,981.3
6635,2021-05-14 13:18:00,966.6,977.2,966.6,977.2,100,26525,952.82,970.15,981.3
6636,2021-05-14 13:19:00,966.6,977.2,966.6,977.2,100,26525,952.82,970.15,981.3
6637,2021-05-14 13:20:00,966.6,977.2,966.6,977.2,100,26525,952.82,970.15,981.3
6638,2021-05-14 13:21:00,994.35,994.35,994.35,994.35,50,26475,953.01,991.45,996.75
6639,2021-05-14 13:22:00,994.35,994.35,994.35,994.35,50,26475,953.01,991.45,996.75
6640,2021-05-14 13:23:00,994.35,994.35,994.35,994.35,50,26475,953.01,991.45,996.75
6641,2021-05-14 13:24:00,994.35,994.35,994.35,994.35,50,26475,953.01,991.45,996.75
6642,2021-05-14 13:25:00,994.35,994.35,994.35,994.35,50,26475,953.01,991.45,996.75
6643,2021-05-14 13:26:00,999.5,999.5,999.1,999.1,50,26500,953.23,1005.7,1011.4
6644,2021-05-14 13:27:00,999.5,999.5,999.1,999.1,50,26500,953.23,1005.7,1011.4
6645,2021-05-14 13:28:00,999.5,999.5,999.1,999.1,50,26500,953.23,1005.7,1011.4
6646,2021-05-14 13:29:00,999.15,999.15,999.15,999.15,25,26500,953.33,990.65,997.05
6647,2021-05-14 13:30:00,986.05,986.05,986.05,986.05,175,26500,953.86,981.7,987.8
6648,2021-05-14 13:31:00,986.05,986.05,986.05,986.05,175,26500,953.86,981.7,987.8
6649,2021-05-14 13:32:00,986.05,986.05,986.05,986.05,175,26500,953.86,981.7,987.8
6650,2021-05-14 13:33:00,968.7,970.25,968.7,970.25,75,26475,953.96,963.8,969.15
6651,2021-05-14 13:34:00,955.0,964.0,955.0,960.4,175,26475,954.04,950.2,956.4
6652,2021-05-14 13:35:00,955.0,964.0,955.0,960.4,175,26475,954.04,950.2,956.4
6653,2021-05-14 13:36:00,975.35,975.35,975.35,975.35,25,26475,954.09,970.25,975.3
6654,2021-05-14 13:37:00,975.35,975.35,975.35,975.35,25,26475,954.09,970.25,975.3
6655,2021-05-14 13:38:00,975.35,975.35,975.35,975.35,25,26475,954.09,970.25,975.3
6656,2021-05-14 13:39:00,1008.9,1008.9,1008.9,1008.9,25,26475,954.21,1005.45,1010.75
6657,2021-05-14 13:40:00,1013.75,1013.75,1013.75,1013.75,25,26475,954.34,1007.1,1012.85
6658,2021-05-14 13:41:00,1010.0,1019.7,1010.0,1019.7,575,26475,957.06,1011.05,1017.0
6659,2021-05-14 13:42:00,1017.0,1017.0,1017.0,1017.0,25,26475,957.18,1006.15,1012.9
6660,2021-05-14 13:43:00,1017.0,1017.0,1017.0,1017.0,25,26475,957.18,1006.15,1012.9
6661,2021-05-14 13:44:00,1015.9,1045.3,1015.9,1045.3,350,26975,959.29,1039.4,1054.1
6662,2021-05-14 13:45:00,1030.85,1030.85,1030.85,1030.85,25,26950,959.43,1027.0,1033.3
6663,2021-05-14 13:46:00,1030.85,1030.85,1030.85,1030.85,25,26950,959.43,1027.0,1033.3
6664,2021-05-14 13:47:00,1030.85,1030.85,1030.85,1030.85,25,26950,959.43,1027.0,1033.3
6665,2021-05-14 13:48:00,1030.85,1030.85,1030.85,1030.85,25,26950,959.43,1027.0,1033.3
6666,2021-05-14 13:49:00,1030.85,1030.85,1030.85,1030.85,25,26950,959.43,1027.0,1033.3
6667,2021-05-14 13:50:00,1010.0,1010.0,1010.0,1010.0,500,0,961.41,1005.6,1011.65
6668,2021-05-14 13:51:00,1010.0,1010.0,1010.0,1010.0,500,0,961.41,1005.6,1011.65
6669,2021-05-14 13:52:00,1010.0,1010.0,1010.0,1010.0,500,0,961.41,1005.6,1011.65
6670,2021-05-14 13:53:00,992.8,992.8,992.8,992.8,50,26450,961.53,996.1,1001.15
6671,2021-05-14 13:54:00,992.8,992.8,992.8,992.8,50,26450,961.53,996.1,1001.15
6672,2021-05-14 13:55:00,992.8,992.8,992.8,992.8,50,26450,961.53,996.1,1001.15
6673,2021-05-14 13:56:00,992.8,992.8,992.8,992.8,50,26450,961.53,996.1,1001.15
6674,2021-05-14 13:57:00,992.8,992.8,992.8,992.8,50,26450,961.53,996.1,1001.15
6675,2021-05-14 13:58:00,992.8,992.8,992.8,992.8,50,26450,961.53,996.1,1001.15
6676,2021-05-14 13:59:00,1061.15,1061.15,1061.15,1061.15,25,26400,961.72,1058.45,1064.65
6677,2021-05-14 14:00:00,1065.0,1091.55,1051.3,1051.3,200,26425,963.4,1042.5,1047.15
6678,2021-05-14 14:01:00,1046.05,1046.05,1040.55,1040.55,75,26425,963.85,1036.2,1041.8
6679,2021-05-14 14:02:00,1046.05,1046.05,1040.55,1040.55,75,26425,963.85,1036.2,1041.8
6680,2021-05-14 14:03:00,1046.05,1046.05,1040.55,1040.55,75,26425,963.85,1036.2,1041.8
6681,2021-05-14 14:04:00,1046.05,1046.05,1040.55,1040.55,75,26425,963.85,1036.2,1041.8
6682,2021-05-14 14:05:00,1050.55,1061.35,1050.55,1053.2,75,26400,964.37,1038.7,1045.05
6683,2021-05-14 14:06:00,1044.95,1044.95,1044.95,1044.95,25,26400,964.52,1032.4,1037.6
6684,2021-05-14 14:07:00,1044.95,1044.95,1044.95,1044.95,25,26400,964.52,1032.4,1037.6
6685,2021-05-14 14:08:00,1042.85,1042.85,1033.4,1038.1,75,26400,964.94,1032.6,1038.55
6686,2021-05-14 14:09:00,1033.0,1033.0,1033.0,1033.0,25,26400,965.06,1030.15,1034.45
6687,2021-05-14 14:10:00,1033.0,1033.0,1033.0,1033.0,25,26400,965.06,1030.15,1034.45
6688,2021-05-14 14:11:00,1033.0,1033.0,1033.0,1033.0,25,26400,965.06,1030.15,1034.45
6689,2021-05-14 14:12:00,1033.0,1033.0,1033.0,1033.0,25,26400,965.06,1030.15,1034.45
6690,2021-05-14 14:13:00,1033.0,1033.0,1033.0,1033.0,25,26400,965.06,1030.15,1034.45
6691,2021-05-14 14:14:00,1033.0,1033.0,1033.0,1033.0,25,26400,965.06,1030.15,1034.45
6692,2021-05-14 14:15:00,1037.5,1037.5,1037.5,1037.5,25,26400,965.2,1034.15,1041.35
6693,2021-05-14 14:16:00,1044.8,1044.8,1044.8,1044.8,50,0,965.5,1024.45,1029.6
6694,2021-05-14 14:17:00,1044.8,1044.8,1044.8,1044.8,50,0,965.5,1024.45,1029.6
6695,2021-05-14 14:18:00,1044.8,1044.8,1044.8,1044.8,50,0,965.5,1024.45,1029.6
6696,2021-05-14 14:19:00,1021.35,1021.35,1021.35,1021.35,25,26400,965.6,1022.45,1029.75
6697,2021-05-14 14:20:00,1021.35,1021.35,1021.35,1021.35,25,26400,965.6,1022.45,1029.75
6698,2021-05-14 14:21:00,1021.35,1021.35,1021.35,1021.35,25,26400,965.6,1022.45,1029.75
6699,2021-05-14 14:22:00,1018.45,1018.45,1018.45,1018.45,75,0,965.89,1028.2,1033.6
6700,2021-05-14 14:23:00,1018.45,1018.45,1018.45,1018.45,75,0,965.89,1028.2,1033.6
6701,2021-05-14 14:24:00,1018.45,1018.45,1018.45,1018.45,75,0,965.89,1028.2,1033.6
6702,2021-05-14 14:25:00,1054.7,1054.7,1050.45,1050.45,100,26400,966.54,1050.95,1056.3
6703,2021-05-14 14:26:00,1065.2,1069.45,1054.6,1054.6,475,26400,969.78,1051.7,1057.5
6704,2021-05-14 14:27:00,1065.2,1069.45,1054.6,1054.6,475,26400,969.78,1051.7,1057.5
6705,2021-05-14 14:28:00,1065.2,1069.45,1054.6,1054.6,475,26400,969.78,1051.7,1057.5
6706,2021-05-14 14:29:00,1065.2,1069.45,1054.6,1054.6,475,26400,969.78,1051.7,1057.5
6707,2021-05-14 14:30:00,1065.2,1069.45,1054.6,1054.6,475,26400,969.78,1051.7,1057.5
6708,2021-05-14 14:31:00,1065.2,1069.45,1054.6,1054.6,475,26400,969.78,1051.7,1057.5
6709,2021-05-14 14:32:00,1065.2,1069.45,1054.6,1054.6,475,26400,969.78,1051.7,1057.5
6710,2021-05-14 14:33:00,1018.65,1018.65,1018.65,1018.65,25,0,969.87,1021.0,1026.75
6711,2021-05-14 14:34:00,1018.65,1018.65,1018.65,1018.65,25,0,969.87,1021.0,1026.75
6712,2021-05-14 14:35:00,1018.65,1018.65,1018.65,1018.65,25,0,969.87,1021.0,1026.75
6713,2021-05-14 14:36:00,1004.9,1004.9,1004.9,1004.9,75,0,970.06,995.85,1001.7
6714,2021-05-14 14:37:00,1004.9,1004.9,1004.9,1004.9,75,0,970.06,995.85,1001.7
6715,2021-05-14 14:38:00,988.65,988.65,981.6,981.6,50,26050,970.11,988.75,994.8
6716,2021-05-14 14:39:00,990.4,990.4,990.4,990.4,50,26050,970.18,977.9,986.8
6717,2021-05-14 14:40:00,990.4,990.4,990.4,990.4,50,26050,970.18,977.9,986.8
6718,2021-05-14 14:41:00,995.6,998.8,995.6,998.8,150,26050,970.45,992.6,999.25
6719,2021-05-14 14:42:00,995.6,998.8,995.6,998.8,150,26050,970.45,992.6,999.25
6720,2021-05-14 14:43:00,995.6,998.8,995.6,998.8,150,26050,970.45,992.6,999.25
6721,2021-05-14 14:44:00,995.6,998.8,995.6,998.8,150,26050,970.45,992.6,999.25
6722,2021-05-14 14:45:00,994.4,994.4,994.4,994.4,50,26000,970.53,992.3,998.2
6723,2021-05-14 14:46:00,971.9,973.7,971.9,973.7,50,26025,970.54,968.0,974.4
6724,2021-05-14 14:47:00,971.9,973.7,971.9,973.7,50,26025,970.54,968.0,974.4
6725,2021-05-14 14:48:00,953.8,953.8,953.8,953.8,50,26025,970.48,950.45,957.25
6726,2021-05-14 14:49:00,953.8,953.8,953.8,953.8,50,26025,970.48,950.45,957.25
6727,2021-05-14 14:50:00,953.8,953.8,953.8,953.8,50,26025,970.48,950.45,957.25
6728,2021-05-14 14:51:00,966.1,966.1,966.1,966.1,25,0,970.48,966.55,972.8
6729,2021-05-14 14:52:00,966.1,966.1,966.1,966.1,25,0,970.48,966.55,972.8
6730,2021-05-14 14:53:00,966.1,966.1,966.1,966.1,25,0,970.48,966.55,972.8
6731,2021-05-14 14:54:00,966.1,966.1,966.1,966.1,25,0,970.48,966.55,972.8
6732,2021-05-14 14:55:00,966.1,966.1,966.1,966.1,25,0,970.48,966.55,972.8
6733,2021-05-14 14:56:00,994.85,994.85,994.85,994.85,25,26025,970.52,990.95,997.9
6734,2021-05-14 14:57:00,994.85,994.85,994.85,994.85,25,0,970.56,987.65,993.95
6735,2021-05-14 14:58:00,994.85,994.85,994.85,994.85,25,0,970.56,987.65,993.95
6736,2021-05-14 14:59:00,988.15,988.15,988.15,988.15,25,26050,970.59,987.1,992.8
6737,2021-05-14 15:00:00,988.15,988.15,988.15,988.15,25,26050,970.59,987.1,992.8
6738,2021-05-14 15:01:00,988.15,988.15,988.15,988.15,25,26050,970.59,987.1,992.8
6739,2021-05-14 15:02:00,1025.85,1025.85,1025.85,1025.85,25,26050,970.68,1019.15,1024.2
6740,2021-05-14 15:03:00,1025.85,1025.85,1025.85,1025.85,25,26050,970.68,1019.15,1024.2
6741,2021-05-14 15:04:00,1013.15,1021.05,1008.35,1008.75,250,26050,971.44,999.45,1004.6
6742,2021-05-14 15:05:00,1007.1,1007.1,1007.1,1007.1,25,26050,971.5,1013.25,1019.0
6743,2021-05-14 15:06:00,1007.1,1007.1,1007.1,1007.1,25,26050,971.5,1013.25,1019.0
6744,2021-05-14 15:07:00,1013.6,1013.6,1013.6,1013.6,50,26025,971.64,1012.25,1018.55
6745,2021-05-14 15:08:00,1014.0,1014.0,1014.0,1014.0,25,26025,971.71,1011.2,1018.4
6746,2021-05-14 15:09:00,1022.4,1022.4,1022.4,1022.4,25,26025,971.79,1016.05,1020.85
6747,2021-05-14 15:10:00,1022.4,1022.4,1022.4,1022.4,25,26025,971.79,1016.05,1020.85
6748,2021-05-14 15:11:00,1039.4,1039.4,1037.75,1037.75,150,26000,972.46,1039.9,1045.45
6749,2021-05-14 15:12:00,1045.45,1045.45,1044.8,1045.0,175,26000,973.29,1041.65,1047.0
6750,2021-05-14 15:13:00,1038.95,1038.95,1023.05,1028.2,100,26000,973.66,1026.55,1032.45
6751,2021-05-14 15:14:00,1019.45,1019.45,1019.45,1019.45,25,26000,973.73,1018.85,1026.05
6752,2021-05-14 15:15:00,1019.45,1019.45,1019.45,1019.45,25,26000,973.73,1018.85,1026.05
6753,2021-05-14 15:16:00,1019.45,1019.45,1019.45,1019.45,25,26000,973.73,1018.85,1026.05
6754,2021-05-14 15:17:00,1025.7,1025.7,1025.7,1025.7,25,0,973.81,1018.35,1024.05
6755,2021-05-14 15:18:00,1025.7,1025.7,1025.7,1025.7,25,0,973.81,1018.35,1024.05
6756,2021-05-14 15:19:00,1030.55,1030.55,1030.55,1030.55,50,26075,973.99,1025.3,1030.25
6757,2021-05-14 15:20:00,1031.5,1048.85,1031.5,1048.85,250,26075,975.14,1043.85,1050.65
6758,2021-05-14 15:21:00,1031.5,1048.85,1031.5,1048.85,250,26075,975.14,1043.85,1050.65
6759,2021-05-14 15:22:00,1031.5,1048.85,1031.5,1048.85,250,26075,975.14,1043.85,1050.65
6760,2021-05-14 15:23:00,1031.5,1048.85,1031.5,1048.85,250,26075,975.14,1043.85,1050.65
6761,2021-05-14 15:24:00,1043.9,1043.9,1043.9,1043.9,50,26050,975.36,1037.05,1043.7
6762,2021-05-14 15:25:00,1038.35,1038.35,1033.45,1036.3,100,26050,975.74,1032.15,1040.2
6763,2021-05-14 15:26:00,1032.15,1032.15,1032.15,1032.15,25,26050,975.83,1031.7,1040.95
6764,2021-05-14 15:27:00,1032.15,1032.15,1032.15,1032.15,25,26050,975.83,1031.7,1040.95
6765,2021-05-14 15:28:00,1042.8,1042.8,1042.8,1042.8,25,25950,975.93,1047.3,1054.7
6766,2021-05-14 15:29:00,1042.8,1042.8,1042.8,1042.8,25,25950,975.93,1047.3,1054.7
6767,2021-05-14 15:30:00,1058.45,1058.45,1058.45,1058.45,50,25950,976.19,1056.75,1064.85
6768,2021-05-15 09:15:00,1058.45,1058.45,1058.45,1058.45,50,25950,976.19,1056.75,1064.85
6769,2021-05-15 09:16:00,1058.45,1058.45,1058.45,1058.45,50,25950,976.19,1056.75,1064.85
6770,2021-05-15 09:17:00,1058.45,1058.45,1058.45,1058.45,50,25950,976.19,1056.75,1064.85
6771,2021-05-15 09:18:00,1058.45,1058.45,1058.45,1058.45,50,25950,976.19,1056.75,1064.85
6772,2021-05-15 09:19:00,1058.45,1058.45,1058.45,1058.45,50,25950,976.19,1056.75,1064.85
6773,2021-05-15 09:20:00,1058.45,1058.45,1058.45,1058.45,50,25950,976.19,1056.75,1064.85
6774,2021-05-15 09:21:00,1058.45,1058.45,1058.45,1058.45,50,25950,976.19,1056.75,1064.85
6775,2021-05-15 09:22:00,1058.45,1058.45,1058.45,1058.45,50,25950,976.19,1056.75,1064.85
6776,2021-05-15 09:23:00,1058.45,1058.45,1058.45,1058.45,50,25950,976.19,1056.75,1064.85
6777,2021-05-15 09:24:00,1058.45,1058.45,1058.45,1058.45,50,25950,976.19,1056.75,1064.85
6778,2021-05-15 09:25:00,1058.45,1058.45,1058.45,1058.45,50,25950,976.19,1056.75,1064.85
6779,2021-05-15 09:26:00,1058.45,1058.45,1058.45,1058.45,50,25950,976.19,1056.75,1064.85
6780,2021-05-15 09:27:00,1058.45,1058.45,1058.45,1058.45,50,25950,976.19,1056.75,1064.85
6781,2021-05-15 09:28:00,1058.45,1058.45,1058.45,1058.45,50,25950,976.19,1056.75,1064.85
6782,2021-05-15 09:29:00,1058.45,1058.45,1058.45,1058.45,50,25950,976.19,1056.75,1064.85
6783,2021-05-15 09:30:00,1058.45,1058.45,1058.45,1058.45,50,25950,976.19,1056.75,1064.85
6784,2021-05-15 09:31:00,1058.45,1058.45,1058.45,1058.45,50,25950,976.19,1056.75,1064.85
6785,2021-05-15 09:32:00,1058.45,1058.45,1058.45,1058.45,50,25950,976.19,1056.75,1064.85
6786,2021-05-15 09:33:00,1058.45,1058.45,1058.45,1058.45,50,25950,976.19,1056.75,1064.85
6787,2021-05-15 09:34:00,1058.45,1058.45,1058.45,1058.45,50,25950,976.19,1056.75,1064.85
6788,2021-05-15 09:35:00,1058.45,1058.45,1058.45,1058.45,50,25950,976.19,1056.75,1064.85
6789,2021-05-15 09:36:00,1058.45,1058.45,1058.45,1058.45,50,25950,976.19,1056.75,1064.85
6790,2021-05-15 09:37:00,1058.45,1058.45,1058.45,1058.45,50,25950,976.19,1056.75,1064.85
6791,2021-05-15 09:38:00,1058.45,1058.45,1058.45,1058.45,50,25950,976.19,1056.75,1064.85
6792,2021-05-15 09:39:00,1058.45,1058.45,1058.45,1058.45,50,25950,976.19,1056.75,1064.85
6793,2021-05-15 09:40:00,1058.45,1058.45,1058.45,1058.45,50,25950,976.19,1056.75,1064.85
6794,2021-05-15 09:41:00,1058.45,1058.45,1058.45,1058.45,50,25950,976.19,1056.75,1064.85
6795,2021-05-15 09:42:00,1058.45,1058.45,1058.45,1058.45,50,25950,976.19,1056.75,1064.85
6796,2021-05-15 09:43:00,1058.45,1058.45,1058.45,1058.45,50,25950,976.19,1056.75,1064.85
6797,2021-05-15 09:44:00,1058.45,1058.45,1058.45,1058.45,50,25950,976.19,1056.75,1064.85
6798,2021-05-15 09:45:00,1058.45,1058.45,1058.45,1058.45,50,25950,976.19,1056.75,1064.85
6799,2021-05-15 09:46:00,1058.45,1058.45,1058.45,1058.45,50,25950,976.19,1056.75,1064.85
6800,2021-05-15 09:47:00,1058.45,1058.45,1058.45,1058.45,50,25950,976.19,1056.75,1064.85
6801,2021-05-15 09:48:00,1058.45,1058.45,1058.45,1058.45,50,25950,976.19,1056.75,1064.85
6802,2021-05-15 09:49:00,1058.45,1058.45,1058.45,1058.45,50,25950,976.19,1056.75,1064.85
6803,2021-05-15 09:50:00,1058.45,1058.45,1058.45,1058.45,50,25950,976.19,1056.75,1064.85
6804,2021-05-15 09:51:00,1058.45,1058.45,1058.45,1058.45,50,25950,976.19,1056.75,1064.85
6805,2021-05-15 09:52:00,1058.45,1058.45,1058.45,1058.45,50,25950,976.19,1056.75,1064.85
6806,2021-05-15 09:53:00,1058.45,1058.45,1058.45,1058.45,50,25950,976.19,1056.75,1064.85
6807,2021-05-15 09:54:00,1058.45,1058.45,1058.45,1058.45,50,25950,976.19,1056.75,1064.85
6808,2021-05-15 09:55:00,1058.45,1058.45,1058.45,1058.45,50,25950,976.19,1056.75,1064.85
6809,2021-05-15 09:56:00,1058.45,1058.45,1058.45,1058.45,50,25950,976.19,1056.75,1064.85
6810,2021-05-15 09:57:00,1058.45,1058.45,1058.45,1058.45,50,25950,976.19,1056.75,1064.85
6811,2021-05-15 09:58:00,1058.45,1058.45,1058.45,1058.45,50,25950,976.19,1056.75,1064.85
6812,2021-05-15 09:59:00,1058.45,1058.45,1058.45,1058.45,50,25950,976.19,1056.75,1064.85
6813,2021-05-15 10:00:00,1058.45,1058.45,1058.45,1058.45,50,25950,976.19,1056.75,1064.85
6814,2021-05-15 10:01:00,1058.45,1058.45,1058.45,1058.45,50,25950,976.19,1056.75,1064.85
6815,2021-05-15 10:02:00,1058.45,1058.45,1058.45,1058.45,50,25950,976.19,1056.75,1064.85
6816,2021-05-15 10:03:00,1058.45,1058.45,1058.45,1058.45,50,25950,976.19,1056.75,1064.85
6817,2021-05-15 10:04:00,1058.45,1058.45,1058.45,1058.45,50,25950,976.19,1056.75,1064.85
6818,2021-05-15 10:05:00,1058.45,1058.45,1058.45,1058.45,50,25950,976.19,1056.75,1064.85
6819,2021-05-15 10:06:00,1058.45,1058.45,1058.45,1058.45,50,25950,976.19,1056.75,1064.85
6820,2021-05-15 10:07:00,1058.45,1058.45,1058.45,1058.45,50,25950,976.19,1056.75,1064.85
6821,2021-05-15 10:08:00,1058.45,1058.45,1058.45,1058.45,50,25950,976.19,1056.75,1064.85
6822,2021-05-15 10:09:00,1058.45,1058.45,1058.45,1058.45,50,25950,976.19,1056.75,1064.85
6823,2021-05-15 10:10:00,1058.45,1058.45,1058.45,1058.45,50,25950,976.19,1056.75,1064.85
6824,2021-05-15 10:11:00,1058.45,1058.45,1058.45,1058.45,50,25950,976.19,1056.75,1064.85
6825,2021-05-15 10:12:00,1058.45,1058.45,1058.45,1058.45,50,25950,976.19,1056.75,1064.85
6826,2021-05-15 10:13:00,1058.45,1058.45,1058.45,1058.45,50,25950,976.19,1056.75,1064.85
6827,2021-05-15 10:14:00,1058.45,1058.45,1058.45,1058.45,50,25950,976.19,1056.75,1064.85
6828,2021-05-15 10:15:00,1058.45,1058.45,1058.45,1058.45,50,25950,976.19,1056.75,1064.85
6829,2021-05-15 10:16:00,1058.45,1058.45,1058.45,1058.45,50,25950,976.19,1056.75,1064.85
6830,2021-05-15 10:17:00,1058.45,1058.45,1058.45,1058.45,50,25950,976.19,1056.75,1064.85
6831,2021-05-15 10:18:00,1058.45,1058.45,1058.45,1058.45,50,25950,976.19,1056.75,1064.85
6832,2021-05-15 10:19:00,1058.45,1058.45,1058.45,1058.45,50,25950,976.19,1056.75,1064.85
6833,2021-05-15 10:20:00,1058.45,1058.45,1058.45,1058.45,50,25950,976.19,1056.75,1064.85
6834,2021-05-15 10:21:00,1058.45,1058.45,1058.45,1058.45,50,25950,976.19,1056.75,1064.85
6835,2021-05-15 10:22:00,1058.45,1058.45,1058.45,1058.45,50,25950,976.19,1056.75,1064.85
6836,2021-05-15 10:23:00,1058.45,1058.45,1058.45,1058.45,50,25950,976.19,1056.75,1064.85
6837,2021-05-15 10:24:00,1058.45,1058.45,1058.45,1058.45,50,25950,976.19,1056.75,1064.85
6838,2021-05-15 10:25:00,1058.45,1058.45,1058.45,1058.45,50,25950,976.19,1056.75,1064.85
6839,2021-05-15 10:26:00,1058.45,1058.45,1058.45,1058.45,50,25950,976.19,1056.75,1064.85
6840,2021-05-15 10:27:00,1058.45,1058.45,1058.45,1058.45,50,25950,976.19,1056.75,1064.85
6841,2021-05-15 10:28:00,1058.45,1058.45,1058.45,1058.45,50,25950,976.19,1056.75,1064.85
6842,2021-05-15 10:29:00,1058.45,1058.45,1058.45,1058.45,50,25950,976.19,1056.75,1064.85
6843,2021-05-15 10:30:00,1058.45,1058.45,1058.45,1058.45,50,25950,976.19,1056.75,1064.85
6844,2021-05-15 10:31:00,1058.45,1058.45,1058.45,1058.45,50,25950,976.19,1056.75,1064.85
6845,2021-05-15 10:32:00,1058.45,1058.45,1058.45,1058.45,50,25950,976.19,1056.75,1064.85
6846,2021-05-15 10:33:00,1058.45,1058.45,1058.45,1058.45,50,25950,976.19,1056.75,1064.85
6847,2021-05-15 10:34:00,1058.45,1058.45,1058.45,1058.45,50,25950,976.19,1056.75,1064.85
6848,2021-05-15 10:35:00,1058.45,1058.45,1058.45,1058.45,50,25950,976.19,1056.75,1064.85
6849,2021-05-15 10:36:00,1058.45,1058.45,1058.45,1058.45,50,25950,976.19,1056.75,1064.85
6850,2021-05-15 10:37:00,1058.45,1058.45,1058.45,1058.45,50,25950,976.19,1056.75,1064.85
6851,2021-05-15 10:38:00,1058.45,1058.45,1058.45,1058.45,50,25950,976.19,1056.75,1064.85
6852,2021-05-15 10:39:00,1058.45,1058.45,1058.45,1058.45,50,25950,976.19,1056.75,1064.85
6853,2021-05-15 10:40:00,1058.45,1058.45,1058.45,1058.45,50,25950,976.19,1056.75,1064.85
6854,2021-05-15 10:41:00,1058.45,1058.45,1058.45,1058.45,50,25950,976.19,1056.75,1064.85
6855,2021-05-15 10:42:00,1058.45,1058.45,1058.45,1058.45,50,25950,976.19,1056.75,1064.85
6856,2021-05-15 10:43:00,1058.45,1058.45,1058.45,1058.45,50,25950,976.19,1056.75,1064.85
6857,2021-05-15 10:44:00,1058.45,1058.45,1058.45,1058.45,50,25950,976.19,1056.75,1064.85
6858,2021-05-15 10:45:00,1058.45,1058.45,1058.45,1058.45,50,25950,976.19,1056.75,1064.85
6859,2021-05-15 10:46:00,1058.45,1058.45,1058.45,1058.45,50,25950,976.19,1056.75,1064.85
6860,2021-05-15 10:47:00,1058.45,1058.45,1058.45,1058.45,50,25950,976.19,1056.75,1064.85
6861,2021-05-15 10:48:00,1058.45,1058.45,1058.45,1058.45,50,25950,976.19,1056.75,1064.85
6862,2021-05-15 10:49:00,1058.45,1058.45,1058.45,1058.45,50,25950,976.19,1056.75,1064.85
6863,2021-05-15 10:50:00,1058.45,1058.45,1058.45,1058.45,50,25950,976.19,1056.75,1064.85
6864,2021-05-15 10:51:00,1058.45,1058.45,1058.45,1058.45,50,25950,976.19,1056.75,1064.85
6865,2021-05-15 10:52:00,1058.45,1058.45,1058.45,1058.45,50,25950,976.19,1056.75,1064.85
6866,2021-05-15 10:53:00,1058.45,1058.45,1058.45,1058.45,50,25950,976.19,1056.75,1064.85
6867,2021-05-15 10:54:00,1058.45,1058.45,1058.45,1058.45,50,25950,976.19,1056.75,1064.85
6868,2021-05-15 10:55:00,1058.45,1058.45,1058.45,1058.45,50,25950,976.19,1056.75,1064.85
6869,2021-05-15 10:56:00,1058.45,1058.45,1058.45,1058.45,50,25950,976.19,1056.75,1064.85
6870,2021-05-15 10:57:00,1058.45,1058.45,1058.45,1058.45,50,25950,976.19,1056.75,1064.85
6871,2021-05-15 10:58:00,1058.45,1058.45,1058.45,1058.45,50,25950,976.19,1056.75,1064.85
6872,2021-05-15 10:59:00,1058.45,1058.45,1058.45,1058.45,50,25950,976.19,1056.75,1064.85
6873,2021-05-15 11:00:00,1058.45,1058.45,1058.45,1058.45,50,25950,976.19,1056.75,1064.85
6874,2021-05-15 11:01:00,1058.45,1058.45,1058.45,1058.45,50,25950,976.19,1056.75,1064.85
6875,2021-05-15 11:02:00,1058.45,1058.45,1058.45,1058.45,50,25950,976.19,1056.75,1064.85
6876,2021-05-15 11:03:00,1058.45,1058.45,1058.45,1058.45,50,25950,976.19,1056.75,1064.85
6877,2021-05-15 11:04:00,1058.45,1058.45,1058.45,1058.45,50,25950,976.19,1056.75,1064.85
6878,2021-05-15 11:05:00,1058.45,1058.45,1058.45,1058.45,50,25950,976.19,1056.75,1064.85
6879,2021-05-15 11:06:00,1058.45,1058.45,1058.45,1058.45,50,25950,976.19,1056.75,1064.85
6880,2021-05-15 11:07:00,1058.45,1058.45,1058.45,1058.45,50,25950,976.19,1056.75,1064.85
6881,2021-05-15 11:08:00,1058.45,1058.45,1058.45,1058.45,50,25950,976.19,1056.75,1064.85
6882,2021-05-15 11:09:00,1058.45,1058.45,1058.45,1058.45,50,25950,976.19,1056.75,1064.85
6883,2021-05-15 11:10:00,1058.45,1058.45,1058.45,1058.45,50,25950,976.19,1056.75,1064.85
6884,2021-05-15 11:11:00,1058.45,1058.45,1058.45,1058.45,50,25950,976.19,1056.75,1064.85
6885,2021-05-15 11:12:00,1058.45,1058.45,1058.45,1058.45,50,25950,976.19,1056.75,1064.85
6886,2021-05-15 11:13:00,1058.45,1058.45,1058.45,1058.45,50,25950,976.19,1056.75,1064.85
6887,2021-05-15 11:14:00,1058.45,1058.45,1058.45,1058.45,50,25950,976.19,1056.75,1064.85
6888,2021-05-15 11:15:00,1058.45,1058.45,1058.45,1058.45,50,25950,976.19,1056.75,1064.85
6889,2021-05-15 11:16:00,1058.45,1058.45,1058.45,1058.45,50,25950,976.19,1056.75,1064.85
6890,2021-05-15 11:17:00,1058.45,1058.45,1058.45,1058.45,50,25950,976.19,1056.75,1064.85
6891,2021-05-15 11:18:00,1058.45,1058.45,1058.45,1058.45,50,25950,976.19,1056.75,1064.85
6892,2021-05-15 11:19:00,1058.45,1058.45,1058.45,1058.45,50,25950,976.19,1056.75,1064.85
6893,2021-05-15 11:20:00,1058.45,1058.45,1058.45,1058.45,50,25950,976.19,1056.75,1064.85
6894,2021-05-15 11:21:00,1058.45,1058.45,1058.45,1058.45,50,25950,976.19,1056.75,1064.85
6895,2021-05-15 11:22:00,1058.45,1058.45,1058.45,1058.45,50,25950,976.19,1056.75,1064.85
6896,2021-05-15 11:23:00,1058.45,1058.45,1058.45,1058.45,50,25950,976.19,1056.75,1064.85
6897,2021-05-15 11:24:00,1058.45,1058.45,1058.45,1058.45,50,25950,976.19,1056.75,1064.85
6898,2021-05-15 11:25:00,1058.45,1058.45,1058.45,1058.45,50,25950,976.19,1056.75,1064.85
6899,2021-05-15 11:26:00,1058.45,1058.45,1058.45,1058.45,50,25950,976.19,1056.75,1064.85
6900,2021-05-15 11:27:00,1058.45,1058.45,1058.45,1058.45,50,25950,976.19,1056.75,1064.85
6901,2021-05-15 11:28:00,1058.45,1058.45,1058.45,1058.45,50,25950,976.19,1056.75,1064.85
6902,2021-05-15 11:29:00,1058.45,1058.45,1058.45,1058.45,50,25950,976.19,1056.75,1064.85
6903,2021-05-15 11:30:00,1058.45,1058.45,1058.45,1058.45,50,25950,976.19,1056.75,1064.85
6904,2021-05-15 11:31:00,1058.45,1058.45,1058.45,1058.45,50,25950,976.19,1056.75,1064.85
6905,2021-05-15 11:32:00,1058.45,1058.45,1058.45,1058.45,50,25950,976.19,1056.75,1064.85
6906,2021-05-15 11:33:00,1058.45,1058.45,1058.45,1058.45,50,25950,976.19,1056.75,1064.85
6907,2021-05-15 11:34:00,1058.45,1058.45,1058.45,1058.45,50,25950,976.19,1056.75,1064.85
6908,2021-05-15 11:35:00,1058.45,1058.45,1058.45,1058.45,50,25950,976.19,1056.75,1064.85
6909,2021-05-15 11:36:00,1058.45,1058.45,1058.45,1058.45,50,25950,976.19,1056.75,1064.85
6910,2021-05-15 11:37:00,1058.45,1058.45,1058.45,1058.45,50,25950,976.19,1056.75,1064.85
6911,2021-05-15 11:38:00,1058.45,1058.45,1058.45,1058.45,50,25950,976.19,1056.75,1064.85
6912,2021-05-15 11:39:00,1058.45,1058.45,1058.45,1058.45,50,25950,976.19,1056.75,1064.85
6913,2021-05-15 11:40:00,1058.45,1058.45,1058.45,1058.45,50,25950,976.19,1056.75,1064.85
6914,2021-05-15 11:41:00,1058.45,1058.45,1058.45,1058.45,50,25950,976.19,1056.75,1064.85
6915,2021-05-15 11:42:00,1058.45,1058.45,1058.45,1058.45,50,25950,976.19,1056.75,1064.85
6916,2021-05-15 11:43:00,1058.45,1058.45,1058.45,1058.45,50,25950,976.19,1056.75,1064.85
6917,2021-05-15 11:44:00,1058.45,1058.45,1058.45,1058.45,50,25950,976.19,1056.75,1064.85
6918,2021-05-15 11:45:00,1058.45,1058.45,1058.45,1058.45,50,25950,976.19,1056.75,1064.85
6919,2021-05-15 11:46:00,1058.45,1058.45,1058.45,1058.45,50,25950,976.19,1056.75,1064.85
6920,2021-05-15 11:47:00,1058.45,1058.45,1058.45,1058.45,50,25950,976.19,1056.75,1064.85
6921,2021-05-15 11:48:00,1058.45,1058.45,1058.45,1058.45,50,25950,976.19,1056.75,1064.85
6922,2021-05-15 11:49:00,1058.45,1058.45,1058.45,1058.45,50,25950,976.19,1056.75,1064.85
6923,2021-05-15 11:50:00,1058.45,1058.45,1058.45,1058.45,50,25950,976.19,1056.75,1064.85
6924,2021-05-15 11:51:00,1058.45,1058.45,1058.45,1058.45,50,25950,976.19,1056.75,1064.85
6925,2021-05-15 11:52:00,1058.45,1058.45,1058.45,1058.45,50,25950,976.19,1056.75,1064.85
6926,2021-05-15 11:53:00,1058.45,1058.45,1058.45,1058.45,50,25950,976.19,1056.75,1064.85
6927,2021-05-15 11:54:00,1058.45,1058.45,1058.45,1058.45,50,25950,976.19,1056.75,1064.85
6928,2021-05-15 11:55:00,1058.45,1058.45,1058.45,1058.45,50,25950,976.19,1056.75,1064.85
6929,2021-05-15 11:56:00,1058.45,1058.45,1058.45,1058.45,50,25950,976.19,1056.75,1064.85
6930,2021-05-15 11:57:00,1058.45,1058.45,1058.45,1058.45,50,25950,976.19,1056.75,1064.85
6931,2021-05-15 11:58:00,1058.45,1058.45,1058.45,1058.45,50,25950,976.19,1056.75,1064.85
6932,2021-05-15 11:59:00,1058.45,1058.45,1058.45,1058.45,50,25950,976.19,1056.75,1064.85
6933,2021-05-15 12:00:00,1058.45,1058.45,1058.45,1058.45,50,25950,976.19,1056.75,1064.85
6934,2021-05-15 12:01:00,1058.45,1058.45,1058.45,1058.45,50,25950,976.19,1056.75,1064.85
6935,2021-05-15 12:02:00,1058.45,1058.45,1058.45,1058.45,50,25950,976.19,1056.75,1064.85
6936,2021-05-15 12:03:00,1058.45,1058.45,1058.45,1058.45,50,25950,976.19,1056.75,1064.85
6937,2021-05-15 12:04:00,1058.45,1058.45,1058.45,1058.45,50,25950,976.19,1056.75,1064.85
6938,2021-05-15 12:05:00,1058.45,1058.45,1058.45,1058.45,50,25950,976.19,1056.75,1064.85
6939,2021-05-15 12:06:00,1058.45,1058.45,1058.45,1058.45,50,25950,976.19,1056.75,1064.85
6940,2021-05-15 12:07:00,1058.45,1058.45,1058.45,1058.45,50,25950,976.19,1056.75,1064.85
6941,2021-05-15 12:08:00,1058.45,1058.45,1058.45,1058.45,50,25950,976.19,1056.75,1064.85
6942,2021-05-15 12:09:00,1058.45,1058.45,1058.45,1058.45,50,25950,976.19,1056.75,1064.85
6943,2021-05-15 12:10:00,1058.45,1058.45,1058.45,1058.45,50,25950,976.19,1056.75,1064.85
6944,2021-05-15 12:11:00,1058.45,1058.45,1058.45,1058.45,50,25950,976.19,1056.75,1064.85
6945,2021-05-15 12:12:00,1058.45,1058.45,1058.45,1058.45,50,25950,976.19,1056.75,1064.85
6946,2021-05-15 12:13:00,1058.45,1058.45,1058.45,1058.45,50,25950,976.19,1056.75,1064.85
6947,2021-05-15 12:14:00,1058.45,1058.45,1058.45,1058.45,50,25950,976.19,1056.75,1064.85
6948,2021-05-15 12:15:00,1058.45,1058.45,1058.45,1058.45,50,25950,976.19,1056.75,1064.85
6949,2021-05-15 12:16:00,1058.45,1058.45,1058.45,1058.45,50,25950,976.19,1056.75,1064.85
6950,2021-05-15 12:17:00,1058.45,1058.45,1058.45,1058.45,50,25950,976.19,1056.75,1064.85
6951,2021-05-15 12:18:00,1058.45,1058.45,1058.45,1058.45,50,25950,976.19,1056.75,1064.85
6952,2021-05-15 12:19:00,1058.45,1058.45,1058.45,1058.45,50,25950,976.19,1056.75,1064.85
6953,2021-05-15 12:20:00,1058.45,1058.45,1058.45,1058.45,50,25950,976.19,1056.75,1064.85
6954,2021-05-15 12:21:00,1058.45,1058.45,1058.45,1058.45,50,25950,976.19,1056.75,1064.85
6955,2021-05-15 12:22:00,1058.45,1058.45,1058.45,1058.45,50,25950,976.19,1056.75,1064.85
6956,2021-05-15 12:23:00,1058.45,1058.45,1058.45,1058.45,50,25950,976.19,1056.75,1064.85
6957,2021-05-15 12:24:00,1058.45,1058.45,1058.45,1058.45,50,25950,976.19,1056.75,1064.85
6958,2021-05-15 12:25:00,1058.45,1058.45,1058.45,1058.45,50,25950,976.19,1056.75,1064.85
6959,2021-05-15 12:26:00,1058.45,1058.45,1058.45,1058.45,50,25950,976.19,1056.75,1064.85
6960,2021-05-15 12:27:00,1058.45,1058.45,1058.45,1058.45,50,25950,976.19,1056.75,1064.85
6961,2021-05-15 12:28:00,1058.45,1058.45,1058.45,1058.45,50,25950,976.19,1056.75,1064.85
6962,2021-05-15 12:29:00,1058.45,1058.45,1058.45,1058.45,50,25950,976.19,1056.75,1064.85
6963,2021-05-15 12:30:00,1058.45,1058.45,1058.45,1058.45,50,25950,976.19,1056.75,1064.85
6964,2021-05-15 12:31:00,1058.45,1058.45,1058.45,1058.45,50,25950,976.19,1056.75,1064.85
6965,2021-05-15 12:32:00,1058.45,1058.45,1058.45,1058.45,50,25950,976.19,1056.75,1064.85
6966,2021-05-15 12:33:00,1058.45,1058.45,1058.45,1058.45,50,25950,976.19,1056.75,1064.85
6967,2021-05-15 12:34:00,1058.45,1058.45,1058.45,1058.45,50,25950,976.19,1056.75,1064.85
6968,2021-05-15 12:35:00,1058.45,1058.45,1058.45,1058.45,50,25950,976.19,1056.75,1064.85
6969,2021-05-15 12:36:00,1058.45,1058.45,1058.45,1058.45,50,25950,976.19,1056.75,1064.85
6970,2021-05-15 12:37:00,1058.45,1058.45,1058.45,1058.45,50,25950,976.19,1056.75,1064.85
6971,2021-05-15 12:38:00,1058.45,1058.45,1058.45,1058.45,50,25950,976.19,1056.75,1064.85
6972,2021-05-15 12:39:00,1058.45,1058.45,1058.45,1058.45,50,25950,976.19,1056.75,1064.85
6973,2021-05-15 12:40:00,1058.45,1058.45,1058.45,1058.45,50,25950,976.19,1056.75,1064.85
6974,2021-05-15 12:41:00,1058.45,1058.45,1058.45,1058.45,50,25950,976.19,1056.75,1064.85
6975,2021-05-15 12:42:00,1058.45,1058.45,1058.45,1058.45,50,25950,976.19,1056.75,1064.85
6976,2021-05-15 12:43:00,1058.45,1058.45,1058.45,1058.45,50,25950,976.19,1056.75,1064.85
6977,2021-05-15 12:44:00,1058.45,1058.45,1058.45,1058.45,50,25950,976.19,1056.75,1064.85
6978,2021-05-15 12:45:00,1058.45,1058.45,1058.45,1058.45,50,25950,976.19,1056.75,1064.85
6979,2021-05-15 12:46:00,1058.45,1058.45,1058.45,1058.45,50,25950,976.19,1056.75,1064.85
6980,2021-05-15 12:47:00,1058.45,1058.45,1058.45,1058.45,50,25950,976.19,1056.75,1064.85
6981,2021-05-15 12:48:00,1058.45,1058.45,1058.45,1058.45,50,25950,976.19,1056.75,1064.85
6982,2021-05-15 12:49:00,1058.45,1058.45,1058.45,1058.45,50,25950,976.19,1056.75,1064.85
6983,2021-05-15 12:50:00,1058.45,1058.45,1058.45,1058.45,50,25950,976.19,1056.75,1064.85
6984,2021-05-15 12:51:00,1058.45,1058.45,1058.45,1058.45,50,25950,976.19,1056.75,1064.85
6985,2021-05-15 12:52:00,1058.45,1058.45,1058.45,1058.45,50,25950,976.19,1056.75,1064.85
6986,2021-05-15 12:53:00,1058.45,1058.45,1058.45,1058.45,50,25950,976.19,1056.75,1064.85
6987,2021-05-15 12:54:00,1058.45,1058.45,1058.45,1058.45,50,25950,976.19,1056.75,1064.85
6988,2021-05-15 12:55:00,1058.45,1058.45,1058.45,1058.45,50,25950,976.19,1056.75,1064.85
6989,2021-05-15 12:56:00,1058.45,1058.45,1058.45,1058.45,50,25950,976.19,1056.75,1064.85
6990,2021-05-15 12:57:00,1058.45,1058.45,1058.45,1058.45,50,25950,976.19,1056.75,1064.85
6991,2021-05-15 12:58:00,1058.45,1058.45,1058.45,1058.45,50,25950,976.19,1056.75,1064.85
6992,2021-05-15 12:59:00,1058.45,1058.45,1058.45,1058.45,50,25950,976.19,1056.75,1064.85
6993,2021-05-15 13:00:00,1058.45,1058.45,1058.45,1058.45,50,25950,976.19,1056.75,1064.85
6994,2021-05-15 13:01:00,1058.45,1058.45,1058.45,1058.45,50,25950,976.19,1056.75,1064.85
6995,2021-05-15 13:02:00,1058.45,1058.45,1058.45,1058.45,50,25950,976.19,1056.75,1064.85
6996,2021-05-15 13:03:00,1058.45,1058.45,1058.45,1058.45,50,25950,976.19,1056.75,1064.85
6997,2021-05-15 13:04:00,1058.45,1058.45,1058.45,1058.45,50,25950,976.19,1056.75,1064.85
6998,2021-05-15 13:05:00,1058.45,1058.45,1058.45,1058.45,50,25950,976.19,1056.75,1064.85
6999,2021-05-15 13:06:00,1058.45,1058.45,1058.45,1058.45,50,25950,976.19,1056.75,1064.85
7000,2021-05-15 13:07:00,1058.45,1058.45,1058.45,1058.45,50,25950,976.19,1056.75,1064.85
7001,2021-05-15 13:08:00,1058.45,1058.45,1058.45,1058.45,50,25950,976.19,1056.75,1064.85
7002,2021-05-15 13:09:00,1058.45,1058.45,1058.45,1058.45,50,25950,976.19,1056.75,1064.85
7003,2021-05-15 13:10:00,1058.45,1058.45,1058.45,1058.45,50,25950,976.19,1056.75,1064.85
7004,2021-05-15 13:11:00,1058.45,1058.45,1058.45,1058.45,50,25950,976.19,1056.75,1064.85
7005,2021-05-15 13:12:00,1058.45,1058.45,1058.45,1058.45,50,25950,976.19,1056.75,1064.85
7006,2021-05-15 13:13:00,1058.45,1058.45,1058.45,1058.45,50,25950,976.19,1056.75,1064.85
7007,2021-05-15 13:14:00,1058.45,1058.45,1058.45,1058.45,50,25950,976.19,1056.75,1064.85
7008,2021-05-15 13:15:00,1058.45,1058.45,1058.45,1058.45,50,25950,976.19,1056.75,1064.85
7009,2021-05-15 13:16:00,1058.45,1058.45,1058.45,1058.45,50,25950,976.19,1056.75,1064.85
7010,2021-05-15 13:17:00,1058.45,1058.45,1058.45,1058.45,50,25950,976.19,1056.75,1064.85
7011,2021-05-15 13:18:00,1058.45,1058.45,1058.45,1058.45,50,25950,976.19,1056.75,1064.85
7012,2021-05-15 13:19:00,1058.45,1058.45,1058.45,1058.45,50,25950,976.19,1056.75,1064.85
7013,2021-05-15 13:20:00,1058.45,1058.45,1058.45,1058.45,50,25950,976.19,1056.75,1064.85
7014,2021-05-15 13:21:00,1058.45,1058.45,1058.45,1058.45,50,25950,976.19,1056.75,1064.85
7015,2021-05-15 13:22:00,1058.45,1058.45,1058.45,1058.45,50,25950,976.19,1056.75,1064.85
7016,2021-05-15 13:23:00,1058.45,1058.45,1058.45,1058.45,50,25950,976.19,1056.75,1064.85
7017,2021-05-15 13:24:00,1058.45,1058.45,1058.45,1058.45,50,25950,976.19,1056.75,1064.85
7018,2021-05-15 13:25:00,1058.45,1058.45,1058.45,1058.45,50,25950,976.19,1056.75,1064.85
7019,2021-05-15 13:26:00,1058.45,1058.45,1058.45,1058.45,50,25950,976.19,1056.75,1064.85
7020,2021-05-15 13:27:00,1058.45,1058.45,1058.45,1058.45,50,25950,976.19,1056.75,1064.85
7021,2021-05-15 13:28:00,1058.45,1058.45,1058.45,1058.45,50,25950,976.19,1056.75,1064.85
7022,2021-05-15 13:29:00,1058.45,1058.45,1058.45,1058.45,50,25950,976.19,1056.75,1064.85
7023,2021-05-15 13:30:00,1058.45,1058.45,1058.45,1058.45,50,25950,976.19,1056.75,1064.85
7024,2021-05-15 13:31:00,1058.45,1058.45,1058.45,1058.45,50,25950,976.19,1056.75,1064.85
7025,2021-05-15 13:32:00,1058.45,1058.45,1058.45,1058.45,50,25950,976.19,1056.75,1064.85
7026,2021-05-15 13:33:00,1058.45,1058.45,1058.45,1058.45,50,25950,976.19,1056.75,1064.85
7027,2021-05-15 13:34:00,1058.45,1058.45,1058.45,1058.45,50,25950,976.19,1056.75,1064.85
7028,2021-05-15 13:35:00,1058.45,1058.45,1058.45,1058.45,50,25950,976.19,1056.75,1064.85
7029,2021-05-15 13:36:00,1058.45,1058.45,1058.45,1058.45,50,25950,976.19,1056.75,1064.85
7030,2021-05-15 13:37:00,1058.45,1058.45,1058.45,1058.45,50,25950,976.19,1056.75,1064.85
7031,2021-05-15 13:38:00,1058.45,1058.45,1058.45,1058.45,50,25950,976.19,1056.75,1064.85
7032,2021-05-15 13:39:00,1058.45,1058.45,1058.45,1058.45,50,25950,976.19,1056.75,1064.85
7033,2021-05-15 13:40:00,1058.45,1058.45,1058.45,1058.45,50,25950,976.19,1056.75,1064.85
7034,2021-05-15 13:41:00,1058.45,1058.45,1058.45,1058.45,50,25950,976.19,1056.75,1064.85
7035,2021-05-15 13:42:00,1058.45,1058.45,1058.45,1058.45,50,25950,976.19,1056.75,1064.85
7036,2021-05-15 13:43:00,1058.45,1058.45,1058.45,1058.45,50,25950,976.19,1056.75,1064.85
7037,2021-05-15 13:44:00,1058.45,1058.45,1058.45,1058.45,50,25950,976.19,1056.75,1064.85
7038,2021-05-15 13:45:00,1058.45,1058.45,1058.45,1058.45,50,25950,976.19,1056.75,1064.85
7039,2021-05-15 13:46:00,1058.45,1058.45,1058.45,1058.45,50,25950,976.19,1056.75,1064.85
7040,2021-05-15 13:47:00,1058.45,1058.45,1058.45,1058.45,50,25950,976.19,1056.75,1064.85
7041,2021-05-15 13:48:00,1058.45,1058.45,1058.45,1058.45,50,25950,976.19,1056.75,1064.85
7042,2021-05-15 13:49:00,1058.45,1058.45,1058.45,1058.45,50,25950,976.19,1056.75,1064.85
7043,2021-05-15 13:50:00,1058.45,1058.45,1058.45,1058.45,50,25950,976.19,1056.75,1064.85
7044,2021-05-15 13:51:00,1058.45,1058.45,1058.45,1058.45,50,25950,976.19,1056.75,1064.85
7045,2021-05-15 13:52:00,1058.45,1058.45,1058.45,1058.45,50,25950,976.19,1056.75,1064.85
7046,2021-05-15 13:53:00,1058.45,1058.45,1058.45,1058.45,50,25950,976.19,1056.75,1064.85
7047,2021-05-15 13:54:00,1058.45,1058.45,1058.45,1058.45,50,25950,976.19,1056.75,1064.85
7048,2021-05-15 13:55:00,1058.45,1058.45,1058.45,1058.45,50,25950,976.19,1056.75,1064.85
7049,2021-05-15 13:56:00,1058.45,1058.45,1058.45,1058.45,50,25950,976.19,1056.75,1064.85
7050,2021-05-15 13:57:00,1058.45,1058.45,1058.45,1058.45,50,25950,976.19,1056.75,1064.85
7051,2021-05-15 13:58:00,1058.45,1058.45,1058.45,1058.45,50,25950,976.19,1056.75,1064.85
7052,2021-05-15 13:59:00,1058.45,1058.45,1058.45,1058.45,50,25950,976.19,1056.75,1064.85
7053,2021-05-15 14:00:00,1058.45,1058.45,1058.45,1058.45,50,25950,976.19,1056.75,1064.85
7054,2021-05-15 14:01:00,1058.45,1058.45,1058.45,1058.45,50,25950,976.19,1056.75,1064.85
7055,2021-05-15 14:02:00,1058.45,1058.45,1058.45,1058.45,50,25950,976.19,1056.75,1064.85
7056,2021-05-15 14:03:00,1058.45,1058.45,1058.45,1058.45,50,25950,976.19,1056.75,1064.85
7057,2021-05-15 14:04:00,1058.45,1058.45,1058.45,1058.45,50,25950,976.19,1056.75,1064.85
7058,2021-05-15 14:05:00,1058.45,1058.45,1058.45,1058.45,50,25950,976.19,1056.75,1064.85
7059,2021-05-15 14:06:00,1058.45,1058.45,1058.45,1058.45,50,25950,976.19,1056.75,1064.85
7060,2021-05-15 14:07:00,1058.45,1058.45,1058.45,1058.45,50,25950,976.19,1056.75,1064.85
7061,2021-05-15 14:08:00,1058.45,1058.45,1058.45,1058.45,50,25950,976.19,1056.75,1064.85
7062,2021-05-15 14:09:00,1058.45,1058.45,1058.45,1058.45,50,25950,976.19,1056.75,1064.85
7063,2021-05-15 14:10:00,1058.45,1058.45,1058.45,1058.45,50,25950,976.19,1056.75,1064.85
7064,2021-05-15 14:11:00,1058.45,1058.45,1058.45,1058.45,50,25950,976.19,1056.75,1064.85
7065,2021-05-15 14:12:00,1058.45,1058.45,1058.45,1058.45,50,25950,976.19,1056.75,1064.85
7066,2021-05-15 14:13:00,1058.45,1058.45,1058.45,1058.45,50,25950,976.19,1056.75,1064.85
7067,2021-05-15 14:14:00,1058.45,1058.45,1058.45,1058.45,50,25950,976.19,1056.75,1064.85
7068,2021-05-15 14:15:00,1058.45,1058.45,1058.45,1058.45,50,25950,976.19,1056.75,1064.85
7069,2021-05-15 14:16:00,1058.45,1058.45,1058.45,1058.45,50,25950,976.19,1056.75,1064.85
7070,2021-05-15 14:17:00,1058.45,1058.45,1058.45,1058.45,50,25950,976.19,1056.75,1064.85
7071,2021-05-15 14:18:00,1058.45,1058.45,1058.45,1058.45,50,25950,976.19,1056.75,1064.85
7072,2021-05-15 14:19:00,1058.45,1058.45,1058.45,1058.45,50,25950,976.19,1056.75,1064.85
7073,2021-05-15 14:20:00,1058.45,1058.45,1058.45,1058.45,50,25950,976.19,1056.75,1064.85
7074,2021-05-15 14:21:00,1058.45,1058.45,1058.45,1058.45,50,25950,976.19,1056.75,1064.85
7075,2021-05-15 14:22:00,1058.45,1058.45,1058.45,1058.45,50,25950,976.19,1056.75,1064.85
7076,2021-05-15 14:23:00,1058.45,1058.45,1058.45,1058.45,50,25950,976.19,1056.75,1064.85
7077,2021-05-15 14:24:00,1058.45,1058.45,1058.45,1058.45,50,25950,976.19,1056.75,1064.85
7078,2021-05-15 14:25:00,1058.45,1058.45,1058.45,1058.45,50,25950,976.19,1056.75,1064.85
7079,2021-05-15 14:26:00,1058.45,1058.45,1058.45,1058.45,50,25950,976.19,1056.75,1064.85
7080,2021-05-15 14:27:00,1058.45,1058.45,1058.45,1058.45,50,25950,976.19,1056.75,1064.85
7081,2021-05-15 14:28:00,1058.45,1058.45,1058.45,1058.45,50,25950,976.19,1056.75,1064.85
7082,2021-05-15 14:29:00,1058.45,1058.45,1058.45,1058.45,50,25950,976.19,1056.75,1064.85
7083,2021-05-15 14:30:00,1058.45,1058.45,1058.45,1058.45,50,25950,976.19,1056.75,1064.85
7084,2021-05-15 14:31:00,1058.45,1058.45,1058.45,1058.45,50,25950,976.19,1056.75,1064.85
7085,2021-05-15 14:32:00,1058.45,1058.45,1058.45,1058.45,50,25950,976.19,1056.75,1064.85
7086,2021-05-15 14:33:00,1058.45,1058.45,1058.45,1058.45,50,25950,976.19,1056.75,1064.85
7087,2021-05-15 14:34:00,1058.45,1058.45,1058.45,1058.45,50,25950,976.19,1056.75,1064.85
7088,2021-05-15 14:35:00,1058.45,1058.45,1058.45,1058.45,50,25950,976.19,1056.75,1064.85
7089,2021-05-15 14:36:00,1058.45,1058.45,1058.45,1058.45,50,25950,976.19,1056.75,1064.85
7090,2021-05-15 14:37:00,1058.45,1058.45,1058.45,1058.45,50,25950,976.19,1056.75,1064.85
7091,2021-05-15 14:38:00,1058.45,1058.45,1058.45,1058.45,50,25950,976.19,1056.75,1064.85
7092,2021-05-15 14:39:00,1058.45,1058.45,1058.45,1058.45,50,25950,976.19,1056.75,1064.85
7093,2021-05-15 14:40:00,1058.45,1058.45,1058.45,1058.45,50,25950,976.19,1056.75,1064.85
7094,2021-05-15 14:41:00,1058.45,1058.45,1058.45,1058.45,50,25950,976.19,1056.75,1064.85
7095,2021-05-15 14:42:00,1058.45,1058.45,1058.45,1058.45,50,25950,976.19,1056.75,1064.85
7096,2021-05-15 14:43:00,1058.45,1058.45,1058.45,1058.45,50,25950,976.19,1056.75,1064.85
7097,2021-05-15 14:44:00,1058.45,1058.45,1058.45,1058.45,50,25950,976.19,1056.75,1064.85
7098,2021-05-15 14:45:00,1058.45,1058.45,1058.45,1058.45,50,25950,976.19,1056.75,1064.85
7099,2021-05-15 14:46:00,1058.45,1058.45,1058.45,1058.45,50,25950,976.19,1056.75,1064.85
7100,2021-05-15 14:47:00,1058.45,1058.45,1058.45,1058.45,50,25950,976.19,1056.75,1064.85
7101,2021-05-15 14:48:00,1058.45,1058.45,1058.45,1058.45,50,25950,976.19,1056.75,1064.85
7102,2021-05-15 14:49:00,1058.45,1058.45,1058.45,1058.45,50,25950,976.19,1056.75,1064.85
7103,2021-05-15 14:50:00,1058.45,1058.45,1058.45,1058.45,50,25950,976.19,1056.75,1064.85
7104,2021-05-15 14:51:00,1058.45,1058.45,1058.45,1058.45,50,25950,976.19,1056.75,1064.85
7105,2021-05-15 14:52:00,1058.45,1058.45,1058.45,1058.45,50,25950,976.19,1056.75,1064.85
7106,2021-05-15 14:53:00,1058.45,1058.45,1058.45,1058.45,50,25950,976.19,1056.75,1064.85
7107,2021-05-15 14:54:00,1058.45,1058.45,1058.45,1058.45,50,25950,976.19,1056.75,1064.85
7108,2021-05-15 14:55:00,1058.45,1058.45,1058.45,1058.45,50,25950,976.19,1056.75,1064.85
7109,2021-05-15 14:56:00,1058.45,1058.45,1058.45,1058.45,50,25950,976.19,1056.75,1064.85
7110,2021-05-15 14:57:00,1058.45,1058.45,1058.45,1058.45,50,25950,976.19,1056.75,1064.85
7111,2021-05-15 14:58:00,1058.45,1058.45,1058.45,1058.45,50,25950,976.19,1056.75,1064.85
7112,2021-05-15 14:59:00,1058.45,1058.45,1058.45,1058.45,50,25950,976.19,1056.75,1064.85
7113,2021-05-15 15:00:00,1058.45,1058.45,1058.45,1058.45,50,25950,976.19,1056.75,1064.85
7114,2021-05-15 15:01:00,1058.45,1058.45,1058.45,1058.45,50,25950,976.19,1056.75,1064.85
7115,2021-05-15 15:02:00,1058.45,1058.45,1058.45,1058.45,50,25950,976.19,1056.75,1064.85
7116,2021-05-15 15:03:00,1058.45,1058.45,1058.45,1058.45,50,25950,976.19,1056.75,1064.85
7117,2021-05-15 15:04:00,1058.45,1058.45,1058.45,1058.45,50,25950,976.19,1056.75,1064.85
7118,2021-05-15 15:05:00,1058.45,1058.45,1058.45,1058.45,50,25950,976.19,1056.75,1064.85
7119,2021-05-15 15:06:00,1058.45,1058.45,1058.45,1058.45,50,25950,976.19,1056.75,1064.85
7120,2021-05-15 15:07:00,1058.45,1058.45,1058.45,1058.45,50,25950,976.19,1056.75,1064.85
7121,2021-05-15 15:08:00,1058.45,1058.45,1058.45,1058.45,50,25950,976.19,1056.75,1064.85
7122,2021-05-15 15:09:00,1058.45,1058.45,1058.45,1058.45,50,25950,976.19,1056.75,1064.85
7123,2021-05-15 15:10:00,1058.45,1058.45,1058.45,1058.45,50,25950,976.19,1056.75,1064.85
7124,2021-05-15 15:11:00,1058.45,1058.45,1058.45,1058.45,50,25950,976.19,1056.75,1064.85
7125,2021-05-15 15:12:00,1058.45,1058.45,1058.45,1058.45,50,25950,976.19,1056.75,1064.85
7126,2021-05-15 15:13:00,1058.45,1058.45,1058.45,1058.45,50,25950,976.19,1056.75,1064.85
7127,2021-05-15 15:14:00,1058.45,1058.45,1058.45,1058.45,50,25950,976.19,1056.75,1064.85
7128,2021-05-15 15:15:00,1058.45,1058.45,1058.45,1058.45,50,25950,976.19,1056.75,1064.85
7129,2021-05-15 15:16:00,1058.45,1058.45,1058.45,1058.45,50,25950,976.19,1056.75,1064.85
7130,2021-05-15 15:17:00,1058.45,1058.45,1058.45,1058.45,50,25950,976.19,1056.75,1064.85
7131,2021-05-15 15:18:00,1058.45,1058.45,1058.45,1058.45,50,25950,976.19,1056.75,1064.85
7132,2021-05-15 15:19:00,1058.45,1058.45,1058.45,1058.45,50,25950,976.19,1056.75,1064.85
7133,2021-05-15 15:20:00,1058.45,1058.45,1058.45,1058.45,50,25950,976.19,1056.75,1064.85
7134,2021-05-15 15:21:00,1058.45,1058.45,1058.45,1058.45,50,25950,976.19,1056.75,1064.85
7135,2021-05-15 15:22:00,1058.45,1058.45,1058.45,1058.45,50,25950,976.19,1056.75,1064.85
7136,2021-05-15 15:23:00,1058.45,1058.45,1058.45,1058.45,50,25950,976.19,1056.75,1064.85
7137,2021-05-15 15:24:00,1058.45,1058.45,1058.45,1058.45,50,25950,976.19,1056.75,1064.85
7138,2021-05-15 15:25:00,1058.45,1058.45,1058.45,1058.45,50,25950,976.19,1056.75,1064.85
7139,2021-05-15 15:26:00,1058.45,1058.45,1058.45,1058.45,50,25950,976.19,1056.75,1064.85
7140,2021-05-15 15:27:00,1058.45,1058.45,1058.45,1058.45,50,25950,976.19,1056.75,1064.85
7141,2021-05-15 15:28:00,1058.45,1058.45,1058.45,1058.45,50,25950,976.19,1056.75,1064.85
7142,2021-05-15 15:29:00,1058.45,1058.45,1058.45,1058.45,50,25950,976.19,1056.75,1064.85
7143,2021-05-15 15:30:00,1058.45,1058.45,1058.45,1058.45,50,25950,976.19,1056.75,1064.85
7144,2021-05-16 09:15:00,1058.45,1058.45,1058.45,1058.45,50,25950,976.19,1056.75,1064.85
7145,2021-05-16 09:16:00,1058.45,1058.45,1058.45,1058.45,50,25950,976.19,1056.75,1064.85
7146,2021-05-16 09:17:00,1058.45,1058.45,1058.45,1058.45,50,25950,976.19,1056.75,1064.85
7147,2021-05-16 09:18:00,1058.45,1058.45,1058.45,1058.45,50,25950,976.19,1056.75,1064.85
7148,2021-05-16 09:19:00,1058.45,1058.45,1058.45,1058.45,50,25950,976.19,1056.75,1064.85
7149,2021-05-16 09:20:00,1058.45,1058.45,1058.45,1058.45,50,25950,976.19,1056.75,1064.85
7150,2021-05-16 09:21:00,1058.45,1058.45,1058.45,1058.45,50,25950,976.19,1056.75,1064.85
7151,2021-05-16 09:22:00,1058.45,1058.45,1058.45,1058.45,50,25950,976.19,1056.75,1064.85
7152,2021-05-16 09:23:00,1058.45,1058.45,1058.45,1058.45,50,25950,976.19,1056.75,1064.85
7153,2021-05-16 09:24:00,1058.45,1058.45,1058.45,1058.45,50,25950,976.19,1056.75,1064.85
7154,2021-05-16 09:25:00,1058.45,1058.45,1058.45,1058.45,50,25950,976.19,1056.75,1064.85
7155,2021-05-16 09:26:00,1058.45,1058.45,1058.45,1058.45,50,25950,976.19,1056.75,1064.85
7156,2021-05-16 09:27:00,1058.45,1058.45,1058.45,1058.45,50,25950,976.19,1056.75,1064.85
7157,2021-05-16 09:28:00,1058.45,1058.45,1058.45,1058.45,50,25950,976.19,1056.75,1064.85
7158,2021-05-16 09:29:00,1058.45,1058.45,1058.45,1058.45,50,25950,976.19,1056.75,1064.85
7159,2021-05-16 09:30:00,1058.45,1058.45,1058.45,1058.45,50,25950,976.19,1056.75,1064.85
7160,2021-05-16 09:31:00,1058.45,1058.45,1058.45,1058.45,50,25950,976.19,1056.75,1064.85
7161,2021-05-16 09:32:00,1058.45,1058.45,1058.45,1058.45,50,25950,976.19,1056.75,1064.85
7162,2021-05-16 09:33:00,1058.45,1058.45,1058.45,1058.45,50,25950,976.19,1056.75,1064.85
7163,2021-05-16 09:34:00,1058.45,1058.45,1058.45,1058.45,50,25950,976.19,1056.75,1064.85
7164,2021-05-16 09:35:00,1058.45,1058.45,1058.45,1058.45,50,25950,976.19,1056.75,1064.85
7165,2021-05-16 09:36:00,1058.45,1058.45,1058.45,1058.45,50,25950,976.19,1056.75,1064.85
7166,2021-05-16 09:37:00,1058.45,1058.45,1058.45,1058.45,50,25950,976.19,1056.75,1064.85
7167,2021-05-16 09:38:00,1058.45,1058.45,1058.45,1058.45,50,25950,976.19,1056.75,1064.85
7168,2021-05-16 09:39:00,1058.45,1058.45,1058.45,1058.45,50,25950,976.19,1056.75,1064.85
7169,2021-05-16 09:40:00,1058.45,1058.45,1058.45,1058.45,50,25950,976.19,1056.75,1064.85
7170,2021-05-16 09:41:00,1058.45,1058.45,1058.45,1058.45,50,25950,976.19,1056.75,1064.85
7171,2021-05-16 09:42:00,1058.45,1058.45,1058.45,1058.45,50,25950,976.19,1056.75,1064.85
7172,2021-05-16 09:43:00,1058.45,1058.45,1058.45,1058.45,50,25950,976.19,1056.75,1064.85
7173,2021-05-16 09:44:00,1058.45,1058.45,1058.45,1058.45,50,25950,976.19,1056.75,1064.85
7174,2021-05-16 09:45:00,1058.45,1058.45,1058.45,1058.45,50,25950,976.19,1056.75,1064.85
7175,2021-05-16 09:46:00,1058.45,1058.45,1058.45,1058.45,50,25950,976.19,1056.75,1064.85
7176,2021-05-16 09:47:00,1058.45,1058.45,1058.45,1058.45,50,25950,976.19,1056.75,1064.85
7177,2021-05-16 09:48:00,1058.45,1058.45,1058.45,1058.45,50,25950,976.19,1056.75,1064.85
7178,2021-05-16 09:49:00,1058.45,1058.45,1058.45,1058.45,50,25950,976.19,1056.75,1064.85
7179,2021-05-16 09:50:00,1058.45,1058.45,1058.45,1058.45,50,25950,976.19,1056.75,1064.85
7180,2021-05-16 09:51:00,1058.45,1058.45,1058.45,1058.45,50,25950,976.19,1056.75,1064.85
7181,2021-05-16 09:52:00,1058.45,1058.45,1058.45,1058.45,50,25950,976.19,1056.75,1064.85
7182,2021-05-16 09:53:00,1058.45,1058.45,1058.45,1058.45,50,25950,976.19,1056.75,1064.85
7183,2021-05-16 09:54:00,1058.45,1058.45,1058.45,1058.45,50,25950,976.19,1056.75,1064.85
7184,2021-05-16 09:55:00,1058.45,1058.45,1058.45,1058.45,50,25950,976.19,1056.75,1064.85
7185,2021-05-16 09:56:00,1058.45,1058.45,1058.45,1058.45,50,25950,976.19,1056.75,1064.85
7186,2021-05-16 09:57:00,1058.45,1058.45,1058.45,1058.45,50,25950,976.19,1056.75,1064.85
7187,2021-05-16 09:58:00,1058.45,1058.45,1058.45,1058.45,50,25950,976.19,1056.75,1064.85
7188,2021-05-16 09:59:00,1058.45,1058.45,1058.45,1058.45,50,25950,976.19,1056.75,1064.85
7189,2021-05-16 10:00:00,1058.45,1058.45,1058.45,1058.45,50,25950,976.19,1056.75,1064.85
7190,2021-05-16 10:01:00,1058.45,1058.45,1058.45,1058.45,50,25950,976.19,1056.75,1064.85
7191,2021-05-16 10:02:00,1058.45,1058.45,1058.45,1058.45,50,25950,976.19,1056.75,1064.85
7192,2021-05-16 10:03:00,1058.45,1058.45,1058.45,1058.45,50,25950,976.19,1056.75,1064.85
7193,2021-05-16 10:04:00,1058.45,1058.45,1058.45,1058.45,50,25950,976.19,1056.75,1064.85
7194,2021-05-16 10:05:00,1058.45,1058.45,1058.45,1058.45,50,25950,976.19,1056.75,1064.85
7195,2021-05-16 10:06:00,1058.45,1058.45,1058.45,1058.45,50,25950,976.19,1056.75,1064.85
7196,2021-05-16 10:07:00,1058.45,1058.45,1058.45,1058.45,50,25950,976.19,1056.75,1064.85
7197,2021-05-16 10:08:00,1058.45,1058.45,1058.45,1058.45,50,25950,976.19,1056.75,1064.85
7198,2021-05-16 10:09:00,1058.45,1058.45,1058.45,1058.45,50,25950,976.19,1056.75,1064.85
7199,2021-05-16 10:10:00,1058.45,1058.45,1058.45,1058.45,50,25950,976.19,1056.75,1064.85
7200,2021-05-16 10:11:00,1058.45,1058.45,1058.45,1058.45,50,25950,976.19,1056.75,1064.85
7201,2021-05-16 10:12:00,1058.45,1058.45,1058.45,1058.45,50,25950,976.19,1056.75,1064.85
7202,2021-05-16 10:13:00,1058.45,1058.45,1058.45,1058.45,50,25950,976.19,1056.75,1064.85
7203,2021-05-16 10:14:00,1058.45,1058.45,1058.45,1058.45,50,25950,976.19,1056.75,1064.85
7204,2021-05-16 10:15:00,1058.45,1058.45,1058.45,1058.45,50,25950,976.19,1056.75,1064.85
7205,2021-05-16 10:16:00,1058.45,1058.45,1058.45,1058.45,50,25950,976.19,1056.75,1064.85
7206,2021-05-16 10:17:00,1058.45,1058.45,1058.45,1058.45,50,25950,976.19,1056.75,1064.85
7207,2021-05-16 10:18:00,1058.45,1058.45,1058.45,1058.45,50,25950,976.19,1056.75,1064.85
7208,2021-05-16 10:19:00,1058.45,1058.45,1058.45,1058.45,50,25950,976.19,1056.75,1064.85
7209,2021-05-16 10:20:00,1058.45,1058.45,1058.45,1058.45,50,25950,976.19,1056.75,1064.85
7210,2021-05-16 10:21:00,1058.45,1058.45,1058.45,1058.45,50,25950,976.19,1056.75,1064.85
7211,2021-05-16 10:22:00,1058.45,1058.45,1058.45,1058.45,50,25950,976.19,1056.75,1064.85
7212,2021-05-16 10:23:00,1058.45,1058.45,1058.45,1058.45,50,25950,976.19,1056.75,1064.85
7213,2021-05-16 10:24:00,1058.45,1058.45,1058.45,1058.45,50,25950,976.19,1056.75,1064.85
7214,2021-05-16 10:25:00,1058.45,1058.45,1058.45,1058.45,50,25950,976.19,1056.75,1064.85
7215,2021-05-16 10:26:00,1058.45,1058.45,1058.45,1058.45,50,25950,976.19,1056.75,1064.85
7216,2021-05-16 10:27:00,1058.45,1058.45,1058.45,1058.45,50,25950,976.19,1056.75,1064.85
7217,2021-05-16 10:28:00,1058.45,1058.45,1058.45,1058.45,50,25950,976.19,1056.75,1064.85
7218,2021-05-16 10:29:00,1058.45,1058.45,1058.45,1058.45,50,25950,976.19,1056.75,1064.85
7219,2021-05-16 10:30:00,1058.45,1058.45,1058.45,1058.45,50,25950,976.19,1056.75,1064.85
7220,2021-05-16 10:31:00,1058.45,1058.45,1058.45,1058.45,50,25950,976.19,1056.75,1064.85
7221,2021-05-16 10:32:00,1058.45,1058.45,1058.45,1058.45,50,25950,976.19,1056.75,1064.85
7222,2021-05-16 10:33:00,1058.45,1058.45,1058.45,1058.45,50,25950,976.19,1056.75,1064.85
7223,2021-05-16 10:34:00,1058.45,1058.45,1058.45,1058.45,50,25950,976.19,1056.75,1064.85
7224,2021-05-16 10:35:00,1058.45,1058.45,1058.45,1058.45,50,25950,976.19,1056.75,1064.85
7225,2021-05-16 10:36:00,1058.45,1058.45,1058.45,1058.45,50,25950,976.19,1056.75,1064.85
7226,2021-05-16 10:37:00,1058.45,1058.45,1058.45,1058.45,50,25950,976.19,1056.75,1064.85
7227,2021-05-16 10:38:00,1058.45,1058.45,1058.45,1058.45,50,25950,976.19,1056.75,1064.85
7228,2021-05-16 10:39:00,1058.45,1058.45,1058.45,1058.45,50,25950,976.19,1056.75,1064.85
7229,2021-05-16 10:40:00,1058.45,1058.45,1058.45,1058.45,50,25950,976.19,1056.75,1064.85
7230,2021-05-16 10:41:00,1058.45,1058.45,1058.45,1058.45,50,25950,976.19,1056.75,1064.85
7231,2021-05-16 10:42:00,1058.45,1058.45,1058.45,1058.45,50,25950,976.19,1056.75,1064.85
7232,2021-05-16 10:43:00,1058.45,1058.45,1058.45,1058.45,50,25950,976.19,1056.75,1064.85
7233,2021-05-16 10:44:00,1058.45,1058.45,1058.45,1058.45,50,25950,976.19,1056.75,1064.85
7234,2021-05-16 10:45:00,1058.45,1058.45,1058.45,1058.45,50,25950,976.19,1056.75,1064.85
7235,2021-05-16 10:46:00,1058.45,1058.45,1058.45,1058.45,50,25950,976.19,1056.75,1064.85
7236,2021-05-16 10:47:00,1058.45,1058.45,1058.45,1058.45,50,25950,976.19,1056.75,1064.85
7237,2021-05-16 10:48:00,1058.45,1058.45,1058.45,1058.45,50,25950,976.19,1056.75,1064.85
7238,2021-05-16 10:49:00,1058.45,1058.45,1058.45,1058.45,50,25950,976.19,1056.75,1064.85
7239,2021-05-16 10:50:00,1058.45,1058.45,1058.45,1058.45,50,25950,976.19,1056.75,1064.85
7240,2021-05-16 10:51:00,1058.45,1058.45,1058.45,1058.45,50,25950,976.19,1056.75,1064.85
7241,2021-05-16 10:52:00,1058.45,1058.45,1058.45,1058.45,50,25950,976.19,1056.75,1064.85
7242,2021-05-16 10:53:00,1058.45,1058.45,1058.45,1058.45,50,25950,976.19,1056.75,1064.85
7243,2021-05-16 10:54:00,1058.45,1058.45,1058.45,1058.45,50,25950,976.19,1056.75,1064.85
7244,2021-05-16 10:55:00,1058.45,1058.45,1058.45,1058.45,50,25950,976.19,1056.75,1064.85
7245,2021-05-16 10:56:00,1058.45,1058.45,1058.45,1058.45,50,25950,976.19,1056.75,1064.85
7246,2021-05-16 10:57:00,1058.45,1058.45,1058.45,1058.45,50,25950,976.19,1056.75,1064.85
7247,2021-05-16 10:58:00,1058.45,1058.45,1058.45,1058.45,50,25950,976.19,1056.75,1064.85
7248,2021-05-16 10:59:00,1058.45,1058.45,1058.45,1058.45,50,25950,976.19,1056.75,1064.85
7249,2021-05-16 11:00:00,1058.45,1058.45,1058.45,1058.45,50,25950,976.19,1056.75,1064.85
7250,2021-05-16 11:01:00,1058.45,1058.45,1058.45,1058.45,50,25950,976.19,1056.75,1064.85
7251,2021-05-16 11:02:00,1058.45,1058.45,1058.45,1058.45,50,25950,976.19,1056.75,1064.85
7252,2021-05-16 11:03:00,1058.45,1058.45,1058.45,1058.45,50,25950,976.19,1056.75,1064.85
7253,2021-05-16 11:04:00,1058.45,1058.45,1058.45,1058.45,50,25950,976.19,1056.75,1064.85
7254,2021-05-16 11:05:00,1058.45,1058.45,1058.45,1058.45,50,25950,976.19,1056.75,1064.85
7255,2021-05-16 11:06:00,1058.45,1058.45,1058.45,1058.45,50,25950,976.19,1056.75,1064.85
7256,2021-05-16 11:07:00,1058.45,1058.45,1058.45,1058.45,50,25950,976.19,1056.75,1064.85
7257,2021-05-16 11:08:00,1058.45,1058.45,1058.45,1058.45,50,25950,976.19,1056.75,1064.85
7258,2021-05-16 11:09:00,1058.45,1058.45,1058.45,1058.45,50,25950,976.19,1056.75,1064.85
7259,2021-05-16 11:10:00,1058.45,1058.45,1058.45,1058.45,50,25950,976.19,1056.75,1064.85
7260,2021-05-16 11:11:00,1058.45,1058.45,1058.45,1058.45,50,25950,976.19,1056.75,1064.85
7261,2021-05-16 11:12:00,1058.45,1058.45,1058.45,1058.45,50,25950,976.19,1056.75,1064.85
7262,2021-05-16 11:13:00,1058.45,1058.45,1058.45,1058.45,50,25950,976.19,1056.75,1064.85
7263,2021-05-16 11:14:00,1058.45,1058.45,1058.45,1058.45,50,25950,976.19,1056.75,1064.85
7264,2021-05-16 11:15:00,1058.45,1058.45,1058.45,1058.45,50,25950,976.19,1056.75,1064.85
7265,2021-05-16 11:16:00,1058.45,1058.45,1058.45,1058.45,50,25950,976.19,1056.75,1064.85
7266,2021-05-16 11:17:00,1058.45,1058.45,1058.45,1058.45,50,25950,976.19,1056.75,1064.85
7267,2021-05-16 11:18:00,1058.45,1058.45,1058.45,1058.45,50,25950,976.19,1056.75,1064.85
7268,2021-05-16 11:19:00,1058.45,1058.45,1058.45,1058.45,50,25950,976.19,1056.75,1064.85
7269,2021-05-16 11:20:00,1058.45,1058.45,1058.45,1058.45,50,25950,976.19,1056.75,1064.85
7270,2021-05-16 11:21:00,1058.45,1058.45,1058.45,1058.45,50,25950,976.19,1056.75,1064.85
7271,2021-05-16 11:22:00,1058.45,1058.45,1058.45,1058.45,50,25950,976.19,1056.75,1064.85
7272,2021-05-16 11:23:00,1058.45,1058.45,1058.45,1058.45,50,25950,976.19,1056.75,1064.85
7273,2021-05-16 11:24:00,1058.45,1058.45,1058.45,1058.45,50,25950,976.19,1056.75,1064.85
7274,2021-05-16 11:25:00,1058.45,1058.45,1058.45,1058.45,50,25950,976.19,1056.75,1064.85
7275,2021-05-16 11:26:00,1058.45,1058.45,1058.45,1058.45,50,25950,976.19,1056.75,1064.85
7276,2021-05-16 11:27:00,1058.45,1058.45,1058.45,1058.45,50,25950,976.19,1056.75,1064.85
7277,2021-05-16 11:28:00,1058.45,1058.45,1058.45,1058.45,50,25950,976.19,1056.75,1064.85
7278,2021-05-16 11:29:00,1058.45,1058.45,1058.45,1058.45,50,25950,976.19,1056.75,1064.85
7279,2021-05-16 11:30:00,1058.45,1058.45,1058.45,1058.45,50,25950,976.19,1056.75,1064.85
7280,2021-05-16 11:31:00,1058.45,1058.45,1058.45,1058.45,50,25950,976.19,1056.75,1064.85
7281,2021-05-16 11:32:00,1058.45,1058.45,1058.45,1058.45,50,25950,976.19,1056.75,1064.85
7282,2021-05-16 11:33:00,1058.45,1058.45,1058.45,1058.45,50,25950,976.19,1056.75,1064.85
7283,2021-05-16 11:34:00,1058.45,1058.45,1058.45,1058.45,50,25950,976.19,1056.75,1064.85
7284,2021-05-16 11:35:00,1058.45,1058.45,1058.45,1058.45,50,25950,976.19,1056.75,1064.85
7285,2021-05-16 11:36:00,1058.45,1058.45,1058.45,1058.45,50,25950,976.19,1056.75,1064.85
7286,2021-05-16 11:37:00,1058.45,1058.45,1058.45,1058.45,50,25950,976.19,1056.75,1064.85
7287,2021-05-16 11:38:00,1058.45,1058.45,1058.45,1058.45,50,25950,976.19,1056.75,1064.85
7288,2021-05-16 11:39:00,1058.45,1058.45,1058.45,1058.45,50,25950,976.19,1056.75,1064.85
7289,2021-05-16 11:40:00,1058.45,1058.45,1058.45,1058.45,50,25950,976.19,1056.75,1064.85
7290,2021-05-16 11:41:00,1058.45,1058.45,1058.45,1058.45,50,25950,976.19,1056.75,1064.85
7291,2021-05-16 11:42:00,1058.45,1058.45,1058.45,1058.45,50,25950,976.19,1056.75,1064.85
7292,2021-05-16 11:43:00,1058.45,1058.45,1058.45,1058.45,50,25950,976.19,1056.75,1064.85
7293,2021-05-16 11:44:00,1058.45,1058.45,1058.45,1058.45,50,25950,976.19,1056.75,1064.85
7294,2021-05-16 11:45:00,1058.45,1058.45,1058.45,1058.45,50,25950,976.19,1056.75,1064.85
7295,2021-05-16 11:46:00,1058.45,1058.45,1058.45,1058.45,50,25950,976.19,1056.75,1064.85
7296,2021-05-16 11:47:00,1058.45,1058.45,1058.45,1058.45,50,25950,976.19,1056.75,1064.85
7297,2021-05-16 11:48:00,1058.45,1058.45,1058.45,1058.45,50,25950,976.19,1056.75,1064.85
7298,2021-05-16 11:49:00,1058.45,1058.45,1058.45,1058.45,50,25950,976.19,1056.75,1064.85
7299,2021-05-16 11:50:00,1058.45,1058.45,1058.45,1058.45,50,25950,976.19,1056.75,1064.85
7300,2021-05-16 11:51:00,1058.45,1058.45,1058.45,1058.45,50,25950,976.19,1056.75,1064.85
7301,2021-05-16 11:52:00,1058.45,1058.45,1058.45,1058.45,50,25950,976.19,1056.75,1064.85
7302,2021-05-16 11:53:00,1058.45,1058.45,1058.45,1058.45,50,25950,976.19,1056.75,1064.85
7303,2021-05-16 11:54:00,1058.45,1058.45,1058.45,1058.45,50,25950,976.19,1056.75,1064.85
7304,2021-05-16 11:55:00,1058.45,1058.45,1058.45,1058.45,50,25950,976.19,1056.75,1064.85
7305,2021-05-16 11:56:00,1058.45,1058.45,1058.45,1058.45,50,25950,976.19,1056.75,1064.85
7306,2021-05-16 11:57:00,1058.45,1058.45,1058.45,1058.45,50,25950,976.19,1056.75,1064.85
7307,2021-05-16 11:58:00,1058.45,1058.45,1058.45,1058.45,50,25950,976.19,1056.75,1064.85
7308,2021-05-16 11:59:00,1058.45,1058.45,1058.45,1058.45,50,25950,976.19,1056.75,1064.85
7309,2021-05-16 12:00:00,1058.45,1058.45,1058.45,1058.45,50,25950,976.19,1056.75,1064.85
7310,2021-05-16 12:01:00,1058.45,1058.45,1058.45,1058.45,50,25950,976.19,1056.75,1064.85
7311,2021-05-16 12:02:00,1058.45,1058.45,1058.45,1058.45,50,25950,976.19,1056.75,1064.85
7312,2021-05-16 12:03:00,1058.45,1058.45,1058.45,1058.45,50,25950,976.19,1056.75,1064.85
7313,2021-05-16 12:04:00,1058.45,1058.45,1058.45,1058.45,50,25950,976.19,1056.75,1064.85
7314,2021-05-16 12:05:00,1058.45,1058.45,1058.45,1058.45,50,25950,976.19,1056.75,1064.85
7315,2021-05-16 12:06:00,1058.45,1058.45,1058.45,1058.45,50,25950,976.19,1056.75,1064.85
7316,2021-05-16 12:07:00,1058.45,1058.45,1058.45,1058.45,50,25950,976.19,1056.75,1064.85
7317,2021-05-16 12:08:00,1058.45,1058.45,1058.45,1058.45,50,25950,976.19,1056.75,1064.85
7318,2021-05-16 12:09:00,1058.45,1058.45,1058.45,1058.45,50,25950,976.19,1056.75,1064.85
7319,2021-05-16 12:10:00,1058.45,1058.45,1058.45,1058.45,50,25950,976.19,1056.75,1064.85
7320,2021-05-16 12:11:00,1058.45,1058.45,1058.45,1058.45,50,25950,976.19,1056.75,1064.85
7321,2021-05-16 12:12:00,1058.45,1058.45,1058.45,1058.45,50,25950,976.19,1056.75,1064.85
7322,2021-05-16 12:13:00,1058.45,1058.45,1058.45,1058.45,50,25950,976.19,1056.75,1064.85
7323,2021-05-16 12:14:00,1058.45,1058.45,1058.45,1058.45,50,25950,976.19,1056.75,1064.85
7324,2021-05-16 12:15:00,1058.45,1058.45,1058.45,1058.45,50,25950,976.19,1056.75,1064.85
7325,2021-05-16 12:16:00,1058.45,1058.45,1058.45,1058.45,50,25950,976.19,1056.75,1064.85
7326,2021-05-16 12:17:00,1058.45,1058.45,1058.45,1058.45,50,25950,976.19,1056.75,1064.85
7327,2021-05-16 12:18:00,1058.45,1058.45,1058.45,1058.45,50,25950,976.19,1056.75,1064.85
7328,2021-05-16 12:19:00,1058.45,1058.45,1058.45,1058.45,50,25950,976.19,1056.75,1064.85
7329,2021-05-16 12:20:00,1058.45,1058.45,1058.45,1058.45,50,25950,976.19,1056.75,1064.85
7330,2021-05-16 12:21:00,1058.45,1058.45,1058.45,1058.45,50,25950,976.19,1056.75,1064.85
7331,2021-05-16 12:22:00,1058.45,1058.45,1058.45,1058.45,50,25950,976.19,1056.75,1064.85
7332,2021-05-16 12:23:00,1058.45,1058.45,1058.45,1058.45,50,25950,976.19,1056.75,1064.85
7333,2021-05-16 12:24:00,1058.45,1058.45,1058.45,1058.45,50,25950,976.19,1056.75,1064.85
7334,2021-05-16 12:25:00,1058.45,1058.45,1058.45,1058.45,50,25950,976.19,1056.75,1064.85
7335,2021-05-16 12:26:00,1058.45,1058.45,1058.45,1058.45,50,25950,976.19,1056.75,1064.85
7336,2021-05-16 12:27:00,1058.45,1058.45,1058.45,1058.45,50,25950,976.19,1056.75,1064.85
7337,2021-05-16 12:28:00,1058.45,1058.45,1058.45,1058.45,50,25950,976.19,1056.75,1064.85
7338,2021-05-16 12:29:00,1058.45,1058.45,1058.45,1058.45,50,25950,976.19,1056.75,1064.85
7339,2021-05-16 12:30:00,1058.45,1058.45,1058.45,1058.45,50,25950,976.19,1056.75,1064.85
7340,2021-05-16 12:31:00,1058.45,1058.45,1058.45,1058.45,50,25950,976.19,1056.75,1064.85
7341,2021-05-16 12:32:00,1058.45,1058.45,1058.45,1058.45,50,25950,976.19,1056.75,1064.85
7342,2021-05-16 12:33:00,1058.45,1058.45,1058.45,1058.45,50,25950,976.19,1056.75,1064.85
7343,2021-05-16 12:34:00,1058.45,1058.45,1058.45,1058.45,50,25950,976.19,1056.75,1064.85
7344,2021-05-16 12:35:00,1058.45,1058.45,1058.45,1058.45,50,25950,976.19,1056.75,1064.85
7345,2021-05-16 12:36:00,1058.45,1058.45,1058.45,1058.45,50,25950,976.19,1056.75,1064.85
7346,2021-05-16 12:37:00,1058.45,1058.45,1058.45,1058.45,50,25950,976.19,1056.75,1064.85
7347,2021-05-16 12:38:00,1058.45,1058.45,1058.45,1058.45,50,25950,976.19,1056.75,1064.85
7348,2021-05-16 12:39:00,1058.45,1058.45,1058.45,1058.45,50,25950,976.19,1056.75,1064.85
7349,2021-05-16 12:40:00,1058.45,1058.45,1058.45,1058.45,50,25950,976.19,1056.75,1064.85
7350,2021-05-16 12:41:00,1058.45,1058.45,1058.45,1058.45,50,25950,976.19,1056.75,1064.85
7351,2021-05-16 12:42:00,1058.45,1058.45,1058.45,1058.45,50,25950,976.19,1056.75,1064.85
7352,2021-05-16 12:43:00,1058.45,1058.45,1058.45,1058.45,50,25950,976.19,1056.75,1064.85
7353,2021-05-16 12:44:00,1058.45,1058.45,1058.45,1058.45,50,25950,976.19,1056.75,1064.85
7354,2021-05-16 12:45:00,1058.45,1058.45,1058.45,1058.45,50,25950,976.19,1056.75,1064.85
7355,2021-05-16 12:46:00,1058.45,1058.45,1058.45,1058.45,50,25950,976.19,1056.75,1064.85
7356,2021-05-16 12:47:00,1058.45,1058.45,1058.45,1058.45,50,25950,976.19,1056.75,1064.85
7357,2021-05-16 12:48:00,1058.45,1058.45,1058.45,1058.45,50,25950,976.19,1056.75,1064.85
7358,2021-05-16 12:49:00,1058.45,1058.45,1058.45,1058.45,50,25950,976.19,1056.75,1064.85
7359,2021-05-16 12:50:00,1058.45,1058.45,1058.45,1058.45,50,25950,976.19,1056.75,1064.85
7360,2021-05-16 12:51:00,1058.45,1058.45,1058.45,1058.45,50,25950,976.19,1056.75,1064.85
7361,2021-05-16 12:52:00,1058.45,1058.45,1058.45,1058.45,50,25950,976.19,1056.75,1064.85
7362,2021-05-16 12:53:00,1058.45,1058.45,1058.45,1058.45,50,25950,976.19,1056.75,1064.85
7363,2021-05-16 12:54:00,1058.45,1058.45,1058.45,1058.45,50,25950,976.19,1056.75,1064.85
7364,2021-05-16 12:55:00,1058.45,1058.45,1058.45,1058.45,50,25950,976.19,1056.75,1064.85
7365,2021-05-16 12:56:00,1058.45,1058.45,1058.45,1058.45,50,25950,976.19,1056.75,1064.85
7366,2021-05-16 12:57:00,1058.45,1058.45,1058.45,1058.45,50,25950,976.19,1056.75,1064.85
7367,2021-05-16 12:58:00,1058.45,1058.45,1058.45,1058.45,50,25950,976.19,1056.75,1064.85
7368,2021-05-16 12:59:00,1058.45,1058.45,1058.45,1058.45,50,25950,976.19,1056.75,1064.85
7369,2021-05-16 13:00:00,1058.45,1058.45,1058.45,1058.45,50,25950,976.19,1056.75,1064.85
7370,2021-05-16 13:01:00,1058.45,1058.45,1058.45,1058.45,50,25950,976.19,1056.75,1064.85
7371,2021-05-16 13:02:00,1058.45,1058.45,1058.45,1058.45,50,25950,976.19,1056.75,1064.85
7372,2021-05-16 13:03:00,1058.45,1058.45,1058.45,1058.45,50,25950,976.19,1056.75,1064.85
7373,2021-05-16 13:04:00,1058.45,1058.45,1058.45,1058.45,50,25950,976.19,1056.75,1064.85
7374,2021-05-16 13:05:00,1058.45,1058.45,1058.45,1058.45,50,25950,976.19,1056.75,1064.85
7375,2021-05-16 13:06:00,1058.45,1058.45,1058.45,1058.45,50,25950,976.19,1056.75,1064.85
7376,2021-05-16 13:07:00,1058.45,1058.45,1058.45,1058.45,50,25950,976.19,1056.75,1064.85
7377,2021-05-16 13:08:00,1058.45,1058.45,1058.45,1058.45,50,25950,976.19,1056.75,1064.85
7378,2021-05-16 13:09:00,1058.45,1058.45,1058.45,1058.45,50,25950,976.19,1056.75,1064.85
7379,2021-05-16 13:10:00,1058.45,1058.45,1058.45,1058.45,50,25950,976.19,1056.75,1064.85
7380,2021-05-16 13:11:00,1058.45,1058.45,1058.45,1058.45,50,25950,976.19,1056.75,1064.85
7381,2021-05-16 13:12:00,1058.45,1058.45,1058.45,1058.45,50,25950,976.19,1056.75,1064.85
7382,2021-05-16 13:13:00,1058.45,1058.45,1058.45,1058.45,50,25950,976.19,1056.75,1064.85
7383,2021-05-16 13:14:00,1058.45,1058.45,1058.45,1058.45,50,25950,976.19,1056.75,1064.85
7384,2021-05-16 13:15:00,1058.45,1058.45,1058.45,1058.45,50,25950,976.19,1056.75,1064.85
7385,2021-05-16 13:16:00,1058.45,1058.45,1058.45,1058.45,50,25950,976.19,1056.75,1064.85
7386,2021-05-16 13:17:00,1058.45,1058.45,1058.45,1058.45,50,25950,976.19,1056.75,1064.85
7387,2021-05-16 13:18:00,1058.45,1058.45,1058.45,1058.45,50,25950,976.19,1056.75,1064.85
7388,2021-05-16 13:19:00,1058.45,1058.45,1058.45,1058.45,50,25950,976.19,1056.75,1064.85
7389,2021-05-16 13:20:00,1058.45,1058.45,1058.45,1058.45,50,25950,976.19,1056.75,1064.85
7390,2021-05-16 13:21:00,1058.45,1058.45,1058.45,1058.45,50,25950,976.19,1056.75,1064.85
7391,2021-05-16 13:22:00,1058.45,1058.45,1058.45,1058.45,50,25950,976.19,1056.75,1064.85
7392,2021-05-16 13:23:00,1058.45,1058.45,1058.45,1058.45,50,25950,976.19,1056.75,1064.85
7393,2021-05-16 13:24:00,1058.45,1058.45,1058.45,1058.45,50,25950,976.19,1056.75,1064.85
7394,2021-05-16 13:25:00,1058.45,1058.45,1058.45,1058.45,50,25950,976.19,1056.75,1064.85
7395,2021-05-16 13:26:00,1058.45,1058.45,1058.45,1058.45,50,25950,976.19,1056.75,1064.85
7396,2021-05-16 13:27:00,1058.45,1058.45,1058.45,1058.45,50,25950,976.19,1056.75,1064.85
7397,2021-05-16 13:28:00,1058.45,1058.45,1058.45,1058.45,50,25950,976.19,1056.75,1064.85
7398,2021-05-16 13:29:00,1058.45,1058.45,1058.45,1058.45,50,25950,976.19,1056.75,1064.85
7399,2021-05-16 13:30:00,1058.45,1058.45,1058.45,1058.45,50,25950,976.19,1056.75,1064.85
7400,2021-05-16 13:31:00,1058.45,1058.45,1058.45,1058.45,50,25950,976.19,1056.75,1064.85
7401,2021-05-16 13:32:00,1058.45,1058.45,1058.45,1058.45,50,25950,976.19,1056.75,1064.85
7402,2021-05-16 13:33:00,1058.45,1058.45,1058.45,1058.45,50,25950,976.19,1056.75,1064.85
7403,2021-05-16 13:34:00,1058.45,1058.45,1058.45,1058.45,50,25950,976.19,1056.75,1064.85
7404,2021-05-16 13:35:00,1058.45,1058.45,1058.45,1058.45,50,25950,976.19,1056.75,1064.85
7405,2021-05-16 13:36:00,1058.45,1058.45,1058.45,1058.45,50,25950,976.19,1056.75,1064.85
7406,2021-05-16 13:37:00,1058.45,1058.45,1058.45,1058.45,50,25950,976.19,1056.75,1064.85
7407,2021-05-16 13:38:00,1058.45,1058.45,1058.45,1058.45,50,25950,976.19,1056.75,1064.85
7408,2021-05-16 13:39:00,1058.45,1058.45,1058.45,1058.45,50,25950,976.19,1056.75,1064.85
7409,2021-05-16 13:40:00,1058.45,1058.45,1058.45,1058.45,50,25950,976.19,1056.75,1064.85
7410,2021-05-16 13:41:00,1058.45,1058.45,1058.45,1058.45,50,25950,976.19,1056.75,1064.85
7411,2021-05-16 13:42:00,1058.45,1058.45,1058.45,1058.45,50,25950,976.19,1056.75,1064.85
7412,2021-05-16 13:43:00,1058.45,1058.45,1058.45,1058.45,50,25950,976.19,1056.75,1064.85
7413,2021-05-16 13:44:00,1058.45,1058.45,1058.45,1058.45,50,25950,976.19,1056.75,1064.85
7414,2021-05-16 13:45:00,1058.45,1058.45,1058.45,1058.45,50,25950,976.19,1056.75,1064.85
7415,2021-05-16 13:46:00,1058.45,1058.45,1058.45,1058.45,50,25950,976.19,1056.75,1064.85
7416,2021-05-16 13:47:00,1058.45,1058.45,1058.45,1058.45,50,25950,976.19,1056.75,1064.85
7417,2021-05-16 13:48:00,1058.45,1058.45,1058.45,1058.45,50,25950,976.19,1056.75,1064.85
7418,2021-05-16 13:49:00,1058.45,1058.45,1058.45,1058.45,50,25950,976.19,1056.75,1064.85
7419,2021-05-16 13:50:00,1058.45,1058.45,1058.45,1058.45,50,25950,976.19,1056.75,1064.85
7420,2021-05-16 13:51:00,1058.45,1058.45,1058.45,1058.45,50,25950,976.19,1056.75,1064.85
7421,2021-05-16 13:52:00,1058.45,1058.45,1058.45,1058.45,50,25950,976.19,1056.75,1064.85
7422,2021-05-16 13:53:00,1058.45,1058.45,1058.45,1058.45,50,25950,976.19,1056.75,1064.85
7423,2021-05-16 13:54:00,1058.45,1058.45,1058.45,1058.45,50,25950,976.19,1056.75,1064.85
7424,2021-05-16 13:55:00,1058.45,1058.45,1058.45,1058.45,50,25950,976.19,1056.75,1064.85
7425,2021-05-16 13:56:00,1058.45,1058.45,1058.45,1058.45,50,25950,976.19,1056.75,1064.85
7426,2021-05-16 13:57:00,1058.45,1058.45,1058.45,1058.45,50,25950,976.19,1056.75,1064.85
7427,2021-05-16 13:58:00,1058.45,1058.45,1058.45,1058.45,50,25950,976.19,1056.75,1064.85
7428,2021-05-16 13:59:00,1058.45,1058.45,1058.45,1058.45,50,25950,976.19,1056.75,1064.85
7429,2021-05-16 14:00:00,1058.45,1058.45,1058.45,1058.45,50,25950,976.19,1056.75,1064.85
7430,2021-05-16 14:01:00,1058.45,1058.45,1058.45,1058.45,50,25950,976.19,1056.75,1064.85
7431,2021-05-16 14:02:00,1058.45,1058.45,1058.45,1058.45,50,25950,976.19,1056.75,1064.85
7432,2021-05-16 14:03:00,1058.45,1058.45,1058.45,1058.45,50,25950,976.19,1056.75,1064.85
7433,2021-05-16 14:04:00,1058.45,1058.45,1058.45,1058.45,50,25950,976.19,1056.75,1064.85
7434,2021-05-16 14:05:00,1058.45,1058.45,1058.45,1058.45,50,25950,976.19,1056.75,1064.85
7435,2021-05-16 14:06:00,1058.45,1058.45,1058.45,1058.45,50,25950,976.19,1056.75,1064.85
7436,2021-05-16 14:07:00,1058.45,1058.45,1058.45,1058.45,50,25950,976.19,1056.75,1064.85
7437,2021-05-16 14:08:00,1058.45,1058.45,1058.45,1058.45,50,25950,976.19,1056.75,1064.85
7438,2021-05-16 14:09:00,1058.45,1058.45,1058.45,1058.45,50,25950,976.19,1056.75,1064.85
7439,2021-05-16 14:10:00,1058.45,1058.45,1058.45,1058.45,50,25950,976.19,1056.75,1064.85
7440,2021-05-16 14:11:00,1058.45,1058.45,1058.45,1058.45,50,25950,976.19,1056.75,1064.85
7441,2021-05-16 14:12:00,1058.45,1058.45,1058.45,1058.45,50,25950,976.19,1056.75,1064.85
7442,2021-05-16 14:13:00,1058.45,1058.45,1058.45,1058.45,50,25950,976.19,1056.75,1064.85
7443,2021-05-16 14:14:00,1058.45,1058.45,1058.45,1058.45,50,25950,976.19,1056.75,1064.85
7444,2021-05-16 14:15:00,1058.45,1058.45,1058.45,1058.45,50,25950,976.19,1056.75,1064.85
7445,2021-05-16 14:16:00,1058.45,1058.45,1058.45,1058.45,50,25950,976.19,1056.75,1064.85
7446,2021-05-16 14:17:00,1058.45,1058.45,1058.45,1058.45,50,25950,976.19,1056.75,1064.85
7447,2021-05-16 14:18:00,1058.45,1058.45,1058.45,1058.45,50,25950,976.19,1056.75,1064.85
7448,2021-05-16 14:19:00,1058.45,1058.45,1058.45,1058.45,50,25950,976.19,1056.75,1064.85
7449,2021-05-16 14:20:00,1058.45,1058.45,1058.45,1058.45,50,25950,976.19,1056.75,1064.85
7450,2021-05-16 14:21:00,1058.45,1058.45,1058.45,1058.45,50,25950,976.19,1056.75,1064.85
7451,2021-05-16 14:22:00,1058.45,1058.45,1058.45,1058.45,50,25950,976.19,1056.75,1064.85
7452,2021-05-16 14:23:00,1058.45,1058.45,1058.45,1058.45,50,25950,976.19,1056.75,1064.85
7453,2021-05-16 14:24:00,1058.45,1058.45,1058.45,1058.45,50,25950,976.19,1056.75,1064.85
7454,2021-05-16 14:25:00,1058.45,1058.45,1058.45,1058.45,50,25950,976.19,1056.75,1064.85
7455,2021-05-16 14:26:00,1058.45,1058.45,1058.45,1058.45,50,25950,976.19,1056.75,1064.85
7456,2021-05-16 14:27:00,1058.45,1058.45,1058.45,1058.45,50,25950,976.19,1056.75,1064.85
7457,2021-05-16 14:28:00,1058.45,1058.45,1058.45,1058.45,50,25950,976.19,1056.75,1064.85
7458,2021-05-16 14:29:00,1058.45,1058.45,1058.45,1058.45,50,25950,976.19,1056.75,1064.85
7459,2021-05-16 14:30:00,1058.45,1058.45,1058.45,1058.45,50,25950,976.19,1056.75,1064.85
7460,2021-05-16 14:31:00,1058.45,1058.45,1058.45,1058.45,50,25950,976.19,1056.75,1064.85
7461,2021-05-16 14:32:00,1058.45,1058.45,1058.45,1058.45,50,25950,976.19,1056.75,1064.85
7462,2021-05-16 14:33:00,1058.45,1058.45,1058.45,1058.45,50,25950,976.19,1056.75,1064.85
7463,2021-05-16 14:34:00,1058.45,1058.45,1058.45,1058.45,50,25950,976.19,1056.75,1064.85
7464,2021-05-16 14:35:00,1058.45,1058.45,1058.45,1058.45,50,25950,976.19,1056.75,1064.85
7465,2021-05-16 14:36:00,1058.45,1058.45,1058.45,1058.45,50,25950,976.19,1056.75,1064.85
7466,2021-05-16 14:37:00,1058.45,1058.45,1058.45,1058.45,50,25950,976.19,1056.75,1064.85
7467,2021-05-16 14:38:00,1058.45,1058.45,1058.45,1058.45,50,25950,976.19,1056.75,1064.85
7468,2021-05-16 14:39:00,1058.45,1058.45,1058.45,1058.45,50,25950,976.19,1056.75,1064.85
7469,2021-05-16 14:40:00,1058.45,1058.45,1058.45,1058.45,50,25950,976.19,1056.75,1064.85
7470,2021-05-16 14:41:00,1058.45,1058.45,1058.45,1058.45,50,25950,976.19,1056.75,1064.85
7471,2021-05-16 14:42:00,1058.45,1058.45,1058.45,1058.45,50,25950,976.19,1056.75,1064.85
7472,2021-05-16 14:43:00,1058.45,1058.45,1058.45,1058.45,50,25950,976.19,1056.75,1064.85
7473,2021-05-16 14:44:00,1058.45,1058.45,1058.45,1058.45,50,25950,976.19,1056.75,1064.85
7474,2021-05-16 14:45:00,1058.45,1058.45,1058.45,1058.45,50,25950,976.19,1056.75,1064.85
7475,2021-05-16 14:46:00,1058.45,1058.45,1058.45,1058.45,50,25950,976.19,1056.75,1064.85
7476,2021-05-16 14:47:00,1058.45,1058.45,1058.45,1058.45,50,25950,976.19,1056.75,1064.85
7477,2021-05-16 14:48:00,1058.45,1058.45,1058.45,1058.45,50,25950,976.19,1056.75,1064.85
7478,2021-05-16 14:49:00,1058.45,1058.45,1058.45,1058.45,50,25950,976.19,1056.75,1064.85
7479,2021-05-16 14:50:00,1058.45,1058.45,1058.45,1058.45,50,25950,976.19,1056.75,1064.85
7480,2021-05-16 14:51:00,1058.45,1058.45,1058.45,1058.45,50,25950,976.19,1056.75,1064.85
7481,2021-05-16 14:52:00,1058.45,1058.45,1058.45,1058.45,50,25950,976.19,1056.75,1064.85
7482,2021-05-16 14:53:00,1058.45,1058.45,1058.45,1058.45,50,25950,976.19,1056.75,1064.85
7483,2021-05-16 14:54:00,1058.45,1058.45,1058.45,1058.45,50,25950,976.19,1056.75,1064.85
7484,2021-05-16 14:55:00,1058.45,1058.45,1058.45,1058.45,50,25950,976.19,1056.75,1064.85
7485,2021-05-16 14:56:00,1058.45,1058.45,1058.45,1058.45,50,25950,976.19,1056.75,1064.85
7486,2021-05-16 14:57:00,1058.45,1058.45,1058.45,1058.45,50,25950,976.19,1056.75,1064.85
7487,2021-05-16 14:58:00,1058.45,1058.45,1058.45,1058.45,50,25950,976.19,1056.75,1064.85
7488,2021-05-16 14:59:00,1058.45,1058.45,1058.45,1058.45,50,25950,976.19,1056.75,1064.85
7489,2021-05-16 15:00:00,1058.45,1058.45,1058.45,1058.45,50,25950,976.19,1056.75,1064.85
7490,2021-05-16 15:01:00,1058.45,1058.45,1058.45,1058.45,50,25950,976.19,1056.75,1064.85
7491,2021-05-16 15:02:00,1058.45,1058.45,1058.45,1058.45,50,25950,976.19,1056.75,1064.85
7492,2021-05-16 15:03:00,1058.45,1058.45,1058.45,1058.45,50,25950,976.19,1056.75,1064.85
7493,2021-05-16 15:04:00,1058.45,1058.45,1058.45,1058.45,50,25950,976.19,1056.75,1064.85
7494,2021-05-16 15:05:00,1058.45,1058.45,1058.45,1058.45,50,25950,976.19,1056.75,1064.85
7495,2021-05-16 15:06:00,1058.45,1058.45,1058.45,1058.45,50,25950,976.19,1056.75,1064.85
7496,2021-05-16 15:07:00,1058.45,1058.45,1058.45,1058.45,50,25950,976.19,1056.75,1064.85
7497,2021-05-16 15:08:00,1058.45,1058.45,1058.45,1058.45,50,25950,976.19,1056.75,1064.85
7498,2021-05-16 15:09:00,1058.45,1058.45,1058.45,1058.45,50,25950,976.19,1056.75,1064.85
7499,2021-05-16 15:10:00,1058.45,1058.45,1058.45,1058.45,50,25950,976.19,1056.75,1064.85
7500,2021-05-16 15:11:00,1058.45,1058.45,1058.45,1058.45,50,25950,976.19,1056.75,1064.85
7501,2021-05-16 15:12:00,1058.45,1058.45,1058.45,1058.45,50,25950,976.19,1056.75,1064.85
7502,2021-05-16 15:13:00,1058.45,1058.45,1058.45,1058.45,50,25950,976.19,1056.75,1064.85
7503,2021-05-16 15:14:00,1058.45,1058.45,1058.45,1058.45,50,25950,976.19,1056.75,1064.85
7504,2021-05-16 15:15:00,1058.45,1058.45,1058.45,1058.45,50,25950,976.19,1056.75,1064.85
7505,2021-05-16 15:16:00,1058.45,1058.45,1058.45,1058.45,50,25950,976.19,1056.75,1064.85
7506,2021-05-16 15:17:00,1058.45,1058.45,1058.45,1058.45,50,25950,976.19,1056.75,1064.85
7507,2021-05-16 15:18:00,1058.45,1058.45,1058.45,1058.45,50,25950,976.19,1056.75,1064.85
7508,2021-05-16 15:19:00,1058.45,1058.45,1058.45,1058.45,50,25950,976.19,1056.75,1064.85
7509,2021-05-16 15:20:00,1058.45,1058.45,1058.45,1058.45,50,25950,976.19,1056.75,1064.85
7510,2021-05-16 15:21:00,1058.45,1058.45,1058.45,1058.45,50,25950,976.19,1056.75,1064.85
7511,2021-05-16 15:22:00,1058.45,1058.45,1058.45,1058.45,50,25950,976.19,1056.75,1064.85
7512,2021-05-16 15:23:00,1058.45,1058.45,1058.45,1058.45,50,25950,976.19,1056.75,1064.85
7513,2021-05-16 15:24:00,1058.45,1058.45,1058.45,1058.45,50,25950,976.19,1056.75,1064.85
7514,2021-05-16 15:25:00,1058.45,1058.45,1058.45,1058.45,50,25950,976.19,1056.75,1064.85
7515,2021-05-16 15:26:00,1058.45,1058.45,1058.45,1058.45,50,25950,976.19,1056.75,1064.85
7516,2021-05-16 15:27:00,1058.45,1058.45,1058.45,1058.45,50,25950,976.19,1056.75,1064.85
7517,2021-05-16 15:28:00,1058.45,1058.45,1058.45,1058.45,50,25950,976.19,1056.75,1064.85
7518,2021-05-16 15:29:00,1058.45,1058.45,1058.45,1058.45,50,25950,976.19,1056.75,1064.85
7519,2021-05-16 15:30:00,1058.45,1058.45,1058.45,1058.45,50,25950,976.19,1056.75,1064.85
7520,2021-05-17 09:15:00,898.15,898.15,889.35,889.35,275,25975,890.15,885.45,896.25
7521,2021-05-17 09:16:00,903.15,903.15,882.6,891.85,200,25975,891.07,886.85,900.5
7522,2021-05-17 09:17:00,886.6,886.6,886.6,886.6,50,25975,890.64,854.0,861.9
7523,2021-05-17 09:18:00,886.6,886.6,886.6,886.6,50,25975,890.64,854.0,861.9
7524,2021-05-17 09:19:00,827.15,839.9,818.9,818.9,200,26050,874.3,811.5,818.8
7525,2021-05-17 09:20:00,810.0,810.0,798.55,798.55,125,26000,863.7,793.95,801.35
7526,2021-05-17 09:21:00,803.2,803.2,803.2,803.2,25,26000,861.97,803.2,809.75
7527,2021-05-17 09:22:00,813.9,834.25,813.9,829.65,300,26000,852.73,814.3,823.5
7528,2021-05-17 09:23:00,808.45,814.5,808.45,814.5,75,26025,850.23,810.6,817.5
7529,2021-05-17 09:24:00,808.45,808.45,808.45,808.45,100,26025,847.13,809.45,816.95
7530,2021-05-17 09:25:00,805.0,808.25,805.0,808.25,50,26025,845.69,800.55,804.45
7531,2021-05-17 09:26:00,804.45,804.45,778.85,778.85,650,26100,828.69,778.7,785.6
7532,2021-05-17 09:27:00,783.0,793.85,783.0,793.85,100,26100,826.89,791.05,796.25
7533,2021-05-17 09:28:00,793.85,793.85,786.7,792.0,125,26100,824.89,791.5,796.15
7534,2021-05-17 09:29:00,794.05,798.6,790.0,790.0,100,26100,823.59,783.6,789.45
7535,2021-05-17 09:30:00,780.8,780.8,752.9,765.8,350,26100,816.23,763.5,768.2
7536,2021-05-17 09:31:00,766.2,766.2,766.2,766.2,25,26100,815.78,764.15,768.3
7537,2021-05-17 09:32:00,770.4,770.4,770.4,770.4,100,26100,814.16,755.1,759.9
7538,2021-05-17 09:33:00,755.1,755.1,721.3,721.3,450,26100,804.16,715.0,720.55
7539,2021-05-17 09:34:00,712.15,718.75,712.1,718.75,250,26100,797.83,712.6,718.6
7540,2021-05-17 09:35:00,710.55,721.4,710.55,721.4,375,26350,790.14,717.85,721.4
7541,2021-05-17 09:36:00,713.95,713.95,713.95,713.95,125,26350,787.79,715.2,719.7
7542,2021-05-17 09:37:00,713.95,713.95,713.95,713.95,125,26350,787.79,715.2,719.7
7543,2021-05-17 09:38:00,720.0,720.0,718.0,718.0,125,26375,785.75,716.35,720.0
7544,2021-05-17 09:39:00,720.0,720.0,719.3,719.3,50,26375,784.97,717.75,722.65
7545,2021-05-17 09:40:00,710.0,710.0,685.5,694.35,250,26375,779.99,697.8,702.0
7546,2021-05-17 09:41:00,710.0,710.0,685.5,694.35,250,26375,779.99,697.8,702.0
7547,2021-05-17 09:42:00,692.35,692.35,686.15,686.15,400,26300,772.63,687.5,692.2
7548,2021-05-17 09:43:00,682.1,693.25,682.1,693.25,75,26300,771.32,691.5,696.1
7549,2021-05-17 09:44:00,682.1,693.25,682.1,693.25,75,26300,771.32,691.5,696.1
7550,2021-05-17 09:45:00,688.1,688.1,670.95,673.7,250,26250,766.87,669.05,675.45
7551,2021-05-17 09:46:00,679.2,685.15,679.2,685.15,100,26250,765.27,683.05,687.55
7552,2021-05-17 09:47:00,690.0,691.85,690.0,691.85,175,26325,762.88,683.3,688.0
7553,2021-05-17 09:48:00,690.0,691.85,690.0,691.85,175,26325,762.88,683.3,688.0
7554,2021-05-17 09:49:00,690.0,691.85,690.0,691.85,175,26325,762.88,683.3,688.0
7555,2021-05-17 09:50:00,695.45,695.45,690.05,692.0,175,26425,760.73,690.1,694.45
7556,2021-05-17 09:51:00,690.5,699.5,690.5,699.5,75,26425,759.86,694.9,699.55
7557,2021-05-17 09:52:00,690.8,690.8,690.8,690.8,25,26425,759.56,687.4,691.6
7558,2021-05-17 09:53:00,690.8,690.8,690.8,690.8,25,26425,759.56,687.4,691.6
7559,2021-05-17 09:54:00,684.3,686.0,684.3,686.0,225,26375,756.74,684.7,688.65
7560,2021-05-17 09:55:00,684.3,686.0,684.3,686.0,225,26375,756.74,684.7,688.65
7561,2021-05-17 09:56:00,682.8,682.8,682.8,682.8,50,26375,756.13,688.2,692.85
7562,2021-05-17 09:57:00,689.0,689.0,689.0,689.0,50,26600,755.58,680.0,683.2
7563,2021-05-17 09:58:00,689.0,689.0,689.0,689.0,50,26600,755.58,680.0,683.2
7564,2021-05-17 09:59:00,689.0,689.0,689.0,689.0,50,26600,755.58,680.0,683.2
7565,2021-05-17 10:00:00,692.45,695.05,687.0,687.0,150,26475,754.02,683.8,688.1
7566,2021-05-17 10:01:00,679.0,679.0,645.9,645.9,675,26475,744.53,654.2,658.75
7567,2021-05-17 10:02:00,655.3,655.3,644.35,644.35,200,26500,741.88,643.25,647.3
7568,2021-05-17 10:03:00,645.45,645.45,631.55,635.0,325,26500,737.24,635.8,638.7
7569,2021-05-17 10:04:00,633.9,633.9,628.85,628.85,125,26500,735.5,623.0,626.6
7570,2021-05-17 10:05:00,620.35,634.1,619.6,634.1,125,26675,733.7,632.0,634.95
7571,2021-05-17 10:06:00,632.0,632.0,629.5,629.5,50,26675,733.04,625.25,628.8
7572,2021-05-17 10:07:00,629.35,629.9,628.9,629.9,75,26675,732.04,626.15,629.9
7573,2021-05-17 10:08:00,625.75,625.75,609.35,612.95,275,26550,728.21,610.5,614.05
7574,2021-05-17 10:09:00,610.25,615.45,605.0,605.0,225,26550,724.95,601.0,605.15
7575,2021-05-17 10:10:00,616.3,616.65,616.2,616.6,125,26550,723.34,614.25,618.4
7576,2021-05-17 10:11:00,617.3,617.3,603.0,604.0,350,26825,718.62,600.4,604.0
7577,2021-05-17 10:12:00,594.55,600.1,594.55,600.1,275,26825,714.98,598.2,600.85
7578,2021-05-17 10:13:00,600.1,602.05,586.0,586.0,400,26825,709.91,587.3,591.7
7579,2021-05-17 10:14:00,591.95,596.6,585.15,592.2,2025,28225,689.49,581.0,582.95
7580,2021-05-17 10:15:00,580.0,580.0,565.35,565.35,1400,28225,676.96,565.85,569.25
7581,2021-05-17 10:16:00,568.0,575.7,568.0,574.85,350,28225,674.23,573.7,577.1
7582,2021-05-17 10:17:00,574.2,589.95,574.2,582.65,1475,29175,665.08,581.45,585.5
7583,2021-05-17 10:18:00,587.1,595.0,587.1,588.55,425,29175,663.0,587.6,588.55
7584,2021-05-17 10:19:00,587.6,588.0,575.45,575.45,1075,29175,657.71,573.55,577.2
7585,2021-05-17 10:20:00,577.25,589.15,571.45,587.65,550,30275,655.31,583.1,586.2
7586,2021-05-17 10:21:00,585.0,590.45,585.0,587.55,400,30275,653.71,585.45,587.7
7587,2021-05-17 10:22:00,587.55,599.85,587.0,599.85,750,30275,651.05,597.25,600.6
7588,2021-05-17 10:23:00,596.25,601.05,596.25,600.0,425,30650,649.83,599.25,603.25
7589,2021-05-17 10:24:00,598.45,604.1,596.0,596.0,750,30650,647.78,599.65,602.95
7590,2021-05-17 10:25:00,601.75,601.75,592.0,596.35,175,30650,647.31,593.35,596.1
7591,2021-05-17 10:26:00,591.05,592.5,588.9,588.9,250,30675,646.58,592.65,595.9
7592,2021-05-17 10:27:00,595.85,595.85,583.9,585.35,300,30675,645.72,590.7,594.4
7593,2021-05-17 10:28:00,585.35,592.9,585.35,587.9,450,30675,644.47,585.7,588.9
7594,2021-05-17 10:29:00,590.9,591.05,587.0,587.95,125,30675,644.13,587.55,590.35
7595,2021-05-17 10:30:00,583.55,597.35,583.55,587.0,350,28925,643.22,590.4,594.05
7596,2021-05-17 10:31:00,591.05,600.0,591.05,597.95,400,28925,642.34,595.55,599.35
7597,2021-05-17 10:32:00,596.4,599.0,592.85,596.9,250,28675,641.8,594.25,597.15
7598,2021-05-17 10:33:00,592.0,592.65,589.45,590.45,350,28675,640.97,590.1,592.75
7599,2021-05-17 10:34:00,595.05,595.75,592.3,595.75,350,28675,640.22,596.75,599.25
7600,2021-05-17 10:35:00,590.45,590.45,586.7,590.1,275,28875,639.59,585.7,589.2
7601,2021-05-17 10:36:00,585.0,585.0,585.0,585.0,100,28875,639.35,585.05,587.8
7602,2021-05-17 10:37:00,591.2,594.15,591.0,592.0,175,28875,638.98,590.4,593.95
7603,2021-05-17 10:38:00,592.0,593.05,588.3,588.3,150,28925,638.67,590.3,594.05
7604,2021-05-17 10:39:00,585.0,586.4,580.0,580.0,225,28925,638.11,578.35,582.0
7605,2021-05-17 10:40:00,579.1,579.1,546.3,546.3,1250,28925,634.25,542.25,549.45
7606,2021-05-17 10:41:00,548.7,560.05,546.55,560.05,675,29250,632.07,560.0,562.45
7607,2021-05-17 10:42:00,560.35,567.65,560.35,564.95,250,29250,631.4,562.0,565.35
7608,2021-05-17 10:43:00,564.9,565.05,557.25,565.05,800,29250,629.24,562.9,566.9
7609,2021-05-17 10:44:00,565.05,565.05,560.45,563.6,150,29700,628.86,563.05,566.0
7610,2021-05-17 10:45:00,563.0,564.45,562.0,562.0,100,29700,628.61,561.15,564.2
7611,2021-05-17 10:46:00,563.3,570.1,563.3,566.0,775,29700,626.85,563.05,566.2
7612,2021-05-17 10:47:00,566.15,578.2,563.75,578.2,525,29750,625.78,572.8,576.15
7613,2021-05-17 10:48:00,577.45,577.45,567.3,567.3,575,29750,624.71,563.05,564.65
7614,2021-05-17 10:49:00,563.0,570.75,563.0,566.0,400,29750,623.91,560.05,562.85
7615,2021-05-17 10:50:00,560.0,563.9,552.15,554.0,975,29625,621.71,554.3,557.6
7616,2021-05-17 10:51:00,555.05,559.85,555.05,559.1,175,29625,621.34,560.25,564.1
7617,2021-05-17 10:52:00,563.85,570.0,563.85,568.55,225,29625,620.93,566.75,569.95
7618,2021-05-17 10:53:00,568.9,573.75,568.55,570.0,225,29875,620.55,569.25,572.65
7619,2021-05-17 10:54:00,571.9,574.0,568.85,574.0,225,29875,620.19,573.55,576.8
7620,2021-05-17 10:55:00,574.0,577.95,574.0,577.95,300,29875,619.75,576.5,578.0
7621,2021-05-17 10:56:00,576.5,577.95,568.0,569.15,625,30150,618.78,568.85,572.35
7622,2021-05-17 10:57:00,578.0,583.15,578.0,583.15,275,30150,618.45,582.45,585.9
7623,2021-05-17 10:58:00,582.5,585.1,579.25,579.25,325,30150,618.08,583.25,586.95
7624,2021-05-17 10:59:00,590.1,592.05,586.85,590.65,525,30625,617.61,590.05,594.15
7625,2021-05-17 11:00:00,588.0,590.0,586.2,589.0,375,30625,617.28,588.95,593.2
7626,2021-05-17 11:01:00,591.1,591.1,575.2,575.2,400,30625,616.86,575.3,579.05
7627,2021-05-17 11:02:00,578.1,578.1,573.85,576.65,375,30625,616.41,570.0,573.05
7628,2021-05-17 11:03:00,573.0,575.05,567.35,575.05,150,30675,616.21,570.2,574.4
7629,2021-05-17 11:04:00,572.2,577.2,567.35,567.35,175,30675,615.99,567.7,571.05
7630,2021-05-17 11:05:00,570.9,570.9,564.75,565.55,250,30750,615.62,565.45,568.65
7631,2021-05-17 11:06:00,565.0,569.75,564.3,569.75,250,30750,615.25,566.75,570.0
7632,2021-05-17 11:07:00,565.1,565.1,560.45,560.45,175,30750,614.98,559.8,563.6
7633,2021-05-17 11:08:00,560.0,562.8,554.4,554.4,350,30750,614.42,557.2,561.15
7634,2021-05-17 11:09:00,559.8,562.15,545.35,547.15,725,30650,613.1,547.55,551.3
7635,2021-05-17 11:10:00,548.35,557.25,547.75,555.3,250,30650,612.66,551.15,555.3
7636,2021-05-17 11:11:00,551.0,559.25,551.0,559.25,200,30275,612.35,557.45,560.35
7637,2021-05-17 11:12:00,561.35,563.25,561.35,562.65,200,30275,612.07,560.0,562.7
7638,2021-05-17 11:13:00,562.65,562.65,562.65,562.65,75,30275,611.97,562.0,565.1
7639,2021-05-17 11:14:00,565.8,566.75,563.2,566.7,250,30400,611.65,565.5,569.0
7640,2021-05-17 11:15:00,563.9,563.9,558.25,558.25,825,30400,610.51,555.95,559.35
7641,2021-05-17 11:16:00,555.15,555.15,541.2,552.0,1075,30400,608.81,549.65,552.8
7642,2021-05-17 11:17:00,552.2,555.55,552.2,555.55,50,30400,608.74,552.65,556.15
7643,2021-05-17 11:18:00,555.65,560.0,554.4,560.0,225,31125,608.43,555.9,559.15
7644,2021-05-17 11:19:00,546.6,546.6,546.6,546.6,50,31125,608.35,548.35,551.25
7645,2021-05-17 11:20:00,553.5,553.5,553.5,553.5,50,31125,608.28,550.0,552.95
7646,2021-05-17 11:21:00,550.0,550.0,535.0,535.0,1050,31100,606.52,540.55,543.45
7647,2021-05-17 11:22:00,542.05,543.75,532.25,543.75,1150,31100,604.53,541.3,544.8
7648,2021-05-17 11:23:00,539.1,539.35,536.05,539.35,175,31350,604.25,538.0,541.4
7649,2021-05-17 11:24:00,538.15,543.0,537.0,537.75,300,31350,603.78,537.6,541.55
7650,2021-05-17 11:25:00,540.0,543.0,539.25,539.25,825,31350,602.55,538.6,542.65
7651,2021-05-17 11:26:00,535.3,537.35,535.3,537.35,75,31350,602.43,535.7,539.15
7652,2021-05-17 11:27:00,535.35,535.35,532.5,535.2,150,31800,602.2,534.45,538.05
7653,2021-05-17 11:28:00,539.35,539.35,533.35,533.35,50,31800,602.12,535.9,538.85
7654,2021-05-17 11:29:00,538.4,539.15,538.4,539.15,50,31800,602.05,536.7,539.6
7655,2021-05-17 11:30:00,539.75,539.75,532.35,539.25,225,31775,601.7,536.6,540.05
7656,2021-05-17 11:31:00,539.0,540.0,539.0,540.0,50,31775,601.63,538.05,541.1
7657,2021-05-17 11:32:00,540.65,541.6,539.85,540.25,125,31850,601.45,537.9,540.8
7658,2021-05-17 11:33:00,540.4,541.05,539.5,539.5,325,31850,600.99,535.2,537.5
7659,2021-05-17 11:34:00,535.0,535.0,513.25,523.6,2275,31850,597.19,523.9,526.95
7660,2021-05-17 11:35:00,524.4,526.8,517.25,517.25,1075,32400,595.48,515.9,519.05
7661,2021-05-17 11:36:00,517.0,523.3,517.0,520.45,275,32400,595.04,518.95,522.35
7662,2021-05-17 11:37:00,517.65,518.6,512.15,518.6,375,32400,594.41,516.0,518.6
7663,2021-05-17 11:38:00,518.6,518.6,518.35,518.35,100,32400,594.25,520.95,524.45
7664,2021-05-17 11:39:00,524.1,524.1,519.0,519.0,100,32450,594.1,520.0,522.5
7665,2021-05-17 11:40:00,524.1,524.1,519.0,519.0,100,32450,594.1,520.0,522.5
7666,2021-05-17 11:41:00,525.7,525.7,520.65,522.15,125,31950,593.91,519.45,523.0
7667,2021-05-17 11:42:00,523.0,531.45,523.0,530.9,225,31950,593.6,531.05,533.95
7668,2021-05-17 11:43:00,531.9,532.45,531.9,532.45,125,31950,593.44,526.65,530.15
7669,2021-05-17 11:44:00,531.9,532.45,531.9,532.45,125,31950,593.44,526.65,530.15
7670,2021-05-17 11:45:00,532.15,532.15,532.15,532.15,50,32025,593.37,531.9,535.6
7671,2021-05-17 11:46:00,532.2,533.6,510.0,510.0,425,32025,592.7,503.1,506.1
7672,2021-05-17 11:47:00,513.5,513.5,506.55,509.15,225,31725,592.32,506.65,509.65
7673,2021-05-17 11:48:00,505.7,505.7,505.0,505.0,50,31725,592.23,509.25,512.25
7674,2021-05-17 11:49:00,506.75,509.65,502.0,508.65,250,31725,591.8,503.35,506.6
7675,2021-05-17 11:50:00,500.0,500.0,497.55,499.75,300,32075,591.24,496.65,500.25
7676,2021-05-17 11:51:00,497.55,505.75,497.55,505.45,450,32075,590.44,505.35,508.3
7677,2021-05-17 11:52:00,509.45,509.45,505.15,505.15,500,32075,589.62,506.7,509.0
7678,2021-05-17 11:53:00,507.45,509.0,505.15,509.0,475,32075,588.84,507.4,510.6
7679,2021-05-17 11:54:00,512.1,512.25,512.1,512.25,550,32000,588.02,508.4,511.35
7680,2021-05-17 11:55:00,509.4,511.95,509.4,511.95,100,32000,587.86,509.95,513.4
7681,2021-05-17 11:56:00,514.85,514.85,511.6,513.25,75,32000,587.76,509.65,512.85
7682,2021-05-17 11:57:00,509.35,509.35,509.35,509.35,25,32175,587.72,511.55,514.9
7683,2021-05-17 11:58:00,515.0,515.0,515.0,515.0,100,32175,587.58,510.9,514.65
7684,2021-05-17 11:59:00,515.0,515.0,515.0,515.0,100,32175,587.58,510.9,514.65
7685,2021-05-17 12:00:00,518.75,518.75,515.4,515.4,75,32050,587.47,510.35,513.45
7686,2021-05-17 12:01:00,510.0,512.1,508.8,512.1,225,32050,587.14,508.8,510.85
7687,2021-05-17 12:02:00,512.0,512.0,508.55,508.55,225,32050,586.81,511.65,513.8
7688,2021-05-17 12:03:00,512.35,512.35,509.8,509.8,75,31825,586.7,515.15,517.2
7689,2021-05-17 12:04:00,515.15,515.15,514.5,514.5,125,31825,586.53,515.3,518.0
7690,2021-05-17 12:05:00,514.5,514.5,510.0,510.0,150,31825,586.31,507.6,510.25
7691,2021-05-17 12:06:00,510.05,510.05,510.05,510.05,25,31700,586.28,512.3,515.65
7692,2021-05-17 12:07:00,515.95,515.95,515.95,515.95,25,31700,586.24,513.0,515.8
7693,2021-05-17 12:08:00,515.95,515.95,514.0,514.0,75,31700,586.14,512.4,515.25
7694,2021-05-17 12:09:00,509.3,510.25,505.0,505.0,250,31700,585.77,501.65,505.15
7695,2021-05-17 12:10:00,503.75,505.2,497.75,500.25,575,31700,584.86,498.4,500.25
7696,2021-05-17 12:11:00,498.15,501.25,497.85,500.0,675,31700,583.79,498.0,500.4
7697,2021-05-17 12:12:00,498.0,498.0,498.0,498.0,50,31975,583.72,495.4,498.35
7698,2021-05-17 12:13:00,497.75,499.4,493.65,499.4,200,31975,583.4,499.9,502.45
7699,2021-05-17 12:14:00,498.75,505.5,498.75,503.5,225,31975,583.06,500.9,503.8
7700,2021-05-17 12:15:00,505.0,507.9,504.15,504.15,150,32175,582.85,503.85,506.75
7701,2021-05-17 12:16:00,500.35,501.65,500.35,501.65,50,32175,582.77,497.2,499.8
7702,2021-05-17 12:17:00,496.25,497.9,494.55,494.55,200,32175,582.46,495.25,498.8
7703,2021-05-17 12:18:00,498.9,498.9,498.9,498.9,25,32375,582.42,496.0,498.9
7704,2021-05-17 12:19:00,498.9,498.9,498.9,498.9,25,32375,582.38,495.2,497.95
7705,2021-05-17 12:20:00,506.5,506.5,506.5,506.5,200,32375,582.1,502.25,505.55
7706,2021-05-17 12:21:00,507.85,508.0,504.8,508.0,150,32450,581.9,507.3,510.15
7707,2021-05-17 12:22:00,505.0,505.0,504.0,504.0,125,32450,581.73,503.65,506.85
7708,2021-05-17 12:23:00,506.9,507.45,504.0,504.95,125,32450,581.56,503.0,506.25
7709,2021-05-17 12:24:00,503.5,505.9,503.5,503.5,175,32500,581.32,503.95,506.9
7710,2021-05-17 12:25:00,505.95,505.95,502.0,502.0,50,32500,581.25,501.05,504.3
7711,2021-05-17 12:26:00,505.05,508.0,505.05,508.0,50,32500,581.18,504.7,506.65
7712,2021-05-17 12:27:00,504.7,505.2,499.85,499.85,225,32600,580.87,501.4,504.25
7713,2021-05-17 12:28:00,501.4,501.4,495.0,495.0,225,32600,580.53,492.0,494.75
7714,2021-05-17 12:29:00,495.15,499.1,495.15,498.4,200,32600,580.24,500.75,503.85
7715,2021-05-17 12:30:00,500.55,507.95,500.55,507.95,75,32450,580.14,505.95,510.05
7716,2021-05-17 12:31:00,500.55,507.95,500.55,507.95,75,32450,580.14,505.95,510.05
7717,2021-05-17 12:32:00,496.0,496.0,496.0,496.0,200,32450,579.85,499.75,502.75
7718,2021-05-17 12:33:00,503.0,503.0,496.0,497.7,275,32375,579.47,497.3,500.5
7719,2021-05-17 12:34:00,497.0,506.7,497.0,500.25,125,32375,579.3,499.05,502.4
7720,2021-05-17 12:35:00,499.35,499.35,495.15,497.3,100,32375,579.15,502.85,505.4
7721,2021-05-17 12:36:00,502.85,502.85,502.85,502.85,100,32325,579.02,500.05,503.25
7722,2021-05-17 12:37:00,502.85,502.85,502.85,502.85,100,32325,579.02,500.05,503.25
7723,2021-05-17 12:38:00,505.5,505.5,505.5,505.5,25,32325,578.99,502.9,505.45
7724,2021-05-17 12:39:00,502.85,506.0,502.85,506.0,125,32300,578.83,505.2,507.0
7725,2021-05-17 12:40:00,506.0,510.05,505.85,507.85,175,32300,578.61,506.95,510.05
7726,2021-05-17 12:41:00,505.65,509.0,505.65,509.0,75,32300,578.52,507.0,509.9
7727,2021-05-17 12:42:00,509.9,509.9,509.9,509.9,25,32350,578.49,509.0,511.5
7728,2021-05-17 12:43:00,509.9,509.9,509.9,509.9,50,32350,578.43,510.0,512.9
7729,2021-05-17 12:44:00,503.0,508.9,503.0,508.65,150,32350,578.25,505.45,509.05
7730,2021-05-17 12:45:00,506.0,506.0,506.0,506.0,50,32325,578.19,501.65,505.5
7731,2021-05-17 12:46:00,503.95,503.95,475.0,475.45,1200,32325,576.34,477.65,481.5
7732,2021-05-17 12:47:00,476.2,478.6,474.35,478.6,625,32325,575.29,481.3,484.85
7733,2021-05-17 12:48:00,478.6,478.6,478.6,478.6,25,32300,575.25,479.0,482.65
7734,2021-05-17 12:49:00,478.8,479.75,476.6,476.6,275,32300,574.81,476.85,479.4
7735,2021-05-17 12:50:00,476.2,480.0,475.0,480.0,300,32300,574.32,479.35,482.25
7736,2021-05-17 12:51:00,478.7,481.55,478.7,479.35,200,32050,574.01,482.85,485.95
7737,2021-05-17 12:52:00,482.0,483.6,478.85,480.0,300,32050,573.56,479.9,483.2
7738,2021-05-17 12:53:00,481.0,483.6,479.9,483.6,225,32050,573.22,481.45,484.4
7739,2021-05-17 12:54:00,480.75,480.75,478.0,478.0,100,31925,573.07,476.85,479.45
7740,2021-05-17 12:55:00,480.05,480.05,480.05,480.05,150,31925,572.84,480.05,483.15
7741,2021-05-17 12:56:00,482.25,484.95,482.25,483.95,125,31925,572.66,481.2,484.1
7742,2021-05-17 12:57:00,484.9,486.15,481.85,484.7,250,31875,572.31,483.55,486.45
7743,2021-05-17 12:58:00,483.75,487.7,483.75,487.7,175,31875,572.06,486.1,489.35
7744,2021-05-17 12:59:00,490.15,490.15,480.1,480.1,325,31875,571.6,483.95,487.15
7745,2021-05-17 13:00:00,482.65,482.65,482.65,482.65,25,32175,571.57,480.65,484.25
7746,2021-05-17 13:01:00,480.3,480.55,464.65,466.2,550,32175,570.7,469.05,472.6
7747,2021-05-17 13:02:00,480.3,480.55,464.65,466.2,550,32175,570.7,469.05,472.6
7748,2021-05-17 13:03:00,473.0,474.5,473.0,474.5,200,32150,570.39,471.7,474.15
7749,2021-05-17 13:04:00,473.0,474.5,473.0,474.5,200,32150,570.39,471.7,474.15
7750,2021-05-17 13:05:00,474.0,474.0,474.0,474.0,200,32150,570.09,472.0,474.6
7751,2021-05-17 13:06:00,473.85,473.85,473.85,473.85,25,32150,570.05,473.85,476.85
7752,2021-05-17 13:07:00,473.85,473.85,473.85,473.85,25,32150,570.05,473.85,476.85
7753,2021-05-17 13:08:00,480.0,480.0,480.0,480.0,500,32350,569.35,479.9,482.65
7754,2021-05-17 13:09:00,480.0,480.0,479.45,479.45,50,32175,569.28,478.9,481.5
7755,2021-05-17 13:10:00,478.0,478.0,476.75,477.4,75,32175,569.17,476.8,479.65
7756,2021-05-17 13:11:00,477.5,479.8,476.8,479.8,175,32175,568.92,478.2,481.05
7757,2021-05-17 13:12:00,486.15,486.15,484.95,485.2,300,32200,568.53,485.35,488.2
7758,2021-05-17 13:13:00,485.5,516.45,484.45,507.25,1175,32200,567.32,506.5,510.7
7759,2021-05-17 13:14:00,509.45,510.0,509.45,510.0,225,32200,567.13,507.95,511.35
7760,2021-05-17 13:15:00,508.45,534.85,508.45,527.45,900,32350,566.52,523.25,527.75
7761,2021-05-17 13:16:00,519.0,519.0,519.0,519.0,175,32350,566.39,515.0,516.8
7762,2021-05-17 13:17:00,515.0,515.0,502.95,502.95,125,32350,566.29,505.45,508.35
7763,2021-05-17 13:18:00,502.0,502.0,496.15,498.35,250,32225,566.03,499.8,503.15
7764,2021-05-17 13:19:00,498.95,505.2,498.95,505.2,75,32225,565.96,507.75,510.65
7765,2021-05-17 13:20:00,509.9,509.9,509.9,509.9,25,32225,565.94,501.9,505.15
7766,2021-05-17 13:21:00,504.45,504.45,504.45,504.45,25,32225,565.92,505.95,509.85
7767,2021-05-17 13:22:00,507.95,507.95,507.95,507.95,25,32000,565.9,506.05,509.25
7768,2021-05-17 13:23:00,507.95,507.95,507.95,507.95,25,32000,565.9,506.05,509.25
7769,2021-05-17 13:24:00,507.95,507.95,507.95,507.95,25,32000,565.9,506.05,509.25
7770,2021-05-17 13:25:00,518.4,518.4,511.8,511.8,75,31525,565.84,513.2,516.45
7771,2021-05-17 13:26:00,524.05,524.05,524.05,524.05,25,31525,565.82,510.2,513.8
7772,2021-05-17 13:27:00,524.05,524.05,524.05,524.05,25,31525,565.82,510.2,513.8
7773,2021-05-17 13:28:00,516.45,523.2,516.45,523.2,175,31375,565.71,521.1,524.15
7774,2021-05-17 13:29:00,518.4,518.4,516.45,516.45,50,31375,565.68,509.5,513.6
7775,2021-05-17 13:30:00,508.95,508.95,491.05,494.0,575,31575,565.11,490.85,494.2
7776,2021-05-17 13:31:00,495.15,495.15,495.15,495.15,25,31575,565.09,497.4,500.5
7777,2021-05-17 13:32:00,500.3,503.0,500.3,503.0,50,31575,565.04,499.9,502.95
7778,2021-05-17 13:33:00,499.3,499.3,490.65,490.65,200,31550,564.83,495.35,498.65
7779,2021-05-17 13:34:00,499.3,499.3,490.65,490.65,200,31550,564.83,495.35,498.65
7780,2021-05-17 13:35:00,497.2,497.2,497.2,497.2,25,31550,564.81,493.75,496.95
7781,2021-05-17 13:36:00,502.65,502.65,502.65,502.65,250,31550,564.58,499.85,502.85
7782,2021-05-17 13:37:00,504.75,504.75,504.75,504.75,50,31475,564.54,498.65,501.65
7783,2021-05-17 13:38:00,497.65,497.65,487.0,487.0,100,31475,564.43,485.4,488.65
7784,2021-05-17 13:39:00,487.05,487.05,483.05,483.05,150,31550,564.26,482.25,485.3
7785,2021-05-17 13:40:00,486.95,486.95,486.95,486.95,25,31550,564.23,483.9,487.15
7786,2021-05-17 13:41:00,483.4,484.25,480.0,480.0,300,31550,563.87,481.3,484.45
7787,2021-05-17 13:42:00,481.2,484.95,479.65,484.95,150,31550,563.7,483.1,485.7
7788,2021-05-17 13:43:00,487.05,487.05,482.9,482.9,200,31550,563.47,481.1,483.4
7789,2021-05-17 13:44:00,482.4,485.0,482.4,485.0,175,31550,563.27,483.45,486.6
7790,2021-05-17 13:45:00,485.95,485.95,485.95,485.95,25,31550,563.24,485.3,489.1
7791,2021-05-17 13:46:00,490.4,493.5,490.4,493.5,50,31550,563.19,492.85,495.55
7792,2021-05-17 13:47:00,490.15,490.15,488.65,490.0,100,31550,563.09,491.05,494.85
7793,2021-05-17 13:48:00,490.15,490.15,488.65,490.0,100,31550,563.09,491.05,494.85
7794,2021-05-17 13:49:00,491.65,491.65,491.65,491.65,25,31425,563.06,485.7,489.4
7795,2021-05-17 13:50:00,474.35,480.05,474.35,480.05,450,31425,562.52,476.6,480.1
7796,2021-05-17 13:51:00,474.35,480.05,474.35,480.05,450,31425,562.52,476.6,480.1
7797,2021-05-17 13:52:00,480.55,480.55,480.55,480.55,50,31350,562.47,477.9,480.75
7798,2021-05-17 13:53:00,480.75,480.75,480.55,480.55,100,31350,562.35,477.7,480.65
7799,2021-05-17 13:54:00,480.75,480.75,480.55,480.55,100,31350,562.35,477.7,480.65
7800,2021-05-17 13:55:00,480.55,480.55,480.55,480.55,25,0,562.32,481.25,484.2
7801,2021-05-17 13:56:00,479.4,479.4,479.4,479.4,50,31450,562.26,476.3,478.9
7802,2021-05-17 13:57:00,476.65,476.65,472.0,472.0,100,31300,562.14,473.6,475.85
7803,2021-05-17 13:58:00,475.0,478.9,475.0,478.9,125,31300,561.99,476.25,478.95
7804,2021-05-17 13:59:00,478.2,478.2,478.2,478.2,150,31300,561.81,475.05,477.25
7805,2021-05-17 14:00:00,470.0,470.05,470.0,470.05,150,31475,561.62,470.0,471.85
7806,2021-05-17 14:01:00,473.1,473.1,462.3,465.75,500,31475,560.98,465.6,468.45
7807,2021-05-17 14:02:00,465.85,465.85,463.2,463.2,75,31475,560.88,463.55,466.65
7808,2021-05-17 14:03:00,459.95,459.95,444.25,445.5,1000,31500,559.36,444.65,448.3
7809,2021-05-17 14:04:00,450.3,450.3,445.4,445.4,125,31500,559.16,445.05,446.75
7810,2021-05-17 14:05:00,445.0,445.0,444.65,444.65,125,31500,558.97,444.55,448.1
7811,2021-05-17 14:06:00,444.45,448.8,443.25,448.8,150,31500,558.74,448.85,451.55
7812,2021-05-17 14:07:00,449.0,449.0,449.0,449.0,25,31450,558.7,448.95,452.35
7813,2021-05-17 14:08:00,447.9,447.9,447.9,447.9,325,31450,558.22,445.0,447.15
7814,2021-05-17 14:09:00,445.0,446.35,445.0,446.35,50,31450,558.14,444.1,447.15
7815,2021-05-17 14:10:00,445.0,446.35,445.0,446.35,50,31450,558.14,444.1,447.15
7816,2021-05-17 14:11:00,438.95,442.7,437.3,442.7,900,31700,556.73,441.55,444.3
7817,2021-05-17 14:12:00,443.0,444.25,442.0,444.25,200,31825,556.43,443.3,445.9
7818,2021-05-17 14:13:00,443.0,444.25,442.0,444.25,200,31825,556.43,443.3,445.9
7819,2021-05-17 14:14:00,448.45,450.6,448.45,448.55,100,31825,556.28,450.2,451.95
7820,2021-05-17 14:15:00,452.0,452.0,445.8,445.8,100,31850,556.14,445.7,448.25
7821,2021-05-17 14:16:00,452.0,452.0,445.8,445.8,100,31850,556.14,445.7,448.25
7822,2021-05-17 14:17:00,448.3,448.3,448.3,448.3,25,31850,556.1,449.1,451.7
7823,2021-05-17 14:18:00,451.75,453.4,451.0,451.0,325,31750,555.65,451.05,453.95
7824,2021-05-17 14:19:00,455.7,455.7,454.55,454.9,75,31750,555.56,450.9,453.7
7825,2021-05-17 14:20:00,453.8,453.8,452.7,453.0,75,31750,555.45,448.05,450.75
7826,2021-05-17 14:21:00,450.75,450.75,447.45,447.45,50,31750,555.38,445.5,448.1
7827,2021-05-17 14:22:00,449.25,450.0,449.25,450.0,100,31825,555.24,447.3,450.3
7828,2021-05-17 14:23:00,449.25,450.0,449.25,450.0,100,31825,555.24,447.3,450.3
7829,2021-05-17 14:24:00,448.45,448.45,444.45,444.45,75,31875,555.14,441.9,444.65
7830,2021-05-17 14:25:00,441.9,445.15,441.9,445.15,150,31875,554.92,443.05,445.45
7831,2021-05-17 14:26:00,445.9,446.15,445.9,446.15,50,31875,554.84,443.4,446.15
7832,2021-05-17 14:27:00,447.65,447.65,445.0,445.0,50,32000,554.77,443.75,446.6
7833,2021-05-17 14:28:00,442.0,442.0,431.1,431.1,350,32000,554.24,434.0,436.8
7834,2021-05-17 14:29:00,433.45,436.0,433.45,436.0,150,32000,554.01,434.85,437.9
7835,2021-05-17 14:30:00,436.6,436.6,436.6,436.6,125,32000,553.81,434.3,436.8
7836,2021-05-17 14:31:00,430.0,430.0,428.0,428.0,300,32000,553.34,432.85,435.0
7837,2021-05-17 14:32:00,434.8,437.0,434.8,435.6,325,32000,552.84,433.5,437.15
7838,2021-05-17 14:33:00,435.0,436.4,435.0,436.4,125,32250,552.65,433.75,436.45
7839,2021-05-17 14:34:00,439.3,439.3,439.3,439.3,275,32250,552.25,437.9,440.95
7840,2021-05-17 14:35:00,440.95,440.95,436.35,436.35,75,32250,552.14,436.35,439.0
7841,2021-05-17 14:36:00,438.45,438.45,438.45,438.45,75,32425,552.03,436.05,438.4
7842,2021-05-17 14:37:00,436.0,436.0,426.5,426.75,975,32425,550.53,426.45,428.75
7843,2021-05-17 14:38:00,427.95,429.65,427.3,429.45,525,32425,549.72,428.25,429.5
7844,2021-05-17 14:39:00,426.45,426.45,417.85,420.0,325,32725,549.2,419.3,421.65
7845,2021-05-17 14:40:00,419.75,419.75,413.15,413.15,150,32725,548.95,413.2,414.9
7846,2021-05-17 14:41:00,414.9,419.0,414.9,419.0,300,32725,548.46,419.9,422.75
7847,2021-05-17 14:42:00,420.45,420.45,420.45,420.45,175,32725,548.19,416.2,418.95
7848,2021-05-17 14:43:00,414.75,414.75,402.65,407.35,300,32650,547.67,406.25,409.45
7849,2021-05-17 14:44:00,408.85,408.85,400.0,402.15,300,32650,547.13,399.05,401.9
7850,2021-05-17 14:45:00,399.35,408.55,397.55,408.55,400,32700,546.42,405.05,408.25
7851,2021-05-17 14:46:00,405.0,407.9,405.0,407.9,100,32700,546.24,407.15,409.75
7852,2021-05-17 14:47:00,410.0,410.0,406.5,408.3,225,32700,545.86,405.2,407.9
7853,2021-05-17 14:48:00,405.15,408.65,404.2,407.3,200,32600,545.52,404.15,406.4
7854,2021-05-17 14:49:00,404.7,404.7,402.05,402.05,75,32600,545.39,402.05,403.5
7855,2021-05-17 14:50:00,403.5,405.25,403.5,403.8,200,32600,545.05,404.15,406.3
7856,2021-05-17 14:51:00,404.7,407.1,404.7,406.0,175,32700,544.76,403.7,406.0
7857,2021-05-17 14:52:00,406.0,409.0,404.4,406.4,275,32700,544.3,403.7,406.05
7858,2021-05-17 14:53:00,406.4,406.4,396.45,399.3,350,32700,543.69,397.6,400.35
7859,2021-05-17 14:54:00,397.0,397.0,389.4,389.4,225,32700,543.28,388.55,391.0
7860,2021-05-17 14:55:00,390.0,390.0,387.2,387.2,75,32775,543.14,387.0,388.95
7861,2021-05-17 14:56:00,390.8,390.8,383.25,390.8,400,32775,542.4,387.2,389.45
7862,2021-05-17 14:57:00,386.8,386.8,385.35,385.35,250,32775,541.93,385.15,387.8
7863,2021-05-17 14:58:00,381.0,381.0,380.0,380.2,450,32925,541.07,380.25,382.35
7864,2021-05-17 14:59:00,382.1,382.1,380.2,380.2,275,32925,540.56,381.3,383.9
7865,2021-05-17 15:00:00,383.65,383.95,380.2,380.2,250,32925,540.09,378.95,382.1
7866,2021-05-17 15:01:00,382.35,382.35,382.35,382.35,25,32875,540.04,380.85,384.2
7867,2021-05-17 15:02:00,383.8,383.8,383.8,383.8,200,32875,539.68,383.8,385.0
7868,2021-05-17 15:03:00,381.75,381.75,381.75,381.75,150,32750,539.4,382.5,385.0
7869,2021-05-17 15:04:00,383.0,383.0,383.0,383.0,450,32750,538.59,381.9,384.0
7870,2021-05-17 15:05:00,378.4,378.4,378.4,378.4,175,32750,538.27,376.45,379.55
7871,2021-05-17 15:06:00,378.4,378.4,378.4,378.4,175,32750,538.27,376.45,379.55
7872,2021-05-17 15:07:00,385.5,387.35,376.6,387.35,425,32700,537.51,389.45,391.95
7873,2021-05-17 15:08:00,391.95,394.4,391.95,394.0,250,32700,537.1,394.45,397.3
7874,2021-05-17 15:09:00,397.0,397.0,397.0,397.0,25,32700,537.06,397.3,400.25
7875,2021-05-17 15:10:00,399.8,399.8,396.15,397.5,500,32625,536.25,396.85,399.55
7876,2021-05-17 15:11:00,398.1,401.1,398.1,399.7,725,32625,535.13,398.85,401.0
7877,2021-05-17 15:12:00,401.0,401.0,396.95,396.95,250,32625,534.74,396.85,399.75
7878,2021-05-17 15:13:00,401.0,401.0,396.95,396.95,250,32625,534.74,396.85,399.75
7879,2021-05-17 15:14:00,395.7,395.7,395.65,395.65,50,32250,534.66,394.75,397.2
7880,2021-05-17 15:15:00,399.7,402.0,398.3,402.0,225,32250,534.32,397.7,400.6
7881,2021-05-17 15:16:00,402.15,402.15,399.7,401.1,525,32225,533.53,398.35,401.15
7882,2021-05-17 15:17:00,397.1,397.1,397.1,397.1,175,32225,533.26,396.65,399.35
7883,2021-05-17 15:18:00,396.65,396.65,395.0,395.0,500,32200,532.49,392.85,394.8
7884,2021-05-17 15:19:00,390.85,390.85,390.85,390.85,75,32200,532.38,390.0,392.4
7885,2021-05-17 15:20:00,391.9,393.7,391.9,392.0,450,32200,531.67,390.5,392.0
7886,2021-05-17 15:21:00,390.5,390.5,386.6,390.0,300,32200,531.2,388.1,391.15
7887,2021-05-17 15:22:00,387.85,389.95,385.5,385.55,425,32225,530.53,384.8,387.95
7888,2021-05-17 15:23:00,389.75,389.75,389.75,389.75,50,32225,530.45,386.5,388.9
7889,2021-05-17 15:24:00,389.45,389.45,385.95,385.95,125,32000,530.25,386.2,389.55
7890,2021-05-17 15:25:00,385.5,387.7,380.0,381.2,725,32000,529.11,377.65,380.5
7891,2021-05-17 15:26:00,380.0,380.0,376.3,380.0,350,32000,528.54,376.5,379.15
7892,2021-05-17 15:27:00,377.7,380.65,375.75,376.7,550,31975,527.64,377.0,379.45
7893,2021-05-17 15:28:00,379.65,379.65,379.65,379.65,300,31975,527.16,378.8,383.95
7894,2021-05-17 15:29:00,379.65,379.65,379.65,379.65,300,31975,527.16,378.8,383.95
7895,2021-05-17 15:30:00,380.15,380.15,375.7,379.7,1100,31975,525.44,380.15,390.0
7896,2021-05-18 09:15:00,256.2,264.95,235.25,240.05,625,32075,248.42,240.0,248.7
7897,2021-05-18 09:16:00,240.0,240.0,216.2,224.55,1075,32075,233.89,218.4,225.9
7898,2021-05-18 09:17:00,224.55,233.2,224.55,229.0,375,32250,233.01,226.75,231.95
7899,2021-05-18 09:18:00,231.5,240.0,231.5,234.75,1225,32250,234.28,233.25,236.9
7900,2021-05-18 09:19:00,238.1,241.55,234.75,235.9,625,32250,234.81,237.75,242.1
7901,2021-05-18 09:20:00,240.75,240.75,228.55,234.25,575,31475,234.71,233.1,237.0
7902,2021-05-18 09:21:00,232.4,239.85,232.4,239.85,450,31475,234.69,236.0,240.1
7903,2021-05-18 09:22:00,240.25,240.5,235.35,240.45,150,31475,234.83,241.35,244.35
7904,2021-05-18 09:23:00,243.95,248.95,242.05,245.0,250,31300,235.3,243.3,246.05
7905,2021-05-18 09:24:00,241.95,244.75,234.65,234.65,275,31300,235.49,229.6,233.35
7906,2021-05-18 09:25:00,232.15,232.15,215.0,219.3,475,31300,234.2,217.25,219.3
7907,2021-05-18 09:26:00,220.65,220.65,215.75,215.75,150,31200,233.81,215.25,217.65
7908,2021-05-18 09:27:00,215.05,215.05,208.95,208.95,100,31200,233.46,208.9,210.75
7909,2021-05-18 09:28:00,208.85,210.0,208.85,210.0,150,31200,232.9,210.0,211.75
7910,2021-05-18 09:29:00,208.9,212.0,206.95,208.25,875,31075,230.08,207.9,210.1
7911,2021-05-18 09:30:00,209.25,215.75,205.7,210.6,1225,31075,227.27,209.75,211.5
7912,2021-05-18 09:31:00,208.95,208.95,207.05,207.05,200,31075,226.81,207.85,209.9
7913,2021-05-18 09:32:00,211.25,214.15,209.95,214.15,650,31125,225.81,213.4,215.65
7914,2021-05-18 09:33:00,212.6,214.8,212.6,214.8,250,31125,225.48,218.05,220.15
7915,2021-05-18 09:34:00,221.65,235.15,221.65,228.55,1175,31125,225.87,226.3,228.35
7916,2021-05-18 09:35:00,229.15,238.35,229.15,230.0,500,30600,226.28,225.65,229.05
7917,2021-05-18 09:36:00,213.45,218.4,208.45,218.4,375,30600,225.85,222.05,223.8
7918,2021-05-18 09:37:00,221.25,237.0,221.25,230.45,350,30600,226.04,229.15,231.45
7919,2021-05-18 09:38:00,234.05,236.85,233.1,234.45,350,31075,226.29,234.3,237.45
7920,2021-05-18 09:39:00,237.25,237.25,227.6,227.9,250,31075,226.37,223.35,225.8
7921,2021-05-18 09:40:00,228.3,229.0,226.9,227.0,225,31075,226.39,225.05,226.35
7922,2021-05-18 09:41:00,225.0,225.0,217.25,221.3,200,31200,226.31,220.0,222.3
7923,2021-05-18 09:42:00,221.6,232.4,221.6,226.5,150,31200,226.31,227.85,229.55
7924,2021-05-18 09:43:00,227.6,233.05,227.6,230.65,150,31200,226.36,230.6,232.3
7925,2021-05-18 09:44:00,232.35,232.35,227.6,227.6,325,31150,226.47,225.95,228.2
7926,2021-05-18 09:45:00,226.55,227.05,226.55,227.05,50,31150,226.47,227.3,228.65
7927,2021-05-18 09:46:00,227.0,227.05,223.4,223.4,100,31150,226.47,224.2,226.0
7928,2021-05-18 09:47:00,225.55,225.55,219.0,219.0,275,31375,226.37,214.0,217.35
7929,2021-05-18 09:48:00,217.35,220.0,217.35,218.3,250,31375,226.22,220.7,222.85
7930,2021-05-18 09:49:00,224.35,224.35,224.35,224.35,50,31375,226.22,222.05,223.55
7931,2021-05-18 09:50:00,224.35,224.35,224.35,224.35,175,31050,226.19,222.0,223.75
7932,2021-05-18 09:51:00,224.35,225.8,223.15,223.15,3175,31050,225.86,221.0,223.8
7933,2021-05-18 09:52:00,223.7,224.35,221.9,221.9,300,31050,225.81,220.15,222.2
7934,2021-05-18 09:53:00,216.15,217.95,216.15,217.1,1175,33900,225.31,217.7,219.0
7935,2021-05-18 09:54:00,219.0,219.0,218.75,218.75,125,33900,225.27,220.65,222.45
7936,2021-05-18 09:55:00,223.35,229.0,223.35,228.7,125,33900,225.29,226.25,228.05
7937,2021-05-18 09:56:00,230.0,230.0,226.9,226.9,175,34325,225.32,226.6,228.75
7938,2021-05-18 09:57:00,226.8,226.8,223.85,226.75,500,34325,225.34,224.15,226.85
7939,2021-05-18 09:58:00,230.0,230.0,230.0,230.0,125,34325,225.37,228.9,231.3
7940,2021-05-18 09:59:00,230.0,235.85,230.0,235.85,150,34050,225.43,233.95,236.4
7941,2021-05-18 10:00:00,237.0,239.3,231.1,233.55,200,34050,225.52,227.6,229.3
7942,2021-05-18 10:01:00,230.45,232.65,229.75,229.75,125,34050,225.56,225.3,227.45
7943,2021-05-18 10:02:00,226.25,230.25,226.25,230.25,125,34100,225.57,230.45,232.1
7944,2021-05-18 10:03:00,230.3,230.3,230.3,230.3,25,34100,225.58,229.7,231.2
7945,2021-05-18 10:04:00,229.3,242.2,229.3,241.6,200,34100,225.7,240.55,242.85
7946,2021-05-18 10:05:00,234.1,234.75,229.6,232.0,475,34100,225.86,231.65,233.5
7947,2021-05-18 10:06:00,242.25,242.25,242.25,242.25,25,34100,225.88,237.05,239.05
7948,2021-05-18 10:07:00,242.25,242.45,236.1,236.1,350,34100,226.08,235.55,236.95
7949,2021-05-18 10:08:00,240.4,251.95,240.4,250.55,525,34125,226.55,249.45,254.55
7950,2021-05-18 10:09:00,258.4,267.35,258.4,261.05,900,34125,227.98,270.55,272.4
7951,2021-05-18 10:10:00,267.75,285.35,265.7,284.25,375,34125,228.75,275.65,278.0
7952,2021-05-18 10:11:00,276.65,282.55,261.25,282.55,575,34150,229.76,280.75,283.75
7953,2021-05-18 10:12:00,286.45,286.45,281.0,281.7,150,34150,230.08,279.2,281.45
7954,2021-05-18 10:13:00,281.3,289.25,280.0,280.0,500,34150,231.14,276.8,278.8
7955,2021-05-18 10:14:00,272.95,272.95,261.85,266.45,375,34625,231.65,267.1,268.9
7956,2021-05-18 10:15:00,269.0,269.0,254.0,257.4,350,34625,232.04,258.45,261.45
7957,2021-05-18 10:16:00,257.7,258.3,250.0,250.0,300,34625,232.31,249.0,250.5
7958,2021-05-18 10:17:00,251.15,251.15,251.15,251.15,225,34625,232.46,249.6,251.4
7959,2021-05-18 10:18:00,250.65,255.05,249.3,254.35,1275,34250,233.51,252.7,254.6
7960,2021-05-18 10:19:00,260.9,260.9,260.9,260.9,50,34250,233.56,259.0,261.1
7961,2021-05-18 10:20:00,261.0,265.0,261.0,265.0,125,34950,233.69,268.2,269.7
7962,2021-05-18 10:21:00,263.4,268.6,263.4,268.6,1175,34950,234.98,266.95,268.95
7963,2021-05-18 10:22:00,263.75,266.4,263.75,266.4,50,34950,235.03,265.45,266.2
7964,2021-05-18 10:23:00,265.45,265.45,261.75,261.75,300,34400,235.32,258.3,260.55
7965,2021-05-18 10:24:00,257.55,257.55,257.55,257.55,25,34400,235.34,258.3,260.25
7966,2021-05-18 10:25:00,257.7,257.7,253.55,255.8,175,34400,235.47,253.1,254.55
7967,2021-05-18 10:26:00,251.75,251.75,251.75,251.75,25,34400,235.48,248.75,250.85
7968,2021-05-18 10:27:00,252.75,252.75,252.75,252.75,75,34325,235.52,251.05,253.05
7969,2021-05-18 10:28:00,253.95,253.95,253.95,253.95,25,34325,235.54,249.85,251.95
7970,2021-05-18 10:29:00,244.45,244.45,243.8,244.0,250,34300,235.64,238.2,240.2
7971,2021-05-18 10:30:00,239.05,239.05,231.95,231.95,500,34300,235.63,231.6,234.05
7972,2021-05-18 10:31:00,231.95,238.45,231.95,238.45,50,34300,235.63,238.85,240.0
7973,2021-05-18 10:32:00,240.7,245.45,238.95,239.9,300,34350,235.69,235.9,238.05
7974,2021-05-18 10:33:00,241.75,241.75,240.3,240.3,50,34350,235.7,238.4,240.7
7975,2021-05-18 10:34:00,239.4,239.4,239.4,239.4,25,34350,235.7,239.05,240.3
7976,2021-05-18 10:35:00,240.3,249.55,240.3,249.55,175,34375,235.76,247.95,251.0
7977,2021-05-18 10:36:00,249.3,249.3,244.05,244.05,100,34375,235.79,238.95,240.5
7978,2021-05-18 10:37:00,238.35,240.15,237.0,237.0,125,34375,235.8,234.3,236.8
7979,2021-05-18 10:38:00,239.9,240.05,237.0,237.0,100,34375,235.81,236.65,238.8
7980,2021-05-18 10:39:00,239.9,240.05,237.0,237.0,100,34375,235.81,236.65,238.8
7981,2021-05-18 10:40:00,239.9,240.05,237.0,237.0,100,34375,235.81,236.65,238.8
7982,2021-05-18 10:41:00,234.5,235.0,234.5,235.0,50,34325,235.81,236.25,238.7
7983,2021-05-18 10:42:00,236.85,236.85,236.85,236.85,25,34275,235.81,234.05,236.4
7984,2021-05-18 10:43:00,234.0,235.3,231.3,231.3,250,34275,235.8,230.5,232.9
7985,2021-05-18 10:44:00,231.3,231.3,231.3,231.3,100,34275,235.79,230.5,233.3
7986,2021-05-18 10:45:00,231.3,231.3,231.3,231.3,100,34275,235.79,230.5,233.3
7987,2021-05-18 10:46:00,231.3,231.3,231.3,231.3,100,34275,235.79,230.5,233.3
7988,2021-05-18 10:47:00,238.95,240.2,238.65,238.65,200,34375,235.8,235.3,238.0
7989,2021-05-18 10:48:00,234.25,234.25,234.25,234.25,25,34375,235.8,232.75,235.4
7990,2021-05-18 10:49:00,234.25,234.25,234.25,234.25,25,34375,235.8,232.75,235.4
7991,2021-05-18 10:50:00,229.55,237.0,229.55,237.0,400,34575,235.76,236.0,237.8
7992,2021-05-18 10:51:00,238.65,239.0,238.0,238.0,125,34575,235.77,234.35,236.25
7993,2021-05-18 10:52:00,233.85,233.85,231.4,231.4,125,34575,235.76,232.75,234.9
7994,2021-05-18 10:53:00,238.0,239.05,237.0,237.0,325,34525,235.78,234.5,236.6
7995,2021-05-18 10:54:00,238.0,239.05,237.0,237.0,325,34525,235.78,234.5,236.6
7996,2021-05-18 10:55:00,231.4,232.3,230.15,232.3,200,34525,235.75,231.7,233.65
7997,2021-05-18 10:56:00,231.0,231.0,220.0,220.0,550,34300,235.61,218.9,220.65
7998,2021-05-18 10:57:00,218.95,218.95,217.05,217.05,150,34300,235.53,215.9,217.75
7999,2021-05-18 10:58:00,219.25,219.25,219.25,219.25,125,34300,235.47,216.4,218.65
8000,2021-05-18 10:59:00,216.4,217.25,213.75,213.75,200,34300,235.35,214.15,216.25
8001,2021-05-18 11:00:00,216.15,216.55,214.0,216.55,125,34425,235.28,213.85,216.2
8002,2021-05-18 11:01:00,216.15,216.15,216.15,216.15,25,34425,235.27,213.85,216.45
8003,2021-05-18 11:02:00,218.3,218.3,215.0,215.7,475,34650,235.02,213.9,215.9
8004,2021-05-18 11:03:00,213.35,213.45,211.0,211.4,225,34650,234.87,211.05,213.55
8005,2021-05-18 11:04:00,212.95,212.95,210.0,211.95,150,34650,234.77,209.75,211.65
8006,2021-05-18 11:05:00,207.6,208.35,207.6,208.0,325,34650,234.52,207.45,209.95
8007,2021-05-18 11:06:00,210.0,210.45,210.0,210.45,150,34650,234.42,209.65,212.2
8008,2021-05-18 11:07:00,205.0,205.0,204.15,205.0,375,34650,234.14,204.25,206.4
8009,2021-05-18 11:08:00,205.0,208.55,205.0,208.55,175,34650,234.01,207.55,209.85
8010,2021-05-18 11:09:00,211.4,212.7,210.05,212.7,200,34650,233.89,211.55,213.85
8011,2021-05-18 11:10:00,214.65,217.5,214.65,217.5,175,34650,233.81,221.55,224.65
8012,2021-05-18 11:11:00,222.4,222.4,219.45,219.45,50,34650,233.79,217.45,219.3
8013,2021-05-18 11:12:00,210.35,210.35,210.35,210.35,25,34625,233.77,210.3,212.65
8014,2021-05-18 11:13:00,212.65,212.65,212.65,212.65,50,34625,233.74,212.4,214.35
8015,2021-05-18 11:14:00,214.15,214.15,214.15,214.15,75,34625,233.7,214.9,216.85
8016,2021-05-18 11:15:00,214.15,214.15,214.15,214.15,75,34625,233.7,214.9,216.85
8017,2021-05-18 11:16:00,213.75,215.85,213.75,215.85,950,34525,233.2,215.55,218.05
8018,2021-05-18 11:17:00,218.05,218.05,217.85,217.85,75,34525,233.17,217.4,219.5
8019,2021-05-18 11:18:00,220.0,220.0,217.2,217.2,275,34225,233.07,217.95,220.65
8020,2021-05-18 11:19:00,220.75,221.9,219.25,220.7,250,34225,232.99,216.5,219.05
8021,2021-05-18 11:20:00,220.65,221.9,220.65,221.9,75,34450,232.96,221.2,223.7
8022,2021-05-18 11:21:00,224.05,224.3,224.05,224.3,1050,34450,232.73,222.55,224.7
8023,2021-05-18 11:22:00,220.8,222.5,220.8,222.5,100,34450,232.7,220.3,222.45
8024,2021-05-18 11:23:00,223.2,223.2,222.5,222.5,50,34450,232.69,223.1,225.0
8025,2021-05-18 11:24:00,222.95,226.55,222.95,226.55,50,34350,232.68,225.95,229.35
8026,2021-05-18 11:25:00,222.95,226.55,222.95,226.55,50,34350,232.68,225.95,229.35
8027,2021-05-18 11:26:00,221.45,227.85,221.45,227.85,175,34450,232.64,228.85,231.15
8028,2021-05-18 11:27:00,233.1,233.1,233.1,233.1,25,34450,232.65,233.8,236.0
8029,2021-05-18 11:28:00,236.0,236.05,236.0,236.05,50,34450,232.65,233.6,235.55
8030,2021-05-18 11:29:00,236.0,236.0,230.0,230.0,50,34450,232.65,225.45,227.6
8031,2021-05-18 11:30:00,224.25,225.05,223.6,225.0,250,34300,232.6,228.55,230.55
8032,2021-05-18 11:31:00,233.1,233.1,231.3,231.3,75,34300,232.6,229.75,231.7
8033,2021-05-18 11:32:00,233.1,233.1,231.3,231.3,75,34300,232.6,229.75,231.7
8034,2021-05-18 11:33:00,230.55,230.55,225.5,225.5,75,34375,232.59,225.25,228.45
8035,2021-05-18 11:34:00,230.1,230.8,230.1,230.8,50,34375,232.59,229.65,231.65
8036,2021-05-18 11:35:00,231.8,231.8,231.35,231.35,50,34375,232.59,231.85,234.0
8037,2021-05-18 11:36:00,234.05,237.0,234.05,237.0,50,34275,232.59,235.25,237.15
8038,2021-05-18 11:37:00,235.0,235.0,235.0,235.0,25,34275,232.59,231.95,234.05
8039,2021-05-18 11:38:00,235.0,240.0,235.0,240.0,275,34275,232.63,238.9,244.55
8040,2021-05-18 11:39:00,240.85,240.85,240.0,240.0,175,34275,232.66,235.15,237.75
8041,2021-05-18 11:40:00,235.4,235.4,229.2,229.2,225,34275,232.66,225.4,227.95
8042,2021-05-18 11:41:00,229.45,229.45,229.2,229.2,50,34300,232.66,228.05,230.3
8043,2021-05-18 11:42:00,228.4,228.4,228.4,228.4,25,34300,232.65,229.45,231.4
8044,2021-05-18 11:43:00,230.35,230.35,230.35,230.35,25,34300,232.65,230.15,232.8
8045,2021-05-18 11:44:00,228.4,231.65,228.4,231.65,175,34300,232.64,230.25,233.2
8046,2021-05-18 11:45:00,231.85,231.85,231.85,231.85,50,34325,232.64,231.6,233.85
8047,2021-05-18 11:46:00,234.7,234.7,234.7,234.7,25,34325,232.64,232.2,235.05
8048,2021-05-18 11:47:00,234.7,234.7,234.7,234.7,25,34325,232.64,232.2,235.05
8049,2021-05-18 11:48:00,229.6,229.6,229.6,229.6,25,34375,232.64,226.4,228.7
8050,2021-05-18 11:49:00,226.25,227.7,225.0,227.7,125,34375,232.62,228.45,230.55
8051,2021-05-18 11:50:00,230.55,230.55,230.55,230.55,75,34375,232.62,228.6,231.75
8052,2021-05-18 11:51:00,230.55,230.55,230.55,230.55,75,34375,232.62,228.6,231.75
8053,2021-05-18 11:52:00,227.7,232.1,227.7,232.1,200,34325,232.61,227.5,230.1
8054,2021-05-18 11:53:00,227.7,232.1,227.7,232.1,200,34325,232.61,227.5,230.1
8055,2021-05-18 11:54:00,230.55,230.55,230.55,230.55,50,34325,232.6,230.15,232.15
8056,2021-05-18 11:55:00,233.0,233.0,230.5,230.5,75,34325,232.6,229.3,232.4
8057,2021-05-18 11:56:00,233.0,233.0,230.5,230.5,75,34325,232.6,229.3,232.4
8058,2021-05-18 11:57:00,235.0,238.4,235.0,237.9,125,34325,232.61,231.25,234.25
8059,2021-05-18 11:58:00,230.5,230.5,230.0,230.0,125,34325,232.61,228.7,231.0
8060,2021-05-18 11:59:00,228.0,228.0,227.4,227.4,100,34325,232.6,226.45,228.25
8061,2021-05-18 12:00:00,226.0,226.0,226.0,226.0,50,34325,232.59,223.6,225.95
8062,2021-05-18 12:01:00,218.0,218.6,216.8,216.8,125,34325,232.54,216.8,219.6
8063,2021-05-18 12:02:00,220.0,220.0,219.6,219.6,75,34425,232.52,218.15,220.9
8064,2021-05-18 12:03:00,220.0,220.0,220.0,220.0,25,34425,232.52,220.2,223.15
8065,2021-05-18 12:04:00,220.0,220.0,220.0,220.0,25,34425,232.52,220.2,223.15
8066,2021-05-18 12:05:00,223.0,223.0,223.0,223.0,250,34425,232.46,225.0,227.05
8067,2021-05-18 12:06:00,227.05,227.05,225.15,225.15,100,34325,232.44,224.1,226.0
8068,2021-05-18 12:07:00,226.35,226.35,226.35,226.35,25,34325,232.44,220.4,222.1
8069,2021-05-18 12:08:00,220.15,220.15,220.15,220.15,25,34325,232.43,220.65,222.25
8070,2021-05-18 12:09:00,220.0,220.0,220.0,220.0,25,34275,232.43,217.55,219.3
8071,2021-05-18 12:10:00,220.0,220.0,220.0,220.0,25,34275,232.43,217.55,219.3
8072,2021-05-18 12:11:00,218.1,220.7,218.1,220.7,200,34275,232.37,223.35,225.05
8073,2021-05-18 12:12:00,218.1,220.7,218.1,220.7,200,34275,232.37,223.35,225.05
8074,2021-05-18 12:13:00,218.1,220.7,218.1,220.7,200,34275,232.37,223.35,225.05
8075,2021-05-18 12:14:00,226.95,226.95,226.05,226.05,250,34225,232.33,226.4,228.0
8076,2021-05-18 12:15:00,228.45,230.2,228.45,230.2,100,34125,232.33,226.9,228.45
8077,2021-05-18 12:16:00,228.45,230.2,228.45,230.2,100,34125,232.33,226.9,228.45
8078,2021-05-18 12:17:00,221.65,221.65,221.65,221.65,25,34125,232.32,222.85,224.05
8079,2021-05-18 12:18:00,223.15,223.15,223.15,223.15,25,34050,232.32,222.65,224.3
8080,2021-05-18 12:19:00,223.15,223.15,223.15,223.15,25,34050,232.32,222.65,224.3
8081,2021-05-18 12:20:00,223.15,223.15,223.15,223.15,25,34050,232.32,222.65,224.3
8082,2021-05-18 12:21:00,228.45,228.45,228.45,228.45,50,34075,232.31,227.0,229.05
8083,2021-05-18 12:22:00,226.55,230.35,226.55,230.35,150,34075,232.3,229.3,231.55
8084,2021-05-18 12:23:00,226.55,230.35,226.55,230.35,150,34075,232.3,229.3,231.55
8085,2021-05-18 12:24:00,230.15,230.15,227.55,227.55,75,34075,232.29,228.3,230.55
8086,2021-05-18 12:25:00,233.3,236.0,231.5,231.5,300,34075,232.31,230.4,232.2
8087,2021-05-18 12:26:00,233.3,236.0,231.5,231.5,300,34075,232.31,230.4,232.2
8088,2021-05-18 12:27:00,231.5,231.5,231.5,231.5,50,34025,232.31,230.7,232.4
8089,2021-05-18 12:28:00,231.5,231.5,231.5,231.5,100,34025,232.3,231.85,233.65
8090,2021-05-18 12:29:00,233.65,236.45,233.65,236.45,125,34025,232.31,233.95,235.8
8091,2021-05-18 12:30:00,237.0,237.5,231.05,231.05,175,34050,232.32,229.6,231.4
8092,2021-05-18 12:31:00,231.8,231.8,230.0,230.0,125,34050,232.32,230.1,231.8
8093,2021-05-18 12:32:00,230.0,230.0,230.0,230.0,25,34050,232.32,229.2,231.4
8094,2021-05-18 12:33:00,229.0,229.0,229.0,229.0,50,0,232.31,230.0,232.05
8095,2021-05-18 12:34:00,229.0,229.0,229.0,229.0,50,0,232.31,230.0,232.05
8096,2021-05-18 12:35:00,229.0,229.0,229.0,229.0,75,34125,232.31,230.0,232.0
8097,2021-05-18 12:36:00,233.15,233.15,233.15,233.15,25,34100,232.31,228.95,230.8
8098,2021-05-18 12:37:00,228.55,228.55,228.55,228.55,25,34100,232.31,229.9,232.25
8099,2021-05-18 12:38:00,234.45,234.45,234.45,234.45,25,34100,232.31,231.8,234.3
8100,2021-05-18 12:39:00,234.9,234.9,234.0,234.0,50,34150,232.31,233.05,234.9
8101,2021-05-18 12:40:00,231.55,231.55,222.65,223.7,350,34150,232.27,222.85,224.75
8102,2021-05-18 12:41:00,223.45,223.45,217.0,217.0,525,34150,232.13,219.3,222.45
8103,2021-05-18 12:42:00,223.65,223.65,223.65,223.65,25,34400,232.12,227.0,228.65
8104,2021-05-18 12:43:00,229.0,229.0,229.0,229.0,325,34400,232.11,228.9,231.45
8105,2021-05-18 12:44:00,234.0,234.0,234.0,234.0,25,34400,232.11,231.3,234.3
8106,2021-05-18 12:45:00,234.0,234.0,234.0,234.0,25,34400,232.11,231.3,234.3
8107,2021-05-18 12:46:00,234.55,234.55,234.55,234.55,100,34075,232.11,230.25,232.6
8108,2021-05-18 12:47:00,227.8,227.8,227.8,227.8,25,34075,232.11,228.6,231.3
8109,2021-05-18 12:48:00,226.25,226.25,226.25,226.25,75,34100,232.1,224.5,226.7
8110,2021-05-18 12:49:00,223.5,223.5,223.5,223.5,50,34100,232.09,222.4,224.75
8111,2021-05-18 12:50:00,227.4,227.4,227.4,227.4,600,34100,232.03,225.35,227.15
8112,2021-05-18 12:51:00,226.1,226.1,226.1,226.1,125,0,232.01,227.1,229.15
8113,2021-05-18 12:52:00,226.1,226.1,226.1,226.1,125,0,232.01,227.1,229.15
8114,2021-05-18 12:53:00,223.3,223.3,223.3,223.3,75,0,232.0,221.2,223.05
8115,2021-05-18 12:54:00,223.3,223.3,223.3,223.3,75,0,232.0,221.2,223.05
8116,2021-05-18 12:55:00,223.3,223.3,223.3,223.3,75,0,232.0,221.2,223.05
8117,2021-05-18 12:56:00,229.15,229.2,229.15,229.2,200,34500,231.98,231.6,233.8
8118,2021-05-18 12:57:00,229.15,229.2,229.15,229.2,200,34500,231.98,231.6,233.8
8119,2021-05-18 12:58:00,229.15,229.2,229.15,229.2,200,34500,231.98,231.6,233.8
8120,2021-05-18 12:59:00,231.75,231.75,231.75,231.75,50,0,231.98,233.25,234.7
8121,2021-05-18 13:00:00,237.0,237.0,235.1,235.1,75,34425,231.99,231.5,233.65
8122,2021-05-18 13:01:00,231.0,231.0,223.75,223.8,100,34425,231.98,224.9,226.75
8123,2021-05-18 13:02:00,223.8,223.8,223.8,223.8,50,34425,231.97,223.0,225.5
8124,2021-05-18 13:03:00,225.9,225.9,225.9,225.9,25,34550,231.96,226.05,228.0
8125,2021-05-18 13:04:00,225.4,225.4,225.4,225.4,50,34550,231.96,230.6,232.2
8126,2021-05-18 13:05:00,228.7,228.7,227.85,227.85,100,34550,231.95,229.15,231.15
8127,2021-05-18 13:06:00,228.7,228.7,227.85,227.85,100,34550,231.95,229.15,231.15
8128,2021-05-18 13:07:00,229.8,229.8,225.6,228.1,100,34550,231.94,226.65,229.05
8129,2021-05-18 13:08:00,228.9,228.9,228.9,228.9,25,34550,231.94,228.05,229.7
8130,2021-05-18 13:09:00,230.0,230.1,230.0,230.1,50,34550,231.94,227.1,229.3
8131,2021-05-18 13:10:00,230.0,230.1,230.0,230.1,50,34550,231.94,227.1,229.3
8132,2021-05-18 13:11:00,230.1,230.1,230.1,230.1,25,0,231.94,228.55,230.45
8133,2021-05-18 13:12:00,230.1,230.1,230.1,230.1,25,0,231.94,228.55,230.45
8134,2021-05-18 13:13:00,235.0,248.85,235.0,241.05,500,34550,232.01,239.4,241.7
8135,2021-05-18 13:14:00,240.55,240.55,229.9,230.6,150,34550,232.02,228.7,231.15
8136,2021-05-18 13:15:00,218.9,218.9,203.95,216.3,650,34600,231.76,216.55,218.35
8137,2021-05-18 13:16:00,215.45,215.45,215.45,215.45,25,34600,231.75,214.55,217.0
8138,2021-05-18 13:17:00,216.0,218.35,216.0,218.35,75,34600,231.73,218.05,220.0
8139,2021-05-18 13:18:00,218.0,218.0,218.0,218.0,25,34600,231.72,220.3,222.15
8140,2021-05-18 13:19:00,220.5,220.5,220.5,220.5,25,34725,231.72,219.3,221.7
8141,2021-05-18 13:20:00,217.7,222.0,217.7,222.0,125,34725,231.68,221.1,223.3
8142,2021-05-18 13:21:00,217.7,222.0,217.7,222.0,125,34725,231.68,221.1,223.3
8143,2021-05-18 13:22:00,219.05,220.3,219.05,220.3,50,34675,231.67,218.8,221.7
8144,2021-05-18 13:23:00,219.05,220.3,219.05,220.3,50,34675,231.67,218.8,221.7
8145,2021-05-18 13:24:00,219.05,220.3,219.05,220.3,50,34675,231.67,218.8,221.7
8146,2021-05-18 13:25:00,215.0,215.0,215.0,215.0,25,34725,231.66,212.95,216.6
8147,2021-05-18 13:26:00,215.0,215.0,215.0,215.0,25,34725,231.66,212.95,216.6
8148,2021-05-18 13:27:00,214.1,214.1,214.1,214.1,50,34750,231.65,213.45,215.75
8149,2021-05-18 13:28:00,214.1,214.1,214.1,214.1,50,34750,231.65,213.45,215.75
8150,2021-05-18 13:29:00,214.1,214.1,214.1,214.1,50,34750,231.65,213.45,215.75
8151,2021-05-18 13:30:00,210.45,210.45,210.45,210.45,25,34700,231.64,209.2,211.1
8152,2021-05-18 13:31:00,211.45,211.45,211.45,211.45,50,34700,231.62,210.8,211.95
8153,2021-05-18 13:32:00,211.45,211.45,211.45,211.45,50,34700,231.62,210.8,211.95
8154,2021-05-18 13:33:00,212.0,212.0,212.0,212.0,25,0,231.61,212.1,213.35
8155,2021-05-18 13:34:00,212.2,212.2,212.2,212.2,50,34725,231.59,210.85,213.05
8156,2021-05-18 13:35:00,207.15,210.85,207.15,208.05,500,34725,231.36,208.3,210.15
8157,2021-05-18 13:36:00,209.95,214.7,209.95,214.7,75,34850,231.33,213.65,215.45
8158,2021-05-18 13:37:00,213.5,213.5,211.25,211.25,75,34850,231.3,209.0,210.65
8159,2021-05-18 13:38:00,213.5,213.5,211.25,211.25,75,34850,231.3,209.0,210.65
8160,2021-05-18 13:39:00,213.5,213.5,211.25,211.25,75,34850,231.3,209.0,210.65
8161,2021-05-18 13:40:00,214.15,214.15,214.15,214.15,100,34875,231.27,212.95,215.35
8162,2021-05-18 13:41:00,214.15,214.15,214.15,214.15,100,34875,231.27,212.95,215.35
8163,2021-05-18 13:42:00,214.15,214.15,214.15,214.15,100,34875,231.27,212.95,215.35
8164,2021-05-18 13:43:00,208.75,208.75,208.75,208.75,50,34975,231.25,208.7,210.3
8165,2021-05-18 13:44:00,206.2,206.2,193.9,199.75,550,34975,230.91,200.2,201.85
8166,2021-05-18 13:45:00,198.4,201.1,198.4,201.1,100,34975,230.85,203.8,205.75
8167,2021-05-18 13:46:00,198.4,201.1,198.4,201.1,100,34975,230.85,203.8,205.75
8168,2021-05-18 13:47:00,198.4,201.1,198.4,201.1,100,34975,230.85,203.8,205.75
8169,2021-05-18 13:48:00,201.7,203.0,199.85,203.0,325,34975,230.66,202.4,204.0
8170,2021-05-18 13:49:00,202.4,205.35,202.4,205.35,125,34975,230.6,204.9,206.8
8171,2021-05-18 13:50:00,204.6,204.6,203.65,204.0,150,34975,230.52,205.15,206.5
8172,2021-05-18 13:51:00,207.35,208.15,206.9,206.9,225,35000,230.42,206.4,207.85
8173,2021-05-18 13:52:00,206.9,206.9,206.9,206.9,25,35000,230.41,209.15,210.95
8174,2021-05-18 13:53:00,211.8,218.5,211.8,218.5,75,35000,230.39,217.6,220.85
8175,2021-05-18 13:54:00,216.35,221.5,215.75,221.5,275,35200,230.32,216.15,219.15
8176,2021-05-18 13:55:00,221.5,221.5,221.5,221.5,25,35200,230.32,219.3,221.35
8177,2021-05-18 13:56:00,218.95,220.35,218.7,220.35,200,35200,230.27,219.1,221.05
8178,2021-05-18 13:57:00,221.0,223.35,221.0,223.35,300,35050,230.23,222.75,224.5
8179,2021-05-18 13:58:00,226.7,231.25,226.7,228.65,375,35050,230.22,223.85,226.4
8180,2021-05-18 13:59:00,222.15,222.15,221.0,221.0,50,35050,230.22,216.65,218.65
8181,2021-05-18 14:00:00,222.15,222.15,221.0,221.0,50,35050,230.22,216.65,218.65
8182,2021-05-18 14:01:00,225.05,225.05,225.05,225.05,25,35075,230.21,224.45,226.5
8183,2021-05-18 14:02:00,225.75,225.75,224.3,225.75,75,35075,230.21,224.1,226.2
8184,2021-05-18 14:03:00,225.75,225.75,224.3,225.75,75,35075,230.21,224.1,226.2
8185,2021-05-18 14:04:00,221.0,221.7,220.6,220.6,100,35100,230.19,221.6,223.6
8186,2021-05-18 14:05:00,225.5,225.7,222.7,222.7,275,35100,230.16,222.3,224.05
8187,2021-05-18 14:06:00,221.85,222.0,221.0,222.0,150,34900,230.14,218.95,220.8
8188,2021-05-18 14:07:00,221.85,222.0,221.0,222.0,150,34900,230.14,218.95,220.8
8189,2021-05-18 14:08:00,221.85,222.0,221.0,222.0,150,34900,230.14,218.95,220.8
8190,2021-05-18 14:09:00,222.5,222.5,222.5,222.5,25,34800,230.13,221.7,223.55
8191,2021-05-18 14:10:00,223.9,223.9,219.6,219.6,100,34800,230.12,218.8,220.7
8192,2021-05-18 14:11:00,221.0,221.0,221.0,221.0,25,34800,230.12,221.25,223.25
8193,2021-05-18 14:12:00,223.25,224.8,221.0,221.0,275,34900,230.08,219.75,222.05
8194,2021-05-18 14:13:00,221.6,222.4,221.6,222.4,50,34900,230.07,221.65,223.95
8195,2021-05-18 14:14:00,221.6,222.4,221.6,222.4,50,34900,230.07,221.65,223.95
8196,2021-05-18 14:15:00,223.95,223.95,220.85,220.85,100,34925,230.06,219.05,220.95
8197,2021-05-18 14:16:00,220.0,223.9,220.0,223.85,225,34925,230.03,222.55,224.45
8198,2021-05-18 14:17:00,225.5,227.65,223.65,223.65,100,34925,230.02,220.4,222.15
8199,2021-05-18 14:18:00,218.55,218.55,215.95,215.95,100,34975,230.0,216.1,217.9
8200,2021-05-18 14:19:00,209.6,210.85,207.75,210.85,425,34975,229.85,212.65,215.3
8201,2021-05-18 14:20:00,209.6,210.85,207.75,210.85,425,34975,229.85,212.65,215.3
8202,2021-05-18 14:21:00,219.3,219.75,218.15,218.15,125,35150,229.82,217.55,219.9
8203,2021-05-18 14:22:00,219.9,219.9,219.0,219.0,150,35150,229.79,218.6,220.8
8204,2021-05-18 14:23:00,219.9,219.9,219.0,219.0,150,35150,229.79,218.6,220.8
8205,2021-05-18 14:24:00,217.55,217.55,217.55,217.55,25,35150,229.79,218.5,220.65
8206,2021-05-18 14:25:00,220.8,221.6,218.5,218.5,300,35150,229.73,217.8,220.0
8207,2021-05-18 14:26:00,220.0,220.0,220.0,220.0,50,35150,229.73,220.3,223.5
8208,2021-05-18 14:27:00,229.95,231.0,228.15,229.0,175,35300,229.73,226.0,228.75
8209,2021-05-18 14:28:00,227.3,232.5,227.3,231.2,275,35300,229.73,228.6,230.5
8210,2021-05-18 14:29:00,228.6,235.4,228.6,235.4,50,35300,229.73,233.3,235.0
8211,2021-05-18 14:30:00,235.0,244.8,235.0,244.05,325,34975,229.8,240.55,242.55
8212,2021-05-18 14:31:00,240.8,242.95,226.4,226.4,525,34975,229.86,226.85,230.0
8213,2021-05-18 14:32:00,231.6,232.7,227.1,227.1,350,34975,229.86,227.7,229.85
8214,2021-05-18 14:33:00,231.6,232.7,227.1,227.1,350,34975,229.86,227.7,229.85
8215,2021-05-18 14:34:00,232.1,232.1,224.05,224.05,275,35075,229.84,225.35,226.85
8216,2021-05-18 14:35:00,230.8,230.8,229.15,229.15,100,35075,229.84,226.95,228.4
8217,2021-05-18 14:36:00,227.0,227.0,227.0,227.0,25,35075,229.84,229.65,231.2
8218,2021-05-18 14:37:00,229.75,230.75,228.0,228.0,225,35000,229.84,225.65,227.1
8219,2021-05-18 14:38:00,229.65,229.65,229.65,229.65,25,35000,229.84,226.55,228.6
8220,2021-05-18 14:39:00,228.65,228.65,228.65,228.65,25,35150,229.84,227.85,229.8
8221,2021-05-18 14:40:00,227.4,227.8,226.05,226.05,325,35150,229.83,225.55,227.25
8222,2021-05-18 14:41:00,230.8,230.8,230.8,230.8,25,35150,229.83,230.5,232.75
8223,2021-05-18 14:42:00,231.85,231.85,228.0,228.0,100,35150,229.83,229.65,231.75
8224,2021-05-18 14:43:00,231.8,231.85,228.35,229.1,325,35000,229.83,227.7,229.6
8225,2021-05-18 14:44:00,224.8,224.8,216.9,219.45,850,35000,229.7,218.25,220.35
8226,2021-05-18 14:45:00,219.45,219.45,219.1,219.1,50,35000,229.69,217.35,218.95
8227,2021-05-18 14:46:00,222.5,222.5,222.5,222.5,25,35050,229.69,219.95,221.65
8228,2021-05-18 14:47:00,222.55,224.5,222.55,224.4,200,35050,229.67,223.45,224.8
8229,2021-05-18 14:48:00,222.5,222.5,222.5,222.5,25,35050,229.67,221.65,222.45
8230,2021-05-18 14:49:00,221.4,223.15,221.0,223.15,325,35050,229.63,222.9,224.1
8231,2021-05-18 14:50:00,222.95,224.45,221.3,222.4,175,35050,229.61,223.45,224.9
8232,2021-05-18 14:51:00,224.75,224.75,224.75,224.75,25,34975,229.6,224.75,226.45
8233,2021-05-18 14:52:00,226.65,227.25,226.65,227.25,75,34975,229.6,225.45,227.25
8234,2021-05-18 14:53:00,226.65,227.25,226.65,227.25,75,34975,229.6,225.45,227.25
8235,2021-05-18 14:54:00,227.95,230.0,227.95,230.0,100,34975,229.6,229.3,231.15
8236,2021-05-18 14:55:00,226.15,226.15,226.15,226.15,25,34950,229.6,227.05,228.7
8237,2021-05-18 14:56:00,229.2,235.0,229.2,233.85,125,34950,229.6,234.7,236.25
8238,2021-05-18 14:57:00,231.8,231.8,231.8,231.8,25,34950,229.6,232.45,234.15
8239,2021-05-18 14:58:00,235.0,235.0,230.8,230.8,100,34950,229.61,230.55,232.4
8240,2021-05-18 14:59:00,232.65,232.65,232.65,232.65,25,34950,229.61,230.35,231.9
8241,2021-05-18 15:00:00,228.9,230.5,223.3,223.3,325,34900,229.6,222.9,224.65
8242,2021-05-18 15:01:00,223.2,223.6,220.0,221.25,375,34900,229.55,221.1,223.45
8243,2021-05-18 15:02:00,220.8,221.6,220.1,221.3,125,34900,229.53,220.25,221.95
8244,2021-05-18 15:03:00,222.05,226.9,222.05,225.75,100,34900,229.52,226.45,228.15
8245,2021-05-18 15:04:00,226.35,227.9,226.35,227.1,100,34825,229.52,227.5,229.25
8246,2021-05-18 15:05:00,227.5,230.9,227.5,230.9,100,34825,229.52,229.6,232.05
8247,2021-05-18 15:06:00,228.15,228.15,228.15,228.15,125,34875,229.52,228.4,230.7
8248,2021-05-18 15:07:00,227.4,231.35,227.4,230.4,200,34875,229.52,226.75,229.4
8249,2021-05-18 15:08:00,228.2,228.5,228.2,228.5,75,34875,229.52,227.75,229.4
8250,2021-05-18 15:09:00,228.9,230.0,228.9,230.0,125,34875,229.52,229.25,231.1
8251,2021-05-18 15:10:00,226.0,226.6,222.6,223.0,325,35000,229.49,220.8,222.4
8252,2021-05-18 15:11:00,223.1,225.75,223.1,225.75,75,35000,229.48,224.1,225.75
8253,2021-05-18 15:12:00,225.5,225.5,222.65,222.65,75,35000,229.48,223.0,225.0
8254,2021-05-18 15:13:00,225.5,226.8,225.5,226.8,50,35050,229.48,225.2,227.3
8255,2021-05-18 15:14:00,225.5,226.8,225.5,226.8,50,35050,229.48,225.2,227.3
8256,2021-05-18 15:15:00,226.45,228.35,226.45,228.35,75,35075,229.47,226.0,228.0
8257,2021-05-18 15:16:00,226.3,226.3,226.3,226.3,50,35075,229.47,226.0,227.8
8258,2021-05-18 15:17:00,226.0,226.0,226.0,226.0,25,35075,229.47,225.55,227.1
8259,2021-05-18 15:18:00,225.55,227.7,225.55,227.7,150,35125,229.46,226.05,227.8
8260,2021-05-18 15:19:00,225.55,225.55,225.05,225.05,150,35125,229.45,225.05,226.35
8261,2021-05-18 15:20:00,225.0,225.0,215.0,215.0,550,35125,229.37,216.2,217.45
8262,2021-05-18 15:21:00,217.45,217.9,215.0,215.0,300,35125,229.31,217.55,219.5
8263,2021-05-18 15:22:00,220.35,220.35,215.9,215.9,425,35725,229.24,214.7,216.35
8264,2021-05-18 15:23:00,215.0,215.95,214.95,215.95,75,35725,229.22,213.25,215.8
8265,2021-05-18 15:24:00,216.6,216.6,216.6,216.6,50,35725,229.21,214.3,216.65
8266,2021-05-18 15:25:00,215.35,215.35,210.95,210.95,350,36025,229.14,210.4,212.15
8267,2021-05-18 15:26:00,210.5,210.5,208.95,208.95,200,36025,229.08,208.1,210.05
8268,2021-05-18 15:27:00,209.8,211.85,207.6,211.85,400,36025,228.96,210.0,213.05
8269,2021-05-18 15:28:00,212.15,212.6,209.75,211.25,900,35850,228.73,210.05,213.4
8270,2021-05-18 15:29:00,212.15,212.6,209.75,211.25,900,35850,228.73,210.05,213.4
8271,2021-05-18 15:30:00,214.2,214.2,210.0,210.0,375,35850,228.66,210.0,217.65
8272,2021-05-19 09:15:00,214.2,214.2,210.0,210.0,375,35850,228.66,210.0,217.65
8273,2021-05-19 09:16:00,274.8,274.8,234.5,247.2,1825,36025,249.8,247.2,250.05
8274,2021-05-19 09:17:00,247.1,249.85,241.55,247.75,725,36500,248.49,244.95,249.0
8275,2021-05-19 09:18:00,249.0,255.4,244.2,248.45,1225,36500,249.25,246.6,249.55
8276,2021-05-19 09:19:00,249.55,249.85,246.1,246.6,450,36500,249.14,245.05,247.35
8277,2021-05-19 09:20:00,245.65,249.05,234.05,234.05,700,36075,248.42,234.55,237.15
8278,2021-05-19 09:21:00,235.3,242.4,235.3,239.7,1850,36075,246.07,238.9,241.15
8279,2021-05-19 09:22:00,238.9,239.45,233.7,234.8,475,36075,245.43,235.0,237.35
8280,2021-05-19 09:23:00,237.5,237.5,234.0,235.9,225,36725,245.15,235.45,237.95
8281,2021-05-19 09:24:00,235.3,243.2,234.65,236.45,400,36725,244.86,234.55,236.85
8282,2021-05-19 09:25:00,233.0,233.0,233.0,233.0,25,36725,244.82,235.6,238.1
8283,2021-05-19 09:26:00,238.0,238.0,233.0,233.0,75,36450,244.73,233.85,236.0
8284,2021-05-19 09:27:00,233.6,233.6,217.35,223.55,1250,36450,242.03,221.15,223.6
8285,2021-05-19 09:28:00,221.2,224.85,218.05,224.85,350,36450,241.25,222.95,224.9
8286,2021-05-19 09:29:00,222.95,223.55,213.35,213.35,475,36750,240.1,211.65,213.8
8287,2021-05-19 09:30:00,210.35,214.55,210.35,212.1,100,36750,239.83,209.5,211.85
8288,2021-05-19 09:31:00,210.3,212.0,206.4,212.0,250,36750,239.07,211.15,213.9
8289,2021-05-19 09:32:00,211.35,223.2,211.35,219.05,1275,36625,237.09,215.8,218.1
8290,2021-05-19 09:33:00,213.7,218.1,205.55,205.55,475,36625,236.1,206.45,208.3
8291,2021-05-19 09:34:00,206.0,212.5,203.9,212.5,425,36625,235.06,209.0,210.1
8292,2021-05-19 09:35:00,209.0,216.3,208.2,212.55,1050,37375,233.34,212.6,214.65
8293,2021-05-19 09:36:00,213.6,213.6,213.6,213.6,25,37375,233.3,209.35,211.55
8294,2021-05-19 09:37:00,211.0,211.0,209.75,209.75,175,37375,233.02,208.05,210.2
8295,2021-05-19 09:38:00,208.55,219.35,207.8,218.95,450,37125,232.44,218.3,220.65
8296,2021-05-19 09:39:00,218.3,219.25,214.75,216.05,275,37125,232.16,212.8,215.05
8297,2021-05-19 09:40:00,218.35,224.15,218.35,220.5,225,37125,232.0,220.8,224.0
8298,2021-05-19 09:41:00,221.45,226.6,221.45,224.15,175,37150,231.9,223.0,225.25
8299,2021-05-19 09:42:00,223.95,227.2,223.95,227.2,150,37150,231.84,224.75,226.35
8300,2021-05-19 09:43:00,225.6,226.1,221.3,225.0,200,37150,231.74,223.95,226.0
8301,2021-05-19 09:44:00,222.35,222.8,222.1,222.3,125,37500,231.67,221.8,223.75
8302,2021-05-19 09:45:00,221.65,225.75,221.65,222.8,325,37500,231.5,221.2,223.0
8303,2021-05-19 09:46:00,222.0,222.0,212.5,212.5,275,37500,231.26,210.65,212.75
8304,2021-05-19 09:47:00,210.85,216.35,210.85,215.2,275,37250,230.97,213.4,215.1
8305,2021-05-19 09:48:00,213.5,213.5,212.5,212.5,50,37250,230.92,213.75,214.95
8306,2021-05-19 09:49:00,212.75,220.0,212.75,220.0,250,37250,230.71,218.15,219.85
8307,2021-05-19 09:50:00,219.55,219.55,219.55,219.55,25,37250,230.7,222.35,223.7
8308,2021-05-19 09:51:00,222.05,222.05,219.55,220.85,150,37250,230.61,220.75,222.35
8309,2021-05-19 09:52:00,219.95,219.95,216.15,216.5,200,37250,230.45,213.95,216.25
8310,2021-05-19 09:53:00,215.65,215.65,214.5,214.5,125,37325,230.34,214.5,215.65
8311,2021-05-19 09:54:00,214.0,214.0,209.0,212.95,225,37325,230.1,211.0,212.8
8312,2021-05-19 09:55:00,211.3,212.35,208.35,208.35,275,37325,229.78,212.25,213.4
8313,2021-05-19 09:56:00,213.4,215.75,213.4,215.75,125,37500,229.67,214.9,216.05
8314,2021-05-19 09:57:00,213.6,216.65,213.6,216.65,150,37500,229.55,216.25,218.1
8315,2021-05-19 09:58:00,216.55,217.0,214.65,215.9,450,37500,229.21,216.15,218.3
8316,2021-05-19 09:59:00,215.55,215.55,215.55,215.55,25,37500,229.19,218.75,220.0
8317,2021-05-19 10:00:00,220.0,220.0,217.8,217.8,125,37775,229.12,217.7,219.0
8318,2021-05-19 10:01:00,215.55,215.55,215.55,215.55,75,37775,229.07,216.3,217.9
8319,2021-05-19 10:02:00,219.1,219.1,215.0,215.0,75,37775,229.02,214.0,215.25
8320,2021-05-19 10:03:00,215.7,215.7,215.7,215.7,25,37775,229.0,215.85,217.75
8321,2021-05-19 10:04:00,217.0,217.75,217.0,217.75,100,37775,228.94,215.4,217.1
8322,2021-05-19 10:05:00,216.2,216.2,216.2,216.2,25,37900,228.92,214.7,216.4
8323,2021-05-19 10:06:00,215.9,219.05,215.9,219.05,50,37900,228.89,216.2,217.95
8324,2021-05-19 10:07:00,216.15,219.0,216.15,218.55,75,37900,228.85,217.15,218.8
8325,2021-05-19 10:08:00,222.35,222.35,222.05,222.2,75,37975,228.82,221.5,223.3
8326,2021-05-19 10:09:00,223.85,223.85,220.9,222.05,125,37975,228.78,222.7,224.55
8327,2021-05-19 10:10:00,220.0,226.5,220.0,226.5,225,37975,228.72,221.4,224.05
8328,2021-05-19 10:11:00,220.8,223.05,220.8,221.7,100,38075,228.69,220.05,221.75
8329,2021-05-19 10:12:00,223.95,224.8,223.95,224.8,175,38075,228.65,224.3,226.0
8330,2021-05-19 10:13:00,226.1,226.1,225.0,225.0,100,38075,228.63,223.15,224.95
8331,2021-05-19 10:14:00,225.0,231.15,225.0,231.15,725,38400,228.62,229.1,232.35
8332,2021-05-19 10:15:00,231.35,231.35,227.2,227.65,175,38400,228.62,228.35,230.2
8333,2021-05-19 10:16:00,228.6,228.6,226.4,226.4,125,38400,228.61,224.45,226.3
8334,2021-05-19 10:17:00,226.5,227.0,225.25,226.55,125,38400,228.6,225.0,226.9
8335,2021-05-19 10:18:00,229.5,233.0,229.5,232.1,450,38400,228.64,231.75,233.65
8336,2021-05-19 10:19:00,231.75,235.0,230.5,230.5,150,38400,228.67,228.0,229.7
8337,2021-05-19 10:20:00,232.45,235.0,232.45,233.2,150,38400,228.71,233.2,234.85
8338,2021-05-19 10:21:00,233.45,233.45,233.45,233.45,25,38225,228.72,233.85,235.35
8339,2021-05-19 10:22:00,233.45,233.45,233.45,233.45,25,38225,228.72,232.65,234.25
8340,2021-05-19 10:23:00,233.45,237.5,233.45,237.5,225,38225,228.79,233.95,236.5
8341,2021-05-19 10:24:00,236.65,239.85,236.65,239.0,125,38225,228.85,238.45,240.0
8342,2021-05-19 10:25:00,240.0,241.15,237.35,240.45,325,38225,229.0,239.5,241.15
8343,2021-05-19 10:26:00,240.45,243.45,238.15,238.15,300,38325,229.15,237.8,239.55
8344,2021-05-19 10:27:00,239.95,240.95,235.85,240.95,425,38325,229.32,238.7,240.65
8345,2021-05-19 10:28:00,241.0,241.0,241.0,241.0,50,38325,229.34,242.7,244.0
8346,2021-05-19 10:29:00,242.25,242.25,241.9,241.9,125,38525,229.41,240.15,241.95
8347,2021-05-19 10:30:00,242.25,244.75,239.0,239.0,375,38525,229.62,239.3,241.65
8348,2021-05-19 10:31:00,244.75,252.0,244.75,252.0,1125,38525,230.52,247.85,250.0
8349,2021-05-19 10:32:00,250.0,254.0,249.95,254.0,350,38975,230.83,253.65,255.6
8350,2021-05-19 10:33:00,260.0,263.75,260.0,262.3,600,38975,231.54,260.05,262.65
8351,2021-05-19 10:34:00,262.05,267.9,259.85,267.9,475,38975,232.1,263.6,265.45
8352,2021-05-19 10:35:00,265.45,265.45,256.55,256.55,1175,38800,233.26,257.5,259.7
8353,2021-05-19 10:36:00,251.75,257.7,251.75,257.7,325,38800,233.52,255.75,257.6
8354,2021-05-19 10:37:00,253.6,253.6,253.6,253.6,25,38800,233.53,251.9,254.0
8355,2021-05-19 10:38:00,251.95,252.8,251.25,251.25,225,38800,233.68,250.8,252.65
8356,2021-05-19 10:39:00,250.85,250.85,250.85,250.85,25,38125,233.7,250.35,252.15
8357,2021-05-19 10:40:00,252.75,252.75,245.1,248.35,175,38125,233.8,248.2,249.9
8358,2021-05-19 10:41:00,249.75,255.35,249.75,255.35,125,38525,233.88,254.55,256.15
8359,2021-05-19 10:42:00,256.1,256.1,256.0,256.0,50,38525,233.92,253.1,255.0
8360,2021-05-19 10:43:00,253.95,256.85,250.9,250.9,350,38525,234.17,249.85,251.6
8361,2021-05-19 10:44:00,253.45,253.45,250.0,250.0,100,37900,234.23,249.8,251.5
8362,2021-05-19 10:45:00,256.4,256.4,253.4,255.7,225,37900,234.39,253.95,255.45
8363,2021-05-19 10:46:00,253.45,254.1,252.9,252.9,125,37900,234.47,253.2,255.3
8364,2021-05-19 10:47:00,255.0,255.0,254.1,254.25,100,37800,234.54,253.8,255.5
8365,2021-05-19 10:48:00,254.8,254.8,251.0,252.55,225,37800,234.67,251.15,252.3
8366,2021-05-19 10:49:00,251.85,251.85,239.0,239.0,600,37800,234.85,238.6,240.6
8367,2021-05-19 10:50:00,241.55,241.55,241.55,241.55,25,37800,234.85,239.9,241.5
8368,2021-05-19 10:51:00,236.0,237.75,229.1,233.2,675,37875,234.85,231.3,233.1
8369,2021-05-19 10:52:00,231.05,233.85,230.05,233.85,200,37875,234.83,234.15,235.85
8370,2021-05-19 10:53:00,233.85,234.65,233.85,234.65,50,37875,234.83,233.15,234.95
8371,2021-05-19 10:54:00,235.8,239.6,234.85,239.6,300,38225,234.85,239.55,241.1
8372,2021-05-19 10:55:00,241.0,244.8,241.0,244.8,150,38225,234.89,244.35,245.95
8373,2021-05-19 10:56:00,244.8,245.65,242.25,245.65,225,38300,234.95,243.95,245.5
8374,2021-05-19 10:57:00,246.85,246.85,246.85,246.85,25,38300,234.96,247.35,249.05
8375,2021-05-19 10:58:00,249.75,249.75,249.75,249.75,25,38300,234.97,248.35,250.3
8376,2021-05-19 10:59:00,250.9,251.25,250.9,251.25,125,38300,235.03,252.05,253.95
8377,2021-05-19 11:00:00,253.55,253.55,249.15,251.05,250,38375,235.16,249.2,250.95
8378,2021-05-19 11:01:00,249.0,249.0,245.45,246.35,125,38375,235.2,247.05,248.9
8379,2021-05-19 11:02:00,248.0,248.0,245.55,246.8,550,38375,235.38,245.35,247.15
8380,2021-05-19 11:03:00,247.05,247.05,246.65,246.85,75,38300,235.41,244.8,246.65
8381,2021-05-19 11:04:00,246.55,246.55,244.25,244.25,125,38300,235.45,242.1,243.6
8382,2021-05-19 11:05:00,242.8,243.75,242.8,243.75,75,38300,235.47,245.1,246.9
8383,2021-05-19 11:06:00,248.0,249.05,248.0,249.05,175,38425,235.53,245.95,247.25
8384,2021-05-19 11:07:00,240.05,240.05,240.05,240.05,50,38425,235.54,240.5,242.5
8385,2021-05-19 11:08:00,240.3,240.3,238.85,239.45,75,38425,235.55,239.1,241.0
8386,2021-05-19 11:09:00,240.65,241.4,238.0,239.4,525,38350,235.6,237.55,239.55
8387,2021-05-19 11:10:00,238.05,242.7,238.05,241.8,250,38350,235.64,240.45,242.5
8388,2021-05-19 11:11:00,239.7,239.75,239.7,239.7,75,38350,235.65,238.25,239.75
8389,2021-05-19 11:12:00,237.85,240.05,237.85,240.05,200,38375,235.67,238.7,240.85
8390,2021-05-19 11:13:00,238.65,238.65,237.1,237.1,75,38375,235.67,236.7,238.8
8391,2021-05-19 11:14:00,238.65,238.65,237.1,237.1,75,38375,235.67,236.7,238.8
8392,2021-05-19 11:15:00,242.65,244.0,242.65,244.0,125,38300,235.7,243.1,244.9
8393,2021-05-19 11:16:00,250.0,250.0,250.0,250.0,25,38300,235.71,248.8,251.0
8394,2021-05-19 11:17:00,249.15,252.1,249.15,250.55,75,38275,235.74,249.75,252.15
8395,2021-05-19 11:18:00,248.75,250.55,248.75,250.55,150,38275,235.8,248.8,250.6
8396,2021-05-19 11:19:00,251.3,251.3,251.3,251.3,50,38275,235.82,248.55,250.4
8397,2021-05-19 11:20:00,248.95,248.95,247.2,247.2,50,38275,235.84,245.5,247.15
8398,2021-05-19 11:21:00,253.3,254.85,252.95,252.95,75,38225,235.88,253.3,254.95
8399,2021-05-19 11:22:00,255.0,255.1,250.95,250.95,200,38225,235.98,250.1,251.9
8400,2021-05-19 11:23:00,251.45,251.45,251.45,251.45,25,38225,235.99,250.05,251.95
8401,2021-05-19 11:24:00,252.65,252.65,252.65,252.65,25,38300,236.0,248.85,250.75
8402,2021-05-19 11:25:00,255.6,255.6,255.6,255.6,125,38300,236.07,250.0,252.0
8403,2021-05-19 11:26:00,248.9,248.9,248.9,248.9,25,38300,236.08,247.75,249.55
8404,2021-05-19 11:27:00,248.9,248.9,248.9,248.9,25,38275,236.09,248.4,250.3
8405,2021-05-19 11:28:00,250.5,250.5,249.75,249.95,100,38275,236.13,248.15,250.15
8406,2021-05-19 11:29:00,250.5,250.5,249.75,249.95,100,38275,236.13,248.15,250.15
8407,2021-05-19 11:30:00,250.5,250.5,249.75,249.95,100,38275,236.13,248.15,250.15
8408,2021-05-19 11:31:00,244.75,244.75,244.75,244.75,50,0,236.14,242.35,244.15
8409,2021-05-19 11:32:00,244.75,244.75,243.85,243.85,75,38350,236.16,244.85,246.7
8410,2021-05-19 11:33:00,244.75,244.75,243.85,243.85,75,38350,236.16,244.85,246.7
8411,2021-05-19 11:34:00,248.7,248.7,248.7,248.7,25,38325,236.17,248.4,250.4
8412,2021-05-19 11:35:00,248.9,248.9,248.9,248.9,175,38325,236.24,246.85,249.1
8413,2021-05-19 11:36:00,248.85,248.9,247.6,247.6,100,38375,236.27,247.7,249.4
8414,2021-05-19 11:37:00,248.7,248.7,248.7,248.7,125,38375,236.31,247.8,249.1
8415,2021-05-19 11:38:00,247.95,247.95,247.25,247.25,125,38375,236.35,246.55,248.45
8416,2021-05-19 11:39:00,248.25,248.25,247.1,247.1,50,38275,236.37,244.8,246.3
8417,2021-05-19 11:40:00,248.25,248.25,247.1,247.1,50,38275,236.37,244.8,246.3
8418,2021-05-19 11:41:00,247.5,247.5,247.5,247.5,50,38275,236.38,246.95,248.55
8419,2021-05-19 11:42:00,245.3,245.3,245.3,245.3,25,38300,236.39,242.75,244.45
8420,2021-05-19 11:43:00,244.15,244.15,243.0,243.0,50,38300,236.4,242.65,244.7
8421,2021-05-19 11:44:00,241.45,243.0,241.45,243.0,50,38300,236.4,239.15,241.65
8422,2021-05-19 11:45:00,240.45,240.45,235.65,235.65,75,38325,236.41,237.5,239.25
8423,2021-05-19 11:46:00,239.3,239.3,239.3,239.3,25,38325,236.41,235.85,237.9
8424,2021-05-19 11:47:00,239.8,239.8,239.8,239.8,25,38325,236.41,237.8,239.75
8425,2021-05-19 11:48:00,238.2,238.2,235.35,235.35,75,38350,236.41,234.0,236.2
8426,2021-05-19 11:49:00,232.15,243.65,232.15,243.65,250,38350,236.4,242.2,244.3
8427,2021-05-19 11:50:00,244.0,244.0,244.0,244.0,25,38350,236.41,243.1,245.3
8428,2021-05-19 11:51:00,244.3,244.3,244.3,244.3,125,38625,236.44,244.8,246.8
8429,2021-05-19 11:52:00,244.3,244.3,244.3,244.3,125,38625,236.44,244.8,246.8
8430,2021-05-19 11:53:00,240.0,240.0,240.0,240.0,175,0,236.46,237.85,240.0
8431,2021-05-19 11:54:00,240.0,240.0,240.0,240.0,175,0,236.46,237.85,240.0
8432,2021-05-19 11:55:00,238.7,238.7,236.6,236.6,75,38700,236.46,236.2,238.55
8433,2021-05-19 11:56:00,238.7,238.7,236.6,236.6,75,38700,236.46,236.2,238.55
8434,2021-05-19 11:57:00,234.95,235.0,234.95,235.0,50,38625,236.46,236.4,238.05
8435,2021-05-19 11:58:00,234.95,235.0,234.95,235.0,50,38625,236.46,236.4,238.05
8436,2021-05-19 11:59:00,235.0,235.0,225.1,229.0,150,38625,236.43,226.8,228.75
8437,2021-05-19 12:00:00,230.0,230.0,230.0,230.0,75,38750,236.42,230.05,231.7
8438,2021-05-19 12:01:00,230.0,230.0,230.0,230.0,75,38750,236.42,230.05,231.7
8439,2021-05-19 12:02:00,230.0,230.0,230.0,230.0,125,38750,236.4,229.9,231.75
8440,2021-05-19 12:03:00,232.3,232.3,227.65,227.65,250,38800,236.35,227.15,228.7
8441,2021-05-19 12:04:00,223.2,224.35,220.0,224.35,250,38800,236.27,221.1,223.3
8442,2021-05-19 12:05:00,220.0,220.0,216.65,218.05,175,38800,236.18,217.25,219.1
8443,2021-05-19 12:06:00,217.1,222.75,217.1,222.75,75,39025,236.15,219.75,222.15
8444,2021-05-19 12:07:00,220.2,220.2,220.1,220.1,75,39025,236.12,217.75,219.85
8445,2021-05-19 12:08:00,218.25,219.9,218.25,219.9,75,39025,236.09,220.25,222.3
8446,2021-05-19 12:09:00,219.0,219.0,219.0,219.0,25,39050,236.08,218.2,219.75
8447,2021-05-19 12:10:00,218.05,218.05,214.55,214.55,250,39050,235.95,213.75,215.5
8448,2021-05-19 12:11:00,217.05,217.05,217.05,217.05,50,39050,235.92,216.2,218.0
8449,2021-05-19 12:12:00,218.95,219.0,218.95,219.0,150,39200,235.86,217.4,219.4
8450,2021-05-19 12:13:00,217.05,217.05,217.0,217.0,50,39200,235.83,215.8,218.05
8451,2021-05-19 12:14:00,214.3,215.4,214.3,215.4,50,39200,235.81,213.65,215.1
8452,2021-05-19 12:15:00,214.8,214.8,212.3,212.3,50,39400,235.78,215.3,216.9
8453,2021-05-19 12:16:00,215.5,221.05,215.5,220.2,500,39400,235.57,220.2,221.75
8454,2021-05-19 12:17:00,222.65,224.4,222.65,223.8,75,39400,235.55,224.45,226.15
8455,2021-05-19 12:18:00,224.35,224.35,222.4,222.4,100,39475,235.52,221.5,223.2
8456,2021-05-19 12:19:00,223.15,226.05,223.15,225.85,150,39475,235.47,223.5,225.35
8457,2021-05-19 12:20:00,225.35,225.35,222.25,222.25,150,39475,235.43,222.85,224.9
8458,2021-05-19 12:21:00,225.45,225.55,221.35,223.75,825,39600,235.2,222.45,224.75
8459,2021-05-19 12:22:00,225.2,225.4,225.2,225.3,125,39600,235.17,225.3,227.15
8460,2021-05-19 12:23:00,227.4,227.4,224.65,224.65,75,39600,235.15,224.2,226.4
8461,2021-05-19 12:24:00,227.4,227.4,224.65,224.65,75,39600,235.15,224.2,226.4
8462,2021-05-19 12:25:00,227.35,227.35,227.35,227.35,325,40250,235.09,223.6,225.75
8463,2021-05-19 12:26:00,226.9,226.9,226.9,226.9,125,40250,235.06,226.8,228.4
8464,2021-05-19 12:27:00,220.15,220.25,220.15,220.25,850,40600,234.83,220.65,223.0
8465,2021-05-19 12:28:00,220.15,220.25,220.15,220.25,850,40600,234.83,220.65,223.0
8466,2021-05-19 12:29:00,220.15,220.25,220.15,220.25,850,40600,234.83,220.65,223.0
8467,2021-05-19 12:30:00,222.95,225.15,222.95,225.15,150,40875,234.79,226.4,228.4
8468,2021-05-19 12:31:00,228.0,230.75,228.0,230.75,200,40875,234.76,228.65,230.85
8469,2021-05-19 12:32:00,231.65,231.65,231.65,231.65,25,40875,234.76,231.35,233.25
8470,2021-05-19 12:33:00,234.0,234.0,231.95,234.0,175,40900,234.76,232.05,233.75
8471,2021-05-19 12:34:00,230.9,232.0,227.45,227.45,275,40900,234.73,226.65,228.8
8472,2021-05-19 12:35:00,232.3,232.3,232.3,232.3,25,40900,234.73,227.65,229.8
8473,2021-05-19 12:36:00,231.25,231.25,230.15,230.15,100,40725,234.72,229.9,231.95
8474,2021-05-19 12:37:00,231.7,231.7,231.7,231.7,25,40725,234.72,229.7,232.25
8475,2021-05-19 12:38:00,231.5,231.5,227.25,227.25,150,40725,234.7,226.0,228.25
8476,2021-05-19 12:39:00,228.25,228.25,225.35,225.35,50,40825,234.69,225.35,227.9
8477,2021-05-19 12:40:00,227.2,227.2,227.2,227.2,25,40825,234.69,225.5,228.3
8478,2021-05-19 12:41:00,227.1,227.1,227.1,227.1,75,40825,234.67,225.25,227.45
8479,2021-05-19 12:42:00,228.35,228.35,228.35,228.35,25,40875,234.67,228.25,230.25
8480,2021-05-19 12:43:00,225.0,225.0,225.0,225.0,150,40875,234.64,222.95,224.6
8481,2021-05-19 12:44:00,225.0,225.0,225.0,225.0,150,40875,234.64,222.95,224.6
8482,2021-05-19 12:45:00,220.75,221.65,220.75,221.65,150,41125,234.59,221.15,223.25
8483,2021-05-19 12:46:00,220.75,221.65,220.75,221.65,150,41125,234.59,221.15,223.25
8484,2021-05-19 12:47:00,225.45,225.45,225.0,225.0,250,41125,234.54,221.35,223.25
8485,2021-05-19 12:48:00,225.45,225.45,225.0,225.0,250,41125,234.54,221.35,223.25
8486,2021-05-19 12:49:00,221.0,221.0,221.0,221.0,25,41325,234.53,219.15,221.85
8487,2021-05-19 12:50:00,224.15,227.7,224.15,227.7,125,41325,234.51,226.05,228.2
8488,2021-05-19 12:51:00,228.8,228.8,228.0,228.0,50,41375,234.5,227.8,230.15
8489,2021-05-19 12:52:00,232.1,232.1,232.1,232.1,25,41375,234.5,230.5,233.2
8490,2021-05-19 12:53:00,232.1,238.7,232.1,234.65,1400,41375,234.52,234.65,236.4
8491,2021-05-19 12:54:00,234.55,234.55,232.25,233.5,125,42250,234.51,232.8,234.4
8492,2021-05-19 12:55:00,232.2,234.8,232.2,233.9,175,42250,234.51,234.05,235.95
8493,2021-05-19 12:56:00,235.2,235.2,235.2,235.2,25,42250,234.51,233.95,235.8
8494,2021-05-19 12:57:00,233.95,233.95,233.95,233.95,25,0,234.51,232.7,234.85
8495,2021-05-19 12:58:00,232.3,235.0,232.3,235.0,50,42250,234.51,234.45,236.2
8496,2021-05-19 12:59:00,237.7,237.7,234.3,234.3,1400,42250,234.57,233.3,234.9
8497,2021-05-19 13:00:00,235.3,235.3,231.6,231.6,125,41725,234.56,232.85,234.35
8498,2021-05-19 13:01:00,233.75,233.75,233.75,233.75,25,41725,234.56,231.5,233.5
8499,2021-05-19 13:02:00,233.75,233.75,233.75,233.75,25,41725,234.56,231.5,233.5
8500,2021-05-19 13:03:00,233.0,235.0,233.0,235.0,125,41825,234.56,234.65,236.5
8501,2021-05-19 13:04:00,235.2,238.45,235.2,238.45,100,41825,234.57,238.4,240.0
8502,2021-05-19 13:05:00,241.8,245.0,238.5,238.5,300,41825,234.61,236.3,238.05
8503,2021-05-19 13:06:00,235.9,235.9,235.7,235.7,100,41750,234.61,234.0,235.45
8504,2021-05-19 13:07:00,235.9,235.9,235.7,235.7,100,41750,234.61,234.0,235.45
8505,2021-05-19 13:08:00,226.2,228.7,225.0,228.7,350,41750,234.55,227.35,228.85
8506,2021-05-19 13:09:00,228.15,228.15,225.65,225.65,50,42175,234.54,224.3,226.2
8507,2021-05-19 13:10:00,228.0,228.0,228.0,228.0,125,42175,234.53,227.9,229.9
8508,2021-05-19 13:11:00,230.25,230.25,230.25,230.25,75,42175,234.52,232.1,234.4
8509,2021-05-19 13:12:00,230.25,230.25,230.25,230.25,75,42175,234.52,232.1,234.4
8510,2021-05-19 13:13:00,232.6,232.6,232.6,232.6,25,41950,234.52,231.35,232.95
8511,2021-05-19 13:14:00,232.25,232.25,232.25,232.25,50,41950,234.52,231.0,233.45
8512,2021-05-19 13:15:00,232.25,232.25,232.25,232.25,50,41950,234.52,231.0,233.45
8513,2021-05-19 13:16:00,230.75,230.75,230.75,230.75,50,42000,234.51,228.5,230.4
8514,2021-05-19 13:17:00,230.75,230.75,230.75,230.75,50,42000,234.51,228.5,230.4
8515,2021-05-19 13:18:00,228.65,228.65,228.65,228.65,25,42025,234.51,229.7,230.75
8516,2021-05-19 13:19:00,230.1,230.1,230.1,230.1,225,42025,234.49,226.95,228.95
8517,2021-05-19 13:20:00,230.1,230.1,230.1,230.1,225,42025,234.49,226.95,228.95
8518,2021-05-19 13:21:00,230.1,230.1,230.1,230.1,225,42025,234.49,226.95,228.95
8519,2021-05-19 13:22:00,228.25,230.1,228.25,230.1,300,41800,234.46,230.3,232.15
8520,2021-05-19 13:23:00,232.9,232.9,232.9,232.9,25,41800,234.46,232.6,234.15
8521,2021-05-19 13:24:00,232.9,234.5,232.9,234.5,250,41750,234.46,232.15,233.95
8522,2021-05-19 13:25:00,233.15,233.4,232.95,232.95,175,41750,234.45,231.05,232.9
8523,2021-05-19 13:26:00,233.15,233.4,232.95,232.95,175,41750,234.45,231.05,232.9
8524,2021-05-19 13:27:00,233.15,233.4,232.95,232.95,175,41750,234.45,231.05,232.9
8525,2021-05-19 13:28:00,240.2,246.0,240.2,240.2,200,41925,234.49,239.45,241.25
8526,2021-05-19 13:29:00,241.0,243.6,241.0,242.4,450,41925,234.56,240.3,242.55
8527,2021-05-19 13:30:00,243.45,243.45,237.25,239.0,150,42275,234.57,236.25,238.75
8528,2021-05-19 13:31:00,235.1,235.1,235.1,235.1,25,42275,234.57,233.05,235.05
8529,2021-05-19 13:32:00,233.9,238.75,233.9,238.1,175,42275,234.58,237.7,240.05
8530,2021-05-19 13:33:00,237.4,240.45,236.4,237.85,1175,43000,234.68,237.55,239.65
8531,2021-05-19 13:34:00,239.5,241.0,239.5,241.0,150,43000,234.7,237.9,240.25
8532,2021-05-19 13:35:00,238.3,240.0,237.45,240.0,250,43000,234.72,239.7,241.0
8533,2021-05-19 13:36:00,240.15,241.0,240.15,240.9,75,43275,234.72,240.95,243.15
8534,2021-05-19 13:37:00,244.55,244.55,244.55,244.55,75,43275,234.74,242.95,244.0
8535,2021-05-19 13:38:00,244.0,244.0,237.55,237.55,375,43275,234.78,238.25,240.0
8536,2021-05-19 13:39:00,242.25,259.8,242.25,251.35,1425,42650,235.22,248.7,250.95
8537,2021-05-19 13:40:00,251.55,253.8,250.05,250.05,125,42650,235.26,250.5,252.95
8538,2021-05-19 13:41:00,252.95,253.3,247.9,247.9,225,42650,235.33,244.7,246.9
8539,2021-05-19 13:42:00,247.35,247.35,242.65,242.65,50,42650,235.34,241.95,244.25
8540,2021-05-19 13:43:00,242.0,248.5,242.0,248.5,325,42650,235.41,246.9,249.2
8541,2021-05-19 13:44:00,250.0,252.95,250.0,252.95,50,42650,235.42,251.45,253.5
8542,2021-05-19 13:45:00,256.45,256.45,248.55,250.25,100,42725,235.45,253.2,255.0
8543,2021-05-19 13:46:00,253.55,265.0,253.55,264.85,1275,42725,236.09,261.35,262.95
8544,2021-05-19 13:47:00,261.25,265.0,260.0,260.1,725,42725,236.43,258.5,260.8
8545,2021-05-19 13:48:00,256.85,257.45,253.4,253.4,200,42000,236.5,253.25,255.3
8546,2021-05-19 13:49:00,254.2,254.65,251.85,251.85,125,42000,236.53,252.55,254.65
8547,2021-05-19 13:50:00,254.5,254.5,254.5,254.5,25,42000,236.54,251.8,253.65
8548,2021-05-19 13:51:00,251.0,252.25,249.0,249.0,525,41525,236.66,249.8,251.95
8549,2021-05-19 13:52:00,249.2,249.2,248.0,248.0,100,41525,236.68,246.05,248.05
8550,2021-05-19 13:53:00,248.0,249.55,248.0,249.55,150,41525,236.71,248.05,249.75
8551,2021-05-19 13:54:00,248.0,249.55,248.0,249.55,150,41525,236.71,248.05,249.75
8552,2021-05-19 13:55:00,246.2,246.2,244.35,245.9,100,41475,236.73,244.15,246.1
8553,2021-05-19 13:56:00,246.2,246.2,244.35,245.9,100,41475,236.73,244.15,246.1
8554,2021-05-19 13:57:00,249.4,249.65,249.4,249.65,100,41475,236.75,248.55,250.8
8555,2021-05-19 13:58:00,250.85,252.3,250.6,250.6,275,41475,236.82,249.7,252.7
8556,2021-05-19 13:59:00,250.6,250.6,250.6,250.6,25,41475,236.83,250.5,253.05
8557,2021-05-19 14:00:00,252.25,252.25,250.0,250.0,175,41550,236.86,247.7,249.85
8558,2021-05-19 14:01:00,246.1,246.1,245.0,245.45,125,41550,236.88,244.45,246.6
8559,2021-05-19 14:02:00,246.85,246.85,246.85,246.85,25,41550,236.89,244.55,247.0
8560,2021-05-19 14:03:00,242.65,242.65,240.1,240.1,100,41500,236.89,240.0,242.45
8561,2021-05-19 14:04:00,240.0,241.4,240.0,241.4,100,41500,236.9,242.65,245.0
8562,2021-05-19 14:05:00,248.55,248.55,248.55,248.55,25,41500,236.9,246.1,248.5
8563,2021-05-19 14:06:00,248.5,252.5,248.5,252.5,150,41500,236.94,249.65,252.1
8564,2021-05-19 14:07:00,246.4,246.4,245.0,245.0,100,41625,236.95,243.25,246.35
8565,2021-05-19 14:08:00,246.4,246.4,245.0,245.0,100,41625,236.95,243.25,246.35
8566,2021-05-19 14:09:00,246.4,246.4,245.0,245.0,100,41625,236.95,243.25,246.35
8567,2021-05-19 14:10:00,246.4,246.4,245.0,245.0,100,41625,236.95,243.25,246.35
8568,2021-05-19 14:11:00,250.0,257.15,250.0,257.15,400,41675,237.06,254.7,257.55
8569,2021-05-19 14:12:00,257.95,257.95,252.3,252.3,400,41650,237.18,252.1,253.95
8570,2021-05-19 14:13:00,254.0,255.0,254.0,255.0,75,41650,237.2,249.85,252.05
8571,2021-05-19 14:14:00,248.45,260.0,248.45,257.3,800,41650,237.45,257.35,259.95
8572,2021-05-19 14:15:00,260.0,260.0,258.05,258.05,50,41650,237.46,256.15,258.0
8573,2021-05-19 14:16:00,258.0,258.0,254.15,254.15,150,41600,237.51,253.35,256.2
8574,2021-05-19 14:17:00,254.35,254.35,253.35,253.35,175,41600,237.56,251.0,253.2
8575,2021-05-19 14:18:00,253.0,253.0,250.0,250.0,50,41550,237.57,249.5,252.2
8576,2021-05-19 14:19:00,249.05,249.05,249.05,249.05,25,41550,237.57,250.8,253.2
8577,2021-05-19 14:20:00,251.85,256.0,251.85,253.0,275,41550,237.64,252.55,255.2
8578,2021-05-19 14:21:00,253.9,253.9,250.0,250.0,100,41500,237.66,249.05,251.8
8579,2021-05-19 14:22:00,247.8,252.0,247.8,251.3,175,41500,237.7,248.8,251.15
8580,2021-05-19 14:23:00,251.15,252.1,249.7,249.7,150,41500,237.73,249.4,251.3
8581,2021-05-19 14:24:00,251.15,252.1,249.7,249.7,150,41500,237.73,249.4,251.3
8582,2021-05-19 14:25:00,248.5,248.5,246.4,247.25,275,41625,237.77,247.75,249.55
8583,2021-05-19 14:26:00,247.15,248.6,247.15,248.6,125,41625,237.8,248.55,250.6
8584,2021-05-19 14:27:00,250.95,250.95,249.55,249.55,175,41550,237.83,248.2,249.9
8585,2021-05-19 14:28:00,245.0,250.0,245.0,250.0,650,41550,237.92,249.8,251.4
8586,2021-05-19 14:29:00,254.1,254.1,254.1,254.1,100,41550,237.94,256.5,258.35
8587,2021-05-19 14:30:00,264.95,266.85,259.9,259.9,2525,41300,238.95,259.9,261.0
8588,2021-05-19 14:31:00,261.0,264.0,261.0,264.0,100,41300,238.98,263.2,264.0
8589,2021-05-19 14:32:00,264.0,269.3,263.4,263.4,450,41300,239.16,262.1,264.1
8590,2021-05-19 14:33:00,262.1,265.0,262.1,265.0,125,41300,239.21,262.9,265.85
8591,2021-05-19 14:34:00,257.9,257.9,246.35,251.55,825,41050,239.33,249.9,252.0
8592,2021-05-19 14:35:00,248.9,248.9,231.0,240.75,400,41050,239.33,241.5,243.5
8593,2021-05-19 14:36:00,240.35,240.35,237.7,237.7,125,41050,239.33,237.25,239.55
8594,2021-05-19 14:37:00,237.7,238.6,236.0,236.0,350,40750,239.32,234.1,236.0
8595,2021-05-19 14:38:00,238.6,238.6,237.55,237.6,125,40750,239.31,238.55,240.8
8596,2021-05-19 14:39:00,238.8,238.8,236.0,236.0,100,39700,239.31,236.0,237.2
8597,2021-05-19 14:40:00,236.0,236.0,232.0,232.0,375,39700,239.29,236.2,238.6
8598,2021-05-19 14:41:00,236.0,236.0,232.0,232.0,375,39700,239.29,236.2,238.6
8599,2021-05-19 14:42:00,234.0,234.0,234.0,234.0,25,39700,239.28,235.6,237.7
8600,2021-05-19 14:43:00,237.0,237.65,235.65,235.65,75,39875,239.28,235.7,237.85
8601,2021-05-19 14:44:00,235.85,235.85,235.85,235.85,25,39875,239.28,235.1,236.9
8602,2021-05-19 14:45:00,234.7,236.45,233.5,235.0,250,39850,239.27,234.7,236.3
8603,2021-05-19 14:46:00,235.55,239.15,235.55,239.15,50,39850,239.26,235.5,237.15
8604,2021-05-19 14:47:00,235.55,239.15,235.55,239.15,50,39850,239.26,235.5,237.15
8605,2021-05-19 14:48:00,233.9,233.9,232.65,232.65,400,39850,239.23,232.05,233.6
8606,2021-05-19 14:49:00,233.9,233.9,232.65,232.65,400,39850,239.23,232.05,233.6
8607,2021-05-19 14:50:00,235.0,235.0,232.6,232.6,900,39700,239.16,232.05,233.5
8608,2021-05-19 14:51:00,232.6,233.0,232.6,233.0,50,40200,239.16,233.05,233.9
8609,2021-05-19 14:52:00,233.0,233.4,232.2,232.2,75,40200,239.15,233.1,234.35
8610,2021-05-19 14:53:00,230.1,230.1,225.0,226.45,400,40200,239.09,225.55,227.2
8611,2021-05-19 14:54:00,222.0,222.0,216.6,216.75,700,40700,238.89,217.85,219.0
8612,2021-05-19 14:55:00,219.0,225.65,219.0,221.2,200,40700,238.84,221.05,223.25
8613,2021-05-19 14:56:00,219.0,225.65,219.0,221.2,200,40700,238.84,221.05,223.25
8614,2021-05-19 14:57:00,226.6,226.6,226.6,226.6,25,40700,238.84,226.15,228.1
8615,2021-05-19 14:58:00,225.95,226.8,225.95,226.8,100,40775,238.82,225.35,227.7
8616,2021-05-19 14:59:00,228.0,230.85,227.25,230.85,125,40775,238.81,232.65,234.9
8617,2021-05-19 15:00:00,235.0,240.2,235.0,239.35,275,40725,238.8,238.55,240.7
8618,2021-05-19 15:01:00,240.75,242.5,237.35,238.2,375,40725,238.81,236.7,238.9
8619,2021-05-19 15:02:00,239.0,239.0,239.0,239.0,350,40725,238.81,238.2,240.3
8620,2021-05-19 15:03:00,238.75,238.75,238.75,238.75,50,40725,238.81,236.05,238.2
8621,2021-05-19 15:04:00,236.05,238.65,236.05,238.65,50,40725,238.81,237.4,239.1
8622,2021-05-19 15:05:00,236.4,239.0,234.55,239.0,600,40725,238.79,238.2,239.9
8623,2021-05-19 15:06:00,239.0,240.0,239.0,240.0,275,40725,238.79,239.85,241.0
8624,2021-05-19 15:07:00,241.0,241.0,240.2,240.2,100,40450,238.79,239.45,241.65
8625,2021-05-19 15:08:00,239.05,239.05,237.55,237.55,250,40450,238.79,236.45,238.0
8626,2021-05-19 15:09:00,237.6,237.6,237.6,237.6,25,40450,238.79,236.35,238.25
8627,2021-05-19 15:10:00,235.1,235.1,228.3,228.3,175,40475,238.78,232.8,234.4
8628,2021-05-19 15:11:00,239.0,239.0,239.0,239.0,100,40475,238.78,239.3,240.0
8629,2021-05-19 15:12:00,239.15,239.15,238.6,238.6,125,40475,238.78,238.35,239.95
8630,2021-05-19 15:13:00,238.6,238.6,238.35,238.35,100,40325,238.78,237.75,239.2
8631,2021-05-19 15:14:00,238.35,240.0,238.35,240.0,100,40325,238.78,238.95,240.55
8632,2021-05-19 15:15:00,239.65,239.65,239.05,239.05,75,40025,238.78,238.15,239.4
8633,2021-05-19 15:16:00,238.9,238.9,238.9,238.9,25,40025,238.78,239.2,240.85
8634,2021-05-19 15:17:00,239.5,241.0,239.5,241.0,175,40025,238.78,242.15,244.1
8635,2021-05-19 15:18:00,241.85,245.0,241.85,245.0,325,40000,238.8,244.8,246.5
8636,2021-05-19 15:19:00,245.8,246.75,244.75,246.75,225,40000,238.82,245.15,246.55
8637,2021-05-19 15:20:00,246.2,246.2,232.25,234.95,375,40000,238.82,237.55,239.1
8638,2021-05-19 15:21:00,237.4,242.65,237.4,242.65,325,39700,238.82,243.4,245.35
8639,2021-05-19 15:22:00,243.5,243.5,242.05,242.05,125,39700,238.82,242.0,243.55
8640,2021-05-19 15:23:00,242.1,242.1,238.5,238.5,550,39700,238.84,238.4,239.8
8641,2021-05-19 15:24:00,240.0,242.0,240.0,242.0,225,39700,238.85,240.9,242.5
8642,2021-05-19 15:25:00,241.3,242.05,235.05,235.8,600,39450,238.85,234.65,236.95
8643,2021-05-19 15:26:00,236.95,238.7,236.95,238.7,75,39450,238.85,236.45,238.35
8644,2021-05-19 15:27:00,236.45,240.4,236.45,240.4,375,39525,238.85,238.05,240.75
8645,2021-05-19 15:28:00,237.8,239.1,236.0,238.0,425,39525,238.84,237.0,239.65
8646,2021-05-19 15:29:00,237.8,239.1,236.0,238.0,425,39525,238.84,237.0,239.65
8647,2021-05-19 15:30:00,239.7,239.7,233.95,238.0,550,39525,238.84,232.5,238.0
8648,2021-05-20 09:15:00,210.05,236.75,190.15,195.3,750,39375,204.12,195.15,202.45
8649,2021-05-20 09:16:00,213.7,213.7,207.5,207.5,100,39375,204.88,203.2,207.6
8650,2021-05-20 09:17:00,204.7,211.55,204.7,211.55,200,39600,205.57,208.05,211.5
8651,2021-05-20 09:18:00,204.6,211.85,204.6,208.45,500,39600,206.85,206.2,208.4
8652,2021-05-20 09:19:00,207.0,212.0,205.0,210.0,750,39600,206.92,211.4,213.4
8653,2021-05-20 09:20:00,211.75,212.6,201.8,202.55,1100,40200,207.62,201.65,203.7
8654,2021-05-20 09:21:00,205.0,209.25,203.6,207.5,900,40200,207.32,206.0,207.5
8655,2021-05-20 09:22:00,206.05,215.65,206.05,208.75,750,40200,207.68,207.75,210.1
8656,2021-05-20 09:23:00,207.0,208.45,204.85,208.3,875,40450,207.54,205.8,207.55
8657,2021-05-20 09:24:00,206.45,206.6,203.45,204.55,700,40450,207.26,203.55,204.55
8658,2021-05-20 09:25:00,203.55,208.1,200.15,207.5,2300,40450,206.39,206.55,207.95
8659,2021-05-20 09:26:00,207.9,220.8,207.45,217.35,2650,41800,208.02,216.4,218.35
8660,2021-05-20 09:27:00,214.5,228.0,211.65,222.4,1475,41800,209.23,220.95,222.6
8661,2021-05-20 09:28:00,222.95,229.9,222.95,227.15,625,41800,210.01,225.95,227.65
8662,2021-05-20 09:29:00,229.35,234.95,227.1,234.05,1500,41600,212.13,234.85,236.75
8663,2021-05-20 09:30:00,234.65,249.55,234.55,234.55,1775,41600,215.17,233.75,236.1
8664,2021-05-20 09:31:00,230.05,232.55,224.0,227.85,1000,41600,215.87,227.6,229.25
8665,2021-05-20 09:32:00,229.85,244.0,229.85,241.95,925,41725,217.05,241.95,243.65
8666,2021-05-20 09:33:00,241.35,244.8,235.75,241.2,1425,41725,218.76,241.0,242.7
8667,2021-05-20 09:34:00,239.45,245.6,239.45,243.4,2500,41725,221.34,242.65,244.65
8668,2021-05-20 09:35:00,245.7,248.0,238.2,240.55,875,41675,222.18,242.55,244.4
8669,2021-05-20 09:36:00,244.15,244.15,233.5,237.15,675,41675,222.66,234.6,236.1
8670,2021-05-20 09:37:00,233.8,235.2,229.8,235.0,1450,41675,223.2,232.55,234.45
8671,2021-05-20 09:38:00,232.55,241.6,227.8,236.95,1575,42850,223.83,236.1,237.9
8672,2021-05-20 09:39:00,237.7,238.4,235.45,235.95,675,42850,224.14,234.7,236.3
8673,2021-05-20 09:40:00,234.0,236.45,233.3,236.2,550,42850,224.34,235.45,237.0
8674,2021-05-20 09:41:00,233.55,234.2,229.25,229.25,500,42800,224.48,228.75,230.4
8675,2021-05-20 09:42:00,230.35,232.45,223.4,223.4,1250,42800,224.68,223.1,224.55
8676,2021-05-20 09:43:00,224.05,229.4,224.05,226.25,475,42800,224.71,224.75,226.65
8677,2021-05-20 09:44:00,224.3,226.65,218.95,223.2,1400,43150,224.57,221.85,223.2
8678,2021-05-20 09:45:00,221.0,221.95,215.5,217.5,1450,43150,224.25,216.0,217.9
8679,2021-05-20 09:46:00,217.9,228.7,217.9,228.7,725,43150,224.22,228.35,229.75
8680,2021-05-20 09:47:00,230.0,232.9,226.3,226.3,1075,43050,224.38,225.4,226.85
8681,2021-05-20 09:48:00,225.7,227.55,224.4,226.25,550,43050,224.4,225.6,226.85
8682,2021-05-20 09:49:00,225.7,227.9,225.15,225.8,175,43050,224.41,223.65,224.95
8683,2021-05-20 09:50:00,225.2,227.45,225.2,226.0,300,43200,224.42,224.9,226.3
8684,2021-05-20 09:51:00,224.25,226.35,223.7,223.75,225,43200,224.43,223.3,224.65
8685,2021-05-20 09:52:00,219.85,221.6,217.4,220.75,925,43200,224.29,220.0,221.35
8686,2021-05-20 09:53:00,220.9,225.15,218.0,218.0,675,43225,224.26,218.05,219.2
8687,2021-05-20 09:54:00,217.45,218.95,215.75,218.5,500,43225,224.17,217.05,218.55
8688,2021-05-20 09:55:00,216.6,219.55,213.25,213.3,675,43225,224.04,212.5,214.0
8689,2021-05-20 09:56:00,218.35,218.75,215.6,215.95,725,43450,223.91,215.7,217.2
8690,2021-05-20 09:57:00,217.75,217.75,216.0,216.85,200,43450,223.87,215.65,216.95
8691,2021-05-20 09:58:00,218.2,218.2,215.0,215.6,1150,43450,223.65,214.55,215.6
8692,2021-05-20 09:59:00,215.6,218.95,215.6,218.95,1950,45025,223.3,216.3,217.9
8693,2021-05-20 10:00:00,219.45,222.7,219.45,222.7,600,45025,223.27,223.0,224.25
8694,2021-05-20 10:01:00,222.4,226.45,222.4,225.2,425,45025,223.28,223.65,224.8
8695,2021-05-20 10:02:00,224.95,228.05,221.8,222.1,625,45100,223.3,221.2,222.5
8696,2021-05-20 10:03:00,220.35,220.35,206.7,209.5,1650,45100,222.92,208.55,210.15
8697,2021-05-20 10:04:00,208.8,214.3,208.8,214.3,425,45100,222.82,212.95,214.3
8698,2021-05-20 10:05:00,213.2,213.2,208.4,209.9,325,45150,222.73,211.35,212.8
8699,2021-05-20 10:06:00,210.7,212.5,210.3,210.3,200,45150,222.69,209.45,210.7
8700,2021-05-20 10:07:00,210.0,214.0,210.0,211.15,800,45150,222.52,209.9,211.3
8701,2021-05-20 10:08:00,212.7,212.7,205.65,208.2,1075,45550,222.21,206.85,208.25
8702,2021-05-20 10:09:00,209.1,209.1,205.9,205.95,325,45550,222.11,205.65,207.0
8703,2021-05-20 10:10:00,206.0,210.1,206.0,209.15,425,45550,222.0,209.0,210.45
8704,2021-05-20 10:11:00,210.4,212.05,208.45,210.95,450,45950,221.9,211.25,212.75
8705,2021-05-20 10:12:00,212.85,212.85,210.45,211.35,175,45950,221.86,206.5,208.2
8706,2021-05-20 10:13:00,208.2,208.2,207.5,207.8,125,45950,221.83,207.35,209.0
8707,2021-05-20 10:14:00,208.25,208.25,207.35,207.35,75,45875,221.81,205.9,207.3
8708,2021-05-20 10:15:00,205.95,205.95,198.3,198.3,500,45875,221.63,198.5,200.2
8709,2021-05-20 10:16:00,201.4,208.95,199.95,208.95,450,45875,221.49,207.65,208.85
8710,2021-05-20 10:17:00,208.8,210.35,208.45,210.35,275,45775,221.42,209.25,211.05
8711,2021-05-20 10:18:00,210.75,210.75,207.95,207.95,150,45775,221.39,208.5,209.75
8712,2021-05-20 10:19:00,207.45,207.45,206.0,207.3,175,45775,221.34,206.7,207.8
8713,2021-05-20 10:20:00,207.8,211.2,206.3,208.0,900,45575,221.14,207.0,208.6
8714,2021-05-20 10:21:00,206.5,207.4,204.6,204.6,1075,45575,220.84,203.1,204.65
8715,2021-05-20 10:22:00,205.35,206.0,204.65,205.95,250,45575,220.78,206.2,207.55
8716,2021-05-20 10:23:00,206.0,210.2,206.0,209.65,275,45700,220.72,209.2,210.9
8717,2021-05-20 10:24:00,209.55,210.95,207.8,207.8,450,45700,220.63,206.6,207.9
8718,2021-05-20 10:25:00,209.15,211.4,209.15,211.4,250,45700,220.58,210.35,212.05
8719,2021-05-20 10:26:00,210.65,211.7,209.75,210.65,675,45850,220.46,209.8,211.75
8720,2021-05-20 10:27:00,211.7,216.1,210.1,216.1,850,45850,220.35,216.8,218.8
8721,2021-05-20 10:28:00,218.8,218.8,213.55,214.45,575,45850,220.3,214.3,216.1
8722,2021-05-20 10:29:00,216.15,217.8,214.35,217.8,1300,45875,220.21,215.45,217.0
8723,2021-05-20 10:30:00,218.05,218.05,214.3,214.3,400,45875,220.18,215.1,216.65
8724,2021-05-20 10:31:00,215.95,218.4,214.95,214.95,500,45875,220.14,214.45,215.7
8725,2021-05-20 10:32:00,212.0,216.5,212.0,216.5,375,45125,220.11,216.1,217.55
8726,2021-05-20 10:33:00,218.05,223.05,217.15,218.35,350,45125,220.1,219.85,221.6
8727,2021-05-20 10:34:00,220.95,221.55,219.1,220.85,350,45125,220.1,218.95,220.7
8728,2021-05-20 10:35:00,218.8,218.8,213.05,214.2,375,45425,220.07,214.3,216.2
8729,2021-05-20 10:36:00,216.45,216.45,211.75,212.55,425,45425,220.04,211.85,213.5
8730,2021-05-20 10:37:00,214.65,216.45,214.65,216.2,200,45425,220.02,216.0,217.05
8731,2021-05-20 10:38:00,217.1,217.1,215.5,215.5,275,45475,220.01,215.45,216.85
8732,2021-05-20 10:39:00,216.35,216.35,215.65,215.65,150,45475,220.0,216.1,217.65
8733,2021-05-20 10:40:00,217.65,219.6,217.65,219.45,200,45475,220.0,218.35,219.5
8734,2021-05-20 10:41:00,219.55,219.55,219.55,219.55,50,45525,220.0,215.0,216.85
8735,2021-05-20 10:42:00,214.5,214.5,214.5,214.5,25,45525,219.99,214.35,215.9
8736,2021-05-20 10:43:00,211.3,212.7,211.3,212.7,300,45525,219.95,213.15,214.8
8737,2021-05-20 10:44:00,214.0,214.0,212.05,212.05,225,45475,219.93,211.4,212.95
8738,2021-05-20 10:45:00,209.85,215.0,209.85,214.8,300,45475,219.9,213.35,215.2
8739,2021-05-20 10:46:00,213.9,213.9,212.0,213.2,450,45475,219.85,212.8,214.6
8740,2021-05-20 10:47:00,214.0,215.6,214.0,215.1,125,45600,219.84,215.6,217.05
8741,2021-05-20 10:48:00,216.45,217.05,215.65,216.8,575,45600,219.81,215.95,217.65
8742,2021-05-20 10:49:00,216.45,217.05,215.65,216.8,575,45600,219.81,215.95,217.65
8743,2021-05-20 10:50:00,213.85,213.85,213.85,213.85,175,45600,219.8,213.0,214.5
8744,2021-05-20 10:51:00,211.45,215.05,211.45,213.5,1125,45875,219.68,212.3,213.6
8745,2021-05-20 10:52:00,212.0,213.1,212.0,212.75,200,45875,219.66,212.35,213.65
8746,2021-05-20 10:53:00,214.15,214.15,214.15,214.15,100,45875,219.65,213.3,214.45
8747,2021-05-20 10:54:00,214.5,214.5,214.5,214.5,275,46000,219.62,215.2,216.35
8748,2021-05-20 10:55:00,215.55,215.55,215.55,215.55,100,46000,219.61,216.75,218.3
8749,2021-05-20 10:56:00,217.1,218.05,214.1,214.1,950,46475,219.59,213.15,214.4
8750,2021-05-20 10:57:00,215.8,215.8,215.8,215.8,25,46475,219.58,213.75,215.35
8751,2021-05-20 10:58:00,213.1,213.4,213.05,213.4,250,46475,219.56,212.25,213.7
8752,2021-05-20 10:59:00,212.0,214.35,212.0,214.35,475,46625,219.52,212.55,213.75
8753,2021-05-20 11:00:00,213.0,214.8,207.0,207.0,800,46625,219.42,205.85,207.3
8754,2021-05-20 11:01:00,208.35,213.0,208.25,210.7,500,46625,219.35,209.65,211.3
8755,2021-05-20 11:02:00,211.85,213.2,211.85,212.85,300,46725,219.32,211.95,213.05
8756,2021-05-20 11:03:00,210.9,215.0,210.9,213.7,575,46725,219.26,212.55,213.45
8757,2021-05-20 11:04:00,211.35,211.35,211.35,211.35,400,46725,219.22,210.6,211.7
8758,2021-05-20 11:05:00,210.35,210.35,210.35,210.35,300,46650,219.19,209.15,210.95
8759,2021-05-20 11:06:00,212.0,212.0,211.65,211.65,325,46650,219.15,211.85,213.15
8760,2021-05-20 11:07:00,212.05,213.3,211.2,212.35,300,46650,219.12,212.1,213.35
8761,2021-05-20 11:08:00,211.3,213.65,211.3,213.0,425,46825,219.08,212.45,213.8
8762,2021-05-20 11:09:00,212.0,212.0,209.65,209.65,125,46825,219.07,209.5,210.6
8763,2021-05-20 11:10:00,207.65,209.45,207.65,208.7,575,46825,219.0,207.9,209.1
8764,2021-05-20 11:11:00,207.9,210.15,207.9,210.15,200,46825,218.97,209.9,211.35
8765,2021-05-20 11:12:00,210.8,210.8,209.3,209.3,375,47075,218.92,207.95,209.55
8766,2021-05-20 11:13:00,207.6,209.55,207.05,208.65,700,47075,218.82,207.05,208.55
8767,2021-05-20 11:14:00,209.4,209.4,206.35,207.0,350,47200,218.77,206.6,208.3
8768,2021-05-20 11:15:00,206.8,214.55,206.8,213.95,425,47200,218.73,213.35,214.5
8769,2021-05-20 11:16:00,212.7,212.9,211.3,212.15,300,47200,218.7,211.45,213.25
8770,2021-05-20 11:17:00,213.35,220.85,213.35,218.35,850,47400,218.7,217.5,219.2
8771,2021-05-20 11:18:00,219.7,224.55,219.55,219.8,1275,47400,218.75,218.4,219.85
8772,2021-05-20 11:19:00,221.0,222.45,217.8,219.1,425,47400,218.75,217.7,219.15
8773,2021-05-20 11:20:00,220.3,221.0,215.6,216.95,250,47400,218.75,220.6,221.85
8774,2021-05-20 11:21:00,222.6,222.6,219.25,220.05,350,47725,218.77,219.6,221.35
8775,2021-05-20 11:22:00,217.5,218.3,217.5,218.3,225,47725,218.76,217.0,218.35
8776,2021-05-20 11:23:00,219.05,219.95,219.05,219.95,75,47725,218.76,219.0,220.65
8777,2021-05-20 11:24:00,221.35,221.75,217.5,217.5,425,47675,218.77,216.45,218.5
8778,2021-05-20 11:25:00,219.15,219.2,218.95,219.2,150,47675,218.77,220.0,221.35
8779,2021-05-20 11:26:00,219.3,219.3,217.95,217.95,325,47675,218.77,217.8,219.35
8780,2021-05-20 11:27:00,213.6,214.75,213.3,214.75,575,47675,218.74,213.95,215.0
8781,2021-05-20 11:28:00,215.0,216.5,215.0,215.95,700,47675,218.72,215.35,216.95
8782,2021-05-20 11:29:00,216.95,218.85,216.2,218.25,300,48000,218.72,217.2,218.65
8783,2021-05-20 11:30:00,216.95,218.85,216.2,218.25,300,48000,218.72,217.2,218.65
8784,2021-05-20 11:31:00,219.95,219.95,217.8,217.8,800,48000,218.73,218.0,219.6
8785,2021-05-20 11:32:00,217.7,220.15,217.7,218.35,250,48000,218.73,217.05,218.85
8786,2021-05-20 11:33:00,218.9,219.95,218.9,219.95,225,47950,218.73,219.5,220.85
8787,2021-05-20 11:34:00,219.65,221.15,219.45,219.45,1075,47950,218.75,219.05,220.55
8788,2021-05-20 11:35:00,220.5,221.15,218.1,219.45,875,47950,218.76,218.35,219.6
8789,2021-05-20 11:36:00,219.8,219.8,213.8,213.8,475,49100,218.75,212.7,214.15
8790,2021-05-20 11:37:00,214.2,215.55,213.6,214.15,800,49100,218.71,212.8,213.95
8791,2021-05-20 11:38:00,211.7,218.45,211.7,215.65,425,49475,218.71,215.8,217.35
8792,2021-05-20 11:39:00,216.9,218.75,216.55,217.35,300,49475,218.7,216.35,217.6
8793,2021-05-20 11:40:00,216.9,218.75,216.55,217.35,300,49475,218.7,216.35,217.6
8794,2021-05-20 11:41:00,212.65,213.0,211.8,211.8,775,49475,218.66,211.8,213.45
8795,2021-05-20 11:42:00,210.0,211.25,208.85,210.65,750,50100,218.59,210.55,212.2
8796,2021-05-20 11:43:00,210.65,211.85,210.05,211.85,200,50100,218.57,211.65,212.7
8797,2021-05-20 11:44:00,214.05,214.15,211.5,212.9,475,50100,218.54,212.0,213.6
8798,2021-05-20 11:45:00,212.05,215.9,212.05,215.9,300,50225,218.52,215.35,216.65
8799,2021-05-20 11:46:00,213.3,213.3,213.3,213.3,275,50225,218.51,213.2,214.7
8800,2021-05-20 11:47:00,213.3,213.3,213.3,213.3,275,50225,218.51,213.2,214.7
8801,2021-05-20 11:48:00,209.95,210.3,209.05,210.05,750,49975,218.44,208.95,210.45
8802,2021-05-20 11:49:00,209.15,211.15,209.15,211.15,175,49975,218.42,210.15,211.65
8803,2021-05-20 11:50:00,210.95,210.95,210.95,210.95,225,49975,218.41,210.6,212.1
8804,2021-05-20 11:51:00,211.95,211.95,211.55,211.55,225,49975,218.39,210.0,211.4
8805,2021-05-20 11:52:00,210.0,210.0,205.0,207.7,550,49975,218.33,207.05,208.8
8806,2021-05-20 11:53:00,208.75,210.2,208.75,209.7,225,49975,218.3,208.8,209.95
8807,2021-05-20 11:54:00,210.8,214.2,210.45,211.85,450,50225,218.27,213.7,215.55
8808,2021-05-20 11:55:00,215.75,215.75,209.95,213.0,725,50225,218.23,212.2,213.85
8809,2021-05-20 11:56:00,213.1,213.9,213.1,213.9,100,50225,218.22,213.6,214.95
8810,2021-05-20 11:57:00,213.6,213.8,211.85,211.85,275,50125,218.21,211.05,212.55
8811,2021-05-20 11:58:00,210.95,213.75,210.95,213.75,225,50125,218.19,212.35,214.0
8812,2021-05-20 11:59:00,210.95,213.75,210.95,213.75,225,50125,218.19,212.35,214.0
8813,2021-05-20 12:00:00,212.7,216.0,212.7,214.95,350,50100,218.18,213.65,215.0
8814,2021-05-20 12:01:00,214.6,215.3,214.25,214.35,325,50100,218.17,214.9,216.45
8815,2021-05-20 12:02:00,215.25,215.35,213.75,215.35,300,50100,218.15,213.9,215.25
8816,2021-05-20 12:03:00,213.9,213.9,210.9,210.9,150,50275,218.15,210.1,211.7
8817,2021-05-20 12:04:00,212.0,212.0,209.7,209.7,1050,50275,218.06,209.9,211.85
8818,2021-05-20 12:05:00,211.65,211.65,208.25,209.4,325,50275,218.03,207.8,209.15
8819,2021-05-20 12:06:00,207.8,209.85,206.6,208.0,400,51350,217.99,206.55,208.5
8820,2021-05-20 12:07:00,208.0,212.55,207.25,211.6,275,51350,217.97,211.3,212.5
8821,2021-05-20 12:08:00,210.85,210.85,209.65,209.65,175,51350,217.95,209.15,210.6
8822,2021-05-20 12:09:00,211.1,211.75,211.0,211.0,100,51675,217.95,210.55,211.95
8823,2021-05-20 12:10:00,210.6,212.4,210.6,211.8,150,51675,217.94,210.7,212.4
8824,2021-05-20 12:11:00,210.45,210.45,210.45,210.45,50,51675,217.93,210.8,212.3
8825,2021-05-20 12:12:00,209.1,209.6,209.1,209.6,50,51100,217.93,208.4,209.9
8826,2021-05-20 12:13:00,207.75,209.75,207.75,208.75,700,51100,217.86,207.85,209.25
8827,2021-05-20 12:14:00,208.45,208.45,207.7,207.7,125,51100,217.85,207.3,208.55
8828,2021-05-20 12:15:00,208.4,210.85,208.4,208.75,175,51450,217.83,208.75,209.85
8829,2021-05-20 12:16:00,209.1,209.6,207.6,209.5,1575,51450,217.68,207.55,209.2
8830,2021-05-20 12:17:00,209.3,209.3,208.25,208.25,125,51450,217.67,207.4,208.65
8831,2021-05-20 12:18:00,208.95,210.15,208.95,209.85,125,52650,217.66,209.65,211.4
8832,2021-05-20 12:19:00,210.0,210.0,210.0,210.0,75,52650,217.65,212.4,213.65
8833,2021-05-20 12:20:00,210.9,223.2,210.9,215.65,2375,52650,217.64,216.25,217.75
8834,2021-05-20 12:21:00,218.65,219.4,215.1,215.1,275,52575,217.64,212.0,213.55
8835,2021-05-20 12:22:00,213.9,218.95,213.55,218.15,500,52575,217.63,217.5,219.15
8836,2021-05-20 12:23:00,218.0,219.55,217.8,219.45,175,52575,217.64,219.7,221.05
8837,2021-05-20 12:24:00,218.85,223.5,218.85,223.5,325,52150,217.65,222.75,224.05
8838,2021-05-20 12:25:00,222.0,223.05,219.7,219.7,175,52150,217.65,217.6,219.0
8839,2021-05-20 12:26:00,219.7,221.3,219.3,219.3,200,52150,217.66,219.0,220.2
8840,2021-05-20 12:27:00,219.0,227.05,219.0,223.35,775,51625,217.7,221.55,222.8
8841,2021-05-20 12:28:00,221.55,224.2,220.6,221.0,475,51625,217.72,220.85,222.5
8842,2021-05-20 12:29:00,222.15,227.0,221.8,227.0,625,51625,217.76,225.95,227.6
8843,2021-05-20 12:30:00,228.0,234.1,227.5,230.85,1450,51600,217.93,228.9,230.4
8844,2021-05-20 12:31:00,228.75,228.8,222.25,223.9,475,51600,217.96,222.8,224.0
8845,2021-05-20 12:32:00,223.3,227.65,222.7,227.65,500,51600,217.99,226.25,227.75
8846,2021-05-20 12:33:00,225.1,226.75,224.25,226.25,950,51525,218.06,226.4,227.9
8847,2021-05-20 12:34:00,226.3,226.3,223.35,224.05,550,51525,218.09,223.05,224.5
8848,2021-05-20 12:35:00,221.0,221.0,220.0,220.0,75,51525,218.09,217.55,218.75
8849,2021-05-20 12:36:00,217.1,219.35,217.1,217.3,275,51150,218.09,217.2,218.65
8850,2021-05-20 12:37:00,217.1,219.35,217.1,217.3,275,51150,218.09,217.2,218.65
8851,2021-05-20 12:38:00,221.65,221.65,221.65,221.65,475,51150,218.1,221.45,223.05
8852,2021-05-20 12:39:00,222.1,225.0,222.1,223.4,850,51250,218.13,222.75,224.15
8853,2021-05-20 12:40:00,224.5,224.5,222.0,223.0,125,51250,218.13,222.5,223.75
8854,2021-05-20 12:41:00,224.2,225.6,223.8,223.8,100,51250,218.14,223.4,224.65
8855,2021-05-20 12:42:00,225.8,226.0,225.45,225.45,325,50900,218.16,225.3,227.15
8856,2021-05-20 12:43:00,225.45,228.1,224.45,228.1,300,50900,218.18,226.95,228.6
8857,2021-05-20 12:44:00,227.0,227.0,223.85,223.85,350,50900,218.21,221.9,223.2
8858,2021-05-20 12:45:00,222.05,222.05,222.05,222.05,25,50900,218.21,219.8,221.5
8859,2021-05-20 12:46:00,219.55,219.7,219.2,219.7,125,51050,218.21,217.6,218.85
8860,2021-05-20 12:47:00,218.45,218.45,214.3,217.75,325,51050,218.2,217.7,218.8
8861,2021-05-20 12:48:00,219.3,219.3,215.85,215.85,475,51075,218.2,214.1,215.75
8862,2021-05-20 12:49:00,215.25,218.05,215.25,218.05,950,51075,218.17,216.35,218.25
8863,2021-05-20 12:50:00,217.55,220.55,217.55,219.55,1300,51075,218.19,218.45,220.0
8864,2021-05-20 12:51:00,219.8,220.45,217.65,217.65,575,51400,218.2,216.6,218.15
8865,2021-05-20 12:52:00,219.0,220.25,218.05,219.35,300,51400,218.2,216.35,217.8
8866,2021-05-20 12:53:00,215.0,215.7,213.95,215.7,350,51400,218.19,216.25,217.45
8867,2021-05-20 12:54:00,216.1,216.9,215.2,216.9,125,51400,218.18,217.85,219.0
8868,2021-05-20 12:55:00,218.85,220.1,218.85,220.1,200,51400,218.19,220.5,221.65
8869,2021-05-20 12:56:00,220.5,221.55,218.25,218.25,325,51400,218.19,217.1,218.5
8870,2021-05-20 12:57:00,215.1,215.1,213.3,214.15,450,51150,218.18,212.7,214.1
8871,2021-05-20 12:58:00,214.75,218.4,214.75,217.35,150,51150,218.18,216.55,218.2
8872,2021-05-20 12:59:00,215.5,218.45,214.7,218.45,500,51150,218.17,217.75,219.2
8873,2021-05-20 13:00:00,219.25,219.35,213.35,217.55,275,51100,218.17,217.25,218.75
8874,2021-05-20 13:01:00,219.2,223.8,218.65,218.8,475,51100,218.18,217.75,219.5
8875,2021-05-20 13:02:00,217.8,217.8,217.8,217.8,25,51100,218.18,216.0,217.55
8876,2021-05-20 13:03:00,216.0,217.7,215.8,216.95,350,51075,218.17,216.3,217.75
8877,2021-05-20 13:04:00,217.7,217.7,214.9,214.9,225,51075,218.17,213.25,214.95
8878,2021-05-20 13:05:00,214.95,217.05,214.3,215.7,375,51075,218.16,215.6,217.4
8879,2021-05-20 13:06:00,216.9,218.3,215.8,215.8,200,51400,218.16,214.65,216.7
8880,2021-05-20 13:07:00,214.65,217.3,214.45,217.3,250,51400,218.15,216.0,217.65
8881,2021-05-20 13:08:00,215.9,215.9,214.75,214.75,200,51400,218.15,214.15,215.65
8882,2021-05-20 13:09:00,213.55,218.2,213.55,218.05,400,51200,218.14,217.25,218.7
8883,2021-05-20 13:10:00,218.65,218.65,217.7,217.7,100,51200,218.14,216.2,218.05
8884,2021-05-20 13:11:00,216.35,216.35,215.5,215.5,125,51200,218.14,215.8,217.1
8885,2021-05-20 13:12:00,218.0,221.0,218.0,219.45,175,51350,218.14,219.0,220.45
8886,2021-05-20 13:13:00,220.85,230.5,220.85,224.2,2350,51350,218.31,222.8,224.1
8887,2021-05-20 13:14:00,224.45,224.45,220.3,224.0,625,51350,218.33,227.5,228.95
8888,2021-05-20 13:15:00,229.0,237.3,227.45,227.45,1075,50650,218.45,226.75,228.4
8889,2021-05-20 13:16:00,226.35,227.0,220.8,225.9,525,50650,218.48,224.5,226.15
8890,2021-05-20 13:17:00,226.25,233.5,226.25,231.7,575,50650,218.54,231.15,233.05
8891,2021-05-20 13:18:00,231.1,232.05,230.0,232.0,275,50775,218.56,231.25,233.0
8892,2021-05-20 13:19:00,231.2,234.15,231.2,231.3,575,50775,218.63,234.3,235.7
8893,2021-05-20 13:20:00,234.35,234.35,230.15,232.85,575,50775,218.69,231.2,232.9
8894,2021-05-20 13:21:00,228.8,229.35,223.85,223.85,700,50675,218.73,222.9,224.45
8895,2021-05-20 13:22:00,225.25,225.25,219.0,219.0,375,50675,218.74,216.55,218.1
8896,2021-05-20 13:23:00,218.0,219.45,215.15,215.45,425,50675,218.73,216.2,217.65
8897,2021-05-20 13:24:00,217.25,221.4,217.25,221.4,375,50950,218.74,219.95,221.75
8898,2021-05-20 13:25:00,222.25,232.0,222.25,230.15,750,50950,218.8,229.1,230.9
8899,2021-05-20 13:26:00,229.85,230.35,225.9,227.95,600,50950,218.84,225.6,227.0
8900,2021-05-20 13:27:00,226.05,226.75,222.2,222.2,675,50975,218.87,221.75,222.95
8901,2021-05-20 13:28:00,222.3,224.35,222.3,224.35,250,50975,218.87,223.75,225.25
8902,2021-05-20 13:29:00,223.3,228.05,223.3,227.1,200,50975,218.89,227.15,228.85
8903,2021-05-20 13:30:00,230.0,234.75,228.0,228.8,2650,52025,219.14,227.55,228.9
8904,2021-05-20 13:31:00,230.25,232.4,229.25,229.4,1725,52025,219.28,229.75,231.4
8905,2021-05-20 13:32:00,230.35,232.1,230.35,230.6,325,52025,219.31,230.35,231.85
8906,2021-05-20 13:33:00,230.5,232.0,225.25,225.25,650,51725,219.36,225.0,226.2
8907,2021-05-20 13:34:00,226.75,230.3,226.75,228.6,700,51725,219.4,228.9,230.35
8908,2021-05-20 13:35:00,231.85,231.85,226.0,227.35,600,51725,219.44,226.1,227.4
8909,2021-05-20 13:36:00,227.45,227.45,225.0,225.0,100,51650,219.45,224.0,225.5
8910,2021-05-20 13:37:00,224.0,224.85,220.0,221.25,975,51650,219.46,220.95,222.45
8911,2021-05-20 13:38:00,222.65,226.4,222.65,226.4,250,51650,219.47,224.8,226.2
8912,2021-05-20 13:39:00,226.05,230.0,226.05,229.3,350,51675,219.49,228.75,230.25
8913,2021-05-20 13:40:00,228.95,228.95,224.85,224.85,300,51675,219.51,224.1,225.4
8914,2021-05-20 13:41:00,223.95,226.0,223.95,225.85,250,51675,219.52,224.55,226.0
8915,2021-05-20 13:42:00,224.75,232.0,224.75,229.6,475,51625,219.55,228.0,229.3
8916,2021-05-20 13:43:00,228.6,229.1,221.5,222.0,500,51625,219.57,222.2,223.95
8917,2021-05-20 13:44:00,223.95,224.65,222.65,222.75,475,51625,219.58,221.3,222.55
8918,2021-05-20 13:45:00,222.65,226.0,221.55,221.55,400,51750,219.6,220.8,222.45
8919,2021-05-20 13:46:00,221.9,221.9,212.05,214.4,3350,51750,219.5,213.3,214.65
8920,2021-05-20 13:47:00,212.7,218.9,212.7,218.75,525,51750,219.48,217.0,218.45
8921,2021-05-20 13:48:00,216.85,216.85,213.3,213.95,375,51650,219.47,215.25,217.2
8922,2021-05-20 13:49:00,218.3,218.8,215.6,218.45,400,51650,219.47,217.7,219.45
8923,2021-05-20 13:50:00,217.9,221.5,217.9,221.5,200,51650,219.47,220.1,221.55
8924,2021-05-20 13:51:00,221.0,221.5,218.95,218.95,225,51700,219.47,219.25,220.5
8925,2021-05-20 13:52:00,219.25,220.0,215.7,215.7,450,51700,219.46,215.75,216.85
8926,2021-05-20 13:53:00,218.0,218.0,214.0,215.55,475,51700,219.45,214.35,215.65
8927,2021-05-20 13:54:00,215.65,217.25,215.65,217.2,1300,51800,219.43,216.3,217.55
8928,2021-05-20 13:55:00,217.55,218.55,216.25,217.15,325,51800,219.43,215.95,217.25
8929,2021-05-20 13:56:00,218.35,221.0,218.35,221.0,175,51800,219.43,218.9,220.6
8930,2021-05-20 13:57:00,220.15,224.7,219.2,219.55,675,50975,219.44,218.5,219.95
8931,2021-05-20 13:58:00,219.65,220.95,219.25,220.4,450,50975,219.44,219.9,221.2
8932,2021-05-20 13:59:00,219.55,220.2,219.0,219.25,275,50975,219.44,217.9,219.05
8933,2021-05-20 14:00:00,219.1,223.9,219.0,219.05,875,50950,219.44,220.05,221.4
8934,2021-05-20 14:01:00,219.2,219.2,210.0,211.9,925,50950,219.42,211.1,212.45
8935,2021-05-20 14:02:00,212.65,212.65,198.3,210.0,2825,50950,219.13,209.3,210.5
8936,2021-05-20 14:03:00,208.25,211.3,206.55,211.3,425,50925,219.1,210.25,211.55
8937,2021-05-20 14:04:00,209.7,211.65,208.4,211.65,1425,50925,219.0,211.15,212.55
8938,2021-05-20 14:05:00,211.55,211.55,205.4,205.4,150,50925,218.99,205.35,206.8
8939,2021-05-20 14:06:00,209.05,210.85,206.3,210.85,625,51700,218.95,211.25,212.6
8940,2021-05-20 14:07:00,210.2,214.6,209.6,211.3,700,51700,218.92,211.8,212.95
8941,2021-05-20 14:08:00,213.5,216.05,213.3,214.7,225,51700,218.91,213.9,215.5
8942,2021-05-20 14:09:00,213.75,215.0,212.25,213.05,300,51825,218.9,213.9,215.1
8943,2021-05-20 14:10:00,213.8,213.8,213.8,213.8,125,51825,218.9,212.6,213.8
8944,2021-05-20 14:11:00,215.1,220.05,213.95,220.05,700,51825,218.89,219.35,220.95
8945,2021-05-20 14:12:00,219.2,220.4,216.5,219.9,400,51875,218.89,218.8,220.0
8946,2021-05-20 14:13:00,220.0,220.5,216.35,218.85,1675,51875,218.9,218.5,220.05
8947,2021-05-20 14:14:00,218.15,221.1,217.4,217.4,900,51875,218.9,215.05,216.55
8948,2021-05-20 14:15:00,217.5,222.3,217.5,221.45,625,50775,218.9,220.4,221.9
8949,2021-05-20 14:16:00,221.0,222.6,218.5,220.65,425,50775,218.9,220.0,221.15
8950,2021-05-20 14:17:00,221.15,222.0,219.55,221.25,850,50775,218.92,221.2,222.85
8951,2021-05-20 14:18:00,221.9,225.75,221.9,223.2,350,50725,218.93,222.65,223.8
8952,2021-05-20 14:19:00,222.65,222.65,217.7,220.85,775,50725,218.93,219.15,220.85
8953,2021-05-20 14:20:00,219.0,225.55,218.35,222.85,1250,50725,218.96,221.95,223.45
8954,2021-05-20 14:21:00,223.55,225.0,219.15,221.6,500,50850,218.97,222.0,223.35
8955,2021-05-20 14:22:00,222.0,222.0,216.6,216.75,325,50850,218.97,215.25,216.75
8956,2021-05-20 14:23:00,217.6,218.0,215.0,215.0,375,50850,218.96,213.15,214.6
8957,2021-05-20 14:24:00,214.65,222.55,211.55,222.55,775,51125,218.94,221.6,223.35
8958,2021-05-20 14:25:00,224.75,231.0,218.3,218.3,3075,51125,219.08,218.35,219.65
8959,2021-05-20 14:26:00,218.3,224.4,218.0,218.05,1050,51125,219.09,218.3,219.7
8960,2021-05-20 14:27:00,217.3,222.1,217.3,219.5,725,51925,219.1,218.35,219.9
8961,2021-05-20 14:28:00,219.85,224.25,219.85,222.6,575,51925,219.1,222.6,224.0
8962,2021-05-20 14:29:00,224.0,225.0,220.15,221.75,1125,51925,219.13,221.3,222.65
8963,2021-05-20 14:30:00,222.65,227.65,220.0,227.65,3250,50700,219.21,226.9,228.7
8964,2021-05-20 14:31:00,227.25,238.1,227.25,231.8,4550,50700,219.57,230.6,232.0
8965,2021-05-20 14:32:00,232.1,234.6,227.4,232.55,2225,50700,219.71,232.35,233.55
8966,2021-05-20 14:33:00,232.05,235.05,229.85,232.45,1075,50500,219.78,231.55,232.9
8967,2021-05-20 14:34:00,232.1,236.65,230.4,233.35,1150,50500,219.86,231.45,232.7
8968,2021-05-20 14:35:00,232.7,235.0,229.1,229.1,2625,50500,220.01,228.2,229.65
8969,2021-05-20 14:36:00,228.2,230.95,222.0,227.55,1675,49675,220.07,225.35,226.8
8970,2021-05-20 14:37:00,225.7,230.15,224.0,227.9,2275,49675,220.16,226.5,228.05
8971,2021-05-20 14:38:00,228.85,231.55,228.85,231.55,600,49675,220.19,230.55,232.1
8972,2021-05-20 14:39:00,232.2,239.2,229.2,237.4,2600,50100,220.37,236.55,238.55
8973,2021-05-20 14:40:00,237.8,239.4,230.0,233.1,1325,50100,220.46,231.95,233.55
8974,2021-05-20 14:41:00,234.15,234.15,227.45,230.8,750,50100,220.5,230.8,232.25
8975,2021-05-20 14:42:00,232.3,234.0,231.05,231.35,475,50100,220.52,228.95,230.2
8976,2021-05-20 14:43:00,231.75,231.75,230.75,231.0,700,50500,220.56,228.2,229.6
8977,2021-05-20 14:44:00,228.05,231.85,227.5,227.5,1525,50500,220.63,226.4,227.75
8978,2021-05-20 14:45:00,226.4,233.1,226.4,229.05,1125,50125,220.68,229.1,230.85
8979,2021-05-20 14:46:00,230.8,233.4,229.05,230.15,875,50125,220.72,230.05,231.45
8980,2021-05-20 14:47:00,230.0,235.0,228.2,229.15,1450,50125,220.79,228.05,229.55
8981,2021-05-20 14:48:00,228.0,240.75,228.0,238.05,1875,50075,220.93,237.2,239.2
8982,2021-05-20 14:49:00,235.2,242.95,235.2,238.65,3200,50075,221.2,237.75,239.3
8983,2021-05-20 14:50:00,238.15,243.0,237.45,239.75,1100,50075,221.29,238.65,240.15
8984,2021-05-20 14:51:00,240.15,247.9,240.15,246.8,2900,50075,221.61,244.7,245.95
8985,2021-05-20 14:52:00,244.3,270.25,243.5,262.4,25175,50075,225.42,261.75,263.45
8986,2021-05-20 14:53:00,262.25,288.25,260.7,286.3,8225,50075,226.96,286.5,288.15
8987,2021-05-20 14:54:00,287.2,290.75,275.65,287.7,4125,49250,227.88,285.75,287.65
8988,2021-05-20 14:55:00,287.65,290.0,281.1,285.9,3350,49250,228.63,285.35,287.2
8989,2021-05-20 14:56:00,284.4,288.7,282.8,286.35,5700,49250,229.86,284.35,286.4
8990,2021-05-20 14:57:00,287.0,291.2,282.65,283.8,3950,49450,230.69,283.8,285.5
8991,2021-05-20 14:58:00,285.7,293.7,283.55,285.5,4800,49450,231.73,286.5,288.1
8992,2021-05-20 14:59:00,285.5,289.3,283.55,286.4,2750,49450,232.27,285.45,287.45
8993,2021-05-20 15:00:00,285.7,298.2,279.1,298.2,3450,50500,232.95,297.5,299.1
8994,2021-05-20 15:01:00,297.75,307.7,296.0,307.7,2400,50500,233.55,307.25,308.7
8995,2021-05-20 15:02:00,307.25,311.8,297.05,308.35,2700,50500,234.24,306.95,308.55
8996,2021-05-20 15:03:00,308.45,311.2,302.05,304.95,7800,51725,236.18,306.0,307.9
8997,2021-05-20 15:04:00,302.1,302.1,290.3,294.75,6750,51725,237.56,292.7,294.0
8998,2021-05-20 15:05:00,291.95,296.05,284.7,285.15,2875,51725,238.05,284.65,286.2
8999,2021-05-20 15:06:00,284.0,285.45,281.9,281.9,2750,52075,238.47,282.4,283.7
9000,2021-05-20 15:07:00,282.4,285.5,280.15,282.95,2850,52075,238.88,282.85,284.35
9001,2021-05-20 15:08:00,282.8,282.8,278.3,278.65,1600,52075,239.09,278.7,280.05
9002,2021-05-20 15:09:00,280.4,285.3,279.2,281.1,1775,49175,239.34,280.0,280.95
9003,2021-05-20 15:10:00,280.0,283.55,280.0,283.0,1175,49175,239.5,282.55,283.85
9004,2021-05-20 15:11:00,284.25,284.25,272.55,272.55,2300,49175,239.78,272.25,273.35
9005,2021-05-20 15:12:00,271.4,272.85,265.5,266.1,1750,50100,239.94,265.8,266.45
9006,2021-05-20 15:13:00,266.45,268.05,264.15,268.05,2125,50100,240.12,266.9,268.35
9007,2021-05-20 15:14:00,267.75,283.0,267.75,282.95,2825,50100,240.41,282.55,284.1
9008,2021-05-20 15:15:00,283.35,294.3,283.35,294.3,1450,49525,240.63,295.0,296.3
9009,2021-05-20 15:16:00,295.25,299.25,295.1,299.25,1950,49525,240.97,297.9,299.0
9010,2021-05-20 15:17:00,299.2,307.0,298.35,304.6,2450,49525,241.44,304.65,305.6
9011,2021-05-20 15:18:00,305.6,305.6,296.15,296.2,1275,50050,241.68,295.8,297.25
9012,2021-05-20 15:19:00,296.95,296.95,285.75,285.75,1025,50050,241.83,285.45,286.7
9013,2021-05-20 15:20:00,285.4,287.05,283.0,286.7,1575,50050,242.04,285.85,286.9
9014,2021-05-20 15:21:00,286.1,287.3,283.05,283.4,1275,50525,242.2,282.75,283.9
9015,2021-05-20 15:22:00,283.0,283.75,276.95,277.65,2475,50525,242.48,276.35,277.65
9016,2021-05-20 15:23:00,275.75,275.75,273.0,275.1,1500,50525,242.62,274.7,276.1
9017,2021-05-20 15:24:00,276.1,276.25,273.95,275.9,975,50075,242.72,275.0,275.9
9018,2021-05-20 15:25:00,275.4,275.4,269.95,270.15,2225,50075,242.91,270.55,271.8
9019,2021-05-20 15:26:00,271.3,272.85,269.6,271.35,2900,50075,243.15,271.6,272.95
9020,2021-05-20 15:27:00,272.95,273.9,271.5,272.1,3775,50500,243.47,272.15,273.85
9021,2021-05-20 15:28:00,272.75,274.0,270.15,271.35,2300,50500,243.67,270.05,271.7
9022,2021-05-20 15:29:00,272.75,274.0,270.15,271.35,2300,50500,243.67,270.05,271.7
9023,2021-05-20 15:30:00,271.7,288.25,269.8,288.25,5900,50500,244.22,272.35,288.25
9024,2021-05-21 09:15:00,219.95,219.95,164.95,166.15,11775,51900,174.36,164.25,165.55
9025,2021-05-21 09:16:00,164.2,167.5,158.7,166.8,11000,51900,170.1,166.3,167.2
9026,2021-05-21 09:17:00,166.9,166.9,158.6,158.6,7950,60125,168.05,158.65,159.45
9027,2021-05-21 09:18:00,159.65,159.65,154.55,157.0,9525,60125,165.5,156.1,156.95
9028,2021-05-21 09:19:00,156.0,160.75,153.75,157.15,8325,60125,164.0,156.9,157.5
9029,2021-05-21 09:20:00,156.0,156.0,148.55,152.25,11875,66350,161.82,152.0,152.55
9030,2021-05-21 09:21:00,152.0,159.2,152.0,157.55,13225,66350,160.83,157.45,157.9
9031,2021-05-21 09:22:00,156.95,163.1,156.5,159.35,9375,66350,160.75,158.9,159.4
9032,2021-05-21 09:23:00,159.45,162.5,158.3,159.75,11600,71800,160.75,159.15,159.5
9033,2021-05-21 09:24:00,158.25,161.65,158.25,159.4,8950,71800,160.68,159.5,159.85
9034,2021-05-21 09:25:00,159.7,163.75,158.75,159.4,11500,71800,160.71,159.05,159.4
9035,2021-05-21 09:26:00,158.95,159.0,148.3,151.05,15050,80275,159.92,150.6,151.0
9036,2021-05-21 09:27:00,150.4,151.6,145.55,147.6,13925,80275,158.91,147.6,148.0
9037,2021-05-21 09:28:00,147.45,150.0,145.0,148.0,9600,80275,158.19,147.8,148.15
9038,2021-05-21 09:29:00,147.45,149.65,142.9,144.0,6375,89450,157.7,143.3,143.85
9039,2021-05-21 09:30:00,144.15,144.15,138.6,141.25,12675,89450,156.49,140.85,141.45
9040,2021-05-21 09:31:00,141.25,145.95,140.7,144.35,9500,89450,155.85,144.05,144.6
9041,2021-05-21 09:32:00,144.8,145.9,142.7,145.6,9550,92525,155.27,145.15,145.65
9042,2021-05-21 09:33:00,146.0,146.2,137.1,137.75,9800,92525,154.62,137.3,137.7
9043,2021-05-21 09:34:00,137.15,137.15,129.8,133.0,17750,92525,152.85,132.7,133.1
9044,2021-05-21 09:35:00,132.35,133.05,127.3,130.8,11525,101075,151.73,130.45,130.9
9045,2021-05-21 09:36:00,130.15,133.5,129.95,132.65,5900,101075,151.24,131.6,132.15
9046,2021-05-21 09:37:00,132.05,132.65,130.0,132.0,9325,101075,150.45,131.25,131.9
9047,2021-05-21 09:38:00,130.95,131.9,125.4,127.7,11700,103750,149.46,127.2,127.75
9048,2021-05-21 09:39:00,127.2,129.15,125.75,126.2,18950,103750,147.93,125.95,126.6
9049,2021-05-21 09:40:00,126.4,129.9,126.4,129.8,7300,103750,147.43,129.55,130.15
9050,2021-05-21 09:41:00,130.45,130.75,127.55,127.95,5375,116375,147.09,127.75,128.3
9051,2021-05-21 09:42:00,128.0,132.0,127.95,130.35,3075,116375,146.92,130.0,130.3
9052,2021-05-21 09:43:00,130.3,132.15,128.9,129.95,4775,116375,146.65,129.25,129.7
9053,2021-05-21 09:44:00,129.8,130.05,123.0,124.3,8925,117225,146.09,124.55,125.0
9054,2021-05-21 09:45:00,124.3,127.6,122.25,127.2,18925,117225,144.86,126.8,127.45
9055,2021-05-21 09:46:00,127.65,127.7,124.6,125.6,5975,117225,144.52,125.25,125.8
9056,2021-05-21 09:47:00,125.4,127.05,124.55,126.75,6125,115250,144.18,126.5,127.05
9057,2021-05-21 09:48:00,126.55,127.55,125.4,125.85,3900,115250,143.98,125.75,126.2
9058,2021-05-21 09:49:00,126.25,126.45,124.3,125.1,3200,115250,143.81,124.5,125.05
9059,2021-05-21 09:50:00,124.45,125.1,121.1,121.3,7825,114350,143.35,121.15,121.4
9060,2021-05-21 09:51:00,119.35,121.75,115.7,121.75,17975,114350,142.19,121.4,121.85
9061,2021-05-21 09:52:00,121.6,125.1,120.8,125.1,5325,114350,141.92,125.55,126.0
9062,2021-05-21 09:53:00,125.35,125.4,120.3,120.6,6000,114150,141.63,120.1,120.65
9063,2021-05-21 09:54:00,120.3,124.0,120.25,123.65,6375,114150,141.29,123.8,124.0
9064,2021-05-21 09:55:00,124.0,124.5,120.4,124.25,7250,114150,140.94,123.7,124.0
9065,2021-05-21 09:56:00,123.8,124.05,121.3,122.8,6200,116875,140.66,122.15,122.6
9066,2021-05-21 09:57:00,122.0,123.45,119.85,121.05,5000,116875,140.42,120.95,121.35
9067,2021-05-21 09:58:00,120.9,122.5,120.4,121.25,4500,116875,140.21,121.15,121.3
9068,2021-05-21 09:59:00,121.15,121.45,119.85,119.85,3575,119750,140.04,119.85,120.4
9069,2021-05-21 10:00:00,119.8,124.75,118.4,124.75,4300,119750,139.85,124.2,124.5
9070,2021-05-21 10:01:00,123.95,126.1,122.65,123.35,8425,119750,139.53,123.25,123.7
9071,2021-05-21 10:02:00,123.1,123.8,117.4,117.4,4300,121850,139.35,117.1,117.7
9072,2021-05-21 10:03:00,117.05,117.95,108.2,110.45,11850,121850,138.63,110.4,110.75
9073,2021-05-21 10:04:00,110.4,112.45,109.65,111.3,10625,121850,137.99,111.3,111.7
9074,2021-05-21 10:05:00,111.25,112.05,109.05,111.6,3550,122600,137.77,111.65,112.05
9075,2021-05-21 10:06:00,111.75,114.65,111.3,113.5,3800,122600,137.57,113.3,113.8
9076,2021-05-21 10:07:00,113.2,114.15,111.3,113.2,1800,122600,137.47,113.35,113.85
9077,2021-05-21 10:08:00,113.8,113.8,111.7,112.65,1550,122925,137.39,113.0,113.1
9078,2021-05-21 10:09:00,113.3,114.6,112.5,114.4,4350,122925,137.17,114.1,114.35
9079,2021-05-21 10:10:00,114.1,116.15,113.45,116.0,3700,122925,137.0,115.4,116.05
9080,2021-05-21 10:11:00,116.0,117.4,114.2,117.0,4475,124075,136.8,116.5,117.0
9081,2021-05-21 10:12:00,116.7,118.05,114.95,115.5,1725,124075,136.73,114.85,115.35
9082,2021-05-21 10:13:00,115.15,118.0,115.05,118.0,3800,124075,136.57,117.35,117.65
9083,2021-05-21 10:14:00,117.7,117.7,115.0,116.35,1550,122975,136.51,116.05,116.5
9084,2021-05-21 10:15:00,115.6,115.9,110.7,112.1,3950,122975,136.32,111.75,112.25
9085,2021-05-21 10:16:00,111.5,113.7,111.0,113.0,1950,122975,136.22,112.7,113.25
9086,2021-05-21 10:17:00,113.25,113.3,111.2,113.3,2525,124350,136.1,112.25,112.65
9087,2021-05-21 10:18:00,112.3,112.45,107.25,107.65,4125,124350,135.88,107.25,107.7
9088,2021-05-21 10:19:00,107.4,107.4,100.7,103.1,14250,124350,134.96,102.45,103.05
9089,2021-05-21 10:20:00,102.1,105.7,101.95,105.25,9650,125625,134.38,105.15,105.6
9090,2021-05-21 10:21:00,105.15,107.75,104.75,106.4,7750,125625,133.97,106.35,106.75
9091,2021-05-21 10:22:00,107.05,108.55,106.6,106.8,17375,125625,133.14,106.75,107.25
9092,2021-05-21 10:23:00,106.8,108.25,105.5,105.75,4525,121225,132.92,105.7,106.1
9093,2021-05-21 10:24:00,105.9,107.25,105.65,105.75,2150,121225,132.81,105.65,106.2
9094,2021-05-21 10:25:00,106.2,107.1,105.0,105.7,5250,121225,132.56,105.55,106.1
9095,2021-05-21 10:26:00,105.45,108.4,105.45,107.4,1750,118325,132.48,107.15,107.5
9096,2021-05-21 10:27:00,107.05,107.95,104.55,106.75,4250,118325,132.29,106.2,106.65
9097,2021-05-21 10:28:00,106.6,107.75,105.8,106.1,4725,118325,132.07,106.0,106.4
9098,2021-05-21 10:29:00,106.65,106.8,105.25,105.95,1950,120250,131.98,105.95,106.4
9099,2021-05-21 10:30:00,105.95,105.95,98.55,102.0,6225,120250,131.65,101.85,102.0
9100,2021-05-21 10:31:00,102.3,106.0,101.75,105.1,5250,120250,131.4,104.8,105.25
9101,2021-05-21 10:32:00,104.8,105.65,103.95,104.1,2500,119250,131.28,103.85,104.2
9102,2021-05-21 10:33:00,103.85,105.0,103.4,103.5,1425,119250,131.22,103.15,103.65
9103,2021-05-21 10:34:00,102.9,103.2,101.95,102.45,6250,119250,130.91,102.4,102.75
9104,2021-05-21 10:35:00,102.7,104.7,102.0,104.5,4200,118875,130.72,104.55,104.95
9105,2021-05-21 10:36:00,104.5,104.5,99.45,100.0,3825,118875,130.53,100.25,100.55
9106,2021-05-21 10:37:00,101.0,102.75,100.0,102.1,5525,118875,130.26,101.9,102.5
9107,2021-05-21 10:38:00,101.4,102.0,97.1,98.0,13075,125975,129.6,98.1,98.6
9108,2021-05-21 10:39:00,97.9,99.3,97.8,99.3,6975,125975,129.25,98.95,99.3
9109,2021-05-21 10:40:00,98.95,100.2,98.25,99.3,8900,125975,128.84,99.25,99.55
9110,2021-05-21 10:41:00,99.1,100.25,98.3,99.45,7500,123525,128.49,99.55,99.95
9111,2021-05-21 10:42:00,100.05,100.75,98.25,100.25,5050,123525,128.26,100.05,100.3
9112,2021-05-21 10:43:00,100.5,100.95,97.95,100.45,6100,123525,127.99,100.25,100.5
9113,2021-05-21 10:44:00,100.5,101.45,99.45,100.95,5650,123100,127.76,101.05,101.4
9114,2021-05-21 10:45:00,101.4,101.4,100.3,101.1,2525,123100,127.65,100.95,101.4
9115,2021-05-21 10:46:00,101.3,102.0,100.45,101.5,2450,123100,127.56,101.15,101.6
9116,2021-05-21 10:47:00,101.65,102.6,101.0,102.6,2850,123275,127.45,102.4,102.8
9117,2021-05-21 10:48:00,102.8,102.8,101.3,102.05,3275,123275,127.32,102.0,102.2
9118,2021-05-21 10:49:00,101.95,102.2,100.75,100.75,2825,123275,127.21,100.55,100.85
9119,2021-05-21 10:50:00,100.5,101.85,95.1,97.95,6800,122125,126.93,97.55,97.95
9120,2021-05-21 10:51:00,98.0,100.05,98.0,100.05,1600,122125,126.86,100.45,100.8
9121,2021-05-21 10:52:00,100.65,102.9,100.35,102.9,3150,122125,126.74,102.25,102.6
9122,2021-05-21 10:53:00,101.9,103.45,101.75,103.25,2325,121775,126.66,103.25,103.7
9123,2021-05-21 10:54:00,103.25,103.25,99.65,99.65,3700,121775,126.52,99.4,99.8
9124,2021-05-21 10:55:00,99.0,101.6,98.4,101.35,7775,121775,126.23,100.9,101.15
9125,2021-05-21 10:56:00,100.95,102.15,99.6,101.45,2525,121750,126.14,101.3,101.7
9126,2021-05-21 10:57:00,100.85,103.5,100.85,101.6,1650,121750,126.08,101.7,102.0
9127,2021-05-21 10:58:00,101.7,101.7,99.3,99.3,900,121750,126.05,99.35,99.75
9128,2021-05-21 10:59:00,98.75,100.9,98.75,100.9,2900,122625,125.94,100.1,100.4
9129,2021-05-21 11:00:00,100.0,103.95,100.0,103.1,5625,122625,125.75,102.95,103.25
9130,2021-05-21 11:01:00,103.0,104.7,101.55,102.8,6850,122625,125.53,102.55,102.95
9131,2021-05-21 11:02:00,103.15,103.15,100.1,100.95,1925,120550,125.47,100.7,101.1
9132,2021-05-21 11:03:00,101.2,102.35,100.65,101.65,2850,120550,125.38,101.85,102.25
9133,2021-05-21 11:04:00,101.75,103.3,101.5,101.5,1975,120550,125.32,101.95,102.35
9134,2021-05-21 11:05:00,102.2,102.4,100.5,102.1,3675,119600,125.19,101.8,102.2
9135,2021-05-21 11:06:00,102.6,103.35,101.95,103.35,1575,119600,125.15,103.0,103.4
9136,2021-05-21 11:07:00,103.6,103.9,102.6,102.95,1775,119600,125.09,102.6,103.05
9137,2021-05-21 11:08:00,103.65,105.55,102.7,102.8,3350,120400,125.0,102.5,102.8
9138,2021-05-21 11:09:00,102.5,102.5,100.45,101.0,1225,120400,124.96,101.7,101.95
9139,2021-05-21 11:10:00,101.15,104.05,101.0,103.85,1375,120400,124.92,103.8,104.05
9140,2021-05-21 11:11:00,103.85,104.1,102.55,103.55,1500,120675,124.87,103.6,104.0
9141,2021-05-21 11:12:00,104.0,104.0,102.0,103.85,1100,120675,124.84,103.3,103.7
9142,2021-05-21 11:13:00,103.2,103.2,102.25,103.0,1050,120675,124.81,102.6,103.0
9143,2021-05-21 11:14:00,102.55,103.35,101.5,102.35,650,120550,124.79,102.15,102.55
9144,2021-05-21 11:15:00,102.35,103.3,101.25,101.25,1375,120550,124.75,101.2,101.45
9145,2021-05-21 11:16:00,101.25,102.1,99.45,102.1,3600,120550,124.63,101.85,102.2
9146,2021-05-21 11:17:00,102.15,102.15,100.0,101.0,925,122125,124.6,100.1,100.5
9147,2021-05-21 11:18:00,100.15,101.05,99.0,99.25,1500,122125,124.56,99.45,99.8
9148,2021-05-21 11:19:00,99.3,100.25,99.05,100.2,800,122125,124.53,99.6,100.1
9149,2021-05-21 11:20:00,99.95,101.0,99.65,100.65,1200,121150,124.49,100.4,100.7
9150,2021-05-21 11:21:00,100.45,101.95,100.1,101.5,3100,121150,124.39,100.95,101.35
9151,2021-05-21 11:22:00,101.5,101.65,99.25,100.55,4700,121150,124.25,100.75,101.05
9152,2021-05-21 11:23:00,100.65,101.65,100.1,101.2,850,121150,124.22,100.85,101.3
9153,2021-05-21 11:24:00,101.3,102.05,99.3,100.25,1425,122325,124.18,100.85,101.35
9154,2021-05-21 11:25:00,100.8,100.8,97.0,97.85,4050,122325,124.04,97.5,97.8
9155,2021-05-21 11:26:00,97.8,101.0,96.9,100.0,2400,124375,123.96,100.45,100.85
9156,2021-05-21 11:27:00,100.4,101.0,99.6,100.4,2450,124375,123.89,100.15,100.55
9157,2021-05-21 11:28:00,100.4,100.4,99.1,100.3,1500,124375,123.84,100.1,100.45
9158,2021-05-21 11:29:00,100.1,100.75,99.9,100.45,925,123750,123.82,100.25,100.55
9159,2021-05-21 11:30:00,99.75,99.75,97.55,98.7,3650,123750,123.7,98.4,98.85
9160,2021-05-21 11:31:00,98.85,99.2,97.25,97.75,2675,123750,123.61,97.4,97.8
9161,2021-05-21 11:32:00,97.5,98.2,92.85,95.4,12975,123475,123.14,95.05,95.4
9162,2021-05-21 11:33:00,95.1,95.85,94.45,95.85,5375,123475,122.95,95.4,95.8
9163,2021-05-21 11:34:00,95.3,96.6,95.3,96.6,2000,123475,122.88,96.35,96.55
9164,2021-05-21 11:35:00,96.55,97.2,95.75,97.2,2750,122400,122.79,96.85,97.15
9165,2021-05-21 11:36:00,97.0,98.05,96.2,96.45,1175,122400,122.76,96.4,96.8
9166,2021-05-21 11:37:00,97.0,97.85,96.3,97.85,1700,122400,122.7,97.85,98.15
9167,2021-05-21 11:38:00,98.15,98.15,96.55,97.6,875,121250,122.68,97.65,98.0
9168,2021-05-21 11:39:00,97.5,97.7,96.5,96.65,1300,121250,122.63,96.45,96.8
9169,2021-05-21 11:40:00,96.6,96.9,96.0,96.1,1800,121250,122.58,96.1,96.5
9170,2021-05-21 11:41:00,96.1,97.1,95.75,96.9,1550,120950,122.53,96.55,96.85
9171,2021-05-21 11:42:00,96.8,98.0,96.5,97.95,1150,120950,122.49,97.25,97.6
9172,2021-05-21 11:43:00,97.2,97.2,96.4,96.95,1825,120950,122.43,96.7,97.05
9173,2021-05-21 11:44:00,96.55,97.4,96.45,96.85,2125,120450,122.37,96.6,96.95
9174,2021-05-21 11:45:00,96.65,97.75,95.25,95.25,2925,120450,122.27,95.3,95.7
9175,2021-05-21 11:46:00,95.9,96.85,95.8,96.85,2225,120450,122.2,96.35,96.75
9176,2021-05-21 11:47:00,96.95,98.3,96.5,98.3,1825,120250,122.15,97.8,98.25
9177,2021-05-21 11:48:00,97.95,98.65,97.7,98.35,1275,120250,122.11,98.1,98.25
9178,2021-05-21 11:49:00,98.5,103.6,98.3,102.15,6150,120250,121.95,102.0,102.25
9179,2021-05-21 11:50:00,102.3,103.35,100.3,100.3,4400,120025,121.85,100.0,100.25
9180,2021-05-21 11:51:00,100.0,102.2,100.0,100.1,2500,120025,121.79,100.05,100.4
9181,2021-05-21 11:52:00,100.8,101.2,100.25,101.2,400,120025,121.78,100.9,101.2
9182,2021-05-21 11:53:00,101.25,101.5,98.6,99.75,1450,120025,121.74,99.45,99.75
9183,2021-05-21 11:54:00,99.8,100.45,97.5,100.45,550,120725,121.72,100.15,100.5
9184,2021-05-21 11:55:00,100.05,100.3,99.35,99.75,650,120725,121.71,99.45,99.9
9185,2021-05-21 11:56:00,100.45,102.55,100.3,100.55,1825,120725,121.66,100.9,101.35
9186,2021-05-21 11:57:00,100.65,102.3,100.65,101.0,1100,120750,121.64,100.9,101.4
9187,2021-05-21 11:58:00,101.25,101.25,100.65,101.2,450,120750,121.63,101.05,101.4
9188,2021-05-21 11:59:00,101.6,101.8,100.3,101.35,6050,124925,121.48,101.3,101.75
9189,2021-05-21 12:00:00,101.25,101.6,100.55,101.2,2575,124925,121.42,101.15,101.55
9190,2021-05-21 12:01:00,101.05,101.3,97.35,98.45,3125,124925,121.34,98.45,98.85
9191,2021-05-21 12:02:00,98.4,99.95,97.85,99.55,2000,124925,121.28,99.4,99.7
9192,2021-05-21 12:03:00,99.7,101.0,99.7,100.3,800,124675,121.26,100.25,100.6
9193,2021-05-21 12:04:00,100.8,101.95,100.8,101.15,1275,124675,121.24,101.3,101.75
9194,2021-05-21 12:05:00,101.8,102.85,100.0,101.95,4575,124425,121.13,101.8,102.2
9195,2021-05-21 12:06:00,101.8,102.6,101.4,102.1,2875,124425,121.07,101.75,102.15
9196,2021-05-21 12:07:00,102.1,104.3,101.6,103.2,3725,124425,120.99,103.25,103.65
9197,2021-05-21 12:08:00,102.75,102.75,100.5,102.0,2400,124425,120.93,102.45,102.95
9198,2021-05-21 12:09:00,102.9,104.9,102.9,103.0,1650,126175,120.9,102.8,103.15
9199,2021-05-21 12:10:00,102.8,105.25,102.8,103.25,3100,126175,120.84,102.75,103.1
9200,2021-05-21 12:11:00,102.25,102.25,100.8,101.0,2650,126175,120.78,100.85,101.3
9201,2021-05-21 12:12:00,101.0,101.5,99.0,101.2,3125,125250,120.71,101.25,101.5
9202,2021-05-21 12:13:00,101.5,101.7,99.45,99.65,600,125250,120.7,99.3,99.6
9203,2021-05-21 12:14:00,98.9,101.05,98.9,100.35,675,125250,120.68,100.95,101.3
9204,2021-05-21 12:15:00,101.25,101.4,98.0,98.0,1425,123825,120.65,97.6,97.95
9205,2021-05-21 12:16:00,97.7,98.85,96.8,96.8,5250,123825,120.51,96.65,97.1
9206,2021-05-21 12:17:00,96.4,98.7,96.4,98.7,1800,123825,120.46,97.8,98.1
9207,2021-05-21 12:18:00,97.85,99.05,97.65,99.05,850,122900,120.44,98.85,99.2
9208,2021-05-21 12:19:00,99.35,99.95,98.0,98.65,1450,122900,120.41,99.0,99.35
9209,2021-05-21 12:20:00,99.05,99.3,97.5,98.6,1675,122900,120.37,98.6,98.85
9210,2021-05-21 12:21:00,98.6,99.0,97.65,98.0,750,122125,120.35,98.0,98.2
9211,2021-05-21 12:22:00,98.0,98.1,97.0,97.0,1550,122125,120.31,96.8,97.35
9212,2021-05-21 12:23:00,96.65,98.1,95.4,98.1,1875,122125,120.26,97.75,98.1
9213,2021-05-21 12:24:00,98.0,98.0,96.15,96.6,700,121825,120.24,96.35,96.7
9214,2021-05-21 12:25:00,96.65,97.25,96.35,96.55,1750,121825,120.19,96.35,96.7
9215,2021-05-21 12:26:00,96.35,96.75,96.0,96.0,2450,121825,120.13,96.25,96.5
9216,2021-05-21 12:27:00,96.8,97.3,96.1,96.15,2400,120875,120.07,96.0,96.35
9217,2021-05-21 12:28:00,95.7,97.35,95.7,97.35,1700,120875,120.02,97.1,97.5
9218,2021-05-21 12:29:00,97.1,97.55,96.4,96.9,1975,120875,119.97,96.8,97.3
9219,2021-05-21 12:30:00,97.5,99.15,97.3,98.8,3475,120025,119.89,98.6,98.9
9220,2021-05-21 12:31:00,98.85,99.25,97.6,98.6,3125,120025,119.82,98.6,98.95
9221,2021-05-21 12:32:00,98.65,98.85,97.25,97.25,1525,120025,119.78,97.05,97.4
9222,2021-05-21 12:33:00,97.05,97.05,96.15,96.8,2500,120575,119.72,96.4,96.75
9223,2021-05-21 12:34:00,96.4,98.0,96.0,97.95,1425,120575,119.68,97.75,98.0
9224,2021-05-21 12:35:00,98.2,98.45,97.35,97.6,1100,120575,119.66,97.75,98.1
9225,2021-05-21 12:36:00,97.65,99.0,97.65,98.75,1575,120500,119.62,98.4,98.85
9226,2021-05-21 12:37:00,99.0,100.4,98.35,100.15,1275,120500,119.59,99.65,100.05
9227,2021-05-21 12:38:00,100.4,101.0,99.1,100.55,950,120500,119.57,100.2,100.6
9228,2021-05-21 12:39:00,100.55,100.95,99.8,100.45,750,121025,119.56,100.25,100.65
9229,2021-05-21 12:40:00,100.8,100.8,99.0,100.3,875,121025,119.54,99.9,100.3
9230,2021-05-21 12:41:00,100.3,102.45,100.3,102.15,1300,121025,119.51,101.8,102.25
9231,2021-05-21 12:42:00,102.0,104.0,102.0,102.5,2575,120675,119.47,102.5,102.9
9232,2021-05-21 12:43:00,103.15,103.15,101.5,102.8,2550,120675,119.42,102.65,103.0
9233,2021-05-21 12:44:00,102.3,106.7,102.3,106.7,3950,120675,119.36,106.75,107.25
9234,2021-05-21 12:45:00,106.3,106.55,102.25,102.6,5575,121700,119.27,102.75,103.2
9235,2021-05-21 12:46:00,102.95,104.4,101.95,103.5,1950,121700,119.24,103.25,103.75
9236,2021-05-21 12:47:00,102.6,104.15,102.6,103.8,1200,121700,119.22,103.4,103.85
9237,2021-05-21 12:48:00,103.9,104.5,102.25,102.8,3175,121950,119.17,102.5,102.95
9238,2021-05-21 12:49:00,103.1,103.85,102.45,103.15,1025,121950,119.15,103.25,103.6
9239,2021-05-21 12:50:00,103.2,103.25,101.65,103.2,975,121950,119.13,102.95,103.3
9240,2021-05-21 12:51:00,103.45,104.35,102.7,104.35,1150,122725,119.11,104.35,104.75
9241,2021-05-21 12:52:00,103.7,108.45,103.3,106.65,4700,122725,119.05,106.35,106.85
9242,2021-05-21 12:53:00,107.0,109.0,105.3,109.0,2425,122725,119.02,108.95,109.45
9243,2021-05-21 12:54:00,109.4,110.8,106.75,106.8,6150,126075,118.96,106.75,107.45
9244,2021-05-21 12:55:00,107.7,108.75,106.7,107.2,4225,126075,118.91,106.8,107.3
9245,2021-05-21 12:56:00,107.0,112.05,106.25,110.9,3100,126075,118.88,110.8,111.35
9246,2021-05-21 12:57:00,111.0,111.4,108.8,109.25,2100,126475,118.86,108.95,109.4
9247,2021-05-21 12:58:00,109.05,109.75,106.9,107.35,1600,126475,118.84,107.6,108.1
9248,2021-05-21 12:59:00,107.6,108.05,107.3,107.45,575,126475,118.83,107.15,107.7
9249,2021-05-21 13:00:00,107.45,109.3,106.75,107.95,1350,127200,118.82,107.7,108.2
9250,2021-05-21 13:01:00,107.7,107.7,105.05,107.5,4000,127200,118.77,107.4,107.95
9251,2021-05-21 13:02:00,107.4,113.05,107.4,111.0,4575,127200,118.73,110.6,111.15
9252,2021-05-21 13:03:00,111.25,111.55,109.0,110.65,2175,125850,118.71,110.85,111.0
9253,2021-05-21 13:04:00,111.05,111.9,110.6,110.85,1325,125850,118.7,110.65,111.2
9254,2021-05-21 13:05:00,111.75,112.65,110.0,110.4,1825,125850,118.69,110.0,110.45
9255,2021-05-21 13:06:00,109.55,111.15,108.6,111.15,2125,125550,118.67,111.0,111.55
9256,2021-05-21 13:07:00,111.95,112.45,109.15,109.15,2125,125550,118.65,108.4,108.95
9257,2021-05-21 13:08:00,108.5,110.1,108.2,110.1,675,125550,118.64,110.35,111.0
9258,2021-05-21 13:09:00,111.0,111.2,108.55,108.55,4125,124875,118.61,108.5,108.9
9259,2021-05-21 13:10:00,108.6,110.1,108.5,109.25,1375,124875,118.59,108.7,109.2
9260,2021-05-21 13:11:00,109.1,110.8,109.1,110.2,950,124875,118.59,110.0,110.4
9261,2021-05-21 13:12:00,110.0,110.35,108.25,109.65,1350,125250,118.57,109.75,110.15
9262,2021-05-21 13:13:00,110.0,114.2,109.85,113.0,5000,125250,118.55,112.25,112.85
9263,2021-05-21 13:14:00,112.5,114.25,111.65,112.2,6300,125250,118.51,112.05,112.55
9264,2021-05-21 13:15:00,112.65,114.8,112.6,112.8,6750,123725,118.48,112.15,112.65
9265,2021-05-21 13:16:00,112.0,113.4,109.75,109.9,5325,123725,118.44,110.1,110.6
9266,2021-05-21 13:17:00,110.0,110.65,108.65,110.0,2050,123725,118.42,110.25,110.85
9267,2021-05-21 13:18:00,109.55,109.75,104.05,105.35,8600,123400,118.32,105.0,105.4
9268,2021-05-21 13:19:00,105.45,108.75,105.45,108.0,3725,123400,118.28,107.7,108.1
9269,2021-05-21 13:20:00,107.9,108.25,104.4,105.25,1900,123400,118.26,105.05,105.55
9270,2021-05-21 13:21:00,104.95,104.95,99.85,101.35,8850,122150,118.11,101.05,101.5
9271,2021-05-21 13:22:00,101.95,103.0,101.35,103.0,6275,122150,118.02,102.6,103.05
9272,2021-05-21 13:23:00,103.25,103.25,99.45,100.4,3875,122150,117.96,99.9,100.25
9273,2021-05-21 13:24:00,99.75,102.0,99.6,100.7,2800,122925,117.91,100.8,101.15
9274,2021-05-21 13:25:00,100.3,100.75,99.45,100.4,2600,122925,117.87,100.0,100.35
9275,2021-05-21 13:26:00,100.6,101.05,99.6,99.8,2625,122925,117.82,99.6,100.0
9276,2021-05-21 13:27:00,99.6,99.6,96.5,96.5,4600,123325,117.74,96.6,96.95
9277,2021-05-21 13:28:00,97.75,98.65,96.6,98.25,4650,123325,117.65,97.95,98.25
9278,2021-05-21 13:29:00,97.95,98.55,94.55,95.0,5550,123325,117.54,95.05,95.55
9279,2021-05-21 13:30:00,95.4,95.55,91.95,92.9,12925,123425,117.26,92.5,92.8
9280,2021-05-21 13:31:00,92.5,93.5,90.1,92.6,5700,123425,117.14,92.1,92.6
9281,2021-05-21 13:32:00,91.9,93.9,91.9,93.0,2475,123425,117.08,93.05,93.4
9282,2021-05-21 13:33:00,92.8,94.3,92.6,93.9,1925,119800,117.04,93.6,94.05
9283,2021-05-21 13:34:00,94.05,94.05,92.65,93.2,2250,119800,116.99,92.7,93.05
9284,2021-05-21 13:35:00,92.85,94.7,92.75,94.0,4000,119800,116.91,93.8,94.2
9285,2021-05-21 13:36:00,94.2,95.75,93.6,95.55,3425,121150,116.84,95.1,95.55
9286,2021-05-21 13:37:00,95.7,96.2,93.95,94.4,1850,121150,116.81,94.5,94.95
9287,2021-05-21 13:38:00,94.7,95.75,93.75,95.4,1475,121150,116.78,95.1,95.55
9288,2021-05-21 13:39:00,95.4,95.9,94.35,95.2,3000,123850,116.72,95.0,95.4
9289,2021-05-21 13:40:00,95.4,96.75,95.25,96.4,2750,123850,116.67,95.8,96.3
9290,2021-05-21 13:41:00,95.8,96.3,95.0,95.05,1075,123850,116.65,94.85,95.3
9291,2021-05-21 13:42:00,94.3,94.6,93.6,94.6,2300,126500,116.61,93.85,94.25
9292,2021-05-21 13:43:00,93.75,94.7,93.3,94.3,1000,126500,116.59,94.1,94.4
9293,2021-05-21 13:44:00,94.4,94.4,93.25,93.6,1075,126500,116.56,93.45,93.85
9294,2021-05-21 13:45:00,93.85,94.4,93.25,93.25,1125,125825,116.54,93.25,93.6
9295,2021-05-21 13:46:00,92.75,95.0,92.15,94.35,5175,125825,116.44,94.85,95.0
9296,2021-05-21 13:47:00,95.15,104.0,94.9,101.45,21425,125825,116.14,100.9,101.45
9297,2021-05-21 13:48:00,100.6,111.35,100.4,107.85,13300,125250,116.03,108.3,108.9
9298,2021-05-21 13:49:00,107.9,107.9,87.95,93.5,28550,125250,115.51,92.8,93.25
9299,2021-05-21 13:50:00,92.5,97.9,92.5,93.95,11675,125250,115.32,93.65,94.15
9300,2021-05-21 13:51:00,94.9,96.65,93.2,96.0,10100,121000,115.15,95.85,96.25
9301,2021-05-21 13:52:00,96.6,99.1,95.9,97.25,7150,121000,115.05,96.65,97.1
9302,2021-05-21 13:53:00,96.85,100.8,95.45,100.0,7175,121000,114.95,99.6,99.9
9303,2021-05-21 13:54:00,99.6,107.9,99.6,105.65,22200,120525,114.76,105.25,105.9
9304,2021-05-21 13:55:00,104.7,107.25,98.0,98.5,12750,120525,114.64,98.35,98.95
9305,2021-05-21 13:56:00,97.8,100.1,95.0,95.6,10700,120525,114.5,96.25,96.7
9306,2021-05-21 13:57:00,96.35,98.85,95.55,98.85,11100,122025,114.35,98.65,99.05
9307,2021-05-21 13:58:00,98.0,98.85,95.7,96.5,3975,122025,114.3,96.6,97.2
9308,2021-05-21 13:59:00,96.55,97.05,94.05,94.95,4450,122025,114.24,95.1,95.65
9309,2021-05-21 14:00:00,94.85,96.65,93.15,95.8,3625,121600,114.18,95.85,96.3
9310,2021-05-21 14:01:00,96.0,96.0,90.6,92.35,9475,121600,114.03,92.0,92.55
9311,2021-05-21 14:02:00,92.0,95.2,91.6,94.2,5525,121600,113.94,94.45,94.95
9312,2021-05-21 14:03:00,94.95,96.85,94.1,95.65,3950,121450,113.89,95.2,95.65
9313,2021-05-21 14:04:00,96.0,97.15,95.45,95.65,4825,121450,113.82,95.25,95.65
9314,2021-05-21 14:05:00,95.0,96.25,92.65,94.2,2200,121450,113.79,94.05,94.5
9315,2021-05-21 14:06:00,94.65,95.15,92.75,92.75,2825,122475,113.75,92.45,92.85
9316,2021-05-21 14:07:00,93.15,94.8,92.7,94.0,1125,122475,113.73,94.35,94.7
9317,2021-05-21 14:08:00,94.3,95.25,93.6,95.25,1450,122475,113.71,94.85,95.2
9318,2021-05-21 14:09:00,95.5,95.5,93.35,94.75,2175,121525,113.68,94.45,94.7
9319,2021-05-21 14:10:00,95.4,98.05,92.95,92.95,4400,121525,113.62,92.75,92.95
9320,2021-05-21 14:11:00,92.75,92.75,90.55,91.65,7675,121525,113.5,91.05,91.5
9321,2021-05-21 14:12:00,90.5,91.2,87.6,90.75,10700,124300,113.31,90.5,90.9
9322,2021-05-21 14:13:00,91.0,91.9,89.65,89.7,5700,124300,113.22,89.65,90.05
9323,2021-05-21 14:14:00,90.1,91.0,84.4,86.1,9925,124300,113.04,86.15,86.6
9324,2021-05-21 14:15:00,86.85,86.85,83.1,86.2,20300,126850,112.64,85.9,86.25
9325,2021-05-21 14:16:00,86.1,86.1,82.3,84.1,19450,126850,112.25,83.7,84.0
9326,2021-05-21 14:17:00,83.75,84.65,81.7,83.2,13675,126850,111.97,83.2,83.6
9327,2021-05-21 14:18:00,82.9,84.75,81.15,81.9,7525,117850,111.82,81.75,82.0
9328,2021-05-21 14:19:00,81.7,82.1,79.55,81.6,14575,117850,111.51,81.5,81.85
9329,2021-05-21 14:20:00,81.55,81.6,78.5,79.9,9950,117850,111.3,79.75,80.0
9330,2021-05-21 14:21:00,79.45,79.9,77.4,78.7,6825,110925,111.14,78.45,78.65
9331,2021-05-21 14:22:00,78.25,79.1,76.3,77.3,12250,110925,110.87,77.05,77.3
9332,2021-05-21 14:23:00,77.1,79.6,76.65,78.75,5225,110925,110.75,78.35,78.7
9333,2021-05-21 14:24:00,78.05,78.85,77.6,78.3,4575,107325,110.65,78.2,78.6
9334,2021-05-21 14:25:00,78.15,80.25,78.15,79.3,6950,107325,110.51,79.25,79.6
9335,2021-05-21 14:26:00,79.55,80.75,78.7,80.0,4025,107325,110.42,80.05,80.4
9336,2021-05-21 14:27:00,79.85,81.0,79.85,80.55,3100,106100,110.36,80.05,80.45
9337,2021-05-21 14:28:00,79.7,80.4,78.4,78.4,3375,106100,110.29,78.25,78.5
9338,2021-05-21 14:29:00,78.3,78.3,68.9,69.9,13900,106100,109.95,69.75,70.0
9339,2021-05-21 14:30:00,69.0,71.0,68.3,70.3,14275,103175,109.58,70.05,70.35
9340,2021-05-21 14:31:00,70.55,70.8,66.25,69.0,8800,103175,109.35,68.7,69.05
9341,2021-05-21 14:32:00,68.9,70.35,68.0,70.05,6775,103175,109.18,69.85,70.2
9342,2021-05-21 14:33:00,69.35,69.6,66.9,67.55,5150,101450,109.04,67.6,67.95
9343,2021-05-21 14:34:00,67.6,67.6,65.05,65.4,15700,101450,108.62,65.3,65.65
9344,2021-05-21 14:35:00,65.8,67.25,64.2,67.05,8025,101450,108.4,66.7,67.1
9345,2021-05-21 14:36:00,66.6,67.9,66.55,67.55,6900,101050,108.22,67.2,67.5
9346,2021-05-21 14:37:00,67.5,67.5,62.15,62.35,7525,101050,108.01,62.15,62.45
9347,2021-05-21 14:38:00,62.65,63.5,62.0,63.5,5550,101050,107.86,63.35,63.75
9348,2021-05-21 14:39:00,63.5,64.25,62.6,62.7,3975,103325,107.75,62.65,62.9
9349,2021-05-21 14:40:00,63.0,63.45,62.0,62.15,2825,103325,107.67,62.0,62.3
9350,2021-05-21 14:41:00,61.95,63.55,61.55,63.45,2700,103325,107.59,63.15,63.45
9351,2021-05-21 14:42:00,63.3,63.6,62.55,63.0,4050,102975,107.48,62.85,63.15
9352,2021-05-21 14:43:00,62.9,63.0,58.25,58.45,9800,102975,107.2,58.4,58.75
9353,2021-05-21 14:44:00,58.8,58.9,56.8,58.9,7025,102975,106.99,58.8,59.1
9354,2021-05-21 14:45:00,59.3,59.5,58.15,58.15,2775,104875,106.91,58.05,58.25
9355,2021-05-21 14:46:00,58.0,58.15,54.95,54.95,5275,104875,106.75,54.9,55.15
9356,2021-05-21 14:47:00,55.4,56.3,54.8,56.15,14400,104875,106.3,55.75,56.05
9357,2021-05-21 14:48:00,55.85,55.95,54.1,55.5,10300,108425,105.99,55.15,55.45
9358,2021-05-21 14:49:00,55.25,55.75,54.5,55.25,9825,108425,105.69,55.15,55.5
9359,2021-05-21 14:50:00,55.25,56.7,55.0,56.0,11850,108425,105.34,56.1,56.3
9360,2021-05-21 14:51:00,56.4,57.0,56.0,57.0,5375,110425,105.19,56.75,57.0
9361,2021-05-21 14:52:00,56.6,57.45,56.3,57.35,5500,110425,105.03,57.15,57.35
9362,2021-05-21 14:53:00,57.35,58.75,56.8,58.75,2675,110425,104.96,58.5,58.65
9363,2021-05-21 14:54:00,58.6,58.8,57.8,58.35,3425,110050,104.87,57.95,58.25
9364,2021-05-21 14:55:00,58.4,59.3,58.4,58.8,5000,110050,104.73,58.6,58.8
9365,2021-05-21 14:56:00,58.55,58.6,55.0,55.9,3450,110050,104.63,55.45,55.8
9366,2021-05-21 14:57:00,55.95,57.3,55.95,56.75,2450,106450,104.57,56.8,57.05
9367,2021-05-21 14:58:00,56.25,57.9,56.15,57.35,2200,106450,104.51,57.45,57.7
9368,2021-05-21 14:59:00,57.45,58.3,57.35,57.4,2200,106450,104.45,57.45,57.75
9369,2021-05-21 15:00:00,57.6,60.0,57.6,59.8,5100,106050,104.31,59.65,59.95
9370,2021-05-21 15:01:00,60.3,60.75,58.25,59.1,4200,106050,104.21,59.15,59.45
9371,2021-05-21 15:02:00,60.0,60.0,58.45,59.1,1925,106050,104.16,58.5,58.7
9372,2021-05-21 15:03:00,58.6,60.8,58.6,60.3,3625,105900,104.06,59.7,60.0
9373,2021-05-21 15:04:00,59.7,60.0,58.55,58.7,1950,105900,104.01,58.6,58.8
9374,2021-05-21 15:05:00,58.55,59.7,57.05,57.05,4250,105900,103.9,57.2,57.5
9375,2021-05-21 15:06:00,57.35,57.85,54.4,55.2,6100,106900,103.74,54.9,55.15
9376,2021-05-21 15:07:00,54.9,56.4,54.5,56.4,4350,106900,103.62,56.25,56.6
9377,2021-05-21 15:08:00,56.25,56.35,55.3,55.3,3075,106900,103.53,55.2,55.4
9378,2021-05-21 15:09:00,55.5,56.0,54.75,55.05,3850,106850,103.43,54.8,55.05
9379,2021-05-21 15:10:00,55.25,55.7,54.0,54.95,9550,106850,103.17,54.75,55.0
9380,2021-05-21 15:11:00,54.75,54.75,52.2,52.5,7275,106850,102.96,52.45,52.7
9381,2021-05-21 15:12:00,52.7,52.7,50.9,51.05,13225,105475,102.59,50.9,51.05
9382,2021-05-21 15:13:00,50.9,51.45,50.65,51.2,5175,105475,102.44,50.95,51.15
9383,2021-05-21 15:14:00,51.0,51.4,49.25,49.6,8200,105475,102.2,49.45,49.65
9384,2021-05-21 15:15:00,49.95,52.25,49.65,52.25,6650,102350,102.01,52.2,52.45
9385,2021-05-21 15:16:00,52.2,53.1,52.2,52.85,9850,102350,101.75,52.95,53.15
9386,2021-05-21 15:17:00,53.0,55.55,53.0,55.15,4575,102350,101.63,54.85,55.0
9387,2021-05-21 15:18:00,55.15,55.3,54.5,54.65,2425,100425,101.56,54.5,54.8
9388,2021-05-21 15:19:00,54.9,54.9,52.9,53.1,3225,100425,101.48,52.85,53.05
9389,2021-05-21 15:20:00,53.05,53.05,49.0,50.15,5600,100425,101.33,49.95,50.1
9390,2021-05-21 15:21:00,50.15,50.5,48.3,50.2,5625,98550,101.17,49.9,50.25
9391,2021-05-21 15:22:00,50.2,51.3,47.85,47.85,4625,98550,101.04,47.95,48.2
9392,2021-05-21 15:23:00,48.25,49.0,47.95,49.0,3525,98550,100.94,48.7,49.05
9393,2021-05-21 15:24:00,49.35,50.9,49.35,50.55,5675,95825,100.79,50.45,50.8
9394,2021-05-21 15:25:00,51.0,53.3,51.0,52.0,10300,95825,100.52,52.0,52.3
9395,2021-05-21 15:26:00,52.15,52.55,51.3,51.3,2250,95825,100.46,51.25,51.45
9396,2021-05-21 15:27:00,51.5,52.4,50.5,50.6,5225,97350,100.32,50.6,50.85
9397,2021-05-21 15:28:00,51.1,51.1,48.1,48.1,5350,97350,100.18,48.05,48.4
9398,2021-05-21 15:29:00,51.1,51.1,48.1,48.1,5350,97350,100.18,48.05,48.4
9399,2021-05-21 15:30:00,48.2,48.2,44.0,44.9,7500,97350,99.97,44.05,45.0
9400,2021-05-22 09:15:00,48.2,48.2,44.0,44.9,7500,97350,99.97,44.05,45.0
9401,2021-05-22 09:16:00,48.2,48.2,44.0,44.9,7500,97350,99.97,44.05,45.0
9402,2021-05-22 09:17:00,48.2,48.2,44.0,44.9,7500,97350,99.97,44.05,45.0
9403,2021-05-22 09:18:00,48.2,48.2,44.0,44.9,7500,97350,99.97,44.05,45.0
9404,2021-05-22 09:19:00,48.2,48.2,44.0,44.9,7500,97350,99.97,44.05,45.0
9405,2021-05-22 09:20:00,48.2,48.2,44.0,44.9,7500,97350,99.97,44.05,45.0
9406,2021-05-22 09:21:00,48.2,48.2,44.0,44.9,7500,97350,99.97,44.05,45.0
9407,2021-05-22 09:22:00,48.2,48.2,44.0,44.9,7500,97350,99.97,44.05,45.0
9408,2021-05-22 09:23:00,48.2,48.2,44.0,44.9,7500,97350,99.97,44.05,45.0
9409,2021-05-22 09:24:00,48.2,48.2,44.0,44.9,7500,97350,99.97,44.05,45.0
9410,2021-05-22 09:25:00,48.2,48.2,44.0,44.9,7500,97350,99.97,44.05,45.0
9411,2021-05-22 09:26:00,48.2,48.2,44.0,44.9,7500,97350,99.97,44.05,45.0
9412,2021-05-22 09:27:00,48.2,48.2,44.0,44.9,7500,97350,99.97,44.05,45.0
9413,2021-05-22 09:28:00,48.2,48.2,44.0,44.9,7500,97350,99.97,44.05,45.0
9414,2021-05-22 09:29:00,48.2,48.2,44.0,44.9,7500,97350,99.97,44.05,45.0
9415,2021-05-22 09:30:00,48.2,48.2,44.0,44.9,7500,97350,99.97,44.05,45.0
9416,2021-05-22 09:31:00,48.2,48.2,44.0,44.9,7500,97350,99.97,44.05,45.0
9417,2021-05-22 09:32:00,48.2,48.2,44.0,44.9,7500,97350,99.97,44.05,45.0
9418,2021-05-22 09:33:00,48.2,48.2,44.0,44.9,7500,97350,99.97,44.05,45.0
9419,2021-05-22 09:34:00,48.2,48.2,44.0,44.9,7500,97350,99.97,44.05,45.0
9420,2021-05-22 09:35:00,48.2,48.2,44.0,44.9,7500,97350,99.97,44.05,45.0
9421,2021-05-22 09:36:00,48.2,48.2,44.0,44.9,7500,97350,99.97,44.05,45.0
9422,2021-05-22 09:37:00,48.2,48.2,44.0,44.9,7500,97350,99.97,44.05,45.0
9423,2021-05-22 09:38:00,48.2,48.2,44.0,44.9,7500,97350,99.97,44.05,45.0
9424,2021-05-22 09:39:00,48.2,48.2,44.0,44.9,7500,97350,99.97,44.05,45.0
9425,2021-05-22 09:40:00,48.2,48.2,44.0,44.9,7500,97350,99.97,44.05,45.0
9426,2021-05-22 09:41:00,48.2,48.2,44.0,44.9,7500,97350,99.97,44.05,45.0
9427,2021-05-22 09:42:00,48.2,48.2,44.0,44.9,7500,97350,99.97,44.05,45.0
9428,2021-05-22 09:43:00,48.2,48.2,44.0,44.9,7500,97350,99.97,44.05,45.0
9429,2021-05-22 09:44:00,48.2,48.2,44.0,44.9,7500,97350,99.97,44.05,45.0
9430,2021-05-22 09:45:00,48.2,48.2,44.0,44.9,7500,97350,99.97,44.05,45.0
9431,2021-05-22 09:46:00,48.2,48.2,44.0,44.9,7500,97350,99.97,44.05,45.0
9432,2021-05-22 09:47:00,48.2,48.2,44.0,44.9,7500,97350,99.97,44.05,45.0
9433,2021-05-22 09:48:00,48.2,48.2,44.0,44.9,7500,97350,99.97,44.05,45.0
9434,2021-05-22 09:49:00,48.2,48.2,44.0,44.9,7500,97350,99.97,44.05,45.0
9435,2021-05-22 09:50:00,48.2,48.2,44.0,44.9,7500,97350,99.97,44.05,45.0
9436,2021-05-22 09:51:00,48.2,48.2,44.0,44.9,7500,97350,99.97,44.05,45.0
9437,2021-05-22 09:52:00,48.2,48.2,44.0,44.9,7500,97350,99.97,44.05,45.0
9438,2021-05-22 09:53:00,48.2,48.2,44.0,44.9,7500,97350,99.97,44.05,45.0
9439,2021-05-22 09:54:00,48.2,48.2,44.0,44.9,7500,97350,99.97,44.05,45.0
9440,2021-05-22 09:55:00,48.2,48.2,44.0,44.9,7500,97350,99.97,44.05,45.0
9441,2021-05-22 09:56:00,48.2,48.2,44.0,44.9,7500,97350,99.97,44.05,45.0
9442,2021-05-22 09:57:00,48.2,48.2,44.0,44.9,7500,97350,99.97,44.05,45.0
9443,2021-05-22 09:58:00,48.2,48.2,44.0,44.9,7500,97350,99.97,44.05,45.0
9444,2021-05-22 09:59:00,48.2,48.2,44.0,44.9,7500,97350,99.97,44.05,45.0
9445,2021-05-22 10:00:00,48.2,48.2,44.0,44.9,7500,97350,99.97,44.05,45.0
9446,2021-05-22 10:01:00,48.2,48.2,44.0,44.9,7500,97350,99.97,44.05,45.0
9447,2021-05-22 10:02:00,48.2,48.2,44.0,44.9,7500,97350,99.97,44.05,45.0
9448,2021-05-22 10:03:00,48.2,48.2,44.0,44.9,7500,97350,99.97,44.05,45.0
9449,2021-05-22 10:04:00,48.2,48.2,44.0,44.9,7500,97350,99.97,44.05,45.0
9450,2021-05-22 10:05:00,48.2,48.2,44.0,44.9,7500,97350,99.97,44.05,45.0
9451,2021-05-22 10:06:00,48.2,48.2,44.0,44.9,7500,97350,99.97,44.05,45.0
9452,2021-05-22 10:07:00,48.2,48.2,44.0,44.9,7500,97350,99.97,44.05,45.0
9453,2021-05-22 10:08:00,48.2,48.2,44.0,44.9,7500,97350,99.97,44.05,45.0
9454,2021-05-22 10:09:00,48.2,48.2,44.0,44.9,7500,97350,99.97,44.05,45.0
9455,2021-05-22 10:10:00,48.2,48.2,44.0,44.9,7500,97350,99.97,44.05,45.0
9456,2021-05-22 10:11:00,48.2,48.2,44.0,44.9,7500,97350,99.97,44.05,45.0
9457,2021-05-22 10:12:00,48.2,48.2,44.0,44.9,7500,97350,99.97,44.05,45.0
9458,2021-05-22 10:13:00,48.2,48.2,44.0,44.9,7500,97350,99.97,44.05,45.0
9459,2021-05-22 10:14:00,48.2,48.2,44.0,44.9,7500,97350,99.97,44.05,45.0
9460,2021-05-22 10:15:00,48.2,48.2,44.0,44.9,7500,97350,99.97,44.05,45.0
9461,2021-05-22 10:16:00,48.2,48.2,44.0,44.9,7500,97350,99.97,44.05,45.0
9462,2021-05-22 10:17:00,48.2,48.2,44.0,44.9,7500,97350,99.97,44.05,45.0
9463,2021-05-22 10:18:00,48.2,48.2,44.0,44.9,7500,97350,99.97,44.05,45.0
9464,2021-05-22 10:19:00,48.2,48.2,44.0,44.9,7500,97350,99.97,44.05,45.0
9465,2021-05-22 10:20:00,48.2,48.2,44.0,44.9,7500,97350,99.97,44.05,45.0
9466,2021-05-22 10:21:00,48.2,48.2,44.0,44.9,7500,97350,99.97,44.05,45.0
9467,2021-05-22 10:22:00,48.2,48.2,44.0,44.9,7500,97350,99.97,44.05,45.0
9468,2021-05-22 10:23:00,48.2,48.2,44.0,44.9,7500,97350,99.97,44.05,45.0
9469,2021-05-22 10:24:00,48.2,48.2,44.0,44.9,7500,97350,99.97,44.05,45.0
9470,2021-05-22 10:25:00,48.2,48.2,44.0,44.9,7500,97350,99.97,44.05,45.0
9471,2021-05-22 10:26:00,48.2,48.2,44.0,44.9,7500,97350,99.97,44.05,45.0
9472,2021-05-22 10:27:00,48.2,48.2,44.0,44.9,7500,97350,99.97,44.05,45.0
9473,2021-05-22 10:28:00,48.2,48.2,44.0,44.9,7500,97350,99.97,44.05,45.0
9474,2021-05-22 10:29:00,48.2,48.2,44.0,44.9,7500,97350,99.97,44.05,45.0
9475,2021-05-22 10:30:00,48.2,48.2,44.0,44.9,7500,97350,99.97,44.05,45.0
9476,2021-05-22 10:31:00,48.2,48.2,44.0,44.9,7500,97350,99.97,44.05,45.0
9477,2021-05-22 10:32:00,48.2,48.2,44.0,44.9,7500,97350,99.97,44.05,45.0
9478,2021-05-22 10:33:00,48.2,48.2,44.0,44.9,7500,97350,99.97,44.05,45.0
9479,2021-05-22 10:34:00,48.2,48.2,44.0,44.9,7500,97350,99.97,44.05,45.0
9480,2021-05-22 10:35:00,48.2,48.2,44.0,44.9,7500,97350,99.97,44.05,45.0
9481,2021-05-22 10:36:00,48.2,48.2,44.0,44.9,7500,97350,99.97,44.05,45.0
9482,2021-05-22 10:37:00,48.2,48.2,44.0,44.9,7500,97350,99.97,44.05,45.0
9483,2021-05-22 10:38:00,48.2,48.2,44.0,44.9,7500,97350,99.97,44.05,45.0
9484,2021-05-22 10:39:00,48.2,48.2,44.0,44.9,7500,97350,99.97,44.05,45.0
9485,2021-05-22 10:40:00,48.2,48.2,44.0,44.9,7500,97350,99.97,44.05,45.0
9486,2021-05-22 10:41:00,48.2,48.2,44.0,44.9,7500,97350,99.97,44.05,45.0
9487,2021-05-22 10:42:00,48.2,48.2,44.0,44.9,7500,97350,99.97,44.05,45.0
9488,2021-05-22 10:43:00,48.2,48.2,44.0,44.9,7500,97350,99.97,44.05,45.0
9489,2021-05-22 10:44:00,48.2,48.2,44.0,44.9,7500,97350,99.97,44.05,45.0
9490,2021-05-22 10:45:00,48.2,48.2,44.0,44.9,7500,97350,99.97,44.05,45.0
9491,2021-05-22 10:46:00,48.2,48.2,44.0,44.9,7500,97350,99.97,44.05,45.0
9492,2021-05-22 10:47:00,48.2,48.2,44.0,44.9,7500,97350,99.97,44.05,45.0
9493,2021-05-22 10:48:00,48.2,48.2,44.0,44.9,7500,97350,99.97,44.05,45.0
9494,2021-05-22 10:49:00,48.2,48.2,44.0,44.9,7500,97350,99.97,44.05,45.0
9495,2021-05-22 10:50:00,48.2,48.2,44.0,44.9,7500,97350,99.97,44.05,45.0
9496,2021-05-22 10:51:00,48.2,48.2,44.0,44.9,7500,97350,99.97,44.05,45.0
9497,2021-05-22 10:52:00,48.2,48.2,44.0,44.9,7500,97350,99.97,44.05,45.0
9498,2021-05-22 10:53:00,48.2,48.2,44.0,44.9,7500,97350,99.97,44.05,45.0
9499,2021-05-22 10:54:00,48.2,48.2,44.0,44.9,7500,97350,99.97,44.05,45.0
9500,2021-05-22 10:55:00,48.2,48.2,44.0,44.9,7500,97350,99.97,44.05,45.0
9501,2021-05-22 10:56:00,48.2,48.2,44.0,44.9,7500,97350,99.97,44.05,45.0
9502,2021-05-22 10:57:00,48.2,48.2,44.0,44.9,7500,97350,99.97,44.05,45.0
9503,2021-05-22 10:58:00,48.2,48.2,44.0,44.9,7500,97350,99.97,44.05,45.0
9504,2021-05-22 10:59:00,48.2,48.2,44.0,44.9,7500,97350,99.97,44.05,45.0
9505,2021-05-22 11:00:00,48.2,48.2,44.0,44.9,7500,97350,99.97,44.05,45.0
9506,2021-05-22 11:01:00,48.2,48.2,44.0,44.9,7500,97350,99.97,44.05,45.0
9507,2021-05-22 11:02:00,48.2,48.2,44.0,44.9,7500,97350,99.97,44.05,45.0
9508,2021-05-22 11:03:00,48.2,48.2,44.0,44.9,7500,97350,99.97,44.05,45.0
9509,2021-05-22 11:04:00,48.2,48.2,44.0,44.9,7500,97350,99.97,44.05,45.0
9510,2021-05-22 11:05:00,48.2,48.2,44.0,44.9,7500,97350,99.97,44.05,45.0
9511,2021-05-22 11:06:00,48.2,48.2,44.0,44.9,7500,97350,99.97,44.05,45.0
9512,2021-05-22 11:07:00,48.2,48.2,44.0,44.9,7500,97350,99.97,44.05,45.0
9513,2021-05-22 11:08:00,48.2,48.2,44.0,44.9,7500,97350,99.97,44.05,45.0
9514,2021-05-22 11:09:00,48.2,48.2,44.0,44.9,7500,97350,99.97,44.05,45.0
9515,2021-05-22 11:10:00,48.2,48.2,44.0,44.9,7500,97350,99.97,44.05,45.0
9516,2021-05-22 11:11:00,48.2,48.2,44.0,44.9,7500,97350,99.97,44.05,45.0
9517,2021-05-22 11:12:00,48.2,48.2,44.0,44.9,7500,97350,99.97,44.05,45.0
9518,2021-05-22 11:13:00,48.2,48.2,44.0,44.9,7500,97350,99.97,44.05,45.0
9519,2021-05-22 11:14:00,48.2,48.2,44.0,44.9,7500,97350,99.97,44.05,45.0
9520,2021-05-22 11:15:00,48.2,48.2,44.0,44.9,7500,97350,99.97,44.05,45.0
9521,2021-05-22 11:16:00,48.2,48.2,44.0,44.9,7500,97350,99.97,44.05,45.0
9522,2021-05-22 11:17:00,48.2,48.2,44.0,44.9,7500,97350,99.97,44.05,45.0
9523,2021-05-22 11:18:00,48.2,48.2,44.0,44.9,7500,97350,99.97,44.05,45.0
9524,2021-05-22 11:19:00,48.2,48.2,44.0,44.9,7500,97350,99.97,44.05,45.0
9525,2021-05-22 11:20:00,48.2,48.2,44.0,44.9,7500,97350,99.97,44.05,45.0
9526,2021-05-22 11:21:00,48.2,48.2,44.0,44.9,7500,97350,99.97,44.05,45.0
9527,2021-05-22 11:22:00,48.2,48.2,44.0,44.9,7500,97350,99.97,44.05,45.0
9528,2021-05-22 11:23:00,48.2,48.2,44.0,44.9,7500,97350,99.97,44.05,45.0
9529,2021-05-22 11:24:00,48.2,48.2,44.0,44.9,7500,97350,99.97,44.05,45.0
9530,2021-05-22 11:25:00,48.2,48.2,44.0,44.9,7500,97350,99.97,44.05,45.0
9531,2021-05-22 11:26:00,48.2,48.2,44.0,44.9,7500,97350,99.97,44.05,45.0
9532,2021-05-22 11:27:00,48.2,48.2,44.0,44.9,7500,97350,99.97,44.05,45.0
9533,2021-05-22 11:28:00,48.2,48.2,44.0,44.9,7500,97350,99.97,44.05,45.0
9534,2021-05-22 11:29:00,48.2,48.2,44.0,44.9,7500,97350,99.97,44.05,45.0
9535,2021-05-22 11:30:00,48.2,48.2,44.0,44.9,7500,97350,99.97,44.05,45.0
9536,2021-05-22 11:31:00,48.2,48.2,44.0,44.9,7500,97350,99.97,44.05,45.0
9537,2021-05-22 11:32:00,48.2,48.2,44.0,44.9,7500,97350,99.97,44.05,45.0
9538,2021-05-22 11:33:00,48.2,48.2,44.0,44.9,7500,97350,99.97,44.05,45.0
9539,2021-05-22 11:34:00,48.2,48.2,44.0,44.9,7500,97350,99.97,44.05,45.0
9540,2021-05-22 11:35:00,48.2,48.2,44.0,44.9,7500,97350,99.97,44.05,45.0
9541,2021-05-22 11:36:00,48.2,48.2,44.0,44.9,7500,97350,99.97,44.05,45.0
9542,2021-05-22 11:37:00,48.2,48.2,44.0,44.9,7500,97350,99.97,44.05,45.0
9543,2021-05-22 11:38:00,48.2,48.2,44.0,44.9,7500,97350,99.97,44.05,45.0
9544,2021-05-22 11:39:00,48.2,48.2,44.0,44.9,7500,97350,99.97,44.05,45.0
9545,2021-05-22 11:40:00,48.2,48.2,44.0,44.9,7500,97350,99.97,44.05,45.0
9546,2021-05-22 11:41:00,48.2,48.2,44.0,44.9,7500,97350,99.97,44.05,45.0
9547,2021-05-22 11:42:00,48.2,48.2,44.0,44.9,7500,97350,99.97,44.05,45.0
9548,2021-05-22 11:43:00,48.2,48.2,44.0,44.9,7500,97350,99.97,44.05,45.0
9549,2021-05-22 11:44:00,48.2,48.2,44.0,44.9,7500,97350,99.97,44.05,45.0
9550,2021-05-22 11:45:00,48.2,48.2,44.0,44.9,7500,97350,99.97,44.05,45.0
9551,2021-05-22 11:46:00,48.2,48.2,44.0,44.9,7500,97350,99.97,44.05,45.0
9552,2021-05-22 11:47:00,48.2,48.2,44.0,44.9,7500,97350,99.97,44.05,45.0
9553,2021-05-22 11:48:00,48.2,48.2,44.0,44.9,7500,97350,99.97,44.05,45.0
9554,2021-05-22 11:49:00,48.2,48.2,44.0,44.9,7500,97350,99.97,44.05,45.0
9555,2021-05-22 11:50:00,48.2,48.2,44.0,44.9,7500,97350,99.97,44.05,45.0
9556,2021-05-22 11:51:00,48.2,48.2,44.0,44.9,7500,97350,99.97,44.05,45.0
9557,2021-05-22 11:52:00,48.2,48.2,44.0,44.9,7500,97350,99.97,44.05,45.0
9558,2021-05-22 11:53:00,48.2,48.2,44.0,44.9,7500,97350,99.97,44.05,45.0
9559,2021-05-22 11:54:00,48.2,48.2,44.0,44.9,7500,97350,99.97,44.05,45.0
9560,2021-05-22 11:55:00,48.2,48.2,44.0,44.9,7500,97350,99.97,44.05,45.0
9561,2021-05-22 11:56:00,48.2,48.2,44.0,44.9,7500,97350,99.97,44.05,45.0
9562,2021-05-22 11:57:00,48.2,48.2,44.0,44.9,7500,97350,99.97,44.05,45.0
9563,2021-05-22 11:58:00,48.2,48.2,44.0,44.9,7500,97350,99.97,44.05,45.0
9564,2021-05-22 11:59:00,48.2,48.2,44.0,44.9,7500,97350,99.97,44.05,45.0
9565,2021-05-22 12:00:00,48.2,48.2,44.0,44.9,7500,97350,99.97,44.05,45.0
9566,2021-05-22 12:01:00,48.2,48.2,44.0,44.9,7500,97350,99.97,44.05,45.0
9567,2021-05-22 12:02:00,48.2,48.2,44.0,44.9,7500,97350,99.97,44.05,45.0
9568,2021-05-22 12:03:00,48.2,48.2,44.0,44.9,7500,97350,99.97,44.05,45.0
9569,2021-05-22 12:04:00,48.2,48.2,44.0,44.9,7500,97350,99.97,44.05,45.0
9570,2021-05-22 12:05:00,48.2,48.2,44.0,44.9,7500,97350,99.97,44.05,45.0
9571,2021-05-22 12:06:00,48.2,48.2,44.0,44.9,7500,97350,99.97,44.05,45.0
9572,2021-05-22 12:07:00,48.2,48.2,44.0,44.9,7500,97350,99.97,44.05,45.0
9573,2021-05-22 12:08:00,48.2,48.2,44.0,44.9,7500,97350,99.97,44.05,45.0
9574,2021-05-22 12:09:00,48.2,48.2,44.0,44.9,7500,97350,99.97,44.05,45.0
9575,2021-05-22 12:10:00,48.2,48.2,44.0,44.9,7500,97350,99.97,44.05,45.0
9576,2021-05-22 12:11:00,48.2,48.2,44.0,44.9,7500,97350,99.97,44.05,45.0
9577,2021-05-22 12:12:00,48.2,48.2,44.0,44.9,7500,97350,99.97,44.05,45.0
9578,2021-05-22 12:13:00,48.2,48.2,44.0,44.9,7500,97350,99.97,44.05,45.0
9579,2021-05-22 12:14:00,48.2,48.2,44.0,44.9,7500,97350,99.97,44.05,45.0
9580,2021-05-22 12:15:00,48.2,48.2,44.0,44.9,7500,97350,99.97,44.05,45.0
9581,2021-05-22 12:16:00,48.2,48.2,44.0,44.9,7500,97350,99.97,44.05,45.0
9582,2021-05-22 12:17:00,48.2,48.2,44.0,44.9,7500,97350,99.97,44.05,45.0
9583,2021-05-22 12:18:00,48.2,48.2,44.0,44.9,7500,97350,99.97,44.05,45.0
9584,2021-05-22 12:19:00,48.2,48.2,44.0,44.9,7500,97350,99.97,44.05,45.0
9585,2021-05-22 12:20:00,48.2,48.2,44.0,44.9,7500,97350,99.97,44.05,45.0
9586,2021-05-22 12:21:00,48.2,48.2,44.0,44.9,7500,97350,99.97,44.05,45.0
9587,2021-05-22 12:22:00,48.2,48.2,44.0,44.9,7500,97350,99.97,44.05,45.0
9588,2021-05-22 12:23:00,48.2,48.2,44.0,44.9,7500,97350,99.97,44.05,45.0
9589,2021-05-22 12:24:00,48.2,48.2,44.0,44.9,7500,97350,99.97,44.05,45.0
9590,2021-05-22 12:25:00,48.2,48.2,44.0,44.9,7500,97350,99.97,44.05,45.0
9591,2021-05-22 12:26:00,48.2,48.2,44.0,44.9,7500,97350,99.97,44.05,45.0
9592,2021-05-22 12:27:00,48.2,48.2,44.0,44.9,7500,97350,99.97,44.05,45.0
9593,2021-05-22 12:28:00,48.2,48.2,44.0,44.9,7500,97350,99.97,44.05,45.0
9594,2021-05-22 12:29:00,48.2,48.2,44.0,44.9,7500,97350,99.97,44.05,45.0
9595,2021-05-22 12:30:00,48.2,48.2,44.0,44.9,7500,97350,99.97,44.05,45.0
9596,2021-05-22 12:31:00,48.2,48.2,44.0,44.9,7500,97350,99.97,44.05,45.0
9597,2021-05-22 12:32:00,48.2,48.2,44.0,44.9,7500,97350,99.97,44.05,45.0
9598,2021-05-22 12:33:00,48.2,48.2,44.0,44.9,7500,97350,99.97,44.05,45.0
9599,2021-05-22 12:34:00,48.2,48.2,44.0,44.9,7500,97350,99.97,44.05,45.0
9600,2021-05-22 12:35:00,48.2,48.2,44.0,44.9,7500,97350,99.97,44.05,45.0
9601,2021-05-22 12:36:00,48.2,48.2,44.0,44.9,7500,97350,99.97,44.05,45.0
9602,2021-05-22 12:37:00,48.2,48.2,44.0,44.9,7500,97350,99.97,44.05,45.0
9603,2021-05-22 12:38:00,48.2,48.2,44.0,44.9,7500,97350,99.97,44.05,45.0
9604,2021-05-22 12:39:00,48.2,48.2,44.0,44.9,7500,97350,99.97,44.05,45.0
9605,2021-05-22 12:40:00,48.2,48.2,44.0,44.9,7500,97350,99.97,44.05,45.0
9606,2021-05-22 12:41:00,48.2,48.2,44.0,44.9,7500,97350,99.97,44.05,45.0
9607,2021-05-22 12:42:00,48.2,48.2,44.0,44.9,7500,97350,99.97,44.05,45.0
9608,2021-05-22 12:43:00,48.2,48.2,44.0,44.9,7500,97350,99.97,44.05,45.0
9609,2021-05-22 12:44:00,48.2,48.2,44.0,44.9,7500,97350,99.97,44.05,45.0
9610,2021-05-22 12:45:00,48.2,48.2,44.0,44.9,7500,97350,99.97,44.05,45.0
9611,2021-05-22 12:46:00,48.2,48.2,44.0,44.9,7500,97350,99.97,44.05,45.0
9612,2021-05-22 12:47:00,48.2,48.2,44.0,44.9,7500,97350,99.97,44.05,45.0
9613,2021-05-22 12:48:00,48.2,48.2,44.0,44.9,7500,97350,99.97,44.05,45.0
9614,2021-05-22 12:49:00,48.2,48.2,44.0,44.9,7500,97350,99.97,44.05,45.0
9615,2021-05-22 12:50:00,48.2,48.2,44.0,44.9,7500,97350,99.97,44.05,45.0
9616,2021-05-22 12:51:00,48.2,48.2,44.0,44.9,7500,97350,99.97,44.05,45.0
9617,2021-05-22 12:52:00,48.2,48.2,44.0,44.9,7500,97350,99.97,44.05,45.0
9618,2021-05-22 12:53:00,48.2,48.2,44.0,44.9,7500,97350,99.97,44.05,45.0
9619,2021-05-22 12:54:00,48.2,48.2,44.0,44.9,7500,97350,99.97,44.05,45.0
9620,2021-05-22 12:55:00,48.2,48.2,44.0,44.9,7500,97350,99.97,44.05,45.0
9621,2021-05-22 12:56:00,48.2,48.2,44.0,44.9,7500,97350,99.97,44.05,45.0
9622,2021-05-22 12:57:00,48.2,48.2,44.0,44.9,7500,97350,99.97,44.05,45.0
9623,2021-05-22 12:58:00,48.2,48.2,44.0,44.9,7500,97350,99.97,44.05,45.0
9624,2021-05-22 12:59:00,48.2,48.2,44.0,44.9,7500,97350,99.97,44.05,45.0
9625,2021-05-22 13:00:00,48.2,48.2,44.0,44.9,7500,97350,99.97,44.05,45.0
9626,2021-05-22 13:01:00,48.2,48.2,44.0,44.9,7500,97350,99.97,44.05,45.0
9627,2021-05-22 13:02:00,48.2,48.2,44.0,44.9,7500,97350,99.97,44.05,45.0
9628,2021-05-22 13:03:00,48.2,48.2,44.0,44.9,7500,97350,99.97,44.05,45.0
9629,2021-05-22 13:04:00,48.2,48.2,44.0,44.9,7500,97350,99.97,44.05,45.0
9630,2021-05-22 13:05:00,48.2,48.2,44.0,44.9,7500,97350,99.97,44.05,45.0
9631,2021-05-22 13:06:00,48.2,48.2,44.0,44.9,7500,97350,99.97,44.05,45.0
9632,2021-05-22 13:07:00,48.2,48.2,44.0,44.9,7500,97350,99.97,44.05,45.0
9633,2021-05-22 13:08:00,48.2,48.2,44.0,44.9,7500,97350,99.97,44.05,45.0
9634,2021-05-22 13:09:00,48.2,48.2,44.0,44.9,7500,97350,99.97,44.05,45.0
9635,2021-05-22 13:10:00,48.2,48.2,44.0,44.9,7500,97350,99.97,44.05,45.0
9636,2021-05-22 13:11:00,48.2,48.2,44.0,44.9,7500,97350,99.97,44.05,45.0
9637,2021-05-22 13:12:00,48.2,48.2,44.0,44.9,7500,97350,99.97,44.05,45.0
9638,2021-05-22 13:13:00,48.2,48.2,44.0,44.9,7500,97350,99.97,44.05,45.0
9639,2021-05-22 13:14:00,48.2,48.2,44.0,44.9,7500,97350,99.97,44.05,45.0
9640,2021-05-22 13:15:00,48.2,48.2,44.0,44.9,7500,97350,99.97,44.05,45.0
9641,2021-05-22 13:16:00,48.2,48.2,44.0,44.9,7500,97350,99.97,44.05,45.0
9642,2021-05-22 13:17:00,48.2,48.2,44.0,44.9,7500,97350,99.97,44.05,45.0
9643,2021-05-22 13:18:00,48.2,48.2,44.0,44.9,7500,97350,99.97,44.05,45.0
9644,2021-05-22 13:19:00,48.2,48.2,44.0,44.9,7500,97350,99.97,44.05,45.0
9645,2021-05-22 13:20:00,48.2,48.2,44.0,44.9,7500,97350,99.97,44.05,45.0
9646,2021-05-22 13:21:00,48.2,48.2,44.0,44.9,7500,97350,99.97,44.05,45.0
9647,2021-05-22 13:22:00,48.2,48.2,44.0,44.9,7500,97350,99.97,44.05,45.0
9648,2021-05-22 13:23:00,48.2,48.2,44.0,44.9,7500,97350,99.97,44.05,45.0
9649,2021-05-22 13:24:00,48.2,48.2,44.0,44.9,7500,97350,99.97,44.05,45.0
9650,2021-05-22 13:25:00,48.2,48.2,44.0,44.9,7500,97350,99.97,44.05,45.0
9651,2021-05-22 13:26:00,48.2,48.2,44.0,44.9,7500,97350,99.97,44.05,45.0
9652,2021-05-22 13:27:00,48.2,48.2,44.0,44.9,7500,97350,99.97,44.05,45.0
9653,2021-05-22 13:28:00,48.2,48.2,44.0,44.9,7500,97350,99.97,44.05,45.0
9654,2021-05-22 13:29:00,48.2,48.2,44.0,44.9,7500,97350,99.97,44.05,45.0
9655,2021-05-22 13:30:00,48.2,48.2,44.0,44.9,7500,97350,99.97,44.05,45.0
9656,2021-05-22 13:31:00,48.2,48.2,44.0,44.9,7500,97350,99.97,44.05,45.0
9657,2021-05-22 13:32:00,48.2,48.2,44.0,44.9,7500,97350,99.97,44.05,45.0
9658,2021-05-22 13:33:00,48.2,48.2,44.0,44.9,7500,97350,99.97,44.05,45.0
9659,2021-05-22 13:34:00,48.2,48.2,44.0,44.9,7500,97350,99.97,44.05,45.0
9660,2021-05-22 13:35:00,48.2,48.2,44.0,44.9,7500,97350,99.97,44.05,45.0
9661,2021-05-22 13:36:00,48.2,48.2,44.0,44.9,7500,97350,99.97,44.05,45.0
9662,2021-05-22 13:37:00,48.2,48.2,44.0,44.9,7500,97350,99.97,44.05,45.0
9663,2021-05-22 13:38:00,48.2,48.2,44.0,44.9,7500,97350,99.97,44.05,45.0
9664,2021-05-22 13:39:00,48.2,48.2,44.0,44.9,7500,97350,99.97,44.05,45.0
9665,2021-05-22 13:40:00,48.2,48.2,44.0,44.9,7500,97350,99.97,44.05,45.0
9666,2021-05-22 13:41:00,48.2,48.2,44.0,44.9,7500,97350,99.97,44.05,45.0
9667,2021-05-22 13:42:00,48.2,48.2,44.0,44.9,7500,97350,99.97,44.05,45.0
9668,2021-05-22 13:43:00,48.2,48.2,44.0,44.9,7500,97350,99.97,44.05,45.0
9669,2021-05-22 13:44:00,48.2,48.2,44.0,44.9,7500,97350,99.97,44.05,45.0
9670,2021-05-22 13:45:00,48.2,48.2,44.0,44.9,7500,97350,99.97,44.05,45.0
9671,2021-05-22 13:46:00,48.2,48.2,44.0,44.9,7500,97350,99.97,44.05,45.0
9672,2021-05-22 13:47:00,48.2,48.2,44.0,44.9,7500,97350,99.97,44.05,45.0
9673,2021-05-22 13:48:00,48.2,48.2,44.0,44.9,7500,97350,99.97,44.05,45.0
9674,2021-05-22 13:49:00,48.2,48.2,44.0,44.9,7500,97350,99.97,44.05,45.0
9675,2021-05-22 13:50:00,48.2,48.2,44.0,44.9,7500,97350,99.97,44.05,45.0
9676,2021-05-22 13:51:00,48.2,48.2,44.0,44.9,7500,97350,99.97,44.05,45.0
9677,2021-05-22 13:52:00,48.2,48.2,44.0,44.9,7500,97350,99.97,44.05,45.0
9678,2021-05-22 13:53:00,48.2,48.2,44.0,44.9,7500,97350,99.97,44.05,45.0
9679,2021-05-22 13:54:00,48.2,48.2,44.0,44.9,7500,97350,99.97,44.05,45.0
9680,2021-05-22 13:55:00,48.2,48.2,44.0,44.9,7500,97350,99.97,44.05,45.0
9681,2021-05-22 13:56:00,48.2,48.2,44.0,44.9,7500,97350,99.97,44.05,45.0
9682,2021-05-22 13:57:00,48.2,48.2,44.0,44.9,7500,97350,99.97,44.05,45.0
9683,2021-05-22 13:58:00,48.2,48.2,44.0,44.9,7500,97350,99.97,44.05,45.0
9684,2021-05-22 13:59:00,48.2,48.2,44.0,44.9,7500,97350,99.97,44.05,45.0
9685,2021-05-22 14:00:00,48.2,48.2,44.0,44.9,7500,97350,99.97,44.05,45.0
9686,2021-05-22 14:01:00,48.2,48.2,44.0,44.9,7500,97350,99.97,44.05,45.0
9687,2021-05-22 14:02:00,48.2,48.2,44.0,44.9,7500,97350,99.97,44.05,45.0
9688,2021-05-22 14:03:00,48.2,48.2,44.0,44.9,7500,97350,99.97,44.05,45.0
9689,2021-05-22 14:04:00,48.2,48.2,44.0,44.9,7500,97350,99.97,44.05,45.0
9690,2021-05-22 14:05:00,48.2,48.2,44.0,44.9,7500,97350,99.97,44.05,45.0
9691,2021-05-22 14:06:00,48.2,48.2,44.0,44.9,7500,97350,99.97,44.05,45.0
9692,2021-05-22 14:07:00,48.2,48.2,44.0,44.9,7500,97350,99.97,44.05,45.0
9693,2021-05-22 14:08:00,48.2,48.2,44.0,44.9,7500,97350,99.97,44.05,45.0
9694,2021-05-22 14:09:00,48.2,48.2,44.0,44.9,7500,97350,99.97,44.05,45.0
9695,2021-05-22 14:10:00,48.2,48.2,44.0,44.9,7500,97350,99.97,44.05,45.0
9696,2021-05-22 14:11:00,48.2,48.2,44.0,44.9,7500,97350,99.97,44.05,45.0
9697,2021-05-22 14:12:00,48.2,48.2,44.0,44.9,7500,97350,99.97,44.05,45.0
9698,2021-05-22 14:13:00,48.2,48.2,44.0,44.9,7500,97350,99.97,44.05,45.0
9699,2021-05-22 14:14:00,48.2,48.2,44.0,44.9,7500,97350,99.97,44.05,45.0
9700,2021-05-22 14:15:00,48.2,48.2,44.0,44.9,7500,97350,99.97,44.05,45.0
9701,2021-05-22 14:16:00,48.2,48.2,44.0,44.9,7500,97350,99.97,44.05,45.0
9702,2021-05-22 14:17:00,48.2,48.2,44.0,44.9,7500,97350,99.97,44.05,45.0
9703,2021-05-22 14:18:00,48.2,48.2,44.0,44.9,7500,97350,99.97,44.05,45.0
9704,2021-05-22 14:19:00,48.2,48.2,44.0,44.9,7500,97350,99.97,44.05,45.0
9705,2021-05-22 14:20:00,48.2,48.2,44.0,44.9,7500,97350,99.97,44.05,45.0
9706,2021-05-22 14:21:00,48.2,48.2,44.0,44.9,7500,97350,99.97,44.05,45.0
9707,2021-05-22 14:22:00,48.2,48.2,44.0,44.9,7500,97350,99.97,44.05,45.0
9708,2021-05-22 14:23:00,48.2,48.2,44.0,44.9,7500,97350,99.97,44.05,45.0
9709,2021-05-22 14:24:00,48.2,48.2,44.0,44.9,7500,97350,99.97,44.05,45.0
9710,2021-05-22 14:25:00,48.2,48.2,44.0,44.9,7500,97350,99.97,44.05,45.0
9711,2021-05-22 14:26:00,48.2,48.2,44.0,44.9,7500,97350,99.97,44.05,45.0
9712,2021-05-22 14:27:00,48.2,48.2,44.0,44.9,7500,97350,99.97,44.05,45.0
9713,2021-05-22 14:28:00,48.2,48.2,44.0,44.9,7500,97350,99.97,44.05,45.0
9714,2021-05-22 14:29:00,48.2,48.2,44.0,44.9,7500,97350,99.97,44.05,45.0
9715,2021-05-22 14:30:00,48.2,48.2,44.0,44.9,7500,97350,99.97,44.05,45.0
9716,2021-05-22 14:31:00,48.2,48.2,44.0,44.9,7500,97350,99.97,44.05,45.0
9717,2021-05-22 14:32:00,48.2,48.2,44.0,44.9,7500,97350,99.97,44.05,45.0
9718,2021-05-22 14:33:00,48.2,48.2,44.0,44.9,7500,97350,99.97,44.05,45.0
9719,2021-05-22 14:34:00,48.2,48.2,44.0,44.9,7500,97350,99.97,44.05,45.0
9720,2021-05-22 14:35:00,48.2,48.2,44.0,44.9,7500,97350,99.97,44.05,45.0
9721,2021-05-22 14:36:00,48.2,48.2,44.0,44.9,7500,97350,99.97,44.05,45.0
9722,2021-05-22 14:37:00,48.2,48.2,44.0,44.9,7500,97350,99.97,44.05,45.0
9723,2021-05-22 14:38:00,48.2,48.2,44.0,44.9,7500,97350,99.97,44.05,45.0
9724,2021-05-22 14:39:00,48.2,48.2,44.0,44.9,7500,97350,99.97,44.05,45.0
9725,2021-05-22 14:40:00,48.2,48.2,44.0,44.9,7500,97350,99.97,44.05,45.0
9726,2021-05-22 14:41:00,48.2,48.2,44.0,44.9,7500,97350,99.97,44.05,45.0
9727,2021-05-22 14:42:00,48.2,48.2,44.0,44.9,7500,97350,99.97,44.05,45.0
9728,2021-05-22 14:43:00,48.2,48.2,44.0,44.9,7500,97350,99.97,44.05,45.0
9729,2021-05-22 14:44:00,48.2,48.2,44.0,44.9,7500,97350,99.97,44.05,45.0
9730,2021-05-22 14:45:00,48.2,48.2,44.0,44.9,7500,97350,99.97,44.05,45.0
9731,2021-05-22 14:46:00,48.2,48.2,44.0,44.9,7500,97350,99.97,44.05,45.0
9732,2021-05-22 14:47:00,48.2,48.2,44.0,44.9,7500,97350,99.97,44.05,45.0
9733,2021-05-22 14:48:00,48.2,48.2,44.0,44.9,7500,97350,99.97,44.05,45.0
9734,2021-05-22 14:49:00,48.2,48.2,44.0,44.9,7500,97350,99.97,44.05,45.0
9735,2021-05-22 14:50:00,48.2,48.2,44.0,44.9,7500,97350,99.97,44.05,45.0
9736,2021-05-22 14:51:00,48.2,48.2,44.0,44.9,7500,97350,99.97,44.05,45.0
9737,2021-05-22 14:52:00,48.2,48.2,44.0,44.9,7500,97350,99.97,44.05,45.0
9738,2021-05-22 14:53:00,48.2,48.2,44.0,44.9,7500,97350,99.97,44.05,45.0
9739,2021-05-22 14:54:00,48.2,48.2,44.0,44.9,7500,97350,99.97,44.05,45.0
9740,2021-05-22 14:55:00,48.2,48.2,44.0,44.9,7500,97350,99.97,44.05,45.0
9741,2021-05-22 14:56:00,48.2,48.2,44.0,44.9,7500,97350,99.97,44.05,45.0
9742,2021-05-22 14:57:00,48.2,48.2,44.0,44.9,7500,97350,99.97,44.05,45.0
9743,2021-05-22 14:58:00,48.2,48.2,44.0,44.9,7500,97350,99.97,44.05,45.0
9744,2021-05-22 14:59:00,48.2,48.2,44.0,44.9,7500,97350,99.97,44.05,45.0
9745,2021-05-22 15:00:00,48.2,48.2,44.0,44.9,7500,97350,99.97,44.05,45.0
9746,2021-05-22 15:01:00,48.2,48.2,44.0,44.9,7500,97350,99.97,44.05,45.0
9747,2021-05-22 15:02:00,48.2,48.2,44.0,44.9,7500,97350,99.97,44.05,45.0
9748,2021-05-22 15:03:00,48.2,48.2,44.0,44.9,7500,97350,99.97,44.05,45.0
9749,2021-05-22 15:04:00,48.2,48.2,44.0,44.9,7500,97350,99.97,44.05,45.0
9750,2021-05-22 15:05:00,48.2,48.2,44.0,44.9,7500,97350,99.97,44.05,45.0
9751,2021-05-22 15:06:00,48.2,48.2,44.0,44.9,7500,97350,99.97,44.05,45.0
9752,2021-05-22 15:07:00,48.2,48.2,44.0,44.9,7500,97350,99.97,44.05,45.0
9753,2021-05-22 15:08:00,48.2,48.2,44.0,44.9,7500,97350,99.97,44.05,45.0
9754,2021-05-22 15:09:00,48.2,48.2,44.0,44.9,7500,97350,99.97,44.05,45.0
9755,2021-05-22 15:10:00,48.2,48.2,44.0,44.9,7500,97350,99.97,44.05,45.0
9756,2021-05-22 15:11:00,48.2,48.2,44.0,44.9,7500,97350,99.97,44.05,45.0
9757,2021-05-22 15:12:00,48.2,48.2,44.0,44.9,7500,97350,99.97,44.05,45.0
9758,2021-05-22 15:13:00,48.2,48.2,44.0,44.9,7500,97350,99.97,44.05,45.0
9759,2021-05-22 15:14:00,48.2,48.2,44.0,44.9,7500,97350,99.97,44.05,45.0
9760,2021-05-22 15:15:00,48.2,48.2,44.0,44.9,7500,97350,99.97,44.05,45.0
9761,2021-05-22 15:16:00,48.2,48.2,44.0,44.9,7500,97350,99.97,44.05,45.0
9762,2021-05-22 15:17:00,48.2,48.2,44.0,44.9,7500,97350,99.97,44.05,45.0
9763,2021-05-22 15:18:00,48.2,48.2,44.0,44.9,7500,97350,99.97,44.05,45.0
9764,2021-05-22 15:19:00,48.2,48.2,44.0,44.9,7500,97350,99.97,44.05,45.0
9765,2021-05-22 15:20:00,48.2,48.2,44.0,44.9,7500,97350,99.97,44.05,45.0
9766,2021-05-22 15:21:00,48.2,48.2,44.0,44.9,7500,97350,99.97,44.05,45.0
9767,2021-05-22 15:22:00,48.2,48.2,44.0,44.9,7500,97350,99.97,44.05,45.0
9768,2021-05-22 15:23:00,48.2,48.2,44.0,44.9,7500,97350,99.97,44.05,45.0
9769,2021-05-22 15:24:00,48.2,48.2,44.0,44.9,7500,97350,99.97,44.05,45.0
9770,2021-05-22 15:25:00,48.2,48.2,44.0,44.9,7500,97350,99.97,44.05,45.0
9771,2021-05-22 15:26:00,48.2,48.2,44.0,44.9,7500,97350,99.97,44.05,45.0
9772,2021-05-22 15:27:00,48.2,48.2,44.0,44.9,7500,97350,99.97,44.05,45.0
9773,2021-05-22 15:28:00,48.2,48.2,44.0,44.9,7500,97350,99.97,44.05,45.0
9774,2021-05-22 15:29:00,48.2,48.2,44.0,44.9,7500,97350,99.97,44.05,45.0
9775,2021-05-22 15:30:00,48.2,48.2,44.0,44.9,7500,97350,99.97,44.05,45.0
9776,2021-05-23 09:15:00,48.2,48.2,44.0,44.9,7500,97350,99.97,44.05,45.0
9777,2021-05-23 09:16:00,48.2,48.2,44.0,44.9,7500,97350,99.97,44.05,45.0
9778,2021-05-23 09:17:00,48.2,48.2,44.0,44.9,7500,97350,99.97,44.05,45.0
9779,2021-05-23 09:18:00,48.2,48.2,44.0,44.9,7500,97350,99.97,44.05,45.0
9780,2021-05-23 09:19:00,48.2,48.2,44.0,44.9,7500,97350,99.97,44.05,45.0
9781,2021-05-23 09:20:00,48.2,48.2,44.0,44.9,7500,97350,99.97,44.05,45.0
9782,2021-05-23 09:21:00,48.2,48.2,44.0,44.9,7500,97350,99.97,44.05,45.0
9783,2021-05-23 09:22:00,48.2,48.2,44.0,44.9,7500,97350,99.97,44.05,45.0
9784,2021-05-23 09:23:00,48.2,48.2,44.0,44.9,7500,97350,99.97,44.05,45.0
9785,2021-05-23 09:24:00,48.2,48.2,44.0,44.9,7500,97350,99.97,44.05,45.0
9786,2021-05-23 09:25:00,48.2,48.2,44.0,44.9,7500,97350,99.97,44.05,45.0
9787,2021-05-23 09:26:00,48.2,48.2,44.0,44.9,7500,97350,99.97,44.05,45.0
9788,2021-05-23 09:27:00,48.2,48.2,44.0,44.9,7500,97350,99.97,44.05,45.0
9789,2021-05-23 09:28:00,48.2,48.2,44.0,44.9,7500,97350,99.97,44.05,45.0
9790,2021-05-23 09:29:00,48.2,48.2,44.0,44.9,7500,97350,99.97,44.05,45.0
9791,2021-05-23 09:30:00,48.2,48.2,44.0,44.9,7500,97350,99.97,44.05,45.0
9792,2021-05-23 09:31:00,48.2,48.2,44.0,44.9,7500,97350,99.97,44.05,45.0
9793,2021-05-23 09:32:00,48.2,48.2,44.0,44.9,7500,97350,99.97,44.05,45.0
9794,2021-05-23 09:33:00,48.2,48.2,44.0,44.9,7500,97350,99.97,44.05,45.0
9795,2021-05-23 09:34:00,48.2,48.2,44.0,44.9,7500,97350,99.97,44.05,45.0
9796,2021-05-23 09:35:00,48.2,48.2,44.0,44.9,7500,97350,99.97,44.05,45.0
9797,2021-05-23 09:36:00,48.2,48.2,44.0,44.9,7500,97350,99.97,44.05,45.0
9798,2021-05-23 09:37:00,48.2,48.2,44.0,44.9,7500,97350,99.97,44.05,45.0
9799,2021-05-23 09:38:00,48.2,48.2,44.0,44.9,7500,97350,99.97,44.05,45.0
9800,2021-05-23 09:39:00,48.2,48.2,44.0,44.9,7500,97350,99.97,44.05,45.0
9801,2021-05-23 09:40:00,48.2,48.2,44.0,44.9,7500,97350,99.97,44.05,45.0
9802,2021-05-23 09:41:00,48.2,48.2,44.0,44.9,7500,97350,99.97,44.05,45.0
9803,2021-05-23 09:42:00,48.2,48.2,44.0,44.9,7500,97350,99.97,44.05,45.0
9804,2021-05-23 09:43:00,48.2,48.2,44.0,44.9,7500,97350,99.97,44.05,45.0
9805,2021-05-23 09:44:00,48.2,48.2,44.0,44.9,7500,97350,99.97,44.05,45.0
9806,2021-05-23 09:45:00,48.2,48.2,44.0,44.9,7500,97350,99.97,44.05,45.0
9807,2021-05-23 09:46:00,48.2,48.2,44.0,44.9,7500,97350,99.97,44.05,45.0
9808,2021-05-23 09:47:00,48.2,48.2,44.0,44.9,7500,97350,99.97,44.05,45.0
9809,2021-05-23 09:48:00,48.2,48.2,44.0,44.9,7500,97350,99.97,44.05,45.0
9810,2021-05-23 09:49:00,48.2,48.2,44.0,44.9,7500,97350,99.97,44.05,45.0
9811,2021-05-23 09:50:00,48.2,48.2,44.0,44.9,7500,97350,99.97,44.05,45.0
9812,2021-05-23 09:51:00,48.2,48.2,44.0,44.9,7500,97350,99.97,44.05,45.0
9813,2021-05-23 09:52:00,48.2,48.2,44.0,44.9,7500,97350,99.97,44.05,45.0
9814,2021-05-23 09:53:00,48.2,48.2,44.0,44.9,7500,97350,99.97,44.05,45.0
9815,2021-05-23 09:54:00,48.2,48.2,44.0,44.9,7500,97350,99.97,44.05,45.0
9816,2021-05-23 09:55:00,48.2,48.2,44.0,44.9,7500,97350,99.97,44.05,45.0
9817,2021-05-23 09:56:00,48.2,48.2,44.0,44.9,7500,97350,99.97,44.05,45.0
9818,2021-05-23 09:57:00,48.2,48.2,44.0,44.9,7500,97350,99.97,44.05,45.0
9819,2021-05-23 09:58:00,48.2,48.2,44.0,44.9,7500,97350,99.97,44.05,45.0
9820,2021-05-23 09:59:00,48.2,48.2,44.0,44.9,7500,97350,99.97,44.05,45.0
9821,2021-05-23 10:00:00,48.2,48.2,44.0,44.9,7500,97350,99.97,44.05,45.0
9822,2021-05-23 10:01:00,48.2,48.2,44.0,44.9,7500,97350,99.97,44.05,45.0
9823,2021-05-23 10:02:00,48.2,48.2,44.0,44.9,7500,97350,99.97,44.05,45.0
9824,2021-05-23 10:03:00,48.2,48.2,44.0,44.9,7500,97350,99.97,44.05,45.0
9825,2021-05-23 10:04:00,48.2,48.2,44.0,44.9,7500,97350,99.97,44.05,45.0
9826,2021-05-23 10:05:00,48.2,48.2,44.0,44.9,7500,97350,99.97,44.05,45.0
9827,2021-05-23 10:06:00,48.2,48.2,44.0,44.9,7500,97350,99.97,44.05,45.0
9828,2021-05-23 10:07:00,48.2,48.2,44.0,44.9,7500,97350,99.97,44.05,45.0
9829,2021-05-23 10:08:00,48.2,48.2,44.0,44.9,7500,97350,99.97,44.05,45.0
9830,2021-05-23 10:09:00,48.2,48.2,44.0,44.9,7500,97350,99.97,44.05,45.0
9831,2021-05-23 10:10:00,48.2,48.2,44.0,44.9,7500,97350,99.97,44.05,45.0
9832,2021-05-23 10:11:00,48.2,48.2,44.0,44.9,7500,97350,99.97,44.05,45.0
9833,2021-05-23 10:12:00,48.2,48.2,44.0,44.9,7500,97350,99.97,44.05,45.0
9834,2021-05-23 10:13:00,48.2,48.2,44.0,44.9,7500,97350,99.97,44.05,45.0
9835,2021-05-23 10:14:00,48.2,48.2,44.0,44.9,7500,97350,99.97,44.05,45.0
9836,2021-05-23 10:15:00,48.2,48.2,44.0,44.9,7500,97350,99.97,44.05,45.0
9837,2021-05-23 10:16:00,48.2,48.2,44.0,44.9,7500,97350,99.97,44.05,45.0
9838,2021-05-23 10:17:00,48.2,48.2,44.0,44.9,7500,97350,99.97,44.05,45.0
9839,2021-05-23 10:18:00,48.2,48.2,44.0,44.9,7500,97350,99.97,44.05,45.0
9840,2021-05-23 10:19:00,48.2,48.2,44.0,44.9,7500,97350,99.97,44.05,45.0
9841,2021-05-23 10:20:00,48.2,48.2,44.0,44.9,7500,97350,99.97,44.05,45.0
9842,2021-05-23 10:21:00,48.2,48.2,44.0,44.9,7500,97350,99.97,44.05,45.0
9843,2021-05-23 10:22:00,48.2,48.2,44.0,44.9,7500,97350,99.97,44.05,45.0
9844,2021-05-23 10:23:00,48.2,48.2,44.0,44.9,7500,97350,99.97,44.05,45.0
9845,2021-05-23 10:24:00,48.2,48.2,44.0,44.9,7500,97350,99.97,44.05,45.0
9846,2021-05-23 10:25:00,48.2,48.2,44.0,44.9,7500,97350,99.97,44.05,45.0
9847,2021-05-23 10:26:00,48.2,48.2,44.0,44.9,7500,97350,99.97,44.05,45.0
9848,2021-05-23 10:27:00,48.2,48.2,44.0,44.9,7500,97350,99.97,44.05,45.0
9849,2021-05-23 10:28:00,48.2,48.2,44.0,44.9,7500,97350,99.97,44.05,45.0
9850,2021-05-23 10:29:00,48.2,48.2,44.0,44.9,7500,97350,99.97,44.05,45.0
9851,2021-05-23 10:30:00,48.2,48.2,44.0,44.9,7500,97350,99.97,44.05,45.0
9852,2021-05-23 10:31:00,48.2,48.2,44.0,44.9,7500,97350,99.97,44.05,45.0
9853,2021-05-23 10:32:00,48.2,48.2,44.0,44.9,7500,97350,99.97,44.05,45.0
9854,2021-05-23 10:33:00,48.2,48.2,44.0,44.9,7500,97350,99.97,44.05,45.0
9855,2021-05-23 10:34:00,48.2,48.2,44.0,44.9,7500,97350,99.97,44.05,45.0
9856,2021-05-23 10:35:00,48.2,48.2,44.0,44.9,7500,97350,99.97,44.05,45.0
9857,2021-05-23 10:36:00,48.2,48.2,44.0,44.9,7500,97350,99.97,44.05,45.0
9858,2021-05-23 10:37:00,48.2,48.2,44.0,44.9,7500,97350,99.97,44.05,45.0
9859,2021-05-23 10:38:00,48.2,48.2,44.0,44.9,7500,97350,99.97,44.05,45.0
9860,2021-05-23 10:39:00,48.2,48.2,44.0,44.9,7500,97350,99.97,44.05,45.0
9861,2021-05-23 10:40:00,48.2,48.2,44.0,44.9,7500,97350,99.97,44.05,45.0
9862,2021-05-23 10:41:00,48.2,48.2,44.0,44.9,7500,97350,99.97,44.05,45.0
9863,2021-05-23 10:42:00,48.2,48.2,44.0,44.9,7500,97350,99.97,44.05,45.0
9864,2021-05-23 10:43:00,48.2,48.2,44.0,44.9,7500,97350,99.97,44.05,45.0
9865,2021-05-23 10:44:00,48.2,48.2,44.0,44.9,7500,97350,99.97,44.05,45.0
9866,2021-05-23 10:45:00,48.2,48.2,44.0,44.9,7500,97350,99.97,44.05,45.0
9867,2021-05-23 10:46:00,48.2,48.2,44.0,44.9,7500,97350,99.97,44.05,45.0
9868,2021-05-23 10:47:00,48.2,48.2,44.0,44.9,7500,97350,99.97,44.05,45.0
9869,2021-05-23 10:48:00,48.2,48.2,44.0,44.9,7500,97350,99.97,44.05,45.0
9870,2021-05-23 10:49:00,48.2,48.2,44.0,44.9,7500,97350,99.97,44.05,45.0
9871,2021-05-23 10:50:00,48.2,48.2,44.0,44.9,7500,97350,99.97,44.05,45.0
9872,2021-05-23 10:51:00,48.2,48.2,44.0,44.9,7500,97350,99.97,44.05,45.0
9873,2021-05-23 10:52:00,48.2,48.2,44.0,44.9,7500,97350,99.97,44.05,45.0
9874,2021-05-23 10:53:00,48.2,48.2,44.0,44.9,7500,97350,99.97,44.05,45.0
9875,2021-05-23 10:54:00,48.2,48.2,44.0,44.9,7500,97350,99.97,44.05,45.0
9876,2021-05-23 10:55:00,48.2,48.2,44.0,44.9,7500,97350,99.97,44.05,45.0
9877,2021-05-23 10:56:00,48.2,48.2,44.0,44.9,7500,97350,99.97,44.05,45.0
9878,2021-05-23 10:57:00,48.2,48.2,44.0,44.9,7500,97350,99.97,44.05,45.0
9879,2021-05-23 10:58:00,48.2,48.2,44.0,44.9,7500,97350,99.97,44.05,45.0
9880,2021-05-23 10:59:00,48.2,48.2,44.0,44.9,7500,97350,99.97,44.05,45.0
9881,2021-05-23 11:00:00,48.2,48.2,44.0,44.9,7500,97350,99.97,44.05,45.0
9882,2021-05-23 11:01:00,48.2,48.2,44.0,44.9,7500,97350,99.97,44.05,45.0
9883,2021-05-23 11:02:00,48.2,48.2,44.0,44.9,7500,97350,99.97,44.05,45.0
9884,2021-05-23 11:03:00,48.2,48.2,44.0,44.9,7500,97350,99.97,44.05,45.0
9885,2021-05-23 11:04:00,48.2,48.2,44.0,44.9,7500,97350,99.97,44.05,45.0
9886,2021-05-23 11:05:00,48.2,48.2,44.0,44.9,7500,97350,99.97,44.05,45.0
9887,2021-05-23 11:06:00,48.2,48.2,44.0,44.9,7500,97350,99.97,44.05,45.0
9888,2021-05-23 11:07:00,48.2,48.2,44.0,44.9,7500,97350,99.97,44.05,45.0
9889,2021-05-23 11:08:00,48.2,48.2,44.0,44.9,7500,97350,99.97,44.05,45.0
9890,2021-05-23 11:09:00,48.2,48.2,44.0,44.9,7500,97350,99.97,44.05,45.0
9891,2021-05-23 11:10:00,48.2,48.2,44.0,44.9,7500,97350,99.97,44.05,45.0
9892,2021-05-23 11:11:00,48.2,48.2,44.0,44.9,7500,97350,99.97,44.05,45.0
9893,2021-05-23 11:12:00,48.2,48.2,44.0,44.9,7500,97350,99.97,44.05,45.0
9894,2021-05-23 11:13:00,48.2,48.2,44.0,44.9,7500,97350,99.97,44.05,45.0
9895,2021-05-23 11:14:00,48.2,48.2,44.0,44.9,7500,97350,99.97,44.05,45.0
9896,2021-05-23 11:15:00,48.2,48.2,44.0,44.9,7500,97350,99.97,44.05,45.0
9897,2021-05-23 11:16:00,48.2,48.2,44.0,44.9,7500,97350,99.97,44.05,45.0
9898,2021-05-23 11:17:00,48.2,48.2,44.0,44.9,7500,97350,99.97,44.05,45.0
9899,2021-05-23 11:18:00,48.2,48.2,44.0,44.9,7500,97350,99.97,44.05,45.0
9900,2021-05-23 11:19:00,48.2,48.2,44.0,44.9,7500,97350,99.97,44.05,45.0
9901,2021-05-23 11:20:00,48.2,48.2,44.0,44.9,7500,97350,99.97,44.05,45.0
9902,2021-05-23 11:21:00,48.2,48.2,44.0,44.9,7500,97350,99.97,44.05,45.0
9903,2021-05-23 11:22:00,48.2,48.2,44.0,44.9,7500,97350,99.97,44.05,45.0
9904,2021-05-23 11:23:00,48.2,48.2,44.0,44.9,7500,97350,99.97,44.05,45.0
9905,2021-05-23 11:24:00,48.2,48.2,44.0,44.9,7500,97350,99.97,44.05,45.0
9906,2021-05-23 11:25:00,48.2,48.2,44.0,44.9,7500,97350,99.97,44.05,45.0
9907,2021-05-23 11:26:00,48.2,48.2,44.0,44.9,7500,97350,99.97,44.05,45.0
9908,2021-05-23 11:27:00,48.2,48.2,44.0,44.9,7500,97350,99.97,44.05,45.0
9909,2021-05-23 11:28:00,48.2,48.2,44.0,44.9,7500,97350,99.97,44.05,45.0
9910,2021-05-23 11:29:00,48.2,48.2,44.0,44.9,7500,97350,99.97,44.05,45.0
9911,2021-05-23 11:30:00,48.2,48.2,44.0,44.9,7500,97350,99.97,44.05,45.0
9912,2021-05-23 11:31:00,48.2,48.2,44.0,44.9,7500,97350,99.97,44.05,45.0
9913,2021-05-23 11:32:00,48.2,48.2,44.0,44.9,7500,97350,99.97,44.05,45.0
9914,2021-05-23 11:33:00,48.2,48.2,44.0,44.9,7500,97350,99.97,44.05,45.0
9915,2021-05-23 11:34:00,48.2,48.2,44.0,44.9,7500,97350,99.97,44.05,45.0
9916,2021-05-23 11:35:00,48.2,48.2,44.0,44.9,7500,97350,99.97,44.05,45.0
9917,2021-05-23 11:36:00,48.2,48.2,44.0,44.9,7500,97350,99.97,44.05,45.0
9918,2021-05-23 11:37:00,48.2,48.2,44.0,44.9,7500,97350,99.97,44.05,45.0
9919,2021-05-23 11:38:00,48.2,48.2,44.0,44.9,7500,97350,99.97,44.05,45.0
9920,2021-05-23 11:39:00,48.2,48.2,44.0,44.9,7500,97350,99.97,44.05,45.0
9921,2021-05-23 11:40:00,48.2,48.2,44.0,44.9,7500,97350,99.97,44.05,45.0
9922,2021-05-23 11:41:00,48.2,48.2,44.0,44.9,7500,97350,99.97,44.05,45.0
9923,2021-05-23 11:42:00,48.2,48.2,44.0,44.9,7500,97350,99.97,44.05,45.0
9924,2021-05-23 11:43:00,48.2,48.2,44.0,44.9,7500,97350,99.97,44.05,45.0
9925,2021-05-23 11:44:00,48.2,48.2,44.0,44.9,7500,97350,99.97,44.05,45.0
9926,2021-05-23 11:45:00,48.2,48.2,44.0,44.9,7500,97350,99.97,44.05,45.0
9927,2021-05-23 11:46:00,48.2,48.2,44.0,44.9,7500,97350,99.97,44.05,45.0
9928,2021-05-23 11:47:00,48.2,48.2,44.0,44.9,7500,97350,99.97,44.05,45.0
9929,2021-05-23 11:48:00,48.2,48.2,44.0,44.9,7500,97350,99.97,44.05,45.0
9930,2021-05-23 11:49:00,48.2,48.2,44.0,44.9,7500,97350,99.97,44.05,45.0
9931,2021-05-23 11:50:00,48.2,48.2,44.0,44.9,7500,97350,99.97,44.05,45.0
9932,2021-05-23 11:51:00,48.2,48.2,44.0,44.9,7500,97350,99.97,44.05,45.0
9933,2021-05-23 11:52:00,48.2,48.2,44.0,44.9,7500,97350,99.97,44.05,45.0
9934,2021-05-23 11:53:00,48.2,48.2,44.0,44.9,7500,97350,99.97,44.05,45.0
9935,2021-05-23 11:54:00,48.2,48.2,44.0,44.9,7500,97350,99.97,44.05,45.0
9936,2021-05-23 11:55:00,48.2,48.2,44.0,44.9,7500,97350,99.97,44.05,45.0
9937,2021-05-23 11:56:00,48.2,48.2,44.0,44.9,7500,97350,99.97,44.05,45.0
9938,2021-05-23 11:57:00,48.2,48.2,44.0,44.9,7500,97350,99.97,44.05,45.0
9939,2021-05-23 11:58:00,48.2,48.2,44.0,44.9,7500,97350,99.97,44.05,45.0
9940,2021-05-23 11:59:00,48.2,48.2,44.0,44.9,7500,97350,99.97,44.05,45.0
9941,2021-05-23 12:00:00,48.2,48.2,44.0,44.9,7500,97350,99.97,44.05,45.0
9942,2021-05-23 12:01:00,48.2,48.2,44.0,44.9,7500,97350,99.97,44.05,45.0
9943,2021-05-23 12:02:00,48.2,48.2,44.0,44.9,7500,97350,99.97,44.05,45.0
9944,2021-05-23 12:03:00,48.2,48.2,44.0,44.9,7500,97350,99.97,44.05,45.0
9945,2021-05-23 12:04:00,48.2,48.2,44.0,44.9,7500,97350,99.97,44.05,45.0
9946,2021-05-23 12:05:00,48.2,48.2,44.0,44.9,7500,97350,99.97,44.05,45.0
9947,2021-05-23 12:06:00,48.2,48.2,44.0,44.9,7500,97350,99.97,44.05,45.0
9948,2021-05-23 12:07:00,48.2,48.2,44.0,44.9,7500,97350,99.97,44.05,45.0
9949,2021-05-23 12:08:00,48.2,48.2,44.0,44.9,7500,97350,99.97,44.05,45.0
9950,2021-05-23 12:09:00,48.2,48.2,44.0,44.9,7500,97350,99.97,44.05,45.0
9951,2021-05-23 12:10:00,48.2,48.2,44.0,44.9,7500,97350,99.97,44.05,45.0
9952,2021-05-23 12:11:00,48.2,48.2,44.0,44.9,7500,97350,99.97,44.05,45.0
9953,2021-05-23 12:12:00,48.2,48.2,44.0,44.9,7500,97350,99.97,44.05,45.0
9954,2021-05-23 12:13:00,48.2,48.2,44.0,44.9,7500,97350,99.97,44.05,45.0
9955,2021-05-23 12:14:00,48.2,48.2,44.0,44.9,7500,97350,99.97,44.05,45.0
9956,2021-05-23 12:15:00,48.2,48.2,44.0,44.9,7500,97350,99.97,44.05,45.0
9957,2021-05-23 12:16:00,48.2,48.2,44.0,44.9,7500,97350,99.97,44.05,45.0
9958,2021-05-23 12:17:00,48.2,48.2,44.0,44.9,7500,97350,99.97,44.05,45.0
9959,2021-05-23 12:18:00,48.2,48.2,44.0,44.9,7500,97350,99.97,44.05,45.0
9960,2021-05-23 12:19:00,48.2,48.2,44.0,44.9,7500,97350,99.97,44.05,45.0
9961,2021-05-23 12:20:00,48.2,48.2,44.0,44.9,7500,97350,99.97,44.05,45.0
9962,2021-05-23 12:21:00,48.2,48.2,44.0,44.9,7500,97350,99.97,44.05,45.0
9963,2021-05-23 12:22:00,48.2,48.2,44.0,44.9,7500,97350,99.97,44.05,45.0
9964,2021-05-23 12:23:00,48.2,48.2,44.0,44.9,7500,97350,99.97,44.05,45.0
9965,2021-05-23 12:24:00,48.2,48.2,44.0,44.9,7500,97350,99.97,44.05,45.0
9966,2021-05-23 12:25:00,48.2,48.2,44.0,44.9,7500,97350,99.97,44.05,45.0
9967,2021-05-23 12:26:00,48.2,48.2,44.0,44.9,7500,97350,99.97,44.05,45.0
9968,2021-05-23 12:27:00,48.2,48.2,44.0,44.9,7500,97350,99.97,44.05,45.0
9969,2021-05-23 12:28:00,48.2,48.2,44.0,44.9,7500,97350,99.97,44.05,45.0
9970,2021-05-23 12:29:00,48.2,48.2,44.0,44.9,7500,97350,99.97,44.05,45.0
9971,2021-05-23 12:30:00,48.2,48.2,44.0,44.9,7500,97350,99.97,44.05,45.0
9972,2021-05-23 12:31:00,48.2,48.2,44.0,44.9,7500,97350,99.97,44.05,45.0
9973,2021-05-23 12:32:00,48.2,48.2,44.0,44.9,7500,97350,99.97,44.05,45.0
9974,2021-05-23 12:33:00,48.2,48.2,44.0,44.9,7500,97350,99.97,44.05,45.0
9975,2021-05-23 12:34:00,48.2,48.2,44.0,44.9,7500,97350,99.97,44.05,45.0
9976,2021-05-23 12:35:00,48.2,48.2,44.0,44.9,7500,97350,99.97,44.05,45.0
9977,2021-05-23 12:36:00,48.2,48.2,44.0,44.9,7500,97350,99.97,44.05,45.0
9978,2021-05-23 12:37:00,48.2,48.2,44.0,44.9,7500,97350,99.97,44.05,45.0
9979,2021-05-23 12:38:00,48.2,48.2,44.0,44.9,7500,97350,99.97,44.05,45.0
9980,2021-05-23 12:39:00,48.2,48.2,44.0,44.9,7500,97350,99.97,44.05,45.0
9981,2021-05-23 12:40:00,48.2,48.2,44.0,44.9,7500,97350,99.97,44.05,45.0
9982,2021-05-23 12:41:00,48.2,48.2,44.0,44.9,7500,97350,99.97,44.05,45.0
9983,2021-05-23 12:42:00,48.2,48.2,44.0,44.9,7500,97350,99.97,44.05,45.0
9984,2021-05-23 12:43:00,48.2,48.2,44.0,44.9,7500,97350,99.97,44.05,45.0
9985,2021-05-23 12:44:00,48.2,48.2,44.0,44.9,7500,97350,99.97,44.05,45.0
9986,2021-05-23 12:45:00,48.2,48.2,44.0,44.9,7500,97350,99.97,44.05,45.0
9987,2021-05-23 12:46:00,48.2,48.2,44.0,44.9,7500,97350,99.97,44.05,45.0
9988,2021-05-23 12:47:00,48.2,48.2,44.0,44.9,7500,97350,99.97,44.05,45.0
9989,2021-05-23 12:48:00,48.2,48.2,44.0,44.9,7500,97350,99.97,44.05,45.0
9990,2021-05-23 12:49:00,48.2,48.2,44.0,44.9,7500,97350,99.97,44.05,45.0
9991,2021-05-23 12:50:00,48.2,48.2,44.0,44.9,7500,97350,99.97,44.05,45.0
9992,2021-05-23 12:51:00,48.2,48.2,44.0,44.9,7500,97350,99.97,44.05,45.0
9993,2021-05-23 12:52:00,48.2,48.2,44.0,44.9,7500,97350,99.97,44.05,45.0
9994,2021-05-23 12:53:00,48.2,48.2,44.0,44.9,7500,97350,99.97,44.05,45.0
9995,2021-05-23 12:54:00,48.2,48.2,44.0,44.9,7500,97350,99.97,44.05,45.0
9996,2021-05-23 12:55:00,48.2,48.2,44.0,44.9,7500,97350,99.97,44.05,45.0
9997,2021-05-23 12:56:00,48.2,48.2,44.0,44.9,7500,97350,99.97,44.05,45.0
9998,2021-05-23 12:57:00,48.2,48.2,44.0,44.9,7500,97350,99.97,44.05,45.0
9999,2021-05-23 12:58:00,48.2,48.2,44.0,44.9,7500,97350,99.97,44.05,45.0
10000,2021-05-23 12:59:00,48.2,48.2,44.0,44.9,7500,97350,99.97,44.05,45.0
10001,2021-05-23 13:00:00,48.2,48.2,44.0,44.9,7500,97350,99.97,44.05,45.0
10002,2021-05-23 13:01:00,48.2,48.2,44.0,44.9,7500,97350,99.97,44.05,45.0
10003,2021-05-23 13:02:00,48.2,48.2,44.0,44.9,7500,97350,99.97,44.05,45.0
10004,2021-05-23 13:03:00,48.2,48.2,44.0,44.9,7500,97350,99.97,44.05,45.0
10005,2021-05-23 13:04:00,48.2,48.2,44.0,44.9,7500,97350,99.97,44.05,45.0
10006,2021-05-23 13:05:00,48.2,48.2,44.0,44.9,7500,97350,99.97,44.05,45.0
10007,2021-05-23 13:06:00,48.2,48.2,44.0,44.9,7500,97350,99.97,44.05,45.0
10008,2021-05-23 13:07:00,48.2,48.2,44.0,44.9,7500,97350,99.97,44.05,45.0
10009,2021-05-23 13:08:00,48.2,48.2,44.0,44.9,7500,97350,99.97,44.05,45.0
10010,2021-05-23 13:09:00,48.2,48.2,44.0,44.9,7500,97350,99.97,44.05,45.0
10011,2021-05-23 13:10:00,48.2,48.2,44.0,44.9,7500,97350,99.97,44.05,45.0
10012,2021-05-23 13:11:00,48.2,48.2,44.0,44.9,7500,97350,99.97,44.05,45.0
10013,2021-05-23 13:12:00,48.2,48.2,44.0,44.9,7500,97350,99.97,44.05,45.0
10014,2021-05-23 13:13:00,48.2,48.2,44.0,44.9,7500,97350,99.97,44.05,45.0
10015,2021-05-23 13:14:00,48.2,48.2,44.0,44.9,7500,97350,99.97,44.05,45.0
10016,2021-05-23 13:15:00,48.2,48.2,44.0,44.9,7500,97350,99.97,44.05,45.0
10017,2021-05-23 13:16:00,48.2,48.2,44.0,44.9,7500,97350,99.97,44.05,45.0
10018,2021-05-23 13:17:00,48.2,48.2,44.0,44.9,7500,97350,99.97,44.05,45.0
10019,2021-05-23 13:18:00,48.2,48.2,44.0,44.9,7500,97350,99.97,44.05,45.0
10020,2021-05-23 13:19:00,48.2,48.2,44.0,44.9,7500,97350,99.97,44.05,45.0
10021,2021-05-23 13:20:00,48.2,48.2,44.0,44.9,7500,97350,99.97,44.05,45.0
10022,2021-05-23 13:21:00,48.2,48.2,44.0,44.9,7500,97350,99.97,44.05,45.0
10023,2021-05-23 13:22:00,48.2,48.2,44.0,44.9,7500,97350,99.97,44.05,45.0
10024,2021-05-23 13:23:00,48.2,48.2,44.0,44.9,7500,97350,99.97,44.05,45.0
10025,2021-05-23 13:24:00,48.2,48.2,44.0,44.9,7500,97350,99.97,44.05,45.0
10026,2021-05-23 13:25:00,48.2,48.2,44.0,44.9,7500,97350,99.97,44.05,45.0
10027,2021-05-23 13:26:00,48.2,48.2,44.0,44.9,7500,97350,99.97,44.05,45.0
10028,2021-05-23 13:27:00,48.2,48.2,44.0,44.9,7500,97350,99.97,44.05,45.0
10029,2021-05-23 13:28:00,48.2,48.2,44.0,44.9,7500,97350,99.97,44.05,45.0
10030,2021-05-23 13:29:00,48.2,48.2,44.0,44.9,7500,97350,99.97,44.05,45.0
10031,2021-05-23 13:30:00,48.2,48.2,44.0,44.9,7500,97350,99.97,44.05,45.0
10032,2021-05-23 13:31:00,48.2,48.2,44.0,44.9,7500,97350,99.97,44.05,45.0
10033,2021-05-23 13:32:00,48.2,48.2,44.0,44.9,7500,97350,99.97,44.05,45.0
10034,2021-05-23 13:33:00,48.2,48.2,44.0,44.9,7500,97350,99.97,44.05,45.0
10035,2021-05-23 13:34:00,48.2,48.2,44.0,44.9,7500,97350,99.97,44.05,45.0
10036,2021-05-23 13:35:00,48.2,48.2,44.0,44.9,7500,97350,99.97,44.05,45.0
10037,2021-05-23 13:36:00,48.2,48.2,44.0,44.9,7500,97350,99.97,44.05,45.0
10038,2021-05-23 13:37:00,48.2,48.2,44.0,44.9,7500,97350,99.97,44.05,45.0
10039,2021-05-23 13:38:00,48.2,48.2,44.0,44.9,7500,97350,99.97,44.05,45.0
10040,2021-05-23 13:39:00,48.2,48.2,44.0,44.9,7500,97350,99.97,44.05,45.0
10041,2021-05-23 13:40:00,48.2,48.2,44.0,44.9,7500,97350,99.97,44.05,45.0
10042,2021-05-23 13:41:00,48.2,48.2,44.0,44.9,7500,97350,99.97,44.05,45.0
10043,2021-05-23 13:42:00,48.2,48.2,44.0,44.9,7500,97350,99.97,44.05,45.0
10044,2021-05-23 13:43:00,48.2,48.2,44.0,44.9,7500,97350,99.97,44.05,45.0
10045,2021-05-23 13:44:00,48.2,48.2,44.0,44.9,7500,97350,99.97,44.05,45.0
10046,2021-05-23 13:45:00,48.2,48.2,44.0,44.9,7500,97350,99.97,44.05,45.0
10047,2021-05-23 13:46:00,48.2,48.2,44.0,44.9,7500,97350,99.97,44.05,45.0
10048,2021-05-23 13:47:00,48.2,48.2,44.0,44.9,7500,97350,99.97,44.05,45.0
10049,2021-05-23 13:48:00,48.2,48.2,44.0,44.9,7500,97350,99.97,44.05,45.0
10050,2021-05-23 13:49:00,48.2,48.2,44.0,44.9,7500,97350,99.97,44.05,45.0
10051,2021-05-23 13:50:00,48.2,48.2,44.0,44.9,7500,97350,99.97,44.05,45.0
10052,2021-05-23 13:51:00,48.2,48.2,44.0,44.9,7500,97350,99.97,44.05,45.0
10053,2021-05-23 13:52:00,48.2,48.2,44.0,44.9,7500,97350,99.97,44.05,45.0
10054,2021-05-23 13:53:00,48.2,48.2,44.0,44.9,7500,97350,99.97,44.05,45.0
10055,2021-05-23 13:54:00,48.2,48.2,44.0,44.9,7500,97350,99.97,44.05,45.0
10056,2021-05-23 13:55:00,48.2,48.2,44.0,44.9,7500,97350,99.97,44.05,45.0
10057,2021-05-23 13:56:00,48.2,48.2,44.0,44.9,7500,97350,99.97,44.05,45.0
10058,2021-05-23 13:57:00,48.2,48.2,44.0,44.9,7500,97350,99.97,44.05,45.0
10059,2021-05-23 13:58:00,48.2,48.2,44.0,44.9,7500,97350,99.97,44.05,45.0
10060,2021-05-23 13:59:00,48.2,48.2,44.0,44.9,7500,97350,99.97,44.05,45.0
10061,2021-05-23 14:00:00,48.2,48.2,44.0,44.9,7500,97350,99.97,44.05,45.0
10062,2021-05-23 14:01:00,48.2,48.2,44.0,44.9,7500,97350,99.97,44.05,45.0
10063,2021-05-23 14:02:00,48.2,48.2,44.0,44.9,7500,97350,99.97,44.05,45.0
10064,2021-05-23 14:03:00,48.2,48.2,44.0,44.9,7500,97350,99.97,44.05,45.0
10065,2021-05-23 14:04:00,48.2,48.2,44.0,44.9,7500,97350,99.97,44.05,45.0
10066,2021-05-23 14:05:00,48.2,48.2,44.0,44.9,7500,97350,99.97,44.05,45.0
10067,2021-05-23 14:06:00,48.2,48.2,44.0,44.9,7500,97350,99.97,44.05,45.0
10068,2021-05-23 14:07:00,48.2,48.2,44.0,44.9,7500,97350,99.97,44.05,45.0
10069,2021-05-23 14:08:00,48.2,48.2,44.0,44.9,7500,97350,99.97,44.05,45.0
10070,2021-05-23 14:09:00,48.2,48.2,44.0,44.9,7500,97350,99.97,44.05,45.0
10071,2021-05-23 14:10:00,48.2,48.2,44.0,44.9,7500,97350,99.97,44.05,45.0
10072,2021-05-23 14:11:00,48.2,48.2,44.0,44.9,7500,97350,99.97,44.05,45.0
10073,2021-05-23 14:12:00,48.2,48.2,44.0,44.9,7500,97350,99.97,44.05,45.0
10074,2021-05-23 14:13:00,48.2,48.2,44.0,44.9,7500,97350,99.97,44.05,45.0
10075,2021-05-23 14:14:00,48.2,48.2,44.0,44.9,7500,97350,99.97,44.05,45.0
10076,2021-05-23 14:15:00,48.2,48.2,44.0,44.9,7500,97350,99.97,44.05,45.0
10077,2021-05-23 14:16:00,48.2,48.2,44.0,44.9,7500,97350,99.97,44.05,45.0
10078,2021-05-23 14:17:00,48.2,48.2,44.0,44.9,7500,97350,99.97,44.05,45.0
10079,2021-05-23 14:18:00,48.2,48.2,44.0,44.9,7500,97350,99.97,44.05,45.0
10080,2021-05-23 14:19:00,48.2,48.2,44.0,44.9,7500,97350,99.97,44.05,45.0
10081,2021-05-23 14:20:00,48.2,48.2,44.0,44.9,7500,97350,99.97,44.05,45.0
10082,2021-05-23 14:21:00,48.2,48.2,44.0,44.9,7500,97350,99.97,44.05,45.0
10083,2021-05-23 14:22:00,48.2,48.2,44.0,44.9,7500,97350,99.97,44.05,45.0
10084,2021-05-23 14:23:00,48.2,48.2,44.0,44.9,7500,97350,99.97,44.05,45.0
10085,2021-05-23 14:24:00,48.2,48.2,44.0,44.9,7500,97350,99.97,44.05,45.0
10086,2021-05-23 14:25:00,48.2,48.2,44.0,44.9,7500,97350,99.97,44.05,45.0
10087,2021-05-23 14:26:00,48.2,48.2,44.0,44.9,7500,97350,99.97,44.05,45.0
10088,2021-05-23 14:27:00,48.2,48.2,44.0,44.9,7500,97350,99.97,44.05,45.0
10089,2021-05-23 14:28:00,48.2,48.2,44.0,44.9,7500,97350,99.97,44.05,45.0
10090,2021-05-23 14:29:00,48.2,48.2,44.0,44.9,7500,97350,99.97,44.05,45.0
10091,2021-05-23 14:30:00,48.2,48.2,44.0,44.9,7500,97350,99.97,44.05,45.0
10092,2021-05-23 14:31:00,48.2,48.2,44.0,44.9,7500,97350,99.97,44.05,45.0
10093,2021-05-23 14:32:00,48.2,48.2,44.0,44.9,7500,97350,99.97,44.05,45.0
10094,2021-05-23 14:33:00,48.2,48.2,44.0,44.9,7500,97350,99.97,44.05,45.0
10095,2021-05-23 14:34:00,48.2,48.2,44.0,44.9,7500,97350,99.97,44.05,45.0
10096,2021-05-23 14:35:00,48.2,48.2,44.0,44.9,7500,97350,99.97,44.05,45.0
10097,2021-05-23 14:36:00,48.2,48.2,44.0,44.9,7500,97350,99.97,44.05,45.0
10098,2021-05-23 14:37:00,48.2,48.2,44.0,44.9,7500,97350,99.97,44.05,45.0
10099,2021-05-23 14:38:00,48.2,48.2,44.0,44.9,7500,97350,99.97,44.05,45.0
10100,2021-05-23 14:39:00,48.2,48.2,44.0,44.9,7500,97350,99.97,44.05,45.0
10101,2021-05-23 14:40:00,48.2,48.2,44.0,44.9,7500,97350,99.97,44.05,45.0
10102,2021-05-23 14:41:00,48.2,48.2,44.0,44.9,7500,97350,99.97,44.05,45.0
10103,2021-05-23 14:42:00,48.2,48.2,44.0,44.9,7500,97350,99.97,44.05,45.0
10104,2021-05-23 14:43:00,48.2,48.2,44.0,44.9,7500,97350,99.97,44.05,45.0
10105,2021-05-23 14:44:00,48.2,48.2,44.0,44.9,7500,97350,99.97,44.05,45.0
10106,2021-05-23 14:45:00,48.2,48.2,44.0,44.9,7500,97350,99.97,44.05,45.0
10107,2021-05-23 14:46:00,48.2,48.2,44.0,44.9,7500,97350,99.97,44.05,45.0
10108,2021-05-23 14:47:00,48.2,48.2,44.0,44.9,7500,97350,99.97,44.05,45.0
10109,2021-05-23 14:48:00,48.2,48.2,44.0,44.9,7500,97350,99.97,44.05,45.0
10110,2021-05-23 14:49:00,48.2,48.2,44.0,44.9,7500,97350,99.97,44.05,45.0
10111,2021-05-23 14:50:00,48.2,48.2,44.0,44.9,7500,97350,99.97,44.05,45.0
10112,2021-05-23 14:51:00,48.2,48.2,44.0,44.9,7500,97350,99.97,44.05,45.0
10113,2021-05-23 14:52:00,48.2,48.2,44.0,44.9,7500,97350,99.97,44.05,45.0
10114,2021-05-23 14:53:00,48.2,48.2,44.0,44.9,7500,97350,99.97,44.05,45.0
10115,2021-05-23 14:54:00,48.2,48.2,44.0,44.9,7500,97350,99.97,44.05,45.0
10116,2021-05-23 14:55:00,48.2,48.2,44.0,44.9,7500,97350,99.97,44.05,45.0
10117,2021-05-23 14:56:00,48.2,48.2,44.0,44.9,7500,97350,99.97,44.05,45.0
10118,2021-05-23 14:57:00,48.2,48.2,44.0,44.9,7500,97350,99.97,44.05,45.0
10119,2021-05-23 14:58:00,48.2,48.2,44.0,44.9,7500,97350,99.97,44.05,45.0
10120,2021-05-23 14:59:00,48.2,48.2,44.0,44.9,7500,97350,99.97,44.05,45.0
10121,2021-05-23 15:00:00,48.2,48.2,44.0,44.9,7500,97350,99.97,44.05,45.0
10122,2021-05-23 15:01:00,48.2,48.2,44.0,44.9,7500,97350,99.97,44.05,45.0
10123,2021-05-23 15:02:00,48.2,48.2,44.0,44.9,7500,97350,99.97,44.05,45.0
10124,2021-05-23 15:03:00,48.2,48.2,44.0,44.9,7500,97350,99.97,44.05,45.0
10125,2021-05-23 15:04:00,48.2,48.2,44.0,44.9,7500,97350,99.97,44.05,45.0
10126,2021-05-23 15:05:00,48.2,48.2,44.0,44.9,7500,97350,99.97,44.05,45.0
10127,2021-05-23 15:06:00,48.2,48.2,44.0,44.9,7500,97350,99.97,44.05,45.0
10128,2021-05-23 15:07:00,48.2,48.2,44.0,44.9,7500,97350,99.97,44.05,45.0
10129,2021-05-23 15:08:00,48.2,48.2,44.0,44.9,7500,97350,99.97,44.05,45.0
10130,2021-05-23 15:09:00,48.2,48.2,44.0,44.9,7500,97350,99.97,44.05,45.0
10131,2021-05-23 15:10:00,48.2,48.2,44.0,44.9,7500,97350,99.97,44.05,45.0
10132,2021-05-23 15:11:00,48.2,48.2,44.0,44.9,7500,97350,99.97,44.05,45.0
10133,2021-05-23 15:12:00,48.2,48.2,44.0,44.9,7500,97350,99.97,44.05,45.0
10134,2021-05-23 15:13:00,48.2,48.2,44.0,44.9,7500,97350,99.97,44.05,45.0
10135,2021-05-23 15:14:00,48.2,48.2,44.0,44.9,7500,97350,99.97,44.05,45.0
10136,2021-05-23 15:15:00,48.2,48.2,44.0,44.9,7500,97350,99.97,44.05,45.0
10137,2021-05-23 15:16:00,48.2,48.2,44.0,44.9,7500,97350,99.97,44.05,45.0
10138,2021-05-23 15:17:00,48.2,48.2,44.0,44.9,7500,97350,99.97,44.05,45.0
10139,2021-05-23 15:18:00,48.2,48.2,44.0,44.9,7500,97350,99.97,44.05,45.0
10140,2021-05-23 15:19:00,48.2,48.2,44.0,44.9,7500,97350,99.97,44.05,45.0
10141,2021-05-23 15:20:00,48.2,48.2,44.0,44.9,7500,97350,99.97,44.05,45.0
10142,2021-05-23 15:21:00,48.2,48.2,44.0,44.9,7500,97350,99.97,44.05,45.0
10143,2021-05-23 15:22:00,48.2,48.2,44.0,44.9,7500,97350,99.97,44.05,45.0
10144,2021-05-23 15:23:00,48.2,48.2,44.0,44.9,7500,97350,99.97,44.05,45.0
10145,2021-05-23 15:24:00,48.2,48.2,44.0,44.9,7500,97350,99.97,44.05,45.0
10146,2021-05-23 15:25:00,48.2,48.2,44.0,44.9,7500,97350,99.97,44.05,45.0
10147,2021-05-23 15:26:00,48.2,48.2,44.0,44.9,7500,97350,99.97,44.05,45.0
10148,2021-05-23 15:27:00,48.2,48.2,44.0,44.9,7500,97350,99.97,44.05,45.0
10149,2021-05-23 15:28:00,48.2,48.2,44.0,44.9,7500,97350,99.97,44.05,45.0
10150,2021-05-23 15:29:00,48.2,48.2,44.0,44.9,7500,97350,99.97,44.05,45.0
10151,2021-05-23 15:30:00,48.2,48.2,44.0,44.9,7500,97350,99.97,44.05,45.0
10152,2021-05-24 09:15:00,38.8,39.95,20.6,28.5,11800,94475,29.76,28.45,28.65
10153,2021-05-24 09:16:00,28.35,29.6,28.25,29.1,19625,94475,29.33,29.05,29.35
10154,2021-05-24 09:17:00,29.1,32.45,29.1,30.05,12600,93475,29.83,30.0,30.2
10155,2021-05-24 09:18:00,30.1,30.1,27.4,27.4,15450,93475,29.54,27.3,27.55
10156,2021-05-24 09:19:00,27.6,27.6,25.2,25.75,12950,93475,28.91,25.75,25.95
10157,2021-05-24 09:20:00,26.1,26.1,23.45,24.75,10150,98950,28.39,24.7,24.95
10158,2021-05-24 09:21:00,25.0,25.45,24.0,24.5,11975,98950,27.93,24.5,24.7
10159,2021-05-24 09:22:00,24.45,25.45,24.05,24.55,19675,98950,27.42,24.55,24.7
10160,2021-05-24 09:23:00,24.55,25.0,24.45,25.0,28025,99100,26.91,25.0,25.15
10161,2021-05-24 09:24:00,25.2,25.2,24.75,24.85,14425,99100,26.72,24.7,24.9
10162,2021-05-24 09:25:00,24.75,25.15,24.65,25.1,7050,99100,26.65,25.05,25.2
10163,2021-05-24 09:26:00,25.1,25.85,24.9,25.15,8150,97775,26.59,25.15,25.35
10164,2021-05-24 09:27:00,25.0,28.35,25.0,27.0,12475,97775,26.63,26.9,27.15
10165,2021-05-24 09:28:00,27.2,29.15,26.6,27.2,9375,97775,26.7,27.0,27.2
10166,2021-05-24 09:29:00,27.2,31.65,27.15,31.2,10675,99350,26.84,31.1,31.3
10167,2021-05-24 09:30:00,31.3,34.25,31.2,32.45,16175,99350,27.22,32.5,32.7
10168,2021-05-24 09:31:00,32.75,37.35,32.6,37.15,12150,99350,27.62,37.05,37.3
10169,2021-05-24 09:32:00,37.15,38.4,30.35,30.45,10050,99525,27.91,30.0,30.25
10170,2021-05-24 09:33:00,30.45,30.6,27.55,28.3,8550,99525,27.95,28.25,28.5
10171,2021-05-24 09:34:00,28.5,30.65,28.35,30.2,5075,99525,27.98,30.1,30.35
10172,2021-05-24 09:35:00,30.5,30.8,26.5,27.05,7400,99350,28.03,26.8,27.05
10173,2021-05-24 09:36:00,27.1,28.25,26.95,27.75,4525,99350,28.02,27.6,27.75
10174,2021-05-24 09:37:00,27.7,28.35,27.4,27.75,3000,99350,28.02,27.75,27.95
10175,2021-05-24 09:38:00,27.8,27.9,26.0,26.45,6250,102050,28.0,26.3,26.5
10176,2021-05-24 09:39:00,26.8,26.8,24.75,25.2,5750,102050,27.95,25.15,25.3
10177,2021-05-24 09:40:00,25.05,26.0,24.95,25.75,3375,102050,27.92,25.95,26.1
10178,2021-05-24 09:41:00,25.85,27.2,25.8,26.95,2975,100800,27.91,27.0,27.2
10179,2021-05-24 09:42:00,27.05,28.85,27.05,28.85,4175,100800,27.91,28.5,28.7
10180,2021-05-24 09:43:00,28.5,28.95,28.35,28.75,1925,100800,27.91,28.75,28.95
10181,2021-05-24 09:44:00,28.8,30.1,28.8,30.1,6825,92725,27.94,29.95,30.2
10182,2021-05-24 09:45:00,30.0,32.05,28.7,32.05,5175,92725,27.99,32.1,32.3
10183,2021-05-24 09:46:00,32.1,33.55,30.9,33.55,4075,92725,28.04,33.4,33.65
10184,2021-05-24 09:47:00,33.6,33.6,30.7,31.65,4800,90550,28.1,31.7,31.95
10185,2021-05-24 09:48:00,32.75,34.9,32.35,34.9,4450,90550,28.17,35.05,35.3
10186,2021-05-24 09:49:00,35.0,36.4,33.35,33.85,5050,90550,28.28,33.9,34.15
10187,2021-05-24 09:50:00,34.8,35.45,29.5,29.95,6700,93150,28.35,30.0,30.15
10188,2021-05-24 09:51:00,30.15,32.2,29.55,31.7,2475,93150,28.37,31.35,31.6
10189,2021-05-24 09:52:00,31.35,34.05,31.35,33.7,3650,93150,28.42,33.55,33.75
10190,2021-05-24 09:53:00,33.3,33.3,31.55,31.85,2975,94725,28.45,32.0,32.25
10191,2021-05-24 09:54:00,31.85,32.8,31.85,32.5,2200,94725,28.48,32.6,32.85
10192,2021-05-24 09:55:00,32.95,32.95,29.85,32.0,3275,94725,28.5,32.0,32.2
10193,2021-05-24 09:56:00,32.45,32.95,30.6,32.0,3700,97325,28.53,31.75,31.95
10194,2021-05-24 09:57:00,32.0,32.05,30.6,30.9,1900,97325,28.54,30.6,30.8
10195,2021-05-24 09:58:00,30.8,32.1,30.8,31.8,1700,97325,28.56,31.65,31.85
10196,2021-05-24 09:59:00,31.65,36.45,31.65,36.45,6900,95750,28.67,36.45,36.75
10197,2021-05-24 10:00:00,36.45,37.45,34.0,34.2,10650,95750,28.86,34.1,34.35
10198,2021-05-24 10:01:00,34.45,37.15,34.4,36.75,11600,95750,29.07,36.75,37.0
10199,2021-05-24 10:02:00,36.75,44.25,36.75,44.25,18675,89550,29.55,44.25,44.6
10200,2021-05-24 10:03:00,47.25,55.45,44.95,46.8,29775,89550,30.9,46.8,47.05
10201,2021-05-24 10:04:00,46.6,51.4,46.45,51.4,11625,89550,31.38,51.1,51.5
10202,2021-05-24 10:05:00,51.6,51.65,45.1,47.4,13750,88400,31.88,47.2,47.5
10203,2021-05-24 10:06:00,47.1,47.4,39.15,39.15,11425,88400,32.14,39.15,39.4
10204,2021-05-24 10:07:00,39.7,39.7,36.05,36.5,8950,88400,32.25,36.2,36.5
10205,2021-05-24 10:08:00,36.0,36.5,34.2,35.7,7650,89700,32.3,35.4,35.65
10206,2021-05-24 10:09:00,35.6,38.95,35.15,38.35,8275,89700,32.39,38.35,38.5
10207,2021-05-24 10:10:00,38.2,40.3,38.0,38.0,6100,89700,32.47,37.5,37.9
10208,2021-05-24 10:11:00,37.65,38.45,37.4,37.4,2975,92925,32.5,37.2,37.45
10209,2021-05-24 10:12:00,36.6,36.6,33.3,33.3,5150,92925,32.52,33.15,33.4
10210,2021-05-24 10:13:00,32.65,33.1,31.25,33.1,4400,92925,32.52,32.9,33.2
10211,2021-05-24 10:14:00,33.45,33.5,31.9,33.2,3525,92325,32.52,33.15,33.4
10212,2021-05-24 10:15:00,33.5,33.55,31.05,31.4,5450,92325,32.52,31.25,31.45
10213,2021-05-24 10:16:00,31.25,32.4,30.2,32.4,7050,92325,32.5,31.9,32.1
10214,2021-05-24 10:17:00,31.7,32.0,30.7,31.15,2800,92250,32.5,30.9,31.1
10215,2021-05-24 10:18:00,31.2,32.45,29.9,32.45,2900,92250,32.49,32.15,32.3
10216,2021-05-24 10:19:00,32.4,32.4,31.4,31.7,3850,92250,32.48,31.8,32.05
10217,2021-05-24 10:20:00,31.8,32.3,30.05,30.05,4900,91450,32.48,29.9,30.25
10218,2021-05-24 10:21:00,30.05,30.5,27.85,28.4,6325,91450,32.43,28.15,28.35
10219,2021-05-24 10:22:00,28.15,28.85,28.0,28.2,3375,91450,32.41,28.2,28.4
10220,2021-05-24 10:23:00,28.2,29.3,28.15,29.15,3750,91400,32.39,28.95,29.25
10221,2021-05-24 10:24:00,29.25,29.5,28.8,28.95,2150,91400,32.37,28.75,29.0
10222,2021-05-24 10:25:00,29.0,31.25,28.75,31.05,3125,91400,32.36,31.05,31.3
10223,2021-05-24 10:26:00,31.3,32.7,31.3,32.3,5700,92775,32.36,32.35,32.5
10224,2021-05-24 10:27:00,32.35,32.7,29.65,29.75,1600,92775,32.36,29.55,29.8
10225,2021-05-24 10:28:00,29.75,30.25,29.4,30.0,1375,92775,32.35,30.0,30.3
10226,2021-05-24 10:29:00,29.9,30.6,29.5,30.6,2025,94100,32.34,30.45,30.7
10227,2021-05-24 10:30:00,30.7,30.8,28.95,30.45,800,94100,32.34,30.45,30.7
10228,2021-05-24 10:31:00,30.25,30.25,28.75,30.1,3225,94100,32.32,29.85,30.1
10229,2021-05-24 10:32:00,29.25,29.95,28.55,29.6,1925,94100,32.31,29.75,30.0
10230,2021-05-24 10:33:00,29.7,29.95,29.5,29.6,950,94100,32.31,29.55,29.75
10231,2021-05-24 10:34:00,29.0,29.65,28.9,29.6,1200,94100,32.3,29.6,29.75
10232,2021-05-24 10:35:00,29.65,29.65,28.2,28.5,875,94575,32.3,28.6,28.85
10233,2021-05-24 10:36:00,28.6,28.9,28.15,28.55,1625,94575,32.29,28.3,28.5
10234,2021-05-24 10:37:00,28.2,28.85,28.0,28.85,1250,94575,32.28,28.6,28.9
10235,2021-05-24 10:38:00,29.0,29.85,29.0,29.85,500,93950,32.27,29.9,30.1
10236,2021-05-24 10:39:00,30.0,30.1,29.65,30.0,1225,93950,32.27,29.75,30.0
10237,2021-05-24 10:40:00,29.75,30.85,29.6,29.9,2550,93950,32.26,29.75,29.95
10238,2021-05-24 10:41:00,29.65,29.8,28.7,29.8,1375,95025,32.25,29.65,29.9
10239,2021-05-24 10:42:00,29.55,31.0,29.3,31.0,975,95025,32.25,30.85,31.05
10240,2021-05-24 10:43:00,31.05,31.7,30.85,31.35,2575,95025,32.25,31.2,31.45
10241,2021-05-24 10:44:00,31.3,33.45,31.3,33.4,6275,97675,32.25,33.35,33.6
10242,2021-05-24 10:45:00,33.55,33.55,32.45,32.6,4400,97675,32.25,32.4,32.65
10243,2021-05-24 10:46:00,32.45,32.55,30.8,31.4,2150,97675,32.25,31.25,31.45
10244,2021-05-24 10:47:00,31.55,31.55,29.35,29.8,2100,97275,32.24,29.4,29.65
10245,2021-05-24 10:48:00,29.7,29.9,28.05,28.05,2050,97275,32.23,28.05,28.25
10246,2021-05-24 10:49:00,28.3,28.85,28.0,28.65,3850,97275,32.21,28.8,29.05
10247,2021-05-24 10:50:00,29.0,29.35,28.35,28.45,2050,98100,32.2,28.6,28.8
10248,2021-05-24 10:51:00,28.0,28.6,27.55,28.0,2325,98100,32.18,27.8,28.05
10249,2021-05-24 10:52:00,27.85,27.85,27.15,27.35,1225,98100,32.17,27.3,27.5
10250,2021-05-24 10:53:00,27.25,27.25,25.6,25.95,4425,96450,32.13,25.9,26.1
10251,2021-05-24 10:54:00,26.1,26.1,25.2,25.9,1475,96450,32.11,25.5,25.7
10252,2021-05-24 10:55:00,25.65,26.65,25.65,26.3,1200,96450,32.1,26.25,26.45
10253,2021-05-24 10:56:00,26.2,26.6,26.05,26.2,1125,96625,32.09,26.2,26.4
10254,2021-05-24 10:57:00,26.4,26.4,25.45,25.55,1250,96625,32.08,25.45,25.7
10255,2021-05-24 10:58:00,25.95,26.0,25.25,26.0,975,96625,32.07,25.7,25.9
10256,2021-05-24 10:59:00,25.7,25.85,25.45,25.85,1950,97300,32.05,25.85,26.05
10257,2021-05-24 11:00:00,25.85,26.9,25.85,26.9,1025,97300,32.04,26.8,26.95
10258,2021-05-24 11:01:00,27.25,28.9,26.75,28.3,3725,97300,32.02,28.2,28.4
10259,2021-05-24 11:02:00,28.35,28.6,27.05,27.15,3600,97250,31.99,27.2,27.4
10260,2021-05-24 11:03:00,27.25,27.25,26.55,26.95,2650,97250,31.97,26.55,26.75
10261,2021-05-24 11:04:00,26.8,27.7,26.8,27.35,1625,97250,31.96,27.1,27.3
10262,2021-05-24 11:05:00,27.8,27.9,26.95,26.95,2400,98875,31.94,26.95,27.15
10263,2021-05-24 11:06:00,26.95,27.4,26.8,27.15,2550,98875,31.92,27.05,27.25
10264,2021-05-24 11:07:00,27.05,27.4,26.75,26.85,3050,98875,31.9,27.1,27.25
10265,2021-05-24 11:08:00,27.25,27.25,26.75,27.1,2225,98775,31.88,26.85,26.95
10266,2021-05-24 11:09:00,26.8,26.95,26.3,26.55,1825,98775,31.87,26.65,26.8
10267,2021-05-24 11:10:00,26.8,26.95,26.45,26.55,1550,98775,31.86,26.6,26.75
10268,2021-05-24 11:11:00,26.75,27.05,26.2,27.05,1825,98175,31.84,27.0,27.2
10269,2021-05-24 11:12:00,27.05,27.4,26.85,27.4,900,98175,31.84,27.2,27.4
10270,2021-05-24 11:13:00,27.4,28.15,27.4,28.1,2350,98175,31.82,28.2,28.3
10271,2021-05-24 11:14:00,28.2,28.9,28.2,28.65,3275,99050,31.81,28.7,28.9
10272,2021-05-24 11:15:00,28.7,28.7,27.45,27.5,2575,99050,31.79,27.4,27.55
10273,2021-05-24 11:16:00,26.95,27.25,26.7,27.05,1150,99050,31.78,27.05,27.25
10274,2021-05-24 11:17:00,27.0,27.0,26.55,26.8,1175,99550,31.77,26.6,26.8
10275,2021-05-24 11:18:00,26.8,27.45,26.65,27.15,1100,99550,31.77,27.15,27.3
10276,2021-05-24 11:19:00,27.3,27.65,27.1,27.65,3025,99550,31.75,27.5,27.65
10277,2021-05-24 11:20:00,27.75,29.1,27.75,29.1,3375,97600,31.73,28.6,28.8
10278,2021-05-24 11:21:00,29.05,29.4,28.45,28.65,1450,97600,31.73,28.8,29.0
10279,2021-05-24 11:22:00,28.7,29.25,28.7,29.1,1975,97600,31.72,29.25,29.45
10280,2021-05-24 11:23:00,29.5,29.9,28.25,28.25,1925,98425,31.71,28.25,28.5
10281,2021-05-24 11:24:00,28.85,28.85,26.15,26.15,3450,98425,31.69,26.05,26.15
10282,2021-05-24 11:25:00,26.15,26.95,25.9,26.55,1950,98425,31.67,26.6,26.8
10283,2021-05-24 11:26:00,26.8,27.5,26.8,27.5,575,98425,31.67,27.35,27.5
10284,2021-05-24 11:27:00,27.35,28.05,27.25,28.05,1200,98425,31.66,27.8,28.0
10285,2021-05-24 11:28:00,27.85,28.05,27.5,27.5,475,98425,31.66,27.2,27.4
10286,2021-05-24 11:29:00,27.15,28.3,27.0,28.25,1125,98850,31.65,28.15,28.25
10287,2021-05-24 11:30:00,28.15,28.5,27.7,28.5,1200,98850,31.64,28.05,28.25
10288,2021-05-24 11:31:00,28.2,28.2,27.7,27.7,700,98850,31.64,27.75,27.95
10289,2021-05-24 11:32:00,27.6,27.75,27.35,27.45,300,98850,31.64,27.45,27.65
10290,2021-05-24 11:33:00,27.55,29.95,27.55,29.35,1750,98300,31.63,29.3,29.5
10291,2021-05-24 11:34:00,29.35,30.05,28.9,30.05,2125,98300,31.63,30.0,30.2
10292,2021-05-24 11:35:00,30.25,30.85,28.45,28.45,2225,98150,31.62,28.5,28.75
10293,2021-05-24 11:36:00,28.75,29.25,28.45,28.45,1250,98150,31.61,28.55,28.7
10294,2021-05-24 11:37:00,28.5,28.7,27.3,27.6,1475,98150,31.61,27.4,27.6
10295,2021-05-24 11:38:00,27.65,28.35,27.6,27.9,1900,99325,31.6,27.55,27.75
10296,2021-05-24 11:39:00,27.85,27.85,27.0,27.25,1800,99325,31.59,27.05,27.2
10297,2021-05-24 11:40:00,27.2,28.15,27.2,27.8,1050,99325,31.58,27.8,28.0
10298,2021-05-24 11:41:00,27.95,29.05,27.95,28.9,1150,99075,31.58,28.8,28.95
10299,2021-05-24 11:42:00,28.95,28.95,28.0,28.15,1375,99075,31.57,28.05,28.25
10300,2021-05-24 11:43:00,28.3,28.45,27.85,28.05,500,99075,31.57,28.05,28.25
10301,2021-05-24 11:44:00,28.0,28.05,27.6,27.6,700,99250,31.56,27.55,27.75
10302,2021-05-24 11:45:00,27.3,27.8,26.8,27.65,875,99250,31.56,27.65,27.85
10303,2021-05-24 11:46:00,27.85,27.85,26.6,26.6,2025,99250,31.55,26.45,26.7
10304,2021-05-24 11:47:00,26.35,27.3,26.35,27.05,1650,99250,31.54,26.9,27.15
10305,2021-05-24 11:48:00,26.9,27.8,26.9,27.4,775,101125,31.53,27.5,27.7
10306,2021-05-24 11:49:00,27.75,27.9,27.65,27.75,400,101125,31.53,27.5,27.7
10307,2021-05-24 11:50:00,27.55,28.4,27.0,28.1,2275,101125,31.52,28.05,28.25
10308,2021-05-24 11:51:00,28.25,28.25,27.95,28.15,575,100350,31.51,28.1,28.3
10309,2021-05-24 11:52:00,28.4,28.4,27.45,27.45,775,100350,31.51,27.65,27.9
10310,2021-05-24 11:53:00,27.7,27.9,26.85,27.9,875,100350,31.51,27.85,28.05
10311,2021-05-24 11:54:00,27.9,29.35,27.8,29.25,900,100925,31.5,28.95,29.2
10312,2021-05-24 11:55:00,29.1,29.6,28.15,29.2,2025,100925,31.49,29.1,29.3
10313,2021-05-24 11:56:00,29.35,30.6,29.05,29.15,4625,100925,31.48,29.1,29.3
10314,2021-05-24 11:57:00,29.05,30.1,29.05,30.1,2800,99600,31.48,30.1,30.3
10315,2021-05-24 11:58:00,30.2,30.2,28.65,29.4,1625,99600,31.47,29.35,29.55
10316,2021-05-24 11:59:00,29.7,29.7,28.0,28.0,1550,99600,31.47,27.85,28.15
10317,2021-05-24 12:00:00,28.15,28.45,27.0,27.6,1475,100225,31.46,27.35,27.6
10318,2021-05-24 12:01:00,27.3,27.3,26.45,26.65,1500,100225,31.45,26.55,26.75
10319,2021-05-24 12:02:00,26.6,27.0,26.55,26.75,1200,100225,31.44,26.6,26.8
10320,2021-05-24 12:03:00,26.7,27.75,26.7,27.6,1175,99250,31.44,27.6,27.8
10321,2021-05-24 12:04:00,27.35,27.5,27.25,27.5,300,99250,31.43,27.65,27.85
10322,2021-05-24 12:05:00,28.0,28.5,27.9,27.9,2300,99250,31.42,27.7,27.9
10323,2021-05-24 12:06:00,27.9,28.2,27.5,28.2,525,100700,31.42,28.2,28.4
10324,2021-05-24 12:07:00,28.15,28.15,27.25,27.95,1050,100700,31.42,27.8,28.0
10325,2021-05-24 12:08:00,27.9,27.9,26.9,27.05,1225,100700,31.41,27.0,27.2
10326,2021-05-24 12:09:00,27.25,27.3,25.7,25.7,2450,100575,31.39,25.65,25.9
10327,2021-05-24 12:10:00,25.95,27.0,25.85,27.0,1275,100575,31.38,26.85,27.05
10328,2021-05-24 12:11:00,26.9,27.05,26.85,27.05,425,100575,31.38,27.15,27.35
10329,2021-05-24 12:12:00,27.75,27.75,27.05,27.05,425,100925,31.38,27.0,27.2
10330,2021-05-24 12:13:00,27.0,27.5,27.0,27.15,1200,100925,31.37,27.0,27.2
10331,2021-05-24 12:14:00,27.3,27.3,26.7,26.7,550,100925,31.37,26.65,26.85
10332,2021-05-24 12:15:00,26.5,27.6,26.5,27.45,1600,101900,31.36,27.3,27.5
10333,2021-05-24 12:16:00,27.15,27.6,27.15,27.45,625,101900,31.36,27.4,27.6
10334,2021-05-24 12:17:00,27.45,27.45,27.3,27.3,325,101900,31.36,27.35,27.5
10335,2021-05-24 12:18:00,27.55,28.2,27.45,27.95,1525,101150,31.35,27.8,28.0
10336,2021-05-24 12:19:00,28.05,28.1,27.55,27.95,2375,101150,31.34,27.8,28.0
10337,2021-05-24 12:20:00,27.8,28.8,27.65,28.65,2325,101150,31.33,28.6,28.8
10338,2021-05-24 12:21:00,28.3,30.0,28.3,29.7,1700,102150,31.32,29.45,29.7
10339,2021-05-24 12:22:00,29.25,29.35,27.5,27.7,2050,102150,31.31,28.0,28.2
10340,2021-05-24 12:23:00,28.2,28.2,27.2,27.7,1125,102150,31.31,27.65,27.85
10341,2021-05-24 12:24:00,27.45,28.3,26.65,27.95,3325,101950,31.29,27.8,28.0
10342,2021-05-24 12:25:00,28.0,28.05,27.0,27.75,1400,101950,31.29,27.65,27.85
10343,2021-05-24 12:26:00,27.85,29.0,27.85,29.0,1525,101950,31.28,28.8,29.0
10344,2021-05-24 12:27:00,28.85,28.9,28.1,28.2,1150,103800,31.28,28.25,28.4
10345,2021-05-24 12:28:00,28.2,28.3,27.85,28.05,875,103800,31.27,27.9,28.15
10346,2021-05-24 12:29:00,28.05,28.45,27.4,28.4,1100,103800,31.27,28.3,28.5
10347,2021-05-24 12:30:00,27.9,28.4,27.55,28.1,1425,104425,31.26,27.95,28.2
10348,2021-05-24 12:31:00,28.0,28.65,28.0,28.0,1475,104425,31.26,27.75,28.0
10349,2021-05-24 12:32:00,27.9,28.15,26.75,28.15,925,104425,31.25,28.0,28.2
10350,2021-05-24 12:33:00,27.95,29.1,27.7,28.6,1575,104975,31.25,28.8,29.0
10351,2021-05-24 12:34:00,28.7,28.7,27.55,28.5,3125,104975,31.23,28.35,28.6
10352,2021-05-24 12:35:00,28.15,28.5,27.3,28.4,2375,104975,31.22,28.2,28.4
10353,2021-05-24 12:36:00,28.2,29.95,27.7,28.9,2350,104925,31.22,28.6,28.85
10354,2021-05-24 12:37:00,28.5,28.5,27.4,27.85,1675,104925,31.21,27.8,28.0
10355,2021-05-24 12:38:00,27.95,28.65,27.7,28.65,725,104925,31.21,28.45,28.75
10356,2021-05-24 12:39:00,28.55,28.85,28.15,28.75,650,104950,31.2,28.65,28.85
10357,2021-05-24 12:40:00,28.65,29.5,28.2,29.25,1775,104950,31.2,29.25,29.45
10358,2021-05-24 12:41:00,29.1,29.5,28.3,29.35,525,104950,31.2,29.25,29.5
10359,2021-05-24 12:42:00,29.5,30.2,28.7,28.95,2825,103700,31.19,28.7,28.95
10360,2021-05-24 12:43:00,28.7,35.8,28.1,31.95,15475,103700,31.22,31.9,32.05
10361,2021-05-24 12:44:00,31.4,34.15,30.9,31.8,4850,103700,31.23,31.4,31.7
10362,2021-05-24 12:45:00,32.35,32.35,29.5,30.6,5475,106325,31.23,30.3,30.5
10363,2021-05-24 12:46:00,30.6,30.6,29.05,29.65,2600,106325,31.22,29.6,29.75
10364,2021-05-24 12:47:00,29.6,32.4,29.6,32.15,3125,106325,31.22,32.15,32.35
10365,2021-05-24 12:48:00,31.9,33.55,31.7,32.85,3800,108775,31.23,32.8,33.0
10366,2021-05-24 12:49:00,32.3,34.05,32.3,33.45,3075,108775,31.23,33.2,33.4
10367,2021-05-24 12:50:00,33.45,33.8,32.6,33.5,2150,108775,31.24,33.45,33.7
10368,2021-05-24 12:51:00,33.8,36.95,33.25,36.75,6700,110675,31.27,36.6,37.0
10369,2021-05-24 12:52:00,35.45,38.25,35.0,37.9,8650,110675,31.32,37.45,37.7
10370,2021-05-24 12:53:00,37.3,37.4,34.3,34.85,6325,110675,31.36,34.8,35.0
10371,2021-05-24 12:54:00,34.4,34.6,33.1,34.05,3225,111925,31.37,33.9,34.15
10372,2021-05-24 12:55:00,34.1,34.1,30.55,30.7,4775,111925,31.37,30.6,30.85
10373,2021-05-24 12:56:00,31.1,33.35,30.9,32.15,2950,111925,31.37,31.9,32.1
10374,2021-05-24 12:57:00,32.05,32.95,31.4,32.95,2075,113600,31.38,32.9,33.0
10375,2021-05-24 12:58:00,32.85,34.6,32.75,34.45,4875,113600,31.39,34.25,34.5
10376,2021-05-24 12:59:00,34.35,35.2,33.6,33.6,2175,113600,31.39,33.2,33.4
10377,2021-05-24 13:00:00,33.45,33.45,32.15,32.15,1475,113950,31.4,32.55,32.75
10378,2021-05-24 13:01:00,32.4,33.2,31.5,32.4,2225,113950,31.4,32.25,32.45
10379,2021-05-24 13:02:00,32.2,32.2,30.0,30.3,6175,113950,31.39,30.05,30.2
10380,2021-05-24 13:03:00,30.25,31.0,28.75,29.3,3125,113300,31.39,29.25,29.45
10381,2021-05-24 13:04:00,28.65,28.65,27.3,27.85,4575,113300,31.37,27.7,27.9
10382,2021-05-24 13:05:00,27.95,28.6,27.85,28.1,3050,113300,31.36,27.9,28.05
10383,2021-05-24 13:06:00,27.95,28.3,27.7,28.05,1025,114825,31.36,28.05,28.25
10384,2021-05-24 13:07:00,28.2,28.85,27.65,28.85,2950,114825,31.35,28.9,29.1
10385,2021-05-24 13:08:00,28.95,28.95,26.4,26.4,4150,114825,31.33,26.35,26.55
10386,2021-05-24 13:09:00,26.4,27.2,26.4,27.1,3225,116275,31.31,27.0,27.2
10387,2021-05-24 13:10:00,27.05,27.05,26.1,26.55,3875,116275,31.29,26.55,26.75
10388,2021-05-24 13:11:00,26.55,27.6,26.55,27.6,3800,116275,31.28,27.55,27.75
10389,2021-05-24 13:12:00,27.55,27.55,27.35,27.35,125,119300,31.27,27.05,27.25
10390,2021-05-24 13:13:00,26.95,27.4,26.9,27.4,625,119300,31.27,27.4,27.6
10391,2021-05-24 13:14:00,27.35,27.35,26.8,27.1,900,119300,31.27,27.0,27.2
10392,2021-05-24 13:15:00,26.85,27.4,26.85,27.2,675,119000,31.26,27.1,27.3
10393,2021-05-24 13:16:00,27.05,27.6,26.8,27.0,2150,119000,31.26,27.2,27.4
10394,2021-05-24 13:17:00,27.2,27.6,27.05,27.5,500,119000,31.25,27.4,27.55
10395,2021-05-24 13:18:00,27.2,27.2,26.75,26.95,875,120550,31.25,27.0,27.15
10396,2021-05-24 13:19:00,27.2,27.55,27.1,27.4,1725,120550,31.24,27.4,27.65
10397,2021-05-24 13:20:00,27.8,28.15,27.5,27.9,2700,120550,31.23,27.8,28.0
10398,2021-05-24 13:21:00,27.5,27.95,27.35,27.45,1000,121125,31.23,27.0,27.15
10399,2021-05-24 13:22:00,27.2,27.2,26.45,26.9,3425,121125,31.21,26.75,26.95
10400,2021-05-24 13:23:00,27.0,27.2,26.7,27.1,2575,121125,31.2,26.9,27.1
10401,2021-05-24 13:24:00,27.15,27.35,26.85,27.25,900,121025,31.2,27.25,27.45
10402,2021-05-24 13:25:00,27.25,27.75,27.0,27.3,1300,121025,31.19,27.25,27.4
10403,2021-05-24 13:26:00,27.3,27.3,26.85,27.15,675,121025,31.19,27.1,27.3
10404,2021-05-24 13:27:00,27.2,27.35,26.85,26.95,2375,121725,31.18,26.9,27.05
10405,2021-05-24 13:28:00,26.6,27.5,26.5,27.25,1550,121725,31.17,27.15,27.35
10406,2021-05-24 13:29:00,27.2,27.2,26.95,27.1,475,121725,31.17,27.0,27.2
10407,2021-05-24 13:30:00,26.95,27.5,26.65,27.35,1700,121400,31.16,26.95,27.15
10408,2021-05-24 13:31:00,26.95,27.15,26.65,26.7,550,121400,31.16,26.8,27.0
10409,2021-05-24 13:32:00,27.0,27.15,26.8,27.0,850,121400,31.16,26.7,26.9
10410,2021-05-24 13:33:00,26.95,26.95,26.7,26.7,400,120375,31.15,26.6,26.85
10411,2021-05-24 13:34:00,26.55,26.6,25.8,26.1,3000,120375,31.14,25.8,26.0
10412,2021-05-24 13:35:00,25.85,27.3,25.7,26.85,4100,120375,31.12,26.75,26.95
10413,2021-05-24 13:36:00,26.8,27.1,26.55,26.55,1000,122250,31.11,26.4,26.6
10414,2021-05-24 13:37:00,26.45,26.95,26.45,26.75,700,122250,31.11,26.6,26.75
10415,2021-05-24 13:38:00,26.65,26.8,26.5,26.7,1275,122250,31.11,26.5,26.7
10416,2021-05-24 13:39:00,26.8,28.65,26.5,28.55,3000,122500,31.09,28.45,28.65
10417,2021-05-24 13:40:00,28.65,28.9,27.45,28.75,3100,122500,31.08,28.75,28.95
10418,2021-05-24 13:41:00,28.8,29.65,27.7,27.85,2950,122500,31.08,27.7,27.9
10419,2021-05-24 13:42:00,28.0,28.8,27.65,28.8,1900,122600,31.07,28.3,28.5
10420,2021-05-24 13:43:00,28.5,28.5,27.8,27.8,1450,122600,31.07,27.65,27.85
10421,2021-05-24 13:44:00,27.9,28.1,26.9,27.1,900,122600,31.06,27.1,27.3
10422,2021-05-24 13:45:00,27.85,28.3,26.6,26.6,1725,121425,31.06,26.6,26.7
10423,2021-05-24 13:46:00,26.8,27.3,26.2,27.3,1375,121425,31.05,27.15,27.4
10424,2021-05-24 13:47:00,27.3,27.3,26.9,27.2,525,121425,31.05,27.15,27.4
10425,2021-05-24 13:48:00,27.2,27.5,26.9,27.45,1325,121975,31.04,27.4,27.6
10426,2021-05-24 13:49:00,27.7,28.55,27.7,28.0,2150,121975,31.04,27.95,28.2
10427,2021-05-24 13:50:00,28.3,28.75,27.45,27.75,1600,121975,31.03,27.0,27.2
10428,2021-05-24 13:51:00,27.2,28.5,27.2,28.2,1475,122300,31.03,28.2,28.4
10429,2021-05-24 13:52:00,28.65,28.65,27.35,28.05,1450,122300,31.02,28.0,28.2
10430,2021-05-24 13:53:00,28.2,30.05,28.2,29.5,4975,122300,31.01,29.3,29.55
10431,2021-05-24 13:54:00,29.85,29.85,27.9,27.9,4150,121750,31.0,27.8,28.05
10432,2021-05-24 13:55:00,28.1,29.0,27.2,29.0,2275,121750,31.0,29.1,29.4
10433,2021-05-24 13:56:00,29.15,29.35,28.35,28.35,1075,121750,30.99,28.25,28.45
10434,2021-05-24 13:57:00,28.45,29.2,28.4,29.15,1225,122925,30.99,29.2,29.45
10435,2021-05-24 13:58:00,29.1,29.4,26.9,26.9,2750,122925,30.98,26.85,27.05
10436,2021-05-24 13:59:00,27.3,27.6,25.5,26.0,7000,122925,30.95,25.75,26.0
10437,2021-05-24 14:00:00,25.8,27.25,25.0,27.05,4175,124825,30.93,26.75,26.95
10438,2021-05-24 14:01:00,26.8,27.0,26.3,26.45,650,124825,30.93,26.8,27.05
10439,2021-05-24 14:02:00,27.25,27.75,26.75,27.1,1925,124825,30.92,27.05,27.25
10440,2021-05-24 14:03:00,27.05,27.4,27.05,27.25,1850,123450,30.92,27.2,27.4
10441,2021-05-24 14:04:00,27.4,27.8,27.15,27.8,675,123450,30.91,27.7,27.95
10442,2021-05-24 14:05:00,27.55,28.3,27.55,28.1,1450,123450,30.91,27.95,28.2
10443,2021-05-24 14:06:00,28.1,28.55,27.3,27.75,2375,123900,30.9,27.65,27.9
10444,2021-05-24 14:07:00,27.6,28.05,27.6,28.0,1425,123900,30.9,28.0,28.15
10445,2021-05-24 14:08:00,28.0,28.15,27.3,27.95,2125,123900,30.89,27.95,28.2
10446,2021-05-24 14:09:00,27.85,27.85,25.7,25.75,3650,124600,30.88,25.9,26.1
10447,2021-05-24 14:10:00,26.05,26.05,25.1,25.8,2500,124600,30.86,25.95,26.1
10448,2021-05-24 14:11:00,26.15,26.95,25.8,26.9,1700,124600,30.86,26.8,27.0
10449,2021-05-24 14:12:00,27.0,27.0,26.15,26.7,4750,124925,30.84,26.65,26.85
10450,2021-05-24 14:13:00,26.55,26.9,26.05,26.05,1800,124925,30.83,26.35,26.5
10451,2021-05-24 14:14:00,26.7,26.85,26.0,26.45,3150,124925,30.82,26.4,26.65
10452,2021-05-24 14:15:00,26.75,26.8,26.15,26.25,575,126325,30.81,26.1,26.3
10453,2021-05-24 14:16:00,26.25,26.6,25.95,26.05,1500,126325,30.81,26.0,26.25
10454,2021-05-24 14:17:00,26.1,26.4,25.9,26.35,850,126325,30.8,26.55,26.75
10455,2021-05-24 14:18:00,26.55,26.65,25.9,26.2,1875,125275,30.79,25.9,26.1
10456,2021-05-24 14:19:00,26.15,26.45,25.9,26.45,725,125275,30.79,26.5,26.7
10457,2021-05-24 14:20:00,26.8,26.8,26.3,26.55,475,125275,30.79,26.35,26.55
10458,2021-05-24 14:21:00,26.6,27.75,26.5,27.35,4475,124575,30.77,27.25,27.45
10459,2021-05-24 14:22:00,27.45,28.5,27.25,28.5,1550,124575,30.77,28.3,28.55
10460,2021-05-24 14:23:00,28.25,28.25,26.7,26.9,2350,124575,30.76,26.8,27.0
10461,2021-05-24 14:24:00,26.8,26.85,25.85,25.95,1750,125225,30.75,25.8,26.0
10462,2021-05-24 14:25:00,25.9,26.35,25.6,26.35,3525,125225,30.74,26.4,26.6
10463,2021-05-24 14:26:00,26.4,26.5,26.4,26.45,75,125225,30.74,26.25,26.45
10464,2021-05-24 14:27:00,26.65,26.75,25.95,26.25,1200,124650,30.73,26.1,26.35
10465,2021-05-24 14:28:00,26.3,26.7,26.25,26.5,850,124650,30.73,26.35,26.55
10466,2021-05-24 14:29:00,26.2,27.25,26.2,27.15,1425,124650,30.72,27.05,27.25
10467,2021-05-24 14:30:00,26.95,27.2,25.95,26.05,1025,123700,30.72,25.9,26.05
10468,2021-05-24 14:31:00,25.95,26.65,25.9,26.45,2025,123700,30.71,26.35,26.6
10469,2021-05-24 14:32:00,26.55,27.15,26.55,26.95,800,123700,30.71,26.7,26.85
10470,2021-05-24 14:33:00,26.9,27.0,26.6,26.9,1300,123750,30.7,26.9,27.05
10471,2021-05-24 14:34:00,26.75,27.65,26.75,27.4,1750,123750,30.7,27.4,27.6
10472,2021-05-24 14:35:00,27.3,28.25,27.05,27.9,2250,123750,30.69,27.8,28.0
10473,2021-05-24 14:36:00,27.9,27.9,25.3,25.8,5100,123675,30.67,25.65,25.9
10474,2021-05-24 14:37:00,24.9,24.9,20.55,21.3,15525,123675,30.56,21.3,21.45
10475,2021-05-24 14:38:00,21.05,22.8,21.05,22.3,5475,123675,30.51,22.05,22.25
10476,2021-05-24 14:39:00,22.25,22.3,21.4,21.4,10800,125200,30.43,21.3,21.45
10477,2021-05-24 14:40:00,21.15,21.45,20.15,20.95,16825,125200,30.28,20.85,21.0
10478,2021-05-24 14:41:00,20.9,21.35,20.75,21.1,5925,125200,30.24,21.1,21.25
10479,2021-05-24 14:42:00,21.05,21.2,20.4,20.4,5075,123825,30.19,20.3,20.55
10480,2021-05-24 14:43:00,20.35,20.45,20.0,20.25,6875,123825,30.13,20.25,20.4
10481,2021-05-24 14:44:00,20.35,20.4,19.6,19.8,7600,123825,30.07,19.85,19.95
10482,2021-05-24 14:45:00,19.95,19.95,18.95,19.1,6825,121850,30.0,19.0,19.1
10483,2021-05-24 14:46:00,19.1,19.35,18.95,18.95,8700,121850,29.92,18.95,19.1
10484,2021-05-24 14:47:00,18.95,19.25,18.15,18.45,11550,121850,29.82,18.4,18.45
10485,2021-05-24 14:48:00,18.3,18.4,17.3,17.35,14525,113675,29.67,17.4,17.55
10486,2021-05-24 14:49:00,17.55,17.9,17.4,17.65,14250,113675,29.53,17.6,17.75
10487,2021-05-24 14:50:00,17.45,18.5,17.45,17.9,9725,113675,29.44,17.9,18.05
10488,2021-05-24 14:51:00,18.1,18.75,18.05,18.4,9025,109175,29.35,18.3,18.45
10489,2021-05-24 14:52:00,18.4,18.65,17.4,17.5,8550,109175,29.28,17.4,17.6
10490,2021-05-24 14:53:00,17.45,17.55,17.05,17.35,4000,109175,29.24,17.45,17.6
10491,2021-05-24 14:54:00,17.45,18.3,17.35,18.1,5525,106325,29.19,18.05,18.25
10492,2021-05-24 14:55:00,18.2,19.0,18.15,18.2,6300,106325,29.13,18.15,18.3
10493,2021-05-24 14:56:00,18.0,18.25,17.5,17.85,7425,106325,29.07,17.6,17.75
10494,2021-05-24 14:57:00,17.7,18.05,17.6,18.0,8125,103075,28.99,17.95,18.15
10495,2021-05-24 14:58:00,18.0,18.05,17.3,17.6,7300,103075,28.93,17.6,17.75
10496,2021-05-24 14:59:00,17.6,18.2,17.6,18.2,1525,103075,28.92,17.95,18.2
10497,2021-05-24 15:00:00,18.0,18.35,17.8,18.25,2475,103375,28.9,18.1,18.25
10498,2021-05-24 15:01:00,18.2,19.0,18.2,18.75,5575,103375,28.85,18.6,18.7
10499,2021-05-24 15:02:00,18.7,19.1,18.55,18.85,2275,103375,28.83,18.8,18.95
10500,2021-05-24 15:03:00,18.95,19.05,18.75,18.8,3425,101200,28.81,18.75,18.9
10501,2021-05-24 15:04:00,18.75,20.65,18.75,19.9,10550,101200,28.73,19.75,19.85
10502,2021-05-24 15:05:00,19.6,26.0,19.6,25.15,16125,101200,28.66,25.0,25.15
10503,2021-05-24 15:06:00,24.45,26.65,22.25,23.25,17425,98700,28.6,23.2,23.5
10504,2021-05-24 15:07:00,23.35,29.0,23.35,27.75,18550,98700,28.57,27.7,27.95
10505,2021-05-24 15:08:00,27.75,27.75,21.25,23.35,15975,98700,28.52,23.2,23.4
10506,2021-05-24 15:09:00,23.55,25.25,21.7,22.6,13000,88850,28.48,22.55,22.75
10507,2021-05-24 15:10:00,23.1,24.05,21.1,21.75,7000,88850,28.45,21.8,22.0
10508,2021-05-24 15:11:00,21.8,22.75,21.3,22.45,6450,88850,28.42,22.25,22.45
10509,2021-05-24 15:12:00,22.3,22.3,21.15,21.85,4250,84625,28.4,21.7,21.85
10510,2021-05-24 15:13:00,22.25,22.65,21.0,21.0,6725,84625,28.37,20.95,21.05
10511,2021-05-24 15:14:00,21.25,21.5,20.75,20.9,4700,84625,28.35,20.7,20.85
10512,2021-05-24 15:15:00,21.15,22.75,21.0,21.45,6700,83275,28.32,21.35,21.55
10513,2021-05-24 15:16:00,21.45,23.35,21.45,23.0,4700,83275,28.3,22.95,23.15
10514,2021-05-24 15:17:00,22.7,23.3,21.75,22.0,7150,83275,28.27,21.9,22.0
10515,2021-05-24 15:18:00,22.25,22.25,18.65,20.4,10200,83450,28.21,20.55,20.75
10516,2021-05-24 15:19:00,20.4,21.25,20.3,21.05,3975,83450,28.19,20.9,21.05
10517,2021-05-24 15:20:00,20.8,20.8,18.3,20.2,6750,83450,28.15,20.0,20.15
10518,2021-05-24 15:21:00,20.05,20.95,19.35,20.2,4575,82325,28.12,20.4,20.6
10519,2021-05-24 15:22:00,20.9,21.25,19.8,20.5,6025,82325,28.09,20.5,20.7
10520,2021-05-24 15:23:00,20.65,22.15,20.65,22.05,5475,82325,28.07,22.0,22.15
10521,2021-05-24 15:24:00,22.45,23.15,21.25,21.25,3500,82950,28.05,21.6,21.8
10522,2021-05-24 15:25:00,22.05,22.65,22.0,22.6,4250,82950,28.04,22.4,22.6
10523,2021-05-24 15:26:00,22.55,23.0,22.05,22.55,3725,82950,28.02,22.4,22.5
10524,2021-05-24 15:27:00,22.6,22.6,21.95,21.95,5000,83675,28.0,21.9,22.1
10525,2021-05-24 15:28:00,22.1,22.4,21.65,21.85,4425,83675,27.99,21.6,21.85
10526,2021-05-24 15:29:00,22.1,22.4,21.65,21.85,4425,83675,27.99,21.6,21.85
10527,2021-05-24 15:30:00,21.85,21.85,20.0,20.0,8400,83675,27.95,21.25,21.8
10528,2021-05-25 09:15:00,8.0,14.35,8.0,12.95,7975,83300,12.08,12.7,13.15
10529,2021-05-25 09:16:00,12.75,13.55,12.25,12.4,10775,83300,12.56,12.4,12.55
10530,2021-05-25 09:17:00,12.35,13.35,11.75,12.9,10600,88150,12.52,12.95,13.05
10531,2021-05-25 09:18:00,13.0,14.05,13.0,13.55,5175,88150,12.66,13.45,13.65
10532,2021-05-25 09:19:00,13.55,15.75,13.0,15.2,12100,88150,13.03,15.1,15.3
10533,2021-05-25 09:20:00,15.35,15.9,14.35,14.75,5900,90550,13.26,14.65,14.8
10534,2021-05-25 09:21:00,14.65,14.7,13.4,14.05,4450,90550,13.31,13.8,13.95
10535,2021-05-25 09:22:00,13.95,16.2,13.8,14.75,6200,90550,13.49,14.8,15.05
10536,2021-05-25 09:23:00,14.8,16.1,14.6,15.4,5750,91400,13.65,15.4,15.5
10537,2021-05-25 09:24:00,15.3,16.05,15.05,15.6,26550,91400,14.19,15.4,15.55
10538,2021-05-25 09:25:00,15.4,15.45,13.95,14.2,12825,91400,14.22,14.15,14.3
10539,2021-05-25 09:26:00,14.1,14.85,14.1,14.4,8275,114900,14.24,14.25,14.45
10540,2021-05-25 09:27:00,14.35,15.8,14.3,15.3,4275,114900,14.28,15.4,15.5
10541,2021-05-25 09:28:00,15.35,15.8,14.65,15.2,3000,114900,14.3,15.05,15.15
10542,2021-05-25 09:29:00,15.05,15.5,14.85,15.25,4450,115275,14.33,15.25,15.4
10543,2021-05-25 09:30:00,15.45,16.0,14.35,15.75,10300,115275,14.38,15.75,15.85
10544,2021-05-25 09:31:00,15.85,17.4,15.65,16.2,13925,115275,14.59,16.1,16.3
10545,2021-05-25 09:32:00,16.3,17.1,16.3,16.7,10700,118375,14.74,16.55,16.75
10546,2021-05-25 09:33:00,16.8,17.5,16.7,17.45,3275,118375,14.79,17.3,17.5
10547,2021-05-25 09:34:00,17.4,17.4,16.15,16.3,3925,118375,14.83,16.25,16.4
10548,2021-05-25 09:35:00,16.35,17.0,14.95,15.1,12900,121450,14.89,14.95,15.1
10549,2021-05-25 09:36:00,14.85,15.75,14.85,15.35,8125,121450,14.91,15.2,15.35
10550,2021-05-25 09:37:00,15.2,15.3,14.75,14.9,2450,121450,14.91,14.8,14.95
10551,2021-05-25 09:38:00,14.85,15.1,14.55,14.9,6175,124450,14.9,14.75,14.95
10552,2021-05-25 09:39:00,14.95,15.9,14.6,15.45,14750,124450,14.92,15.5,15.65
10553,2021-05-25 09:40:00,15.7,16.1,15.65,15.85,3175,124450,14.93,15.8,16.0
10554,2021-05-25 09:41:00,15.8,16.35,15.8,16.35,6550,127850,14.97,16.35,16.45
10555,2021-05-25 09:42:00,16.15,16.5,15.55,15.55,3500,127850,14.99,15.45,15.6
10556,2021-05-25 09:43:00,15.45,16.05,14.95,16.0,3350,127850,14.99,15.95,16.05
10557,2021-05-25 09:44:00,16.05,16.75,15.75,15.8,5100,124050,15.02,15.7,15.8
10558,2021-05-25 09:45:00,15.85,16.6,15.85,16.25,2700,124050,15.04,16.25,16.4
10559,2021-05-25 09:46:00,16.25,16.75,16.25,16.65,2875,124050,15.05,16.6,16.75
10560,2021-05-25 09:47:00,16.7,17.75,16.7,17.1,4775,123075,15.09,17.0,17.1
10561,2021-05-25 09:48:00,17.25,17.7,17.0,17.5,2900,123075,15.12,17.3,17.45
10562,2021-05-25 09:49:00,17.3,17.6,16.9,16.9,2375,123075,15.14,17.0,17.15
10563,2021-05-25 09:50:00,17.0,17.05,15.5,16.2,9800,130175,15.18,16.15,16.25
10564,2021-05-25 09:51:00,16.15,18.85,16.15,18.45,8400,130175,15.25,18.35,18.5
10565,2021-05-25 09:52:00,18.2,18.6,17.85,18.1,2875,130175,15.28,17.95,18.1
10566,2021-05-25 09:53:00,17.95,18.35,17.0,17.15,2250,132950,15.3,16.6,16.75
10567,2021-05-25 09:54:00,16.8,18.1,16.6,18.1,1625,132950,15.31,17.95,18.15
10568,2021-05-25 09:55:00,18.15,18.4,17.15,17.35,3075,132950,15.34,16.95,17.15
10569,2021-05-25 09:56:00,17.15,17.5,16.7,17.4,5200,135350,15.37,17.25,17.45
10570,2021-05-25 09:57:00,17.4,17.8,17.0,17.2,3175,135350,15.4,17.05,17.2
10571,2021-05-25 09:58:00,17.25,17.3,16.35,16.95,1700,135350,15.4,16.85,16.95
10572,2021-05-25 09:59:00,16.8,17.0,16.25,16.25,1975,129250,15.41,16.2,16.3
10573,2021-05-25 10:00:00,16.3,16.5,15.65,15.8,3375,129250,15.42,15.5,15.65
10574,2021-05-25 10:01:00,15.5,16.25,15.2,16.15,6850,129250,15.43,15.95,16.1
10575,2021-05-25 10:02:00,15.95,16.15,15.2,15.3,1600,128350,15.43,15.15,15.3
10576,2021-05-25 10:03:00,15.3,15.7,15.25,15.35,1800,128350,15.43,15.3,15.45
10577,2021-05-25 10:04:00,15.2,15.8,15.2,15.8,2375,128350,15.43,15.7,15.85
10578,2021-05-25 10:05:00,15.85,16.55,15.75,16.05,1850,126075,15.43,16.0,16.1
10579,2021-05-25 10:06:00,16.0,16.45,15.8,16.45,750,126075,15.43,16.3,16.45
10580,2021-05-25 10:07:00,16.45,16.5,16.05,16.3,2000,126075,15.44,16.3,16.4
10581,2021-05-25 10:08:00,16.35,16.5,15.95,16.2,5075,126900,15.45,16.05,16.2
10582,2021-05-25 10:09:00,16.05,16.4,15.85,16.0,1650,126900,15.45,15.95,16.1
10583,2021-05-25 10:10:00,15.8,16.45,15.8,16.35,1475,126900,15.46,16.35,16.5
10584,2021-05-25 10:11:00,16.3,17.0,16.3,16.5,1075,127900,15.46,16.15,16.3
10585,2021-05-25 10:12:00,16.15,16.35,15.65,15.75,1675,127900,15.46,15.55,15.7
10586,2021-05-25 10:13:00,15.7,16.2,15.7,16.2,1075,127900,15.46,16.05,16.2
10587,2021-05-25 10:14:00,16.2,16.75,16.2,16.5,775,128150,15.47,16.45,16.6
10588,2021-05-25 10:15:00,16.4,16.45,15.95,16.1,800,128150,15.47,16.0,16.15
10589,2021-05-25 10:16:00,16.15,16.3,15.8,15.9,700,128150,15.47,15.75,15.9
10590,2021-05-25 10:17:00,15.75,16.1,15.7,16.1,825,128350,15.47,16.1,16.25
10591,2021-05-25 10:18:00,16.05,17.6,16.05,17.45,4625,128350,15.49,17.4,17.65
10592,2021-05-25 10:19:00,17.55,18.65,16.45,17.45,8675,128350,15.55,17.25,17.5
10593,2021-05-25 10:20:00,17.2,18.3,17.2,17.5,4525,125025,15.58,17.5,17.65
10594,2021-05-25 10:21:00,17.7,18.1,17.25,17.9,4625,125025,15.61,17.7,17.95
10595,2021-05-25 10:22:00,17.95,18.9,17.6,18.6,6725,125025,15.66,17.75,17.95
10596,2021-05-25 10:23:00,17.95,18.45,17.8,17.8,2200,127775,15.68,17.75,17.9
10597,2021-05-25 10:24:00,17.9,18.65,17.3,18.1,3625,127775,15.7,18.05,18.25
10598,2021-05-25 10:25:00,18.25,18.25,16.8,16.9,5650,127775,15.73,16.95,17.1
10599,2021-05-25 10:26:00,17.1,17.95,16.85,17.3,4175,127550,15.75,17.15,17.3
10600,2021-05-25 10:27:00,17.15,17.15,16.25,16.25,4925,127550,15.76,16.25,16.4
10601,2021-05-25 10:28:00,16.15,16.5,15.9,16.35,4075,127550,15.76,16.3,16.45
10602,2021-05-25 10:29:00,16.4,16.5,15.8,15.8,2275,128225,15.77,15.55,15.75
10603,2021-05-25 10:30:00,15.7,17.45,15.7,16.75,5525,128225,15.78,16.7,16.85
10604,2021-05-25 10:31:00,16.95,16.95,16.0,16.25,2175,128225,15.78,16.2,16.35
10605,2021-05-25 10:32:00,16.0,16.3,15.75,16.3,850,126750,15.78,16.15,16.3
10606,2021-05-25 10:33:00,16.0,16.4,15.95,16.3,575,126750,15.78,16.2,16.35
10607,2021-05-25 10:34:00,16.25,16.8,16.25,16.5,1000,126750,15.78,16.5,16.65
10608,2021-05-25 10:35:00,16.5,16.6,16.2,16.2,450,126750,15.79,16.3,16.45
10609,2021-05-25 10:36:00,16.3,16.6,16.1,16.5,675,126750,15.79,16.45,16.55
10610,2021-05-25 10:37:00,16.55,16.75,16.5,16.7,875,126750,15.79,16.55,16.7
10611,2021-05-25 10:38:00,16.5,16.8,16.4,16.8,1625,126175,15.79,16.65,16.8
10612,2021-05-25 10:39:00,16.65,17.7,16.65,17.7,2050,126175,15.8,17.65,17.85
10613,2021-05-25 10:40:00,17.4,17.75,16.8,16.85,2075,126175,15.81,16.7,16.85
10614,2021-05-25 10:41:00,16.9,17.3,16.9,17.15,1075,127475,15.81,17.2,17.4
10615,2021-05-25 10:42:00,17.35,17.65,17.0,17.2,3325,127475,15.82,17.25,17.45
10616,2021-05-25 10:43:00,17.65,17.95,17.55,17.7,1450,127475,15.83,17.6,17.75
10617,2021-05-25 10:44:00,17.8,17.95,17.5,17.5,1000,127775,15.83,17.45,17.65
10618,2021-05-25 10:45:00,17.55,19.2,17.25,18.7,5575,127775,15.87,18.7,18.85
10619,2021-05-25 10:46:00,18.55,18.85,18.35,18.4,2050,127775,15.88,18.3,18.45
10620,2021-05-25 10:47:00,18.3,18.45,17.7,18.45,1275,128625,15.89,18.15,18.3
10621,2021-05-25 10:48:00,18.3,18.55,17.7,18.35,1525,128625,15.9,17.95,18.15
10622,2021-05-25 10:49:00,18.2,20.0,18.05,18.25,8450,128625,15.96,18.1,18.25
10623,2021-05-25 10:50:00,18.6,18.85,17.25,17.45,5950,127825,15.99,17.25,17.4
10624,2021-05-25 10:51:00,17.45,18.5,17.35,18.5,5550,127825,16.01,18.2,18.4
10625,2021-05-25 10:52:00,18.5,18.5,17.55,17.85,3750,127825,16.03,17.6,17.8
10626,2021-05-25 10:53:00,17.75,18.0,17.35,18.0,1675,131950,16.04,17.85,18.0
10627,2021-05-25 10:54:00,18.2,18.2,17.6,17.7,1275,131950,16.04,17.6,17.8
10628,2021-05-25 10:55:00,17.6,17.6,17.1,17.5,7475,131950,16.06,17.4,17.55
10629,2021-05-25 10:56:00,17.3,17.3,17.1,17.25,950,129925,16.07,17.2,17.35
10630,2021-05-25 10:57:00,17.25,17.3,16.9,17.15,1375,129925,16.07,17.0,17.15
10631,2021-05-25 10:58:00,17.15,17.5,17.1,17.3,2475,129925,16.07,17.45,17.65
10632,2021-05-25 10:59:00,17.5,17.65,17.35,17.35,300,129800,16.08,17.2,17.35
10633,2021-05-25 11:00:00,17.2,17.5,17.1,17.3,525,129800,16.08,17.35,17.55
10634,2021-05-25 11:01:00,17.5,17.75,17.3,17.65,375,129800,16.08,17.65,17.85
10635,2021-05-25 11:02:00,17.7,18.0,17.7,17.95,475,130250,16.08,17.9,18.1
10636,2021-05-25 11:03:00,17.8,18.3,17.8,17.9,950,130250,16.08,17.7,17.85
10637,2021-05-25 11:04:00,17.8,17.8,17.45,17.75,450,130250,16.09,17.75,17.85
10638,2021-05-25 11:05:00,17.9,18.15,17.5,17.7,825,129850,16.09,17.55,17.7
10639,2021-05-25 11:06:00,17.5,18.1,17.35,18.05,525,129850,16.09,17.85,18.0
10640,2021-05-25 11:07:00,17.9,18.3,17.9,18.3,600,129850,16.09,18.3,18.45
10641,2021-05-25 11:08:00,18.25,19.25,18.2,18.6,2450,129300,16.11,18.55,18.75
10642,2021-05-25 11:09:00,18.6,18.9,18.25,18.25,2175,129300,16.12,18.25,18.4
10643,2021-05-25 11:10:00,18.25,19.05,18.1,18.75,5925,129300,16.15,18.75,18.9
10644,2021-05-25 11:11:00,18.85,19.45,18.4,18.6,3950,128425,16.17,18.5,18.7
10645,2021-05-25 11:12:00,18.55,19.0,18.25,18.55,6050,128425,16.2,18.4,18.5
10646,2021-05-25 11:13:00,18.35,18.95,18.35,18.65,4000,128425,16.22,18.5,18.65
10647,2021-05-25 11:14:00,18.65,18.95,18.35,18.8,2250,129150,16.23,18.7,18.8
10648,2021-05-25 11:15:00,18.8,20.55,18.8,19.1,7625,129150,16.29,18.9,19.1
10649,2021-05-25 11:16:00,19.05,21.85,18.9,20.7,6650,129150,16.34,20.6,20.75
10650,2021-05-25 11:17:00,20.55,22.35,20.2,20.3,13750,126075,16.47,20.3,20.45
10651,2021-05-25 11:18:00,20.35,20.4,18.85,18.85,6000,126075,16.5,18.65,18.85
10652,2021-05-25 11:19:00,18.7,19.15,18.2,18.85,12200,126075,16.55,18.75,18.9
10653,2021-05-25 11:20:00,18.9,19.4,18.65,19.3,7075,132250,16.58,19.35,19.5
10654,2021-05-25 11:21:00,19.3,19.8,18.5,18.85,4200,132250,16.6,18.6,18.8
10655,2021-05-25 11:22:00,18.55,19.3,18.4,19.3,2250,132250,16.61,19.1,19.3
10656,2021-05-25 11:23:00,19.35,20.25,19.35,20.0,2950,131400,16.63,19.85,20.05
10657,2021-05-25 11:24:00,19.95,20.05,18.8,19.05,3600,131400,16.65,19.0,19.2
10658,2021-05-25 11:25:00,19.3,19.8,19.1,19.1,1425,131400,16.65,18.9,19.2
10659,2021-05-25 11:26:00,19.15,19.3,18.5,18.7,3450,132750,16.67,18.65,18.8
10660,2021-05-25 11:27:00,18.65,18.95,18.05,18.55,5200,132750,16.68,18.45,18.6
10661,2021-05-25 11:28:00,18.55,19.35,18.45,18.5,1450,132750,16.69,18.5,18.65
10662,2021-05-25 11:29:00,18.45,18.6,18.35,18.5,1250,131975,16.69,18.4,18.55
10663,2021-05-25 11:30:00,18.35,19.0,18.1,18.8,1550,131975,16.7,18.75,18.95
10664,2021-05-25 11:31:00,19.05,19.25,18.65,18.65,975,131975,16.7,18.5,18.7
10665,2021-05-25 11:32:00,18.75,18.75,18.0,18.1,1850,130000,16.71,18.25,18.45
10666,2021-05-25 11:33:00,18.3,18.65,18.0,18.0,950,130000,16.71,17.9,18.0
10667,2021-05-25 11:34:00,17.85,18.35,17.85,18.35,1000,130000,16.71,18.1,18.3
10668,2021-05-25 11:35:00,18.25,18.55,18.25,18.35,500,130525,16.71,18.2,18.35
10669,2021-05-25 11:36:00,18.35,18.35,17.95,18.05,925,130525,16.71,18.15,18.3
10670,2021-05-25 11:37:00,18.25,18.25,17.5,17.65,650,130525,16.72,17.4,17.55
10671,2021-05-25 11:38:00,17.65,18.0,17.5,17.85,1275,130525,16.72,17.85,18.05
10672,2021-05-25 11:39:00,17.45,18.0,17.45,18.0,675,130950,16.72,18.0,18.15
10673,2021-05-25 11:40:00,18.15,18.3,17.0,17.45,3200,130950,16.72,17.45,17.65
10674,2021-05-25 11:41:00,17.45,17.65,17.15,17.35,2100,131200,16.73,17.5,17.65
10675,2021-05-25 11:42:00,17.5,17.55,17.1,17.3,1075,131200,16.73,17.1,17.25
10676,2021-05-25 11:43:00,17.25,17.25,16.7,16.8,1450,131200,16.73,16.7,16.9
10677,2021-05-25 11:44:00,16.75,16.85,15.85,16.1,10150,131200,16.72,15.95,16.1
10678,2021-05-25 11:45:00,15.9,16.65,15.75,16.5,3050,132625,16.72,16.35,16.5
10679,2021-05-25 11:46:00,16.35,16.35,15.85,16.2,3150,132625,16.72,16.1,16.25
10680,2021-05-25 11:47:00,16.15,16.4,16.15,16.35,1500,132625,16.71,16.3,16.45
10681,2021-05-25 11:48:00,16.3,16.45,16.25,16.35,3225,130375,16.71,16.3,16.45
10682,2021-05-25 11:49:00,16.2,16.6,16.2,16.6,3150,130375,16.71,16.55,16.65
10683,2021-05-25 11:50:00,16.6,17.55,16.55,17.35,1050,130375,16.71,17.15,17.25
10684,2021-05-25 11:51:00,16.95,17.65,16.9,17.5,3225,129225,16.71,17.6,17.65
10685,2021-05-25 11:52:00,17.6,18.1,17.1,17.6,2575,129225,16.72,17.6,17.7
10686,2021-05-25 11:53:00,17.6,17.6,17.45,17.45,150,129225,16.72,17.35,17.5
10687,2021-05-25 11:54:00,17.1,17.2,16.7,17.0,700,129000,16.72,16.9,17.05
10688,2021-05-25 11:55:00,16.95,17.5,16.95,17.35,425,129000,16.72,17.2,17.3
10689,2021-05-25 11:56:00,17.25,17.65,17.25,17.65,525,129000,16.72,17.55,17.7
10690,2021-05-25 11:57:00,17.6,17.6,16.7,17.0,725,128900,16.72,17.2,17.35
10691,2021-05-25 11:58:00,17.35,17.35,16.95,17.0,775,128900,16.72,16.85,17.05
10692,2021-05-25 11:59:00,16.75,16.95,16.45,16.95,400,128900,16.72,17.05,17.25
10693,2021-05-25 12:00:00,17.2,17.55,17.15,17.2,300,129000,16.72,16.95,17.15
10694,2021-05-25 12:01:00,16.95,16.95,16.7,16.8,325,129000,16.72,16.75,16.95
10695,2021-05-25 12:02:00,16.9,17.15,16.65,16.75,3175,129000,16.72,16.7,16.8
10696,2021-05-25 12:03:00,16.75,16.85,16.5,16.5,2950,129725,16.72,16.5,16.55
10697,2021-05-25 12:04:00,16.5,17.0,16.5,16.95,2100,129725,16.72,16.85,17.0
10698,2021-05-25 12:05:00,17.0,17.75,16.4,17.65,3850,129725,16.72,17.55,17.75
10699,2021-05-25 12:06:00,17.65,17.7,17.3,17.6,3450,129900,16.73,17.45,17.6
10700,2021-05-25 12:07:00,17.5,18.75,17.5,18.4,3475,129900,16.73,18.45,18.6
10701,2021-05-25 12:08:00,18.6,18.9,18.1,18.25,3350,129900,16.74,18.25,18.35
10702,2021-05-25 12:09:00,18.2,19.45,18.2,19.3,1375,128550,16.75,19.2,19.35
10703,2021-05-25 12:10:00,19.25,19.4,18.25,18.3,2150,128550,16.75,18.15,18.4
10704,2021-05-25 12:11:00,18.35,18.45,17.4,17.65,1750,128550,16.76,17.35,17.55
10705,2021-05-25 12:12:00,17.35,18.0,17.2,17.9,650,128825,16.76,17.85,18.0
10706,2021-05-25 12:13:00,18.05,18.05,17.6,17.7,1300,128825,16.76,17.55,17.75
10707,2021-05-25 12:14:00,17.6,17.7,17.25,17.25,800,128825,16.76,17.25,17.4
10708,2021-05-25 12:15:00,17.2,17.95,17.1,17.85,2075,126375,16.76,17.6,17.75
10709,2021-05-25 12:16:00,17.65,17.65,16.9,17.15,1000,126375,16.76,17.05,17.15
10710,2021-05-25 12:17:00,17.05,17.7,17.05,17.7,1275,126375,16.76,17.5,17.7
10711,2021-05-25 12:18:00,17.75,18.05,17.75,17.85,6275,127150,16.77,17.8,17.95
10712,2021-05-25 12:19:00,17.95,17.95,17.5,17.6,1425,127150,16.78,17.5,17.65
10713,2021-05-25 12:20:00,17.6,17.6,17.25,17.6,775,127150,16.78,17.55,17.75
10714,2021-05-25 12:21:00,17.45,17.75,17.3,17.65,1300,126775,16.78,17.45,17.6
10715,2021-05-25 12:22:00,17.45,17.45,17.15,17.2,900,126775,16.78,17.15,17.3
10716,2021-05-25 12:23:00,17.25,17.45,17.2,17.45,475,126775,16.78,17.35,17.5
10717,2021-05-25 12:24:00,17.5,17.5,17.3,17.3,900,126225,16.78,17.3,17.5
10718,2021-05-25 12:25:00,17.3,17.5,17.15,17.35,725,126225,16.78,17.15,17.3
10719,2021-05-25 12:26:00,17.3,17.4,17.2,17.2,150,126225,16.78,17.0,17.15
10720,2021-05-25 12:27:00,16.95,17.3,16.75,17.3,1525,128150,16.78,17.2,17.4
10721,2021-05-25 12:28:00,17.25,17.6,17.25,17.45,225,128150,16.78,17.45,17.7
10722,2021-05-25 12:29:00,17.7,17.8,17.05,17.05,1650,128150,16.78,17.1,17.25
10723,2021-05-25 12:30:00,17.15,17.25,16.8,16.95,1425,128750,16.78,16.9,17.0
10724,2021-05-25 12:31:00,17.1,17.4,17.1,17.15,2050,128750,16.78,17.1,17.3
10725,2021-05-25 12:32:00,17.35,17.35,17.1,17.1,225,128750,16.78,17.1,17.2
10726,2021-05-25 12:33:00,17.05,17.05,16.6,16.6,1850,127475,16.78,16.6,16.8
10727,2021-05-25 12:34:00,16.95,17.0,16.35,16.35,2400,127475,16.78,16.2,16.35
10728,2021-05-25 12:35:00,16.35,16.65,15.65,16.05,2750,127475,16.78,16.05,16.2
10729,2021-05-25 12:36:00,16.1,16.95,16.1,16.75,1650,128850,16.78,16.7,16.85
10730,2021-05-25 12:37:00,16.65,17.0,16.65,16.75,1350,128850,16.78,16.6,16.8
10731,2021-05-25 12:38:00,16.8,17.15,16.7,16.85,550,128850,16.78,16.75,16.9
10732,2021-05-25 12:39:00,16.85,16.85,16.2,16.2,2750,128150,16.78,16.2,16.3
10733,2021-05-25 12:40:00,16.2,16.3,16.0,16.15,2600,128150,16.78,16.1,16.25
10734,2021-05-25 12:41:00,16.25,16.25,16.05,16.05,1850,128150,16.78,16.05,16.15
10735,2021-05-25 12:42:00,16.05,16.2,16.0,16.2,525,126525,16.77,16.3,16.45
10736,2021-05-25 12:43:00,16.45,16.45,16.1,16.3,3075,126525,16.77,16.2,16.35
10737,2021-05-25 12:44:00,16.25,16.3,16.0,16.1,1650,126525,16.77,16.1,16.15
10738,2021-05-25 12:45:00,16.15,16.3,15.75,15.9,2325,127200,16.77,15.9,15.95
10739,2021-05-25 12:46:00,15.9,15.9,15.6,15.7,1675,127200,16.77,15.7,15.8
10740,2021-05-25 12:47:00,15.7,16.2,15.7,16.2,2025,127200,16.76,16.15,16.3
10741,2021-05-25 12:48:00,16.2,16.2,15.9,15.9,875,127225,16.76,15.9,16.05
10742,2021-05-25 12:49:00,15.95,16.15,15.95,16.15,950,127225,16.76,16.15,16.3
10743,2021-05-25 12:50:00,16.2,16.2,15.85,15.95,1100,127225,16.76,15.8,15.9
10744,2021-05-25 12:51:00,15.85,15.85,15.65,15.8,950,127550,16.76,15.7,15.85
10745,2021-05-25 12:52:00,15.75,15.95,15.75,15.9,450,127550,16.76,15.85,16.0
10746,2021-05-25 12:53:00,15.95,16.0,15.7,15.95,1125,127550,16.76,15.8,15.95
10747,2021-05-25 12:54:00,15.95,16.1,15.95,16.05,300,127675,16.76,15.9,16.1
10748,2021-05-25 12:55:00,16.0,16.0,15.45,15.8,2225,127675,16.75,15.7,15.8
10749,2021-05-25 12:56:00,15.85,16.2,15.8,15.95,1450,127675,16.75,15.8,15.95
10750,2021-05-25 12:57:00,16.1,16.15,16.0,16.1,225,127150,16.75,16.05,16.15
10751,2021-05-25 12:58:00,16.2,16.65,16.2,16.35,875,127150,16.75,16.2,16.35
10752,2021-05-25 12:59:00,16.4,16.9,16.4,16.75,575,127150,16.75,16.7,16.85
10753,2021-05-25 13:00:00,16.9,16.9,16.0,16.4,1300,127225,16.75,16.15,16.3
10754,2021-05-25 13:01:00,16.3,17.85,16.15,16.95,1075,127225,16.75,16.9,17.05
10755,2021-05-25 13:02:00,16.8,16.8,16.05,16.45,1850,127225,16.75,16.3,16.35
10756,2021-05-25 13:03:00,16.25,16.25,15.7,15.85,1600,127125,16.75,15.9,16.05
10757,2021-05-25 13:04:00,15.95,16.0,15.75,15.95,1050,127125,16.75,15.85,16.0
10758,2021-05-25 13:05:00,16.0,16.1,15.4,16.1,2325,127125,16.74,16.0,16.2
10759,2021-05-25 13:06:00,16.0,16.45,16.0,16.05,1475,126750,16.74,16.0,16.15
10760,2021-05-25 13:07:00,15.8,16.05,15.75,15.75,650,126750,16.74,15.65,15.8
10761,2021-05-25 13:08:00,15.85,16.1,15.85,16.05,700,126750,16.74,16.05,16.2
10762,2021-05-25 13:09:00,16.05,16.35,16.05,16.25,1550,126625,16.74,16.2,16.3
10763,2021-05-25 13:10:00,16.25,16.6,16.0,16.6,1650,126625,16.74,16.6,16.75
10764,2021-05-25 13:11:00,16.6,16.6,15.95,15.95,1125,126625,16.74,15.85,16.0
10765,2021-05-25 13:12:00,15.9,15.9,15.55,15.8,1100,126225,16.74,15.65,15.8
10766,2021-05-25 13:13:00,15.6,15.75,15.5,15.6,150,126225,16.74,15.55,15.7
10767,2021-05-25 13:14:00,15.75,16.0,15.65,15.8,300,126225,16.74,15.85,16.0
10768,2021-05-25 13:15:00,15.95,16.0,15.8,15.9,300,126250,16.74,15.9,16.0
10769,2021-05-25 13:16:00,16.0,16.15,15.9,15.9,475,126250,16.74,15.85,16.0
10770,2021-05-25 13:17:00,16.05,16.15,15.7,15.7,2575,126250,16.73,15.8,15.95
10771,2021-05-25 13:18:00,15.75,16.2,15.75,16.1,2175,126675,16.73,16.05,16.15
10772,2021-05-25 13:19:00,15.95,16.2,15.95,16.2,2725,126675,16.73,16.1,16.25
10773,2021-05-25 13:20:00,16.05,16.8,16.05,16.8,6350,126675,16.73,16.6,16.7
10774,2021-05-25 13:21:00,16.7,16.8,16.3,16.3,1800,127325,16.73,16.2,16.3
10775,2021-05-25 13:22:00,16.2,16.6,16.2,16.3,5125,127325,16.72,16.3,16.5
10776,2021-05-25 13:23:00,16.25,16.6,15.95,16.1,4225,127325,16.72,16.1,16.2
10777,2021-05-25 13:24:00,16.1,16.15,15.75,15.9,1050,129675,16.72,15.75,16.0
10778,2021-05-25 13:25:00,16.0,16.0,15.7,15.8,1025,129675,16.72,15.8,15.9
10779,2021-05-25 13:26:00,15.9,16.7,15.8,16.7,4050,129675,16.72,16.6,16.75
10780,2021-05-25 13:27:00,16.85,18.95,16.85,17.55,11175,130150,16.73,17.5,17.7
10781,2021-05-25 13:28:00,18.1,19.65,17.65,18.6,5050,130150,16.75,18.6,18.7
10782,2021-05-25 13:29:00,18.6,18.6,17.6,18.5,3750,130150,16.76,18.45,18.65
10783,2021-05-25 13:30:00,18.35,19.95,17.95,18.15,7650,127975,16.78,18.0,18.3
10784,2021-05-25 13:31:00,18.3,18.75,17.35,17.4,2250,127975,16.78,17.5,17.65
10785,2021-05-25 13:32:00,17.55,17.55,16.45,17.1,4000,127975,16.78,17.0,17.2
10786,2021-05-25 13:33:00,17.35,17.55,17.2,17.5,2225,128275,16.78,17.4,17.5
10787,2021-05-25 13:34:00,17.5,18.5,17.5,18.3,1200,128275,16.79,18.3,18.45
10788,2021-05-25 13:35:00,18.45,19.05,17.85,18.1,4350,128275,16.8,18.2,18.4
10789,2021-05-25 13:36:00,18.3,18.45,17.5,17.8,7600,128850,16.81,17.8,17.9
10790,2021-05-25 13:37:00,17.85,18.0,17.3,17.8,1775,128850,16.81,17.65,17.8
10791,2021-05-25 13:38:00,17.65,18.8,17.4,18.55,2700,128850,16.81,18.5,18.6
10792,2021-05-25 13:39:00,18.5,19.95,18.4,18.7,5650,131450,16.83,18.7,18.9
10793,2021-05-25 13:40:00,18.55,18.6,17.8,17.85,1850,131450,16.83,17.85,18.0
10794,2021-05-25 13:41:00,17.95,18.0,17.05,17.4,2175,131450,16.84,17.1,17.3
10795,2021-05-25 13:42:00,16.9,17.7,16.9,17.3,1225,129350,16.84,17.3,17.45
10796,2021-05-25 13:43:00,17.3,19.8,16.8,18.75,4100,129350,16.84,18.75,19.0
10797,2021-05-25 13:44:00,19.05,23.8,19.05,22.2,30550,129350,17.01,22.1,22.3
10798,2021-05-25 13:45:00,22.6,25.65,20.2,22.4,32775,127500,17.24,22.05,22.35
10799,2021-05-25 13:46:00,22.6,23.2,21.4,21.6,16350,127500,17.33,21.6,21.75
10800,2021-05-25 13:47:00,22.15,23.9,21.7,21.7,13250,127500,17.41,21.55,21.8
10801,2021-05-25 13:48:00,21.8,22.05,20.4,20.65,8650,128700,17.45,20.35,20.55
10802,2021-05-25 13:49:00,20.5,22.0,19.8,22.0,5550,128700,17.47,21.9,22.1
10803,2021-05-25 13:50:00,22.15,23.65,22.15,23.15,18775,128700,17.57,23.15,23.35
10804,2021-05-25 13:51:00,23.35,24.9,22.85,23.9,17625,131150,17.69,23.7,23.95
10805,2021-05-25 13:52:00,23.55,23.95,22.35,22.4,6750,131150,17.73,22.45,22.65
10806,2021-05-25 13:53:00,22.5,22.85,21.75,21.75,11775,131150,17.78,21.85,22.1
10807,2021-05-25 13:54:00,22.0,23.05,20.9,21.35,6400,132825,17.81,21.05,21.2
10808,2021-05-25 13:55:00,21.0,21.2,19.35,20.5,11900,132825,17.84,20.45,20.65
10809,2021-05-25 13:56:00,20.65,20.95,19.55,20.0,8775,132825,17.86,19.9,20.1
10810,2021-05-25 13:57:00,20.0,21.8,19.75,21.65,4875,131075,17.87,21.6,21.7
10811,2021-05-25 13:58:00,21.7,21.7,20.45,20.45,12025,131075,17.9,20.1,20.3
10812,2021-05-25 13:59:00,20.4,21.2,20.2,20.85,8100,131075,17.93,20.5,20.7
10813,2021-05-25 14:00:00,20.3,21.65,19.5,21.65,12925,138000,17.96,21.6,21.85
10814,2021-05-25 14:01:00,21.6,21.7,20.85,21.2,4625,138000,17.97,21.15,21.35
10815,2021-05-25 14:02:00,21.15,22.45,21.15,22.0,9000,138000,18.01,21.85,22.0
10816,2021-05-25 14:03:00,21.9,22.75,21.3,21.85,2150,135375,18.01,21.95,22.15
10817,2021-05-25 14:04:00,22.15,23.5,21.5,21.8,8050,135375,18.05,21.85,22.05
10818,2021-05-25 14:05:00,22.1,22.1,20.25,20.95,5925,135375,18.06,20.85,21.05
10819,2021-05-25 14:06:00,21.1,21.1,19.95,20.6,8850,140400,18.08,20.4,20.6
10820,2021-05-25 14:07:00,20.35,20.7,20.0,20.1,2350,140400,18.09,19.95,20.2
10821,2021-05-25 14:08:00,20.15,20.4,19.1,19.15,3950,140400,18.09,19.15,19.4
10822,2021-05-25 14:09:00,19.2,20.5,18.9,20.15,4200,139775,18.1,20.05,20.2
10823,2021-05-25 14:10:00,20.15,20.9,20.15,20.6,5925,139775,18.11,20.4,20.6
10824,2021-05-25 14:11:00,20.55,21.1,20.25,20.5,5075,139775,18.12,20.45,20.6
10825,2021-05-25 14:12:00,20.45,22.3,20.45,21.7,5625,139200,18.14,21.75,22.0
10826,2021-05-25 14:13:00,22.05,23.0,21.9,22.35,10900,139200,18.18,22.35,22.55
10827,2021-05-25 14:14:00,22.2,22.6,21.2,21.85,8300,139200,18.21,21.85,22.05
10828,2021-05-25 14:15:00,22.25,22.95,21.3,21.7,11900,136025,18.25,21.5,21.7
10829,2021-05-25 14:16:00,21.9,22.9,20.1,20.15,6275,136025,18.27,20.05,20.25
10830,2021-05-25 14:17:00,20.3,20.8,19.45,20.2,11175,136025,18.29,20.05,20.2
10831,2021-05-25 14:18:00,20.25,21.25,20.1,20.55,7925,132900,18.3,20.35,20.55
10832,2021-05-25 14:19:00,20.35,22.0,20.3,21.1,8625,132900,18.32,21.05,21.25
10833,2021-05-25 14:20:00,21.35,21.55,19.9,20.5,7825,132900,18.34,20.4,20.55
10834,2021-05-25 14:21:00,20.6,20.75,19.85,20.7,6475,135350,18.35,20.5,20.65
10835,2021-05-25 14:22:00,20.6,21.8,20.6,21.8,4150,135350,18.36,21.75,21.95
10836,2021-05-25 14:23:00,21.8,22.0,21.0,21.0,5325,135350,18.37,21.0,21.15
10837,2021-05-25 14:24:00,20.9,22.0,20.85,22.0,11275,136175,18.4,21.85,22.05
10838,2021-05-25 14:25:00,22.0,22.05,20.7,20.8,6900,136175,18.41,20.7,20.9
10839,2021-05-25 14:26:00,20.65,21.15,19.75,19.75,7900,136175,18.43,19.7,19.9
10840,2021-05-25 14:27:00,19.95,20.8,19.95,20.15,4650,128575,18.44,19.9,20.05
10841,2021-05-25 14:28:00,20.0,20.65,19.9,20.25,3250,128575,18.44,20.05,20.25
10842,2021-05-25 14:29:00,19.9,20.2,19.4,19.75,12275,128575,18.46,19.65,19.85
10843,2021-05-25 14:30:00,19.6,20.95,19.55,19.55,6300,123825,18.47,19.45,19.6
10844,2021-05-25 14:31:00,19.65,19.75,16.65,17.55,19475,123825,18.45,17.35,17.5
10845,2021-05-25 14:32:00,17.45,17.45,15.25,15.6,14525,123825,18.42,15.5,15.65
10846,2021-05-25 14:33:00,15.4,15.55,14.35,14.75,10000,116275,18.4,14.6,14.75
10847,2021-05-25 14:34:00,14.85,15.3,14.45,14.55,8250,116275,18.38,14.2,14.45
10848,2021-05-25 14:35:00,14.4,14.4,13.4,14.05,21950,116275,18.3,13.9,14.05
10849,2021-05-25 14:36:00,13.9,14.45,13.8,14.0,9850,116800,18.27,13.9,14.05
10850,2021-05-25 14:37:00,13.95,14.4,13.9,14.25,2825,116800,18.26,14.25,14.4
10851,2021-05-25 14:38:00,14.4,14.4,13.3,13.65,9500,116800,18.23,13.6,13.75
10852,2021-05-25 14:39:00,13.85,14.0,13.0,13.0,6600,115500,18.21,13.0,13.1
10853,2021-05-25 14:40:00,13.05,13.15,12.45,12.9,10225,115500,18.17,12.75,12.85
10854,2021-05-25 14:41:00,12.75,13.1,12.55,12.85,4450,115500,18.15,12.85,12.95
10855,2021-05-25 14:42:00,12.85,13.7,12.85,13.2,12150,112250,18.11,13.2,13.3
10856,2021-05-25 14:43:00,13.15,13.2,12.75,13.2,8625,112250,18.08,13.05,13.2
10857,2021-05-25 14:44:00,13.2,13.35,13.15,13.35,3050,112250,18.07,13.35,13.5
10858,2021-05-25 14:45:00,13.35,13.35,12.65,12.8,4575,106200,18.05,12.8,12.9
10859,2021-05-25 14:46:00,12.85,13.5,12.7,13.1,7725,106200,18.02,13.05,13.2
10860,2021-05-25 14:47:00,13.2,13.2,12.8,12.85,2750,106200,18.01,12.85,12.95
10861,2021-05-25 14:48:00,12.85,13.05,12.85,12.85,1200,101575,18.01,12.8,12.95
10862,2021-05-25 14:49:00,12.9,13.0,12.55,12.8,4575,101575,17.99,12.8,12.9
10863,2021-05-25 14:50:00,12.75,14.4,12.75,14.35,6825,101575,17.97,14.4,14.6
10864,2021-05-25 14:51:00,14.3,15.35,14.05,14.65,11275,98725,17.95,14.55,14.75
10865,2021-05-25 14:52:00,14.65,15.95,14.65,15.5,6100,98725,17.94,15.35,15.45
10866,2021-05-25 14:53:00,15.35,16.75,15.0,16.35,10000,98725,17.92,16.2,16.35
10867,2021-05-25 14:54:00,16.35,16.35,15.55,16.15,9125,100050,17.91,16.0,16.15
10868,2021-05-25 14:55:00,16.15,16.2,14.7,14.95,7750,100050,17.9,14.6,14.75
10869,2021-05-25 14:56:00,14.9,15.8,14.1,15.65,5700,100050,17.89,15.8,15.95
10870,2021-05-25 14:57:00,15.85,15.9,14.7,15.4,5475,101350,17.88,15.4,15.5
10871,2021-05-25 14:58:00,15.5,15.5,14.4,14.6,6900,101350,17.86,14.55,14.7
10872,2021-05-25 14:59:00,14.6,14.9,13.95,14.55,3925,101350,17.85,14.45,14.6
10873,2021-05-25 15:00:00,14.2,14.25,13.3,13.85,4525,102650,17.84,13.65,13.8
10874,2021-05-25 15:01:00,13.85,14.25,13.6,13.85,4825,102650,17.83,13.8,13.95
10875,2021-05-25 15:02:00,13.8,13.8,13.15,13.25,3775,102650,17.82,13.0,13.2
10876,2021-05-25 15:03:00,13.0,13.15,12.65,13.15,5600,103700,17.8,13.1,13.2
10877,2021-05-25 15:04:00,13.3,13.4,12.6,12.6,3750,103700,17.79,12.55,12.7
10878,2021-05-25 15:05:00,12.45,13.3,12.35,13.3,4350,103700,17.77,13.2,13.35
10879,2021-05-25 15:06:00,13.25,13.25,12.85,13.1,2975,102850,17.77,13.0,13.15
10880,2021-05-25 15:07:00,12.95,13.25,12.95,13.15,3200,102850,17.76,13.15,13.25
10881,2021-05-25 15:08:00,13.15,13.45,13.05,13.25,7750,102850,17.73,13.1,13.25
10882,2021-05-25 15:09:00,13.2,13.2,12.65,12.8,4500,103100,17.72,12.7,12.85
10883,2021-05-25 15:10:00,12.7,13.2,12.55,12.7,6150,103100,17.7,12.6,12.7
10884,2021-05-25 15:11:00,12.7,12.7,12.3,12.35,3025,103100,17.69,12.25,12.4
10885,2021-05-25 15:12:00,12.35,12.35,11.5,11.6,7575,100700,17.66,11.5,11.6
10886,2021-05-25 15:13:00,11.65,11.75,11.2,11.2,8250,100700,17.63,11.1,11.25
10887,2021-05-25 15:14:00,11.2,11.35,10.85,10.85,7650,100700,17.6,10.8,10.95
10888,2021-05-25 15:15:00,10.9,10.9,10.4,10.4,6575,96525,17.57,10.4,10.55
10889,2021-05-25 15:16:00,10.4,10.6,10.1,10.15,12100,96525,17.51,10.15,10.25
10890,2021-05-25 15:17:00,10.15,10.35,9.8,10.05,3425,96525,17.5,10.0,10.1
10891,2021-05-25 15:18:00,10.0,10.05,9.85,9.95,6350,83575,17.47,9.9,10.05
10892,2021-05-25 15:19:00,9.9,10.1,9.85,10.1,3075,83575,17.45,10.0,10.1
10893,2021-05-25 15:20:00,10.0,10.05,9.4,10.0,8725,83575,17.41,10.0,10.15
10894,2021-05-25 15:21:00,10.0,10.0,9.4,9.5,8100,86250,17.37,9.45,9.55
10895,2021-05-25 15:22:00,9.4,9.4,8.55,8.55,7550,86250,17.33,8.45,8.6
10896,2021-05-25 15:23:00,8.6,8.9,8.45,8.7,5200,86250,17.31,8.7,8.8
10897,2021-05-25 15:24:00,8.75,8.85,8.4,8.4,4475,76900,17.28,8.3,8.45
10898,2021-05-25 15:25:00,8.4,8.75,8.3,8.55,3425,76900,17.27,8.55,8.6
10899,2021-05-25 15:26:00,8.6,8.7,8.55,8.6,3825,76900,17.25,8.6,8.65
10900,2021-05-25 15:27:00,8.6,8.65,8.35,8.35,7775,75575,17.21,8.35,8.6
10901,2021-05-25 15:28:00,8.6,8.6,7.55,7.75,5000,75575,17.18,7.75,7.9
10902,2021-05-25 15:29:00,8.6,8.6,7.55,7.75,5000,75575,17.18,7.75,7.9
10903,2021-05-25 15:30:00,7.75,8.5,7.45,8.5,6200,75575,17.14,7.85,8.7
10904,2021-05-26 09:15:00,7.65,8.75,5.35,7.6,8050,74300,7.3,7.2,7.55
10905,2021-05-26 09:16:00,7.6,7.65,7.2,7.3,4300,74300,7.35,7.25,7.4
10906,2021-05-26 09:17:00,7.2,7.5,7.15,7.3,8450,77125,7.31,7.3,7.45
10907,2021-05-26 09:18:00,7.45,10.25,7.45,9.6,20375,77125,7.99,9.6,9.8
10908,2021-05-26 09:19:00,9.8,10.35,8.9,10.35,13050,77125,8.38,10.3,10.4
10909,2021-05-26 09:20:00,10.3,10.3,9.3,9.95,10025,74975,8.61,10.0,10.1
10910,2021-05-26 09:21:00,10.1,10.1,9.45,9.95,7725,74975,8.74,9.85,9.95
10911,2021-05-26 09:22:00,9.95,10.2,9.75,9.9,6200,74975,8.84,9.85,10.05
10912,2021-05-26 09:23:00,10.0,10.95,9.95,10.5,12225,78550,9.06,10.5,10.6
10913,2021-05-26 09:24:00,10.65,10.7,9.8,9.9,8750,78550,9.15,9.9,10.0
10914,2021-05-26 09:25:00,9.95,10.65,9.75,10.4,7550,78550,9.22,10.25,10.35
10915,2021-05-26 09:26:00,10.25,10.25,9.85,10.05,4550,83025,9.26,9.95,10.05
10916,2021-05-26 09:27:00,9.85,9.95,9.3,9.3,5125,83025,9.27,9.2,9.3
10917,2021-05-26 09:28:00,9.3,9.65,9.3,9.3,3075,83025,9.28,9.2,9.3
10918,2021-05-26 09:29:00,9.3,10.0,9.3,9.7,2450,84450,9.28,9.65,9.75
10919,2021-05-26 09:30:00,9.6,9.7,9.5,9.5,2250,84450,9.29,9.45,9.55
10920,2021-05-26 09:31:00,9.55,10.15,9.15,9.95,6600,84450,9.3,9.9,10.05
10921,2021-05-26 09:32:00,9.9,10.0,9.45,9.55,3400,86750,9.31,9.5,9.6
10922,2021-05-26 09:33:00,9.6,9.7,9.25,9.55,3850,86750,9.32,9.5,9.6
10923,2021-05-26 09:34:00,9.5,9.55,9.2,9.4,3700,86750,9.32,9.3,9.45
10924,2021-05-26 09:35:00,9.3,9.65,9.3,9.4,4375,86600,9.32,9.35,9.5
10925,2021-05-26 09:36:00,9.35,9.6,9.1,9.6,6200,86600,9.32,9.5,9.65
10926,2021-05-26 09:37:00,9.45,9.6,9.25,9.5,3975,86600,9.33,9.5,9.6
10927,2021-05-26 09:38:00,9.55,9.55,9.2,9.55,1900,87775,9.33,9.5,9.6
10928,2021-05-26 09:39:00,9.55,9.7,9.35,9.5,3100,87775,9.33,9.55,9.6
10929,2021-05-26 09:40:00,9.55,9.95,9.35,9.85,6350,87775,9.34,9.9,10.05
10930,2021-05-26 09:41:00,10.0,10.35,9.85,10.0,5250,87275,9.37,9.85,10.05
10931,2021-05-26 09:42:00,10.1,10.2,9.6,9.6,7100,87275,9.39,9.5,9.6
10932,2021-05-26 09:43:00,9.7,9.9,9.55,9.75,3000,87275,9.4,9.75,9.85
10933,2021-05-26 09:44:00,9.75,10.15,9.55,10.0,2875,87650,9.4,10.0,10.1
10934,2021-05-26 09:45:00,10.1,10.1,9.75,10.05,5700,87650,9.42,10.0,10.15
10935,2021-05-26 09:46:00,10.0,10.05,9.8,9.9,1350,87650,9.42,9.8,9.95
10936,2021-05-26 09:47:00,9.85,9.9,9.55,9.75,2050,87850,9.43,9.65,9.8
10937,2021-05-26 09:48:00,9.65,9.9,9.55,9.75,2025,87850,9.43,9.75,9.85
10938,2021-05-26 09:49:00,9.75,9.8,9.6,9.6,2275,87850,9.43,9.6,9.75
10939,2021-05-26 09:50:00,9.6,9.7,9.5,9.6,1250,89425,9.43,9.6,9.7
10940,2021-05-26 09:51:00,9.75,9.85,9.55,9.8,1450,89425,9.43,9.7,9.8
10941,2021-05-26 09:52:00,9.65,9.8,9.65,9.65,1200,89425,9.44,9.6,9.75
10942,2021-05-26 09:53:00,9.8,9.85,9.7,9.7,300,89825,9.44,9.75,9.8
10943,2021-05-26 09:54:00,9.7,9.9,9.6,9.9,1175,89825,9.44,9.8,9.95
10944,2021-05-26 09:55:00,9.8,9.8,9.6,9.65,975,89825,9.44,9.55,9.7
10945,2021-05-26 09:56:00,9.55,9.6,9.5,9.5,300,88900,9.44,9.45,9.65
10946,2021-05-26 09:57:00,9.6,9.65,9.45,9.45,275,88900,9.44,9.45,9.55
10947,2021-05-26 09:58:00,9.45,9.6,9.3,9.55,3600,88900,9.44,9.55,9.6
10948,2021-05-26 09:59:00,9.7,9.7,9.0,9.25,7775,90600,9.44,9.2,9.25
10949,2021-05-26 10:00:00,9.15,9.25,8.85,9.25,4650,90600,9.43,9.2,9.35
10950,2021-05-26 10:01:00,9.2,9.35,9.1,9.35,2400,90600,9.42,9.35,9.45
10951,2021-05-26 10:02:00,9.35,9.45,9.0,9.1,2900,91200,9.42,9.05,9.1
10952,2021-05-26 10:03:00,9.15,9.25,9.05,9.25,1700,91200,9.42,9.3,9.45
10953,2021-05-26 10:04:00,9.35,9.4,9.2,9.25,2450,91200,9.42,9.15,9.3
10954,2021-05-26 10:05:00,9.25,9.4,9.15,9.35,2175,91850,9.42,9.25,9.35
10955,2021-05-26 10:06:00,9.25,9.35,9.2,9.25,2175,91850,9.42,9.2,9.35
10956,2021-05-26 10:07:00,9.35,9.45,9.15,9.3,3250,91850,9.41,9.3,9.45
10957,2021-05-26 10:08:00,9.4,9.45,9.3,9.35,1700,92875,9.41,9.3,9.4
10958,2021-05-26 10:09:00,9.3,9.4,9.15,9.35,2400,92875,9.41,9.3,9.4
10959,2021-05-26 10:10:00,9.3,9.65,9.3,9.55,3675,92875,9.41,9.45,9.55
10960,2021-05-26 10:11:00,9.5,9.55,9.35,9.4,1825,90850,9.41,9.45,9.55
10961,2021-05-26 10:12:00,9.45,9.75,9.45,9.5,3150,90850,9.42,9.5,9.6
10962,2021-05-26 10:13:00,9.5,9.65,9.35,9.4,3100,90850,9.42,9.45,9.55
10963,2021-05-26 10:14:00,9.55,9.7,9.55,9.55,3100,90450,9.42,9.45,9.6
10964,2021-05-26 10:15:00,9.55,9.85,9.55,9.6,2625,90450,9.42,9.5,9.65
10965,2021-05-26 10:16:00,9.65,9.65,9.4,9.6,2400,90450,9.42,9.45,9.6
10966,2021-05-26 10:17:00,9.55,9.65,9.4,9.6,1800,90100,9.42,9.5,9.6
10967,2021-05-26 10:18:00,9.5,9.6,9.3,9.35,3450,90100,9.42,9.35,9.45
10968,2021-05-26 10:19:00,9.35,9.5,9.25,9.45,2675,90100,9.42,9.4,9.5
10969,2021-05-26 10:20:00,9.45,9.6,9.35,9.45,1700,90350,9.42,9.4,9.55
10970,2021-05-26 10:21:00,9.4,9.5,9.4,9.45,825,90350,9.42,9.45,9.55
10971,2021-05-26 10:22:00,9.55,9.55,9.25,9.4,2550,90350,9.42,9.25,9.35
10972,2021-05-26 10:23:00,9.35,9.35,8.5,8.95,6325,92400,9.41,8.8,8.95
10973,2021-05-26 10:24:00,8.85,9.1,8.75,8.85,10350,92400,9.39,8.85,8.95
10974,2021-05-26 10:25:00,8.85,8.9,8.4,8.4,5050,92400,9.38,8.25,8.4
10975,2021-05-26 10:26:00,8.25,8.65,8.2,8.5,8050,95225,9.36,8.4,8.5
10976,2021-05-26 10:27:00,8.5,8.6,8.3,8.45,2250,95225,9.35,8.45,8.55
10977,2021-05-26 10:28:00,8.55,8.65,8.4,8.5,2250,95225,9.34,8.5,8.6
10978,2021-05-26 10:29:00,8.5,8.75,8.35,8.75,950,96750,9.34,8.65,8.75
10979,2021-05-26 10:30:00,8.75,8.85,8.45,8.85,2325,96750,9.34,8.75,8.85
10980,2021-05-26 10:31:00,8.85,8.95,8.85,8.85,400,96750,9.34,8.85,8.95
10981,2021-05-26 10:32:00,8.95,8.95,8.8,8.95,275,95575,9.34,8.85,9.0
10982,2021-05-26 10:33:00,8.85,9.3,8.85,8.9,2650,95575,9.33,8.85,8.95
10983,2021-05-26 10:34:00,8.85,9.0,8.6,9.0,5025,95575,9.32,8.95,9.05
10984,2021-05-26 10:35:00,9.05,9.3,9.0,9.25,2125,94750,9.32,9.2,9.3
10985,2021-05-26 10:36:00,9.2,9.25,8.85,8.9,2675,94750,9.32,8.85,8.95
10986,2021-05-26 10:37:00,8.85,8.95,8.6,8.95,3225,94750,9.32,8.85,8.95
10987,2021-05-26 10:38:00,8.85,8.85,8.75,8.85,1475,93400,9.31,8.75,8.85
10988,2021-05-26 10:39:00,8.75,9.0,8.65,8.9,5750,93400,9.31,8.85,9.0
10989,2021-05-26 10:40:00,8.9,9.55,8.8,9.1,16075,93400,9.3,9.0,9.25
10990,2021-05-26 10:41:00,9.1,9.2,8.9,9.0,5375,92950,9.29,9.0,9.1
10991,2021-05-26 10:42:00,8.95,9.2,8.85,9.1,13575,92950,9.28,9.05,9.2
10992,2021-05-26 10:43:00,9.1,9.25,8.95,9.05,12925,92950,9.27,8.95,9.0
10993,2021-05-26 10:44:00,9.0,9.3,9.0,9.1,3125,94325,9.27,9.0,9.1
10994,2021-05-26 10:45:00,9.1,9.7,9.1,9.4,5650,94325,9.27,9.4,9.5
10995,2021-05-26 10:46:00,9.5,9.6,9.35,9.5,4025,94325,9.28,9.4,9.55
10996,2021-05-26 10:47:00,9.5,9.55,9.15,9.4,5550,96300,9.28,9.25,9.35
10997,2021-05-26 10:48:00,9.3,9.5,9.3,9.35,2525,96300,9.28,9.3,9.45
10998,2021-05-26 10:49:00,9.5,9.55,9.3,9.45,2475,96300,9.28,9.45,9.55
10999,2021-05-26 10:50:00,9.55,9.55,9.2,9.35,3450,94700,9.28,9.35,9.45
11000,2021-05-26 10:51:00,9.4,9.4,9.1,9.25,2250,94700,9.28,9.15,9.25
11001,2021-05-26 10:52:00,9.25,9.5,8.75,9.1,6400,94700,9.28,9.05,9.1
11002,2021-05-26 10:53:00,9.15,9.15,8.85,9.05,6725,95500,9.27,8.95,9.05
11003,2021-05-26 10:54:00,9.0,9.25,8.9,9.25,875,95500,9.27,9.15,9.25
11004,2021-05-26 10:55:00,9.15,9.2,9.05,9.05,1400,95500,9.27,9.05,9.2
11005,2021-05-26 10:56:00,9.2,9.35,9.1,9.35,750,95500,9.27,9.2,9.35
11006,2021-05-26 10:57:00,9.3,9.4,9.15,9.4,1500,96825,9.27,9.3,9.4
11007,2021-05-26 10:58:00,9.4,9.5,9.25,9.3,2775,96825,9.27,9.25,9.4
11008,2021-05-26 10:59:00,9.45,9.55,9.2,9.2,1750,98150,9.27,9.2,9.3
11009,2021-05-26 11:00:00,9.15,9.2,8.8,9.05,5300,98150,9.27,8.95,9.05
11010,2021-05-26 11:01:00,9.05,9.05,8.95,9.05,2600,98150,9.27,8.9,9.0
11011,2021-05-26 11:02:00,8.9,9.0,8.8,8.9,3300,96225,9.27,8.85,8.95
11012,2021-05-26 11:03:00,8.95,9.0,8.85,8.85,1425,96225,9.26,8.8,8.9
11013,2021-05-26 11:04:00,8.8,8.9,8.55,8.85,2550,96225,9.26,8.8,8.95
11014,2021-05-26 11:05:00,8.85,8.95,8.75,8.95,2000,97275,9.26,8.85,8.95
11015,2021-05-26 11:06:00,8.95,9.0,8.7,8.75,5100,97275,9.26,8.75,8.85
11016,2021-05-26 11:07:00,8.75,8.85,8.7,8.85,4475,97275,9.25,8.75,8.85
11017,2021-05-26 11:08:00,8.85,8.9,8.7,8.75,4200,97275,9.25,8.7,8.8
11018,2021-05-26 11:09:00,8.8,8.9,8.7,8.75,5300,96875,9.24,8.6,8.7
11019,2021-05-26 11:10:00,8.75,8.85,8.65,8.85,4100,96875,9.24,8.75,8.85
11020,2021-05-26 11:11:00,8.85,8.85,8.6,8.75,2375,100250,9.23,8.7,8.8
11021,2021-05-26 11:12:00,8.85,8.95,8.65,8.95,6475,100250,9.23,8.8,9.0
11022,2021-05-26 11:13:00,8.85,8.95,8.6,8.75,2925,100250,9.23,8.7,8.8
11023,2021-05-26 11:14:00,8.8,8.8,8.55,8.55,1975,102125,9.22,8.5,8.6
11024,2021-05-26 11:15:00,8.55,8.7,8.5,8.6,1075,102125,9.22,8.5,8.6
11025,2021-05-26 11:16:00,8.65,8.75,8.55,8.7,975,102125,9.22,8.7,8.8
11026,2021-05-26 11:17:00,8.7,8.8,8.65,8.65,3800,102950,9.22,8.6,8.7
11027,2021-05-26 11:18:00,8.65,8.7,8.55,8.6,1425,102950,9.22,8.6,8.7
11028,2021-05-26 11:19:00,8.65,8.75,8.6,8.7,1725,102950,9.21,8.6,8.7
11029,2021-05-26 11:20:00,8.7,8.75,8.25,8.4,5725,104825,9.2,8.3,8.4
11030,2021-05-26 11:21:00,8.4,8.6,8.35,8.6,1675,104825,9.2,8.5,8.65
11031,2021-05-26 11:22:00,8.55,8.7,8.45,8.6,2725,104825,9.2,8.55,8.7
11032,2021-05-26 11:23:00,8.7,8.95,8.5,8.7,7200,104025,9.19,8.6,8.7
11033,2021-05-26 11:24:00,8.6,8.75,8.55,8.6,1525,104025,9.19,8.5,8.6
11034,2021-05-26 11:25:00,8.6,8.8,8.6,8.7,1850,104025,9.19,8.55,8.65
11035,2021-05-26 11:26:00,8.6,8.7,8.55,8.7,800,104825,9.19,8.65,8.8
11036,2021-05-26 11:27:00,8.7,8.85,8.7,8.8,2450,104825,9.19,8.7,8.8
11037,2021-05-26 11:28:00,8.75,8.8,8.7,8.75,750,104825,9.19,8.7,8.85
11038,2021-05-26 11:29:00,8.7,8.85,8.7,8.75,1275,104825,9.18,8.7,8.85
11039,2021-05-26 11:30:00,8.8,9.0,8.8,9.0,3800,104875,9.18,8.95,9.05
11040,2021-05-26 11:31:00,9.1,9.1,8.85,8.85,2200,104875,9.18,8.8,8.9
11041,2021-05-26 11:32:00,8.8,8.8,8.65,8.65,1225,103350,9.18,8.6,8.7
11042,2021-05-26 11:33:00,8.6,8.7,8.6,8.7,575,103350,9.18,8.6,8.75
11043,2021-05-26 11:34:00,8.65,8.8,8.65,8.75,975,103350,9.18,8.75,8.85
11044,2021-05-26 11:35:00,8.8,8.95,8.65,8.95,4450,103350,9.18,8.8,8.9
11045,2021-05-26 11:36:00,8.85,9.0,8.85,8.95,4100,102450,9.17,8.85,8.95
11046,2021-05-26 11:37:00,8.9,8.9,8.75,8.85,3075,102450,9.17,8.8,8.9
11047,2021-05-26 11:38:00,8.75,8.85,8.75,8.85,1300,102450,9.17,8.85,9.0
11048,2021-05-26 11:39:00,8.85,8.85,8.7,8.75,1750,101650,9.17,8.7,8.8
11049,2021-05-26 11:40:00,8.7,8.85,8.7,8.75,275,101650,9.17,8.7,8.8
11050,2021-05-26 11:41:00,8.8,8.8,8.75,8.8,325,101650,9.17,8.7,8.8
11051,2021-05-26 11:42:00,8.8,8.8,8.7,8.75,225,101400,9.17,8.75,8.85
11052,2021-05-26 11:43:00,8.75,8.8,8.7,8.75,575,101400,9.17,8.65,8.75
11053,2021-05-26 11:44:00,8.75,8.75,8.7,8.7,325,101400,9.17,8.65,8.75
11054,2021-05-26 11:45:00,8.75,8.75,8.65,8.65,600,101450,9.17,8.65,8.75
11055,2021-05-26 11:46:00,8.7,8.75,8.65,8.65,525,101450,9.17,8.6,8.7
11056,2021-05-26 11:47:00,8.7,8.75,8.7,8.7,675,101450,9.17,8.65,8.75
11057,2021-05-26 11:48:00,8.8,8.8,8.7,8.75,1000,101675,9.17,8.7,8.8
11058,2021-05-26 11:49:00,8.8,9.05,8.7,8.9,6675,101675,9.16,8.95,9.05
11059,2021-05-26 11:50:00,8.85,9.6,8.85,9.25,7500,101675,9.16,9.15,9.25
11060,2021-05-26 11:51:00,9.25,9.45,9.0,9.05,4925,99725,9.17,8.95,9.1
11061,2021-05-26 11:52:00,9.0,9.2,8.8,9.1,2725,99725,9.16,9.05,9.1
11062,2021-05-26 11:53:00,9.05,9.55,9.05,9.45,1750,99725,9.16,9.4,9.5
11063,2021-05-26 11:54:00,9.35,9.45,9.2,9.2,1250,98300,9.16,9.1,9.2
11064,2021-05-26 11:55:00,9.2,9.3,9.05,9.1,1100,98300,9.16,9.1,9.2
11065,2021-05-26 11:56:00,9.15,9.25,9.0,9.1,3200,98300,9.16,9.0,9.1
11066,2021-05-26 11:57:00,9.1,9.15,8.8,8.85,1150,98700,9.16,8.75,8.85
11067,2021-05-26 11:58:00,8.85,9.15,8.85,8.9,1075,98700,9.16,8.9,9.0
11068,2021-05-26 11:59:00,9.0,9.3,8.95,9.1,1225,98700,9.16,9.05,9.15
11069,2021-05-26 12:00:00,9.05,9.25,8.9,9.25,1225,99025,9.16,9.15,9.25
11070,2021-05-26 12:01:00,9.25,9.35,9.15,9.25,1600,99025,9.16,9.1,9.2
11071,2021-05-26 12:02:00,9.2,9.2,9.0,9.1,775,99025,9.16,9.05,9.15
11072,2021-05-26 12:03:00,9.05,9.15,8.95,8.95,1475,99100,9.16,8.85,9.0
11073,2021-05-26 12:04:00,8.95,9.0,8.75,9.0,2025,99100,9.16,8.95,9.1
11074,2021-05-26 12:05:00,8.9,8.95,8.65,8.8,2475,99100,9.16,8.8,8.9
11075,2021-05-26 12:06:00,8.9,9.0,8.85,8.9,1200,99050,9.16,8.85,8.95
11076,2021-05-26 12:07:00,8.8,9.0,8.75,9.0,2275,99050,9.16,9.0,9.1
11077,2021-05-26 12:08:00,8.95,9.0,8.9,8.9,650,99050,9.16,8.8,8.9
11078,2021-05-26 12:09:00,8.8,8.9,8.8,8.9,675,98950,9.16,8.9,9.0
11079,2021-05-26 12:10:00,8.95,8.95,8.85,8.95,400,98950,9.16,8.85,9.0
11080,2021-05-26 12:11:00,9.0,9.2,8.95,9.0,1725,98950,9.16,9.0,9.1
11081,2021-05-26 12:12:00,9.0,9.0,8.95,8.95,850,99250,9.16,8.9,9.05
11082,2021-05-26 12:13:00,8.95,9.1,8.95,9.05,1950,99250,9.16,8.95,9.05
11083,2021-05-26 12:14:00,8.95,9.0,8.9,9.0,1175,99250,9.16,8.95,9.05
11084,2021-05-26 12:15:00,8.9,9.05,8.8,8.9,1200,99775,9.16,8.85,9.0
11085,2021-05-26 12:16:00,8.9,9.0,8.9,8.95,675,99775,9.16,8.95,9.05
11086,2021-05-26 12:17:00,9.05,9.1,8.95,9.1,1525,99775,9.16,9.0,9.1
11087,2021-05-26 12:18:00,9.0,9.1,9.0,9.1,525,100200,9.16,9.0,9.1
11088,2021-05-26 12:19:00,9.1,9.1,8.9,9.0,1550,100200,9.16,8.95,9.05
11089,2021-05-26 12:20:00,9.05,9.1,8.95,9.0,925,100200,9.16,8.95,9.05
11090,2021-05-26 12:21:00,8.95,9.1,8.95,9.05,1200,101150,9.16,9.05,9.15
11091,2021-05-26 12:22:00,9.1,9.1,9.0,9.05,1300,101150,9.16,8.95,9.05
11092,2021-05-26 12:23:00,9.0,9.1,8.95,9.05,2850,101150,9.15,9.0,9.1
11093,2021-05-26 12:24:00,9.0,9.0,8.9,9.0,700,100000,9.15,8.95,9.05
11094,2021-05-26 12:25:00,9.0,9.1,8.9,9.0,1025,100000,9.15,8.95,9.05
11095,2021-05-26 12:26:00,9.05,9.15,8.9,9.0,1025,100000,9.15,8.95,9.0
11096,2021-05-26 12:27:00,8.9,9.0,8.9,8.9,2050,101075,9.15,8.8,8.9
11097,2021-05-26 12:28:00,8.9,9.0,8.7,8.75,1750,101075,9.15,8.75,8.85
11098,2021-05-26 12:29:00,8.8,9.0,8.6,8.95,1550,101075,9.15,8.8,8.9
11099,2021-05-26 12:30:00,8.85,8.9,8.75,8.8,2275,102400,9.15,8.7,8.8
11100,2021-05-26 12:31:00,8.8,8.9,8.75,8.85,1350,102400,9.15,8.8,8.95
11101,2021-05-26 12:32:00,8.95,9.1,8.9,8.9,3175,102400,9.15,8.9,9.0
11102,2021-05-26 12:33:00,9.0,9.0,8.9,8.95,375,102000,9.15,8.85,8.95
11103,2021-05-26 12:34:00,8.9,8.9,8.85,8.9,1425,102000,9.15,8.8,8.9
11104,2021-05-26 12:35:00,8.85,8.95,8.75,8.8,3000,102000,9.15,8.75,8.85
11105,2021-05-26 12:36:00,8.75,8.85,8.7,8.85,1075,101725,9.15,8.8,8.9
11106,2021-05-26 12:37:00,8.9,8.95,8.7,8.85,2975,101725,9.14,8.85,8.9
11107,2021-05-26 12:38:00,8.9,8.9,8.7,8.8,1775,101725,9.14,8.75,8.85
11108,2021-05-26 12:39:00,8.9,9.1,8.85,9.1,4200,101325,9.14,9.0,9.1
11109,2021-05-26 12:40:00,9.0,9.1,8.9,8.9,1425,101325,9.14,8.85,8.95
11110,2021-05-26 12:41:00,8.85,9.0,8.8,8.95,750,101325,9.14,8.85,8.95
11111,2021-05-26 12:42:00,8.85,9.1,8.85,9.1,2800,100100,9.14,9.0,9.1
11112,2021-05-26 12:43:00,9.0,9.0,8.75,8.9,1550,100100,9.14,8.85,8.9
11113,2021-05-26 12:44:00,8.85,9.0,8.85,9.0,425,100100,9.14,8.9,9.05
11114,2021-05-26 12:45:00,8.95,8.95,8.85,8.95,900,100450,9.14,8.9,9.0
11115,2021-05-26 12:46:00,8.95,9.1,8.95,9.0,975,100450,9.14,9.0,9.1
11116,2021-05-26 12:47:00,9.05,9.05,9.0,9.0,1850,100450,9.14,8.9,9.0
11117,2021-05-26 12:48:00,9.0,9.0,9.0,9.0,275,99725,9.14,9.0,9.1
11118,2021-05-26 12:49:00,9.05,9.1,9.0,9.0,850,99725,9.14,8.95,9.05
11119,2021-05-26 12:50:00,9.0,9.1,8.9,8.9,2475,99725,9.14,8.9,9.0
11120,2021-05-26 12:51:00,8.8,8.8,8.65,8.8,2850,99150,9.14,8.7,8.85
11121,2021-05-26 12:52:00,8.8,8.8,8.75,8.8,200,99150,9.14,8.7,8.8
11122,2021-05-26 12:53:00,8.75,8.8,8.7,8.8,175,99150,9.14,8.75,8.85
11123,2021-05-26 12:54:00,8.75,8.8,8.7,8.75,525,99925,9.14,8.65,8.75
11124,2021-05-26 12:55:00,8.7,8.75,8.5,8.5,1825,99925,9.13,8.5,8.65
11125,2021-05-26 12:56:00,8.6,8.65,8.6,8.65,350,99925,9.13,8.55,8.65
11126,2021-05-26 12:57:00,8.6,8.65,8.5,8.55,1900,102300,9.13,8.45,8.55
11127,2021-05-26 12:58:00,8.55,8.6,8.5,8.5,775,102300,9.13,8.45,8.55
11128,2021-05-26 12:59:00,8.5,8.65,8.45,8.55,1625,102300,9.13,8.6,8.7
11129,2021-05-26 13:00:00,8.6,8.65,8.5,8.5,2275,101375,9.13,8.45,8.55
11130,2021-05-26 13:01:00,8.55,8.55,8.45,8.55,1075,101375,9.13,8.5,8.6
11131,2021-05-26 13:02:00,8.55,8.55,8.4,8.4,1600,101375,9.13,8.3,8.4
11132,2021-05-26 13:03:00,8.4,8.45,8.4,8.45,475,102200,9.13,8.4,8.5
11133,2021-05-26 13:04:00,8.5,8.5,8.35,8.4,475,102200,9.13,8.35,8.45
11134,2021-05-26 13:05:00,8.45,8.5,8.45,8.5,975,102200,9.12,8.45,8.5
11135,2021-05-26 13:06:00,8.45,8.6,8.45,8.55,1625,101725,9.12,8.5,8.65
11136,2021-05-26 13:07:00,8.55,8.75,8.55,8.65,1725,101725,9.12,8.6,8.7
11137,2021-05-26 13:08:00,8.6,8.6,8.45,8.5,1300,101725,9.12,8.45,8.55
11138,2021-05-26 13:09:00,8.6,8.6,8.4,8.4,800,101850,9.12,8.45,8.55
11139,2021-05-26 13:10:00,8.55,8.6,8.45,8.55,775,101850,9.12,8.5,8.6
11140,2021-05-26 13:11:00,8.45,8.45,8.25,8.4,500,101850,9.12,8.35,8.45
11141,2021-05-26 13:12:00,8.45,8.55,8.35,8.45,1325,101950,9.12,8.35,8.45
11142,2021-05-26 13:13:00,8.45,8.6,8.45,8.6,625,101950,9.12,8.45,8.55
11143,2021-05-26 13:14:00,8.45,8.6,8.45,8.6,900,101950,9.12,8.5,8.55
11144,2021-05-26 13:15:00,8.55,8.7,8.55,8.65,550,102450,9.12,8.65,8.75
11145,2021-05-26 13:16:00,8.75,8.9,8.5,8.5,2150,102450,9.11,8.45,8.6
11146,2021-05-26 13:17:00,8.5,8.65,8.5,8.55,225,102450,9.11,8.5,8.6
11147,2021-05-26 13:18:00,8.5,8.5,8.35,8.4,500,102275,9.11,8.35,8.5
11148,2021-05-26 13:19:00,8.45,8.6,8.45,8.45,1650,102275,9.11,8.4,8.5
11149,2021-05-26 13:20:00,8.55,8.6,8.45,8.55,1125,102275,9.11,8.55,8.65
11150,2021-05-26 13:21:00,8.6,8.6,8.5,8.5,1075,102375,9.11,8.5,8.6
11151,2021-05-26 13:22:00,8.7,8.7,8.5,8.55,2100,102375,9.11,8.55,8.7
11152,2021-05-26 13:23:00,8.55,8.6,8.45,8.5,2000,102375,9.11,8.5,8.6
11153,2021-05-26 13:24:00,8.35,8.6,8.35,8.5,1500,103600,9.11,8.45,8.55
11154,2021-05-26 13:25:00,8.5,8.5,8.0,8.35,11600,103600,9.09,8.3,8.4
11155,2021-05-26 13:26:00,8.3,8.3,8.15,8.25,2150,103600,9.09,8.2,8.25
11156,2021-05-26 13:27:00,8.25,8.4,8.25,8.35,2150,103200,9.09,8.3,8.4
11157,2021-05-26 13:28:00,8.3,8.35,8.1,8.1,1450,103200,9.08,8.05,8.15
11158,2021-05-26 13:29:00,8.15,8.2,8.05,8.2,325,103200,9.08,8.05,8.15
11159,2021-05-26 13:30:00,8.2,8.3,8.05,8.25,4075,104850,9.08,8.1,8.25
11160,2021-05-26 13:31:00,8.25,8.3,8.0,8.1,1800,104850,9.08,8.0,8.1
11161,2021-05-26 13:32:00,8.1,8.1,7.95,8.0,650,104850,9.08,8.0,8.1
11162,2021-05-26 13:33:00,8.1,8.1,8.0,8.1,4375,105150,9.07,8.1,8.15
11163,2021-05-26 13:34:00,8.1,8.15,8.0,8.05,900,105150,9.07,8.0,8.1
11164,2021-05-26 13:35:00,8.0,8.1,8.0,8.0,275,105150,9.07,7.95,8.0
11165,2021-05-26 13:36:00,7.95,8.05,7.95,8.0,450,102200,9.07,7.95,8.05
11166,2021-05-26 13:37:00,7.95,8.0,7.95,7.95,500,102200,9.07,7.9,7.95
11167,2021-05-26 13:38:00,8.05,8.05,7.9,7.9,2125,102200,9.06,7.8,7.95
11168,2021-05-26 13:39:00,7.9,7.95,7.8,7.8,1575,102950,9.06,7.8,7.9
11169,2021-05-26 13:40:00,7.8,7.85,7.65,7.75,3450,102950,9.05,7.65,7.8
11170,2021-05-26 13:41:00,7.75,7.85,7.7,7.75,1300,102950,9.05,7.75,7.9
11171,2021-05-26 13:42:00,7.95,8.1,7.75,8.1,12600,101525,9.03,8.0,8.1
11172,2021-05-26 13:43:00,8.05,9.05,8.05,8.75,18175,101525,9.02,8.8,8.9
11173,2021-05-26 13:44:00,8.8,8.9,8.4,8.55,6850,101525,9.02,8.45,8.6
11174,2021-05-26 13:45:00,8.55,8.8,8.2,8.3,6675,98125,9.02,8.15,8.3
11175,2021-05-26 13:46:00,8.25,8.3,7.7,7.75,5200,98125,9.01,7.7,7.8
11176,2021-05-26 13:47:00,7.85,8.1,7.8,7.9,1750,98125,9.01,7.85,7.95
11177,2021-05-26 13:48:00,7.95,8.15,7.9,7.95,1975,99475,9.01,7.85,8.0
11178,2021-05-26 13:49:00,8.0,8.1,7.8,7.95,1650,99475,9.0,7.8,7.9
11179,2021-05-26 13:50:00,7.9,8.0,7.5,7.65,7075,99475,8.99,7.65,7.7
11180,2021-05-26 13:51:00,7.7,7.7,7.3,7.35,4775,103775,8.98,7.35,7.45
11181,2021-05-26 13:52:00,7.35,7.6,7.35,7.6,4150,103775,8.97,7.45,7.55
11182,2021-05-26 13:53:00,7.55,7.65,7.4,7.55,2950,103775,8.97,7.55,7.6
11183,2021-05-26 13:54:00,7.5,7.5,7.3,7.3,1925,103725,8.97,7.3,7.35
11184,2021-05-26 13:55:00,7.3,7.5,7.2,7.3,2900,103725,8.96,7.2,7.3
11185,2021-05-26 13:56:00,7.3,7.45,7.15,7.35,1900,103725,8.96,7.3,7.45
11186,2021-05-26 13:57:00,7.4,7.45,7.25,7.25,1325,104225,8.95,7.2,7.3
11187,2021-05-26 13:58:00,7.3,7.4,7.3,7.3,500,104225,8.95,7.25,7.35
11188,2021-05-26 13:59:00,7.3,7.4,7.3,7.4,1150,104225,8.95,7.35,7.5
11189,2021-05-26 14:00:00,7.5,7.5,7.3,7.45,1300,104550,8.95,7.4,7.5
11190,2021-05-26 14:01:00,7.4,7.8,7.4,7.65,3725,104550,8.94,7.65,7.75
11191,2021-05-26 14:02:00,7.75,7.85,7.45,7.45,3200,104550,8.94,7.5,7.6
11192,2021-05-26 14:03:00,7.6,7.7,7.45,7.5,2800,105250,8.93,7.45,7.6
11193,2021-05-26 14:04:00,7.55,7.65,7.55,7.6,800,105250,8.93,7.55,7.65
11194,2021-05-26 14:05:00,7.5,7.55,7.4,7.45,3450,105250,8.92,7.45,7.55
11195,2021-05-26 14:06:00,7.45,7.45,7.4,7.4,500,105625,8.92,7.35,7.45
11196,2021-05-26 14:07:00,7.35,7.35,7.25,7.35,1550,105625,8.92,7.3,7.4
11197,2021-05-26 14:08:00,7.3,7.3,7.15,7.2,700,105625,8.92,7.15,7.25
11198,2021-05-26 14:09:00,7.25,7.3,7.15,7.15,1275,105275,8.92,7.15,7.25
11199,2021-05-26 14:10:00,7.2,7.35,7.2,7.35,3250,105275,8.91,7.25,7.35
11200,2021-05-26 14:11:00,7.25,7.45,7.2,7.4,3025,105275,8.9,7.35,7.45
11201,2021-05-26 14:12:00,7.45,7.45,7.2,7.3,4200,105400,8.9,7.2,7.3
11202,2021-05-26 14:13:00,7.3,7.7,7.2,7.6,3550,105400,8.89,7.6,7.7
11203,2021-05-26 14:14:00,7.7,7.85,7.6,7.75,3550,105400,8.89,7.7,7.8
11204,2021-05-26 14:15:00,7.8,7.8,7.6,7.7,2475,108050,8.88,7.6,7.7
11205,2021-05-26 14:16:00,7.75,8.1,7.65,8.0,2675,108050,8.88,7.95,8.05
11206,2021-05-26 14:17:00,7.95,8.3,7.85,8.05,4000,108050,8.88,8.0,8.1
11207,2021-05-26 14:18:00,8.05,8.25,8.05,8.1,2500,106550,8.87,8.0,8.15
11208,2021-05-26 14:19:00,8.05,8.1,7.75,8.1,4675,106550,8.87,8.0,8.1
11209,2021-05-26 14:20:00,8.05,8.3,7.85,8.15,2375,106550,8.87,8.0,8.15
11210,2021-05-26 14:21:00,8.15,8.2,7.55,7.7,9700,109175,8.86,7.7,7.8
11211,2021-05-26 14:22:00,7.75,7.75,7.1,7.15,3125,109175,8.85,7.15,7.25
11212,2021-05-26 14:23:00,7.15,7.25,7.05,7.15,2800,109175,8.85,7.05,7.2
11213,2021-05-26 14:24:00,7.2,7.35,7.15,7.3,1675,111925,8.84,7.25,7.4
11214,2021-05-26 14:25:00,7.4,7.4,7.2,7.2,825,111925,8.84,7.15,7.25
11215,2021-05-26 14:26:00,7.15,7.15,6.75,7.1,2025,111925,8.84,7.05,7.15
11216,2021-05-26 14:27:00,7.2,7.3,7.1,7.3,500,111675,8.84,7.15,7.25
11217,2021-05-26 14:28:00,7.25,7.4,7.25,7.4,1425,111675,8.83,7.3,7.4
11218,2021-05-26 14:29:00,7.4,7.55,7.25,7.35,2225,111675,8.83,7.25,7.35
11219,2021-05-26 14:30:00,7.45,7.45,7.1,7.15,3525,108375,8.82,7.05,7.15
11220,2021-05-26 14:31:00,7.15,7.2,6.9,7.1,2475,108375,8.82,7.0,7.1
11221,2021-05-26 14:32:00,7.1,7.1,6.95,7.05,1550,108375,8.82,7.0,7.1
11222,2021-05-26 14:33:00,7.0,7.05,6.95,7.0,1225,110425,8.81,7.0,7.1
11223,2021-05-26 14:34:00,6.95,6.95,6.8,6.95,2700,110425,8.81,6.9,7.05
11224,2021-05-26 14:35:00,6.9,6.95,6.85,6.9,900,110425,8.81,6.9,7.0
11225,2021-05-26 14:36:00,6.9,6.9,6.7,6.8,2650,111250,8.8,6.75,6.85
11226,2021-05-26 14:37:00,6.75,6.75,6.65,6.75,3150,111250,8.79,6.7,6.8
11227,2021-05-26 14:38:00,6.75,6.95,6.65,6.8,1925,111250,8.79,6.8,6.9
11228,2021-05-26 14:39:00,6.75,6.9,6.75,6.8,1700,110575,8.79,6.8,6.9
11229,2021-05-26 14:40:00,6.9,6.9,6.75,6.8,875,110575,8.78,6.75,6.85
11230,2021-05-26 14:41:00,6.75,6.8,6.7,6.8,1275,110575,8.78,6.7,6.8
11231,2021-05-26 14:42:00,6.7,6.9,6.7,6.85,2850,109350,8.77,6.8,6.9
11232,2021-05-26 14:43:00,6.8,6.8,6.55,6.65,5600,109350,8.76,6.6,6.7
11233,2021-05-26 14:44:00,6.6,6.65,6.5,6.5,2225,109350,8.76,6.5,6.6
11234,2021-05-26 14:45:00,6.55,6.7,6.45,6.7,4825,107375,8.75,6.6,6.7
11235,2021-05-26 14:46:00,6.65,6.85,6.55,6.75,1550,107375,8.74,6.6,6.7
11236,2021-05-26 14:47:00,6.7,6.85,6.6,6.6,775,107375,8.74,6.55,6.65
11237,2021-05-26 14:48:00,6.65,6.8,6.65,6.75,900,107525,8.74,6.6,6.7
11238,2021-05-26 14:49:00,6.7,6.8,6.55,6.55,3125,107525,8.73,6.55,6.65
11239,2021-05-26 14:50:00,6.65,6.85,6.55,6.65,7025,107525,8.72,6.6,6.7
11240,2021-05-26 14:51:00,6.65,6.65,6.6,6.65,700,100325,8.72,6.55,6.65
11241,2021-05-26 14:52:00,6.55,6.7,6.5,6.6,1450,100325,8.71,6.5,6.65
11242,2021-05-26 14:53:00,6.55,6.6,6.45,6.55,3325,100325,8.7,6.5,6.6
11243,2021-05-26 14:54:00,6.4,6.5,6.4,6.45,2900,99700,8.7,6.45,6.55
11244,2021-05-26 14:55:00,6.45,6.55,6.35,6.35,2325,99700,8.69,6.35,6.45
11245,2021-05-26 14:56:00,6.35,6.5,6.35,6.45,1175,99700,8.69,6.35,6.45
11246,2021-05-26 14:57:00,6.4,6.45,6.1,6.15,4050,96950,8.68,6.05,6.2
11247,2021-05-26 14:58:00,6.2,6.3,6.0,6.15,6625,96950,8.66,6.1,6.2
11248,2021-05-26 14:59:00,6.2,6.3,6.1,6.3,4725,96950,8.65,6.15,6.25
11249,2021-05-26 15:00:00,6.3,6.85,6.3,6.6,14500,92925,8.62,6.45,6.55
11250,2021-05-26 15:01:00,6.45,6.8,6.35,6.8,7900,92925,8.6,6.8,6.9
11251,2021-05-26 15:02:00,6.85,7.0,6.55,6.75,15450,92925,8.58,6.65,6.8
11252,2021-05-26 15:03:00,6.8,7.45,6.75,7.0,17875,86950,8.55,6.9,7.0
11253,2021-05-26 15:04:00,6.9,7.05,6.35,6.35,9275,86950,8.53,6.35,6.45
11254,2021-05-26 15:05:00,6.35,6.45,5.9,5.9,6475,86950,8.52,5.95,6.0
11255,2021-05-26 15:06:00,5.95,6.0,5.75,5.9,6025,83950,8.5,5.9,5.95
11256,2021-05-26 15:07:00,5.9,6.05,5.85,6.0,3375,83950,8.5,6.0,6.1
11257,2021-05-26 15:08:00,6.0,6.0,5.8,5.8,3000,83950,8.49,5.8,5.9
11258,2021-05-26 15:09:00,5.9,6.05,5.75,6.05,4700,81400,8.48,5.95,6.05
11259,2021-05-26 15:10:00,6.05,6.2,5.75,5.85,12025,81400,8.45,5.75,5.85
11260,2021-05-26 15:11:00,5.8,5.9,5.7,5.75,5025,81400,8.44,5.75,5.85
11261,2021-05-26 15:12:00,5.75,5.85,5.7,5.75,6925,74400,8.42,5.7,5.8
11262,2021-05-26 15:13:00,5.7,5.85,5.65,5.65,4200,74400,8.41,5.65,5.75
11263,2021-05-26 15:14:00,5.7,6.05,5.6,5.9,5925,74400,8.4,5.95,6.05
11264,2021-05-26 15:15:00,6.05,6.05,5.9,5.95,2825,68650,8.39,5.9,6.0
11265,2021-05-26 15:16:00,5.9,6.05,5.85,5.95,6825,68650,8.38,5.95,6.05
11266,2021-05-26 15:17:00,5.95,6.1,5.85,5.95,5425,68650,8.37,5.9,6.0
11267,2021-05-26 15:18:00,5.9,5.9,5.55,5.55,4975,68650,8.35,5.55,5.65
11268,2021-05-26 15:19:00,5.55,5.65,5.5,5.6,4875,68450,8.34,5.55,5.65
11269,2021-05-26 15:20:00,5.65,5.85,5.4,5.4,3325,68450,8.33,5.4,5.5
11270,2021-05-26 15:21:00,5.4,5.5,5.35,5.45,2475,68450,8.33,5.35,5.45
11271,2021-05-26 15:22:00,5.45,5.45,5.1,5.25,5100,75800,8.31,5.2,5.3
11272,2021-05-26 15:23:00,5.25,5.35,5.25,5.35,4875,75800,8.3,5.35,5.45
11273,2021-05-26 15:24:00,5.35,5.4,5.1,5.2,6775,75800,8.28,5.15,5.2
11274,2021-05-26 15:25:00,5.2,5.4,4.2,5.0,14350,72225,8.24,5.0,5.1
11275,2021-05-26 15:26:00,5.05,5.35,5.05,5.25,5225,72225,8.23,5.25,5.35
11276,2021-05-26 15:27:00,5.25,5.75,5.25,5.75,8325,72225,8.21,5.7,5.8
11277,2021-05-26 15:28:00,5.85,6.0,5.2,5.2,6275,75050,8.2,5.1,5.25
11278,2021-05-26 15:29:00,5.85,6.0,5.2,5.2,6275,75050,8.2,5.1,5.25
11279,2021-05-26 15:30:00,5.25,5.8,5.05,5.8,4550,75050,8.18,5.3,5.8
11280,2021-05-27 09:15:00,2.5,3.9,2.1,3.2,20625,55975,3.23,3.15,3.25
11281,2021-05-27 09:16:00,3.25,3.7,3.25,3.4,17375,55975,3.37,3.3,3.4
11282,2021-05-27 09:17:00,3.35,3.95,3.3,3.3,15075,58825,3.39,3.2,3.4
11283,2021-05-27 09:18:00,3.3,3.7,3.2,3.4,18675,58825,3.39,3.35,3.4
11284,2021-05-27 09:19:00,3.3,3.3,2.95,2.95,15725,58825,3.34,2.95,3.05
11285,2021-05-27 09:20:00,2.95,3.2,2.8,2.85,15225,63800,3.3,2.8,2.9
11286,2021-05-27 09:21:00,2.75,2.8,2.65,2.65,9225,63800,3.25,2.6,2.7
11287,2021-05-27 09:22:00,2.7,2.85,2.65,2.75,6350,63800,3.22,2.7,2.8
11288,2021-05-27 09:23:00,2.8,3.25,2.8,3.15,5650,63875,3.21,3.05,3.1
11289,2021-05-27 09:24:00,3.1,3.25,2.95,3.0,11000,63875,3.21,3.0,3.1
11290,2021-05-27 09:25:00,3.0,3.2,3.0,3.1,13200,63875,3.19,3.0,3.05
11291,2021-05-27 09:26:00,3.05,3.15,2.95,3.05,8300,63875,3.18,3.0,3.1
11292,2021-05-27 09:27:00,3.1,3.15,3.0,3.05,3575,63875,3.18,3.05,3.1
11293,2021-05-27 09:28:00,3.05,3.1,3.0,3.1,1600,63875,3.18,3.0,3.1
11294,2021-05-27 09:29:00,3.2,3.2,3.0,3.0,6275,73350,3.17,2.95,3.05
11295,2021-05-27 09:30:00,3.0,3.1,3.0,3.0,3975,73350,3.17,3.0,3.1
11296,2021-05-27 09:31:00,3.0,3.15,3.0,3.05,4650,73350,3.17,3.0,3.1
11297,2021-05-27 09:32:00,3.1,3.1,2.85,2.9,4250,76500,3.16,2.9,2.95
11298,2021-05-27 09:33:00,2.95,3.1,2.9,2.95,6200,76500,3.16,2.95,3.0
11299,2021-05-27 09:34:00,3.0,3.1,3.0,3.0,5850,76500,3.15,2.95,3.05
11300,2021-05-27 09:35:00,3.0,3.05,2.95,2.95,4000,78950,3.15,2.9,3.0
11301,2021-05-27 09:36:00,3.0,3.05,2.9,2.95,2175,78950,3.15,2.9,2.95
11302,2021-05-27 09:37:00,2.95,3.05,2.9,2.95,9775,78950,3.14,2.9,3.0
11303,2021-05-27 09:38:00,2.9,2.95,2.85,2.9,3950,80225,3.14,2.85,2.95
11304,2021-05-27 09:39:00,2.9,3.0,2.7,2.7,8725,80225,3.12,2.7,2.8
11305,2021-05-27 09:40:00,2.75,2.8,2.65,2.65,7700,80225,3.11,2.6,2.65
11306,2021-05-27 09:41:00,2.6,2.75,2.6,2.7,6950,84650,3.1,2.65,2.75
11307,2021-05-27 09:42:00,2.7,2.8,2.65,2.65,3575,84650,3.09,2.6,2.7
11308,2021-05-27 09:43:00,2.7,2.75,2.6,2.7,2850,84650,3.09,2.6,2.7
11309,2021-05-27 09:44:00,2.6,2.6,2.45,2.45,2650,83700,3.08,2.45,2.5
11310,2021-05-27 09:45:00,2.4,2.55,2.4,2.4,3975,83700,3.07,2.4,2.5
11311,2021-05-27 09:46:00,2.55,2.65,2.5,2.5,13025,83700,3.04,2.5,2.6
11312,2021-05-27 09:47:00,2.55,2.6,2.45,2.55,1800,87925,3.04,2.55,2.6
11313,2021-05-27 09:48:00,2.55,2.65,2.5,2.5,3350,87925,3.03,2.45,2.55
11314,2021-05-27 09:49:00,2.45,2.6,2.45,2.5,3425,87925,3.03,2.5,2.6
11315,2021-05-27 09:50:00,2.5,2.6,2.45,2.6,4725,88950,3.02,2.5,2.6
11316,2021-05-27 09:51:00,2.55,2.65,2.5,2.55,1200,88950,3.02,2.55,2.6
11317,2021-05-27 09:52:00,2.55,2.65,2.5,2.55,3125,88950,3.01,2.55,2.6
11318,2021-05-27 09:53:00,2.55,2.55,2.45,2.45,500,86350,3.01,2.45,2.55
11319,2021-05-27 09:54:00,2.55,2.55,2.45,2.5,1725,86350,3.01,2.45,2.5
11320,2021-05-27 09:55:00,2.5,2.5,2.45,2.45,1325,86350,3.01,2.4,2.5
11321,2021-05-27 09:56:00,2.45,2.55,2.4,2.55,475,87575,3.0,2.45,2.55
11322,2021-05-27 09:57:00,2.45,2.45,2.4,2.4,3125,87575,3.0,2.4,2.45
11323,2021-05-27 09:58:00,2.45,2.45,2.4,2.45,4675,87575,2.99,2.4,2.5
11324,2021-05-27 09:59:00,2.45,2.5,2.45,2.5,350,83375,2.99,2.4,2.5
11325,2021-05-27 10:00:00,2.5,2.55,2.45,2.45,2475,83375,2.98,2.4,2.5
11326,2021-05-27 10:01:00,2.5,2.5,2.4,2.45,3275,83375,2.98,2.4,2.5
11327,2021-05-27 10:02:00,2.5,2.5,2.4,2.4,825,83775,2.98,2.4,2.5
11328,2021-05-27 10:03:00,2.5,2.5,2.4,2.45,100,83775,2.98,2.45,2.55
11329,2021-05-27 10:04:00,2.4,2.5,2.4,2.4,775,83775,2.97,2.4,2.5
11330,2021-05-27 10:05:00,2.4,2.5,2.4,2.4,6775,84525,2.96,2.4,2.45
11331,2021-05-27 10:06:00,2.4,2.5,2.4,2.4,650,84525,2.96,2.35,2.5
11332,2021-05-27 10:07:00,2.4,2.4,2.3,2.3,3100,84525,2.95,2.3,2.35
11333,2021-05-27 10:08:00,2.3,2.3,2.1,2.1,4625,81200,2.94,2.05,2.15
11334,2021-05-27 10:09:00,2.15,2.2,2.05,2.1,1550,81200,2.94,2.15,2.25
11335,2021-05-27 10:10:00,2.1,2.2,2.1,2.15,2975,81200,2.93,2.1,2.2
11336,2021-05-27 10:11:00,2.15,2.15,2.1,2.15,575,80350,2.93,2.1,2.2
11337,2021-05-27 10:12:00,2.15,2.2,2.1,2.1,1850,80350,2.93,2.05,2.15
11338,2021-05-27 10:13:00,2.15,2.15,2.05,2.05,700,80350,2.92,2.05,2.15
11339,2021-05-27 10:14:00,2.05,2.05,1.95,2.05,4275,80350,2.91,2.05,2.15
11340,2021-05-27 10:15:00,2.05,2.15,2.0,2.1,1075,79800,2.91,2.05,2.1
11341,2021-05-27 10:16:00,2.15,2.15,2.05,2.05,1300,79800,2.91,2.05,2.15
11342,2021-05-27 10:17:00,2.05,2.05,2.05,2.05,725,78575,2.9,2.0,2.1
11343,2021-05-27 10:18:00,2.1,2.15,2.0,2.0,850,78575,2.9,2.0,2.05
11344,2021-05-27 10:19:00,2.05,2.1,2.05,2.1,1325,78575,2.9,2.05,2.15
11345,2021-05-27 10:20:00,2.15,2.25,2.15,2.15,2325,79250,2.89,2.15,2.25
11346,2021-05-27 10:21:00,2.15,2.35,2.15,2.25,3525,79250,2.89,2.2,2.25
11347,2021-05-27 10:22:00,2.25,2.25,2.2,2.2,150,79250,2.89,2.2,2.25
11348,2021-05-27 10:23:00,2.2,2.2,2.2,2.2,1025,78800,2.88,2.15,2.2
11349,2021-05-27 10:24:00,2.2,2.2,2.15,2.15,475,78800,2.88,2.15,2.2
11350,2021-05-27 10:25:00,2.15,2.15,2.1,2.15,1100,78800,2.88,2.1,2.2
11351,2021-05-27 10:26:00,2.1,2.15,2.1,2.1,925,78650,2.88,2.1,2.15
11352,2021-05-27 10:27:00,2.1,2.1,2.05,2.1,1050,78650,2.88,2.05,2.15
11353,2021-05-27 10:28:00,2.05,2.2,2.05,2.15,1650,78650,2.87,2.1,2.15
11354,2021-05-27 10:29:00,2.2,2.2,2.15,2.15,75,78650,2.87,2.15,2.2
11355,2021-05-27 10:30:00,2.2,2.4,2.15,2.3,7850,79925,2.86,2.25,2.35
11356,2021-05-27 10:31:00,2.3,2.35,2.2,2.25,1175,79925,2.86,2.2,2.3
11357,2021-05-27 10:32:00,2.35,2.4,2.15,2.15,5825,80875,2.85,2.15,2.25
11358,2021-05-27 10:33:00,2.15,2.3,2.15,2.2,1950,80875,2.84,2.2,2.25
11359,2021-05-27 10:34:00,2.2,2.3,2.2,2.3,250,80875,2.84,2.2,2.3
11360,2021-05-27 10:35:00,2.25,2.3,2.2,2.25,2175,79500,2.84,2.25,2.3
11361,2021-05-27 10:36:00,2.3,2.3,2.2,2.2,2975,79500,2.83,2.2,2.3
11362,2021-05-27 10:37:00,2.2,2.3,2.15,2.2,7300,79500,2.82,2.2,2.3
11363,2021-05-27 10:38:00,2.2,2.2,2.2,2.2,50,79500,2.82,2.2,2.3
11364,2021-05-27 10:39:00,2.25,2.3,2.2,2.25,1300,77650,2.82,2.2,2.35
11365,2021-05-27 10:40:00,2.25,2.25,2.2,2.25,1375,77650,2.82,2.2,2.3
11366,2021-05-27 10:41:00,2.25,2.35,2.25,2.35,2375,75650,2.81,2.3,2.4
11367,2021-05-27 10:42:00,2.35,2.35,2.25,2.25,500,75650,2.81,2.25,2.3
11368,2021-05-27 10:43:00,2.3,2.3,2.3,2.3,2875,75650,2.81,2.25,2.35
11369,2021-05-27 10:44:00,2.25,2.25,2.15,2.2,2475,75175,2.81,2.15,2.25
11370,2021-05-27 10:45:00,2.2,2.2,2.15,2.2,1425,75175,2.8,2.1,2.2
11371,2021-05-27 10:46:00,2.2,2.25,2.15,2.2,350,75175,2.8,2.15,2.25
11372,2021-05-27 10:47:00,2.3,2.35,2.25,2.3,475,74475,2.8,2.25,2.35
11373,2021-05-27 10:48:00,2.3,2.35,2.3,2.3,1650,74475,2.8,2.25,2.35
11374,2021-05-27 10:49:00,2.3,2.35,2.25,2.35,3000,74475,2.8,2.25,2.35
11375,2021-05-27 10:50:00,2.3,2.4,2.3,2.4,550,74475,2.8,2.35,2.4
11376,2021-05-27 10:51:00,2.4,2.4,2.35,2.35,2775,74475,2.79,2.25,2.35
11377,2021-05-27 10:52:00,2.35,2.35,2.25,2.3,2050,74475,2.79,2.25,2.3
11378,2021-05-27 10:53:00,2.2,2.25,2.2,2.25,650,74475,2.79,2.2,2.3
11379,2021-05-27 10:54:00,2.25,2.25,2.15,2.15,1675,76750,2.79,2.15,2.25
11380,2021-05-27 10:55:00,2.1,2.2,2.1,2.2,1025,76750,2.79,2.1,2.2
11381,2021-05-27 10:56:00,2.1,2.2,2.05,2.1,1000,76825,2.78,2.05,2.2
11382,2021-05-27 10:57:00,2.1,2.1,2.05,2.1,2275,76825,2.78,2.05,2.15
11383,2021-05-27 10:58:00,2.15,2.2,2.1,2.2,1700,76825,2.78,2.15,2.2
11384,2021-05-27 10:59:00,2.15,2.25,2.15,2.2,725,76825,2.78,2.15,2.2
11385,2021-05-27 11:00:00,2.2,2.2,2.1,2.1,1225,77525,2.77,2.1,2.2
11386,2021-05-27 11:01:00,2.15,2.15,2.1,2.1,550,77525,2.77,2.1,2.2
11387,2021-05-27 11:02:00,2.1,2.2,2.1,2.15,425,77525,2.77,2.15,2.2
11388,2021-05-27 11:03:00,2.15,2.15,2.05,2.1,1800,77125,2.77,2.1,2.2
11389,2021-05-27 11:04:00,2.1,2.1,2.1,2.1,800,77125,2.77,2.1,2.2
11390,2021-05-27 11:05:00,2.15,2.2,2.1,2.2,700,77125,2.77,2.1,2.2
11391,2021-05-27 11:06:00,2.1,2.15,2.1,2.15,450,75475,2.77,2.1,2.15
11392,2021-05-27 11:07:00,2.1,2.1,2.1,2.1,75,75475,2.77,2.1,2.15
11393,2021-05-27 11:08:00,2.25,2.25,2.05,2.1,1900,75475,2.76,2.05,2.15
11394,2021-05-27 11:09:00,2.1,2.1,2.1,2.1,150,75250,2.76,2.05,2.1
11395,2021-05-27 11:10:00,2.1,2.1,2.0,2.0,1750,75250,2.76,2.0,2.05
11396,2021-05-27 11:11:00,2.05,2.15,2.05,2.1,625,75250,2.76,2.05,2.15
11397,2021-05-27 11:12:00,2.1,2.1,2.1,2.1,400,75450,2.76,2.05,2.15
11398,2021-05-27 11:13:00,2.1,2.1,2.1,2.1,50,75450,2.76,2.05,2.15
11399,2021-05-27 11:14:00,2.15,2.25,2.1,2.1,2225,75450,2.76,2.1,2.15
11400,2021-05-27 11:15:00,2.15,2.2,2.1,2.1,2225,75875,2.75,2.05,2.1
11401,2021-05-27 11:16:00,2.1,2.1,2.05,2.05,350,75875,2.75,2.0,2.05
11402,2021-05-27 11:17:00,2.05,2.1,2.0,2.0,575,75875,2.75,2.0,2.05
11403,2021-05-27 11:18:00,2.0,2.0,2.0,2.0,4050,76125,2.74,1.95,2.0
11404,2021-05-27 11:19:00,1.95,1.95,1.95,1.95,25,76125,2.74,1.95,2.0
11405,2021-05-27 11:20:00,2.0,2.0,2.0,2.0,750,76125,2.74,1.95,2.05
11406,2021-05-27 11:21:00,2.05,2.05,2.05,2.05,50,78750,2.74,2.0,2.05
11407,2021-05-27 11:22:00,2.0,2.05,2.0,2.0,1275,78750,2.74,2.0,2.05
11408,2021-05-27 11:23:00,2.0,2.0,2.0,2.0,975,78750,2.74,1.95,2.0
11409,2021-05-27 11:24:00,1.95,2.0,1.95,2.0,850,77750,2.74,1.95,2.0
11410,2021-05-27 11:25:00,2.0,2.0,1.9,1.9,7850,77750,2.72,1.9,1.95
11411,2021-05-27 11:26:00,1.95,1.95,1.85,1.9,1125,77750,2.72,1.85,1.95
11412,2021-05-27 11:27:00,1.85,2.2,1.85,2.15,18525,81400,2.69,2.1,2.15
11413,2021-05-27 11:28:00,2.15,2.15,1.95,2.0,5075,81400,2.68,2.0,2.05
11414,2021-05-27 11:29:00,2.0,2.05,2.0,2.05,4150,81400,2.68,2.0,2.05
11415,2021-05-27 11:30:00,2.05,2.15,2.0,2.0,7450,87275,2.67,2.0,2.1
11416,2021-05-27 11:31:00,2.05,2.05,2.0,2.05,2900,87275,2.67,2.0,2.1
11417,2021-05-27 11:32:00,2.1,2.15,1.95,2.15,9800,87275,2.65,2.05,2.15
11418,2021-05-27 11:33:00,2.15,2.2,2.1,2.2,2950,87750,2.65,2.1,2.2
11419,2021-05-27 11:34:00,2.25,2.25,2.1,2.2,3500,87750,2.65,2.1,2.2
11420,2021-05-27 11:35:00,2.15,2.2,2.1,2.15,4450,87750,2.64,2.1,2.15
11421,2021-05-27 11:36:00,2.15,2.15,2.1,2.1,1700,89000,2.64,2.1,2.2
11422,2021-05-27 11:37:00,2.15,2.2,2.1,2.15,2750,89000,2.64,2.05,2.15
11423,2021-05-27 11:38:00,2.15,2.2,2.15,2.15,850,89000,2.64,2.1,2.2
11424,2021-05-27 11:39:00,2.1,2.15,2.1,2.15,475,89325,2.64,2.1,2.15
11425,2021-05-27 11:40:00,2.15,2.15,2.1,2.15,925,89325,2.63,2.1,2.15
11426,2021-05-27 11:41:00,2.1,2.15,2.1,2.1,775,89325,2.63,2.05,2.15
11427,2021-05-27 11:42:00,2.05,2.2,2.05,2.1,725,89600,2.63,2.1,2.15
11428,2021-05-27 11:43:00,2.15,2.2,2.1,2.15,675,89600,2.63,2.1,2.2
11429,2021-05-27 11:44:00,2.15,2.15,2.15,2.15,775,89600,2.63,2.1,2.15
11430,2021-05-27 11:45:00,2.1,2.2,2.05,2.2,2700,86100,2.63,2.1,2.2
11431,2021-05-27 11:46:00,2.1,2.15,2.1,2.1,725,86100,2.63,2.1,2.15
11432,2021-05-27 11:47:00,2.1,2.15,2.1,2.1,2225,86100,2.63,2.05,2.15
11433,2021-05-27 11:48:00,2.1,2.15,2.1,2.15,575,87150,2.63,2.05,2.15
11434,2021-05-27 11:49:00,2.05,2.2,2.05,2.2,1775,87150,2.62,2.1,2.2
11435,2021-05-27 11:50:00,2.2,2.25,2.2,2.25,1600,87150,2.62,2.2,2.25
11436,2021-05-27 11:51:00,2.25,2.3,2.15,2.3,4000,88200,2.62,2.2,2.3
11437,2021-05-27 11:52:00,2.3,2.3,2.2,2.3,2650,88200,2.62,2.25,2.3
11438,2021-05-27 11:53:00,2.3,2.4,2.3,2.3,1850,88200,2.62,2.2,2.3
11439,2021-05-27 11:54:00,2.25,2.3,2.15,2.2,4750,91350,2.61,2.15,2.2
11440,2021-05-27 11:55:00,2.2,2.25,2.15,2.2,1075,91350,2.61,2.2,2.25
11441,2021-05-27 11:56:00,2.25,2.35,2.25,2.3,2700,91350,2.61,2.3,2.35
11442,2021-05-27 11:57:00,2.35,2.35,2.3,2.35,2125,90600,2.61,2.3,2.4
11443,2021-05-27 11:58:00,2.4,2.4,2.35,2.35,1250,90600,2.61,2.35,2.4
11444,2021-05-27 11:59:00,2.35,2.35,2.3,2.35,1850,90600,2.61,2.3,2.35
11445,2021-05-27 12:00:00,2.35,2.35,2.3,2.3,3775,88750,2.61,2.25,2.35
11446,2021-05-27 12:01:00,2.25,2.3,2.25,2.25,1450,88750,2.6,2.25,2.3
11447,2021-05-27 12:02:00,2.25,2.25,2.25,2.25,1600,88750,2.6,2.2,2.3
11448,2021-05-27 12:03:00,2.2,2.3,2.2,2.2,2700,87300,2.6,2.15,2.2
11449,2021-05-27 12:04:00,2.15,2.2,2.15,2.15,1425,87300,2.6,2.1,2.2
11450,2021-05-27 12:05:00,2.1,2.15,2.1,2.15,800,87300,2.6,2.1,2.15
11451,2021-05-27 12:06:00,2.1,2.2,2.1,2.1,2500,85800,2.6,2.0,2.1
11452,2021-05-27 12:07:00,2.1,2.1,2.0,2.0,1650,85800,2.6,2.0,2.1
11453,2021-05-27 12:08:00,2.1,2.1,2.1,2.1,375,85800,2.6,2.1,2.15
11454,2021-05-27 12:09:00,2.1,2.2,2.1,2.15,2200,84500,2.59,2.15,2.2
11455,2021-05-27 12:10:00,2.15,2.35,2.1,2.35,5300,84500,2.59,2.25,2.35
11456,2021-05-27 12:11:00,2.3,2.35,2.25,2.3,725,84500,2.59,2.25,2.35
11457,2021-05-27 12:12:00,2.35,2.35,2.25,2.3,900,85850,2.59,2.25,2.3
11458,2021-05-27 12:13:00,2.3,2.35,2.25,2.25,625,85850,2.59,2.25,2.35
11459,2021-05-27 12:14:00,2.35,2.35,2.3,2.3,2750,85850,2.59,2.3,2.35
11460,2021-05-27 12:15:00,2.3,2.4,2.25,2.3,2275,86550,2.59,2.25,2.35
11461,2021-05-27 12:16:00,2.3,2.4,2.3,2.35,3075,86550,2.59,2.3,2.4
11462,2021-05-27 12:17:00,2.3,2.4,2.3,2.4,1975,86550,2.58,2.3,2.4
11463,2021-05-27 12:18:00,2.3,2.45,2.3,2.4,1225,87200,2.58,2.4,2.45
11464,2021-05-27 12:19:00,2.45,2.45,2.25,2.25,4150,87200,2.58,2.25,2.35
11465,2021-05-27 12:20:00,2.25,2.35,2.2,2.25,3975,87200,2.58,2.2,2.25
11466,2021-05-27 12:21:00,2.2,2.2,2.2,2.2,450,87000,2.58,2.15,2.25
11467,2021-05-27 12:22:00,2.25,2.3,2.2,2.25,1825,87000,2.58,2.25,2.3
11468,2021-05-27 12:23:00,2.3,2.35,2.25,2.3,1100,87000,2.58,2.25,2.3
11469,2021-05-27 12:24:00,2.3,2.35,2.25,2.35,775,86650,2.58,2.3,2.35
11470,2021-05-27 12:25:00,2.35,2.35,2.25,2.35,2950,86650,2.58,2.3,2.4
11471,2021-05-27 12:26:00,2.3,2.35,2.3,2.35,750,86650,2.58,2.3,2.35
11472,2021-05-27 12:27:00,2.35,2.35,2.25,2.25,900,87375,2.58,2.25,2.35
11473,2021-05-27 12:28:00,2.35,2.35,2.25,2.25,2200,87375,2.57,2.25,2.3
11474,2021-05-27 12:29:00,2.3,2.3,2.3,2.3,250,87375,2.57,2.25,2.3
11475,2021-05-27 12:30:00,2.25,2.3,2.25,2.3,1025,89225,2.57,2.2,2.3
11476,2021-05-27 12:31:00,2.3,2.3,2.25,2.25,775,89225,2.57,2.2,2.3
11477,2021-05-27 12:32:00,2.25,2.3,2.2,2.2,1425,89225,2.57,2.2,2.25
11478,2021-05-27 12:33:00,2.2,2.25,2.2,2.2,3600,87100,2.57,2.2,2.25
11479,2021-05-27 12:34:00,2.2,2.25,2.2,2.2,1550,87100,2.57,2.15,2.2
11480,2021-05-27 12:35:00,2.25,2.25,2.15,2.15,175,87100,2.57,2.15,2.2
11481,2021-05-27 12:36:00,2.15,2.15,2.15,2.15,925,86750,2.57,2.1,2.2
11482,2021-05-27 12:37:00,2.1,2.15,2.1,2.15,1150,86750,2.57,2.1,2.15
11483,2021-05-27 12:38:00,2.15,2.15,2.15,2.15,1925,86750,2.57,2.1,2.15
11484,2021-05-27 12:39:00,2.15,2.2,2.15,2.2,2625,85750,2.56,2.15,2.2
11485,2021-05-27 12:40:00,2.2,2.25,2.15,2.25,4125,85750,2.56,2.2,2.3
11486,2021-05-27 12:41:00,2.3,2.3,2.15,2.2,2075,85750,2.56,2.15,2.2
11487,2021-05-27 12:42:00,2.2,2.2,2.15,2.2,525,85950,2.56,2.15,2.2
11488,2021-05-27 12:43:00,2.2,2.2,2.15,2.2,1275,85950,2.56,2.15,2.25
11489,2021-05-27 12:44:00,2.15,2.25,2.15,2.2,1500,85950,2.56,2.15,2.2
11490,2021-05-27 12:45:00,2.2,2.3,2.2,2.25,2950,84375,2.56,2.2,2.3
11491,2021-05-27 12:46:00,2.3,2.3,2.2,2.25,400,84375,2.56,2.25,2.3
11492,2021-05-27 12:47:00,2.25,2.3,2.25,2.25,1425,84375,2.56,2.2,2.25
11493,2021-05-27 12:48:00,2.2,2.25,2.15,2.25,2600,84400,2.56,2.2,2.3
11494,2021-05-27 12:49:00,2.25,2.25,2.2,2.2,1075,84400,2.55,2.15,2.2
11495,2021-05-27 12:50:00,2.2,2.25,2.1,2.2,1150,84400,2.55,2.1,2.25
11496,2021-05-27 12:51:00,2.2,2.25,2.15,2.2,925,84500,2.55,2.1,2.2
11497,2021-05-27 12:52:00,2.2,2.2,2.1,2.15,550,84500,2.55,2.1,2.2
11498,2021-05-27 12:53:00,2.15,2.2,2.0,2.05,2600,84500,2.55,2.0,2.1
11499,2021-05-27 12:54:00,2.0,2.0,1.7,1.85,2625,83650,2.55,1.8,1.85
11500,2021-05-27 12:55:00,1.8,2.1,1.75,2.1,4400,83650,2.54,2.0,2.1
11501,2021-05-27 12:56:00,1.95,1.95,1.8,1.9,1450,83650,2.54,1.85,1.9
11502,2021-05-27 12:57:00,1.85,1.85,1.75,1.8,1175,83075,2.54,1.75,1.85
11503,2021-05-27 12:58:00,1.8,1.8,1.75,1.75,250,83075,2.54,1.7,1.8
11504,2021-05-27 12:59:00,1.75,1.85,1.7,1.75,975,83075,2.54,1.75,1.8
11505,2021-05-27 13:00:00,1.8,1.85,1.8,1.8,2100,82975,2.54,1.8,1.9
11506,2021-05-27 13:01:00,1.8,1.8,1.7,1.8,2400,82975,2.53,1.75,1.8
11507,2021-05-27 13:02:00,1.75,1.9,1.5,1.9,5725,82975,2.53,1.85,1.9
11508,2021-05-27 13:03:00,1.9,2.0,1.85,1.9,1425,84350,2.53,1.85,1.9
11509,2021-05-27 13:04:00,1.85,1.9,1.85,1.9,625,84350,2.52,1.85,1.95
11510,2021-05-27 13:05:00,1.95,1.95,1.85,1.95,1600,84350,2.52,1.85,1.9
11511,2021-05-27 13:06:00,1.9,1.9,1.8,1.9,1550,83775,2.52,1.85,1.95
11512,2021-05-27 13:07:00,1.9,1.95,1.9,1.95,650,83775,2.52,1.9,2.0
11513,2021-05-27 13:08:00,2.0,2.0,1.95,1.95,175,83775,2.52,1.9,2.0
11514,2021-05-27 13:09:00,2.0,2.0,1.9,1.95,1175,83575,2.52,1.95,2.05
11515,2021-05-27 13:10:00,2.0,2.05,1.95,2.05,1425,83575,2.52,2.0,2.1
11516,2021-05-27 13:11:00,2.1,2.1,2.0,2.1,7025,83575,2.51,2.05,2.15
11517,2021-05-27 13:12:00,2.1,2.2,2.05,2.05,4200,87200,2.51,2.05,2.15
11518,2021-05-27 13:13:00,2.05,2.1,2.05,2.1,1675,87200,2.51,2.0,2.1
11519,2021-05-27 13:14:00,2.1,2.1,2.05,2.05,2275,87200,2.51,2.0,2.1
11520,2021-05-27 13:15:00,2.05,2.1,2.0,2.1,1350,86925,2.51,2.05,2.1
11521,2021-05-27 13:16:00,2.1,2.2,1.95,2.05,3975,86925,2.51,2.05,2.1
11522,2021-05-27 13:17:00,2.1,2.15,2.0,2.05,3225,86925,2.5,2.0,2.1
11523,2021-05-27 13:18:00,2.05,2.2,2.0,2.15,1300,84300,2.5,2.1,2.2
11524,2021-05-27 13:19:00,2.25,2.25,2.15,2.15,1000,84300,2.5,2.15,2.25
11525,2021-05-27 13:20:00,2.25,2.25,2.1,2.1,1600,84300,2.5,2.1,2.15
11526,2021-05-27 13:21:00,2.1,2.1,2.05,2.1,2400,85175,2.5,2.05,2.15
11527,2021-05-27 13:22:00,2.1,2.15,2.1,2.1,800,85175,2.5,2.05,2.1
11528,2021-05-27 13:23:00,2.0,2.2,2.0,2.2,1225,85175,2.5,2.15,2.25
11529,2021-05-27 13:24:00,2.2,2.25,2.15,2.2,2175,84725,2.5,2.2,2.3
11530,2021-05-27 13:25:00,2.2,2.2,2.2,2.2,775,84725,2.5,2.15,2.25
11531,2021-05-27 13:26:00,2.2,2.25,2.15,2.25,650,84725,2.5,2.2,2.25
11532,2021-05-27 13:27:00,2.25,2.35,2.2,2.25,1700,84300,2.5,2.2,2.3
11533,2021-05-27 13:28:00,2.25,2.3,2.2,2.3,1125,84300,2.5,2.25,2.3
11534,2021-05-27 13:29:00,2.25,2.3,2.2,2.3,1325,84300,2.5,2.2,2.3
11535,2021-05-27 13:30:00,2.25,2.25,2.1,2.15,4675,86425,2.49,2.1,2.2
11536,2021-05-27 13:31:00,2.15,2.15,2.1,2.1,7500,86425,2.49,2.05,2.15
11537,2021-05-27 13:32:00,2.1,2.3,2.1,2.2,1575,86425,2.49,2.15,2.25
11538,2021-05-27 13:33:00,2.2,2.2,2.15,2.2,4400,85400,2.49,2.15,2.25
11539,2021-05-27 13:34:00,2.15,2.2,2.15,2.15,6100,85400,2.48,2.15,2.25
11540,2021-05-27 13:35:00,2.2,2.35,2.2,2.3,5500,85400,2.48,2.3,2.35
11541,2021-05-27 13:36:00,2.25,2.45,2.2,2.35,3600,75750,2.48,2.3,2.4
11542,2021-05-27 13:37:00,2.35,2.5,2.25,2.3,10500,75750,2.48,2.3,2.35
11543,2021-05-27 13:38:00,2.3,2.35,2.25,2.25,6075,75750,2.48,2.25,2.3
11544,2021-05-27 13:39:00,2.25,2.3,2.25,2.3,475,75750,2.48,2.25,2.3
11545,2021-05-27 13:40:00,2.3,2.3,2.2,2.25,1550,74000,2.48,2.2,2.25
11546,2021-05-27 13:41:00,2.25,2.25,2.2,2.2,1700,74000,2.48,2.2,2.3
11547,2021-05-27 13:42:00,2.25,2.25,2.15,2.2,2225,73600,2.48,2.2,2.25
11548,2021-05-27 13:43:00,2.2,2.2,2.2,2.2,275,73600,2.48,2.15,2.2
11549,2021-05-27 13:44:00,2.15,2.2,2.1,2.1,2325,73600,2.48,2.1,2.15
11550,2021-05-27 13:45:00,2.15,2.3,2.15,2.25,2650,74600,2.47,2.2,2.3
11551,2021-05-27 13:46:00,2.2,2.2,2.1,2.15,2400,74600,2.47,2.1,2.2
11552,2021-05-27 13:47:00,2.15,2.15,2.1,2.1,200,74600,2.47,2.1,2.2
11553,2021-05-27 13:48:00,2.1,2.15,2.1,2.15,275,70650,2.47,2.15,2.2
11554,2021-05-27 13:49:00,2.25,2.3,2.15,2.2,2025,70650,2.47,2.15,2.25
11555,2021-05-27 13:50:00,2.2,2.25,2.15,2.15,1050,70650,2.47,2.15,2.25
11556,2021-05-27 13:51:00,2.2,2.25,2.15,2.2,3375,71075,2.47,2.2,2.3
11557,2021-05-27 13:52:00,2.2,2.2,2.2,2.2,1125,71075,2.47,2.15,2.25
11558,2021-05-27 13:53:00,2.25,2.3,2.15,2.25,2475,71075,2.47,2.2,2.25
11559,2021-05-27 13:54:00,2.2,2.3,2.15,2.25,2900,71150,2.47,2.2,2.3
11560,2021-05-27 13:55:00,2.2,2.2,2.15,2.2,700,71150,2.47,2.2,2.25
11561,2021-05-27 13:56:00,2.25,2.25,2.15,2.2,775,71150,2.47,2.15,2.2
11562,2021-05-27 13:57:00,2.2,2.2,2.1,2.1,1200,71125,2.47,2.1,2.15
11563,2021-05-27 13:58:00,2.15,2.2,1.95,2.0,4675,71125,2.47,1.95,2.0
11564,2021-05-27 13:59:00,2.0,2.0,1.95,1.95,725,71125,2.46,1.95,2.0
11565,2021-05-27 14:00:00,1.95,2.0,1.9,1.95,925,70800,2.46,1.9,2.0
11566,2021-05-27 14:01:00,1.95,1.95,1.95,1.95,225,70800,2.46,1.9,2.0
11567,2021-05-27 14:02:00,1.95,1.95,1.85,1.85,2700,70800,2.46,1.8,1.85
11568,2021-05-27 14:03:00,1.9,1.95,1.75,1.95,1950,70200,2.46,1.9,2.0
11569,2021-05-27 14:04:00,1.9,2.25,1.9,2.25,1350,70200,2.46,2.2,2.3
11570,2021-05-27 14:05:00,2.3,2.35,2.1,2.15,3225,70200,2.46,2.1,2.2
11571,2021-05-27 14:06:00,2.1,2.1,2.1,2.1,750,71350,2.46,2.05,2.15
11572,2021-05-27 14:07:00,2.05,2.05,1.75,1.75,2675,71350,2.46,1.7,1.8
11573,2021-05-27 14:08:00,1.7,1.7,1.4,1.6,3150,71350,2.45,1.55,1.6
11574,2021-05-27 14:09:00,1.6,1.9,1.45,1.7,5950,69750,2.45,1.65,1.7
11575,2021-05-27 14:10:00,1.7,1.9,1.7,1.75,4525,69750,2.44,1.7,1.8
11576,2021-05-27 14:11:00,1.75,1.85,1.65,1.8,3200,69750,2.44,1.7,1.8
11577,2021-05-27 14:12:00,1.8,1.9,1.7,1.9,2650,70375,2.44,1.8,1.9
11578,2021-05-27 14:13:00,1.9,1.9,1.45,1.5,4500,70375,2.43,1.45,1.55
11579,2021-05-27 14:14:00,1.45,1.5,1.25,1.35,9250,70375,2.42,1.3,1.35
11580,2021-05-27 14:15:00,1.4,1.4,1.25,1.4,4675,72125,2.42,1.4,1.5
11581,2021-05-27 14:16:00,1.55,1.55,0.7,1.15,10150,72125,2.4,1.15,1.2
11582,2021-05-27 14:17:00,1.2,1.3,1.05,1.15,5575,72125,2.39,1.15,1.2
11583,2021-05-27 14:18:00,1.15,1.15,1.0,1.05,5850,68075,2.38,1.0,1.05
11584,2021-05-27 14:19:00,1.05,1.2,1.05,1.15,3675,68075,2.38,1.1,1.15
11585,2021-05-27 14:20:00,1.1,1.2,1.05,1.1,4700,68075,2.37,1.1,1.15
11586,2021-05-27 14:21:00,1.15,1.2,1.1,1.1,4300,69650,2.37,1.1,1.15
11587,2021-05-27 14:22:00,1.1,1.2,1.05,1.1,2900,69650,2.36,1.05,1.1
11588,2021-05-27 14:23:00,1.1,1.1,1.0,1.05,2600,69650,2.36,1.05,1.1
11589,2021-05-27 14:24:00,1.1,1.25,1.05,1.1,3425,69000,2.35,1.1,1.15
11590,2021-05-27 14:25:00,1.1,1.15,1.05,1.05,3825,69000,2.35,1.05,1.15
11591,2021-05-27 14:26:00,1.1,1.15,1.05,1.05,3475,69000,2.34,1.05,1.1
11592,2021-05-27 14:27:00,1.1,1.1,0.95,0.95,5250,68725,2.34,1.0,1.05
11593,2021-05-27 14:28:00,1.0,1.0,0.7,0.7,3600,68725,2.33,0.75,0.8
11594,2021-05-27 14:29:00,0.8,0.8,0.55,0.7,21975,68725,2.29,0.65,0.75
11595,2021-05-27 14:30:00,0.65,0.75,0.6,0.6,8150,68550,2.28,0.6,0.65
11596,2021-05-27 14:31:00,0.6,0.75,0.6,0.65,4975,68550,2.27,0.6,0.65
11597,2021-05-27 14:32:00,0.65,0.75,0.45,0.7,5450,68550,2.26,0.65,0.75
11598,2021-05-27 14:33:00,0.7,0.7,0.6,0.65,1750,65650,2.25,0.6,0.65
11599,2021-05-27 14:34:00,0.65,0.65,0.55,0.65,5225,65650,2.25,0.6,0.7
11600,2021-05-27 14:35:00,0.65,0.75,0.6,0.7,3750,65650,2.24,0.65,0.7
11601,2021-05-27 14:36:00,0.65,0.8,0.65,0.75,2175,61500,2.24,0.75,0.8
11602,2021-05-27 14:37:00,0.8,0.8,0.6,0.65,2825,61500,2.23,0.65,0.7
11603,2021-05-27 14:38:00,0.65,0.65,0.6,0.65,1850,61500,2.23,0.6,0.7
11604,2021-05-27 14:39:00,0.6,0.7,0.4,0.7,10650,61500,2.21,0.65,0.7
11605,2021-05-27 14:40:00,0.65,0.7,0.6,0.7,3650,55000,2.2,0.65,0.7
11606,2021-05-27 14:41:00,0.75,0.9,0.65,0.9,6675,55000,2.19,0.85,0.95
11607,2021-05-27 14:42:00,0.9,0.95,0.8,0.95,5800,55100,2.19,0.95,1.0
11608,2021-05-27 14:43:00,0.95,1.05,0.95,1.05,8775,55100,2.18,1.05,1.15
11609,2021-05-27 14:44:00,1.05,1.1,0.9,1.0,5150,55100,2.17,0.95,1.0
11610,2021-05-27 14:45:00,0.9,1.0,0.8,0.8,7125,53025,2.16,0.7,0.85
11611,2021-05-27 14:46:00,0.75,0.9,0.7,0.85,5275,53025,2.15,0.8,0.9
11612,2021-05-27 14:47:00,0.9,0.95,0.8,0.85,4525,53025,2.15,0.85,0.9
11613,2021-05-27 14:48:00,0.85,0.9,0.85,0.9,1725,51850,2.15,0.85,0.9
11614,2021-05-27 14:49:00,0.85,0.95,0.8,0.85,3650,51850,2.14,0.8,0.9
11615,2021-05-27 14:50:00,0.85,0.85,0.7,0.8,2775,51850,2.14,0.7,0.8
11616,2021-05-27 14:51:00,0.8,0.8,0.6,0.7,4250,51850,2.13,0.7,0.75
11617,2021-05-27 14:52:00,0.7,0.8,0.7,0.7,1450,50950,2.13,0.65,0.7
11618,2021-05-27 14:53:00,0.65,0.7,0.6,0.65,3900,50950,2.12,0.6,0.7
11619,2021-05-27 14:54:00,0.6,0.6,0.5,0.55,4050,50950,2.12,0.5,0.6
11620,2021-05-27 14:55:00,0.55,0.55,0.4,0.45,4575,50150,2.11,0.4,0.45
11621,2021-05-27 14:56:00,0.45,0.5,0.4,0.45,3400,50150,2.1,0.4,0.5
11622,2021-05-27 14:57:00,0.4,0.5,0.4,0.5,1500,50150,2.1,0.45,0.5
11623,2021-05-27 14:58:00,0.45,0.5,0.4,0.45,3400,47325,2.1,0.45,0.5
11624,2021-05-27 14:59:00,0.45,0.6,0.35,0.5,10125,47325,2.08,0.5,0.6
11625,2021-05-27 15:00:00,0.5,0.55,0.3,0.4,10025,47325,2.07,0.35,0.45
11626,2021-05-27 15:01:00,0.4,0.45,0.3,0.3,2775,47975,2.06,0.3,0.4
11627,2021-05-27 15:02:00,0.3,0.4,0.2,0.25,5050,47975,2.05,0.2,0.3
11628,2021-05-27 15:03:00,0.2,0.4,0.15,0.4,2600,47975,2.05,0.25,0.35
11629,2021-05-27 15:04:00,0.15,0.35,0.15,0.15,2700,46325,2.05,0.25,0.4
11630,2021-05-27 15:05:00,0.15,0.5,0.15,0.35,3500,46325,2.04,0.25,0.5
11631,2021-05-27 15:06:00,0.3,0.5,0.15,0.5,650,46325,2.04,0.2,0.5
11632,2021-05-27 15:07:00,0.2,0.5,0.2,0.2,875,40175,2.04,0.2,0.45
11633,2021-05-27 15:08:00,0.4,0.45,0.25,0.4,950,40175,2.04,0.3,0.45
11634,2021-05-27 15:09:00,0.4,0.5,0.4,0.5,3775,40175,2.03,0.45,0.65
11635,2021-05-27 15:10:00,0.45,0.45,0.3,0.3,2200,39525,2.03,0.25,0.5
11636,2021-05-27 15:11:00,0.2,0.4,0.2,0.35,1450,39525,2.02,0.25,0.4
11637,2021-05-27 15:12:00,0.2,0.35,0.2,0.35,1650,39525,2.02,0.2,0.4
11638,2021-05-27 15:13:00,0.4,0.45,0.2,0.25,6775,39525,2.01,0.2,0.25
11639,2021-05-27 15:14:00,0.25,0.45,0.2,0.3,7075,39525,2.0,0.2,0.3
11640,2021-05-27 15:15:00,0.3,0.3,0.1,0.1,9725,39525,1.99,0.1,0.3
11641,2021-05-27 15:16:00,0.1,0.3,0.1,0.15,1875,39275,1.98,0.15,0.25
11642,2021-05-27 15:17:00,0.15,0.15,0.05,0.1,6300,39275,1.97,0.05,0.15
11643,2021-05-27 15:18:00,0.15,0.3,0.1,0.1,450,39275,1.97,0.05,0.25
11644,2021-05-27 15:19:00,0.1,0.1,0.05,0.1,1350,35050,1.97,0.05,0.1
11645,2021-05-27 15:20:00,0.1,0.1,0.05,0.1,1600,35050,1.97,0.05,0.1
11646,2021-05-27 15:21:00,0.05,0.1,0.05,0.05,3650,35050,1.96,0.05,0.1
11647,2021-05-27 15:22:00,0.1,0.1,0.05,0.1,825,31900,1.96,0.05,0.1
11648,2021-05-27 15:23:00,0.05,0.05,0.05,0.05,675,31900,1.96,0.0,0.1
11649,2021-05-27 15:24:00,0.1,0.1,0.1,0.1,600,31900,1.96,0.05,0.1
11650,2021-05-27 15:25:00,0.05,0.1,0.05,0.05,1100,30550,1.95,0.05,0.1
11651,2021-05-27 15:26:00,0.1,0.1,0.05,0.1,2950,30550,1.95,0.0,0.1
11652,2021-05-27 15:27:00,0.1,0.1,0.1,0.1,150,30550,1.95,0.0,0.1
11653,2021-05-27 15:28:00,0.05,0.1,0.05,0.1,600,30550,1.95,0.0,0.1
11654,2021-05-27 15:29:00,0.05,0.1,0.05,0.1,600,30550,1.95,0.0,0.1
11655,2021-05-27 15:30:00,0.1,0.1,0.05,0.1,900,31125,1.95,0.0,0.1
11656,2021-05-27 09:15:00,2.5,3.9,2.1,3.2,20625,55975,3.23,3.15,3.25
11657,2021-05-27 09:16:00,3.25,3.7,3.25,3.4,17375,55975,3.37,3.3,3.4
11658,2021-05-27 09:17:00,3.35,3.95,3.3,3.3,15075,58825,3.39,3.2,3.4
11659,2021-05-27 09:18:00,3.3,3.7,3.2,3.4,18675,58825,3.39,3.35,3.4
11660,2021-05-27 09:19:00,3.3,3.3,2.95,2.95,15725,58825,3.34,2.95,3.05
11661,2021-05-27 09:20:00,2.95,3.2,2.8,2.85,15225,63800,3.3,2.8,2.9
11662,2021-05-27 09:21:00,2.75,2.8,2.65,2.65,9225,63800,3.25,2.6,2.7
11663,2021-05-27 09:22:00,2.7,2.85,2.65,2.75,6350,63800,3.22,2.7,2.8
11664,2021-05-27 09:23:00,2.8,3.25,2.8,3.15,5650,63875,3.21,3.05,3.1
11665,2021-05-27 09:24:00,3.1,3.25,2.95,3.0,11000,63875,3.21,3.0,3.1
11666,2021-05-27 09:25:00,3.0,3.2,3.0,3.1,13200,63875,3.19,3.0,3.05
11667,2021-05-27 09:26:00,3.05,3.15,2.95,3.05,8300,63875,3.18,3.0,3.1
11668,2021-05-27 09:27:00,3.1,3.15,3.0,3.05,3575,63875,3.18,3.05,3.1
11669,2021-05-27 09:28:00,3.05,3.1,3.0,3.1,1600,63875,3.18,3.0,3.1
11670,2021-05-27 09:29:00,3.2,3.2,3.0,3.0,6275,73350,3.17,2.95,3.05
11671,2021-05-27 09:30:00,3.0,3.1,3.0,3.0,3975,73350,3.17,3.0,3.1
11672,2021-05-27 09:31:00,3.0,3.15,3.0,3.05,4650,73350,3.17,3.0,3.1
11673,2021-05-27 09:32:00,3.1,3.1,2.85,2.9,4250,76500,3.16,2.9,2.95
11674,2021-05-27 09:33:00,2.95,3.1,2.9,2.95,6200,76500,3.16,2.95,3.0
11675,2021-05-27 09:34:00,3.0,3.1,3.0,3.0,5850,76500,3.15,2.95,3.05
11676,2021-05-27 09:35:00,3.0,3.05,2.95,2.95,4000,78950,3.15,2.9,3.0
11677,2021-05-27 09:36:00,3.0,3.05,2.9,2.95,2175,78950,3.15,2.9,2.95
11678,2021-05-27 09:37:00,2.95,3.05,2.9,2.95,9775,78950,3.14,2.9,3.0
11679,2021-05-27 09:38:00,2.9,2.95,2.85,2.9,3950,80225,3.14,2.85,2.95
11680,2021-05-27 09:39:00,2.9,3.0,2.7,2.7,8725,80225,3.12,2.7,2.8
11681,2021-05-27 09:40:00,2.75,2.8,2.65,2.65,7700,80225,3.11,2.6,2.65
11682,2021-05-27 09:41:00,2.6,2.75,2.6,2.7,6950,84650,3.1,2.65,2.75
11683,2021-05-27 09:42:00,2.7,2.8,2.65,2.65,3575,84650,3.09,2.6,2.7
11684,2021-05-27 09:43:00,2.7,2.75,2.6,2.7,2850,84650,3.09,2.6,2.7
11685,2021-05-27 09:44:00,2.6,2.6,2.45,2.45,2650,83700,3.08,2.45,2.5
11686,2021-05-27 09:45:00,2.4,2.55,2.4,2.4,3975,83700,3.07,2.4,2.5
11687,2021-05-27 09:46:00,2.55,2.65,2.5,2.5,13025,83700,3.04,2.5,2.6
11688,2021-05-27 09:47:00,2.55,2.6,2.45,2.55,1800,87925,3.04,2.55,2.6
11689,2021-05-27 09:48:00,2.55,2.65,2.5,2.5,3350,87925,3.03,2.45,2.55
11690,2021-05-27 09:49:00,2.45,2.6,2.45,2.5,3425,87925,3.03,2.5,2.6
11691,2021-05-27 09:50:00,2.5,2.6,2.45,2.6,4725,88950,3.02,2.5,2.6
11692,2021-05-27 09:51:00,2.55,2.65,2.5,2.55,1200,88950,3.02,2.55,2.6
11693,2021-05-27 09:52:00,2.55,2.65,2.5,2.55,3125,88950,3.01,2.55,2.6
11694,2021-05-27 09:53:00,2.55,2.55,2.45,2.45,500,86350,3.01,2.45,2.55
11695,2021-05-27 09:54:00,2.55,2.55,2.45,2.5,1725,86350,3.01,2.45,2.5
11696,2021-05-27 09:55:00,2.5,2.5,2.45,2.45,1325,86350,3.01,2.4,2.5
11697,2021-05-27 09:56:00,2.45,2.55,2.4,2.55,475,87575,3.0,2.45,2.55
11698,2021-05-27 09:57:00,2.45,2.45,2.4,2.4,3125,87575,3.0,2.4,2.45
11699,2021-05-27 09:58:00,2.45,2.45,2.4,2.45,4675,87575,2.99,2.4,2.5
11700,2021-05-27 09:59:00,2.45,2.5,2.45,2.5,350,83375,2.99,2.4,2.5
11701,2021-05-27 10:00:00,2.5,2.55,2.45,2.45,2475,83375,2.98,2.4,2.5
11702,2021-05-27 10:01:00,2.5,2.5,2.4,2.45,3275,83375,2.98,2.4,2.5
11703,2021-05-27 10:02:00,2.5,2.5,2.4,2.4,825,83775,2.98,2.4,2.5
11704,2021-05-27 10:03:00,2.5,2.5,2.4,2.45,100,83775,2.98,2.45,2.55
11705,2021-05-27 10:04:00,2.4,2.5,2.4,2.4,775,83775,2.97,2.4,2.5
11706,2021-05-27 10:05:00,2.4,2.5,2.4,2.4,6775,84525,2.96,2.4,2.45
11707,2021-05-27 10:06:00,2.4,2.5,2.4,2.4,650,84525,2.96,2.35,2.5
11708,2021-05-27 10:07:00,2.4,2.4,2.3,2.3,3100,84525,2.95,2.3,2.35
11709,2021-05-27 10:08:00,2.3,2.3,2.1,2.1,4625,81200,2.94,2.05,2.15
11710,2021-05-27 10:09:00,2.15,2.2,2.05,2.1,1550,81200,2.94,2.15,2.25
11711,2021-05-27 10:10:00,2.1,2.2,2.1,2.15,2975,81200,2.93,2.1,2.2
11712,2021-05-27 10:11:00,2.15,2.15,2.1,2.15,575,80350,2.93,2.1,2.2
11713,2021-05-27 10:12:00,2.15,2.2,2.1,2.1,1850,80350,2.93,2.05,2.15
11714,2021-05-27 10:13:00,2.15,2.15,2.05,2.05,700,80350,2.92,2.05,2.15
11715,2021-05-27 10:14:00,2.05,2.05,1.95,2.05,4275,80350,2.91,2.05,2.15
11716,2021-05-27 10:15:00,2.05,2.15,2.0,2.1,1075,79800,2.91,2.05,2.1
11717,2021-05-27 10:16:00,2.15,2.15,2.05,2.05,1300,79800,2.91,2.05,2.15
11718,2021-05-27 10:17:00,2.05,2.05,2.05,2.05,725,78575,2.9,2.0,2.1
11719,2021-05-27 10:18:00,2.1,2.15,2.0,2.0,850,78575,2.9,2.0,2.05
11720,2021-05-27 10:19:00,2.05,2.1,2.05,2.1,1325,78575,2.9,2.05,2.15
11721,2021-05-27 10:20:00,2.15,2.25,2.15,2.15,2325,79250,2.89,2.15,2.25
11722,2021-05-27 10:21:00,2.15,2.35,2.15,2.25,3525,79250,2.89,2.2,2.25
11723,2021-05-27 10:22:00,2.25,2.25,2.2,2.2,150,79250,2.89,2.2,2.25
11724,2021-05-27 10:23:00,2.2,2.2,2.2,2.2,1025,78800,2.88,2.15,2.2
11725,2021-05-27 10:24:00,2.2,2.2,2.15,2.15,475,78800,2.88,2.15,2.2
11726,2021-05-27 10:25:00,2.15,2.15,2.1,2.15,1100,78800,2.88,2.1,2.2
11727,2021-05-27 10:26:00,2.1,2.15,2.1,2.1,925,78650,2.88,2.1,2.15
11728,2021-05-27 10:27:00,2.1,2.1,2.05,2.1,1050,78650,2.88,2.05,2.15
11729,2021-05-27 10:28:00,2.05,2.2,2.05,2.15,1650,78650,2.87,2.1,2.15
11730,2021-05-27 10:29:00,2.2,2.2,2.15,2.15,75,78650,2.87,2.15,2.2
11731,2021-05-27 10:30:00,2.2,2.4,2.15,2.3,7850,79925,2.86,2.25,2.35
11732,2021-05-27 10:31:00,2.3,2.35,2.2,2.25,1175,79925,2.86,2.2,2.3
11733,2021-05-27 10:32:00,2.35,2.4,2.15,2.15,5825,80875,2.85,2.15,2.25
11734,2021-05-27 10:33:00,2.15,2.3,2.15,2.2,1950,80875,2.84,2.2,2.25
11735,2021-05-27 10:34:00,2.2,2.3,2.2,2.3,250,80875,2.84,2.2,2.3
11736,2021-05-27 10:35:00,2.25,2.3,2.2,2.25,2175,79500,2.84,2.25,2.3
11737,2021-05-27 10:36:00,2.3,2.3,2.2,2.2,2975,79500,2.83,2.2,2.3
11738,2021-05-27 10:37:00,2.2,2.3,2.15,2.2,7300,79500,2.82,2.2,2.3
11739,2021-05-27 10:38:00,2.2,2.2,2.2,2.2,50,79500,2.82,2.2,2.3
11740,2021-05-27 10:39:00,2.25,2.3,2.2,2.25,1300,77650,2.82,2.2,2.35
11741,2021-05-27 10:40:00,2.25,2.25,2.2,2.25,1375,77650,2.82,2.2,2.3
11742,2021-05-27 10:41:00,2.25,2.35,2.25,2.35,2375,75650,2.81,2.3,2.4
11743,2021-05-27 10:42:00,2.35,2.35,2.25,2.25,500,75650,2.81,2.25,2.3
11744,2021-05-27 10:43:00,2.3,2.3,2.3,2.3,2875,75650,2.81,2.25,2.35
11745,2021-05-27 10:44:00,2.25,2.25,2.15,2.2,2475,75175,2.81,2.15,2.25
11746,2021-05-27 10:45:00,2.2,2.2,2.15,2.2,1425,75175,2.8,2.1,2.2
11747,2021-05-27 10:46:00,2.2,2.25,2.15,2.2,350,75175,2.8,2.15,2.25
11748,2021-05-27 10:47:00,2.3,2.35,2.25,2.3,475,74475,2.8,2.25,2.35
11749,2021-05-27 10:48:00,2.3,2.35,2.3,2.3,1650,74475,2.8,2.25,2.35
11750,2021-05-27 10:49:00,2.3,2.35,2.25,2.35,3000,74475,2.8,2.25,2.35
11751,2021-05-27 10:50:00,2.3,2.4,2.3,2.4,550,74475,2.8,2.35,2.4
11752,2021-05-27 10:51:00,2.4,2.4,2.35,2.35,2775,74475,2.79,2.25,2.35
11753,2021-05-27 10:52:00,2.35,2.35,2.25,2.3,2050,74475,2.79,2.25,2.3
11754,2021-05-27 10:53:00,2.2,2.25,2.2,2.25,650,74475,2.79,2.2,2.3
11755,2021-05-27 10:54:00,2.25,2.25,2.15,2.15,1675,76750,2.79,2.15,2.25
11756,2021-05-27 10:55:00,2.1,2.2,2.1,2.2,1025,76750,2.79,2.1,2.2
11757,2021-05-27 10:56:00,2.1,2.2,2.05,2.1,1000,76825,2.78,2.05,2.2
11758,2021-05-27 10:57:00,2.1,2.1,2.05,2.1,2275,76825,2.78,2.05,2.15
11759,2021-05-27 10:58:00,2.15,2.2,2.1,2.2,1700,76825,2.78,2.15,2.2
11760,2021-05-27 10:59:00,2.15,2.25,2.15,2.2,725,76825,2.78,2.15,2.2
11761,2021-05-27 11:00:00,2.2,2.2,2.1,2.1,1225,77525,2.77,2.1,2.2
11762,2021-05-27 11:01:00,2.15,2.15,2.1,2.1,550,77525,2.77,2.1,2.2
11763,2021-05-27 11:02:00,2.1,2.2,2.1,2.15,425,77525,2.77,2.15,2.2
11764,2021-05-27 11:03:00,2.15,2.15,2.05,2.1,1800,77125,2.77,2.1,2.2
11765,2021-05-27 11:04:00,2.1,2.1,2.1,2.1,800,77125,2.77,2.1,2.2
11766,2021-05-27 11:05:00,2.15,2.2,2.1,2.2,700,77125,2.77,2.1,2.2
11767,2021-05-27 11:06:00,2.1,2.15,2.1,2.15,450,75475,2.77,2.1,2.15
11768,2021-05-27 11:07:00,2.1,2.1,2.1,2.1,75,75475,2.77,2.1,2.15
11769,2021-05-27 11:08:00,2.25,2.25,2.05,2.1,1900,75475,2.76,2.05,2.15
11770,2021-05-27 11:09:00,2.1,2.1,2.1,2.1,150,75250,2.76,2.05,2.1
11771,2021-05-27 11:10:00,2.1,2.1,2.0,2.0,1750,75250,2.76,2.0,2.05
11772,2021-05-27 11:11:00,2.05,2.15,2.05,2.1,625,75250,2.76,2.05,2.15
11773,2021-05-27 11:12:00,2.1,2.1,2.1,2.1,400,75450,2.76,2.05,2.15
11774,2021-05-27 11:13:00,2.1,2.1,2.1,2.1,50,75450,2.76,2.05,2.15
11775,2021-05-27 11:14:00,2.15,2.25,2.1,2.1,2225,75450,2.76,2.1,2.15
11776,2021-05-27 11:15:00,2.15,2.2,2.1,2.1,2225,75875,2.75,2.05,2.1
11777,2021-05-27 11:16:00,2.1,2.1,2.05,2.05,350,75875,2.75,2.0,2.05
11778,2021-05-27 11:17:00,2.05,2.1,2.0,2.0,575,75875,2.75,2.0,2.05
11779,2021-05-27 11:18:00,2.0,2.0,2.0,2.0,4050,76125,2.74,1.95,2.0
11780,2021-05-27 11:19:00,1.95,1.95,1.95,1.95,25,76125,2.74,1.95,2.0
11781,2021-05-27 11:20:00,2.0,2.0,2.0,2.0,750,76125,2.74,1.95,2.05
11782,2021-05-27 11:21:00,2.05,2.05,2.05,2.05,50,78750,2.74,2.0,2.05
11783,2021-05-27 11:22:00,2.0,2.05,2.0,2.0,1275,78750,2.74,2.0,2.05
11784,2021-05-27 11:23:00,2.0,2.0,2.0,2.0,975,78750,2.74,1.95,2.0
11785,2021-05-27 11:24:00,1.95,2.0,1.95,2.0,850,77750,2.74,1.95,2.0
11786,2021-05-27 11:25:00,2.0,2.0,1.9,1.9,7850,77750,2.72,1.9,1.95
11787,2021-05-27 11:26:00,1.95,1.95,1.85,1.9,1125,77750,2.72,1.85,1.95
11788,2021-05-27 11:27:00,1.85,2.2,1.85,2.15,18525,81400,2.69,2.1,2.15
11789,2021-05-27 11:28:00,2.15,2.15,1.95,2.0,5075,81400,2.68,2.0,2.05
11790,2021-05-27 11:29:00,2.0,2.05,2.0,2.05,4150,81400,2.68,2.0,2.05
11791,2021-05-27 11:30:00,2.05,2.15,2.0,2.0,7450,87275,2.67,2.0,2.1
11792,2021-05-27 11:31:00,2.05,2.05,2.0,2.05,2900,87275,2.67,2.0,2.1
11793,2021-05-27 11:32:00,2.1,2.15,1.95,2.15,9800,87275,2.65,2.05,2.15
11794,2021-05-27 11:33:00,2.15,2.2,2.1,2.2,2950,87750,2.65,2.1,2.2
11795,2021-05-27 11:34:00,2.25,2.25,2.1,2.2,3500,87750,2.65,2.1,2.2
11796,2021-05-27 11:35:00,2.15,2.2,2.1,2.15,4450,87750,2.64,2.1,2.15
11797,2021-05-27 11:36:00,2.15,2.15,2.1,2.1,1700,89000,2.64,2.1,2.2
11798,2021-05-27 11:37:00,2.15,2.2,2.1,2.15,2750,89000,2.64,2.05,2.15
11799,2021-05-27 11:38:00,2.15,2.2,2.15,2.15,850,89000,2.64,2.1,2.2
11800,2021-05-27 11:39:00,2.1,2.15,2.1,2.15,475,89325,2.64,2.1,2.15
11801,2021-05-27 11:40:00,2.15,2.15,2.1,2.15,925,89325,2.63,2.1,2.15
11802,2021-05-27 11:41:00,2.1,2.15,2.1,2.1,775,89325,2.63,2.05,2.15
11803,2021-05-27 11:42:00,2.05,2.2,2.05,2.1,725,89600,2.63,2.1,2.15
11804,2021-05-27 11:43:00,2.15,2.2,2.1,2.15,675,89600,2.63,2.1,2.2
11805,2021-05-27 11:44:00,2.15,2.15,2.15,2.15,775,89600,2.63,2.1,2.15
11806,2021-05-27 11:45:00,2.1,2.2,2.05,2.2,2700,86100,2.63,2.1,2.2
11807,2021-05-27 11:46:00,2.1,2.15,2.1,2.1,725,86100,2.63,2.1,2.15
11808,2021-05-27 11:47:00,2.1,2.15,2.1,2.1,2225,86100,2.63,2.05,2.15
11809,2021-05-27 11:48:00,2.1,2.15,2.1,2.15,575,87150,2.63,2.05,2.15
11810,2021-05-27 11:49:00,2.05,2.2,2.05,2.2,1775,87150,2.62,2.1,2.2
11811,2021-05-27 11:50:00,2.2,2.25,2.2,2.25,1600,87150,2.62,2.2,2.25
11812,2021-05-27 11:51:00,2.25,2.3,2.15,2.3,4000,88200,2.62,2.2,2.3
11813,2021-05-27 11:52:00,2.3,2.3,2.2,2.3,2650,88200,2.62,2.25,2.3
11814,2021-05-27 11:53:00,2.3,2.4,2.3,2.3,1850,88200,2.62,2.2,2.3
11815,2021-05-27 11:54:00,2.25,2.3,2.15,2.2,4750,91350,2.61,2.15,2.2
11816,2021-05-27 11:55:00,2.2,2.25,2.15,2.2,1075,91350,2.61,2.2,2.25
11817,2021-05-27 11:56:00,2.25,2.35,2.25,2.3,2700,91350,2.61,2.3,2.35
11818,2021-05-27 11:57:00,2.35,2.35,2.3,2.35,2125,90600,2.61,2.3,2.4
11819,2021-05-27 11:58:00,2.4,2.4,2.35,2.35,1250,90600,2.61,2.35,2.4
11820,2021-05-27 11:59:00,2.35,2.35,2.3,2.35,1850,90600,2.61,2.3,2.35
11821,2021-05-27 12:00:00,2.35,2.35,2.3,2.3,3775,88750,2.61,2.25,2.35
11822,2021-05-27 12:01:00,2.25,2.3,2.25,2.25,1450,88750,2.6,2.25,2.3
11823,2021-05-27 12:02:00,2.25,2.25,2.25,2.25,1600,88750,2.6,2.2,2.3
11824,2021-05-27 12:03:00,2.2,2.3,2.2,2.2,2700,87300,2.6,2.15,2.2
11825,2021-05-27 12:04:00,2.15,2.2,2.15,2.15,1425,87300,2.6,2.1,2.2
11826,2021-05-27 12:05:00,2.1,2.15,2.1,2.15,800,87300,2.6,2.1,2.15
11827,2021-05-27 12:06:00,2.1,2.2,2.1,2.1,2500,85800,2.6,2.0,2.1
11828,2021-05-27 12:07:00,2.1,2.1,2.0,2.0,1650,85800,2.6,2.0,2.1
11829,2021-05-27 12:08:00,2.1,2.1,2.1,2.1,375,85800,2.6,2.1,2.15
11830,2021-05-27 12:09:00,2.1,2.2,2.1,2.15,2200,84500,2.59,2.15,2.2
11831,2021-05-27 12:10:00,2.15,2.35,2.1,2.35,5300,84500,2.59,2.25,2.35
11832,2021-05-27 12:11:00,2.3,2.35,2.25,2.3,725,84500,2.59,2.25,2.35
11833,2021-05-27 12:12:00,2.35,2.35,2.25,2.3,900,85850,2.59,2.25,2.3
11834,2021-05-27 12:13:00,2.3,2.35,2.25,2.25,625,85850,2.59,2.25,2.35
11835,2021-05-27 12:14:00,2.35,2.35,2.3,2.3,2750,85850,2.59,2.3,2.35
11836,2021-05-27 12:15:00,2.3,2.4,2.25,2.3,2275,86550,2.59,2.25,2.35
11837,2021-05-27 12:16:00,2.3,2.4,2.3,2.35,3075,86550,2.59,2.3,2.4
11838,2021-05-27 12:17:00,2.3,2.4,2.3,2.4,1975,86550,2.58,2.3,2.4
11839,2021-05-27 12:18:00,2.3,2.45,2.3,2.4,1225,87200,2.58,2.4,2.45
11840,2021-05-27 12:19:00,2.45,2.45,2.25,2.25,4150,87200,2.58,2.25,2.35
11841,2021-05-27 12:20:00,2.25,2.35,2.2,2.25,3975,87200,2.58,2.2,2.25
11842,2021-05-27 12:21:00,2.2,2.2,2.2,2.2,450,87000,2.58,2.15,2.25
11843,2021-05-27 12:22:00,2.25,2.3,2.2,2.25,1825,87000,2.58,2.25,2.3
11844,2021-05-27 12:23:00,2.3,2.35,2.25,2.3,1100,87000,2.58,2.25,2.3
11845,2021-05-27 12:24:00,2.3,2.35,2.25,2.35,775,86650,2.58,2.3,2.35
11846,2021-05-27 12:25:00,2.35,2.35,2.25,2.35,2950,86650,2.58,2.3,2.4
11847,2021-05-27 12:26:00,2.3,2.35,2.3,2.35,750,86650,2.58,2.3,2.35
11848,2021-05-27 12:27:00,2.35,2.35,2.25,2.25,900,87375,2.58,2.25,2.35
11849,2021-05-27 12:28:00,2.35,2.35,2.25,2.25,2200,87375,2.57,2.25,2.3
11850,2021-05-27 12:29:00,2.3,2.3,2.3,2.3,250,87375,2.57,2.25,2.3
11851,2021-05-27 12:30:00,2.25,2.3,2.25,2.3,1025,89225,2.57,2.2,2.3
11852,2021-05-27 12:31:00,2.3,2.3,2.25,2.25,775,89225,2.57,2.2,2.3
11853,2021-05-27 12:32:00,2.25,2.3,2.2,2.2,1425,89225,2.57,2.2,2.25
11854,2021-05-27 12:33:00,2.2,2.25,2.2,2.2,3600,87100,2.57,2.2,2.25
11855,2021-05-27 12:34:00,2.2,2.25,2.2,2.2,1550,87100,2.57,2.15,2.2
11856,2021-05-27 12:35:00,2.25,2.25,2.15,2.15,175,87100,2.57,2.15,2.2
11857,2021-05-27 12:36:00,2.15,2.15,2.15,2.15,925,86750,2.57,2.1,2.2
11858,2021-05-27 12:37:00,2.1,2.15,2.1,2.15,1150,86750,2.57,2.1,2.15
11859,2021-05-27 12:38:00,2.15,2.15,2.15,2.15,1925,86750,2.57,2.1,2.15
11860,2021-05-27 12:39:00,2.15,2.2,2.15,2.2,2625,85750,2.56,2.15,2.2
11861,2021-05-27 12:40:00,2.2,2.25,2.15,2.25,4125,85750,2.56,2.2,2.3
11862,2021-05-27 12:41:00,2.3,2.3,2.15,2.2,2075,85750,2.56,2.15,2.2
11863,2021-05-27 12:42:00,2.2,2.2,2.15,2.2,525,85950,2.56,2.15,2.2
11864,2021-05-27 12:43:00,2.2,2.2,2.15,2.2,1275,85950,2.56,2.15,2.25
11865,2021-05-27 12:44:00,2.15,2.25,2.15,2.2,1500,85950,2.56,2.15,2.2
11866,2021-05-27 12:45:00,2.2,2.3,2.2,2.25,2950,84375,2.56,2.2,2.3
11867,2021-05-27 12:46:00,2.3,2.3,2.2,2.25,400,84375,2.56,2.25,2.3
11868,2021-05-27 12:47:00,2.25,2.3,2.25,2.25,1425,84375,2.56,2.2,2.25
11869,2021-05-27 12:48:00,2.2,2.25,2.15,2.25,2600,84400,2.56,2.2,2.3
11870,2021-05-27 12:49:00,2.25,2.25,2.2,2.2,1075,84400,2.55,2.15,2.2
11871,2021-05-27 12:50:00,2.2,2.25,2.1,2.2,1150,84400,2.55,2.1,2.25
11872,2021-05-27 12:51:00,2.2,2.25,2.15,2.2,925,84500,2.55,2.1,2.2
11873,2021-05-27 12:52:00,2.2,2.2,2.1,2.15,550,84500,2.55,2.1,2.2
11874,2021-05-27 12:53:00,2.15,2.2,2.0,2.05,2600,84500,2.55,2.0,2.1
11875,2021-05-27 12:54:00,2.0,2.0,1.7,1.85,2625,83650,2.55,1.8,1.85
11876,2021-05-27 12:55:00,1.8,2.1,1.75,2.1,4400,83650,2.54,2.0,2.1
11877,2021-05-27 12:56:00,1.95,1.95,1.8,1.9,1450,83650,2.54,1.85,1.9
11878,2021-05-27 12:57:00,1.85,1.85,1.75,1.8,1175,83075,2.54,1.75,1.85
11879,2021-05-27 12:58:00,1.8,1.8,1.75,1.75,250,83075,2.54,1.7,1.8
11880,2021-05-27 12:59:00,1.75,1.85,1.7,1.75,975,83075,2.54,1.75,1.8
11881,2021-05-27 13:00:00,1.8,1.85,1.8,1.8,2100,82975,2.54,1.8,1.9
11882,2021-05-27 13:01:00,1.8,1.8,1.7,1.8,2400,82975,2.53,1.75,1.8
11883,2021-05-27 13:02:00,1.75,1.9,1.5,1.9,5725,82975,2.53,1.85,1.9
11884,2021-05-27 13:03:00,1.9,2.0,1.85,1.9,1425,84350,2.53,1.85,1.9
11885,2021-05-27 13:04:00,1.85,1.9,1.85,1.9,625,84350,2.52,1.85,1.95
11886,2021-05-27 13:05:00,1.95,1.95,1.85,1.95,1600,84350,2.52,1.85,1.9
11887,2021-05-27 13:06:00,1.9,1.9,1.8,1.9,1550,83775,2.52,1.85,1.95
11888,2021-05-27 13:07:00,1.9,1.95,1.9,1.95,650,83775,2.52,1.9,2.0
11889,2021-05-27 13:08:00,2.0,2.0,1.95,1.95,175,83775,2.52,1.9,2.0
11890,2021-05-27 13:09:00,2.0,2.0,1.9,1.95,1175,83575,2.52,1.95,2.05
11891,2021-05-27 13:10:00,2.0,2.05,1.95,2.05,1425,83575,2.52,2.0,2.1
11892,2021-05-27 13:11:00,2.1,2.1,2.0,2.1,7025,83575,2.51,2.05,2.15
11893,2021-05-27 13:12:00,2.1,2.2,2.05,2.05,4200,87200,2.51,2.05,2.15
11894,2021-05-27 13:13:00,2.05,2.1,2.05,2.1,1675,87200,2.51,2.0,2.1
11895,2021-05-27 13:14:00,2.1,2.1,2.05,2.05,2275,87200,2.51,2.0,2.1
11896,2021-05-27 13:15:00,2.05,2.1,2.0,2.1,1350,86925,2.51,2.05,2.1
11897,2021-05-27 13:16:00,2.1,2.2,1.95,2.05,3975,86925,2.51,2.05,2.1
11898,2021-05-27 13:17:00,2.1,2.15,2.0,2.05,3225,86925,2.5,2.0,2.1
11899,2021-05-27 13:18:00,2.05,2.2,2.0,2.15,1300,84300,2.5,2.1,2.2
11900,2021-05-27 13:19:00,2.25,2.25,2.15,2.15,1000,84300,2.5,2.15,2.25
11901,2021-05-27 13:20:00,2.25,2.25,2.1,2.1,1600,84300,2.5,2.1,2.15
11902,2021-05-27 13:21:00,2.1,2.1,2.05,2.1,2400,85175,2.5,2.05,2.15
11903,2021-05-27 13:22:00,2.1,2.15,2.1,2.1,800,85175,2.5,2.05,2.1
11904,2021-05-27 13:23:00,2.0,2.2,2.0,2.2,1225,85175,2.5,2.15,2.25
11905,2021-05-27 13:24:00,2.2,2.25,2.15,2.2,2175,84725,2.5,2.2,2.3
11906,2021-05-27 13:25:00,2.2,2.2,2.2,2.2,775,84725,2.5,2.15,2.25
11907,2021-05-27 13:26:00,2.2,2.25,2.15,2.25,650,84725,2.5,2.2,2.25
11908,2021-05-27 13:27:00,2.25,2.35,2.2,2.25,1700,84300,2.5,2.2,2.3
11909,2021-05-27 13:28:00,2.25,2.3,2.2,2.3,1125,84300,2.5,2.25,2.3
11910,2021-05-27 13:29:00,2.25,2.3,2.2,2.3,1325,84300,2.5,2.2,2.3
11911,2021-05-27 13:30:00,2.25,2.25,2.1,2.15,4675,86425,2.49,2.1,2.2
11912,2021-05-27 13:31:00,2.15,2.15,2.1,2.1,7500,86425,2.49,2.05,2.15
11913,2021-05-27 13:32:00,2.1,2.3,2.1,2.2,1575,86425,2.49,2.15,2.25
11914,2021-05-27 13:33:00,2.2,2.2,2.15,2.2,4400,85400,2.49,2.15,2.25
11915,2021-05-27 13:34:00,2.15,2.2,2.15,2.15,6100,85400,2.48,2.15,2.25
11916,2021-05-27 13:35:00,2.2,2.35,2.2,2.3,5500,85400,2.48,2.3,2.35
11917,2021-05-27 13:36:00,2.25,2.45,2.2,2.35,3600,75750,2.48,2.3,2.4
11918,2021-05-27 13:37:00,2.35,2.5,2.25,2.3,10500,75750,2.48,2.3,2.35
11919,2021-05-27 13:38:00,2.3,2.35,2.25,2.25,6075,75750,2.48,2.25,2.3
11920,2021-05-27 13:39:00,2.25,2.3,2.25,2.3,475,75750,2.48,2.25,2.3
11921,2021-05-27 13:40:00,2.3,2.3,2.2,2.25,1550,74000,2.48,2.2,2.25
11922,2021-05-27 13:41:00,2.25,2.25,2.2,2.2,1700,74000,2.48,2.2,2.3
11923,2021-05-27 13:42:00,2.25,2.25,2.15,2.2,2225,73600,2.48,2.2,2.25
11924,2021-05-27 13:43:00,2.2,2.2,2.2,2.2,275,73600,2.48,2.15,2.2
11925,2021-05-27 13:44:00,2.15,2.2,2.1,2.1,2325,73600,2.48,2.1,2.15
11926,2021-05-27 13:45:00,2.15,2.3,2.15,2.25,2650,74600,2.47,2.2,2.3
11927,2021-05-27 13:46:00,2.2,2.2,2.1,2.15,2400,74600,2.47,2.1,2.2
11928,2021-05-27 13:47:00,2.15,2.15,2.1,2.1,200,74600,2.47,2.1,2.2
11929,2021-05-27 13:48:00,2.1,2.15,2.1,2.15,275,70650,2.47,2.15,2.2
11930,2021-05-27 13:49:00,2.25,2.3,2.15,2.2,2025,70650,2.47,2.15,2.25
11931,2021-05-27 13:50:00,2.2,2.25,2.15,2.15,1050,70650,2.47,2.15,2.25
11932,2021-05-27 13:51:00,2.2,2.25,2.15,2.2,3375,71075,2.47,2.2,2.3
11933,2021-05-27 13:52:00,2.2,2.2,2.2,2.2,1125,71075,2.47,2.15,2.25
11934,2021-05-27 13:53:00,2.25,2.3,2.15,2.25,2475,71075,2.47,2.2,2.25
11935,2021-05-27 13:54:00,2.2,2.3,2.15,2.25,2900,71150,2.47,2.2,2.3
11936,2021-05-27 13:55:00,2.2,2.2,2.15,2.2,700,71150,2.47,2.2,2.25
11937,2021-05-27 13:56:00,2.25,2.25,2.15,2.2,775,71150,2.47,2.15,2.2
11938,2021-05-27 13:57:00,2.2,2.2,2.1,2.1,1200,71125,2.47,2.1,2.15
11939,2021-05-27 13:58:00,2.15,2.2,1.95,2.0,4675,71125,2.47,1.95,2.0
11940,2021-05-27 13:59:00,2.0,2.0,1.95,1.95,725,71125,2.46,1.95,2.0
11941,2021-05-27 14:00:00,1.95,2.0,1.9,1.95,925,70800,2.46,1.9,2.0
11942,2021-05-27 14:01:00,1.95,1.95,1.95,1.95,225,70800,2.46,1.9,2.0
11943,2021-05-27 14:02:00,1.95,1.95,1.85,1.85,2700,70800,2.46,1.8,1.85
11944,2021-05-27 14:03:00,1.9,1.95,1.75,1.95,1950,70200,2.46,1.9,2.0
11945,2021-05-27 14:04:00,1.9,2.25,1.9,2.25,1350,70200,2.46,2.2,2.3
11946,2021-05-27 14:05:00,2.3,2.35,2.1,2.15,3225,70200,2.46,2.1,2.2
11947,2021-05-27 14:06:00,2.1,2.1,2.1,2.1,750,71350,2.46,2.05,2.15
11948,2021-05-27 14:07:00,2.05,2.05,1.75,1.75,2675,71350,2.46,1.7,1.8
11949,2021-05-27 14:08:00,1.7,1.7,1.4,1.6,3150,71350,2.45,1.55,1.6
11950,2021-05-27 14:09:00,1.6,1.9,1.45,1.7,5950,69750,2.45,1.65,1.7
11951,2021-05-27 14:10:00,1.7,1.9,1.7,1.75,4525,69750,2.44,1.7,1.8
11952,2021-05-27 14:11:00,1.75,1.85,1.65,1.8,3200,69750,2.44,1.7,1.8
11953,2021-05-27 14:12:00,1.8,1.9,1.7,1.9,2650,70375,2.44,1.8,1.9
11954,2021-05-27 14:13:00,1.9,1.9,1.45,1.5,4500,70375,2.43,1.45,1.55
11955,2021-05-27 14:14:00,1.45,1.5,1.25,1.35,9250,70375,2.42,1.3,1.35
11956,2021-05-27 14:15:00,1.4,1.4,1.25,1.4,4675,72125,2.42,1.4,1.5
11957,2021-05-27 14:16:00,1.55,1.55,0.7,1.15,10150,72125,2.4,1.15,1.2
11958,2021-05-27 14:17:00,1.2,1.3,1.05,1.15,5575,72125,2.39,1.15,1.2
11959,2021-05-27 14:18:00,1.15,1.15,1.0,1.05,5850,68075,2.38,1.0,1.05
11960,2021-05-27 14:19:00,1.05,1.2,1.05,1.15,3675,68075,2.38,1.1,1.15
11961,2021-05-27 14:20:00,1.1,1.2,1.05,1.1,4700,68075,2.37,1.1,1.15
11962,2021-05-27 14:21:00,1.15,1.2,1.1,1.1,4300,69650,2.37,1.1,1.15
11963,2021-05-27 14:22:00,1.1,1.2,1.05,1.1,2900,69650,2.36,1.05,1.1
11964,2021-05-27 14:23:00,1.1,1.1,1.0,1.05,2600,69650,2.36,1.05,1.1
11965,2021-05-27 14:24:00,1.1,1.25,1.05,1.1,3425,69000,2.35,1.1,1.15
11966,2021-05-27 14:25:00,1.1,1.15,1.05,1.05,3825,69000,2.35,1.05,1.15
11967,2021-05-27 14:26:00,1.1,1.15,1.05,1.05,3475,69000,2.34,1.05,1.1
11968,2021-05-27 14:27:00,1.1,1.1,0.95,0.95,5250,68725,2.34,1.0,1.05
11969,2021-05-27 14:28:00,1.0,1.0,0.7,0.7,3600,68725,2.33,0.75,0.8
11970,2021-05-27 14:29:00,0.8,0.8,0.55,0.7,21975,68725,2.29,0.65,0.75
11971,2021-05-27 14:30:00,0.65,0.75,0.6,0.6,8150,68550,2.28,0.6,0.65
11972,2021-05-27 14:31:00,0.6,0.75,0.6,0.65,4975,68550,2.27,0.6,0.65
11973,2021-05-27 14:32:00,0.65,0.75,0.45,0.7,5450,68550,2.26,0.65,0.75
11974,2021-05-27 14:33:00,0.7,0.7,0.6,0.65,1750,65650,2.25,0.6,0.65
11975,2021-05-27 14:34:00,0.65,0.65,0.55,0.65,5225,65650,2.25,0.6,0.7
11976,2021-05-27 14:35:00,0.65,0.75,0.6,0.7,3750,65650,2.24,0.65,0.7
11977,2021-05-27 14:36:00,0.65,0.8,0.65,0.75,2175,61500,2.24,0.75,0.8
11978,2021-05-27 14:37:00,0.8,0.8,0.6,0.65,2825,61500,2.23,0.65,0.7
11979,2021-05-27 14:38:00,0.65,0.65,0.6,0.65,1850,61500,2.23,0.6,0.7
11980,2021-05-27 14:39:00,0.6,0.7,0.4,0.7,10650,61500,2.21,0.65,0.7
11981,2021-05-27 14:40:00,0.65,0.7,0.6,0.7,3650,55000,2.2,0.65,0.7
11982,2021-05-27 14:41:00,0.75,0.9,0.65,0.9,6675,55000,2.19,0.85,0.95
11983,2021-05-27 14:42:00,0.9,0.95,0.8,0.95,5800,55100,2.19,0.95,1.0
11984,2021-05-27 14:43:00,0.95,1.05,0.95,1.05,8775,55100,2.18,1.05,1.15
11985,2021-05-27 14:44:00,1.05,1.1,0.9,1.0,5150,55100,2.17,0.95,1.0
11986,2021-05-27 14:45:00,0.9,1.0,0.8,0.8,7125,53025,2.16,0.7,0.85
11987,2021-05-27 14:46:00,0.75,0.9,0.7,0.85,5275,53025,2.15,0.8,0.9
11988,2021-05-27 14:47:00,0.9,0.95,0.8,0.85,4525,53025,2.15,0.85,0.9
11989,2021-05-27 14:48:00,0.85,0.9,0.85,0.9,1725,51850,2.15,0.85,0.9
11990,2021-05-27 14:49:00,0.85,0.95,0.8,0.85,3650,51850,2.14,0.8,0.9
11991,2021-05-27 14:50:00,0.85,0.85,0.7,0.8,2775,51850,2.14,0.7,0.8
11992,2021-05-27 14:51:00,0.8,0.8,0.6,0.7,4250,51850,2.13,0.7,0.75
11993,2021-05-27 14:52:00,0.7,0.8,0.7,0.7,1450,50950,2.13,0.65,0.7
11994,2021-05-27 14:53:00,0.65,0.7,0.6,0.65,3900,50950,2.12,0.6,0.7
11995,2021-05-27 14:54:00,0.6,0.6,0.5,0.55,4050,50950,2.12,0.5,0.6
11996,2021-05-27 14:55:00,0.55,0.55,0.4,0.45,4575,50150,2.11,0.4,0.45
11997,2021-05-27 14:56:00,0.45,0.5,0.4,0.45,3400,50150,2.1,0.4,0.5
11998,2021-05-27 14:57:00,0.4,0.5,0.4,0.5,1500,50150,2.1,0.45,0.5
11999,2021-05-27 14:58:00,0.45,0.5,0.4,0.45,3400,47325,2.1,0.45,0.5
12000,2021-05-27 14:59:00,0.45,0.6,0.35,0.5,10125,47325,2.08,0.5,0.6
12001,2021-05-27 15:00:00,0.5,0.55,0.3,0.4,10025,47325,2.07,0.35,0.45
12002,2021-05-27 15:01:00,0.4,0.45,0.3,0.3,2775,47975,2.06,0.3,0.4
12003,2021-05-27 15:02:00,0.3,0.4,0.2,0.25,5050,47975,2.05,0.2,0.3
12004,2021-05-27 15:03:00,0.2,0.4,0.15,0.4,2600,47975,2.05,0.25,0.35
12005,2021-05-27 15:04:00,0.15,0.35,0.15,0.15,2700,46325,2.05,0.25,0.4
12006,2021-05-27 15:05:00,0.15,0.5,0.15,0.35,3500,46325,2.04,0.25,0.5
12007,2021-05-27 15:06:00,0.3,0.5,0.15,0.5,650,46325,2.04,0.2,0.5
12008,2021-05-27 15:07:00,0.2,0.5,0.2,0.2,875,40175,2.04,0.2,0.45
12009,2021-05-27 15:08:00,0.4,0.45,0.25,0.4,950,40175,2.04,0.3,0.45
12010,2021-05-27 15:09:00,0.4,0.5,0.4,0.5,3775,40175,2.03,0.45,0.65
12011,2021-05-27 15:10:00,0.45,0.45,0.3,0.3,2200,39525,2.03,0.25,0.5
12012,2021-05-27 15:11:00,0.2,0.4,0.2,0.35,1450,39525,2.02,0.25,0.4
12013,2021-05-27 15:12:00,0.2,0.35,0.2,0.35,1650,39525,2.02,0.2,0.4
12014,2021-05-27 15:13:00,0.4,0.45,0.2,0.25,6775,39525,2.01,0.2,0.25
12015,2021-05-27 15:14:00,0.25,0.45,0.2,0.3,7075,39525,2.0,0.2,0.3
12016,2021-05-27 15:15:00,0.3,0.3,0.1,0.1,9725,39525,1.99,0.1,0.3
12017,2021-05-27 15:16:00,0.1,0.3,0.1,0.15,1875,39275,1.98,0.15,0.25
12018,2021-05-27 15:17:00,0.15,0.15,0.05,0.1,6300,39275,1.97,0.05,0.15
12019,2021-05-27 15:18:00,0.15,0.3,0.1,0.1,450,39275,1.97,0.05,0.25
12020,2021-05-27 15:19:00,0.1,0.1,0.05,0.1,1350,35050,1.97,0.05,0.1
12021,2021-05-27 15:20:00,0.1,0.1,0.05,0.1,1600,35050,1.97,0.05,0.1
12022,2021-05-27 15:21:00,0.05,0.1,0.05,0.05,3650,35050,1.96,0.05,0.1
12023,2021-05-27 15:22:00,0.1,0.1,0.05,0.1,825,31900,1.96,0.05,0.1
12024,2021-05-27 15:23:00,0.05,0.05,0.05,0.05,675,31900,1.96,0.0,0.1
12025,2021-05-27 15:24:00,0.1,0.1,0.1,0.1,600,31900,1.96,0.05,0.1
12026,2021-05-27 15:25:00,0.05,0.1,0.05,0.05,1100,30550,1.95,0.05,0.1
12027,2021-05-27 15:26:00,0.1,0.1,0.05,0.1,2950,30550,1.95,0.0,0.1
12028,2021-05-27 15:27:00,0.1,0.1,0.1,0.1,150,30550,1.95,0.0,0.1
12029,2021-05-27 15:28:00,0.05,0.1,0.05,0.1,600,30550,1.95,0.0,0.1
12030,2021-05-27 15:29:00,0.05,0.1,0.05,0.1,600,30550,1.95,0.0,0.1
12031,2021-05-27 15:30:00,0.1,0.1,0.05,0.1,900,31125,1.95,0.0,0.1
